"Total_Cost","Ratio_Reloc_Prod","Horiz_Cost","Vert_Cost","nReloc","non_Optimal"
270237.51,0.7673,60440.7,209796.76,1151,219
722.23,0.6,84.54,637.69,3,1
580.32,0.2,98.27,482.05,1,1
664.6,0.6,64.73,599.87,3,0
841.88,0.8,164.19,677.69,4,1
524.44,0.2,57.51,466.92,1,0
476.25,0.0,49.32,426.92,0,0
675.82,0.4,131.08,544.74,2,0
838.72,0.8,168.59,670.13,4,1
649.63,0.4,97.32,552.31,2,0
470.23,0.0,66.0,404.23,0,0
569.92,0.2,95.43,474.49,1,0
898.0,0.8,182.49,715.51,4,1
976.07,1.0,205.43,770.64,5,1
1013.95,1.0,258.43,755.51,5,1
639.09,0.4,79.22,559.87,2,1
521.6,0.2,47.11,474.49,1,0
669.48,0.4,132.3,537.18,2,1
806.73,0.6,191.73,615.0,3,1
997.56,0.6,375.0,622.56,3,1
533.2,0.0,128.97,404.23,0,0
634.71,0.4,74.84,559.87,2,0
796.89,0.6,181.89,615.0,3,1
774.45,0.4,184.32,590.13,2,0
1521.12,2.2,306.24,1214.87,11,1
788.35,0.6,180.92,607.44,3,1
487.41,0.0,52.92,434.49,0,0
1067.23,1.2,196.08,871.15,6,1
691.79,0.4,124.35,567.44,2,0
827.85,0.8,150.16,677.69,4,1
632.8,0.2,143.19,489.62,1,0
945.92,1.0,137.46,808.46,5,1
771.9,0.6,179.59,592.31,3,1
1006.92,1.0,251.41,755.51,5,1
661.88,0.4,117.14,544.74,2,0
1019.7,1.0,196.11,823.59,5,1
750.67,0.6,120.54,630.13,3,1
480.0,0.0,45.51,434.49,0,0
819.35,0.8,103.84,715.51,4,1
540.97,0.2,58.92,482.05,1,0
605.93,0.2,146.57,459.36,1,0
1131.13,1.2,259.97,871.15,6,1
698.02,0.4,115.46,582.56,2,0
700.05,0.6,69.92,630.13,3,0
1016.39,1.2,137.68,878.72,6,1
1040.98,1.0,293.03,747.95,5,1
776.79,0.6,184.49,592.31,3,1
655.66,0.4,103.35,552.31,2,1
811.07,0.8,133.38,677.69,4,0
930.18,1.0,151.97,778.21,5,1
866.86,0.8,151.35,715.51,4,1
1544.23,1.8,477.43,1066.79,9,1
1131.83,1.4,220.68,911.15,7,1
683.89,0.4,154.27,529.62,2,1
571.6,0.2,112.24,459.36,1,0
1108.28,1.2,214.43,893.85,6,1
698.51,0.4,115.95,582.56,2,0
858.6,0.8,150.65,707.95,4,1
1190.67,1.6,186.57,1004.1,8,1
848.93,0.8,163.68,685.26,4,0
831.3,0.8,123.35,707.95,4,0
828.58,0.8,135.76,692.82,4,1
762.55,0.6,162.68,599.87,3,0
1583.99,1.6,519.38,1064.62,8,1
882.61,0.8,151.97,730.64,4,0
776.32,0.6,153.76,622.56,3,1
1434.03,2.0,251.59,1182.44,10,1
958.06,1.0,157.16,800.9,5,1
647.64,0.2,150.46,497.18,1,1
696.62,0.6,81.62,615.0,3,1
1299.73,0.8,576.65,723.08,4,1
1095.04,1.2,261.7,833.33,6,1
1585.79,1.0,716.81,868.97,5,1
714.62,0.4,185.0,529.62,2,0
491.18,0.0,86.95,404.23,0,0
923.84,1.0,122.95,800.9,5,1
1574.09,1.0,659.73,914.36,5,1
909.43,0.8,193.92,715.51,4,1
892.86,0.8,222.73,670.13,4,1
755.85,0.4,211.11,544.74,2,1
780.13,0.6,157.57,622.56,3,1
768.92,0.6,161.49,607.44,3,0
644.83,0.4,107.65,537.18,2,0
539.27,0.0,112.35,426.92,0,0
710.32,0.6,95.32,615.0,3,1
1460.48,1.4,549.32,911.15,7,1
1036.87,1.2,135.46,901.41,6,1
751.61,0.6,166.86,584.74,3,0
666.18,0.4,136.57,529.62,2,1
1023.52,1.2,175.05,848.46,6,1
545.62,0.0,156.51,389.1,0,1
790.47,0.6,137.65,652.82,3,1
931.12,1.0,145.35,785.77,5,1
990.1,1.0,227.03,763.08,5,1
739.05,0.6,108.92,630.13,3,1
807.11,0.6,192.11,615.0,3,1
786.95,0.6,126.57,660.38,3,1
754.24,0.6,131.68,622.56,3,1
1054.17,1.2,167.89,886.28,6,1
748.52,0.6,148.65,599.87,3,0
856.85,0.8,171.59,685.26,4,1
638.52,0.4,78.65,559.87,2,1
1123.52,1.2,275.05,848.46,6,1
629.73,0.2,155.24,474.49,1,0
847.93,0.8,162.68,685.26,4,1
879.43,0.8,209.3,670.13,4,1
790.81,0.6,175.81,615.0,3,1
1485.34,0.6,794.7,690.64,3,1
564.35,0.2,89.86,474.49,1,0
898.61,0.8,220.92,677.69,4,1
541.95,0.2,75.03,466.92,1,0
597.19,0.2,130.27,466.92,1,1
775.54,0.6,152.97,622.56,3,1
863.17,0.8,162.78,700.38,4,1
778.75,0.6,141.05,637.69,3,1
2127.77,1.6,1040.46,1087.31,8,1
1248.87,1.2,460.92,787.95,6,1
1302.12,0.8,556.35,745.77,4,1
708.33,0.4,148.46,559.87,2,1
715.79,0.4,148.35,567.44,2,1
573.79,0.2,114.43,459.36,1,0
608.49,0.2,141.57,466.92,1,0
1399.69,1.4,488.54,911.15,7,1
847.84,0.8,147.46,700.38,4,1
1189.67,1.2,333.65,856.03,6,1
999.4,1.0,236.32,763.08,5,1
737.86,0.6,107.73,630.13,3,1
1409.2,1.6,389.97,1019.23,8,1
1461.41,1.4,527.57,933.85,7,1
1939.23,1.4,952.43,986.79,7,1
1788.68,1.0,980.22,808.46,5,1
833.21,0.8,163.08,670.13,4,1
1137.61,1.4,218.89,918.72,7,1
1111.57,1.2,255.54,856.03,6,1
1113.47,1.4,194.76,918.72,7,1
682.4,0.4,152.78,529.62,2,0
795.77,0.6,158.08,637.69,3,1
706.26,0.4,169.08,537.18,2,0
1005.35,1.2,141.76,863.59,6,1
521.42,0.2,69.62,451.79,1,0
1061.79,1.2,160.38,901.41,6,1
1567.79,1.8,493.43,1074.36,9,1
811.57,0.8,103.62,707.95,4,1
669.29,0.4,86.73,582.56,2,0
766.71,0.6,106.32,660.38,3,1
904.42,1.0,118.65,785.77,5,1
611.85,0.4,67.11,544.74,2,0
643.1,0.4,45.41,597.69,2,1
566.83,0.2,77.22,489.62,1,0
565.76,0.2,98.84,466.92,1,0
962.23,1.0,168.89,793.33,5,1
744.51,0.6,121.95,622.56,3,1
747.12,0.6,109.43,637.69,3,0
774.1,0.6,91.03,683.08,3,1
628.81,0.4,53.81,575.0,2,0
920.85,1.0,135.08,785.77,5,1
621.7,0.2,132.08,489.62,1,0
775.47,0.6,122.65,652.82,3,1
962.49,0.8,254.54,707.95,4,1
582.09,0.2,115.16,466.92,1,0
812.62,0.6,144.68,667.95,3,1
1808.93,1.8,628.68,1180.26,9,1
844.55,0.8,144.16,700.38,4,1
916.48,0.8,238.78,677.69,4,1
956.43,0.6,326.3,630.13,3,1
950.96,0.8,265.7,685.26,4,1
950.04,0.8,272.35,677.69,4,1
768.32,0.6,138.19,630.13,3,1
677.56,0.4,140.38,537.18,2,1
970.02,1.0,199.38,770.64,5,1
838.88,0.6,193.62,645.26,3,1
974.42,1.0,196.22,778.21,5,1
1079.68,1.2,170.7,908.97,6,1
576.38,0.2,109.46,466.92,1,0
480.15,0.0,75.92,404.23,0,0
996.24,1.2,140.22,856.03,6,1
1186.49,0.4,558.54,627.95,2,1
851.67,0.8,136.16,715.51,4,1
1036.43,1.2,180.41,856.03,6,1
1050.62,1.2,194.59,856.03,6,1
1226.57,1.4,277.59,948.97,7,1
991.87,1.0,190.97,800.9,5,1
1623.73,1.4,621.81,1001.92,7,1
1398.81,1.6,409.84,988.97,8,1
1153.6,1.4,212.19,941.41,7,1
750.34,0.6,112.65,637.69,3,1
858.91,0.8,135.84,723.08,4,1
593.79,0.2,126.86,466.92,1,0
658.13,0.4,136.08,522.05,2,1
1027.37,1.2,148.65,878.72,6,1
1087.55,1.0,301.78,785.77,5,1
669.54,0.4,147.49,522.05,2,1
885.91,0.8,208.22,677.69,4,0
936.42,0.8,258.73,677.69,4,1
1991.18,1.4,1019.51,971.67,7,1
1115.26,1.4,196.54,918.72,7,1
1098.15,1.4,179.43,918.72,7,1
741.08,0.6,126.08,615.0,3,1
632.28,0.4,72.41,559.87,2,0
782.2,0.6,129.38,652.82,3,1
773.1,0.6,142.97,630.13,3,0
1027.23,1.0,241.46,785.77,5,1
542.4,0.0,153.3,389.1,0,0
1026.47,1.2,140.19,886.28,6,1
870.38,0.8,170.0,700.38,4,0
924.82,1.0,139.05,785.77,5,1
1448.3,1.4,506.89,941.41,7,1
669.87,0.4,102.43,567.44,2,1
1295.07,1.6,268.27,1026.79,8,1
657.5,0.4,112.76,544.74,2,0
897.55,0.8,212.3,685.26,4,1
691.93,0.4,132.05,559.87,2,1
973.53,1.0,142.38,831.15,5,1
715.72,0.4,186.11,529.62,2,1
954.33,1.0,145.86,808.46,5,1
752.2,0.6,106.95,645.26,3,0
943.36,1.0,142.46,800.9,5,1
569.25,0.2,117.46,451.79,1,0
1216.07,1.2,337.35,878.72,6,1
1168.65,1.4,227.24,941.41,7,1
786.63,0.6,179.19,607.44,3,1
1422.49,1.4,481.08,941.41,7,1
1167.49,1.6,133.14,1034.36,8,1
958.29,1.0,180.08,778.21,5,1
540.16,0.0,90.54,449.62,0,0
774.22,0.6,113.84,660.38,3,1
709.48,0.4,172.3,537.18,2,0
2334.21,1.6,1201.51,1132.69,8,1
854.72,0.8,169.46,685.26,4,1
452.53,0.0,63.43,389.1,0,0
563.62,0.2,74.0,489.62,1,0
1328.4,1.8,223.78,1104.62,9,1
1009.37,1.2,138.22,871.15,6,1
959.31,1.0,165.97,793.33,5,1
768.99,0.6,123.73,645.26,3,1
492.92,0.0,58.43,434.49,0,0
876.15,0.8,130.38,745.77,4,1
818.2,0.8,132.95,685.26,4,1
1197.99,1.2,326.84,871.15,6,1
1432.79,1.8,305.49,1127.31,9,1
776.44,0.6,116.05,660.38,3,1
725.41,0.4,157.97,567.44,2,1
757.52,0.6,97.14,660.38,3,1
576.21,0.2,79.03,497.18,1,1
1219.79,1.4,278.38,941.41,7,1
648.73,0.4,73.73,575.0,2,1
796.49,0.8,88.54,707.95,4,1
676.82,0.4,124.51,552.31,2,0
999.81,1.0,183.78,816.03,5,1
1195.87,1.6,146.38,1049.49,8,1
678.51,0.4,95.95,582.56,2,1
474.12,0.0,62.32,411.79,0,0
949.33,1.0,156.0,793.33,5,1
837.22,0.8,136.84,700.38,4,1
583.76,0.2,109.27,474.49,1,0
746.19,0.6,138.76,607.44,3,1
628.79,0.4,68.92,559.87,2,1
744.06,0.6,91.24,652.82,3,0
885.66,0.8,200.41,685.26,4,1
581.7,0.2,99.65,482.05,1,0
850.28,0.6,205.03,645.26,3,1
1307.47,1.6,280.68,1026.79,8,1
2199.55,1.8,1019.3,1180.26,9,1
718.25,0.4,158.38,559.87,2,1
1067.65,1.2,211.62,856.03,6,1
932.52,0.8,171.62,760.9,4,1
1076.76,1.2,167.78,908.97,6,1
676.87,0.4,109.43,567.44,2,1
1966.82,2.8,465.54,1501.28,14,1
1047.5,1.2,168.78,878.72,6,1
1880.96,2.0,668.27,1212.69,10,1
765.95,0.6,105.57,660.38,3,1
1317.86,1.4,346.19,971.67,7,1
1776.81,1.4,767.32,1009.49,7,1
661.04,0.4,108.73,552.31,2,0
595.41,0.2,136.05,459.36,1,0
891.97,0.8,168.89,723.08,4,1
855.75,0.6,233.19,622.56,3,1
451.79,0.0,40.0,411.79,0,0
788.17,0.6,135.35,652.82,3,1
766.07,0.6,135.95,630.13,3,0
1009.34,1.2,130.62,878.72,6,1
1386.28,1.8,190.89,1195.38,9,1
780.81,0.6,173.38,607.44,3,1
700.36,0.4,140.49,559.87,2,0
839.21,0.6,262.03,577.18,3,1
834.49,0.8,118.97,715.51,4,1
869.09,0.8,115.76,753.33,4,1
1005.54,1.2,141.95,863.59,6,0
973.19,1.0,172.3,800.9,5,1
665.71,0.4,105.84,559.87,2,1
953.14,1.0,144.68,808.46,5,1
1375.35,1.8,270.73,1104.62,9,1
464.99,0.0,68.32,396.67,0,0
900.39,0.6,247.57,652.82,3,1
693.74,0.4,133.86,559.87,2,1
495.42,0.0,83.62,411.79,0,0
489.43,0.0,100.32,389.1,0,0
1052.85,1.2,166.57,886.28,6,1
629.17,0.4,61.73,567.44,2,0
1067.67,1.2,196.51,871.15,6,1
