"Total_Cost","Ratio_Reloc_Prod","Horiz_Cost","Vert_Cost","nReloc","non_Optimal"
244349.71,0.7027,39166.64,205183.08,1054,80
796.34,0.4,198.65,597.69,2,0
599.89,0.4,77.84,522.05,2,0
768.85,0.6,123.59,645.26,3,1
419.21,0.0,30.11,389.1,0,0
823.18,0.6,177.92,645.26,3,0
590.79,0.2,123.86,466.92,1,0
544.67,0.2,62.62,482.05,1,0
679.48,0.4,142.3,537.18,2,0
539.76,0.2,72.84,466.92,1,0
540.47,0.2,81.11,459.36,1,0
451.83,0.0,62.73,389.1,0,0
1021.17,1.2,180.27,840.9,6,0
460.61,0.0,48.81,411.79,0,0
519.31,0.2,67.51,451.79,1,0
908.08,0.8,200.14,707.95,4,1
854.74,0.8,154.35,700.38,4,0
530.73,0.2,63.81,466.92,1,0
708.45,0.4,163.7,544.74,2,0
612.52,0.4,60.22,552.31,2,0
801.19,0.6,178.62,622.56,3,1
687.06,0.4,119.62,567.44,2,0
745.14,0.6,92.32,652.82,3,1
960.82,1.0,220.43,740.38,5,0
648.9,0.2,136.59,512.31,1,1
878.96,0.8,193.7,685.26,4,0
886.69,1.0,100.92,785.77,5,0
585.75,0.2,96.14,489.62,1,0
560.83,0.2,71.22,489.62,1,0
973.98,1.0,173.08,800.9,5,0
903.76,0.8,195.81,707.95,4,0
1169.23,1.6,157.57,1011.67,8,0
802.56,0.6,180.0,622.56,3,0
477.26,0.0,73.03,404.23,0,0
549.43,0.2,74.95,474.49,1,0
1056.2,1.2,177.49,878.72,6,0
1036.15,1.2,165.0,871.15,6,1
486.95,0.0,60.03,426.92,0,0
656.03,0.4,96.16,559.87,2,0
1041.43,1.2,132.46,908.97,6,1
1035.19,1.2,118.65,916.54,6,1
558.69,0.2,61.51,497.18,1,0
1263.64,1.6,244.41,1019.23,8,0
796.04,0.8,103.22,692.82,4,0
493.09,0.0,73.73,419.36,0,0
1162.63,1.4,221.22,941.41,7,1
705.03,0.6,90.03,615.0,3,0
860.44,0.6,207.62,652.82,3,0
744.21,0.6,121.65,622.56,3,1
510.24,0.0,60.62,449.62,0,0
1060.43,1.2,136.32,924.1,6,1
1209.55,1.6,175.19,1034.36,8,0
766.0,0.6,98.05,667.95,3,0
571.67,0.2,89.62,482.05,1,0
603.24,0.4,73.62,529.62,2,0
1317.84,1.8,235.92,1081.92,9,1
651.13,0.4,113.95,537.18,2,0
763.99,0.6,133.86,630.13,3,1
1581.32,2.4,190.3,1391.03,12,0
1168.38,1.4,219.41,948.97,7,0
556.57,0.0,122.08,434.49,0,0
851.13,0.8,128.05,723.08,4,0
675.24,0.4,100.24,575.0,2,0
723.49,0.4,148.49,575.0,2,0
817.79,0.8,109.84,707.95,4,0
850.7,0.8,120.05,730.64,4,1
915.55,1.0,114.65,800.9,5,0
553.68,0.2,86.76,466.92,1,0
724.99,0.6,94.86,630.13,3,1
464.01,0.0,52.22,411.79,0,0
704.75,0.6,74.62,630.13,3,0
796.67,0.6,121.16,675.51,3,1
1028.51,1.2,119.54,908.97,6,1
476.82,0.0,65.03,411.79,0,0
999.35,1.2,150.89,848.46,6,1
651.99,0.4,122.38,529.62,2,0
668.95,0.4,93.95,575.0,2,0
656.27,0.4,88.84,567.44,2,0
1078.34,1.2,146.68,931.67,6,1
939.09,1.0,145.76,793.33,5,0
717.86,0.4,142.86,575.0,2,0
986.87,1.0,178.41,808.46,5,0
1065.51,1.2,148.97,916.54,6,0
1119.16,1.4,155.05,964.1,7,0
720.18,0.6,90.05,630.13,3,1
483.68,0.0,64.32,419.36,0,0
1210.49,1.6,161.0,1049.49,8,1
1232.02,1.8,119.84,1112.18,9,1
567.26,0.2,62.51,504.74,1,0
442.62,0.0,53.51,389.1,0,0
753.57,0.6,138.57,615.0,3,1
700.15,0.4,102.46,597.69,2,0
665.14,0.4,90.14,575.0,2,0
704.06,0.6,96.62,607.44,3,0
507.4,0.0,118.3,389.1,0,0
854.42,0.8,108.65,745.77,4,1
939.53,1.0,93.24,846.28,5,1
790.45,0.6,145.19,645.26,3,1
1234.65,1.6,185.16,1049.49,8,1
593.76,0.2,119.27,474.49,1,0
474.39,0.0,55.03,419.36,0,0
583.05,0.2,108.57,474.49,1,1
487.76,0.0,68.41,419.36,0,0
720.31,0.6,82.62,637.69,3,0
687.84,0.4,112.84,575.0,2,0
832.48,0.6,134.27,698.21,3,1
712.69,0.4,99.86,612.82,2,0
523.98,0.0,44.11,479.87,0,0
757.4,0.6,119.7,637.69,3,0
742.04,0.6,104.35,637.69,3,0
464.74,0.0,60.51,404.23,0,0
519.22,0.0,99.86,419.36,0,0
1487.42,2.0,267.16,1220.26,10,0
688.86,0.4,113.86,575.0,2,0
786.31,0.6,133.49,652.82,3,0
1228.84,1.6,171.78,1057.05,8,0
765.31,0.6,120.05,645.26,3,0
515.13,0.0,65.51,449.62,0,0
1302.1,1.8,197.49,1104.62,9,0
678.14,0.4,65.32,612.82,2,0
644.6,0.4,84.73,559.87,2,0
615.5,0.4,78.32,537.18,2,0
869.27,0.8,146.19,723.08,4,0
907.11,1.0,159.16,747.95,5,0
630.3,0.4,70.43,559.87,2,1
778.32,0.6,155.76,622.56,3,1
626.74,0.4,74.43,552.31,2,0
698.72,0.4,169.11,529.62,2,1
1164.92,1.6,168.38,996.54,8,0
1350.22,2.0,167.78,1182.44,10,0
1281.64,1.6,217.03,1064.62,8,1
1015.73,1.2,114.32,901.41,6,1
723.83,0.4,141.27,582.56,2,1
992.25,1.0,198.92,793.33,5,1
449.61,0.0,37.81,411.79,0,0
723.78,0.6,93.65,630.13,3,0
729.21,0.6,106.65,622.56,3,0
683.48,0.4,146.3,537.18,2,0
892.19,0.8,184.24,707.95,4,0
848.12,0.8,162.86,685.26,4,0
829.91,0.8,106.84,723.08,4,0
473.37,0.0,69.14,404.23,0,0
719.07,0.6,88.95,630.13,3,1
883.92,0.8,168.41,715.51,4,0
684.21,0.4,101.65,582.56,2,0
739.02,0.4,148.89,590.13,2,0
458.92,0.0,32.0,426.92,0,0
658.38,0.4,90.95,567.44,2,0
647.54,0.4,80.11,567.44,2,0
920.07,0.8,189.43,730.64,4,1
795.31,0.6,157.62,637.69,3,1
725.98,0.4,166.11,559.87,2,1
909.68,1.0,116.35,793.33,5,1
649.29,0.2,99.16,550.13,1,0
641.62,0.4,66.62,575.0,2,0
1041.1,1.2,162.38,878.72,6,0
856.45,0.8,118.24,738.21,4,0
1279.15,1.8,219.92,1059.23,9,0
655.25,0.4,102.95,552.31,2,1
730.51,0.6,107.95,622.56,3,0
670.47,0.4,118.16,552.31,2,1
686.58,0.4,134.27,552.31,2,0
558.98,0.2,92.05,466.92,1,0
499.51,0.0,65.03,434.49,0,0
926.55,1.0,125.65,800.9,5,0
1057.5,1.2,171.22,886.28,6,0
760.23,0.4,154.97,605.26,2,0
1062.59,1.2,199.0,863.59,6,1
530.86,0.2,48.81,482.05,1,0
884.73,0.8,176.78,707.95,4,1
873.75,0.8,150.68,723.08,4,0
963.3,1.0,147.27,816.03,5,1
649.6,0.4,89.73,559.87,2,0
818.3,0.8,110.35,707.95,4,0
603.59,0.2,113.97,489.62,1,0
723.44,0.6,70.62,652.82,3,0
954.99,0.8,224.35,730.64,4,1
759.77,0.6,106.95,652.82,3,0
1123.77,1.4,189.92,933.85,7,0
730.75,0.6,100.62,630.13,3,0
987.9,1.0,187.0,800.9,5,0
832.11,0.8,124.16,707.95,4,0
541.99,0.2,44.81,497.18,1,0
790.9,0.4,238.59,552.31,2,0
831.57,0.8,116.05,715.51,4,0
1176.51,1.6,179.97,996.54,8,0
1777.91,0.8,994.32,783.59,4,1
993.01,1.2,106.73,886.28,6,1
632.86,0.4,103.24,529.62,2,0
634.68,0.4,74.81,559.87,2,0
850.68,0.8,150.3,700.38,4,0
1177.68,1.6,135.76,1041.92,8,1
763.03,0.6,102.65,660.38,3,1
1160.39,1.4,226.54,933.85,7,0
489.89,0.0,55.41,434.49,0,0
1116.55,1.4,182.7,933.85,7,0
788.15,0.6,195.84,592.31,3,0
1075.7,1.4,126.73,948.97,7,0
758.28,0.6,105.46,652.82,3,1
1031.61,1.2,152.89,878.72,6,0
675.34,0.6,45.22,630.13,3,0
803.0,0.8,95.05,707.95,4,0
466.72,0.0,70.05,396.67,0,0
761.69,0.6,108.86,652.82,3,0
937.41,1.0,144.08,793.33,5,0
595.61,0.2,143.81,451.79,1,0
929.04,1.0,143.27,785.77,5,0
563.52,0.2,104.16,459.36,1,0
801.67,0.6,126.16,675.51,3,0
561.76,0.2,94.84,466.92,1,0
1021.01,1.2,127.16,893.85,6,1
1186.16,1.4,222.05,964.1,7,0
726.81,0.6,104.24,622.56,3,1
756.72,0.6,111.46,645.26,3,0
813.44,0.8,113.05,700.38,4,0
926.34,1.2,108.14,818.21,6,0
665.85,0.4,113.54,552.31,2,1
726.44,0.6,73.62,652.82,3,0
733.39,0.6,88.14,645.26,3,0
963.16,1.0,139.57,823.59,5,0
765.22,0.6,104.84,660.38,3,0
650.41,0.4,75.41,575.0,2,1
470.28,0.0,50.92,419.36,0,0
1401.37,2.0,241.62,1159.74,10,1
591.05,0.2,116.57,474.49,1,0
447.91,0.0,58.81,389.1,0,0
856.02,0.8,125.38,730.64,4,1
1017.01,1.2,176.11,840.9,6,0
631.02,0.4,93.84,537.18,2,0
1235.27,1.6,185.78,1049.49,8,0
862.84,0.8,101.95,760.9,4,1
480.9,0.0,69.11,411.79,0,0
1017.87,1.2,124.03,893.85,6,1
1154.5,1.4,175.27,979.23,7,0
493.44,0.0,81.65,411.79,0,1
596.43,0.2,121.95,474.49,1,1
818.54,0.6,203.54,615.0,3,1
979.98,1.0,171.51,808.46,5,1
454.01,0.0,42.22,411.79,0,0
1465.76,2.0,222.81,1242.95,10,0
1379.51,1.8,229.51,1150.0,9,0
722.33,0.6,69.51,652.82,3,1
501.76,0.0,74.84,426.92,0,0
639.0,0.2,164.51,474.49,1,0
627.19,0.2,84.62,542.56,1,0
741.09,0.4,181.22,559.87,2,0
1538.91,2.2,225.7,1313.21,11,0
489.65,0.0,62.73,426.92,0,0
1177.33,1.4,228.35,948.97,7,0
1033.77,1.2,155.05,878.72,6,1
672.0,0.4,104.57,567.44,2,0
1005.05,1.2,141.46,863.59,6,0
725.8,0.4,135.68,590.13,2,0
1143.36,1.4,209.51,933.85,7,0
795.34,0.6,150.08,645.26,3,0
914.52,0.8,214.14,700.38,4,0
646.78,0.4,64.22,582.56,2,0
569.96,0.2,118.16,451.79,1,0
1190.96,1.4,211.73,979.23,7,0
1555.89,0.8,772.3,783.59,4,1
844.53,0.8,106.32,738.21,4,0
989.13,1.0,157.97,831.15,5,0
1264.11,1.6,267.57,996.54,8,1
822.91,0.8,99.84,723.08,4,1
1014.78,1.2,151.19,863.59,6,1
734.85,0.6,82.03,652.82,3,0
934.62,1.0,111.03,823.59,5,1
925.82,1.0,140.05,785.77,5,0
524.55,0.0,112.76,411.79,0,0
778.33,0.6,110.38,667.95,3,0
950.85,1.0,112.14,838.72,5,1
981.26,1.2,102.54,878.72,6,0
1022.25,1.2,173.78,848.46,6,0
507.36,0.0,95.57,411.79,0,0
918.65,1.0,117.76,800.9,5,1
729.18,0.6,83.92,645.26,3,1
645.74,0.4,93.43,552.31,2,0
1043.45,1.2,119.35,924.1,6,1
1120.75,1.4,149.08,971.67,7,0
1075.48,1.4,118.95,956.54,7,0
489.09,0.0,69.73,419.36,0,0
468.56,0.0,64.32,404.23,0,0
488.01,0.0,76.22,411.79,0,0
642.19,0.4,59.62,582.56,2,0
600.31,0.4,48.0,552.31,2,0
1008.95,1.2,107.54,901.41,6,1
938.7,0.8,208.05,730.64,4,0
1060.35,1.2,151.38,908.97,6,1
967.98,1.2,134.65,833.33,6,0
957.35,1.0,133.76,823.59,5,0
1194.65,1.4,253.24,941.41,7,1
919.52,1.0,111.05,808.46,5,0
1007.14,1.0,138.16,868.97,5,0
724.74,0.6,71.92,652.82,3,0
683.71,0.4,131.41,552.31,2,0
1230.12,1.6,210.89,1019.23,8,1
810.72,0.6,173.03,637.69,3,1
967.93,1.0,121.65,846.28,5,0
664.44,0.4,51.62,612.82,2,0
1189.56,1.4,225.46,964.1,7,0
775.2,0.8,74.81,700.38,4,0
