"Total_Cost","Ratio_Reloc_Prod","Horiz_Cost","Vert_Cost","nReloc","non_Optimal"
227668.05,0.4873,33022.34,194645.84,731,250
911.22,0.5,89.81,821.41,3,1
627.18,0.0,61.92,565.26,0,1
648.63,0.0,75.81,572.82,0,1
753.88,0.1667,156.19,597.69,1,1
913.96,0.5,115.24,798.72,3,1
797.26,0.3333,99.05,698.21,2,1
826.76,0.3333,90.73,736.03,2,1
1129.97,0.8333,213.43,916.54,5,1
729.19,0.3333,46.11,683.08,2,1
1050.86,0.6667,159.19,891.67,4,1
974.75,0.6667,90.65,884.1,4,1
1187.68,1.0,125.24,1062.44,6,1
940.68,0.6667,86.84,853.85,4,1
735.75,0.1667,77.54,658.21,1,1
832.5,0.3333,119.16,713.33,2,1
924.22,0.6667,62.81,861.41,4,1
613.59,0.0,71.03,542.56,0,1
727.29,0.1667,84.22,643.08,1,1
1130.67,0.8333,214.14,916.54,5,1
1292.61,1.0,252.86,1039.74,6,1
1009.91,0.6667,186.32,823.59,4,1
1142.45,0.8333,203.22,939.23,5,1
820.6,0.3333,107.27,713.33,2,1
1000.82,0.6667,146.97,853.85,4,1
802.11,0.3333,81.22,720.9,2,1
770.34,0.1667,112.14,658.21,1,1
849.99,0.1667,184.22,665.77,1,1
852.93,0.3333,94.22,758.72,2,1
1099.09,0.8333,137.16,961.92,5,1
793.64,0.3333,95.43,698.21,2,1
718.08,0.1667,90.14,627.95,1,1
789.36,0.3333,76.03,713.33,2,1
903.43,0.5,119.84,783.59,3,1
584.25,0.0,56.81,527.44,0,1
1500.0,1.5,188.97,1311.03,9,1
562.31,0.0,50.0,512.31,0,1
1175.2,1.0,135.46,1039.74,6,1
583.22,0.0,48.22,535.0,0,1
764.91,0.3333,81.84,683.08,2,1
1230.55,1.0,175.68,1054.87,6,1
899.99,0.5,108.84,791.15,3,1
902.82,0.5,96.54,806.28,3,1
754.13,0.1667,111.05,643.08,1,1
811.87,0.3333,98.54,713.33,2,1
873.98,0.5,67.7,806.28,3,1
942.26,0.6667,103.54,838.72,4,1
868.2,0.3333,162.43,705.77,2,1
784.45,0.3333,86.24,698.21,2,1
796.2,0.3333,90.43,705.77,2,1
588.41,0.0,68.54,519.87,0,1
1327.88,1.0,280.57,1047.31,6,1
795.79,0.3333,142.97,652.82,2,1
1139.5,0.8333,207.84,931.67,5,1
912.47,0.5,113.76,798.72,3,1
900.7,0.5,124.68,776.03,3,1
1095.51,1.0,86.03,1009.49,6,1
682.73,0.0,155.3,527.44,0,1
803.78,0.1667,160.7,643.08,1,1
729.43,0.1667,93.92,635.51,1,1
712.16,0.1667,84.22,627.95,1,1
712.33,0.3333,59.51,652.82,2,1
810.3,0.3333,89.41,720.9,2,1
620.95,0.0,85.95,535.0,0,1
1348.53,1.1667,268.78,1079.74,7,1
968.18,0.6667,144.59,823.59,4,1
960.14,0.5,131.16,828.97,3,1
1014.42,0.6667,175.7,838.72,4,1
1045.57,0.6667,176.59,868.97,4,1
1066.23,0.6667,167.0,899.23,4,1
1224.75,1.0,200.14,1024.62,6,1
961.76,0.5,140.35,821.41,3,1
644.45,0.0,94.32,550.13,0,1
953.36,0.5,147.08,806.28,3,1
906.72,0.5,123.14,783.59,3,1
1075.24,0.6667,191.14,884.1,4,1
991.53,0.5,147.43,844.1,3,1
872.16,0.3333,128.57,743.59,2,1
830.92,0.3333,155.41,675.51,2,1
1021.32,0.6667,129.65,891.67,4,1
901.47,0.5,140.57,760.9,3,1
799.09,0.3333,93.32,705.77,2,1
1181.42,0.8333,249.76,931.67,5,1
992.93,0.6667,139.08,853.85,4,1
1041.92,0.6667,165.38,876.54,4,1
1209.66,1.0,162.35,1047.31,6,1
657.19,0.1667,74.62,582.56,1,1
673.87,0.0,154.0,519.87,0,1
827.92,0.3333,107.03,720.9,2,1
867.43,0.5,91.41,776.03,3,1
758.42,0.1667,145.59,612.82,1,1
803.68,0.1667,183.3,620.38,1,1
952.72,0.5,154.0,798.72,3,1
737.57,0.1667,102.05,635.51,1,1
763.73,0.3333,80.65,683.08,2,1
715.04,0.1667,117.35,597.69,1,1
840.07,0.1667,189.43,650.64,1,1
739.3,0.1667,111.35,627.95,1,1
615.06,0.0,87.62,527.44,0,1
1119.05,0.8333,149.57,969.49,5,1
659.54,0.0,116.97,542.56,0,1
868.97,0.3333,178.32,690.64,2,1
795.89,0.3333,120.38,675.51,2,1
837.77,0.5,84.43,753.33,3,1
789.8,0.1667,184.54,605.26,1,1
839.58,0.3333,141.38,698.21,2,1
1006.79,0.6667,145.38,861.41,4,1
1268.61,1.1667,196.43,1072.18,7,1
1134.89,0.8333,157.84,977.05,5,1
999.54,0.5,231.08,768.46,3,1
1045.48,0.6667,161.38,884.1,4,1
608.89,0.0,66.32,542.56,0,1
874.41,0.5,105.95,768.46,3,1
955.58,0.5,149.3,806.28,3,1
1119.56,0.8333,187.89,931.67,5,1
832.25,0.3333,111.35,720.9,2,1
809.96,0.3333,111.76,698.21,2,1
1206.9,0.8333,244.97,961.92,5,1
699.48,0.1667,109.35,590.13,1,1
575.01,0.0,62.7,512.31,0,1
994.17,0.6667,132.76,861.41,4,1
885.16,0.5,109.14,776.03,3,1
1112.27,0.8333,150.35,961.92,5,1
952.51,0.5,123.54,828.97,3,1
962.02,0.5,163.3,798.72,3,1
1032.49,0.6667,171.08,861.41,4,1
792.14,0.3333,78.81,713.33,2,1
1132.87,0.8333,163.38,969.49,5,1
1374.49,1.3333,224.49,1150.0,8,1
731.72,0.1667,73.51,658.21,1,1
891.52,0.5,123.05,768.46,3,1
1112.49,0.8333,150.57,961.92,5,1
991.8,0.6667,153.08,838.72,4,1
1229.2,1.1667,149.46,1079.74,7,1
988.53,0.5,189.81,798.72,3,1
1123.18,0.8333,191.51,931.67,5,1
895.25,0.3333,166.78,728.46,2,1
949.38,0.3333,228.49,720.9,2,1
1186.85,1.0,192.49,994.36,6,1
975.01,0.6667,121.16,853.85,4,1
1061.96,0.6667,155.16,906.79,4,1
1223.14,1.0,168.27,1054.87,6,1
908.66,0.5,109.95,798.72,3,1
952.64,0.5,161.49,791.15,3,1
1251.53,1.1667,171.78,1079.74,7,1
1199.06,1.0,151.76,1047.31,6,1
1372.34,1.3333,207.22,1165.13,8,1
622.91,0.0,65.22,557.69,0,1
773.83,0.3333,75.62,698.21,2,1
741.3,0.1667,113.35,627.95,1,1
1134.23,0.6667,295.51,838.72,4,1
946.95,0.5,125.54,821.41,3,1
915.02,0.5,123.86,791.15,3,1
675.83,0.1667,78.14,597.69,1,1
882.39,0.3333,176.62,705.77,2,1
759.64,0.3333,61.43,698.21,2,1
591.01,0.0,71.14,519.87,0,1
1007.12,0.6667,168.41,838.72,4,1
620.93,0.0,101.05,519.87,0,1
945.88,0.5,147.16,798.72,3,1
1386.07,1.1667,260.95,1125.13,7,1
994.87,0.6667,133.46,861.41,4,1
1047.51,0.6667,170.97,876.54,4,1
996.94,0.6667,112.84,884.1,4,1
806.4,0.3333,130.89,675.51,2,1
1014.92,0.6667,138.38,876.54,4,1
1117.89,0.8333,133.27,984.62,5,1
1245.83,1.0,221.22,1024.62,6,1
826.3,0.3333,97.84,728.46,2,1
953.92,0.5,193.03,760.9,3,1
811.56,0.3333,113.35,698.21,2,1
667.66,0.1667,62.41,605.26,1,1
1372.83,1.1667,240.14,1132.69,7,1
774.75,0.1667,131.68,643.08,1,1
729.63,0.1667,124.38,605.26,1,1
946.61,0.5,147.89,798.72,3,1
681.47,0.1667,76.22,605.26,1,1
1287.47,1.1667,192.59,1094.87,7,1
736.02,0.1667,92.95,643.08,1,1
720.01,0.1667,114.76,605.26,1,1
830.77,0.3333,117.43,713.33,2,1
986.58,0.6667,193.24,793.33,4,1
639.0,0.0,111.57,527.44,0,1
747.3,0.3333,86.92,660.38,2,1
958.77,0.6667,104.92,853.85,4,1
1043.04,0.8333,96.24,946.79,5,1
1205.13,1.0,180.51,1024.62,6,1
1006.33,0.5,184.92,821.41,3,1
775.16,0.3333,99.65,675.51,2,1
911.77,0.5,113.05,798.72,3,1
557.55,0.0,52.81,504.74,0,1
1076.24,0.8333,167.27,908.97,5,1
956.55,0.5,150.27,806.28,3,1
1008.75,0.3333,257.59,751.15,2,1
1069.21,0.8333,152.68,916.54,5,1
1037.82,0.6667,123.46,914.36,4,1
583.84,0.0,56.41,527.44,0,1
621.29,0.0,78.73,542.56,0,1
1108.46,0.6667,247.05,861.41,4,1
892.57,0.5,131.68,760.9,3,1
869.89,0.3333,133.86,736.03,2,1
948.11,0.5,119.14,828.97,3,1
961.59,0.5,178.0,783.59,3,1
776.4,0.1667,125.76,650.64,1,1
830.06,0.3333,109.16,720.9,2,1
788.45,0.3333,97.81,690.64,2,1
860.43,0.3333,131.97,728.46,2,1
905.61,0.5,114.46,791.15,3,1
1019.93,0.8333,80.7,939.23,5,1
1120.37,1.0,156.27,964.1,6,1
1011.0,0.5,189.59,821.41,3,1
889.02,0.5,105.43,783.59,3,1
1014.54,0.6667,145.57,868.97,4,1
609.26,0.0,112.08,497.18,0,1
700.06,0.1667,87.24,612.82,1,1
838.86,0.3333,102.84,736.03,2,1
1263.31,1.0,231.14,1032.18,6,1
802.47,0.3333,89.14,713.33,2,1
712.66,0.1667,99.84,612.82,1,1
754.32,0.1667,111.24,643.08,1,1
1165.72,1.0,133.54,1032.18,6,1
667.03,0.0,139.59,527.44,0,1
1019.97,0.8333,103.43,916.54,5,1
828.74,0.3333,107.84,720.9,2,1
864.62,0.3333,136.16,728.46,2,1
703.55,0.1667,90.73,612.82,1,1
618.03,0.0,83.03,535.0,0,1
1028.17,0.8333,141.89,886.28,5,1
1191.05,1.0,174.0,1017.05,6,1
725.44,0.1667,105.05,620.38,1,1
1044.22,0.6667,182.81,861.41,4,1
898.19,0.5,122.16,776.03,3,1
1144.61,1.0,112.43,1032.18,6,1
650.21,0.1667,52.51,597.69,1,1
879.48,0.5,88.32,791.15,3,1
567.23,0.0,54.92,512.31,0,1
872.76,0.5,96.73,776.03,3,1
749.56,0.3333,58.92,690.64,2,1
1088.1,0.8333,148.86,939.23,5,1
748.27,0.1667,112.76,635.51,1,1
976.35,0.6667,99.81,876.54,4,1
1033.1,0.6667,133.86,899.23,4,1
793.28,0.3333,87.51,705.77,2,1
1065.89,0.6667,181.78,884.1,4,1
1168.74,1.0,174.38,994.36,6,1
1230.2,1.1667,203.41,1026.79,7,1
609.48,0.0,66.92,542.56,0,1
742.71,0.1667,114.76,627.95,1,1
1039.6,0.6667,178.19,861.41,4,1
941.01,0.6667,94.73,846.28,4,1
722.79,0.1667,109.97,612.82,1,1
