"Total_Cost","Ratio_Reloc_Prod","Horiz_Cost","Vert_Cost","nReloc","non_Optimal"
254782.13,0.398,66888.22,187894.05,597,158
622.61,0.2,64.92,557.69,1,0
913.68,0.6,185.22,728.46,3,0
769.58,0.4,96.24,673.33,2,0
736.2,0.2,163.38,572.82,1,0
863.62,0.4,220.54,643.08,2,0
997.91,0.8,199.19,798.72,4,1
624.47,0.2,59.22,565.26,1,1
1026.97,0.8,243.38,783.59,4,1
515.1,0.0,57.92,457.18,0,1
828.12,0.6,122.35,705.77,3,1
925.34,0.6,219.57,705.77,3,1
580.52,0.0,100.65,479.87,0,1
863.6,0.6,135.14,728.46,3,0
600.98,0.2,73.54,527.44,1,0
543.88,0.0,79.14,464.74,0,1
857.43,0.6,113.84,743.59,3,1
1115.07,1.0,223.41,891.67,5,1
754.62,0.4,111.54,643.08,2,0
616.08,0.2,73.51,542.56,1,0
781.67,0.4,146.16,635.51,2,1
926.31,0.6,220.54,705.77,3,0
1033.01,0.8,226.73,806.28,4,0
658.77,0.2,93.51,565.26,1,0
583.2,0.0,118.46,464.74,0,1
849.87,0.4,221.92,627.95,2,1
1231.22,0.8,417.38,813.85,4,1
1189.73,1.0,267.81,921.92,5,1
690.43,0.2,147.86,542.56,1,1
597.13,0.0,147.51,449.62,0,1
1375.32,1.4,358.27,1017.05,7,0
1424.44,1.0,570.59,853.85,5,0
1276.34,0.4,686.22,590.13,2,1
667.97,0.2,117.84,550.13,1,0
679.42,0.2,114.16,565.26,1,0
1226.74,0.6,513.41,713.33,3,0
699.12,0.2,141.43,557.69,1,0
751.67,0.2,209.11,542.56,1,0
864.68,0.6,196.73,667.95,3,0
1344.97,0.8,508.43,836.54,4,0
630.4,0.2,72.7,557.69,1,0
571.67,0.0,122.05,449.62,0,1
499.19,0.0,64.7,434.49,0,1
940.85,0.4,282.65,658.21,2,0
661.7,0.2,119.14,542.56,1,1
803.34,0.6,105.14,698.21,3,0
736.07,0.2,178.38,557.69,1,0
1787.37,1.2,802.76,984.62,6,1
554.59,0.0,112.54,442.05,0,1
934.18,0.6,243.54,690.64,3,1
1058.96,0.6,353.19,705.77,3,0
1177.07,0.8,378.35,798.72,4,1
725.68,0.2,190.68,535.0,1,1
710.29,0.2,167.73,542.56,1,0
1227.13,0.4,644.57,582.56,2,1
916.39,0.6,218.19,698.21,3,0
931.62,0.6,203.16,728.46,3,0
854.82,0.4,242.0,612.82,2,1
1521.64,1.0,629.97,891.67,5,0
766.71,0.4,199.27,567.44,2,1
883.64,0.6,193.0,690.64,3,1
685.43,0.2,142.86,542.56,1,1
922.21,0.2,364.51,557.69,1,0
676.75,0.2,119.05,557.69,1,1
636.64,0.0,171.89,464.74,0,1
1473.75,0.8,690.16,783.59,4,1
940.56,0.4,297.49,643.08,2,1
798.4,0.2,248.27,550.13,1,1
1569.14,1.0,654.78,914.36,5,0
876.89,0.4,233.81,643.08,2,1
1129.72,0.6,423.95,705.77,3,1
438.5,0.0,26.7,411.79,0,1
710.45,0.4,112.76,597.69,2,1
720.8,0.4,130.68,590.13,2,1
1615.99,1.2,684.32,931.67,6,1
1224.58,0.6,511.24,713.33,3,1
496.07,0.0,84.27,411.79,0,0
851.64,0.6,168.57,683.08,3,1
1217.74,0.8,403.89,813.85,4,1
830.4,0.4,194.89,635.51,2,1
709.97,0.2,167.41,542.56,1,1
791.36,0.4,170.97,620.38,2,0
859.69,0.4,201.49,658.21,2,1
1038.94,0.6,348.3,690.64,3,0
1357.82,1.2,342.95,1014.87,6,1
1249.27,0.8,412.73,836.54,4,1
846.35,0.4,203.27,643.08,2,1
551.99,0.0,94.81,457.18,0,1
443.2,0.0,31.41,411.79,0,1
475.19,0.0,40.7,434.49,0,1
1021.87,1.0,168.03,853.85,5,1
991.71,0.6,331.32,660.38,3,1
1169.02,0.6,470.81,698.21,3,0
1431.65,1.0,623.19,808.46,5,0
829.35,0.4,201.41,627.95,2,1
852.9,0.4,232.51,620.38,2,0
833.79,0.4,205.84,627.95,2,0
713.84,0.4,78.32,635.51,2,1
621.75,0.0,172.14,449.62,0,0
966.8,0.4,316.16,650.64,2,1
528.86,0.0,79.24,449.62,0,1
1514.72,1.4,490.11,1024.62,7,1
700.39,0.2,127.57,572.82,1,0
1033.81,0.4,466.38,567.44,2,0
913.81,0.6,177.78,736.03,3,0
944.34,0.6,246.14,698.21,3,0
738.16,0.2,188.03,550.13,1,1
545.02,0.0,87.84,457.18,0,0
537.03,0.2,62.54,474.49,1,1
1070.89,0.6,342.43,728.46,3,0
437.2,0.0,25.41,411.79,0,1
453.2,0.0,41.41,411.79,0,1
890.37,0.6,207.3,683.08,3,1
570.31,0.2,58.0,512.31,1,0
1083.09,0.8,276.81,806.28,4,0
773.84,0.6,113.46,660.38,3,1
627.54,0.2,92.54,535.0,1,1
899.3,0.4,278.92,620.38,2,1
1450.69,1.0,551.46,899.23,5,1
1015.88,0.6,249.59,766.28,3,0
823.24,0.4,187.73,635.51,2,0
743.82,0.2,178.57,565.26,1,0
586.2,0.0,121.46,464.74,0,1
1274.15,0.8,475.43,798.72,4,0
705.76,0.2,178.32,527.44,1,1
968.54,0.4,325.46,643.08,2,0
1009.47,0.8,248.57,760.9,4,1
1087.72,1.0,188.49,899.23,5,1
992.44,0.8,186.16,806.28,4,1
999.98,0.6,271.51,728.46,3,0
1107.42,0.8,316.27,791.15,4,0
815.62,0.4,187.68,627.95,2,1
563.97,0.0,114.35,449.62,0,0
618.85,0.0,154.11,464.74,0,0
962.84,0.6,241.95,720.9,3,1
597.26,0.0,140.08,457.18,0,0
890.01,0.2,370.14,519.87,1,0
1089.98,0.8,336.65,753.33,4,0
772.8,0.2,215.11,557.69,1,0
745.28,0.2,172.46,572.82,1,1
962.62,0.6,219.03,743.59,3,0
851.06,0.6,137.73,713.33,3,0
874.36,0.6,153.46,720.9,3,0
701.51,0.2,166.51,535.0,1,0
692.91,0.2,142.78,550.13,1,0
921.26,0.6,154.97,766.28,3,0
1232.79,0.8,418.95,813.85,4,1
653.0,0.2,125.57,527.44,1,1
987.34,0.4,321.57,665.77,2,0
1045.33,0.8,231.49,813.85,4,1
564.64,0.0,107.46,457.18,0,0
686.59,0.2,136.46,550.13,1,1
450.5,0.0,38.7,411.79,0,1
873.93,0.4,215.73,658.21,2,1
1300.1,0.8,448.43,851.67,4,1
556.77,0.0,92.03,464.74,0,1
561.94,0.0,104.76,457.18,0,0
929.34,0.4,271.14,658.21,2,1
698.83,0.2,201.65,497.18,1,1
493.3,0.0,58.81,434.49,0,1
840.99,0.4,235.73,605.26,2,0
537.5,0.0,80.32,457.18,0,1
867.06,0.4,239.11,627.95,2,1
918.29,0.6,159.57,758.72,3,1
1014.13,0.4,363.49,650.64,2,0
551.33,0.0,79.03,472.31,0,1
615.28,0.2,50.03,565.26,1,0
937.62,0.6,201.59,736.03,3,0
968.71,0.6,247.81,720.9,3,0
1059.51,0.8,268.35,791.15,4,1
744.09,0.4,78.32,665.77,2,0
689.12,0.2,123.86,565.26,1,0
722.82,0.2,157.57,565.26,1,0
863.0,0.4,219.92,643.08,2,0
1112.48,0.8,328.89,783.59,4,0
944.45,0.6,193.3,751.15,3,0
791.1,0.4,140.46,650.64,2,0
553.47,0.0,88.73,464.74,0,1
926.05,0.6,182.46,743.59,3,0
521.88,0.0,57.14,464.74,0,0
557.58,0.0,92.84,464.74,0,0
1231.67,0.6,488.08,743.59,3,0
695.57,0.2,160.57,535.0,1,1
701.05,0.2,166.05,535.0,1,0
605.12,0.0,140.38,464.74,0,0
1579.27,0.6,911.32,667.95,3,1
724.25,0.4,111.43,612.82,2,0
764.79,0.4,136.84,627.95,2,0
951.82,0.6,238.49,713.33,3,1
704.82,0.2,139.57,565.26,1,0
1125.35,0.6,389.32,736.03,3,0
862.82,0.6,149.49,713.33,3,0
784.69,0.4,118.92,665.77,2,0
593.09,0.0,128.35,464.74,0,0
830.41,0.4,210.03,620.38,2,1
701.96,0.2,144.27,557.69,1,0
639.61,0.0,182.43,457.18,0,1
914.91,0.4,271.84,643.08,2,0
953.95,0.4,318.43,635.51,2,1
962.6,0.6,241.7,720.9,3,0
1149.13,0.4,513.62,635.51,2,1
559.16,0.0,109.54,449.62,0,1
811.67,0.4,176.16,635.51,2,0
571.62,0.0,122.0,449.62,0,0
1107.58,0.6,401.81,705.77,3,1
1008.78,0.6,265.19,743.59,3,0
724.42,0.2,159.16,565.26,1,1
832.58,0.2,267.32,565.26,1,0
1113.91,0.8,322.76,791.15,4,1
973.12,0.4,307.35,665.77,2,0
948.26,0.4,290.05,658.21,2,1
1167.31,0.8,368.59,798.72,4,1
1100.95,0.4,541.08,559.87,2,1
610.58,0.0,153.41,457.18,0,0
798.76,0.4,178.38,620.38,2,0
831.58,0.2,273.89,557.69,1,1
683.37,0.2,125.68,557.69,1,0
537.62,0.2,63.14,474.49,1,1
670.34,0.2,112.65,557.69,1,1
893.38,0.4,265.43,627.95,2,1
1000.97,0.6,310.32,690.64,3,1
644.95,0.2,109.95,535.0,1,1
963.31,0.6,204.59,758.72,3,0
1439.17,1.4,391.86,1047.31,7,0
989.95,0.4,369.57,620.38,2,1
976.31,0.4,310.54,665.77,2,0
718.55,0.6,65.73,652.82,3,1
1065.7,0.6,390.19,675.51,3,1
732.86,0.2,197.86,535.0,1,1
819.77,0.2,254.51,565.26,1,0
956.77,0.6,198.05,758.72,3,0
649.36,0.2,84.11,565.26,1,1
787.26,0.2,222.0,565.26,1,1
991.02,1.0,159.86,831.15,5,0
633.35,0.2,98.35,535.0,1,1
1083.72,0.6,377.95,705.77,3,0
1237.78,0.4,647.65,590.13,2,1
982.23,0.6,268.89,713.33,3,0
1053.16,0.6,317.14,736.03,3,1
747.36,0.2,182.11,565.26,1,0
435.9,0.0,24.11,411.79,0,1
442.9,0.0,31.11,411.79,0,1
728.56,0.2,170.86,557.69,1,1
826.99,0.4,221.73,605.26,2,1
540.7,0.0,98.65,442.05,0,0
1077.14,0.8,263.3,813.85,4,0
506.7,0.0,72.22,434.49,0,1
559.45,0.0,102.27,457.18,0,0
515.73,0.0,81.24,434.49,0,1
1263.17,1.2,301.24,961.92,6,1
819.23,0.4,213.97,605.26,2,0
1882.37,1.2,950.7,931.67,6,0
1026.09,0.6,320.32,705.77,3,1
1039.65,0.6,303.62,736.03,3,1
911.35,0.6,228.27,683.08,3,1
749.48,0.2,206.92,542.56,1,0
639.83,0.2,82.14,557.69,1,1
572.69,0.0,107.95,464.74,0,0
724.1,0.2,173.97,550.13,1,1
878.76,0.6,157.86,720.9,3,0
1385.99,0.8,587.27,798.72,4,1
981.34,0.6,283.14,698.21,3,1
703.04,0.2,145.35,557.69,1,1
1250.91,1.0,351.68,899.23,5,1
1210.59,1.0,318.92,891.67,5,1
708.19,0.2,173.19,535.0,1,0
849.72,0.4,252.03,597.69,2,1
467.47,0.0,63.24,404.23,0,0
686.02,0.2,128.32,557.69,1,1
803.15,0.4,144.95,658.21,2,1
678.12,0.2,120.43,557.69,1,0
761.96,0.2,196.7,565.26,1,1
807.0,0.4,179.05,627.95,2,0
864.32,0.2,321.76,542.56,1,1
529.35,0.0,79.73,449.62,0,0
743.34,0.2,178.08,565.26,1,0
1145.22,0.8,376.76,768.46,4,1
644.62,0.2,109.62,535.0,1,1
675.1,0.4,77.41,597.69,2,0
1022.14,0.8,268.81,753.33,4,0
568.13,0.0,110.95,457.18,0,0
910.21,0.4,259.57,650.64,2,0
551.33,0.0,79.03,472.31,0,0
802.48,0.2,252.35,550.13,1,1
701.23,0.2,135.97,565.26,1,0
836.85,0.4,239.16,597.69,2,0
838.51,0.2,295.95,542.56,1,1
551.99,0.0,87.24,464.74,0,0
787.16,0.2,244.59,542.56,1,1
529.62,0.2,55.14,474.49,1,1
656.76,0.4,81.76,575.0,2,1
480.81,0.0,46.32,434.49,0,1
856.35,0.4,228.41,627.95,2,1
568.42,0.0,111.24,457.18,0,0
589.77,0.2,85.03,504.74,1,1
940.99,0.4,290.35,650.64,2,1
626.69,0.0,169.51,457.18,0,0
727.56,0.2,177.43,550.13,1,0
788.94,0.4,145.86,643.08,2,0
665.26,0.4,60.0,605.26,2,1
917.67,0.2,359.97,557.69,1,0
