"Total_Cost","Ratio_Reloc_Prod","Horiz_Cost","Vert_Cost","nReloc","non_Optimal"
229939.47,0.4693,37213.29,192726.31,704,750
222.43,0.0,21.41,201.03,0,1
357.7,0.5,63.73,293.97,1,1
226.54,0.0,25.51,201.03,0,1
595.88,2.0,91.14,504.74,4,1
209.57,0.0,16.11,193.46,0,1
230.94,0.0,29.92,201.03,0,1
203.9,0.0,18.0,185.9,0,1
214.16,0.0,20.7,193.46,0,1
461.56,1.0,104.89,356.67,2,1
332.63,0.5,46.22,286.41,1,1
419.71,1.0,47.92,371.79,2,1
207.41,0.0,21.51,185.9,0,1
508.43,1.5,58.81,449.62,3,1
204.9,0.0,19.0,185.9,0,1
200.71,0.0,14.81,185.9,0,1
201.9,0.0,16.0,185.9,0,1
769.3,3.0,101.35,667.95,6,1
342.96,0.5,79.24,263.72,1,1
200.9,0.0,15.0,185.9,0,1
227.13,0.0,26.11,201.03,0,1
217.74,0.0,39.41,178.33,0,1
212.87,0.0,19.41,193.46,0,1
395.16,1.0,53.62,341.54,2,1
211.46,0.0,18.0,193.46,0,1
213.9,0.0,28.0,185.9,0,1
224.33,0.0,46.0,178.33,0,1
366.36,0.5,79.95,286.41,1,1
203.9,0.0,18.0,185.9,0,1
656.34,2.5,66.22,590.13,5,1
357.74,0.5,86.46,271.28,1,1
574.45,1.5,117.27,457.18,3,1
195.9,0.0,10.0,185.9,0,1
194.33,0.0,16.0,178.33,0,1
194.33,0.0,16.0,178.33,0,1
460.96,1.0,89.16,371.79,2,1
270.76,0.0,84.86,185.9,0,1
364.08,1.0,30.11,333.97,2,1
395.09,0.5,108.68,286.41,1,1
227.14,0.0,48.81,178.33,0,1
227.9,0.0,42.0,185.9,0,1
213.3,0.0,27.41,185.9,0,1
192.33,0.0,14.0,178.33,0,1
214.22,0.0,28.32,185.9,0,1
313.04,0.5,49.32,263.72,1,1
214.01,0.0,28.11,185.9,0,1
522.09,1.5,95.16,426.92,3,1
287.42,0.5,23.7,263.72,1,1
312.9,0.5,41.62,271.28,1,1
539.65,1.5,105.16,434.49,3,1
201.9,0.0,16.0,185.9,0,1
587.97,1.5,145.92,442.05,3,1
197.9,0.0,12.0,185.9,0,1
263.52,0.0,70.05,193.46,0,1
217.46,0.0,24.0,193.46,0,1
510.66,1.5,98.86,411.79,3,1
288.85,0.5,10.0,278.85,1,1
470.2,1.0,105.97,364.23,2,1
398.17,1.0,71.76,326.41,2,1
272.59,0.5,24.0,248.59,1,1
421.0,1.0,79.46,341.54,2,1
186.33,0.0,8.0,178.33,0,1
196.44,0.0,18.11,178.33,0,1
197.04,0.0,18.7,178.33,0,1
177.21,0.0,14.0,163.21,0,1
400.32,1.0,51.22,349.1,2,1
201.3,0.0,15.41,185.9,0,1
286.49,0.5,53.03,233.46,1,1
241.14,0.0,55.24,185.9,0,1
419.14,1.0,85.16,333.97,2,1
208.6,0.0,22.7,185.9,0,1
169.21,0.0,6.0,163.21,0,1
325.85,0.5,62.14,263.72,1,1
424.91,1.0,68.24,356.67,2,1
194.33,0.0,16.0,178.33,0,1
200.33,0.0,22.0,178.33,0,1
180.02,0.0,16.81,163.21,0,1
171.91,0.0,8.7,163.21,0,1
244.44,0.0,58.54,185.9,0,1
190.33,0.0,12.0,178.33,0,1
255.2,0.0,76.86,178.33,0,1
215.9,0.0,30.0,185.9,0,1
187.74,0.0,9.41,178.33,0,1
433.0,1.0,91.46,341.54,2,1
356.36,1.0,37.51,318.85,2,1
205.44,0.0,27.11,178.33,0,1
179.21,0.0,16.0,163.21,0,1
174.61,0.0,11.41,163.21,0,1
177.91,0.0,14.7,163.21,0,1
527.35,1.5,92.86,434.49,3,1
339.07,0.5,75.35,263.72,1,1
390.51,1.0,56.54,333.97,2,1
376.71,0.5,97.86,278.85,1,1
409.8,1.0,53.14,356.67,2,1
387.16,1.0,45.62,341.54,2,1
212.41,0.0,26.51,185.9,0,1
431.94,1.0,82.84,349.1,2,1
224.82,0.0,38.92,185.9,0,1
217.41,0.0,31.51,185.9,0,1
588.89,2.0,99.27,489.62,4,1
215.84,0.0,14.81,201.03,0,1
321.22,0.5,34.81,286.41,1,1
209.6,0.0,23.7,185.9,0,1
352.9,0.5,74.05,278.85,1,1
239.03,0.0,38.0,201.03,0,1
286.72,0.5,23.0,263.72,1,1
173.21,0.0,10.0,163.21,0,1
371.01,1.0,59.73,311.28,2,1
294.85,0.5,16.0,278.85,1,1
206.71,0.0,20.81,185.9,0,1
171.21,0.0,8.0,163.21,0,1
200.04,0.0,21.7,178.33,0,1
206.33,0.0,28.0,178.33,0,1
456.56,1.5,52.32,404.23,3,1
518.36,1.5,91.43,426.92,3,1
215.46,0.0,22.0,193.46,0,1
493.65,1.5,66.73,426.92,3,1
517.68,1.5,90.76,426.92,3,1
313.66,0.5,34.81,278.85,1,1
220.98,0.0,27.51,193.46,0,1
320.56,0.5,56.84,263.72,1,1
201.14,0.0,22.81,178.33,0,1
200.33,0.0,22.0,178.33,0,1
221.9,0.0,36.0,185.9,0,1
257.79,0.0,79.46,178.33,0,1
456.69,1.0,92.46,364.23,2,1
353.44,0.5,82.16,271.28,1,1
243.89,0.0,50.43,193.46,0,1
201.9,0.0,16.0,185.9,0,1
504.69,1.5,100.46,404.23,3,1
231.46,0.0,38.0,193.46,0,1
455.72,1.0,99.05,356.67,2,1
424.37,1.0,60.14,364.23,2,1
207.9,0.0,22.0,185.9,0,1
406.19,1.0,64.65,341.54,2,1
205.9,0.0,20.0,185.9,0,1
231.52,0.0,45.62,185.9,0,1
449.83,1.5,60.73,389.1,3,1
446.31,1.5,34.51,411.79,3,1
208.71,0.0,22.81,185.9,0,1
195.14,0.0,16.81,178.33,0,1
411.29,1.0,54.62,356.67,2,1
331.21,0.5,75.05,256.15,1,1
234.63,0.0,48.73,185.9,0,1
375.38,1.0,41.41,333.97,2,1
196.33,0.0,18.0,178.33,0,1
203.85,0.0,25.51,178.33,0,1
324.92,0.5,38.51,286.41,1,1
420.84,1.0,86.86,333.97,2,1
199.46,0.0,6.0,193.46,0,1
171.21,0.0,8.0,163.21,0,1
220.82,0.0,34.92,185.9,0,1
239.84,0.0,53.95,185.9,0,1
293.78,0.5,37.62,256.15,1,1
349.55,0.5,63.14,286.41,1,1
204.33,0.0,26.0,178.33,0,1
222.33,0.0,36.43,185.9,0,1
297.88,0.5,41.73,256.15,1,1
200.33,0.0,22.0,178.33,0,1
244.44,0.0,58.54,185.9,0,1
270.87,0.0,84.97,185.9,0,1
656.11,2.5,81.11,575.0,5,1
205.46,0.0,12.0,193.46,0,1
450.37,1.0,101.27,349.1,2,1
278.29,0.5,29.7,248.59,1,1
205.9,0.0,20.0,185.9,0,1
213.9,0.0,28.0,185.9,0,1
333.98,0.5,55.14,278.85,1,1
198.28,0.0,27.51,170.77,0,1
405.76,1.0,79.35,326.41,2,1
434.4,1.0,92.86,341.54,2,1
532.87,1.5,105.95,426.92,3,1
373.42,1.0,62.14,311.28,2,1
323.1,0.5,66.95,256.15,1,1
374.44,1.0,48.03,326.41,2,1
227.57,0.0,34.11,193.46,0,1
313.43,0.5,64.84,248.59,1,1
186.77,0.0,16.0,170.77,0,1
366.35,1.0,24.81,341.54,2,1
505.83,1.5,109.16,396.67,3,1
199.46,0.0,6.0,193.46,0,1
490.69,1.5,86.46,404.23,3,1
215.57,0.0,22.11,193.46,0,1
209.9,0.0,24.0,185.9,0,1
397.87,1.0,71.46,326.41,2,1
515.31,1.5,111.08,404.23,3,1
424.57,1.0,98.16,326.41,2,1
221.47,0.0,43.14,178.33,0,1
206.04,0.0,27.7,178.33,0,1
323.78,0.5,82.76,241.03,1,1
373.96,1.0,70.24,303.72,2,1
370.11,1.0,43.7,326.41,2,1
418.73,1.0,84.76,333.97,2,1
196.33,0.0,18.0,178.33,0,1
297.02,0.5,48.43,248.59,1,1
190.33,0.0,12.0,178.33,0,1
177.31,0.0,14.11,163.21,0,1
422.4,1.0,80.86,341.54,2,1
239.63,0.0,53.73,185.9,0,1
178.91,0.0,15.7,163.21,0,1
374.52,1.0,48.11,326.41,2,1
215.9,0.0,30.0,185.9,0,1
359.61,1.0,48.32,311.28,2,1
180.02,0.0,16.81,163.21,0,1
364.46,0.5,78.05,286.41,1,1
214.71,0.0,28.81,185.9,0,1
428.4,1.0,86.86,341.54,2,1
215.9,0.0,30.0,185.9,0,1
380.77,0.5,109.49,271.28,1,1
573.31,2.0,76.14,497.18,4,1
236.05,0.0,35.03,201.03,0,1
461.64,1.5,72.54,389.1,3,1
190.33,0.0,12.0,178.33,0,1
385.7,1.0,51.73,333.97,2,1
299.12,0.5,35.41,263.72,1,1
217.41,0.0,31.51,185.9,0,1
202.33,0.0,24.0,178.33,0,1
187.21,0.0,24.0,163.21,0,1
177.31,0.0,14.11,163.21,0,1
252.34,0.0,81.57,170.77,0,1
225.46,0.0,32.0,193.46,0,1
194.28,0.0,23.51,170.77,0,1
406.78,1.0,65.24,341.54,2,1
330.15,0.5,66.43,263.72,1,1
213.57,0.0,20.11,193.46,0,1
198.33,0.0,20.0,178.33,0,1
178.21,0.0,15.0,163.21,0,1
190.17,0.0,19.41,170.77,0,1
215.52,0.0,29.62,185.9,0,1
358.61,1.0,47.32,311.28,2,1
184.33,0.0,6.0,178.33,0,1
422.45,1.0,73.35,349.1,2,1
202.33,0.0,24.0,178.33,0,1
278.15,0.5,22.0,256.15,1,1
266.15,0.5,10.0,256.15,1,1
171.21,0.0,8.0,163.21,0,1
572.81,2.0,90.76,482.05,4,1
207.41,0.0,21.51,185.9,0,1
307.98,0.5,36.7,271.28,1,1
181.91,0.0,18.7,163.21,0,1
320.47,0.5,41.62,278.85,1,1
441.11,1.0,99.57,341.54,2,1
404.99,1.0,48.32,356.67,2,1
421.2,0.5,149.92,271.28,1,1
328.22,0.5,41.81,286.41,1,1
363.89,0.5,115.3,248.59,1,1
340.44,0.5,54.03,286.41,1,1
224.27,0.0,30.81,193.46,0,1
214.82,0.0,28.92,185.9,0,1
200.44,0.0,22.11,178.33,0,1
346.44,0.5,60.03,286.41,1,1
230.33,0.0,44.43,185.9,0,1
222.22,0.0,36.32,185.9,0,1
402.76,1.0,76.35,326.41,2,1
418.4,1.0,61.73,356.67,2,1
258.76,0.0,57.73,201.03,0,1
203.04,0.0,24.7,178.33,0,1
281.6,0.5,48.14,233.46,1,1
296.86,0.5,55.84,241.03,1,1
244.77,0.0,81.57,163.21,0,1
169.21,0.0,6.0,163.21,0,1
235.47,0.0,57.14,178.33,0,1
198.33,0.0,20.0,178.33,0,1
280.26,0.5,24.11,256.15,1,1
206.44,0.0,28.11,178.33,0,1
375.05,1.0,33.51,341.54,2,1
203.85,0.0,25.51,178.33,0,1
213.9,0.0,43.14,170.77,0,1
180.02,0.0,16.81,163.21,0,1
189.58,0.0,18.81,170.77,0,1
205.04,0.0,26.7,178.33,0,1
181.21,0.0,18.0,163.21,0,1
272.68,0.5,39.22,233.46,1,1
275.41,0.0,97.08,178.33,0,1
394.57,1.0,53.03,341.54,2,1
194.33,0.0,16.0,178.33,0,1
220.82,0.0,34.92,185.9,0,1
515.55,1.5,103.76,411.79,3,1
238.72,0.0,67.95,170.77,0,1
427.03,1.0,93.05,333.97,2,1
326.97,0.5,33.0,293.97,1,1
221.25,0.0,42.92,178.33,0,1
357.81,0.5,63.84,293.97,1,1
577.37,2.0,87.76,489.62,4,1
314.55,0.5,35.7,278.85,1,1
426.4,1.0,84.86,341.54,2,1
193.04,0.0,14.7,178.33,0,1
507.57,1.0,166.03,341.54,2,1
482.99,1.5,78.76,404.23,3,1
483.32,1.5,86.65,396.67,3,1
333.33,0.5,46.92,286.41,1,1
205.9,0.0,20.0,185.9,0,1
370.28,0.5,83.86,286.41,1,1
391.16,1.0,49.62,341.54,2,1
344.55,0.5,58.14,286.41,1,1
211.46,0.0,18.0,193.46,0,1
506.11,1.5,71.62,434.49,3,1
206.33,0.0,28.0,178.33,0,1
353.36,0.5,66.95,286.41,1,1
490.78,1.5,101.68,389.1,3,1
385.75,1.0,44.22,341.54,2,1
218.55,0.0,40.22,178.33,0,1
541.92,2.0,67.43,474.49,4,1
478.15,1.0,121.49,356.67,2,1
590.86,2.0,101.24,489.62,4,1
374.68,1.0,55.84,318.85,2,1
308.2,0.5,36.92,271.28,1,1
212.66,0.0,34.32,178.33,0,1
487.28,1.5,83.05,404.23,3,1
191.47,0.0,20.7,170.77,0,1
327.05,0.5,78.46,248.59,1,1
191.04,0.0,12.7,178.33,0,1
232.63,0.0,46.73,185.9,0,1
198.9,0.0,13.0,185.9,0,1
252.09,0.0,73.76,178.33,0,1
213.14,0.0,34.81,178.33,0,1
403.67,1.0,62.14,341.54,2,1
271.85,0.0,101.08,170.77,0,1
243.84,0.0,57.95,185.9,0,1
522.03,1.5,87.54,434.49,3,1
206.16,0.0,12.7,193.46,0,1
341.91,0.5,85.76,256.15,1,1
370.44,1.0,44.03,326.41,2,1
216.98,0.0,23.51,193.46,0,1
236.38,0.0,42.92,193.46,0,1
403.14,0.5,124.3,278.85,1,1
416.56,1.0,52.32,364.23,2,1
204.01,0.0,18.11,185.9,0,1
241.44,0.0,55.54,185.9,0,1
174.61,0.0,11.41,163.21,0,1
340.12,0.5,68.84,271.28,1,1
338.63,0.5,67.35,271.28,1,1
217.95,0.0,39.62,178.33,0,1
630.03,2.0,110.16,519.87,4,1
671.65,2.5,96.65,575.0,5,1
450.33,0.5,163.92,286.41,1,1
681.76,2.0,161.89,519.87,4,1
333.23,0.5,61.95,271.28,1,1
208.71,0.0,22.81,185.9,0,1
212.44,0.0,34.11,178.33,0,1
427.32,1.0,70.65,356.67,2,1
233.24,0.0,32.22,201.03,0,1
197.44,0.0,19.11,178.33,0,1
235.53,0.0,64.76,170.77,0,1
188.33,0.0,10.0,178.33,0,1
418.08,1.0,76.54,341.54,2,1
183.21,0.0,20.0,163.21,0,1
532.4,1.5,90.35,442.05,3,1
354.95,1.0,36.11,318.85,2,1
214.16,0.0,20.7,193.46,0,1
215.41,0.0,29.51,185.9,0,1
198.33,0.0,20.0,178.33,0,1
368.46,0.5,82.05,286.41,1,1
371.63,1.0,45.22,326.41,2,1
332.71,0.5,61.43,271.28,1,1
203.9,0.0,18.0,185.9,0,1
226.33,0.0,40.43,185.9,0,1
186.77,0.0,16.0,170.77,0,1
372.35,1.0,30.81,341.54,2,1
242.28,0.0,63.95,178.33,0,1
442.81,1.0,101.27,341.54,2,1
446.16,1.0,97.05,349.1,2,1
197.44,0.0,19.11,178.33,0,1
210.01,0.0,24.11,185.9,0,1
365.55,0.5,94.27,271.28,1,1
410.27,1.0,68.73,341.54,2,1
212.61,0.0,41.84,170.77,0,1
369.17,0.5,82.76,286.41,1,1
434.56,1.0,85.46,349.1,2,1
211.52,0.0,25.62,185.9,0,1
361.8,0.5,98.08,263.72,1,1
460.34,1.5,56.11,404.23,3,1
213.41,0.0,27.51,185.9,0,1
365.54,1.0,24.0,341.54,2,1
384.46,1.0,42.92,341.54,2,1
211.57,0.0,18.11,193.46,0,1
206.6,0.0,20.7,185.9,0,1
328.56,0.5,64.84,263.72,1,1
210.01,0.0,24.11,185.9,0,1
451.67,1.0,102.57,349.1,2,1
486.75,1.0,145.22,341.54,2,1
320.24,0.5,71.65,248.59,1,1
316.85,0.5,53.14,263.72,1,1
512.61,2.0,75.95,436.67,4,1
255.11,0.0,61.65,193.46,0,1
205.9,0.0,20.0,185.9,0,1
429.1,1.0,72.43,356.67,2,1
210.43,0.0,9.41,201.03,0,1
212.87,0.0,19.41,193.46,0,1
208.71,0.0,22.81,185.9,0,1
301.48,0.5,45.32,256.15,1,1
420.8,1.0,64.14,356.67,2,1
582.99,2.0,78.24,504.74,4,1
390.86,1.0,49.32,341.54,2,1
236.38,0.0,42.92,193.46,0,1
469.26,1.5,65.03,404.23,3,1
377.12,0.5,98.27,278.85,1,1
223.46,0.0,30.0,193.46,0,1
360.73,0.5,74.32,286.41,1,1
576.68,2.0,56.81,519.87,4,1
256.84,0.0,70.95,185.9,0,1
349.58,0.5,85.86,263.72,1,1
207.9,0.0,22.0,185.9,0,1
488.13,1.5,91.46,396.67,3,1
169.21,0.0,6.0,163.21,0,1
199.04,0.0,20.7,178.33,0,1
264.38,0.5,30.92,233.46,1,1
345.86,0.5,97.27,248.59,1,1
288.15,0.5,32.0,256.15,1,1
199.04,0.0,20.7,178.33,0,1
215.11,0.0,29.22,185.9,0,1
203.85,0.0,25.51,178.33,0,1
302.67,0.5,46.51,256.15,1,1
188.33,0.0,10.0,178.33,0,1
272.27,0.0,71.24,201.03,0,1
212.77,0.0,42.0,170.77,0,1
261.38,0.5,27.92,233.46,1,1
388.05,1.0,46.51,341.54,2,1
398.95,1.0,72.54,326.41,2,1
429.26,1.0,80.16,349.1,2,1
411.64,1.0,62.54,349.1,2,1
245.03,0.0,59.14,185.9,0,1
433.26,1.0,84.16,349.1,2,1
204.87,0.0,11.41,193.46,0,1
300.18,0.5,44.03,256.15,1,1
188.33,0.0,10.0,178.33,0,1
305.56,0.5,49.41,256.15,1,1
361.36,0.5,74.95,286.41,1,1
517.55,1.5,105.76,411.79,3,1
382.73,1.0,56.32,326.41,2,1
171.21,0.0,8.0,163.21,0,1
432.07,1.0,67.84,364.23,2,1
234.63,0.0,48.73,185.9,0,1
200.33,0.0,22.0,178.33,0,1
317.92,0.5,31.51,286.41,1,1
530.9,1.5,103.97,426.92,3,1
204.6,0.0,18.7,185.9,0,1
372.35,1.0,30.81,341.54,2,1
201.14,0.0,22.81,178.33,0,1
175.21,0.0,12.0,163.21,0,1
247.48,0.0,84.27,163.21,0,1
430.15,1.0,65.92,364.23,2,1
322.4,0.5,66.24,256.15,1,1
302.32,0.5,53.73,248.59,1,1
415.5,1.0,58.84,356.67,2,1
429.81,1.0,88.27,341.54,2,1
266.01,0.0,87.68,178.33,0,1
180.02,0.0,16.81,163.21,0,1
377.87,0.5,91.46,286.41,1,1
346.58,0.5,82.86,263.72,1,1
200.33,0.0,22.0,178.33,0,1
224.82,0.0,38.92,185.9,0,1
295.07,0.5,38.92,256.15,1,1
205.25,0.0,26.92,178.33,0,1
236.52,0.0,50.62,185.9,0,1
403.53,1.0,54.43,349.1,2,1
215.9,0.0,30.0,185.9,0,1
335.93,0.5,64.65,271.28,1,1
377.86,1.0,36.32,341.54,2,1
578.16,2.0,88.54,489.62,4,1
408.67,1.0,67.14,341.54,2,1
232.6,0.0,39.14,193.46,0,1
186.33,0.0,8.0,178.33,0,1
226.16,0.0,32.7,193.46,0,1
228.41,0.0,42.51,185.9,0,1
305.57,0.5,64.54,241.03,1,1
194.12,0.0,30.92,163.21,0,1
419.75,1.0,70.65,349.1,2,1
462.8,1.0,98.57,364.23,2,1
312.34,0.0,149.14,163.21,0,1
199.9,0.0,14.0,185.9,0,1
211.09,0.0,40.32,170.77,0,1
476.77,1.5,72.54,404.23,3,1
219.9,0.0,34.0,185.9,0,1
181.21,0.0,18.0,163.21,0,1
314.99,0.5,58.84,256.15,1,1
240.44,0.0,54.54,185.9,0,1
508.87,1.5,81.95,426.92,3,1
235.84,0.0,34.81,201.03,0,1
429.31,1.0,125.59,303.72,2,1
296.59,0.0,95.57,201.03,0,1
359.6,0.5,80.76,278.85,1,1
249.63,0.0,78.86,170.77,0,1
381.57,0.5,95.16,286.41,1,1
266.25,0.0,80.35,185.9,0,1
539.05,2.0,102.38,436.67,4,1
243.42,0.0,72.65,170.77,0,1
586.72,2.0,89.54,497.18,4,1
216.55,0.0,38.22,178.33,0,1
192.44,0.0,14.11,178.33,0,1
496.36,1.5,69.43,426.92,3,1
213.9,0.0,28.0,185.9,0,1
208.33,0.0,30.0,178.33,0,1
188.28,0.0,17.51,170.77,0,1
190.77,0.0,20.0,170.77,0,1
313.8,0.5,57.65,256.15,1,1
171.21,0.0,8.0,163.21,0,1
284.37,0.5,28.22,256.15,1,1
200.33,0.0,22.0,178.33,0,1
433.21,1.0,91.68,341.54,2,1
389.44,1.0,63.03,326.41,2,1
310.88,0.5,54.73,256.15,1,1
220.11,0.0,34.22,185.9,0,1
330.63,0.5,44.22,286.41,1,1
208.33,0.0,30.0,178.33,0,1
337.87,0.5,59.03,278.85,1,1
592.39,2.0,72.51,519.87,4,1
210.71,0.0,24.81,185.9,0,1
402.78,1.0,61.24,341.54,2,1
213.9,0.0,28.0,185.9,0,1
475.7,1.0,126.59,349.1,2,1
176.21,0.0,13.0,163.21,0,1
480.28,1.0,116.05,364.23,2,1
311.5,0.5,40.22,271.28,1,1
175.21,0.0,12.0,163.21,0,1
298.74,0.5,35.03,263.72,1,1
171.21,0.0,8.0,163.21,0,1
305.69,0.5,49.54,256.15,1,1
184.17,0.0,13.41,170.77,0,1
324.11,0.5,37.7,286.41,1,1
329.33,0.5,42.92,286.41,1,1
208.14,0.0,29.81,178.33,0,1
179.21,0.0,16.0,163.21,0,1
208.39,0.0,37.62,170.77,0,1
248.44,0.0,62.54,185.9,0,1
378.11,1.0,51.7,326.41,2,1
371.2,0.5,107.49,263.72,1,1
193.74,0.0,15.41,178.33,0,1
419.85,1.0,55.62,364.23,2,1
335.42,0.5,64.14,271.28,1,1
250.33,0.0,64.43,185.9,0,1
186.77,0.0,16.0,170.77,0,1
191.12,0.0,27.92,163.21,0,1
551.41,2.0,92.05,459.36,4,1
338.01,0.5,66.73,271.28,1,1
331.58,0.5,52.73,278.85,1,1
284.07,0.5,27.92,256.15,1,1
208.41,0.0,22.51,185.9,0,1
375.75,1.0,34.22,341.54,2,1
393.65,1.0,67.24,326.41,2,1
342.44,0.5,56.03,286.41,1,1
191.58,0.0,20.81,170.77,0,1
451.83,1.0,95.16,356.67,2,1
202.33,0.0,24.0,178.33,0,1
306.69,0.5,50.54,256.15,1,1
253.14,0.0,67.24,185.9,0,1
524.88,1.5,113.08,411.79,3,1
211.9,0.0,26.0,185.9,0,1
404.17,1.0,77.76,326.41,2,1
231.53,0.0,60.76,170.77,0,1
655.26,2.0,150.51,504.74,4,1
490.18,1.5,85.95,404.23,3,1
581.92,2.0,99.86,482.05,4,1
195.9,0.0,10.0,185.9,0,1
402.19,1.0,60.65,341.54,2,1
431.75,1.0,82.65,349.1,2,1
314.74,0.5,51.03,263.72,1,1
420.2,0.5,148.92,271.28,1,1
243.3,0.0,49.84,193.46,0,1
662.48,2.5,79.92,582.56,5,1
507.62,1.5,73.14,434.49,3,1
208.16,0.0,14.7,193.46,0,1
205.3,0.0,19.41,185.9,0,1
212.6,0.0,26.7,185.9,0,1
249.84,0.0,63.95,185.9,0,1
392.41,1.0,58.43,333.97,2,1
240.44,0.0,54.54,185.9,0,1
439.13,1.0,82.46,356.67,2,1
324.21,0.5,68.05,256.15,1,1
255.25,0.0,69.35,185.9,0,1
196.33,0.0,18.0,178.33,0,1
201.04,0.0,22.7,178.33,0,1
220.47,0.0,42.14,178.33,0,1
236.33,0.0,50.43,185.9,0,1
202.01,0.0,16.11,185.9,0,1
359.92,1.0,33.51,326.41,2,1
403.64,1.0,54.54,349.1,2,1
305.42,0.5,41.7,263.72,1,1
227.03,0.0,41.14,185.9,0,1
200.01,0.0,14.11,185.9,0,1
432.12,1.0,60.32,371.79,2,1
316.15,0.5,52.43,263.72,1,1
226.72,0.0,55.95,170.77,0,1
206.55,0.0,28.22,178.33,0,1
376.51,1.0,27.41,349.1,2,1
194.33,0.0,16.0,178.33,0,1
322.59,0.5,81.57,241.03,1,1
429.81,1.0,88.27,341.54,2,1
194.33,0.0,16.0,178.33,0,1
355.6,0.5,76.76,278.85,1,1
229.52,0.0,43.62,185.9,0,1
492.95,1.5,66.03,426.92,3,1
417.0,1.0,75.46,341.54,2,1
297.88,0.5,41.73,256.15,1,1
238.94,0.0,37.92,201.03,0,1
182.88,0.0,12.11,170.77,0,1
479.04,1.5,67.24,411.79,3,1
222.82,0.0,36.92,185.9,0,1
217.11,0.0,31.22,185.9,0,1
207.09,0.0,36.32,170.77,0,1
203.09,0.0,32.32,170.77,0,1
408.32,1.0,59.22,349.1,2,1
281.89,0.5,48.43,233.46,1,1
357.11,0.5,63.14,293.97,1,1
213.9,0.0,28.0,185.9,0,1
190.77,0.0,20.0,170.77,0,1
482.44,1.5,55.51,426.92,3,1
217.87,0.0,24.41,193.46,0,1
253.16,0.5,19.7,233.46,1,1
216.82,0.0,30.92,185.9,0,1
197.04,0.0,18.7,178.33,0,1
212.71,0.0,26.81,185.9,0,1
401.7,1.0,67.73,333.97,2,1
218.38,0.0,24.92,193.46,0,1
276.26,0.5,20.11,256.15,1,1
177.31,0.0,14.11,163.21,0,1
204.33,0.0,26.0,178.33,0,1
177.47,0.0,6.7,170.77,0,1
378.3,1.0,44.32,333.97,2,1
206.41,0.0,20.51,185.9,0,1
186.33,0.0,8.0,178.33,0,1
455.69,1.0,91.46,364.23,2,1
484.54,1.5,57.62,426.92,3,1
221.13,0.0,20.11,201.03,0,1
237.74,0.0,51.84,185.9,0,1
265.95,0.0,80.05,185.9,0,1
489.2,1.5,69.84,419.36,3,1
374.65,0.5,88.24,286.41,1,1
219.46,0.0,26.0,193.46,0,1
171.21,0.0,8.0,163.21,0,1
363.39,0.5,84.54,278.85,1,1
209.46,0.0,16.0,193.46,0,1
308.72,0.5,60.14,248.59,1,1
312.8,0.5,41.51,271.28,1,1
318.74,0.5,55.03,263.72,1,1
216.6,0.0,30.7,185.9,0,1
434.04,1.5,29.81,404.23,3,1
186.33,0.0,8.0,178.33,0,1
251.79,0.0,73.46,178.33,0,1
194.77,0.0,24.0,170.77,0,1
228.01,0.0,57.24,170.77,0,1
177.31,0.0,14.11,163.21,0,1
178.91,0.0,15.7,163.21,0,1
321.41,0.5,35.0,286.41,1,1
324.26,0.5,60.54,263.72,1,1
220.06,0.0,41.73,178.33,0,1
349.25,0.5,62.84,286.41,1,1
179.21,0.0,16.0,163.21,0,1
372.87,0.5,86.46,286.41,1,1
294.78,0.5,38.62,256.15,1,1
347.3,0.5,53.32,293.97,1,1
402.67,1.0,61.14,341.54,2,1
231.52,0.0,45.62,185.9,0,1
204.85,0.0,26.51,178.33,0,1
207.3,0.0,21.41,185.9,0,1
218.66,0.0,40.32,178.33,0,1
169.21,0.0,6.0,163.21,0,1
330.77,0.5,51.92,278.85,1,1
238.33,0.0,52.43,185.9,0,1
207.14,0.0,28.81,178.33,0,1
446.06,1.5,79.65,366.41,3,1
318.62,0.5,85.16,233.46,1,1
207.6,0.0,21.7,185.9,0,1
438.26,1.0,89.16,349.1,2,1
292.41,0.5,58.95,233.46,1,1
203.74,0.0,25.41,178.33,0,1
488.49,1.5,69.14,419.36,3,1
349.25,0.5,62.84,286.41,1,1
206.33,0.0,28.0,178.33,0,1
280.15,0.5,24.0,256.15,1,1
171.21,0.0,8.0,163.21,0,1
178.91,0.0,15.7,163.21,0,1
229.11,0.0,43.22,185.9,0,1
241.39,0.0,63.05,178.33,0,1
200.33,0.0,22.0,178.33,0,1
517.64,1.0,153.41,364.23,2,1
307.39,0.5,36.11,271.28,1,1
418.33,1.0,84.35,333.97,2,1
308.36,0.5,29.51,278.85,1,1
450.53,1.0,93.86,356.67,2,1
396.39,1.0,77.54,318.85,2,1
320.92,0.5,34.51,286.41,1,1
203.85,0.0,25.51,178.33,0,1
221.36,0.0,43.03,178.33,0,1
186.02,0.0,22.81,163.21,0,1
604.01,2.0,84.14,519.87,4,1
383.61,0.5,119.89,263.72,1,1
198.33,0.0,20.0,178.33,0,1
571.24,1.5,129.19,442.05,3,1
226.13,0.0,25.11,201.03,0,1
496.9,1.5,77.54,419.36,3,1
186.33,0.0,8.0,178.33,0,1
171.21,0.0,8.0,163.21,0,1
362.41,0.5,83.57,278.85,1,1
448.13,1.0,91.46,356.67,2,1
263.95,0.0,78.05,185.9,0,1
223.01,0.0,37.11,185.9,0,1
217.47,0.0,39.14,178.33,0,1
365.13,0.5,124.11,241.03,1,1
391.06,1.0,64.65,326.41,2,1
316.85,0.5,38.0,278.85,1,1
225.46,0.0,32.0,193.46,0,1
503.3,1.5,83.95,419.36,3,1
316.36,0.5,37.51,278.85,1,1
199.14,0.0,20.81,178.33,0,1
407.46,1.0,81.05,326.41,2,1
216.71,0.0,30.81,185.9,0,1
373.75,1.0,32.22,341.54,2,1
194.33,0.0,16.0,178.33,0,1
317.64,0.5,53.92,263.72,1,1
390.57,1.0,49.03,341.54,2,1
241.44,0.0,55.54,185.9,0,1
190.77,0.0,20.0,170.77,0,1
343.73,0.5,57.32,286.41,1,1
284.76,0.5,43.73,241.03,1,1
430.38,1.0,103.97,326.41,2,1
353.29,0.5,89.57,263.72,1,1
340.75,0.5,92.16,248.59,1,1
195.04,0.0,16.7,178.33,0,1
171.91,0.0,8.7,163.21,0,1
174.61,0.0,11.41,163.21,0,1
177.91,0.0,14.7,163.21,0,1
363.54,1.0,22.0,341.54,2,1
212.01,0.0,26.11,185.9,0,1
222.22,0.0,36.32,185.9,0,1
444.83,1.0,88.16,356.67,2,1
559.03,2.0,84.54,474.49,4,1
199.9,0.0,14.0,185.9,0,1
395.44,1.0,84.16,311.28,2,1
511.36,1.5,99.57,411.79,3,1
285.67,0.5,29.51,256.15,1,1
217.44,0.0,39.11,178.33,0,1
545.06,1.5,125.7,419.36,3,1
296.09,0.5,24.81,271.28,1,1
295.64,0.5,31.92,263.72,1,1
321.41,0.5,35.0,286.41,1,1
227.68,0.0,34.22,193.46,0,1
352.31,1.0,41.03,311.28,2,1
256.27,0.5,22.81,233.46,1,1
232.33,0.0,54.0,178.33,0,1
302.48,0.5,46.32,256.15,1,1
314.78,0.5,58.62,256.15,1,1
203.14,0.0,24.81,178.33,0,1
337.14,0.5,50.73,286.41,1,1
332.03,0.5,45.62,286.41,1,1
320.82,0.5,34.41,286.41,1,1
403.48,1.0,46.81,356.67,2,1
316.55,0.5,37.7,278.85,1,1
461.44,1.0,89.65,371.79,2,1
526.27,1.5,99.35,426.92,3,1
308.83,0.5,45.11,263.72,1,1
