"Total_Cost","Ratio_Reloc_Prod","Horiz_Cost","Vert_Cost","nReloc","non_Optimal"
222835.95,0.4493,32451.94,190383.93,674,150
1219.13,0.1,174.0,1045.13,1,1
1527.76,0.5,224.3,1303.46,5,1
1283.16,0.2,152.65,1130.51,2,1
1492.97,0.4,214.38,1278.59,4,1
1320.76,0.1,298.32,1022.44,1,1
1608.89,0.6,189.78,1419.1,6,1
1238.28,0.2,183.41,1054.87,2,1
1812.33,0.7,315.41,1496.92,7,1
1700.0,0.7,187.95,1512.05,7,1
1877.2,0.8,287.32,1589.87,8,1
1800.13,0.8,248.08,1552.05,8,1
1529.67,0.5,211.08,1318.59,5,1
1521.83,0.4,228.11,1293.72,4,1
1361.52,0.3,198.57,1162.95,3,1
1682.64,0.6,263.54,1419.1,6,1
1636.15,0.6,209.49,1426.67,6,1
1023.54,0.0,154.57,868.97,0,1
1089.69,0.0,182.89,906.79,0,1
927.96,0.0,89.24,838.72,0,1
2172.31,1.2,316.54,1855.77,12,1
1392.02,0.3,198.81,1193.21,3,1
1475.3,0.4,219.41,1255.9,4,1
1625.71,0.6,229.3,1396.41,6,1
1231.23,0.1,223.92,1007.31,1,1
1283.21,0.2,198.08,1085.13,2,1
1502.25,0.5,213.92,1288.33,5,1
1419.89,0.5,169.38,1250.51,5,1
1496.7,0.4,271.05,1225.64,4,1
1354.19,0.3,183.68,1170.51,3,1
1417.85,0.4,177.08,1240.77,4,1
1838.93,0.8,256.62,1582.31,8,1
1603.82,0.5,247.41,1356.41,5,1
1521.03,0.5,225.14,1295.9,5,1
1725.75,0.6,299.08,1426.67,6,1
1356.82,0.4,169.0,1187.82,4,1
1218.64,0.2,125.95,1092.69,2,1
1821.15,0.8,299.35,1521.79,8,1
1429.69,0.3,228.92,1200.77,3,1
1272.61,0.2,172.35,1100.26,2,1
1142.85,0.2,103.11,1039.74,2,1
1558.67,0.5,247.65,1311.03,5,1
1685.08,0.6,341.62,1343.46,6,1
1522.5,0.5,241.73,1280.77,5,1
1544.26,0.5,218.11,1326.15,5,1
1386.25,0.3,223.3,1162.95,3,1
1457.31,0.4,224.11,1233.21,4,1
1433.62,0.4,170.16,1263.46,4,1
1288.3,0.2,218.3,1070.0,2,1
1655.68,0.6,266.84,1388.85,6,1
1670.01,0.5,321.16,1348.85,5,1
1459.01,0.3,258.24,1200.77,3,1
1265.36,0.3,170.49,1094.87,3,1
1210.52,0.2,155.65,1054.87,2,1
1303.92,0.2,233.92,1070.0,2,1
1549.4,0.5,230.81,1318.59,5,1
1326.75,0.3,201.62,1125.13,3,1
1437.74,0.5,156.97,1280.77,5,1
1586.43,0.5,282.97,1303.46,5,1
1862.26,0.8,295.08,1567.18,8,1
1696.67,0.6,277.57,1419.1,6,1
1034.58,0.1,80.22,954.36,1,1
1558.22,0.5,254.76,1303.46,5,1
1761.68,0.7,257.19,1504.49,7,1
1548.01,0.5,259.68,1288.33,5,1
1625.7,0.6,206.59,1419.1,6,1
1295.49,0.3,132.54,1162.95,3,1
1313.58,0.3,180.89,1132.69,3,1
1526.82,0.5,185.54,1341.28,5,1
1534.22,0.4,270.76,1263.46,4,1
1462.93,0.4,229.73,1233.21,4,1
1155.24,0.1,178.19,977.05,1,1
1312.87,0.3,165.05,1147.82,3,1
1567.94,0.6,201.78,1366.15,6,1
1718.16,0.7,213.68,1504.49,7,1
1670.38,0.6,258.84,1411.54,6,1
1908.34,0.9,301.16,1607.18,9,1
1409.91,0.4,184.27,1225.64,4,1
1919.44,0.9,236.62,1682.82,9,1
1109.95,0.1,140.46,969.49,1,1
1847.69,0.8,325.89,1521.79,8,1
1300.61,0.4,127.92,1172.69,4,1
1750.33,0.7,245.84,1504.49,7,1
1203.85,0.1,204.11,999.74,1,1
1420.15,0.4,186.95,1233.21,4,1
1526.85,0.5,185.57,1341.28,5,1
1864.17,0.8,327.24,1536.92,8,1
1651.39,0.7,222.54,1428.85,7,1
1349.52,0.3,186.57,1162.95,3,1
1402.02,0.3,208.81,1193.21,3,1
1660.9,0.7,171.54,1489.36,7,1
1533.94,0.5,222.92,1311.03,5,1
1373.85,0.4,193.59,1180.26,4,1
1702.29,0.7,243.19,1459.1,7,1
1353.66,0.3,145.32,1208.33,3,1
1583.59,0.6,217.43,1366.15,6,1
1960.68,0.8,363.24,1597.44,8,1
1063.11,0.1,93.62,969.49,1,1
1674.06,0.6,277.65,1396.41,6,1
1642.22,0.6,245.81,1396.41,6,1
1915.49,0.9,285.62,1629.87,9,1
1630.03,0.5,266.05,1363.97,5,1
1397.44,0.3,249.62,1147.82,3,1
1404.75,0.5,131.54,1273.21,5,1
1730.59,0.7,271.49,1459.1,7,1
1625.16,0.6,221.19,1403.97,6,1
1486.73,0.3,316.22,1170.51,3,1
1633.78,0.7,227.62,1406.15,7,1
1428.95,0.4,218.43,1210.51,4,1
1630.16,0.6,218.62,1411.54,6,1
1562.23,0.6,196.08,1366.15,6,1
1148.97,0.2,124.35,1024.62,2,1
1324.37,0.2,239.24,1085.13,2,1
1289.35,0.4,139.35,1150.0,4,1
1619.09,0.6,237.81,1381.28,6,1
1506.93,0.5,218.59,1288.33,5,1
1112.05,0.1,127.43,984.62,1,1
1342.2,0.4,154.38,1187.82,4,1
1846.39,0.8,324.59,1521.79,8,1
1510.3,0.5,214.41,1295.9,5,1
1373.57,0.4,163.05,1210.51,4,1
1628.79,0.6,224.81,1403.97,6,1
1368.44,0.4,165.49,1202.95,4,1
1414.91,0.3,236.84,1178.08,3,1
1325.58,0.2,232.89,1092.69,2,1
1354.4,0.3,168.76,1185.64,3,1
1331.17,0.3,175.78,1155.38,3,1
1250.22,0.2,187.78,1062.44,2,1
1352.06,0.5,124.24,1227.82,5,1
1605.4,0.6,239.24,1366.15,6,1
1253.44,0.2,191.0,1062.44,2,1
1050.93,0.0,144.14,906.79,0,1
1834.07,0.9,226.89,1607.18,9,1
1269.8,0.2,169.54,1100.26,2,1
1240.88,0.2,155.76,1085.13,2,1
1540.82,0.6,212.49,1328.33,6,1
1209.42,0.2,169.68,1039.74,2,1
1351.53,0.3,218.84,1132.69,3,1
1250.62,0.3,133.05,1117.56,3,1
1456.04,0.5,182.84,1273.21,5,1
1324.08,0.3,161.14,1162.95,3,1
1656.74,0.6,328.41,1328.33,6,1
1338.1,0.3,205.41,1132.69,3,1
1531.91,0.5,198.19,1333.72,5,1
1701.14,0.6,297.16,1403.97,6,1
1375.44,0.4,180.05,1195.38,4,1
1781.94,0.7,315.27,1466.67,7,1
1411.2,0.5,183.38,1227.82,5,1
1958.37,0.8,345.81,1612.56,8,1
1531.9,0.5,251.14,1280.77,5,1
1464.44,0.4,269.05,1195.38,4,1
