"Total_Cost","Ratio_Reloc_Prod","Horiz_Cost","Vert_Cost","nReloc","non_Optimal"
237532.32,0.438,46164.26,191368.03,657,218
1562.4,1.0,746.38,816.03,5,1
1084.49,1.0,230.65,853.85,5,1
855.2,0.6,141.86,713.33,3,0
648.28,0.2,83.03,565.26,1,0
1196.55,1.2,181.68,1014.87,6,1
1411.82,1.8,224.0,1187.82,9,1
756.53,0.4,98.32,658.21,2,1
1107.77,1.0,208.54,899.23,5,1
519.01,0.0,46.7,472.31,0,0
786.44,0.4,166.05,620.38,2,0
524.28,0.0,59.54,464.74,0,1
744.03,0.4,116.08,627.95,2,1
1022.82,1.0,168.97,853.85,5,1
645.3,0.2,64.92,580.38,1,0
603.62,0.2,68.62,535.0,1,1
512.15,0.0,47.41,464.74,0,0
912.09,0.8,151.19,760.9,4,1
855.91,0.6,104.76,751.15,3,1
597.29,0.2,54.73,542.56,1,0
558.09,0.2,38.22,519.87,1,1
660.83,0.2,118.27,542.56,1,1
768.56,0.6,77.92,690.64,3,1
733.38,0.4,105.43,627.95,2,0
861.66,0.6,155.89,705.77,3,1
943.06,0.8,121.65,821.41,4,1
615.78,0.2,73.22,542.56,1,1
975.46,1.0,114.05,861.41,5,1
736.25,0.4,115.86,620.38,2,1
587.99,0.0,138.38,449.62,0,1
740.82,0.6,80.43,660.38,3,1
793.92,0.4,226.49,567.44,2,1
759.26,0.4,101.05,658.21,2,0
871.54,0.8,87.95,783.59,4,1
875.0,0.6,138.97,736.03,3,1
786.95,0.4,151.43,635.51,2,1
964.29,0.8,165.57,798.72,4,1
1133.87,1.4,131.95,1001.92,7,1
634.72,0.2,77.03,557.69,1,1
624.24,0.2,74.11,550.13,1,0
682.54,0.2,139.97,542.56,1,0
536.18,0.2,39.0,497.18,1,0
609.19,0.2,66.62,542.56,1,1
1021.81,0.4,439.24,582.56,2,1
706.18,0.2,148.49,557.69,1,0
825.58,0.6,112.24,713.33,3,1
1008.42,0.8,202.14,806.28,4,1
879.0,0.6,195.92,683.08,3,1
537.13,0.0,79.95,457.18,0,1
694.59,0.2,159.59,535.0,1,0
1052.21,1.0,236.19,816.03,5,1
1006.86,0.8,223.27,783.59,4,1
865.0,0.6,136.54,728.46,3,1
722.54,0.4,87.03,635.51,2,1
565.87,0.2,46.0,519.87,1,1
698.22,0.4,77.84,620.38,2,0
1073.0,0.8,296.97,776.03,4,1
740.17,0.4,127.35,612.82,2,0
745.99,0.4,80.22,665.77,2,0
774.66,0.4,116.46,658.21,2,1
765.36,0.4,144.97,620.38,2,1
628.26,0.0,163.51,464.74,0,1
820.5,0.6,114.73,705.77,3,1
1048.32,0.8,257.16,791.15,4,1
985.0,1.0,116.03,868.97,5,1
667.09,0.4,46.7,620.38,2,0
957.16,0.8,113.05,844.1,4,1
816.94,0.6,80.92,736.03,3,1
624.29,0.2,81.73,542.56,1,0
666.34,0.2,108.65,557.69,1,0
750.19,0.4,114.68,635.51,2,1
590.07,0.0,132.89,457.18,0,1
668.75,0.2,111.05,557.69,1,1
454.06,0.0,34.7,419.36,0,0
670.4,0.4,72.7,597.69,2,1
958.96,0.8,152.68,806.28,4,1
597.27,0.2,54.7,542.56,1,1
953.41,0.6,224.95,728.46,3,0
642.8,0.2,85.11,557.69,1,1
1080.19,1.0,211.22,868.97,5,1
640.33,0.2,67.51,572.82,1,0
639.74,0.2,66.92,572.82,1,1
675.75,0.2,118.05,557.69,1,0
883.61,0.6,185.41,698.21,3,1
726.03,0.4,105.65,620.38,2,0
643.84,0.2,123.97,519.87,1,1
536.65,0.0,102.16,434.49,0,0
904.94,0.8,121.35,783.59,4,1
819.28,0.8,73.51,745.77,4,1
700.7,0.4,110.57,590.13,2,0
697.74,0.2,132.49,565.26,1,1
575.74,0.2,63.43,512.31,1,1
589.12,0.2,69.24,519.87,1,1
455.36,0.0,36.0,419.36,0,0
587.56,0.2,45.0,542.56,1,1
448.76,0.0,29.41,419.36,0,0
999.25,0.8,185.41,813.85,4,1
662.5,0.4,64.81,597.69,2,1
876.81,0.6,148.35,728.46,3,1
1251.68,1.6,149.24,1102.44,8,1
1010.69,0.8,219.54,791.15,4,1
574.17,0.0,86.73,487.44,0,1
831.39,0.6,133.19,698.21,3,1
1002.55,1.0,156.27,846.28,5,1
662.74,0.2,89.92,572.82,1,1
1014.6,0.8,185.62,828.97,4,1
823.74,0.6,102.84,720.9,3,1
826.34,0.4,175.7,650.64,2,1
657.59,0.2,107.46,550.13,1,0
719.2,0.2,153.95,565.26,1,1
541.56,0.0,91.95,449.62,0,0
625.3,0.0,130.3,495.0,0,0
1130.6,1.0,261.62,868.97,5,1
719.23,0.4,61.03,658.21,2,0
641.44,0.2,68.62,572.82,1,1
661.59,0.2,111.46,550.13,1,0
899.49,0.8,123.46,776.03,4,1
541.83,0.0,84.65,457.18,0,0
1240.54,1.4,178.11,1062.44,7,1
525.56,0.0,75.95,449.62,0,1
720.82,0.2,148.0,572.82,1,0
855.2,0.4,189.43,665.77,2,1
560.2,0.0,80.32,479.87,0,0
976.54,0.8,147.57,828.97,4,1
482.02,0.0,32.41,449.62,0,1
799.48,0.4,141.27,658.21,2,0
752.04,0.4,93.84,658.21,2,1
541.93,0.0,69.62,472.31,0,0
658.89,0.2,123.89,535.0,1,0
600.14,0.4,32.7,567.44,2,1
1145.42,1.0,299.14,846.28,5,1
553.28,0.0,88.54,464.74,0,1
510.64,0.0,61.03,449.62,0,0
647.9,0.2,135.59,512.31,1,1
644.21,0.2,86.51,557.69,1,1
905.1,0.8,113.95,791.15,4,1
802.21,0.6,111.57,690.64,3,1
482.46,0.0,40.41,442.05,0,1
1094.85,1.4,108.05,986.79,7,1
702.99,0.4,112.86,590.13,2,1
987.51,0.8,150.97,836.54,4,1
914.75,0.6,163.59,751.15,3,1
918.73,0.8,150.27,768.46,4,1
912.59,0.8,121.43,791.15,4,1
592.48,0.2,49.92,542.56,1,1
911.9,1.0,126.14,785.77,5,1
549.69,0.0,84.95,464.74,0,1
626.57,0.0,146.7,479.87,0,0
809.22,0.6,88.32,720.9,3,1
579.63,0.0,99.76,479.87,0,1
646.99,0.2,96.86,550.13,1,1
790.09,0.6,84.32,705.77,3,1
1160.7,0.6,477.62,683.08,3,1
507.05,0.0,57.43,449.62,0,1
627.96,0.0,163.22,464.74,0,1
530.37,0.0,65.62,464.74,0,0
804.99,0.6,167.3,637.69,3,1
558.47,0.0,86.16,472.31,0,0
1759.98,0.8,999.08,760.9,4,1
845.21,0.6,147.0,698.21,3,1
691.9,0.2,119.08,572.82,1,1
701.41,0.2,113.46,587.95,1,1
562.95,0.0,75.51,487.44,0,1
1466.3,0.6,805.92,660.38,3,1
729.86,0.4,94.35,635.51,2,1
1021.21,0.8,230.05,791.15,4,1
630.19,0.2,87.62,542.56,1,1
839.01,0.6,125.68,713.33,3,1
665.26,0.2,107.57,557.69,1,0
782.2,0.4,161.81,620.38,2,0
692.52,0.2,112.14,580.38,1,0
631.79,0.2,51.41,580.38,1,1
736.58,0.4,70.81,665.77,2,0
948.75,0.8,157.59,791.15,4,1
627.04,0.2,54.22,572.82,1,0
779.31,0.4,113.54,665.77,2,1
692.91,0.2,127.65,565.26,1,1
712.68,0.4,84.73,627.95,2,1
739.07,0.4,88.43,650.64,2,1
523.83,0.0,74.22,449.62,0,0
481.49,0.0,47.0,434.49,0,1
961.49,0.4,341.11,620.38,2,1
573.17,0.0,85.73,487.44,0,0
638.05,0.2,103.05,535.0,1,1
1742.79,1.0,941.89,800.9,5,1
676.77,0.2,103.95,572.82,1,0
487.56,0.0,45.51,442.05,0,0
732.76,0.6,64.81,667.95,3,1
900.06,0.8,86.22,813.85,4,1
686.82,0.2,106.43,580.38,1,0
740.91,0.2,183.22,557.69,1,1
1331.44,0.8,578.11,753.33,4,1
691.47,0.2,118.65,572.82,1,0
776.14,0.4,148.19,627.95,2,1
1021.37,1.0,122.14,899.23,5,1
1054.54,1.0,132.62,921.92,5,1
1466.03,0.8,758.08,707.95,4,1
1258.87,0.4,630.92,627.95,2,1
538.49,0.0,58.62,479.87,0,0
548.94,0.0,91.76,457.18,0,0
800.45,0.6,102.24,698.21,3,1
1131.31,1.2,139.14,992.18,6,1
552.35,0.0,64.92,487.44,0,0
645.69,0.2,80.43,565.26,1,0
596.08,0.2,53.51,542.56,1,1
846.14,0.6,125.24,720.9,3,1
561.39,0.0,81.51,479.87,0,0
711.77,0.2,154.08,557.69,1,1
827.4,0.6,136.76,690.64,3,1
692.47,0.4,132.59,559.87,2,1
605.37,0.2,62.81,542.56,1,1
783.24,0.8,67.73,715.51,4,1
724.31,0.2,151.49,572.82,1,0
522.75,0.2,40.7,482.05,1,1
668.21,0.4,85.65,582.56,2,1
1134.64,0.6,496.95,637.69,3,1
497.83,0.0,48.22,449.62,0,0
615.1,0.2,72.54,542.56,1,0
456.06,0.0,36.7,419.36,0,0
710.09,0.6,49.7,660.38,3,1
559.23,0.0,102.05,457.18,0,1
910.33,0.8,157.0,753.33,4,1
902.33,0.8,133.86,768.46,4,1
553.07,0.0,103.46,449.62,0,0
829.48,0.4,178.84,650.64,2,1
470.89,0.0,36.41,434.49,0,1
677.53,0.2,112.27,565.26,1,1
646.46,0.2,111.46,535.0,1,0
747.68,0.6,79.73,667.95,3,1
662.75,0.2,105.05,557.69,1,0
929.43,0.8,153.41,776.03,4,1
790.04,0.6,91.84,698.21,3,1
956.15,1.0,109.86,846.28,5,1
1209.85,0.6,557.03,652.82,3,1
1920.24,1.6,870.76,1049.49,8,1
546.41,0.0,51.41,495.0,0,0
917.68,0.8,103.84,813.85,4,1
739.45,0.4,81.24,658.21,2,1
754.45,0.4,96.24,658.21,2,0
730.54,0.4,95.03,635.51,2,1
877.91,0.8,94.32,783.59,4,1
902.24,0.6,211.59,690.64,3,1
682.2,0.4,76.95,605.26,2,1
606.64,0.2,56.51,550.13,1,1
807.43,0.4,171.92,635.51,2,1
612.69,0.0,140.38,472.31,0,1
748.52,0.4,120.57,627.95,2,1
852.79,0.6,139.46,713.33,3,1
576.93,0.2,64.62,512.31,1,0
456.06,0.0,36.7,419.36,0,0
949.63,0.8,196.3,753.33,4,1
828.06,0.6,107.16,720.9,3,1
1090.37,0.6,452.68,637.69,3,1
748.97,0.4,113.46,635.51,2,1
690.14,0.2,109.76,580.38,1,0
881.24,0.6,137.65,743.59,3,1
588.33,0.0,108.46,479.87,0,1
578.2,0.0,113.46,464.74,0,1
659.59,0.2,109.46,550.13,1,1
502.17,0.0,75.24,426.92,0,1
810.89,0.4,167.81,643.08,2,1
496.05,0.0,54.0,442.05,0,0
886.65,0.8,125.76,760.9,4,1
1356.71,1.0,555.81,800.9,5,1
842.75,0.6,152.11,690.64,3,1
1586.0,0.8,878.05,707.95,4,1
897.78,0.6,154.19,743.59,3,1
1001.03,1.0,132.05,868.97,5,1
788.34,0.6,90.14,698.21,3,0
554.57,0.0,67.14,487.44,0,0
1807.32,1.0,983.73,823.59,5,1
693.66,0.4,80.84,612.82,2,1
619.89,0.2,77.32,542.56,1,1
1382.68,0.8,682.3,700.38,4,1
745.42,0.4,87.22,658.21,2,1
747.27,0.4,111.76,635.51,2,1
812.21,0.6,121.57,690.64,3,1
641.52,0.2,68.7,572.82,1,1
1465.15,0.8,719.38,745.77,4,1
779.18,0.4,120.97,658.21,2,1
589.49,0.2,69.62,519.87,1,0
577.33,0.2,65.03,512.31,1,0
596.22,0.2,61.22,535.0,1,0
1088.9,0.4,476.08,612.82,2,1
905.83,0.8,122.24,783.59,4,1
1372.34,1.0,601.7,770.64,5,1
743.59,0.4,92.95,650.64,2,1
565.2,0.0,100.46,464.74,0,0
687.95,0.2,160.51,527.44,1,1
1244.57,0.4,624.19,620.38,2,1
711.12,0.4,105.86,605.26,2,1
445.76,0.0,26.41,419.36,0,0
644.5,0.4,46.81,597.69,2,1
1094.93,1.0,180.57,914.36,5,1
528.91,0.0,71.73,457.18,0,0
1047.32,1.2,115.65,931.67,6,1
1076.2,1.2,136.97,939.23,6,1
527.71,0.0,55.41,472.31,0,0
860.37,0.8,122.16,738.21,4,1
1353.04,0.8,599.7,753.33,4,1
796.4,0.6,113.32,683.08,3,1
