"Total_Cost","Ratio_Reloc_Prod","Horiz_Cost","Vert_Cost","nReloc","non_Optimal"
272043.44,0.4613,79025.76,193017.72,692,217
554.35,0.0,66.92,487.44,0,0
1624.96,1.0,839.19,785.77,5,1
895.06,0.6,174.16,720.9,3,1
716.41,0.2,128.46,587.95,1,0
606.7,0.2,64.14,542.56,1,0
904.03,0.6,183.14,720.9,3,1
747.58,0.4,134.76,612.82,2,1
754.4,0.4,103.76,650.64,2,0
839.78,0.6,149.14,690.64,3,1
529.67,0.0,80.05,449.62,0,0
600.67,0.2,58.11,542.56,1,1
591.65,0.2,64.22,527.44,1,0
1807.0,1.2,943.41,863.59,6,1
821.8,0.4,163.59,658.21,2,1
510.74,0.0,46.0,464.74,0,0
881.49,0.6,145.46,736.03,3,1
824.09,0.6,110.76,713.33,3,0
1110.99,1.0,226.89,884.1,5,1
617.24,0.2,82.24,535.0,1,1
918.06,0.6,204.73,713.33,3,1
1485.16,0.8,762.08,723.08,4,1
1142.09,1.2,187.73,954.36,6,1
703.15,0.2,137.89,565.26,1,1
1003.72,0.8,220.14,783.59,4,1
740.98,0.4,128.16,612.82,2,1
1158.56,0.8,359.84,798.72,4,0
679.61,0.2,114.35,565.26,1,1
666.12,0.2,100.86,565.26,1,0
726.93,0.2,161.68,565.26,1,1
697.45,0.0,240.27,457.18,0,1
1119.14,0.4,491.19,627.95,2,1
651.43,0.0,201.81,449.62,0,0
1145.59,1.0,314.43,831.15,5,1
760.3,0.4,139.92,620.38,2,1
957.11,0.6,281.59,675.51,3,1
713.0,0.4,145.57,567.44,2,0
1137.07,0.6,499.38,637.69,3,1
533.93,0.0,61.62,472.31,0,0
1266.38,1.2,289.32,977.05,6,1
815.88,0.4,210.62,605.26,2,0
1034.53,0.6,336.32,698.21,3,1
1173.53,0.6,475.32,698.21,3,0
527.02,0.0,69.84,457.18,0,0
1284.57,0.8,508.54,776.03,4,1
881.51,0.6,190.86,690.64,3,1
1267.41,1.2,358.43,908.97,6,1
604.04,0.0,139.3,464.74,0,1
722.66,0.2,210.35,512.31,1,1
989.38,0.4,353.86,635.51,2,0
790.09,0.4,177.27,612.82,2,0
500.52,0.0,81.16,419.36,0,1
1102.64,0.4,452.0,650.64,2,1
1189.18,0.4,659.57,529.62,2,1
669.15,0.2,111.46,557.69,1,0
1058.47,1.0,219.76,838.72,5,1
1099.88,0.6,394.11,705.77,3,1
972.47,0.6,259.14,713.33,3,1
556.77,0.0,92.03,464.74,0,1
1062.56,0.6,379.49,683.08,3,1
488.32,0.0,38.7,449.62,0,1
742.29,0.4,144.59,597.69,2,0
865.61,0.4,207.41,658.21,2,1
758.4,0.2,200.7,557.69,1,0
727.41,0.2,199.97,527.44,1,1
1221.79,1.0,360.38,861.41,5,1
1221.62,1.2,297.51,924.1,6,1
957.36,0.6,236.46,720.9,3,1
978.32,0.4,327.68,650.64,2,0
664.01,0.2,98.76,565.26,1,1
561.97,0.0,112.35,449.62,0,0
922.31,0.6,208.97,713.33,3,1
801.98,0.6,134.03,667.95,3,0
1216.22,1.0,362.38,853.85,5,1
454.47,0.0,35.11,419.36,0,0
1626.8,0.8,896.16,730.64,4,1
1053.55,0.8,239.7,813.85,4,1
1037.95,0.8,224.11,813.85,4,1
1039.78,0.4,396.7,643.08,2,0
826.47,0.4,213.65,612.82,2,1
778.32,0.4,127.68,650.64,2,0
1154.41,0.6,486.46,667.95,3,1
662.58,0.2,89.76,572.82,1,0
570.58,0.0,105.84,464.74,0,1
525.18,0.0,60.43,464.74,0,0
825.15,0.4,159.38,665.77,2,1
1063.23,0.6,304.51,758.72,3,1
1031.01,0.6,317.68,713.33,3,1
638.57,0.0,211.65,426.92,0,1
706.06,0.4,78.11,627.95,2,1
1009.24,0.6,273.22,736.03,3,1
511.35,0.0,61.73,449.62,0,0
1922.55,1.6,948.7,973.85,8,1
836.77,0.4,163.43,673.33,2,0
894.59,0.4,243.95,650.64,2,1
640.02,0.2,97.46,542.56,1,1
985.48,0.6,294.84,690.64,3,1
922.07,0.4,263.86,658.21,2,1
1243.06,0.6,469.22,773.85,3,1
935.98,0.6,222.65,713.33,3,1
923.04,0.4,264.84,658.21,2,1
1440.92,1.0,519.0,921.92,5,1
560.26,0.0,110.65,449.62,0,1
807.79,0.4,194.97,612.82,2,1
630.36,0.2,65.11,565.26,1,0
575.02,0.0,132.97,442.05,0,0
859.58,0.6,146.24,713.33,3,1
643.91,0.2,86.22,557.69,1,1
1378.58,0.6,740.89,637.69,3,1
1075.56,0.6,331.97,743.59,3,1
711.01,0.2,145.76,565.26,1,0
588.37,0.0,123.62,464.74,0,1
615.93,0.0,151.19,464.74,0,0
811.49,0.4,191.11,620.38,2,0
633.7,0.2,98.7,535.0,1,1
1104.48,0.4,506.78,597.69,2,1
470.75,0.0,28.7,442.05,0,1
442.9,0.0,31.11,411.79,0,1
747.94,0.2,190.24,557.69,1,0
1269.03,0.2,802.11,466.92,1,1
817.08,0.6,141.57,675.51,3,1
1340.76,0.6,680.38,660.38,3,1
637.43,0.2,102.43,535.0,1,1
842.24,0.4,267.24,575.0,2,0
520.17,0.0,93.24,426.92,0,1
475.47,0.0,71.24,404.23,0,1
1610.15,1.2,663.35,946.79,6,1
669.23,0.2,103.97,565.26,1,0
978.53,0.8,187.38,791.15,4,1
1010.01,0.4,404.76,605.26,2,1
952.3,0.8,191.41,760.9,4,0
554.85,0.0,82.54,472.31,0,0
613.61,0.2,116.43,497.18,1,0
1159.34,0.6,453.57,705.77,3,1
1506.4,1.6,441.78,1064.62,8,1
1327.14,0.4,699.19,627.95,2,1
601.28,0.0,128.97,472.31,0,0
1214.81,0.6,478.78,736.03,3,1
1122.25,0.8,300.84,821.41,4,1
636.6,0.2,109.16,527.44,1,1
979.16,0.6,235.57,743.59,3,1
1563.98,1.2,715.51,848.46,6,1
935.21,0.6,199.19,736.03,3,1
539.53,0.0,82.35,457.18,0,1
681.31,0.2,116.05,565.26,1,1
1210.56,0.6,466.97,743.59,3,1
1119.39,1.0,265.54,853.85,5,1
645.21,0.2,102.65,542.56,1,0
874.65,0.4,246.7,627.95,2,1
1401.02,0.8,670.38,730.64,4,1
697.48,0.2,139.78,557.69,1,1
1472.16,0.6,804.22,667.95,3,1
734.98,0.2,154.59,580.38,1,0
877.04,0.6,163.7,713.33,3,1
761.25,0.4,148.43,612.82,2,1
1132.47,0.6,411.57,720.9,3,1
1240.98,0.6,512.51,728.46,3,1
1300.58,0.8,554.81,745.77,4,1
896.27,0.4,260.76,635.51,2,1
1144.1,1.0,260.0,884.1,5,1
596.45,0.0,131.7,464.74,0,0
536.45,0.0,71.7,464.74,0,0
973.25,0.6,259.92,713.33,3,1
1275.29,1.0,436.57,838.72,5,1
757.86,0.2,207.73,550.13,1,0
1036.93,0.6,270.65,766.28,3,1
1062.07,0.6,363.86,698.21,3,1
664.77,0.2,91.95,572.82,1,1
621.66,0.2,56.41,565.26,1,1
1426.55,1.4,379.24,1047.31,7,1
686.34,0.2,128.65,557.69,1,0
598.16,0.0,163.68,434.49,0,1
559.15,0.2,54.41,504.74,1,1
718.08,0.2,190.65,527.44,1,1
1035.7,0.6,360.19,675.51,3,1
837.19,0.4,156.3,680.9,2,1
873.68,0.6,160.35,713.33,3,1
878.22,0.4,250.27,627.95,2,1
555.34,0.0,98.16,457.18,0,1
428.34,0.0,24.11,404.23,0,0
731.09,0.6,70.7,660.38,3,1
740.87,0.4,120.49,620.38,2,0
1066.42,0.4,461.16,605.26,2,0
749.08,0.2,206.51,542.56,1,1
1291.92,1.0,475.89,816.03,5,1
1085.8,0.6,334.65,751.15,3,1
1302.05,0.8,571.41,730.64,4,1
846.06,0.4,165.16,680.9,2,1
693.12,0.2,127.86,565.26,1,0
525.61,0.0,68.43,457.18,0,0
514.18,0.0,57.0,457.18,0,1
977.71,0.6,256.81,720.9,3,1
1004.89,0.6,321.81,683.08,3,1
566.65,0.2,92.16,474.49,1,1
563.76,0.2,96.84,466.92,1,1
1395.93,1.0,496.7,899.23,5,1
1164.58,0.6,405.86,758.72,3,1
772.67,0.4,122.03,650.64,2,1
1080.69,0.8,289.54,791.15,4,1
539.1,0.0,81.92,457.18,0,0
489.92,0.0,55.43,434.49,0,1
1032.06,1.0,223.59,808.46,5,1
852.64,0.6,169.57,683.08,3,1
1191.08,0.8,422.62,768.46,4,1
1042.13,0.8,266.11,776.03,4,1
734.07,0.2,183.95,550.13,1,1
477.3,0.0,42.81,434.49,0,1
964.55,0.4,344.16,620.38,2,1
510.05,0.0,68.0,442.05,0,1
958.31,0.6,252.54,705.77,3,1
1086.25,0.6,365.35,720.9,3,0
531.62,0.0,89.57,442.05,0,1
765.16,0.2,215.03,550.13,1,1
598.37,0.0,148.76,449.62,0,0
711.9,0.6,51.51,660.38,3,1
604.45,0.0,147.27,457.18,0,1
452.5,0.0,40.7,411.79,0,1
1267.95,0.8,454.11,813.85,4,1
984.06,0.6,270.73,713.33,3,1
961.51,0.8,238.43,723.08,4,1
1261.35,0.6,578.27,683.08,3,1
804.14,0.4,183.76,620.38,2,1
815.97,0.4,172.89,643.08,2,0
814.34,0.4,148.57,665.77,2,0
682.99,0.2,117.73,565.26,1,1
1333.2,0.4,773.32,559.87,2,1
628.75,0.0,179.14,449.62,0,0
757.16,0.2,207.03,550.13,1,0
586.82,0.0,122.08,464.74,0,0
2257.34,1.6,1230.54,1026.79,8,1
628.31,0.0,156.0,472.31,0,1
1126.5,1.0,227.27,899.23,5,1
912.5,0.6,199.16,713.33,3,1
607.93,0.0,143.19,464.74,0,1
1088.95,0.6,360.49,728.46,3,1
674.97,0.2,124.84,550.13,1,0
914.34,0.4,256.14,658.21,2,1
1237.9,1.0,391.62,846.28,5,1
1067.36,0.8,314.03,753.33,4,1
780.59,0.4,205.59,575.0,2,1
746.24,0.2,203.68,542.56,1,1
805.48,0.2,247.78,557.69,1,0
657.64,0.2,99.95,557.69,1,1
640.61,0.4,42.92,597.69,2,0
458.23,0.0,46.43,411.79,0,1
841.71,0.4,221.32,620.38,2,1
689.51,0.2,139.38,550.13,1,1
723.96,0.4,126.27,597.69,2,0
678.54,0.2,135.97,542.56,1,0
970.06,0.4,357.24,612.82,2,1
1254.11,0.8,553.73,700.38,4,1
1358.43,1.0,534.84,823.59,5,1
1279.17,1.0,432.89,846.28,5,0
952.97,0.6,262.32,690.64,3,1
706.93,0.2,134.11,572.82,1,0
589.77,0.0,132.59,457.18,0,0
762.66,0.2,197.41,565.26,1,0
1007.79,0.6,354.97,652.82,3,1
651.46,0.2,124.03,527.44,1,1
1294.55,1.0,493.65,800.9,5,1
1640.54,1.2,671.05,969.49,6,1
922.12,0.6,208.78,713.33,3,1
693.12,0.2,127.86,565.26,1,0
638.76,0.2,111.32,527.44,1,0
902.06,0.6,234.11,667.95,3,1
688.11,0.4,67.73,620.38,2,1
642.9,0.4,83.03,559.87,2,1
1012.22,0.8,198.38,813.85,4,1
815.03,0.4,255.16,559.87,2,1
1497.38,1.2,535.46,961.92,6,1
653.59,0.2,103.46,550.13,1,0
994.0,0.6,326.05,667.95,3,0
1238.31,0.4,625.49,612.82,2,1
997.31,0.6,299.11,698.21,3,1
1476.56,0.8,753.49,723.08,4,1
2170.39,1.6,1136.03,1034.36,8,1
960.44,0.4,294.68,665.77,2,1
886.02,0.4,235.38,650.64,2,1
562.94,0.0,105.76,457.18,0,0
603.16,0.0,153.54,449.62,0,0
1297.11,1.0,435.7,861.41,5,1
1114.82,0.4,570.08,544.74,2,1
642.57,0.2,107.57,535.0,1,0
1055.46,0.6,379.95,675.51,3,1
937.6,1.0,129.14,808.46,5,1
1647.64,0.8,864.05,783.59,4,1
1376.14,0.8,668.19,707.95,4,1
1243.8,0.8,392.14,851.67,4,0
1642.37,1.0,811.22,831.15,5,1
1371.6,1.0,442.11,929.49,5,1
863.38,0.6,142.49,720.9,3,1
1292.52,1.2,285.22,1007.31,6,1
956.47,0.8,157.76,798.72,4,1
1194.2,1.0,287.41,906.79,5,1
987.67,0.6,236.51,751.15,3,1
996.41,0.6,336.03,660.38,3,1
547.25,0.0,74.95,472.31,0,0
571.8,0.0,107.05,464.74,0,0
846.46,0.4,210.95,635.51,2,0
726.7,0.2,184.14,542.56,1,0
1178.66,0.4,520.46,658.21,2,1
