"Total_Cost","Ratio_Reloc_Prod","Horiz_Cost","Vert_Cost","nReloc","non_Optimal"
222601.36,0.44,33390.11,189211.22,660,375
508.66,0.25,43.92,464.74,1,1
452.11,0.0,57.62,394.49,0,1
412.58,0.0,33.22,379.36,0,1
639.98,0.5,112.54,527.44,2,1
601.1,0.5,43.41,557.69,2,1
504.05,0.0,109.57,394.49,0,1
413.17,0.0,33.81,379.36,0,1
615.03,0.5,80.03,535.0,2,1
506.5,0.25,49.32,457.18,1,1
709.93,0.75,89.54,620.38,3,1
792.73,1.0,109.65,683.08,4,1
941.91,1.25,150.76,791.15,5,1
941.31,1.25,195.54,745.77,5,1
896.42,1.25,165.78,730.64,5,1
801.75,1.0,103.54,698.21,4,1
449.62,0.0,55.14,394.49,0,1
509.71,0.25,37.41,472.31,1,1
718.05,0.75,135.49,582.56,3,1
439.84,0.0,52.92,386.92,0,1
396.67,0.0,40.0,356.67,0,1
754.43,1.0,78.92,675.51,4,1
653.73,0.75,78.73,575.0,3,1
538.31,0.25,66.0,472.31,1,1
934.89,1.5,118.86,816.03,6,1
555.59,0.25,105.97,449.62,1,1
570.78,0.25,136.3,434.49,1,1
701.04,0.75,103.35,597.69,3,1
709.01,0.75,103.76,605.26,3,1
548.74,0.25,76.43,472.31,1,1
428.77,0.0,64.54,364.23,0,1
494.17,0.25,67.24,426.92,1,1
810.89,1.0,135.38,675.51,4,1
691.85,0.5,134.16,557.69,2,1
956.07,1.25,164.92,791.15,5,1
472.96,0.0,116.3,356.67,0,1
594.66,0.25,114.78,479.87,1,1
415.69,0.0,59.03,356.67,0,1
481.09,0.25,61.73,419.36,1,1
419.42,0.0,47.62,371.79,0,1
758.66,0.75,153.41,605.26,3,1
782.95,0.75,155.0,627.95,3,1
653.85,0.5,96.16,557.69,2,1
519.18,0.0,162.51,356.67,0,1
364.24,0.0,22.7,341.54,0,1
811.92,1.0,91.03,720.9,4,1
430.29,0.0,73.62,356.67,0,1
388.94,0.0,47.41,341.54,0,1
789.92,0.75,207.35,582.56,3,1
430.45,0.0,66.22,364.23,0,1
622.49,0.5,95.05,527.44,2,1
493.72,0.25,44.11,449.62,1,1
448.99,0.0,84.76,364.23,0,1
376.24,0.0,34.7,341.54,0,1
542.88,0.25,78.14,464.74,1,1
652.73,0.5,110.16,542.56,2,1
540.03,0.25,120.68,419.36,1,1
709.1,0.75,66.03,643.08,3,1
757.95,1.0,82.43,675.51,4,1
726.79,0.75,98.84,627.95,3,1
615.45,0.5,65.32,550.13,2,1
415.45,0.0,51.22,364.23,0,1
516.8,0.0,160.14,356.67,0,1
466.36,0.0,94.57,371.79,0,1
768.85,0.75,163.59,605.26,3,1
406.31,0.0,34.51,371.79,0,1
534.07,0.25,69.32,464.74,1,1
651.19,0.75,83.76,567.44,3,1
527.25,0.25,107.89,419.36,1,1
658.55,0.5,85.73,572.82,2,1
627.62,0.5,138.0,489.62,2,1
453.39,0.0,89.16,364.23,0,1
573.63,0.5,61.32,512.31,2,1
343.11,0.0,16.7,326.41,0,1
878.0,1.25,109.54,768.46,5,1
613.57,0.5,86.14,527.44,2,1
679.72,0.5,114.46,565.26,2,1
774.0,0.75,138.49,635.51,3,1
660.88,0.75,55.62,605.26,3,1
556.5,0.25,91.76,464.74,1,1
693.23,0.75,95.54,597.69,3,1
572.2,0.25,107.46,464.74,1,1
683.91,0.5,118.65,565.26,2,1
426.66,0.0,62.43,364.23,0,1
758.79,1.0,90.84,667.95,4,1
522.01,0.25,49.7,472.31,1,1
377.1,0.0,28.0,349.1,0,1
432.82,0.0,61.03,371.79,0,1
676.4,0.5,126.27,550.13,2,1
381.54,0.0,40.0,341.54,0,1
674.95,0.5,147.51,527.44,2,1
521.46,0.25,86.97,434.49,1,1
866.74,1.25,113.41,753.33,5,1
426.01,0.0,54.22,371.79,0,1
459.12,0.0,87.32,371.79,0,1
373.54,0.0,32.0,341.54,0,1
978.12,1.25,232.35,745.77,5,1
613.61,0.5,108.86,504.74,2,1
597.08,0.5,54.51,542.56,2,1
453.2,0.0,73.84,379.36,0,1
671.86,0.75,81.73,590.13,3,1
747.84,1.0,72.32,675.51,4,1
646.78,0.5,111.78,535.0,2,1
419.37,0.0,55.14,364.23,0,1
374.94,0.0,33.41,341.54,0,1
588.28,0.25,115.97,472.31,1,1
770.27,0.75,202.84,567.44,3,1
547.9,0.25,120.97,426.92,1,1
552.55,0.25,80.24,472.31,1,1
686.38,0.75,66.0,620.38,3,1
434.9,0.0,63.11,371.79,0,1
501.0,0.25,66.51,434.49,1,1
495.05,0.25,53.0,442.05,1,1
601.37,0.5,58.81,542.56,2,1
987.36,1.5,125.95,861.41,6,1
570.93,0.5,58.62,512.31,2,1
528.74,0.25,56.43,472.31,1,1
846.5,1.0,148.3,698.21,4,1
592.57,0.5,65.14,527.44,2,1
634.08,0.5,106.65,527.44,2,1
511.48,0.25,69.43,442.05,1,1
397.74,0.0,33.51,364.23,0,1
778.54,1.0,95.46,683.08,4,1
818.33,1.0,150.38,667.95,4,1
431.58,0.0,52.22,379.36,0,1
465.82,0.0,86.46,379.36,0,1
550.13,0.5,60.51,489.62,2,1
573.26,0.5,68.51,504.74,2,1
511.07,0.25,46.32,464.74,1,1
518.96,0.25,54.22,464.74,1,1
397.83,0.0,48.73,349.1,0,1
799.67,1.0,109.03,690.64,4,1
568.69,0.25,103.95,464.74,1,1
438.51,0.0,96.97,341.54,0,1
484.05,0.25,42.0,442.05,1,1
546.58,0.25,81.84,464.74,1,1
594.82,0.5,74.95,519.87,2,1
612.19,0.5,84.76,527.44,2,1
659.02,0.5,116.46,542.56,2,1
581.88,0.25,109.57,472.31,1,1
521.96,0.25,57.22,464.74,1,1
443.13,0.0,86.46,356.67,0,1
352.41,0.0,26.0,326.41,0,1
517.75,0.25,68.14,449.62,1,1
430.21,0.0,73.54,356.67,0,1
744.9,0.75,132.08,612.82,3,1
465.72,0.0,101.49,364.23,0,1
634.41,0.5,106.97,527.44,2,1
481.09,0.0,94.16,386.92,0,1
591.23,0.5,94.05,497.18,2,1
539.12,0.25,134.89,404.23,1,1
590.29,0.5,100.68,489.62,2,1
516.46,0.5,34.41,482.05,2,1
438.11,0.0,96.57,341.54,0,1
747.31,0.75,134.49,612.82,3,1
483.25,0.25,56.32,426.92,1,1
739.97,0.75,157.41,582.56,3,1
702.01,0.75,81.62,620.38,3,1
512.07,0.25,47.32,464.74,1,1
625.72,0.5,68.03,557.69,2,1
494.81,0.25,60.32,434.49,1,1
372.51,0.0,23.41,349.1,0,1
540.26,0.25,90.65,449.62,1,1
650.17,0.5,130.3,519.87,2,1
448.93,0.0,77.14,371.79,0,1
546.21,0.25,104.16,442.05,1,1
384.51,0.0,35.41,349.1,0,1
354.63,0.0,28.22,326.41,0,1
612.79,0.5,85.35,527.44,2,1
862.03,1.0,133.57,728.46,4,1
880.72,1.25,97.14,783.59,5,1
551.69,0.25,86.95,464.74,1,1
811.44,0.75,191.05,620.38,3,1
765.72,1.0,67.51,698.21,4,1
705.11,0.75,84.73,620.38,3,1
753.79,0.75,140.97,612.82,3,1
873.17,1.0,167.41,705.77,4,1
554.46,0.25,67.03,487.44,1,1
612.77,0.25,155.59,457.18,1,1
604.2,0.5,99.46,504.74,2,1
531.81,0.25,89.76,442.05,1,1
575.1,0.0,226.0,349.1,0,1
798.07,0.75,207.95,590.13,3,1
375.54,0.0,34.0,341.54,0,1
698.99,0.75,108.86,590.13,3,1
523.76,0.25,96.84,426.92,1,1
535.02,0.25,77.84,457.18,1,1
569.74,0.5,57.43,512.31,2,1
345.11,0.0,18.7,326.41,0,1
488.32,0.25,38.7,449.62,1,1
698.04,0.5,132.78,565.26,2,1
925.06,1.25,156.59,768.46,5,1
717.28,0.75,104.46,612.82,3,1
591.52,0.25,111.65,479.87,1,1
393.07,0.0,36.41,356.67,0,1
411.96,0.0,47.73,364.23,0,1
548.49,0.25,68.62,479.87,1,1
532.5,0.25,75.32,457.18,1,1
448.23,0.0,91.57,356.67,0,1
845.77,1.0,192.95,652.82,4,1
417.01,0.0,45.22,371.79,0,1
682.14,0.75,69.32,612.82,3,1
628.93,0.75,76.62,552.31,3,1
373.1,0.0,24.0,349.1,0,1
470.44,0.25,43.51,426.92,1,1
428.99,0.0,72.32,356.67,0,1
502.4,0.25,45.22,457.18,1,1
524.02,0.25,66.84,457.18,1,1
566.79,0.5,46.92,519.87,2,1
416.1,0.0,59.43,356.67,0,1
820.3,1.0,144.78,675.51,4,1
512.61,0.0,140.81,371.79,0,1
365.54,0.0,24.0,341.54,0,1
521.46,0.5,39.41,482.05,2,1
553.72,0.25,96.54,457.18,1,1
648.27,0.5,113.27,535.0,2,1
498.39,0.0,126.59,371.79,0,1
433.42,0.0,61.62,371.79,0,1
689.8,0.75,84.54,605.26,3,1
673.02,0.75,75.32,597.69,3,1
363.54,0.0,22.0,341.54,0,1
546.26,0.5,41.51,504.74,2,1
611.17,0.5,83.73,527.44,2,1
385.54,0.0,44.0,341.54,0,1
383.86,0.0,42.32,341.54,0,1
711.47,0.75,98.65,612.82,3,1
635.26,0.5,85.14,550.13,2,1
504.44,0.0,125.08,379.36,0,1
471.84,0.25,44.92,426.92,1,1
380.24,0.0,38.7,341.54,0,1
739.65,0.75,119.27,620.38,3,1
494.46,0.25,52.41,442.05,1,1
394.62,0.0,45.51,349.1,0,1
559.83,0.25,102.65,457.18,1,1
626.01,0.5,106.14,519.87,2,1
643.48,0.75,60.92,582.56,3,1
652.31,0.75,54.62,597.69,3,1
909.23,1.25,155.89,753.33,5,1
585.49,0.5,65.62,519.87,2,1
687.14,0.75,74.32,612.82,3,1
695.58,0.5,122.76,572.82,2,1
664.91,0.75,67.22,597.69,3,1
790.64,1.0,92.43,698.21,4,1
789.08,1.0,113.57,675.51,4,1
644.43,0.5,101.86,542.56,2,1
490.56,0.25,48.51,442.05,1,1
679.51,0.75,96.95,582.56,3,1
464.21,0.0,107.54,356.67,0,1
479.98,0.0,93.05,386.92,0,1
784.02,1.0,100.95,683.08,4,1
889.11,1.0,221.16,667.95,4,1
816.95,0.75,189.0,627.95,3,1
845.05,1.0,154.41,690.64,4,1
841.65,1.0,120.76,720.9,4,1
519.99,0.25,62.81,457.18,1,1
581.54,0.5,54.11,527.44,2,1
631.83,0.5,81.7,550.13,2,1
388.1,0.0,39.0,349.1,0,1
415.04,0.0,50.81,364.23,0,1
725.89,0.75,82.81,643.08,3,1
1009.96,1.5,178.81,831.15,6,1
595.69,0.25,123.38,472.31,1,1
547.18,0.25,97.57,449.62,1,1
476.37,0.25,72.14,404.23,1,1
431.26,0.0,67.03,364.23,0,1
500.11,0.25,65.62,434.49,1,1
565.55,0.5,60.81,504.74,2,1
581.83,0.5,84.65,497.18,2,1
936.83,1.5,113.24,823.59,6,1
433.32,0.0,76.65,356.67,0,1
669.86,0.75,79.73,590.13,3,1
606.72,0.5,101.97,504.74,2,1
498.39,0.0,126.59,371.79,0,1
560.56,0.5,70.95,489.62,2,1
741.38,1.0,73.43,667.95,4,1
806.84,1.0,138.89,667.95,4,1
718.3,0.75,90.35,627.95,3,1
388.02,0.0,38.92,349.1,0,1
786.32,1.0,103.24,683.08,4,1
505.25,0.25,93.46,411.79,1,1
897.18,1.0,206.54,690.64,4,1
690.97,0.75,115.97,575.0,3,1
525.95,0.25,91.46,434.49,1,1
817.25,1.0,149.3,667.95,4,1
545.87,0.5,26.0,519.87,2,1
484.22,0.0,104.86,379.36,0,1
381.1,0.0,32.0,349.1,0,1
387.54,0.0,46.0,341.54,0,1
432.56,0.0,68.32,364.23,0,1
384.62,0.0,35.51,349.1,0,1
382.19,0.0,48.22,333.97,0,1
382.08,0.0,48.11,333.97,0,1
415.32,0.0,66.22,349.1,0,1
377.97,0.0,44.0,333.97,0,1
636.62,0.75,61.62,575.0,3,1
383.21,0.0,34.11,349.1,0,1
589.53,0.5,92.35,497.18,2,1
585.84,0.5,58.41,527.44,2,1
460.47,0.0,96.24,364.23,0,1
484.73,0.25,57.81,426.92,1,1
645.6,0.5,118.16,527.44,2,1
719.59,0.75,129.46,590.13,3,1
713.08,0.75,85.14,627.95,3,1
518.58,0.25,61.41,457.18,1,1
442.99,0.25,46.32,396.67,1,1
726.24,0.75,90.73,635.51,3,1
696.53,0.75,98.84,597.69,3,1
707.95,1.0,40.0,667.95,4,1
498.75,0.25,56.7,442.05,1,1
772.06,0.75,151.68,620.38,3,1
797.06,1.0,136.68,660.38,4,1
850.02,1.0,151.81,698.21,4,1
706.67,0.75,108.97,597.69,3,1
400.41,0.0,66.43,333.97,0,1
619.14,0.5,84.14,535.0,2,1
671.5,0.5,106.24,565.26,2,1
863.36,1.0,157.59,705.77,4,1
426.64,0.0,62.41,364.23,0,1
788.6,1.0,135.78,652.82,4,1
634.38,0.5,99.38,535.0,2,1
927.72,1.25,136.57,791.15,5,1
688.34,0.75,90.65,597.69,3,1
710.93,0.75,90.54,620.38,3,1
643.5,0.5,131.19,512.31,2,1
976.67,1.25,185.51,791.15,5,1
545.25,0.25,125.89,419.36,1,1
402.24,0.0,53.14,349.1,0,1
528.53,0.25,78.92,449.62,1,1
810.92,1.0,142.97,667.95,4,1
541.28,0.25,76.54,464.74,1,1
909.16,1.0,180.7,728.46,4,1
504.38,0.25,62.32,442.05,1,1
943.82,1.25,182.92,760.9,5,1
558.48,0.25,116.43,442.05,1,1
541.95,0.25,107.46,434.49,1,1
554.55,0.5,49.81,504.74,2,1
405.45,0.0,41.22,364.23,0,1
357.33,0.0,30.92,326.41,0,1
532.4,0.25,75.22,457.18,1,1
858.26,1.25,120.05,738.21,5,1
411.71,0.0,39.92,371.79,0,1
881.06,1.25,120.16,760.9,5,1
740.67,0.75,105.16,635.51,3,1
586.25,0.5,73.95,512.31,2,1
507.68,0.25,80.76,426.92,1,1
877.18,1.25,138.97,738.21,5,1
477.16,0.25,35.11,442.05,1,1
633.92,0.5,91.35,542.56,2,1
462.01,0.0,82.65,379.36,0,1
503.78,0.25,61.73,442.05,1,1
619.0,0.5,76.43,542.56,2,1
661.8,0.75,64.11,597.69,3,1
706.23,0.75,108.54,597.69,3,1
478.6,0.25,59.24,419.36,1,1
624.06,0.5,96.62,527.44,2,1
552.96,0.5,48.22,504.74,2,1
579.44,0.5,52.0,527.44,2,1
691.7,0.5,156.7,535.0,2,1
429.71,0.0,57.92,371.79,0,1
476.39,0.25,57.03,419.36,1,1
415.85,0.0,51.62,364.23,0,1
754.02,0.75,110.95,643.08,3,1
513.13,0.25,63.51,449.62,1,1
508.97,0.25,66.92,442.05,1,1
829.79,1.0,101.32,728.46,4,1
617.27,0.25,175.22,442.05,1,1
453.42,0.0,96.76,356.67,0,1
452.04,0.0,80.24,371.79,0,1
567.44,0.25,140.51,426.92,1,1
357.82,0.0,31.41,326.41,0,1
831.43,1.25,108.35,723.08,5,1
608.08,0.5,80.65,527.44,2,1
483.49,0.25,64.14,419.36,1,1
785.17,1.0,124.78,660.38,4,1
670.81,0.75,88.24,582.56,3,1
512.73,0.25,78.24,434.49,1,1
