"Total_Cost","Ratio_Reloc_Prod","Horiz_Cost","Vert_Cost","nReloc","non_Optimal"
264972.21,0.4533,72903.38,192068.78,680,226
558.08,0.0,55.51,502.56,0,0
649.58,0.2,84.32,565.26,1,0
651.26,0.2,101.14,550.13,1,0
881.65,0.6,160.76,720.9,3,1
563.09,0.0,98.35,464.74,0,1
787.83,0.6,104.76,683.08,3,1
967.68,1.0,113.84,853.85,5,1
613.18,0.2,47.92,565.26,1,1
775.95,0.6,100.43,675.51,3,1
1535.56,1.4,563.89,971.67,7,1
514.99,0.0,57.81,457.18,0,0
717.98,0.4,105.16,612.82,2,1
787.49,0.4,167.11,620.38,2,1
883.24,0.6,139.65,743.59,3,1
1103.07,1.0,211.41,891.67,5,1
588.37,0.0,131.19,457.18,0,1
841.04,0.6,135.27,705.77,3,1
558.01,0.0,78.14,479.87,0,1
712.93,0.4,92.54,620.38,2,1
747.39,0.4,134.57,612.82,2,1
1039.63,1.0,185.78,853.85,5,1
739.44,0.4,119.05,620.38,2,1
894.16,0.6,150.57,743.59,3,1
728.26,0.2,178.14,550.13,1,1
729.29,0.4,78.65,650.64,2,1
858.63,0.6,152.86,705.77,3,1
752.13,0.4,109.05,643.08,2,0
742.17,0.2,161.78,580.38,1,0
825.86,0.4,182.78,643.08,2,1
568.69,0.0,103.95,464.74,0,0
658.39,0.2,93.14,565.26,1,0
656.69,0.2,91.43,565.26,1,1
1137.65,0.8,316.24,821.41,4,1
779.27,0.2,244.27,535.0,1,0
695.72,0.2,145.59,550.13,1,1
708.93,0.2,143.68,565.26,1,1
550.56,0.0,100.95,449.62,0,0
614.64,0.0,165.03,449.62,0,1
794.06,0.4,173.68,620.38,2,1
825.11,0.4,197.16,627.95,2,0
846.55,0.6,125.65,720.9,3,1
698.65,0.2,156.08,542.56,1,1
481.74,0.0,69.95,411.79,0,0
1202.18,1.0,378.59,823.59,5,1
833.27,0.4,205.32,627.95,2,0
1649.03,1.0,840.57,808.46,5,1
1319.35,0.8,475.24,844.1,4,1
949.28,0.2,384.03,565.26,1,0
522.74,0.0,58.0,464.74,0,1
1312.4,0.6,629.32,683.08,3,1
1184.63,0.8,431.3,753.33,4,1
1069.5,0.6,424.24,645.26,3,1
620.19,0.0,125.19,495.0,0,0
1188.63,1.2,226.7,961.92,6,1
1122.99,0.6,417.22,705.77,3,1
837.89,0.6,109.43,728.46,3,1
993.67,0.6,257.65,736.03,3,1
1024.34,1.0,193.19,831.15,5,1
1372.13,1.0,548.54,823.59,5,1
676.0,0.2,133.43,542.56,1,0
1004.35,0.4,376.41,627.95,2,1
1271.58,1.0,425.3,846.28,5,1
1494.32,1.0,663.16,831.15,5,1
634.14,0.0,146.7,487.44,0,0
1102.5,0.8,296.22,806.28,4,1
824.36,0.4,158.59,665.77,2,0
641.95,0.2,122.08,519.87,1,1
705.72,0.2,140.46,565.26,1,1
640.58,0.2,75.32,565.26,1,1
565.61,0.0,100.86,464.74,0,1
775.85,0.2,210.59,565.26,1,1
664.09,0.2,98.84,565.26,1,0
738.07,0.2,180.38,557.69,1,1
649.37,0.2,99.24,550.13,1,1
1047.09,0.8,301.32,745.77,4,1
563.67,0.0,114.05,449.62,0,0
611.54,0.2,76.54,535.0,1,1
446.01,0.0,34.22,411.79,0,1
433.9,0.0,22.11,411.79,0,1
641.79,0.2,114.35,527.44,1,0
735.07,0.2,177.38,557.69,1,1
889.58,0.4,291.89,597.69,2,0
699.02,0.2,156.46,542.56,1,0
497.03,0.0,62.54,434.49,0,1
573.56,0.0,116.38,457.18,0,1
927.2,0.4,261.43,665.77,2,0
968.86,0.4,325.78,643.08,2,0
1014.19,0.4,431.62,582.56,2,1
441.31,0.0,29.51,411.79,0,1
687.0,0.4,104.43,582.56,2,1
641.81,0.2,106.81,535.0,1,0
637.32,0.2,102.32,535.0,1,1
754.4,0.2,211.84,542.56,1,0
1108.71,0.4,548.84,559.87,2,1
715.52,0.2,188.08,527.44,1,0
1209.08,1.0,332.54,876.54,5,1
938.52,0.4,265.19,673.33,2,0
875.39,0.2,370.65,504.74,1,1
803.47,0.2,230.65,572.82,1,1
1388.86,1.0,512.32,876.54,5,1
906.09,0.6,185.19,720.9,3,0
1052.74,0.6,346.97,705.77,3,1
630.6,0.2,103.16,527.44,1,1
756.53,0.4,98.32,658.21,2,1
663.65,0.2,128.65,535.0,1,0
666.26,0.2,161.51,504.74,1,1
1077.39,0.6,432.14,645.26,3,1
589.18,0.0,124.43,464.74,0,0
680.29,0.2,130.16,550.13,1,1
845.23,0.2,287.54,557.69,1,0
843.42,0.6,152.78,690.64,3,1
852.61,0.4,254.92,597.69,2,1
785.36,0.2,220.11,565.26,1,0
1388.34,1.0,489.11,899.23,5,1
923.35,0.6,179.76,743.59,3,1
1553.6,1.4,491.16,1062.44,7,1
892.0,0.4,248.92,643.08,2,0
1702.14,0.4,1134.7,567.44,2,1
1422.95,1.2,582.05,840.9,6,1
571.86,0.0,114.68,457.18,0,0
929.15,0.6,223.38,705.77,3,0
1253.94,1.0,422.78,831.15,5,1
639.26,0.2,89.14,550.13,1,1
735.62,0.4,153.05,582.56,2,1
539.46,0.0,104.97,434.49,0,1
811.21,0.2,261.08,550.13,1,1
869.27,0.4,286.7,582.56,2,1
900.85,0.4,235.08,665.77,2,1
1268.68,1.2,314.32,954.36,6,1
577.15,0.0,119.97,457.18,0,1
927.5,0.6,274.68,652.82,3,1
1141.18,0.6,397.59,743.59,3,1
1256.05,0.8,540.54,715.51,4,1
793.95,0.4,158.43,635.51,2,0
558.24,0.0,108.62,449.62,0,0
537.14,0.0,102.65,434.49,0,1
948.49,1.0,140.03,808.46,5,1
1876.87,1.0,1068.41,808.46,5,1
765.75,0.2,208.05,557.69,1,1
550.26,0.0,100.65,449.62,0,0
455.26,0.0,51.03,404.23,0,1
939.21,0.8,155.62,783.59,4,1
947.89,0.6,204.3,743.59,3,1
771.67,0.4,121.03,650.64,2,1
677.28,0.2,104.46,572.82,1,1
935.0,0.6,198.97,736.03,3,1
1348.24,0.6,665.16,683.08,3,1
823.07,0.4,157.3,665.77,2,1
549.51,0.0,107.46,442.05,0,1
587.24,0.0,145.19,442.05,0,0
873.32,0.4,230.24,643.08,2,1
1648.07,1.2,769.35,878.72,6,1
780.8,0.4,130.16,650.64,2,1
963.79,0.4,396.35,567.44,2,1
517.83,0.0,68.22,449.62,0,1
542.2,0.0,77.46,464.74,0,0
676.68,0.2,141.68,535.0,1,1
761.75,0.4,118.68,643.08,2,1
975.77,0.4,317.57,658.21,2,1
1298.02,0.8,559.81,738.21,4,1
673.07,0.2,122.95,550.13,1,1
1383.8,0.8,577.51,806.28,4,1
803.47,0.2,291.16,512.31,1,1
1177.94,0.6,441.92,736.03,3,1
587.29,0.0,137.68,449.62,0,0
1532.32,1.0,716.3,816.03,5,1
1040.44,0.6,327.11,713.33,3,1
702.15,0.2,136.89,565.26,1,1
1547.39,1.6,407.14,1140.26,8,1
879.48,0.4,281.78,597.69,2,1
1050.66,0.6,352.46,698.21,3,1
977.94,0.6,287.3,690.64,3,0
1652.16,1.2,796.14,856.03,6,1
1094.63,0.8,273.22,821.41,4,1
545.82,0.0,73.51,472.31,0,0
578.31,0.0,113.57,464.74,0,1
890.29,0.6,207.22,683.08,3,1
834.57,0.2,314.7,519.87,1,1
629.61,0.2,132.43,497.18,1,1
714.8,0.0,257.62,457.18,0,1
694.19,0.2,159.19,535.0,1,1
683.21,0.4,85.51,597.69,2,0
839.69,0.4,181.49,658.21,2,1
778.38,0.6,118.0,660.38,3,1
711.68,0.4,83.73,627.95,2,1
745.26,0.4,140.0,605.26,2,1
802.07,0.6,111.43,690.64,3,1
570.91,0.0,106.16,464.74,0,1
1039.12,0.6,325.78,713.33,3,1
1509.77,1.2,517.59,992.18,6,1
1236.5,1.0,337.27,899.23,5,1
743.29,0.2,185.59,557.69,1,0
709.02,0.2,166.46,542.56,1,1
801.31,0.4,203.62,597.69,2,0
1391.37,1.2,459.7,931.67,6,1
575.01,0.0,95.14,479.87,0,1
1178.78,0.8,455.7,723.08,4,1
1018.1,0.8,279.89,738.21,4,1
857.96,0.4,252.7,605.26,2,0
1086.48,0.6,388.27,698.21,3,1
926.53,0.4,268.32,658.21,2,0
842.47,0.6,129.14,713.33,3,1
618.16,0.2,68.03,550.13,1,0
619.91,0.2,62.22,557.69,1,0
806.32,0.6,123.24,683.08,3,1
715.66,0.2,195.78,519.87,1,1
445.2,0.0,33.41,411.79,0,1
845.29,0.2,287.59,557.69,1,0
1272.11,1.0,395.57,876.54,5,1
1534.25,1.2,587.46,946.79,6,1
718.09,0.2,198.22,519.87,1,0
536.33,0.0,101.84,434.49,0,1
738.52,0.2,211.08,527.44,1,0
1108.93,0.8,408.54,700.38,4,1
963.93,0.4,343.54,620.38,2,1
1114.05,0.8,277.51,836.54,4,1
1102.92,0.6,487.92,615.0,3,1
1083.36,0.8,269.51,813.85,4,1
1349.59,1.2,417.92,931.67,6,1
1387.93,1.0,594.59,793.33,5,1
1111.44,0.8,305.16,806.28,4,1
789.62,0.4,146.54,643.08,2,1
842.43,0.4,206.92,635.51,2,1
1112.34,0.8,306.05,806.28,4,1
752.57,0.4,177.57,575.0,2,1
1050.67,0.6,307.08,743.59,3,1
800.09,0.2,234.84,565.26,1,1
728.5,0.4,130.81,597.69,2,1
738.42,0.4,80.22,658.21,2,0
659.63,0.2,132.19,527.44,1,0
937.8,0.6,232.03,705.77,3,1
1750.72,1.0,927.14,823.59,5,1
1165.14,1.0,250.78,914.36,5,1
1409.46,1.4,331.89,1077.56,7,1
1385.37,1.4,345.62,1039.74,7,1
808.7,0.2,258.57,550.13,1,1
837.63,0.2,317.76,519.87,1,1
715.63,0.2,188.19,527.44,1,1
585.07,0.0,127.89,457.18,0,0
958.36,0.6,245.03,713.33,3,1
834.02,0.4,236.32,597.69,2,1
718.08,0.2,175.51,542.56,1,1
895.1,0.6,196.89,698.21,3,1
613.27,0.2,131.22,482.05,1,1
1307.64,1.0,476.49,831.15,5,1
578.91,0.0,114.16,464.74,0,1
504.1,0.0,46.92,457.18,0,0
1027.06,0.8,266.16,760.9,4,1
1580.75,1.4,548.57,1032.18,7,1
682.82,0.2,117.57,565.26,1,0
700.69,0.2,135.43,565.26,1,1
577.23,0.0,112.49,464.74,0,0
977.57,0.8,201.54,776.03,4,1
966.9,0.8,213.57,753.33,4,1
1813.89,1.4,864.92,948.97,7,1
995.22,0.4,359.7,635.51,2,1
779.39,0.2,259.51,519.87,1,0
688.84,0.4,128.97,559.87,2,1
999.21,0.8,276.14,723.08,4,1
1416.85,0.8,678.65,738.21,4,1
1122.72,0.8,331.57,791.15,4,1
552.31,0.0,80.0,472.31,0,0
890.93,0.6,185.16,705.77,3,1
772.62,0.4,129.54,643.08,2,1
654.88,0.2,142.57,512.31,1,1
644.32,0.2,109.32,535.0,1,1
663.22,0.2,128.22,535.0,1,0
539.18,0.2,42.0,497.18,1,0
663.77,0.4,111.46,552.31,2,1
542.56,0.0,92.95,449.62,0,0
625.12,0.2,105.24,519.87,1,0
985.42,0.8,194.27,791.15,4,1
1536.93,1.0,698.22,838.72,5,1
1319.21,0.8,475.11,844.1,4,1
1099.32,0.6,423.81,675.51,3,1
571.27,0.0,83.84,487.44,0,0
703.48,0.2,145.78,557.69,1,0
1237.48,1.4,205.3,1032.18,7,1
1007.27,0.8,238.81,768.46,4,1
1076.58,0.6,423.76,652.82,3,1
1033.41,0.4,405.46,627.95,2,1
961.79,0.6,240.89,720.9,3,1
749.14,0.4,128.76,620.38,2,1
875.25,0.6,146.78,728.46,3,1
937.79,0.6,216.89,720.9,3,1
889.14,0.6,221.19,667.95,3,1
949.7,0.6,266.62,683.08,3,0
896.06,0.4,222.73,673.33,2,0
763.0,0.4,135.05,627.95,2,0
844.12,0.4,246.43,597.69,2,1
760.56,0.4,162.86,597.69,2,1
991.98,0.6,278.65,713.33,3,1
839.84,0.2,312.41,527.44,1,0
570.64,0.0,113.46,457.18,0,0
562.61,0.0,97.86,464.74,0,1
1057.79,0.4,429.84,627.95,2,1
586.15,0.0,128.97,457.18,0,1
1558.52,0.8,790.05,768.46,4,1
1118.73,0.8,297.32,821.41,4,1
661.07,0.2,110.95,550.13,1,1
