"Total_Cost","Ratio_Reloc_Prod","Horiz_Cost","Vert_Cost","nReloc","non_Optimal"
272639.56,0.454,78980.25,193659.42,681,227
846.21,0.6,102.62,743.59,3,1
1034.2,0.8,174.97,859.23,4,1
1043.31,0.8,244.59,798.72,4,1
934.8,0.4,276.59,658.21,2,1
686.41,0.2,151.41,535.0,1,1
885.67,0.6,142.08,743.59,3,1
810.02,0.4,151.81,658.21,2,1
629.69,0.2,72.0,557.69,1,1
810.14,0.6,89.24,720.9,3,1
802.05,0.4,158.97,643.08,2,1
1344.79,1.2,398.0,946.79,6,1
822.2,0.6,108.86,713.33,3,1
858.02,0.6,174.95,683.08,3,1
972.03,0.8,196.0,776.03,4,1
757.3,0.4,129.35,627.95,2,1
653.68,0.2,118.68,535.0,1,1
612.5,0.2,107.76,504.74,1,0
845.75,0.4,195.11,650.64,2,0
790.98,0.4,170.59,620.38,2,0
673.41,0.2,93.03,580.38,1,0
1325.1,1.2,393.43,931.67,6,1
998.44,0.8,177.03,821.41,4,1
950.32,0.6,259.68,690.64,3,1
825.11,0.6,96.65,728.46,3,1
742.7,0.4,99.62,643.08,2,1
515.5,0.0,58.32,457.18,0,0
1008.6,0.8,187.19,821.41,4,1
791.81,0.4,163.86,627.95,2,1
543.4,0.0,101.35,442.05,0,0
977.45,0.6,233.86,743.59,3,1
1162.95,0.6,442.05,720.9,3,1
1046.14,0.4,486.27,559.87,2,1
722.79,0.4,94.84,627.95,2,0
671.65,0.2,129.08,542.56,1,1
576.69,0.0,104.38,472.31,0,0
1255.07,1.0,348.27,906.79,5,1
1120.63,0.4,568.32,552.31,2,1
1054.05,0.4,403.41,650.64,2,1
1008.36,0.4,387.97,620.38,2,1
543.18,0.0,78.43,464.74,0,0
1148.45,1.0,256.78,891.67,5,1
839.35,0.4,196.27,643.08,2,1
572.37,0.0,115.19,457.18,0,1
554.02,0.0,96.84,457.18,0,0
985.26,0.4,327.05,658.21,2,1
700.45,0.2,142.76,557.69,1,1
977.8,0.4,327.16,650.64,2,0
799.8,0.4,202.11,597.69,2,0
982.18,0.2,485.0,497.18,1,1
693.58,0.4,88.32,605.26,2,1
613.5,0.2,116.32,497.18,1,1
1117.83,0.4,520.14,597.69,2,1
1387.12,1.0,480.32,906.79,5,1
698.26,0.2,140.57,557.69,1,0
764.07,0.2,206.38,557.69,1,1
522.03,0.0,102.68,419.36,0,1
899.81,0.6,163.78,736.03,3,1
1122.16,0.6,393.7,728.46,3,1
652.5,0.2,147.76,504.74,1,1
897.48,0.6,199.27,698.21,3,1
722.86,0.2,180.3,542.56,1,1
591.29,0.0,149.24,442.05,0,0
1256.41,1.0,402.57,853.85,5,1
475.36,0.0,56.0,419.36,0,0
796.84,0.6,136.46,660.38,3,1
1292.47,0.6,647.22,645.26,3,1
933.96,0.6,235.76,698.21,3,1
1128.01,0.4,507.62,620.38,2,1
700.76,0.2,120.38,580.38,1,1
537.78,0.0,88.16,449.62,0,0
907.55,0.4,241.78,665.77,2,1
908.79,0.6,187.89,720.9,3,1
707.98,0.2,195.68,512.31,1,0
452.82,0.0,41.03,411.79,0,1
786.81,0.6,118.86,667.95,3,1
1063.1,0.8,340.03,723.08,4,1
503.11,0.0,68.62,434.49,0,1
650.73,0.2,108.16,542.56,1,0
955.14,0.4,334.76,620.38,2,1
879.19,0.6,158.3,720.9,3,1
706.91,0.2,141.65,565.26,1,0
748.93,0.2,183.68,565.26,1,1
1221.17,0.8,399.76,821.41,4,1
1043.19,0.8,221.78,821.41,4,1
1606.16,0.8,762.05,844.1,4,1
890.32,0.4,254.81,635.51,2,1
976.74,0.6,255.84,720.9,3,1
1962.82,1.4,968.46,994.36,7,1
944.45,0.2,386.76,557.69,1,1
774.73,0.2,232.16,542.56,1,0
599.14,0.0,119.27,479.87,0,1
736.91,0.4,93.84,643.08,2,1
1339.62,1.0,523.59,816.03,5,1
848.17,0.4,167.27,680.9,2,0
684.79,0.0,197.35,487.44,0,1
798.04,0.4,132.27,665.77,2,0
792.72,0.4,126.95,665.77,2,0
1033.42,0.8,234.7,798.72,4,0
561.77,0.0,89.46,472.31,0,0
851.68,0.6,138.35,713.33,3,1
864.7,0.4,221.62,643.08,2,1
3042.88,2.2,1790.19,1252.69,11,1
1010.21,0.6,274.19,736.03,3,1
698.53,0.2,133.27,565.26,1,1
877.42,0.6,171.65,705.77,3,1
777.51,0.4,134.43,643.08,2,1
552.53,0.0,95.35,457.18,0,0
852.42,0.6,161.78,690.64,3,1
897.47,0.4,231.7,665.77,2,1
1084.01,0.6,370.68,713.33,3,1
894.63,0.2,314.24,580.38,1,1
916.4,0.4,280.89,635.51,2,1
876.92,0.4,241.41,635.51,2,1
911.62,0.4,276.11,635.51,2,1
711.72,0.2,161.59,550.13,1,1
943.66,0.8,144.95,798.72,4,0
813.42,0.4,147.65,665.77,2,1
957.14,0.6,243.81,713.33,3,1
901.26,0.4,235.49,665.77,2,0
518.6,0.0,99.24,419.36,0,0
773.55,0.6,113.16,660.38,3,1
836.02,0.4,185.38,650.64,2,1
771.95,0.4,151.57,620.38,2,0
537.24,0.0,87.62,449.62,0,0
1083.76,0.4,523.89,559.87,2,1
1328.04,1.0,489.32,838.72,5,1
710.05,0.2,167.49,542.56,1,1
1069.57,0.4,509.7,559.87,2,1
790.1,0.4,139.46,650.64,2,0
702.02,0.2,159.46,542.56,1,1
1043.88,0.8,237.59,806.28,4,1
899.61,0.6,208.97,690.64,3,1
625.28,0.4,65.41,559.87,2,1
1023.79,0.4,403.41,620.38,2,1
447.9,0.0,36.11,411.79,0,1
981.5,0.4,323.3,658.21,2,0
632.9,0.2,105.46,527.44,1,0
1154.87,0.8,393.97,760.9,4,1
610.78,0.2,68.22,542.56,1,1
1193.41,0.6,525.46,667.95,3,1
784.37,0.2,234.24,550.13,1,1
550.09,0.0,85.35,464.74,0,0
948.15,0.6,257.51,690.64,3,1
1389.38,1.0,580.92,808.46,5,1
1304.18,1.0,420.08,884.1,5,1
1151.81,1.2,174.76,977.05,6,1
805.9,0.4,193.08,612.82,2,1
1204.05,0.4,621.49,582.56,2,1
690.55,0.2,110.16,580.38,1,1
528.96,0.0,64.22,464.74,0,0
1038.64,0.6,295.05,743.59,3,0
859.35,0.4,231.41,627.95,2,1
477.36,0.0,58.0,419.36,0,0
1061.72,0.6,431.59,630.13,3,1
717.99,0.2,160.3,557.69,1,1
783.56,0.4,193.43,590.13,2,1
627.45,0.0,162.7,464.74,0,0
963.78,0.4,320.7,643.08,2,1
1812.33,0.8,1119.51,692.82,4,1
812.69,0.4,199.86,612.82,2,1
952.31,0.8,214.11,738.21,4,1
1152.26,0.6,385.97,766.28,3,0
1992.42,1.0,1214.22,778.21,5,1
959.91,0.6,208.76,751.15,3,1
849.0,0.4,205.92,643.08,2,1
1193.15,0.8,326.35,866.79,4,0
832.19,0.4,189.11,643.08,2,1
541.94,0.0,92.32,449.62,0,0
957.23,0.2,444.92,512.31,1,1
876.0,0.4,248.05,627.95,2,1
834.51,0.6,143.86,690.64,3,0
839.19,0.4,211.24,627.95,2,1
1497.11,1.0,696.22,800.9,5,1
805.63,0.4,124.73,680.9,2,0
718.13,0.2,168.0,550.13,1,1
660.28,0.2,95.03,565.26,1,1
674.09,0.2,108.84,565.26,1,1
615.88,0.2,50.62,565.26,1,1
736.26,0.2,178.57,557.69,1,0
746.63,0.2,181.38,565.26,1,0
671.11,0.2,143.68,527.44,1,1
853.02,0.4,194.81,658.21,2,1
959.86,0.4,324.35,635.51,2,1
842.37,0.4,199.3,643.08,2,1
1003.28,0.6,237.0,766.28,3,1
555.73,0.0,121.24,434.49,0,0
628.51,0.2,93.51,535.0,1,1
1046.37,0.6,287.65,758.72,3,0
755.25,0.2,182.43,572.82,1,1
1357.13,1.2,440.59,916.54,6,1
1346.35,0.6,723.78,622.56,3,1
900.22,0.4,264.7,635.51,2,1
1043.55,0.8,282.65,760.9,4,1
1349.85,1.0,435.49,914.36,5,1
1400.6,1.0,471.11,929.49,5,1
998.49,0.8,184.65,813.85,4,1
878.01,0.4,212.24,665.77,2,0
1243.99,0.6,606.3,637.69,3,1
574.58,0.0,102.27,472.31,0,1
1120.82,1.0,259.41,861.41,5,1
1100.39,0.6,402.19,698.21,3,0
733.4,0.2,175.7,557.69,1,1
1209.64,0.8,410.92,798.72,4,1
2007.09,1.8,826.84,1180.26,9,1
1173.68,0.8,420.35,753.33,4,1
734.07,0.2,168.81,565.26,1,1
614.13,0.2,64.0,550.13,1,0
1322.61,0.6,624.41,698.21,3,1
600.84,0.0,120.97,479.87,0,0
921.05,0.4,330.92,590.13,2,1
582.61,0.0,117.86,464.74,0,0
729.1,0.2,171.41,557.69,1,0
546.58,0.0,81.84,464.74,0,0
803.28,0.2,290.97,512.31,1,1
889.93,0.4,231.73,658.21,2,1
583.67,0.0,126.49,457.18,0,0
870.39,0.2,305.14,565.26,1,0
520.37,0.0,70.76,449.62,0,1
848.42,0.4,250.73,597.69,2,1
808.57,0.2,281.14,527.44,1,1
775.82,0.4,155.43,620.38,2,1
660.32,0.2,117.76,542.56,1,1
1406.79,1.0,598.32,808.46,5,1
530.69,0.0,65.95,464.74,0,0
1732.62,0.8,1017.11,715.51,4,1
780.11,0.4,152.16,627.95,2,0
1127.03,0.4,499.08,627.95,2,1
962.19,0.6,226.16,736.03,3,1
1120.76,0.6,392.3,728.46,3,1
1955.86,1.4,984.19,971.67,7,1
758.97,0.4,123.46,635.51,2,1
996.42,0.8,205.27,791.15,4,1
728.08,0.4,85.0,643.08,2,1
555.88,0.0,91.14,464.74,0,0
927.06,0.6,198.59,728.46,3,1
783.96,0.2,218.7,565.26,1,1
977.27,0.6,294.19,683.08,3,1
754.89,0.2,212.32,542.56,1,0
445.9,0.0,34.11,411.79,0,1
1151.93,1.0,298.08,853.85,5,1
606.9,0.0,134.59,472.31,0,1
920.23,0.6,206.89,713.33,3,1
939.59,0.6,203.57,736.03,3,1
1177.25,0.6,509.3,667.95,3,1
1148.92,0.6,428.03,720.9,3,1
1030.61,0.6,332.41,698.21,3,1
2290.7,1.4,1281.22,1009.49,7,1
1154.46,0.4,587.03,567.44,2,1
814.28,0.4,133.38,680.9,2,0
891.25,0.4,263.3,627.95,2,1
1434.65,0.8,666.19,768.46,4,1
519.92,0.0,85.43,434.49,0,0
659.31,0.4,61.62,597.69,2,1
928.86,0.6,238.22,690.64,3,1
1137.36,1.0,283.51,853.85,5,1
596.08,0.2,53.51,542.56,1,0
788.18,0.2,238.05,550.13,1,1
1028.74,0.6,322.97,705.77,3,1
737.31,0.4,132.05,605.26,2,1
881.19,0.4,238.11,643.08,2,1
1214.44,0.6,561.62,652.82,3,1
691.51,0.2,156.51,535.0,1,1
951.38,0.6,222.92,728.46,3,1
716.9,0.4,96.51,620.38,2,1
549.18,0.0,92.0,457.18,0,0
562.97,0.0,128.49,434.49,0,0
756.4,0.2,206.27,550.13,1,1
1110.21,0.6,366.62,743.59,3,1
1113.52,0.6,385.05,728.46,3,1
584.59,0.0,134.97,449.62,0,1
656.05,0.2,121.05,535.0,1,1
703.72,0.4,106.03,597.69,2,1
1090.47,1.0,244.19,846.28,5,1
1345.19,1.2,436.22,908.97,6,1
799.75,0.4,156.68,643.08,2,0
1123.38,0.6,402.49,720.9,3,1
1030.55,0.8,209.14,821.41,4,1
1063.3,0.6,342.41,720.9,3,1
1240.96,0.8,449.81,791.15,4,1
1087.67,0.8,311.65,776.03,4,1
827.64,0.4,177.0,650.64,2,1
1013.26,0.8,169.16,844.1,4,0
547.61,0.0,90.43,457.18,0,0
695.15,0.4,97.46,597.69,2,1
775.53,0.2,225.41,550.13,1,0
753.85,0.4,95.65,658.21,2,0
939.2,0.8,193.43,745.77,4,1
1018.1,0.4,375.03,643.08,2,1
680.99,0.2,130.86,550.13,1,1
509.3,0.0,74.81,434.49,0,1
942.82,0.6,221.92,720.9,3,1
563.07,0.0,98.32,464.74,0,0
441.2,0.0,29.41,411.79,0,1
1492.06,0.6,831.68,660.38,3,1
1090.09,0.8,283.81,806.28,4,0
1421.3,1.4,358.86,1062.44,7,1
527.47,0.0,62.73,464.74,0,1
1209.21,0.6,586.65,622.56,3,1
1187.22,0.4,619.78,567.44,2,1
1445.64,0.6,762.57,683.08,3,1
