"Total_Cost","Ratio_Reloc_Prod","Horiz_Cost","Vert_Cost","nReloc","non_Optimal"
229117.69,0.4407,37294.37,191823.14,661,300
567.08,0.0,64.51,502.56,0,1
651.58,0.2,86.32,565.26,1,1
651.26,0.2,101.14,550.13,1,1
872.84,0.6,151.95,720.9,3,1
563.09,0.0,98.35,464.74,0,1
787.83,0.6,104.76,683.08,3,1
951.87,1.0,98.03,853.85,5,1
622.88,0.2,57.62,565.26,1,1
775.84,0.6,100.32,675.51,3,1
1204.56,1.4,172.38,1032.18,7,1
533.02,0.0,75.84,457.18,0,1
722.58,0.4,109.76,612.82,2,1
786.3,0.4,165.92,620.38,2,1
858.54,0.6,114.95,743.59,3,1
1060.34,1.0,168.68,891.67,5,1
541.23,0.0,84.05,457.18,0,1
840.44,0.6,134.68,705.77,3,1
657.91,0.2,92.65,565.26,1,1
707.36,0.4,94.54,612.82,2,1
720.61,0.4,115.35,605.26,2,1
1060.74,1.0,206.89,853.85,5,1
734.69,0.4,121.86,612.82,2,1
734.81,0.4,91.73,643.08,2,1
738.01,0.4,117.62,620.38,2,1
725.88,0.4,75.24,650.64,2,1
852.55,0.6,146.78,705.77,3,1
748.13,0.4,105.05,643.08,2,1
792.66,0.4,134.46,658.21,2,1
619.21,0.2,61.51,557.69,1,1
580.55,0.0,108.24,472.31,0,1
636.72,0.2,79.03,557.69,1,1
654.99,0.2,89.73,565.26,1,1
1023.17,0.8,209.32,813.85,4,1
747.35,0.2,212.35,535.0,1,1
674.7,0.2,124.57,550.13,1,1
717.15,0.2,151.89,565.26,1,1
522.64,0.0,73.03,449.62,0,1
572.29,0.0,122.68,449.62,0,1
754.98,0.4,142.16,612.82,2,1
685.99,0.4,80.73,605.26,2,1
827.44,0.6,106.54,720.9,3,1
688.65,0.2,146.08,542.56,1,1
511.57,0.0,84.65,426.92,0,1
1157.09,1.0,295.68,861.41,5,1
752.02,0.2,194.32,557.69,1,1
1156.75,1.0,265.08,891.67,5,1
1078.16,1.0,201.62,876.54,5,1
796.87,0.2,224.05,572.82,1,1
561.58,0.0,89.27,472.31,0,1
897.67,0.6,154.08,743.59,3,1
946.28,0.8,132.43,813.85,4,1
816.21,0.6,125.57,690.64,3,1
491.05,0.0,49.0,442.05,0,1
899.13,0.8,115.54,783.59,4,1
684.42,0.2,119.16,565.26,1,1
825.79,0.6,97.32,728.46,3,1
928.81,0.8,152.78,776.03,4,1
773.0,0.6,105.05,667.95,3,1
1007.47,1.0,161.19,846.28,5,1
595.2,0.2,75.32,519.87,1,1
893.48,0.4,235.27,658.21,2,1
1074.98,1.0,221.14,853.85,5,1
956.65,1.0,95.24,861.41,5,1
560.04,0.0,102.86,457.18,0,1
885.74,0.6,172.41,713.33,3,1
812.96,0.4,147.19,665.77,2,1
583.21,0.0,133.59,449.62,0,1
777.67,0.4,142.16,635.51,2,1
637.58,0.2,72.32,565.26,1,1
550.02,0.0,92.84,457.18,0,1
763.52,0.4,135.57,627.95,2,1
727.3,0.4,99.35,627.95,2,1
693.83,0.2,143.7,550.13,1,1
594.56,0.2,52.0,542.56,1,1
830.32,0.6,139.68,690.64,3,1
557.56,0.0,107.95,449.62,0,1
586.23,0.2,73.92,512.31,1,1
460.17,0.0,40.81,419.36,0,1
477.0,0.0,42.51,434.49,0,1
502.32,0.0,52.7,449.62,0,1
683.96,0.2,126.27,557.69,1,1
808.99,0.4,218.86,590.13,2,1
513.14,0.0,78.65,434.49,0,1
495.62,0.0,46.0,449.62,0,1
569.34,0.0,112.16,457.18,0,1
762.75,0.4,104.54,658.21,2,1
792.33,0.6,124.38,667.95,3,1
633.92,0.2,91.35,542.56,1,1
452.06,0.0,32.7,419.36,0,1
713.79,0.4,85.84,627.95,2,1
605.43,0.2,70.43,535.0,1,1
626.29,0.2,83.73,542.56,1,1
692.25,0.2,164.81,527.44,1,1
532.86,0.0,83.24,449.62,0,1
494.05,0.0,52.0,442.05,0,1
1031.52,1.0,170.11,861.41,5,1
1144.85,1.0,238.05,906.79,5,1
674.25,0.2,101.43,572.82,1,1
732.76,0.4,97.24,635.51,2,1
1175.06,1.2,213.14,961.92,6,1
816.7,0.6,126.05,690.64,3,1
715.4,0.2,157.7,557.69,1,1
561.69,0.0,96.95,464.74,0,1
811.1,0.4,152.89,658.21,2,1
497.41,0.0,62.92,434.49,0,1
648.36,0.2,128.49,519.87,1,1
1070.08,1.2,145.97,924.1,6,1
478.43,0.0,28.81,449.62,0,1
891.5,0.8,138.16,753.33,4,1
830.02,0.6,139.38,690.64,3,1
750.62,0.4,122.68,627.95,2,1
693.88,0.2,136.19,557.69,1,1
675.85,0.2,118.16,557.69,1,1
932.0,0.8,155.97,776.03,4,1
823.77,0.4,158.0,665.77,2,1
1133.3,1.0,218.95,914.36,5,1
737.83,0.4,94.76,643.08,2,1
644.13,0.4,54.0,590.13,2,1
711.66,0.4,98.84,612.82,2,1
894.08,0.8,118.05,776.03,4,1
789.4,0.4,138.76,650.64,2,1
744.46,0.4,108.95,635.51,2,1
616.16,0.2,66.03,550.13,1,1
563.59,0.0,113.97,449.62,0,1
602.36,0.2,90.05,512.31,1,1
654.81,0.2,127.38,527.44,1,1
703.83,0.4,121.27,582.56,2,1
789.97,0.4,139.32,650.64,2,1
937.13,0.8,145.97,791.15,4,1
613.74,0.0,149.0,464.74,0,1
689.18,0.2,131.49,557.69,1,1
899.38,0.6,178.49,720.9,3,1
871.68,0.6,150.78,720.9,3,1
695.31,0.2,130.05,565.26,1,1
514.98,0.0,88.05,426.92,0,1
526.75,0.2,44.7,482.05,1,1
624.75,0.2,74.62,550.13,1,1
967.5,0.8,168.78,798.72,4,1
679.93,0.4,67.11,612.82,2,1
465.36,0.0,46.0,419.36,0,1
524.03,0.0,89.54,434.49,0,1
832.1,0.6,133.89,698.21,3,1
986.92,0.8,157.95,828.97,4,1
816.63,0.4,150.86,665.77,2,1
748.81,0.4,120.86,627.95,2,1
829.46,0.6,93.43,736.03,3,1
819.72,0.6,113.95,705.77,3,1
954.75,0.8,163.59,791.15,4,1
641.33,0.2,121.46,519.87,1,1
864.29,0.6,166.08,698.21,3,1
948.41,0.6,219.95,728.46,3,1
700.31,0.4,95.05,605.26,2,1
751.62,0.4,108.54,643.08,2,1
531.05,0.0,81.43,449.62,0,1
509.24,0.0,59.62,449.62,0,1
584.54,0.2,57.11,527.44,1,1
795.9,0.6,90.14,705.77,3,1
707.72,0.4,102.46,605.26,2,1
835.58,0.8,82.24,753.33,4,1
954.16,0.8,170.57,783.59,4,1
919.69,0.8,128.54,791.15,4,1
1055.3,1.2,138.76,916.54,6,1
785.53,0.6,87.32,698.21,3,1
915.13,0.6,179.11,736.03,3,1
497.67,0.0,55.62,442.05,0,1
969.76,1.0,108.35,861.41,5,1
784.48,0.6,93.84,690.64,3,1
725.77,0.2,160.51,565.26,1,1
958.26,0.8,151.97,806.28,4,1
674.65,0.2,132.08,542.56,1,1
760.96,0.4,155.7,605.26,2,1
784.78,0.4,149.27,635.51,2,1
1107.75,1.2,123.14,984.62,6,1
1008.38,1.0,146.97,861.41,5,1
550.26,0.0,85.51,464.74,0,1
583.39,0.2,63.51,519.87,1,1
873.61,0.6,175.41,698.21,3,1
695.87,0.4,83.05,612.82,2,1
632.91,0.2,75.22,557.69,1,1
488.65,0.0,61.73,426.92,0,1
783.3,0.4,147.78,635.51,2,1
704.56,0.4,106.86,597.69,2,1
702.01,0.4,81.62,620.38,2,1
586.41,0.2,51.41,535.0,1,1
724.49,0.4,96.54,627.95,2,1
702.99,0.4,97.73,605.26,2,1
912.71,0.6,191.81,720.9,3,1
638.38,0.2,110.95,527.44,1,1
1317.26,1.8,197.51,1119.74,9,1
1131.44,1.0,209.51,921.92,5,1
1121.42,1.0,214.62,906.79,5,1
1190.0,1.0,268.08,921.92,5,1
756.78,0.4,121.27,635.51,2,1
750.18,0.2,184.92,565.26,1,1
1219.33,1.4,217.41,1001.92,7,1
555.93,0.0,83.62,472.31,0,1
773.47,0.6,113.08,660.38,3,1
529.27,0.0,102.35,426.92,0,1
722.85,0.4,125.16,597.69,2,1
560.91,0.0,96.16,464.74,0,1
847.03,0.6,126.14,720.9,3,1
920.18,0.8,121.46,798.72,4,1
784.67,0.6,109.16,675.51,3,1
994.12,1.0,140.27,853.85,5,1
673.97,0.2,138.97,535.0,1,1
775.59,0.4,140.08,635.51,2,1
456.61,0.0,44.81,411.79,0,1
720.64,0.4,122.95,597.69,2,1
926.1,0.8,134.95,791.15,4,1
734.76,0.4,99.24,635.51,2,1
849.29,0.6,151.08,698.21,3,1
698.88,0.4,93.62,605.26,2,1
539.26,0.0,74.51,464.74,0,1
869.47,0.6,163.7,705.77,3,1
631.76,0.2,96.76,535.0,1,1
1105.5,1.2,166.27,939.23,6,1
655.69,0.2,90.43,565.26,1,1
863.75,0.6,173.11,690.64,3,1
1074.03,1.0,212.62,861.41,5,1
664.5,0.2,99.24,565.26,1,1
749.29,0.6,66.22,683.08,3,1
739.65,0.4,104.14,635.51,2,1
967.72,0.8,169.0,798.72,4,1
863.87,0.6,142.97,720.9,3,1
913.07,0.8,121.92,791.15,4,1
894.45,0.6,135.73,758.72,3,1
655.5,0.2,97.81,557.69,1,1
608.51,0.2,73.51,535.0,1,1
660.3,0.2,132.86,527.44,1,1
874.57,0.6,138.54,736.03,3,1
899.55,0.6,186.22,713.33,3,1
1157.3,1.2,195.38,961.92,6,1
996.66,0.8,190.38,806.28,4,1
947.3,0.8,118.32,828.97,4,1
955.63,0.8,149.35,806.28,4,1
984.69,0.8,178.41,806.28,4,1
824.53,0.6,118.76,705.77,3,1
813.56,0.6,115.35,698.21,3,1
551.5,0.0,94.32,457.18,0,1
681.91,0.2,131.78,550.13,1,1
644.76,0.2,109.76,535.0,1,1
709.82,0.2,144.57,565.26,1,1
571.32,0.0,129.27,442.05,0,1
622.4,0.2,79.84,542.56,1,1
885.37,0.8,94.22,791.15,4,1
465.63,0.0,38.7,426.92,0,1
661.0,0.4,78.43,582.56,2,1
825.31,0.4,167.11,658.21,2,1
995.17,0.8,188.89,806.28,4,1
709.25,0.2,128.86,580.38,1,1
663.98,0.2,136.54,527.44,1,1
622.84,0.2,102.97,519.87,1,1
1109.72,1.2,185.62,924.1,6,1
764.1,0.6,81.03,683.08,3,1
830.42,0.4,225.16,605.26,2,1
779.78,0.6,89.14,690.64,3,1
589.72,0.0,124.97,464.74,0,1
641.14,0.2,121.27,519.87,1,1
586.52,0.2,74.22,512.31,1,1
884.73,0.6,156.27,728.46,3,1
1052.83,1.0,229.24,823.59,5,1
620.73,0.2,85.73,535.0,1,1
905.54,0.8,121.95,783.59,4,1
709.74,0.4,89.35,620.38,2,1
765.46,0.6,89.95,675.51,3,1
564.82,0.2,52.51,512.31,1,1
675.42,0.4,77.73,597.69,2,1
477.9,0.0,58.54,419.36,0,1
765.17,0.4,144.78,620.38,2,1
705.7,0.4,123.14,582.56,2,1
638.33,0.2,118.46,519.87,1,1
723.13,0.4,87.62,635.51,2,1
972.4,0.8,188.81,783.59,4,1
834.02,0.4,175.81,658.21,2,1
884.3,0.6,148.27,736.03,3,1
471.89,0.0,37.41,434.49,0,1
979.62,0.8,196.03,783.59,4,1
1153.44,1.4,159.08,994.36,7,1
668.53,0.2,110.84,557.69,1,1
1044.6,1.0,175.62,868.97,5,1
719.65,0.4,84.14,635.51,2,1
492.11,0.0,57.62,434.49,0,1
669.32,0.2,119.19,550.13,1,1
1000.97,0.8,172.0,828.97,4,1
740.84,0.4,120.46,620.38,2,1
923.32,0.8,132.16,791.15,4,1
1047.93,0.8,241.65,806.28,4,1
772.17,0.4,151.78,620.38,2,1
821.24,0.4,170.59,650.64,2,1
661.98,0.4,94.54,567.44,2,1
803.68,0.6,143.3,660.38,3,1
574.46,0.0,132.41,442.05,0,1
1128.25,1.0,274.41,853.85,5,1
608.67,0.2,66.11,542.56,1,1
734.3,0.4,106.35,627.95,2,1
530.86,0.0,81.24,449.62,0,1
778.3,0.4,142.78,635.51,2,1
776.94,0.4,133.86,643.08,2,1
854.37,0.6,156.16,698.21,3,1
905.39,0.6,199.62,705.77,3,1
