"Total_Cost","Ratio_Reloc_Prod","Horiz_Cost","Vert_Cost","nReloc","non_Optimal"
259700.64,0.4327,68697.92,191002.81,649,155
554.35,0.0,66.92,487.44,0,0
1236.89,1.0,299.84,937.05,5,0
737.74,0.4,117.35,620.38,2,1
619.18,0.2,53.92,565.26,1,0
608.7,0.2,66.14,542.56,1,0
843.06,0.6,122.16,720.9,3,1
742.47,0.4,122.08,620.38,2,1
731.91,0.4,88.84,643.08,2,0
819.88,0.6,129.24,690.64,3,1
528.67,0.0,79.05,449.62,0,0
612.97,0.2,70.41,542.56,1,1
588.65,0.2,61.22,527.44,1,0
1086.91,1.0,202.81,884.1,5,0
732.37,0.4,81.73,650.64,2,0
532.55,0.0,67.81,464.74,0,0
882.78,0.6,146.76,736.03,3,0
822.77,0.6,109.43,713.33,3,0
959.46,0.8,138.05,821.41,4,1
617.49,0.2,90.05,527.44,1,1
942.28,0.6,228.95,713.33,3,1
1038.12,0.8,224.27,813.85,4,1
1142.26,1.2,218.16,924.1,6,1
760.77,0.2,195.51,565.26,1,0
902.56,0.6,211.92,690.64,3,0
720.13,0.4,137.57,582.56,2,0
995.35,0.6,319.84,675.51,3,0
695.61,0.2,130.35,565.26,1,1
727.15,0.2,161.89,565.26,1,0
671.0,0.2,128.43,542.56,1,0
460.12,0.0,48.32,411.79,0,1
1177.74,0.4,557.35,620.38,2,0
549.95,0.0,115.46,434.49,0,1
1400.01,1.0,553.73,846.28,5,1
695.36,0.4,90.11,605.26,2,1
986.59,0.6,295.95,690.64,3,0
656.63,0.4,96.76,559.87,2,1
618.03,0.2,83.03,535.0,1,1
520.96,0.0,56.22,464.74,0,1
1232.28,1.0,317.92,914.36,5,1
813.7,0.4,238.7,575.0,2,0
763.96,0.2,198.7,565.26,1,0
1173.53,0.6,475.32,698.21,3,0
518.91,0.0,61.73,457.18,0,0
1067.96,0.6,362.19,705.77,3,0
920.67,0.4,277.59,643.08,2,0
1298.71,1.0,444.86,853.85,5,0
555.99,0.0,91.24,464.74,0,0
458.82,0.0,47.03,411.79,0,1
1187.43,0.8,411.41,776.03,4,0
707.1,0.4,109.41,597.69,2,0
448.5,0.0,36.7,411.79,0,1
1000.46,0.4,357.38,643.08,2,1
769.68,0.4,209.81,559.87,2,1
781.57,0.4,146.05,635.51,2,0
752.24,0.4,116.73,635.51,2,0
1045.67,0.6,362.59,683.08,3,0
1058.99,0.6,360.78,698.21,3,0
563.99,0.0,99.24,464.74,0,1
933.31,0.4,328.05,605.26,2,0
505.83,0.0,56.22,449.62,0,1
738.58,0.4,140.89,597.69,2,0
906.04,0.4,247.84,658.21,2,1
851.21,0.4,193.0,658.21,2,0
683.43,0.2,148.43,535.0,1,1
1480.62,1.0,611.65,868.97,5,1
1596.41,0.8,767.43,828.97,4,0
843.79,0.6,130.46,713.33,3,1
1460.5,0.8,661.78,798.72,4,0
710.56,0.2,152.86,557.69,1,1
838.23,0.6,132.46,705.77,3,0
717.53,0.2,152.27,565.26,1,0
881.29,0.6,190.65,690.64,3,0
1038.21,0.8,254.62,783.59,4,1
505.3,0.0,70.81,434.49,0,0
1155.9,1.2,193.97,961.92,6,1
759.53,0.2,201.84,557.69,1,0
932.97,0.6,189.38,743.59,3,0
652.77,0.0,188.03,464.74,0,0
760.92,0.2,233.49,527.44,1,1
994.94,0.8,150.84,844.1,4,1
1243.81,0.6,568.3,675.51,3,1
998.74,0.6,277.84,720.9,3,0
580.31,0.0,115.57,464.74,0,1
619.17,0.2,106.86,512.31,1,0
858.58,0.4,200.38,658.21,2,1
1425.02,0.8,626.3,798.72,4,1
979.99,0.6,274.22,705.77,3,1
1114.03,0.8,338.0,776.03,4,0
1462.74,0.6,817.49,645.26,3,1
885.08,0.4,242.0,643.08,2,0
578.32,0.0,128.7,449.62,0,0
1407.62,1.0,531.08,876.54,5,0
764.34,0.4,113.7,650.64,2,0
802.16,0.4,159.08,643.08,2,1
657.73,0.2,115.16,542.56,1,1
1022.27,0.4,379.19,643.08,2,1
987.82,0.6,274.49,713.33,3,1
1947.6,1.4,885.16,1062.44,7,1
1369.3,0.8,540.32,828.97,4,1
877.23,0.4,203.89,673.33,2,1
1426.44,1.0,504.51,921.92,5,1
567.19,0.2,85.14,482.05,1,1
1224.64,0.4,634.51,590.13,2,1
796.1,0.4,145.46,650.64,2,0
643.51,0.0,209.03,434.49,0,0
533.58,0.0,68.84,464.74,0,1
863.74,0.6,157.97,705.77,3,1
672.3,0.2,137.3,535.0,1,0
1335.45,1.0,443.78,891.67,5,1
826.28,0.2,261.03,565.26,1,0
601.13,0.0,143.95,457.18,0,1
585.73,0.2,50.73,535.0,1,1
744.13,0.2,201.57,542.56,1,0
658.14,0.2,123.14,535.0,1,1
1139.47,0.8,378.57,760.9,4,1
513.09,0.0,86.16,426.92,0,1
441.2,0.0,29.41,411.79,0,1
794.28,0.2,229.03,565.26,1,0
605.24,0.2,123.19,482.05,1,1
718.79,0.6,58.41,660.38,3,1
702.32,0.2,152.19,550.13,1,1
730.93,0.2,165.68,565.26,1,0
613.23,0.2,108.49,504.74,1,0
687.71,0.2,167.84,519.87,1,1
585.01,0.0,165.65,419.36,0,1
2190.72,1.6,1050.46,1140.26,8,0
833.95,0.4,198.43,635.51,2,0
1232.21,0.8,456.19,776.03,4,1
1442.16,1.2,518.05,924.1,6,1
1386.88,1.2,440.08,946.79,6,0
538.88,0.0,74.14,464.74,0,0
605.61,0.4,68.43,537.18,2,0
756.54,0.4,121.03,635.51,2,1
1125.53,0.8,281.43,844.1,4,0
1173.15,1.0,326.86,846.28,5,1
750.81,0.4,107.73,643.08,2,1
1418.95,0.6,705.62,713.33,3,0
1027.47,0.8,228.76,798.72,4,0
608.24,0.0,158.62,449.62,0,1
851.38,0.4,215.86,635.51,2,1
995.62,0.4,367.68,627.95,2,1
707.69,0.2,142.43,565.26,1,0
724.25,0.2,196.81,527.44,1,1
754.24,0.2,211.68,542.56,1,1
878.72,0.6,180.51,698.21,3,0
894.29,0.4,251.22,643.08,2,0
688.68,0.2,153.68,535.0,1,0
758.66,0.4,100.46,658.21,2,0
1299.87,0.8,486.03,813.85,4,1
814.57,0.4,179.05,635.51,2,1
950.25,0.6,282.3,667.95,3,1
729.74,0.2,164.49,565.26,1,0
997.21,0.6,306.57,690.64,3,0
627.14,0.2,92.14,535.0,1,0
841.66,0.6,128.32,713.33,3,1
1046.87,0.6,325.97,720.9,3,1
824.27,0.4,181.19,643.08,2,1
626.78,0.2,84.22,542.56,1,1
1012.74,0.6,254.03,758.72,3,0
826.36,0.4,221.11,605.26,2,0
903.78,0.2,353.65,550.13,1,0
1050.56,0.6,291.84,758.72,3,0
995.29,0.6,297.08,698.21,3,0
1209.64,0.8,418.49,791.15,4,0
868.17,0.4,202.41,665.77,2,1
919.78,0.6,183.76,736.03,3,0
655.01,0.2,89.76,565.26,1,1
820.53,0.2,262.84,557.69,1,1
1146.66,1.0,232.3,914.36,5,0
745.77,0.2,180.51,565.26,1,0
600.81,0.2,118.76,482.05,1,0
624.12,0.2,119.38,504.74,1,1
1000.07,0.4,394.81,605.26,2,1
1052.52,0.6,324.05,728.46,3,0
650.45,0.2,92.76,557.69,1,1
856.06,0.2,328.62,527.44,1,1
702.28,0.4,97.03,605.26,2,1
795.79,0.4,167.84,627.95,2,1
451.96,0.0,47.73,404.23,0,0
646.24,0.2,111.24,535.0,1,1
1073.34,0.4,415.14,658.21,2,1
708.23,0.2,142.97,565.26,1,0
744.09,0.2,224.22,519.87,1,0
1068.53,0.8,269.81,798.72,4,1
802.01,0.4,136.24,665.77,2,0
796.02,0.4,145.38,650.64,2,1
814.72,0.4,148.95,665.77,2,1
568.54,0.0,126.49,442.05,0,0
535.84,0.0,101.35,434.49,0,1
578.76,0.0,144.27,434.49,0,1
650.34,0.2,92.65,557.69,1,1
1421.61,1.2,474.81,946.79,6,0
935.34,0.2,370.08,565.26,1,1
724.23,0.4,118.97,605.26,2,1
840.34,0.4,174.57,665.77,2,0
853.91,0.6,110.32,743.59,3,0
763.03,0.2,228.03,535.0,1,1
1163.51,1.0,279.41,884.1,5,0
518.49,0.0,84.0,434.49,0,0
615.16,0.0,173.11,442.05,0,1
886.16,0.2,336.03,550.13,1,0
494.48,0.0,52.43,442.05,0,1
821.85,0.4,216.59,605.26,2,0
937.02,0.6,238.81,698.21,3,0
713.26,0.4,108.0,605.26,2,1
642.61,0.4,44.92,597.69,2,0
743.36,0.2,178.11,565.26,1,0
499.36,0.0,80.0,419.36,0,0
1075.0,0.6,338.97,736.03,3,0
863.03,0.6,142.14,720.9,3,0
788.93,0.4,130.73,658.21,2,1
661.12,0.2,103.43,557.69,1,1
546.65,0.0,112.16,434.49,0,1
622.04,0.2,124.86,497.18,1,0
649.37,0.0,192.19,457.18,0,1
441.9,0.0,30.11,411.79,0,1
841.48,0.6,158.41,683.08,3,0
710.04,0.2,144.78,565.26,1,0
651.35,0.2,116.35,535.0,1,0
800.4,0.2,242.7,557.69,1,1
665.57,0.2,130.57,535.0,1,1
1034.48,0.8,250.89,783.59,4,0
1137.23,0.8,338.51,798.72,4,1
541.24,0.0,106.76,434.49,0,1
504.2,0.0,84.84,419.36,0,1
887.65,0.4,259.7,627.95,2,0
939.84,0.6,264.32,675.51,3,1
1023.84,0.4,456.41,567.44,2,0
1465.62,1.2,488.57,977.05,6,1
1045.86,0.6,294.7,751.15,3,1
958.48,0.6,214.89,743.59,3,1
968.59,0.6,225.0,743.59,3,0
492.6,0.0,58.11,434.49,0,1
635.0,0.2,107.57,527.44,1,1
608.62,0.2,73.62,535.0,1,1
804.31,0.4,206.62,597.69,2,0
889.49,0.6,221.54,667.95,3,0
1160.5,0.4,494.73,665.77,2,0
1324.49,1.0,508.46,816.03,5,1
622.74,0.0,158.0,464.74,0,1
958.35,0.6,229.89,728.46,3,0
598.84,0.2,71.41,527.44,1,1
720.4,0.4,122.7,597.69,2,0
522.81,0.0,88.32,434.49,0,1
1392.09,1.2,430.16,961.92,6,1
1025.86,0.4,488.68,537.18,2,1
570.74,0.0,98.43,472.31,0,0
1101.9,0.6,381.0,720.9,3,1
549.72,0.0,92.54,457.18,0,1
970.63,0.8,217.3,753.33,4,0
1171.53,0.8,380.38,791.15,4,0
1356.43,1.4,278.86,1077.56,7,0
1236.19,0.6,553.11,683.08,3,1
718.26,0.2,153.0,565.26,1,0
907.68,0.4,279.73,627.95,2,0
1295.76,1.0,426.78,868.97,5,1
861.61,0.6,170.97,690.64,3,1
1269.32,0.6,639.19,630.13,3,1
1392.48,1.0,508.38,884.1,5,0
1567.12,1.0,667.89,899.23,5,0
1103.97,0.8,275.0,828.97,4,1
704.93,0.2,139.68,565.26,1,0
682.66,0.2,170.35,512.31,1,0
758.46,0.2,231.03,527.44,1,1
578.35,0.2,50.92,527.44,1,1
619.18,0.2,122.0,497.18,1,0
1335.97,0.8,499.43,836.54,4,0
659.43,0.0,209.81,449.62,0,1
1193.46,1.4,131.03,1062.44,7,0
891.63,0.8,130.73,760.9,4,0
823.05,0.4,179.97,643.08,2,0
1048.13,0.8,272.11,776.03,4,1
698.16,0.2,163.16,535.0,1,1
1013.25,0.8,244.78,768.46,4,1
1591.47,1.4,551.73,1039.74,7,1
801.36,0.4,188.54,612.82,2,1
858.69,0.4,200.49,658.21,2,1
682.45,0.2,124.76,557.69,1,1
448.71,0.0,36.92,411.79,0,1
715.48,0.2,157.78,557.69,1,0
580.37,0.0,123.19,457.18,0,1
570.32,0.0,128.27,442.05,0,0
516.8,0.0,59.62,457.18,0,1
820.44,0.6,152.49,667.95,3,1
762.0,0.4,126.49,635.51,2,1
961.96,0.6,195.68,766.28,3,0
1292.3,1.0,377.95,914.36,5,0
1517.09,1.0,731.32,785.77,5,1
1269.75,1.2,285.14,984.62,6,0
570.56,0.0,113.38,457.18,0,1
1314.5,0.8,447.7,866.79,4,0
833.5,0.4,228.24,605.26,2,0
753.14,0.2,225.7,527.44,1,0
928.86,0.4,353.86,575.0,2,0
1295.06,1.0,441.22,853.85,5,1
983.02,0.4,332.38,650.64,2,1
548.82,0.0,129.46,419.36,0,1
726.61,0.4,121.35,605.26,2,0
605.1,0.2,62.54,542.56,1,1
961.61,0.4,310.97,650.64,2,0
