"Total_Cost","Ratio_Reloc_Prod","Horiz_Cost","Vert_Cost","nReloc","non_Optimal"
268744.38,0.7293,59918.97,208825.29,1094,203
793.64,0.4,195.95,597.69,2,1
602.7,0.4,80.65,522.05,2,1
924.85,0.6,279.59,645.26,3,1
418.21,0.0,29.11,389.1,0,0
841.28,0.6,196.03,645.26,3,0
536.77,0.0,124.97,411.79,0,0
547.97,0.2,65.92,482.05,1,0
631.83,0.4,94.65,537.18,2,0
537.06,0.2,70.14,466.92,1,0
541.47,0.2,82.11,459.36,1,0
448.24,0.0,59.14,389.1,0,0
1012.17,1.2,171.27,840.9,6,1
456.62,0.0,67.51,389.1,0,0
544.22,0.2,69.73,474.49,1,1
714.05,0.4,131.49,582.56,2,1
947.71,0.8,239.76,707.95,4,1
520.44,0.2,53.51,466.92,1,0
746.4,0.4,209.22,537.18,2,1
604.1,0.4,66.92,537.18,2,1
743.57,0.6,128.57,615.0,3,1
819.56,0.6,181.86,637.69,3,1
746.36,0.6,93.54,652.82,3,1
921.07,1.0,195.81,725.26,5,1
611.8,0.2,107.05,504.74,1,1
900.93,0.8,215.68,685.26,4,1
869.83,1.0,91.62,778.21,5,1
638.47,0.4,93.73,544.74,2,0
563.64,0.2,74.03,489.62,1,0
2036.01,1.4,1049.22,986.79,7,1
1462.58,0.8,709.24,753.33,4,1
1228.69,1.6,201.89,1026.79,8,1
777.14,0.6,169.7,607.44,3,0
472.23,0.0,68.0,404.23,0,0
507.63,0.2,40.7,466.92,1,0
1725.9,1.4,792.05,933.85,7,1
1884.2,1.2,1005.49,878.72,6,1
447.31,0.0,35.51,411.79,0,0
684.07,0.4,93.95,590.13,2,1
973.44,1.2,132.54,840.9,6,1
1794.65,1.2,878.11,916.54,6,1
826.11,0.8,118.16,707.95,4,1
1355.92,1.6,366.95,988.97,8,1
726.61,0.6,88.92,637.69,3,0
493.87,0.0,74.51,419.36,0,0
904.15,0.8,173.51,730.64,4,1
712.95,0.6,105.51,607.44,3,1
691.7,0.2,156.7,535.0,1,1
730.56,0.6,100.43,630.13,3,1
506.95,0.0,80.03,426.92,0,0
1056.4,1.2,139.86,916.54,6,1
1286.12,1.8,166.38,1119.74,9,1
752.8,0.6,107.54,645.26,3,1
547.62,0.2,58.0,489.62,1,0
533.47,0.2,74.11,459.36,1,0
1081.64,1.2,210.49,871.15,6,1
639.6,0.4,79.73,559.87,2,0
750.13,0.6,127.57,622.56,3,1
1826.82,2.0,538.49,1288.33,10,1
1501.12,1.4,506.76,994.36,7,1
539.46,0.0,104.97,434.49,0,0
660.82,0.4,100.95,559.87,2,0
647.19,0.4,64.62,582.56,2,1
742.7,0.4,167.7,575.0,2,0
1005.56,1.0,234.92,770.64,5,1
837.5,0.8,144.68,692.82,4,1
940.38,1.0,124.35,816.03,5,1
668.02,0.2,178.41,489.62,1,0
703.16,0.6,73.03,630.13,3,0
526.97,0.2,44.92,482.05,1,0
689.14,0.6,74.14,615.0,3,1
839.83,0.6,149.19,690.64,3,1
1770.83,1.2,831.59,939.23,6,1
765.68,0.6,97.73,667.95,3,1
911.39,1.0,118.05,793.33,5,1
517.12,0.2,65.32,451.79,1,0
639.76,0.4,72.32,567.44,2,1
542.44,0.2,90.65,451.79,1,0
1727.14,1.0,873.3,853.85,5,1
924.87,1.0,131.54,793.33,5,1
720.43,0.4,137.86,582.56,2,1
1077.94,1.0,246.78,831.15,5,1
1024.94,1.2,100.84,924.1,6,1
2296.34,1.6,1216.59,1079.74,8,1
842.5,0.8,96.73,745.77,4,1
656.34,0.4,66.22,590.13,2,1
993.18,1.0,222.54,770.64,5,1
2712.47,1.8,1471.7,1240.77,9,1
542.11,0.2,67.62,474.49,1,0
624.81,0.4,102.76,522.05,2,0
826.59,0.6,151.08,675.51,3,1
575.78,0.2,93.73,482.05,1,0
651.53,0.4,61.41,590.13,2,1
695.19,0.6,72.62,622.56,3,0
893.34,0.8,215.65,677.69,4,1
708.45,0.6,78.32,630.13,3,1
1043.07,1.2,156.78,886.28,6,1
2119.84,1.4,1102.78,1017.05,7,1
2040.79,1.6,945.92,1094.87,8,1
519.18,0.0,130.08,389.1,0,0
492.23,0.0,88.0,404.23,0,0
512.44,0.0,100.65,411.79,0,0
692.1,0.4,109.54,582.56,2,1
570.43,0.2,95.95,474.49,1,0
778.75,0.6,88.11,690.64,3,0
561.2,0.2,101.84,459.36,1,0
715.83,0.4,133.27,582.56,2,0
473.92,0.0,47.0,426.92,0,0
830.03,0.8,129.65,700.38,4,1
1151.52,1.4,157.16,994.36,7,1
498.49,0.0,64.0,434.49,0,0
797.64,0.6,99.43,698.21,3,0
1272.21,1.8,175.16,1097.05,9,1
712.26,0.6,82.14,630.13,3,1
741.9,0.6,134.46,607.44,3,1
1187.9,1.4,246.49,941.41,7,1
736.61,0.6,91.35,645.26,3,0
667.24,0.4,92.24,575.0,2,0
1132.56,1.4,160.89,971.67,7,1
455.8,0.0,59.14,396.67,0,0
561.15,0.2,56.41,504.74,1,0
1660.75,1.4,636.14,1024.62,7,1
1051.52,1.2,157.68,893.85,6,1
892.0,1.0,144.05,747.95,5,1
735.64,0.6,97.95,637.69,3,1
1498.42,1.0,712.65,785.77,5,1
448.24,0.0,59.14,389.1,0,0
1750.76,1.2,849.35,901.41,6,1
2220.13,1.6,1163.08,1057.05,8,1
1636.98,1.8,570.19,1066.79,9,1
1145.38,1.6,148.84,996.54,8,1
810.86,0.8,95.35,715.51,4,0
890.16,1.0,134.65,755.51,5,1
1229.74,1.0,436.41,793.33,5,1
621.39,0.4,61.51,559.87,2,0
779.4,0.6,96.32,683.08,3,1
842.69,0.8,165.0,677.69,4,1
631.21,0.2,141.59,489.62,1,1
1099.45,1.0,268.3,831.15,5,1
650.13,0.2,160.51,489.62,1,0
716.63,0.6,116.76,599.87,3,0
579.58,0.2,74.84,504.74,1,1
714.51,0.6,91.95,622.56,3,1
670.45,0.4,80.32,590.13,2,0
571.86,0.2,82.24,489.62,1,0
1293.19,1.6,236.14,1057.05,8,1
465.46,0.0,23.41,442.05,0,0
638.85,0.4,86.54,552.31,2,0
626.66,0.4,81.92,544.74,2,1
752.48,0.4,169.92,582.56,2,1
797.61,0.6,159.92,637.69,3,1
1002.94,1.2,139.35,863.59,6,1
876.54,0.8,168.59,707.95,4,1
633.1,0.2,143.49,489.62,1,0
647.41,0.4,87.54,559.87,2,0
677.12,0.4,117.24,559.87,2,0
838.32,0.8,115.24,723.08,4,1
1075.63,1.2,181.78,893.85,6,1
773.39,0.6,67.62,705.77,3,1
704.29,0.6,81.73,622.56,3,1
1147.6,1.4,206.19,941.41,7,1
937.8,1.0,159.59,778.21,5,1
640.21,0.4,103.03,537.18,2,0
645.11,0.4,70.11,575.0,2,1
1216.22,1.6,181.86,1034.36,8,1
1001.01,1.0,147.16,853.85,5,1
1255.94,1.6,183.76,1072.18,8,1
2257.96,1.6,1178.22,1079.74,8,1
641.12,0.4,81.24,559.87,2,1
575.43,0.0,133.38,442.05,0,0
1170.29,1.0,407.22,763.08,5,1
840.8,0.8,95.03,745.77,4,1
635.54,0.4,68.11,567.44,2,0
703.07,0.6,57.81,645.26,3,0
509.32,0.0,112.65,396.67,0,0
742.54,0.6,67.03,675.51,3,0
1321.19,1.4,372.22,948.97,7,1
689.1,0.6,51.41,637.69,3,1
853.43,0.8,183.3,670.13,4,1
906.41,1.0,158.46,747.95,5,1
833.91,0.6,196.22,637.69,3,0
837.67,0.8,159.97,677.69,4,1
565.43,0.2,90.95,474.49,1,0
1292.24,1.2,428.65,863.59,6,1
474.07,0.0,69.84,404.23,0,0
1385.08,1.8,242.65,1142.44,9,1
845.29,0.8,114.65,730.64,4,1
738.07,0.4,140.38,597.69,2,1
755.03,0.6,94.65,660.38,3,1
799.11,0.8,98.73,700.38,4,0
967.44,1.0,174.11,793.33,5,1
1333.54,1.8,236.49,1097.05,9,1
768.65,0.6,93.14,675.51,3,1
1007.57,1.0,199.11,808.46,5,1
474.86,0.0,32.81,442.05,0,0
966.95,1.0,158.49,808.46,5,1
1495.98,1.6,454.05,1041.92,8,1
881.94,0.8,158.86,723.08,4,1
756.43,0.6,80.92,675.51,3,1
1234.27,1.6,237.73,996.54,8,1
506.84,0.2,39.92,466.92,1,0
706.6,0.4,154.3,552.31,2,0
453.4,0.0,56.73,396.67,0,0
1005.2,1.2,111.35,893.85,6,1
945.21,1.0,174.57,770.64,5,1
736.32,0.6,113.76,622.56,3,1
1736.64,1.4,772.54,964.1,7,1
741.32,0.6,118.76,622.56,3,1
1206.71,1.4,272.86,933.85,7,1
673.48,0.4,90.92,582.56,2,1
1634.76,1.2,733.35,901.41,6,1
1498.43,1.6,448.95,1049.49,8,1
834.16,0.8,118.65,715.51,4,1
920.61,1.0,134.84,785.77,5,1
640.6,0.4,80.73,559.87,2,0
1541.58,1.8,421.84,1119.74,9,1
600.14,0.2,140.78,459.36,1,0
753.26,0.6,115.57,637.69,3,1
1015.3,1.2,159.27,856.03,6,1
1075.92,1.2,219.89,856.03,6,1
760.68,0.6,92.73,667.95,3,1
659.43,0.4,84.43,575.0,2,1
485.46,0.0,43.41,442.05,0,0
2091.25,1.4,1089.32,1001.92,7,1
742.04,0.6,104.35,637.69,3,0
752.5,0.6,107.24,645.26,3,1
650.36,0.4,98.05,552.31,2,1
1176.59,1.0,360.57,816.03,5,1
904.31,1.0,118.54,785.77,5,1
1171.41,1.4,177.05,994.36,7,1
732.8,0.6,87.54,645.26,3,1
448.91,0.0,59.81,389.1,0,0
1724.54,1.2,815.57,908.97,6,1
1068.58,1.2,129.35,939.23,6,1
872.77,1.0,79.43,793.33,5,1
637.86,0.4,108.24,529.62,2,1
700.35,0.4,170.73,529.62,2,1
723.97,0.6,93.84,630.13,3,1
483.68,0.0,64.32,419.36,0,0
1596.21,2.2,290.57,1305.64,11,1
1350.48,1.6,293.43,1057.05,8,1
761.92,0.6,86.41,675.51,3,1
472.06,0.0,52.7,419.36,0,0
801.22,0.8,100.84,700.38,4,1
576.37,0.2,71.62,504.74,1,0
876.23,0.8,183.41,692.82,4,1
1319.35,1.8,169.35,1150.0,9,1
493.63,0.0,66.7,426.92,0,0
1314.61,1.4,388.32,926.28,7,1
681.73,0.4,99.16,582.56,2,1
579.51,0.2,97.46,482.05,1,0
973.53,1.0,127.24,846.28,5,1
783.81,0.8,121.24,662.56,4,1
898.84,1.0,143.32,755.51,5,0
842.51,0.6,212.38,630.13,3,1
1112.03,1.2,263.57,848.46,6,1
627.93,0.4,75.62,552.31,2,1
986.95,1.0,193.62,793.33,5,1
915.01,1.0,121.68,793.33,5,1
476.12,0.0,64.32,411.79,0,0
1017.45,1.2,153.86,863.59,6,1
1034.13,1.2,162.97,871.15,6,1
1029.62,0.6,361.68,667.95,3,1
1016.79,1.2,122.95,893.85,6,1
628.47,0.4,83.73,544.74,2,1
750.2,0.6,104.95,645.26,3,0
905.32,1.0,81.73,823.59,5,1
836.26,0.8,98.05,738.21,4,1
723.89,0.6,40.81,683.08,3,0
1017.48,1.0,186.32,831.15,5,1
746.15,0.6,108.46,637.69,3,1
1070.55,1.2,229.65,840.9,6,1
883.99,0.6,253.86,630.13,3,1
738.73,0.6,63.22,675.51,3,0
1061.16,1.2,137.05,924.1,6,1
1720.67,1.0,950.03,770.64,5,1
471.59,0.0,74.92,396.67,0,0
1648.61,1.2,709.38,939.23,6,1
1244.68,1.8,162.76,1081.92,9,1
632.47,0.4,87.73,544.74,2,0
477.14,0.0,50.22,426.92,0,0
808.4,0.6,117.76,690.64,3,1
581.07,0.2,76.32,504.74,1,0
644.85,0.4,92.54,552.31,2,0
667.49,0.4,100.05,567.44,2,1
731.25,0.6,78.43,652.82,3,1
1236.41,1.4,295.0,941.41,7,1
550.57,0.0,116.08,434.49,0,1
1384.55,1.8,189.16,1195.38,9,1
763.98,0.6,111.16,652.82,3,1
2109.27,1.6,1006.84,1102.44,8,1
598.2,0.2,146.41,451.79,1,1
588.03,0.2,113.54,474.49,1,0
756.98,0.6,89.03,667.95,3,1
967.11,1.0,98.14,868.97,5,1
1489.29,2.0,231.22,1258.08,10,1
527.2,0.2,67.84,459.36,1,0
1182.27,1.4,225.73,956.54,7,1
492.11,0.0,57.62,434.49,0,0
1112.89,1.4,156.35,956.54,7,1
878.26,0.8,140.05,738.21,4,1
