"Total_Cost","Ratio_Reloc_Prod","Horiz_Cost","Vert_Cost","nReloc","non_Optimal"
225476.53,0.4167,36697.08,188779.52,625,750
435.71,1.0,63.92,371.79,2,1
221.24,0.0,20.22,201.03,0,1
322.97,0.5,29.0,293.97,1,1
219.57,0.0,26.11,193.46,0,1
355.9,0.5,77.05,278.85,1,1
215.16,0.0,21.7,193.46,0,1
489.11,1.5,54.62,434.49,3,1
223.71,0.0,37.81,185.9,0,1
399.92,1.0,65.95,333.97,2,1
304.53,0.5,40.81,263.72,1,1
335.47,0.5,56.62,278.85,1,1
195.9,0.0,10.0,185.9,0,1
198.01,0.0,12.11,185.9,0,1
253.41,0.0,59.95,193.46,0,1
211.03,0.0,10.0,201.03,0,1
385.52,0.5,106.68,278.85,1,1
215.16,0.0,21.7,193.46,0,1
217.36,0.0,39.03,178.33,0,1
426.86,1.0,77.76,349.1,2,1
200.71,0.0,14.81,185.9,0,1
443.63,1.0,71.84,371.79,2,1
196.33,0.0,18.0,178.33,0,1
216.16,0.0,22.7,193.46,0,1
200.33,0.0,22.0,178.33,0,1
220.82,0.0,34.92,185.9,0,1
416.75,1.0,67.65,349.1,2,1
203.46,0.0,10.0,193.46,0,1
256.46,0.0,55.43,201.03,0,1
313.66,0.5,34.81,278.85,1,1
432.37,1.0,68.14,364.23,2,1
397.64,1.0,33.41,364.23,2,1
243.95,0.0,58.05,185.9,0,1
505.98,1.5,79.05,426.92,3,1
433.77,1.0,69.54,364.23,2,1
194.33,0.0,16.0,178.33,0,1
213.69,0.0,42.92,170.77,0,1
409.69,1.0,53.03,356.67,2,1
213.46,0.0,20.0,193.46,0,1
195.14,0.0,16.81,178.33,0,1
188.33,0.0,10.0,178.33,0,1
330.66,0.5,66.95,263.72,1,1
213.98,0.0,20.51,193.46,0,1
201.3,0.0,15.41,185.9,0,1
422.54,1.0,88.57,333.97,2,1
197.9,0.0,12.0,185.9,0,1
212.82,0.0,26.92,185.9,0,1
259.79,0.0,81.46,178.33,0,1
343.88,0.5,80.16,263.72,1,1
245.14,0.0,59.24,185.9,0,1
222.66,0.0,44.32,178.33,0,1
364.47,1.0,45.62,318.85,2,1
171.91,0.0,8.7,163.21,0,1
250.55,0.0,64.65,185.9,0,1
346.44,0.5,60.03,286.41,1,1
316.15,0.5,52.43,263.72,1,1
352.46,0.5,66.05,286.41,1,1
266.76,0.0,80.86,185.9,0,1
177.31,0.0,14.11,163.21,0,1
571.62,2.0,89.57,482.05,4,1
602.89,2.0,113.27,489.62,4,1
331.07,0.5,67.35,263.72,1,1
238.6,0.0,45.14,193.46,0,1
215.31,0.0,44.54,170.77,0,1
314.77,0.5,35.92,278.85,1,1
194.33,0.0,16.0,178.33,0,1
594.39,2.0,89.65,504.74,4,1
221.84,0.0,20.81,201.03,0,1
523.29,1.5,81.24,442.05,3,1
215.46,0.0,22.0,193.46,0,1
229.08,0.0,35.62,193.46,0,1
218.55,0.0,40.22,178.33,0,1
288.32,0.5,39.73,248.59,1,1
446.32,1.0,89.65,356.67,2,1
348.84,0.5,62.43,286.41,1,1
192.44,0.0,14.11,178.33,0,1
212.82,0.0,26.92,185.9,0,1
365.22,0.5,71.24,293.97,1,1
402.64,1.0,38.41,364.23,2,1
312.8,0.5,56.65,256.15,1,1
307.67,0.5,66.65,241.03,1,1
322.26,0.5,58.54,263.72,1,1
200.3,0.0,14.41,185.9,0,1
226.42,0.0,55.65,170.77,0,1
174.61,0.0,11.41,163.21,0,1
380.38,1.0,46.41,333.97,2,1
400.88,1.0,44.22,356.67,2,1
461.05,1.0,104.38,356.67,2,1
369.01,0.5,90.16,278.85,1,1
382.62,1.0,33.51,349.1,2,1
194.33,0.0,16.0,178.33,0,1
226.27,0.0,32.81,193.46,0,1
352.95,0.5,66.54,286.41,1,1
319.9,0.5,48.62,271.28,1,1
204.33,0.0,26.0,178.33,0,1
204.71,0.0,18.81,185.9,0,1
173.21,0.0,10.0,163.21,0,1
184.77,0.0,14.0,170.77,0,1
196.69,0.0,25.92,170.77,0,1
266.16,0.5,32.7,233.46,1,1
250.23,0.0,79.46,170.77,0,1
401.76,1.0,75.35,326.41,2,1
453.58,1.0,89.35,364.23,2,1
330.53,0.5,59.24,271.28,1,1
209.9,0.0,24.0,185.9,0,1
363.17,0.5,76.76,286.41,1,1
200.99,0.0,30.22,170.77,0,1
283.86,0.5,27.7,256.15,1,1
206.01,0.0,20.11,185.9,0,1
321.87,0.5,43.03,278.85,1,1
316.04,0.5,52.32,263.72,1,1
345.58,0.5,66.73,278.85,1,1
272.47,0.0,86.57,185.9,0,1
202.33,0.0,24.0,178.33,0,1
238.66,0.0,60.32,178.33,0,1
334.12,0.5,62.84,271.28,1,1
194.33,0.0,16.0,178.33,0,1
272.15,0.5,16.0,256.15,1,1
293.76,0.5,52.73,241.03,1,1
502.57,1.5,75.65,426.92,3,1
228.54,0.0,27.51,201.03,0,1
391.38,1.0,49.84,341.54,2,1
330.63,0.5,44.22,286.41,1,1
458.68,1.0,124.7,333.97,2,1
222.22,0.0,36.32,185.9,0,1
169.21,0.0,6.0,163.21,0,1
413.78,1.0,72.24,341.54,2,1
247.68,0.0,69.35,178.33,0,1
346.04,0.5,74.76,271.28,1,1
321.26,0.5,57.54,263.72,1,1
309.97,0.5,16.0,293.97,1,1
197.9,0.0,12.0,185.9,0,1
221.36,0.0,43.03,178.33,0,1
228.17,0.0,49.84,178.33,0,1
204.44,0.0,26.11,178.33,0,1
220.55,0.0,42.22,178.33,0,1
312.11,0.5,25.7,286.41,1,1
480.42,1.0,116.19,364.23,2,1
229.03,0.0,28.0,201.03,0,1
355.34,0.5,84.05,271.28,1,1
198.33,0.0,20.0,178.33,0,1
509.27,1.5,82.35,426.92,3,1
216.27,0.0,22.81,193.46,0,1
233.92,0.0,48.03,185.9,0,1
440.18,1.0,75.95,364.23,2,1
223.41,0.0,37.51,185.9,0,1
550.32,1.5,108.27,442.05,3,1
219.9,0.0,34.0,185.9,0,1
331.28,0.5,52.43,278.85,1,1
189.17,0.0,18.41,170.77,0,1
241.28,0.0,62.95,178.33,0,1
479.14,1.5,52.22,426.92,3,1
262.43,0.5,21.41,241.03,1,1
218.33,0.0,40.0,178.33,0,1
249.79,0.0,71.46,178.33,0,1
219.57,0.0,26.11,193.46,0,1
605.2,2.0,100.46,504.74,4,1
297.25,0.0,103.78,193.46,0,1
304.69,0.5,48.54,256.15,1,1
673.46,2.5,98.46,575.0,5,1
443.69,1.0,79.46,364.23,2,1
215.46,0.0,22.0,193.46,0,1
448.0,1.0,106.46,341.54,2,1
226.06,0.0,47.73,178.33,0,1
370.71,0.5,91.86,278.85,1,1
510.36,1.5,83.43,426.92,3,1
294.34,0.5,30.62,263.72,1,1
331.19,0.5,37.22,293.97,1,1
210.6,0.0,24.7,185.9,0,1
227.68,0.0,34.22,193.46,0,1
259.9,0.0,81.57,178.33,0,1
202.9,0.0,17.0,185.9,0,1
407.92,1.0,73.95,333.97,2,1
218.31,0.0,47.54,170.77,0,1
190.33,0.0,12.0,178.33,0,1
498.22,1.5,63.73,434.49,3,1
520.68,1.5,93.76,426.92,3,1
346.99,0.5,83.27,263.72,1,1
255.36,0.0,69.46,185.9,0,1
390.2,1.0,71.35,318.85,2,1
433.37,1.0,69.14,364.23,2,1
234.68,0.0,41.22,193.46,0,1
203.04,0.0,24.7,178.33,0,1
175.21,0.0,12.0,163.21,0,1
201.14,0.0,22.81,178.33,0,1
177.31,0.0,14.11,163.21,0,1
366.94,1.0,25.41,341.54,2,1
203.3,0.0,17.41,185.9,0,1
211.9,0.0,26.0,185.9,0,1
500.48,1.0,143.81,356.67,2,1
339.97,0.5,46.0,293.97,1,1
526.3,1.5,99.38,426.92,3,1
299.29,0.5,43.14,256.15,1,1
209.01,0.0,23.11,185.9,0,1
346.91,0.5,90.76,256.15,1,1
202.3,0.0,16.41,185.9,0,1
268.15,0.5,12.0,256.15,1,1
339.88,0.5,76.16,263.72,1,1
207.01,0.0,21.11,185.9,0,1
533.23,1.5,129.0,404.23,3,1
171.91,0.0,8.7,163.21,0,1
402.33,1.0,68.35,333.97,2,1
214.98,0.0,21.51,193.46,0,1
186.33,0.0,8.0,178.33,0,1
371.03,1.0,44.62,326.41,2,1
247.7,0.0,54.24,193.46,0,1
243.74,0.0,57.84,185.9,0,1
306.45,0.5,42.73,263.72,1,1
396.08,1.0,54.54,341.54,2,1
186.33,0.0,8.0,178.33,0,1
407.69,1.0,51.03,356.67,2,1
302.57,0.5,61.54,241.03,1,1
501.59,1.0,144.92,356.67,2,1
587.64,2.0,90.46,497.18,4,1
444.34,1.0,72.54,371.79,2,1
194.33,0.0,16.0,178.33,0,1
336.82,0.5,65.54,271.28,1,1
288.91,0.5,40.32,248.59,1,1
190.74,0.0,12.41,178.33,0,1
286.37,0.5,30.22,256.15,1,1
204.99,0.0,34.22,170.77,0,1
204.33,0.0,26.0,178.33,0,1
370.71,1.0,59.43,311.28,2,1
297.88,0.5,41.73,256.15,1,1
323.9,0.0,153.14,170.77,0,1
203.71,0.0,17.81,185.9,0,1
425.45,1.0,76.35,349.1,2,1
219.16,0.0,25.7,193.46,0,1
205.33,0.0,27.0,178.33,0,1
396.36,1.0,69.95,326.41,2,1
424.91,1.0,68.24,356.67,2,1
291.07,0.5,34.92,256.15,1,1
333.03,0.5,46.62,286.41,1,1
385.97,1.0,44.43,341.54,2,1
433.79,1.5,22.0,411.79,3,1
312.15,0.5,48.43,263.72,1,1
232.06,0.0,53.73,178.33,0,1
169.21,0.0,6.0,163.21,0,1
487.13,1.5,90.46,396.67,3,1
379.37,1.0,22.7,356.67,2,1
186.33,0.0,8.0,178.33,0,1
288.28,0.0,102.38,185.9,0,1
187.04,0.0,8.7,178.33,0,1
254.63,0.0,68.73,185.9,0,1
311.64,0.5,47.92,263.72,1,1
397.77,1.0,41.11,356.67,2,1
491.09,1.5,71.73,419.36,3,1
345.55,1.0,26.7,318.85,2,1
379.34,1.0,68.05,311.28,2,1
228.06,0.0,49.73,178.33,0,1
341.55,0.5,55.14,286.41,1,1
359.54,1.0,18.0,341.54,2,1
199.9,0.0,14.0,185.9,0,1
409.28,1.0,82.86,326.41,2,1
231.84,0.0,30.81,201.03,0,1
373.31,0.5,94.46,278.85,1,1
219.41,0.0,33.51,185.9,0,1
431.9,1.0,60.11,371.79,2,1
197.04,0.0,18.7,178.33,0,1
206.6,0.0,20.7,185.9,0,1
249.63,0.0,78.86,170.77,0,1
426.43,1.0,77.32,349.1,2,1
194.33,0.0,16.0,178.33,0,1
247.74,0.0,61.84,185.9,0,1
235.08,0.0,41.62,193.46,0,1
212.33,0.0,34.0,178.33,0,1
220.01,0.0,34.11,185.9,0,1
326.41,0.5,40.0,286.41,1,1
302.44,0.0,124.11,178.33,0,1
192.33,0.0,14.0,178.33,0,1
171.91,0.0,8.7,163.21,0,1
445.88,1.0,81.65,364.23,2,1
463.38,1.0,129.41,333.97,2,1
215.46,0.0,22.0,193.46,0,1
329.98,0.5,51.14,278.85,1,1
471.52,1.5,59.73,411.79,3,1
346.09,0.5,67.24,278.85,1,1
179.21,0.0,16.0,163.21,0,1
253.98,0.0,75.65,178.33,0,1
266.36,0.0,80.46,185.9,0,1
304.34,0.5,40.62,263.72,1,1
198.33,0.0,20.0,178.33,0,1
221.41,0.0,35.51,185.9,0,1
265.03,0.5,24.0,241.03,1,1
327.28,0.5,48.43,278.85,1,1
288.37,0.5,32.22,256.15,1,1
380.57,0.5,94.16,286.41,1,1
426.1,1.0,69.43,356.67,2,1
353.98,0.5,75.14,278.85,1,1
445.78,1.0,96.68,349.1,2,1
310.24,0.5,61.65,248.59,1,1
235.79,0.0,42.32,193.46,0,1
201.99,0.0,31.22,170.77,0,1
318.9,0.5,47.62,271.28,1,1
234.98,0.0,41.51,193.46,0,1
194.44,0.0,16.11,178.33,0,1
202.33,0.0,24.0,178.33,0,1
307.45,0.5,43.73,263.72,1,1
207.6,0.0,21.7,185.9,0,1
204.33,0.0,26.0,178.33,0,1
279.84,0.5,38.81,241.03,1,1
218.3,0.0,32.41,185.9,0,1
251.55,0.0,65.65,185.9,0,1
211.41,0.0,25.51,185.9,0,1
326.26,0.5,62.54,263.72,1,1
329.8,0.5,73.65,256.15,1,1
184.33,0.0,6.0,178.33,0,1
449.37,1.0,100.27,349.1,2,1
308.98,0.5,37.7,271.28,1,1
349.88,0.5,86.16,263.72,1,1
216.11,0.0,30.22,185.9,0,1
213.9,0.0,28.0,185.9,0,1
198.04,0.0,19.7,178.33,0,1
452.15,1.5,47.92,404.23,3,1
186.33,0.0,8.0,178.33,0,1
410.27,1.0,68.73,341.54,2,1
437.26,1.0,73.03,364.23,2,1
359.99,0.5,96.27,263.72,1,1
191.04,0.0,12.7,178.33,0,1
285.47,0.0,99.57,185.9,0,1
430.54,1.0,96.57,333.97,2,1
415.5,1.0,58.84,356.67,2,1
356.09,0.5,77.24,278.85,1,1
304.38,0.5,63.35,241.03,1,1
249.74,0.0,63.84,185.9,0,1
383.93,0.5,105.08,278.85,1,1
236.03,0.0,35.0,201.03,0,1
494.05,1.5,52.0,442.05,3,1
316.2,0.5,44.92,271.28,1,1
311.59,0.5,55.43,256.15,1,1
630.45,2.0,125.7,504.74,4,1
240.6,0.0,47.14,193.46,0,1
451.37,1.0,102.27,349.1,2,1
396.11,1.0,62.14,333.97,2,1
354.65,0.5,68.24,286.41,1,1
270.38,0.0,69.35,201.03,0,1
397.55,1.0,86.27,311.28,2,1
328.58,0.5,49.73,278.85,1,1
211.9,0.0,26.0,185.9,0,1
218.11,0.0,32.22,185.9,0,1
368.73,0.5,74.76,293.97,1,1
487.28,1.5,83.05,404.23,3,1
206.9,0.0,21.0,185.9,0,1
250.2,0.0,71.86,178.33,0,1
332.52,0.5,46.11,286.41,1,1
406.0,0.5,119.59,286.41,1,1
195.3,0.0,9.41,185.9,0,1
247.95,0.0,62.05,185.9,0,1
501.43,1.5,66.95,434.49,3,1
213.46,0.0,20.0,193.46,0,1
307.07,0.5,50.92,256.15,1,1
216.44,0.0,38.11,178.33,0,1
526.72,1.5,122.49,404.23,3,1
496.25,1.5,84.46,411.79,3,1
223.68,0.0,30.22,193.46,0,1
217.98,0.0,24.51,193.46,0,1
397.88,1.0,41.22,356.67,2,1
205.3,0.0,19.41,185.9,0,1
197.33,0.0,19.0,178.33,0,1
199.33,0.0,21.0,178.33,0,1
207.5,0.0,36.73,170.77,0,1
353.65,0.5,67.24,286.41,1,1
198.33,0.0,20.0,178.33,0,1
325.87,0.5,47.03,278.85,1,1
188.17,0.0,17.41,170.77,0,1
212.2,0.0,41.43,170.77,0,1
204.6,0.0,18.7,185.9,0,1
312.15,0.5,48.43,263.72,1,1
201.74,0.0,23.41,178.33,0,1
179.21,0.0,16.0,163.21,0,1
366.42,1.0,55.14,311.28,2,1
208.39,0.0,37.62,170.77,0,1
208.14,0.0,29.81,178.33,0,1
179.21,0.0,16.0,163.21,0,1
366.94,1.0,25.41,341.54,2,1
546.11,1.5,119.19,426.92,3,1
184.33,0.0,6.0,178.33,0,1
206.33,0.0,28.0,178.33,0,1
305.99,0.5,49.84,256.15,1,1
171.21,0.0,8.0,163.21,0,1
337.03,0.5,50.62,286.41,1,1
335.73,0.5,49.32,286.41,1,1
209.9,0.0,24.0,185.9,0,1
202.33,0.0,24.0,178.33,0,1
231.63,0.0,45.73,185.9,0,1
192.33,0.0,14.0,178.33,0,1
358.74,0.5,87.46,271.28,1,1
319.17,0.5,40.32,278.85,1,1
203.3,0.0,17.41,185.9,0,1
198.33,0.0,20.0,178.33,0,1
181.21,0.0,18.0,163.21,0,1
326.63,0.5,40.22,286.41,1,1
218.71,0.0,32.81,185.9,0,1
458.2,1.5,46.41,411.79,3,1
254.25,0.0,68.35,185.9,0,1
384.68,1.0,65.84,318.85,2,1
343.66,0.5,79.95,263.72,1,1
239.74,0.0,53.84,185.9,0,1
184.33,0.0,6.0,178.33,0,1
286.78,0.5,30.62,256.15,1,1
298.85,0.5,20.0,278.85,1,1
318.22,0.5,31.81,286.41,1,1
217.66,0.0,39.32,178.33,0,1
222.66,0.0,44.32,178.33,0,1
224.55,0.0,46.22,178.33,0,1
200.71,0.0,14.81,185.9,0,1
337.33,0.5,50.92,286.41,1,1
334.16,0.5,85.57,248.59,1,1
221.52,0.0,35.62,185.9,0,1
465.55,1.0,93.76,371.79,2,1
507.01,1.5,102.78,404.23,3,1
452.22,1.0,125.81,326.41,2,1
291.64,0.5,27.92,263.72,1,1
377.82,0.5,98.97,278.85,1,1
353.84,0.5,67.43,286.41,1,1
219.46,0.0,26.0,193.46,0,1
203.9,0.0,18.0,185.9,0,1
544.02,1.5,101.97,442.05,3,1
254.41,0.0,60.95,193.46,0,1
224.22,0.0,38.32,185.9,0,1
217.95,0.0,39.62,178.33,0,1
198.85,0.0,20.51,178.33,0,1
356.36,0.5,69.95,286.41,1,1
512.55,1.5,100.76,411.79,3,1
505.07,1.5,93.27,411.79,3,1
191.04,0.0,12.7,178.33,0,1
349.32,0.5,93.16,256.15,1,1
221.47,0.0,43.14,178.33,0,1
568.59,2.0,86.54,482.05,4,1
225.63,0.0,39.73,185.9,0,1
206.95,0.0,28.62,178.33,0,1
331.63,0.5,45.22,286.41,1,1
195.14,0.0,16.81,178.33,0,1
174.61,0.0,11.41,163.21,0,1
202.33,0.0,24.0,178.33,0,1
238.19,0.0,44.73,193.46,0,1
394.86,1.0,53.32,341.54,2,1
353.11,1.0,26.7,326.41,2,1
209.9,0.0,24.0,185.9,0,1
180.02,0.0,16.81,163.21,0,1
366.94,1.0,25.41,341.54,2,1
227.47,0.0,49.14,178.33,0,1
477.98,1.5,58.62,419.36,3,1
210.25,0.0,31.92,178.33,0,1
494.25,1.5,67.32,426.92,3,1
195.3,0.0,9.41,185.9,0,1
187.74,0.0,9.41,178.33,0,1
451.64,1.0,94.97,356.67,2,1
301.18,0.5,45.03,256.15,1,1
209.9,0.0,24.0,185.9,0,1
257.36,0.0,71.46,185.9,0,1
345.99,0.5,82.27,263.72,1,1
327.51,0.5,71.35,256.15,1,1
579.23,2.0,66.92,512.31,4,1
209.46,0.0,16.0,193.46,0,1
402.53,1.0,53.43,349.1,2,1
212.44,0.0,34.11,178.33,0,1
274.92,0.0,81.46,193.46,0,1
399.27,1.0,57.73,341.54,2,1
245.14,0.0,59.24,185.9,0,1
357.36,0.5,70.95,286.41,1,1
354.95,0.5,68.54,286.41,1,1
215.71,0.0,29.81,185.9,0,1
201.14,0.0,22.81,178.33,0,1
198.44,0.0,20.11,178.33,0,1
402.62,1.0,68.65,333.97,2,1
272.27,0.0,71.24,201.03,0,1
200.55,0.0,22.22,178.33,0,1
227.63,0.0,41.73,185.9,0,1
332.37,0.5,68.65,263.72,1,1
177.47,0.0,6.7,170.77,0,1
356.44,0.5,70.03,286.41,1,1
280.05,0.5,39.03,241.03,1,1
358.11,0.5,64.14,293.97,1,1
205.85,0.0,27.51,178.33,0,1
202.39,0.0,31.62,170.77,0,1
504.51,1.5,70.03,434.49,3,1
225.25,0.0,46.92,178.33,0,1
314.41,0.5,28.0,286.41,1,1
323.71,0.0,137.81,185.9,0,1
176.21,0.0,13.0,163.21,0,1
336.37,0.5,72.65,263.72,1,1
373.57,0.5,87.16,286.41,1,1
320.19,0.5,79.16,241.03,1,1
609.86,2.0,112.68,497.18,4,1
336.18,0.5,72.46,263.72,1,1
283.03,0.0,89.57,193.46,0,1
469.65,1.0,128.11,341.54,2,1
301.67,0.5,45.51,256.15,1,1
310.41,0.5,24.0,286.41,1,1
217.06,0.0,38.73,178.33,0,1
232.82,0.0,62.05,170.77,0,1
188.04,0.0,9.7,178.33,0,1
353.99,0.5,90.27,263.72,1,1
331.72,0.5,75.57,256.15,1,1
171.21,0.0,8.0,163.21,0,1
330.16,0.5,81.57,248.59,1,1
358.41,0.5,79.57,278.85,1,1
305.66,0.5,26.81,278.85,1,1
195.14,0.0,16.81,178.33,0,1
256.27,0.0,55.24,201.03,0,1
476.05,1.0,134.51,341.54,2,1
184.33,0.0,6.0,178.33,0,1
361.85,0.5,90.57,271.28,1,1
203.9,0.0,18.0,185.9,0,1
380.28,0.5,93.86,286.41,1,1
414.3,1.0,72.76,341.54,2,1
307.4,0.5,51.24,256.15,1,1
277.26,0.5,21.11,256.15,1,1
203.3,0.0,17.41,185.9,0,1
224.22,0.0,38.32,185.9,0,1
370.17,0.5,83.76,286.41,1,1
217.46,0.0,24.0,193.46,0,1
243.19,0.0,49.73,193.46,0,1
256.36,0.0,70.46,185.9,0,1
567.64,2.0,78.03,489.62,4,1
235.03,0.0,34.0,201.03,0,1
211.9,0.0,26.0,185.9,0,1
213.25,0.0,34.92,178.33,0,1
371.14,1.0,44.73,326.41,2,1
388.67,1.0,47.14,341.54,2,1
228.08,0.0,34.62,193.46,0,1
207.9,0.0,22.0,185.9,0,1
294.12,0.5,30.41,263.72,1,1
432.02,1.0,75.35,356.67,2,1
436.21,1.0,94.68,341.54,2,1
315.17,0.5,36.32,278.85,1,1
200.01,0.0,14.11,185.9,0,1
329.33,0.5,42.92,286.41,1,1
272.29,0.5,23.7,248.59,1,1
193.74,0.0,15.41,178.33,0,1
406.89,1.0,65.35,341.54,2,1
186.33,0.0,8.0,178.33,0,1
303.8,0.5,32.51,271.28,1,1
359.45,1.0,55.73,303.72,2,1
209.9,0.0,24.0,185.9,0,1
424.47,1.0,113.19,311.28,2,1
460.66,1.5,56.43,404.23,3,1
307.83,0.5,59.24,248.59,1,1
449.94,1.0,93.27,356.67,2,1
215.36,0.0,37.03,178.33,0,1
329.33,0.5,42.92,286.41,1,1
201.39,0.0,30.62,170.77,0,1
473.52,1.5,61.73,411.79,3,1
450.58,1.0,86.35,364.23,2,1
234.98,0.0,41.51,193.46,0,1
315.4,0.5,59.24,256.15,1,1
440.42,1.0,83.76,356.67,2,1
295.39,0.5,24.11,271.28,1,1
460.28,1.5,40.92,419.36,3,1
206.46,0.0,13.0,193.46,0,1
323.73,0.5,37.32,286.41,1,1
613.96,2.0,101.65,512.31,4,1
330.73,0.5,44.32,286.41,1,1
341.44,0.5,55.03,286.41,1,1
337.03,0.5,50.62,286.41,1,1
360.6,0.5,81.76,278.85,1,1
359.49,0.5,80.65,278.85,1,1
406.23,1.0,42.0,364.23,2,1
447.02,1.0,105.49,341.54,2,1
435.74,1.0,63.95,371.79,2,1
206.71,0.0,20.81,185.9,0,1
251.5,0.0,73.16,178.33,0,1
179.47,0.0,8.7,170.77,0,1
225.8,0.0,55.03,170.77,0,1
201.9,0.0,16.0,185.9,0,1
269.57,0.0,68.54,201.03,0,1
384.68,0.5,98.27,286.41,1,1
399.83,1.0,50.73,349.1,2,1
216.01,0.0,30.11,185.9,0,1
328.26,0.5,64.54,263.72,1,1
220.11,0.0,34.22,185.9,0,1
192.33,0.0,14.0,178.33,0,1
214.01,0.0,28.11,185.9,0,1
202.33,0.0,24.0,178.33,0,1
331.73,0.5,45.32,286.41,1,1
226.44,0.0,48.11,178.33,0,1
347.34,0.5,76.05,271.28,1,1
206.9,0.0,21.0,185.9,0,1
439.47,1.0,75.24,364.23,2,1
323.52,0.5,37.11,286.41,1,1
225.31,0.0,54.54,170.77,0,1
193.69,0.0,22.92,170.77,0,1
174.61,0.0,11.41,163.21,0,1
376.46,1.0,34.92,341.54,2,1
252.0,0.0,58.54,193.46,0,1
207.9,0.0,22.0,185.9,0,1
205.04,0.0,26.7,178.33,0,1
295.62,0.5,47.03,248.59,1,1
176.21,0.0,13.0,163.21,0,1
259.27,0.5,25.81,233.46,1,1
318.41,0.5,32.0,286.41,1,1
215.31,0.0,44.54,170.77,0,1
242.27,0.0,48.81,193.46,0,1
207.9,0.0,22.0,185.9,0,1
533.3,1.5,106.38,426.92,3,1
513.29,1.5,71.24,442.05,3,1
302.95,0.5,24.11,278.85,1,1
388.25,1.0,61.84,326.41,2,1
199.9,0.0,14.0,185.9,0,1
334.33,0.5,47.92,286.41,1,1
246.16,0.0,45.14,201.03,0,1
340.18,0.5,76.46,263.72,1,1
220.01,0.0,34.11,185.9,0,1
257.41,0.0,63.95,193.46,0,1
190.33,0.0,12.0,178.33,0,1
214.11,0.0,28.22,185.9,0,1
179.21,0.0,16.0,163.21,0,1
350.79,0.5,71.95,278.85,1,1
203.69,0.0,32.92,170.77,0,1
239.58,0.0,61.24,178.33,0,1
245.25,0.0,59.35,185.9,0,1
230.22,0.0,44.32,185.9,0,1
247.84,0.0,61.95,185.9,0,1
187.21,0.0,24.0,163.21,0,1
234.92,0.0,49.03,185.9,0,1
506.87,1.5,79.95,426.92,3,1
215.46,0.0,22.0,193.46,0,1
206.33,0.0,28.0,178.33,0,1
318.41,0.5,32.0,286.41,1,1
232.22,0.0,46.32,185.9,0,1
513.27,1.5,86.35,426.92,3,1
199.46,0.0,6.0,193.46,0,1
399.38,1.0,57.84,341.54,2,1
225.52,0.0,39.62,185.9,0,1
245.19,0.0,51.73,193.46,0,1
206.33,0.0,28.0,178.33,0,1
185.42,0.0,22.22,163.21,0,1
203.04,0.0,24.7,178.33,0,1
403.18,1.0,46.51,356.67,2,1
213.03,0.0,12.0,201.03,0,1
327.06,0.5,48.22,278.85,1,1
215.95,0.0,37.62,178.33,0,1
454.74,1.5,50.51,404.23,3,1
416.64,1.0,67.54,349.1,2,1
306.9,0.5,35.62,271.28,1,1
308.69,0.5,52.54,256.15,1,1
446.21,1.0,104.68,341.54,2,1
211.57,0.0,18.11,193.46,0,1
193.04,0.0,14.7,178.33,0,1
527.19,1.5,85.14,442.05,3,1
329.66,0.5,65.95,263.72,1,1
282.0,0.5,33.41,248.59,1,1
264.06,0.0,78.16,185.9,0,1
373.46,0.5,87.05,286.41,1,1
415.14,1.0,81.16,333.97,2,1
401.64,1.0,37.41,364.23,2,1
217.71,0.0,31.81,185.9,0,1
196.33,0.0,18.0,178.33,0,1
453.79,1.5,42.0,411.79,3,1
238.65,0.0,37.62,201.03,0,1
295.32,0.5,46.73,248.59,1,1
196.33,0.0,18.0,178.33,0,1
364.1,0.5,100.38,263.72,1,1
457.15,1.0,85.35,371.79,2,1
319.73,0.5,33.32,286.41,1,1
211.46,0.0,18.0,193.46,0,1
227.46,0.0,34.0,193.46,0,1
507.14,1.5,72.65,434.49,3,1
201.46,0.0,8.0,193.46,0,1
366.33,1.0,39.92,326.41,2,1
351.95,0.5,65.54,286.41,1,1
288.07,0.5,31.92,256.15,1,1
171.21,0.0,8.0,163.21,0,1
326.33,0.5,39.92,286.41,1,1
468.01,1.5,56.22,411.79,3,1
198.39,0.0,27.62,170.77,0,1
202.85,0.0,24.51,178.33,0,1
403.38,1.0,61.84,341.54,2,1
222.61,0.0,51.84,170.77,0,1
429.23,1.0,65.0,364.23,2,1
340.25,0.5,53.84,286.41,1,1
422.54,1.0,88.57,333.97,2,1
350.99,0.5,87.27,263.72,1,1
473.07,1.0,101.27,371.79,2,1
325.92,0.5,39.51,286.41,1,1
220.27,0.0,26.81,193.46,0,1
236.33,0.0,50.43,185.9,0,1
213.14,0.0,34.81,178.33,0,1
348.9,0.5,70.05,278.85,1,1
227.82,0.0,41.92,185.9,0,1
476.51,1.0,127.41,349.1,2,1
238.82,0.0,68.05,170.77,0,1
231.84,0.0,30.81,201.03,0,1
334.34,0.5,63.05,271.28,1,1
189.04,0.0,10.7,178.33,0,1
173.21,0.0,10.0,163.21,0,1
385.16,1.0,43.62,341.54,2,1
362.58,1.0,43.73,318.85,2,1
196.33,0.0,18.0,178.33,0,1
280.49,0.0,79.46,201.03,0,1
345.13,0.5,88.97,256.15,1,1
358.99,0.5,95.27,263.72,1,1
237.03,0.0,51.14,185.9,0,1
171.21,0.0,8.0,163.21,0,1
196.74,0.0,18.41,178.33,0,1
207.3,0.0,21.41,185.9,0,1
227.22,0.0,41.32,185.9,0,1
334.11,0.5,47.7,286.41,1,1
204.33,0.0,26.0,178.33,0,1
332.03,0.5,45.62,286.41,1,1
206.33,0.0,28.0,178.33,0,1
238.33,0.0,52.43,185.9,0,1
220.66,0.0,42.32,178.33,0,1
533.56,2.0,51.51,482.05,4,1
219.46,0.0,26.0,193.46,0,1
217.66,0.0,39.32,178.33,0,1
235.74,0.0,49.84,185.9,0,1
434.02,1.0,77.35,356.67,2,1
365.87,0.5,79.46,286.41,1,1
198.33,0.0,20.0,178.33,0,1
244.44,0.0,58.54,185.9,0,1
394.57,0.5,108.16,286.41,1,1
422.19,1.0,80.65,341.54,2,1
312.85,0.5,34.0,278.85,1,1
376.33,0.5,82.35,293.97,1,1
446.85,1.5,42.62,404.23,3,1
222.27,0.0,28.81,193.46,0,1
355.25,0.5,68.84,286.41,1,1
234.84,0.0,33.81,201.03,0,1
388.37,1.0,31.7,356.67,2,1
215.9,0.0,30.0,185.9,0,1
603.63,2.0,136.7,466.92,4,1
313.61,0.5,42.32,271.28,1,1
201.9,0.0,16.0,185.9,0,1
233.03,0.0,47.14,185.9,0,1
198.99,0.0,28.22,170.77,0,1
271.15,0.5,15.0,256.15,1,1
235.57,0.0,42.11,193.46,0,1
351.79,0.5,72.95,278.85,1,1
647.71,2.0,120.27,527.44,4,1
218.54,0.0,17.51,201.03,0,1
186.33,0.0,8.0,178.33,0,1
505.08,1.5,63.03,442.05,3,1
304.12,0.5,40.41,263.72,1,1
282.47,0.0,96.57,185.9,0,1
204.6,0.0,18.7,185.9,0,1
216.82,0.0,30.92,185.9,0,1
306.95,0.5,28.11,278.85,1,1
198.33,0.0,20.0,178.33,0,1
177.31,0.0,14.11,163.21,0,1
202.01,0.0,16.11,185.9,0,1
173.21,0.0,10.0,163.21,0,1
415.03,1.0,81.05,333.97,2,1
341.44,0.5,55.03,286.41,1,1
434.42,1.0,77.76,356.67,2,1
223.42,0.0,52.65,170.77,0,1
171.91,0.0,8.7,163.21,0,1
319.56,0.5,55.84,263.72,1,1
262.76,0.0,76.86,185.9,0,1
216.55,0.0,38.22,178.33,0,1
