"Total_Cost","Ratio_Reloc_Prod","Horiz_Cost","Vert_Cost","nReloc","non_Optimal"
266210.28,0.7553,54236.5,211973.8,1133,199
876.76,1.0,121.24,755.51,5,1
1692.57,1.0,944.62,747.95,5,1
775.82,0.6,130.57,645.26,3,0
548.81,0.2,74.32,474.49,1,0
1010.06,1.2,161.59,848.46,6,1
1269.7,1.8,240.73,1028.97,9,1
613.88,0.4,69.14,544.74,2,0
1311.43,1.2,462.97,848.46,6,1
434.21,0.0,45.11,389.1,0,0
844.5,0.8,159.24,685.26,4,0
472.66,0.0,68.43,404.23,0,0
678.39,0.4,126.08,552.31,2,1
990.63,1.2,164.86,825.77,6,1
580.54,0.2,53.11,527.44,1,0
934.37,0.4,351.81,582.56,2,1
451.85,0.0,47.62,404.23,0,0
886.36,1.0,145.97,740.38,5,1
754.58,0.6,101.76,652.82,3,1
674.38,0.4,106.95,567.44,2,1
716.86,0.6,86.73,630.13,3,1
621.54,0.2,139.49,482.05,1,1
821.09,0.8,75.32,745.77,4,1
767.8,0.6,122.54,645.26,3,0
947.3,1.0,191.78,755.51,5,1
1424.52,1.6,397.73,1026.79,8,1
717.73,0.6,102.73,615.0,3,1
1007.95,1.2,167.05,840.9,6,1
594.29,0.2,112.24,482.05,1,0
698.34,0.4,153.59,544.74,2,1
1412.28,1.2,526.0,886.28,6,1
1499.87,0.8,738.97,760.9,4,1
1050.59,1.0,287.51,763.08,5,1
1838.51,1.4,829.03,1009.49,7,1
761.73,0.6,139.16,622.56,3,1
740.81,0.4,158.24,582.56,2,1
1031.83,1.2,160.68,871.15,6,1
1375.15,2.0,162.46,1212.69,10,1
545.83,0.2,56.22,489.62,1,0
958.24,1.2,102.22,856.03,6,1
800.04,0.6,154.78,645.26,3,1
510.28,0.0,106.05,404.23,0,0
743.3,0.6,82.92,660.38,3,0
663.52,0.4,103.65,559.87,2,1
718.04,0.4,173.3,544.74,2,1
933.23,1.0,147.46,785.77,5,1
2522.71,1.6,1435.41,1087.31,8,1
735.28,0.4,190.54,544.74,2,1
532.68,0.0,105.76,426.92,0,1
1290.25,1.6,248.32,1041.92,8,1
995.32,1.0,224.68,770.64,5,1
1394.43,1.6,344.95,1049.49,8,1
1202.47,1.6,183.24,1019.23,8,1
736.45,0.6,106.32,630.13,3,0
456.21,0.0,67.11,389.1,0,0
746.93,0.6,86.54,660.38,3,0
982.81,1.0,219.73,763.08,5,1
826.31,0.8,141.05,685.26,4,0
735.79,0.6,75.41,660.38,3,0
895.76,1.0,140.24,755.51,5,1
579.82,0.2,120.46,459.36,1,1
762.6,0.6,170.3,592.31,3,1
1080.83,1.4,116.73,964.1,7,1
1531.02,2.0,386.41,1144.62,10,1
1150.37,1.6,131.14,1019.23,8,1
722.49,0.6,62.11,660.38,3,0
1286.34,1.8,174.16,1112.18,9,1
1041.4,1.2,109.73,931.67,6,1
569.62,0.2,95.14,474.49,1,0
623.51,0.4,48.51,575.0,2,0
687.6,0.4,120.16,567.44,2,0
514.45,0.0,64.84,449.62,0,0
917.8,1.0,147.16,770.64,5,1
657.25,0.4,89.81,567.44,2,0
666.38,0.4,98.95,567.44,2,1
921.07,1.0,142.86,778.21,5,1
770.19,0.6,102.24,667.95,3,0
1529.24,1.6,479.76,1049.49,8,1
806.98,0.8,99.03,707.95,4,1
1749.63,2.6,288.35,1461.28,13,1
647.13,0.4,57.0,590.13,2,0
729.28,0.6,84.03,645.26,3,1
1232.41,1.2,331.0,901.41,6,1
874.47,0.8,174.08,700.38,4,1
830.02,0.8,106.95,723.08,4,1
1268.33,1.0,475.0,793.33,5,1
747.41,0.6,139.97,607.44,3,0
906.87,1.0,113.54,793.33,5,1
850.95,0.8,150.57,700.38,4,1
919.84,0.8,204.32,715.51,4,1
879.79,1.0,131.84,747.95,5,0
669.78,0.4,79.65,590.13,2,1
748.91,0.6,103.65,645.26,3,1
456.64,0.0,67.54,389.1,0,0
660.82,0.4,100.95,559.87,2,1
489.39,0.0,70.03,419.36,0,0
885.91,0.8,155.27,730.64,4,1
920.39,1.0,142.19,778.21,5,1
1302.28,1.6,283.05,1019.23,8,1
1070.51,1.2,153.97,916.54,6,1
1088.0,1.2,224.41,863.59,6,1
503.41,0.0,68.92,434.49,0,0
1589.75,0.6,846.16,743.59,3,1
1318.44,1.8,183.57,1134.87,9,1
653.59,0.4,71.03,582.56,2,0
842.2,0.6,128.86,713.33,3,0
679.75,0.4,142.57,537.18,2,0
1133.35,0.4,558.35,575.0,2,1
1062.04,1.2,168.19,893.85,6,1
1544.51,1.0,728.49,816.03,5,1
859.05,0.8,135.97,723.08,4,1
545.87,0.0,111.38,434.49,0,0
1145.91,1.4,166.68,979.23,7,1
507.89,0.0,118.78,389.1,0,0
503.25,0.0,76.32,426.92,0,0
651.92,0.4,76.92,575.0,2,1
777.17,0.6,124.35,652.82,3,1
721.38,0.6,113.95,607.44,3,1
1100.15,1.4,189.0,911.15,7,1
769.98,0.6,117.16,652.82,3,1
1224.2,1.6,204.97,1019.23,8,1
954.97,1.0,138.95,816.03,5,1
904.47,1.0,111.14,793.33,5,1
1122.24,1.4,173.27,948.97,7,1
465.3,0.0,30.81,434.49,0,0
1251.62,1.8,162.14,1089.49,9,1
862.06,0.8,108.73,753.33,4,0
620.68,0.4,60.81,559.87,2,0
719.61,0.4,129.49,590.13,2,1
638.4,0.4,40.7,597.69,2,1
1560.56,1.8,403.0,1157.56,9,1
838.51,0.8,107.86,730.64,4,1
477.65,0.0,50.73,426.92,0,0
563.4,0.2,66.22,497.18,1,0
469.52,0.0,57.73,411.79,0,0
1186.38,1.6,129.32,1057.05,8,1
861.65,0.8,153.7,707.95,4,1
562.43,0.2,87.95,474.49,1,0
968.06,1.2,74.22,893.85,6,1
791.65,0.6,131.27,660.38,3,0
1682.2,2.2,353.86,1328.33,11,1
829.82,0.6,177.0,652.82,3,1
1139.07,1.4,152.27,986.79,7,1
1754.69,1.2,823.03,931.67,6,1
553.36,0.2,101.57,451.79,1,0
788.75,0.6,151.05,637.69,3,0
1495.27,1.2,586.3,908.97,6,1
811.55,0.8,111.16,700.38,4,1
1036.64,1.2,112.54,924.1,6,1
610.23,0.2,113.05,497.18,1,1
629.85,0.4,77.54,552.31,2,0
912.4,1.0,88.81,823.59,5,1
719.98,0.6,112.54,607.44,3,1
498.6,0.0,79.24,419.36,0,0
720.9,0.6,60.51,660.38,3,0
616.1,0.4,78.92,537.18,2,0
1167.78,1.4,211.24,956.54,7,1
529.0,0.2,54.51,474.49,1,0
772.26,0.6,134.57,637.69,3,1
566.44,0.0,139.51,426.92,0,0
1500.45,1.2,682.24,818.21,6,1
757.52,0.6,97.14,660.38,3,1
494.92,0.0,68.0,426.92,0,0
963.83,1.0,185.62,778.21,5,1
881.66,1.0,88.32,793.33,5,1
1064.0,1.2,200.41,863.59,6,1
496.37,0.0,107.27,389.1,0,0
1177.5,1.6,105.32,1072.18,8,1
857.03,0.8,149.08,707.95,4,1
552.34,0.2,100.54,451.79,1,0
1076.21,1.4,104.54,971.67,7,1
734.69,0.6,89.43,645.26,3,1
533.62,0.2,59.14,474.49,1,0
1047.02,1.2,175.86,871.15,6,1
644.12,0.4,91.81,552.31,2,0
638.37,0.4,55.81,582.56,2,0
671.92,0.2,144.49,527.44,1,1
569.88,0.2,72.7,497.18,1,0
957.57,1.0,156.68,800.9,5,1
954.69,1.0,176.49,778.21,5,1
645.23,0.4,108.05,537.18,2,1
1055.0,1.2,138.46,916.54,6,1
883.03,0.8,114.57,768.46,4,1
761.21,0.6,131.08,630.13,3,1
1010.23,1.2,123.95,886.28,6,1
951.23,0.6,313.54,637.69,3,1
443.79,0.0,32.0,411.79,0,0
772.91,0.6,89.84,683.08,3,0
1051.34,1.4,125.05,926.28,7,1
738.31,0.6,100.62,637.69,3,1
790.07,0.6,144.81,645.26,3,1
804.47,0.6,144.08,660.38,3,1
810.85,0.6,112.65,698.21,3,0
695.11,0.4,74.73,620.38,2,1
1872.4,1.6,800.22,1072.18,8,1
760.63,0.6,100.24,660.38,3,1
1040.54,1.0,216.95,823.59,5,1
720.77,0.6,75.51,645.26,3,0
504.06,0.0,77.14,426.92,0,0
532.33,0.0,112.97,419.36,0,0
1342.29,1.6,270.11,1072.18,8,1
1270.26,1.6,190.51,1079.74,8,1
483.05,0.0,41.0,442.05,0,0
586.21,0.2,104.16,482.05,1,0
734.06,0.6,66.11,667.95,3,0
1037.39,1.2,143.54,893.85,6,1
449.61,0.0,37.81,411.79,0,0
1139.88,1.4,153.08,986.79,7,1
1196.92,1.4,195.0,1001.92,7,1
636.61,0.4,99.43,537.18,2,1
583.81,0.2,48.81,535.0,1,0
556.89,0.2,74.84,482.05,1,0
610.22,0.2,90.35,519.87,1,0
729.03,0.6,53.51,675.51,3,1
1008.05,1.0,192.03,816.03,5,1
449.24,0.0,60.14,389.1,0,0
492.2,0.0,72.84,419.36,0,0
1096.21,1.2,172.11,924.1,6,1
448.5,0.0,36.7,411.79,0,0
743.62,0.6,68.11,675.51,3,0
740.91,0.6,95.65,645.26,3,1
1066.45,1.2,142.35,924.1,6,1
888.27,0.8,112.24,776.03,4,0
1857.11,1.2,948.14,908.97,6,1
926.98,1.0,133.65,793.33,5,1
466.61,0.0,54.81,411.79,0,0
548.64,0.2,59.03,489.62,1,0
778.32,0.6,148.19,630.13,3,0
838.45,0.8,100.24,738.21,4,1
950.94,1.2,94.92,856.03,6,1
1176.48,1.4,272.89,903.59,7,1
444.34,0.0,40.11,404.23,0,0
992.96,1.2,114.24,878.72,6,1
1021.91,1.2,150.76,871.15,6,1
1465.95,2.0,336.46,1129.49,10,1
577.52,0.2,65.22,512.31,1,0
1059.01,1.2,218.11,840.9,6,1
1288.02,1.0,456.86,831.15,5,1
1656.16,1.0,772.05,884.1,5,1
747.75,0.6,110.05,637.69,3,1
1845.72,1.2,914.05,931.67,6,1
648.34,0.4,111.16,537.18,2,1
1102.86,1.4,138.76,964.1,7,1
780.46,0.6,157.89,622.56,3,1
834.14,0.6,181.32,652.82,3,1
700.37,0.4,163.19,537.18,2,1
877.38,0.8,177.0,700.38,4,1
701.88,0.4,111.76,590.13,2,1
726.61,0.6,88.92,637.69,3,0
470.9,0.0,59.11,411.79,0,0
811.94,0.6,181.81,630.13,3,0
1119.13,1.4,147.46,971.67,7,1
736.23,0.6,98.54,637.69,3,1
1410.48,0.8,672.27,738.21,4,1
669.21,0.4,86.65,582.56,2,0
645.8,0.4,101.05,544.74,2,0
647.78,0.4,65.22,582.56,2,0
747.95,0.6,72.43,675.51,3,0
950.19,1.0,134.16,816.03,5,1
582.37,0.2,92.76,489.62,1,0
1231.02,1.4,274.49,956.54,7,1
764.65,0.6,89.14,675.51,3,1
726.71,0.6,119.27,607.44,3,1
1651.58,0.8,913.38,738.21,4,1
817.18,0.8,147.05,670.13,4,1
1883.63,1.0,1037.35,846.28,5,1
1296.87,1.6,307.89,988.97,8,1
1284.2,1.6,257.41,1026.79,8,1
887.65,0.8,179.7,707.95,4,0
471.79,0.0,60.0,411.79,0,0
1051.76,1.4,110.35,941.41,7,1
663.38,0.4,95.95,567.44,2,1
1128.22,1.4,186.81,941.41,7,1
903.43,1.0,79.84,823.59,5,1
581.31,0.2,84.14,497.18,1,1
765.13,0.6,89.62,675.51,3,0
1265.86,1.6,193.68,1072.18,8,1
683.98,0.4,116.54,567.44,2,1
988.92,1.2,140.46,848.46,6,1
1412.68,1.4,478.84,933.85,7,1
670.77,0.4,118.46,552.31,2,1
490.16,0.0,48.11,442.05,0,0
806.87,0.6,146.49,660.38,3,0
578.31,0.2,81.14,497.18,1,0
1004.74,1.2,126.03,878.72,6,1
1256.74,1.4,262.38,994.36,7,1
661.17,0.4,108.86,552.31,2,1
669.38,0.4,101.95,567.44,2,1
663.91,0.4,119.16,544.74,2,1
1096.07,1.4,169.78,926.28,7,1
588.14,0.2,128.78,459.36,1,0
456.33,0.0,29.41,426.92,0,0
637.25,0.4,69.81,567.44,2,1
1501.75,1.6,437.14,1064.62,8,1
481.66,0.0,77.43,404.23,0,0
907.93,1.0,122.16,785.77,5,1
732.55,0.4,172.68,559.87,2,1
713.38,0.6,105.95,607.44,3,0
1018.7,1.0,195.11,823.59,5,1
1864.14,1.6,754.14,1110.0,8,1
1145.44,1.4,211.59,933.85,7,1
