"Total_Cost","Ratio_Reloc_Prod","Horiz_Cost","Vert_Cost","nReloc","non_Optimal"
245767.42,0.394,57848.71,187918.84,591,157
846.21,0.6,102.62,743.59,3,0
1031.5,0.8,172.27,859.23,4,1
1047.72,0.8,249.0,798.72,4,0
1008.8,0.4,350.59,658.21,2,0
644.86,0.2,109.86,535.0,1,0
965.35,0.6,221.76,743.59,3,1
834.23,0.4,176.03,658.21,2,1
637.69,0.2,80.0,557.69,1,0
809.65,0.6,88.76,720.9,3,0
800.05,0.4,156.97,643.08,2,0
1189.75,1.2,197.57,992.18,6,1
826.44,0.6,120.68,705.77,3,1
787.64,0.6,104.57,683.08,3,0
969.73,0.8,193.7,776.03,4,0
667.01,0.2,101.76,565.26,1,1
661.68,0.2,126.68,535.0,1,1
611.61,0.2,106.86,504.74,1,1
847.34,0.4,196.7,650.64,2,0
798.68,0.4,178.3,620.38,2,0
676.41,0.2,96.03,580.38,1,0
1345.6,1.2,376.11,969.49,6,0
957.31,0.8,143.46,813.85,4,1
809.01,0.6,103.24,705.77,3,1
899.98,0.8,86.14,813.85,4,1
741.08,0.4,98.0,643.08,2,1
507.4,0.0,50.22,457.18,0,0
999.68,0.8,178.27,821.41,4,1
819.25,0.4,191.3,627.95,2,1
548.81,0.0,106.76,442.05,0,0
947.08,0.6,203.49,743.59,3,0
965.56,0.6,221.97,743.59,3,1
647.21,0.2,104.65,542.56,1,1
777.41,0.4,149.46,627.95,2,0
693.94,0.2,151.38,542.56,1,1
805.61,0.2,247.92,557.69,1,0
1206.99,1.0,307.76,899.23,5,0
533.21,0.0,76.03,457.18,0,1
1157.9,0.6,437.0,720.9,3,1
1020.01,0.6,253.73,766.28,3,0
525.89,0.0,83.84,442.05,0,1
1233.9,1.0,372.49,861.41,5,1
849.52,0.4,236.7,612.82,2,1
876.87,0.6,208.92,667.95,3,1
513.06,0.0,86.14,426.92,0,1
991.52,0.6,270.62,720.9,3,0
683.32,0.2,140.76,542.56,1,1
993.91,0.4,343.27,650.64,2,0
584.42,0.0,119.68,464.74,0,0
746.54,0.2,219.11,527.44,1,1
522.21,0.0,65.03,457.18,0,0
623.02,0.2,125.84,497.18,1,1
1101.6,0.8,333.14,768.46,4,1
1144.63,0.8,330.78,813.85,4,0
715.4,0.2,165.27,550.13,1,0
793.05,0.4,149.97,643.08,2,1
599.03,0.0,172.11,426.92,0,1
855.06,0.6,134.16,720.9,3,0
941.62,0.6,205.59,736.03,3,1
626.4,0.2,144.35,482.05,1,1
780.55,0.4,160.16,620.38,2,0
695.54,0.2,152.97,542.56,1,0
591.16,0.0,141.54,449.62,0,0
1338.14,1.0,484.3,853.85,5,0
475.36,0.0,56.0,419.36,0,0
896.09,0.4,275.7,620.38,2,1
818.75,0.6,120.54,698.21,3,1
672.41,0.2,144.97,527.44,1,1
678.14,0.2,150.7,527.44,1,1
659.94,0.2,102.24,557.69,1,1
568.8,0.0,119.19,449.62,0,0
981.48,0.4,323.27,658.21,2,1
811.47,0.4,198.65,612.82,2,1
602.37,0.2,112.76,489.62,1,1
439.2,0.0,27.41,411.79,0,1
846.01,0.6,185.62,660.38,3,1
843.35,0.8,135.41,707.95,4,0
552.27,0.0,117.78,434.49,0,1
846.59,0.4,203.51,643.08,2,0
1026.36,0.4,466.49,559.87,2,1
1002.19,0.6,266.16,736.03,3,0
660.58,0.2,95.32,565.26,1,0
911.46,0.4,283.51,627.95,2,1
814.33,0.4,186.38,627.95,2,1
905.78,0.6,169.76,736.03,3,0
1431.72,1.2,431.97,999.74,6,0
796.83,0.4,153.76,643.08,2,1
1144.42,0.8,353.27,791.15,4,0
948.25,0.6,234.92,713.33,3,0
833.67,0.4,190.59,643.08,2,1
944.98,0.4,332.16,612.82,2,0
802.78,0.2,267.78,535.0,1,1
510.49,0.0,76.0,434.49,0,1
832.24,0.6,141.59,690.64,3,1
844.04,0.4,178.27,665.77,2,0
704.39,0.2,139.14,565.26,1,1
1008.39,0.4,342.62,665.77,2,0
872.96,0.4,207.19,665.77,2,0
1028.69,0.4,370.49,658.21,2,0
577.66,0.0,105.35,472.31,0,0
660.31,0.2,95.05,565.26,1,0
688.42,0.2,123.16,565.26,1,0
1540.03,1.2,578.11,961.92,6,0
872.37,0.4,229.3,643.08,2,1
923.26,0.2,358.0,565.26,1,1
661.43,0.2,118.86,542.56,1,1
809.2,0.4,143.43,665.77,2,1
768.54,0.2,241.11,527.44,1,1
991.42,0.8,200.27,791.15,4,1
813.77,0.2,248.51,565.26,1,0
844.61,0.4,186.41,658.21,2,0
713.06,0.2,193.19,519.87,1,1
790.22,0.4,162.27,627.95,2,0
951.99,0.6,253.78,698.21,3,1
775.93,0.2,210.68,565.26,1,1
804.42,0.2,239.16,565.26,1,1
1116.76,1.0,247.78,868.97,5,0
821.74,0.4,155.97,665.77,2,1
520.05,0.0,70.43,449.62,0,1
887.36,0.6,166.46,720.9,3,0
443.2,0.0,31.41,411.79,0,1
593.92,0.2,58.92,535.0,1,1
897.27,0.2,362.27,535.0,1,1
792.17,0.4,171.78,620.38,2,0
568.29,0.0,126.24,442.05,0,0
501.81,0.0,67.32,434.49,0,1
1405.15,0.8,614.0,791.15,4,0
543.62,0.0,101.57,442.05,0,0
931.12,0.4,272.92,658.21,2,1
988.31,0.4,375.49,612.82,2,0
649.86,0.2,114.86,535.0,1,1
929.59,0.6,186.0,743.59,3,0
1026.43,0.6,350.92,675.51,3,1
480.6,0.0,46.11,434.49,0,1
950.73,0.4,322.78,627.95,2,1
448.5,0.0,36.7,411.79,0,1
719.88,0.2,162.19,557.69,1,0
792.75,0.4,149.68,643.08,2,1
1169.72,0.8,378.57,791.15,4,0
604.08,0.2,61.51,542.56,1,1
866.48,0.6,183.41,683.08,3,1
830.35,0.4,187.27,643.08,2,0
751.53,0.4,146.27,605.26,2,1
829.53,0.4,224.27,605.26,2,1
798.74,0.4,125.41,673.33,2,0
1350.8,1.2,366.19,984.62,6,0
792.46,0.4,149.38,643.08,2,0
771.69,0.2,214.0,557.69,1,1
738.31,0.2,180.62,557.69,1,1
759.6,0.4,131.65,627.95,2,1
457.71,0.0,45.92,411.79,0,1
899.13,0.6,208.49,690.64,3,0
959.57,0.4,324.05,635.51,2,1
447.9,0.0,36.11,411.79,0,1
952.02,0.2,409.46,542.56,1,1
893.27,0.6,210.19,683.08,3,1
600.74,0.0,136.0,464.74,0,0
547.37,0.0,82.62,464.74,0,0
805.4,0.2,255.27,550.13,1,1
731.04,0.4,133.35,597.69,2,1
629.92,0.2,94.92,535.0,1,1
723.09,0.4,110.27,612.82,2,1
707.82,0.2,142.57,565.26,1,0
609.26,0.0,144.51,464.74,0,0
744.37,0.4,93.73,650.64,2,0
1060.83,1.0,169.16,891.67,5,1
1353.97,1.0,409.35,944.62,5,0
717.07,0.2,151.81,565.26,1,0
667.25,0.2,94.43,572.82,1,0
650.58,0.2,85.32,565.26,1,1
752.65,0.4,117.14,635.51,2,1
920.27,0.6,191.81,728.46,3,0
686.93,0.2,121.68,565.26,1,1
1049.38,0.8,227.97,821.41,4,0
914.28,0.6,140.43,773.85,3,0
804.84,0.4,176.89,627.95,2,0
691.8,0.2,126.54,565.26,1,1
1067.34,0.6,369.14,698.21,3,1
697.1,0.4,54.03,643.08,2,1
865.45,0.2,300.19,565.26,1,0
904.31,0.4,246.11,658.21,2,1
782.85,0.2,225.16,557.69,1,1
870.06,0.6,149.16,720.9,3,0
903.26,0.6,212.62,690.64,3,0
886.55,0.4,273.73,612.82,2,0
690.61,0.2,125.35,565.26,1,0
550.9,0.0,123.97,426.92,0,1
517.73,0.0,83.24,434.49,0,1
1222.92,1.0,346.38,876.54,5,1
728.04,0.2,162.78,565.26,1,1
1575.55,1.4,528.24,1047.31,7,1
576.75,0.0,119.57,457.18,0,1
851.86,0.4,208.78,643.08,2,1
782.83,0.4,139.76,643.08,2,1
977.61,0.4,326.97,650.64,2,0
1121.67,0.8,345.65,776.03,4,0
966.53,0.6,200.24,766.28,3,0
1206.95,1.0,285.03,921.92,5,0
747.55,0.4,134.73,612.82,2,1
683.16,0.2,148.16,535.0,1,1
695.62,0.2,153.05,542.56,1,1
920.78,0.4,270.14,650.64,2,0
773.99,0.2,223.86,550.13,1,1
768.85,0.4,110.65,658.21,2,0
1321.88,1.0,422.65,899.23,5,0
551.67,0.0,102.05,449.62,0,1
856.35,0.4,228.41,627.95,2,1
579.0,0.2,44.0,535.0,1,0
921.05,0.6,185.03,736.03,3,1
863.5,0.4,250.68,612.82,2,1
479.41,0.0,44.92,434.49,0,1
1124.72,0.4,474.08,650.64,2,0
1250.05,1.0,373.51,876.54,5,1
561.83,0.0,104.65,457.18,0,0
499.62,0.0,65.14,434.49,0,1
744.18,0.2,186.49,557.69,1,0
636.83,0.2,79.14,557.69,1,0
913.18,0.8,114.46,798.72,4,0
538.75,0.0,89.14,449.62,0,1
855.08,0.4,212.0,643.08,2,1
812.33,0.4,191.95,620.38,2,1
621.35,0.0,171.73,449.62,0,0
861.94,0.4,211.3,650.64,2,1
1193.09,0.6,472.19,720.9,3,0
631.28,0.0,166.54,464.74,0,1
934.75,0.6,191.16,743.59,3,1
1284.3,0.6,555.84,728.46,3,0
849.79,0.4,221.84,627.95,2,0
874.2,0.4,208.43,665.77,2,1
969.28,0.6,203.0,766.28,3,0
975.44,1.0,129.16,846.28,5,1
692.41,0.2,157.41,535.0,1,1
1044.82,1.0,198.54,846.28,5,0
731.3,0.4,103.35,627.95,2,0
436.61,0.0,24.81,411.79,0,1
836.96,0.6,138.76,698.21,3,1
727.13,0.6,51.62,675.51,3,1
750.05,0.4,114.54,635.51,2,0
578.92,0.0,136.86,442.05,0,0
439.9,0.0,28.11,411.79,0,1
877.43,0.4,241.92,635.51,2,0
666.5,0.2,101.24,565.26,1,1
719.26,0.2,154.0,565.26,1,0
947.75,0.6,204.16,743.59,3,1
847.29,0.4,189.08,658.21,2,0
845.16,0.4,209.65,635.51,2,0
1054.5,0.8,255.78,798.72,4,0
1176.57,1.0,307.59,868.97,5,0
759.81,0.4,131.86,627.95,2,1
710.12,0.2,190.24,519.87,1,0
642.57,0.2,107.57,535.0,1,1
959.76,0.4,339.38,620.38,2,0
530.14,0.0,95.65,434.49,0,0
478.04,0.0,66.24,411.79,0,1
904.08,0.4,276.14,627.95,2,1
916.85,0.4,251.08,665.77,2,0
912.24,0.8,128.65,783.59,4,0
558.59,0.0,108.97,449.62,0,1
1283.08,1.0,406.54,876.54,5,0
833.37,0.2,283.24,550.13,1,1
791.61,0.2,226.35,565.26,1,0
1237.28,0.6,531.51,705.77,3,0
1046.01,0.6,340.24,705.77,3,1
908.28,0.4,242.51,665.77,2,0
1084.63,0.8,263.22,821.41,4,0
604.64,0.2,107.46,497.18,1,0
670.12,0.2,150.24,519.87,1,0
717.27,0.2,174.7,542.56,1,1
936.42,0.6,185.27,751.15,3,1
1119.57,0.8,419.19,700.38,4,1
576.8,0.0,127.19,449.62,0,1
619.22,0.2,84.22,535.0,1,1
631.0,0.2,96.0,535.0,1,1
1146.75,1.2,215.08,931.67,6,0
687.77,0.2,130.08,557.69,1,0
692.34,0.2,134.65,557.69,1,0
1214.98,0.8,393.57,821.41,4,0
1200.23,1.0,301.0,899.23,5,0
891.27,0.6,147.68,743.59,3,0
898.03,0.4,277.65,620.38,2,1
749.34,0.2,184.08,565.26,1,0
878.71,0.6,165.38,713.33,3,1
716.36,0.2,135.97,580.38,1,0
552.66,0.0,87.92,464.74,0,0
744.55,0.2,179.3,565.26,1,0
994.41,0.6,273.51,720.9,3,1
842.46,0.6,106.43,736.03,3,0
582.15,0.0,124.97,457.18,0,1
831.72,0.2,274.03,557.69,1,0
498.06,0.0,71.14,426.92,0,1
522.81,0.0,88.32,434.49,0,1
1025.78,0.8,234.62,791.15,4,0
548.22,0.0,113.73,434.49,0,0
446.61,0.0,34.81,411.79,0,1
689.05,0.2,146.49,542.56,1,0
1555.22,1.2,540.35,1014.87,6,0
821.73,0.4,193.78,627.95,2,0
551.18,0.0,101.57,449.62,0,1
719.71,0.2,199.84,519.87,1,1
501.89,0.2,27.41,474.49,1,1
891.67,0.6,155.65,736.03,3,0
