"Total_Cost","Ratio_Reloc_Prod","Horiz_Cost","Vert_Cost","nReloc","non_Optimal"
259905.1,0.6993,55179.29,204725.94,1049,186
439.07,0.0,42.41,396.67,0,0
945.92,1.2,105.03,840.9,6,1
597.94,0.4,68.32,529.62,2,0
540.08,0.2,58.03,482.05,1,0
575.11,0.2,93.05,482.05,1,0
814.39,0.8,121.57,692.82,4,1
692.39,0.4,140.08,552.31,2,1
626.88,0.4,82.14,544.74,2,0
766.83,0.6,144.27,622.56,3,1
483.07,0.0,78.84,404.23,0,0
537.7,0.2,63.22,474.49,1,0
553.38,0.2,71.32,482.05,1,0
1137.83,1.2,274.24,863.59,6,1
798.1,0.8,75.03,723.08,4,1
449.67,0.0,53.0,396.67,0,0
966.16,1.0,203.08,763.08,5,1
712.03,0.6,97.03,615.0,3,0
971.91,1.2,108.32,863.59,6,1
540.78,0.2,58.73,482.05,1,0
951.37,1.0,188.3,763.08,5,1
853.24,0.8,130.16,723.08,4,1
1000.62,1.2,137.03,863.59,6,1
859.32,0.8,189.19,670.13,4,1
1007.82,1.2,182.05,825.77,6,1
827.57,0.8,112.05,715.51,4,0
865.58,0.8,172.76,692.82,4,0
657.17,0.4,89.73,567.44,2,0
758.4,0.6,128.27,630.13,3,1
744.19,0.6,61.11,683.08,3,1
553.78,0.2,71.73,482.05,1,0
946.35,0.6,331.35,615.0,3,1
689.16,0.4,114.16,575.0,2,0
1132.11,1.4,175.57,956.54,7,1
555.97,0.2,73.92,482.05,1,0
1124.31,1.2,290.97,833.33,6,1
662.63,0.4,102.76,559.87,2,0
557.87,0.2,98.51,459.36,1,0
792.31,0.8,114.62,677.69,4,1
838.81,0.6,163.3,675.51,3,1
766.87,0.6,167.0,599.87,3,1
720.97,0.4,145.97,575.0,2,1
1077.26,1.2,206.11,871.15,6,1
563.19,0.2,81.14,482.05,1,0
978.98,1.0,178.08,800.9,5,1
1132.89,1.2,276.86,856.03,6,1
1273.27,1.6,276.73,996.54,8,1
920.59,0.4,338.03,582.56,2,1
533.13,0.2,43.51,489.62,1,0
818.9,0.6,219.03,599.87,3,1
814.17,0.6,153.78,660.38,3,0
474.28,0.0,54.92,419.36,0,0
1749.99,1.2,810.76,939.23,6,1
671.35,0.4,96.35,575.0,2,1
1617.02,1.2,700.49,916.54,6,1
901.61,1.0,115.84,785.77,5,1
1131.03,1.2,275.0,856.03,6,1
1122.24,1.4,173.27,948.97,7,1
676.03,0.4,116.16,559.87,2,1
805.23,0.6,152.41,652.82,3,1
627.25,0.4,59.81,567.44,2,0
848.07,0.8,162.81,685.26,4,1
1068.26,1.2,144.16,924.1,6,1
714.21,0.6,76.51,637.69,3,0
791.65,0.6,131.27,660.38,3,0
1261.09,1.6,173.78,1087.31,8,1
1603.57,2.2,373.57,1230.0,11,1
777.51,0.8,114.95,662.56,4,1
1135.23,1.2,256.51,878.72,6,1
538.4,0.0,96.35,442.05,0,1
709.62,0.6,94.62,615.0,3,1
732.05,0.6,101.92,630.13,3,1
739.22,0.6,78.84,660.38,3,0
873.49,0.8,157.97,715.51,4,1
491.33,0.0,64.41,426.92,0,0
1304.2,1.8,123.95,1180.26,9,1
1064.21,1.0,301.14,763.08,5,1
702.67,0.6,80.11,622.56,3,0
838.53,0.6,200.84,637.69,3,0
1151.4,1.2,287.81,863.59,6,1
763.59,0.6,80.51,683.08,3,0
843.52,0.8,82.62,760.9,4,1
615.8,0.4,78.62,537.18,2,1
718.75,0.6,88.62,630.13,3,1
588.76,0.2,114.27,474.49,1,0
806.83,0.6,123.76,683.08,3,1
1001.85,1.0,223.65,778.21,5,1
912.87,1.0,119.54,793.33,5,1
616.66,0.2,157.3,459.36,1,0
928.26,1.0,150.05,778.21,5,1
1129.79,1.4,127.86,1001.92,7,1
643.74,0.4,91.43,552.31,2,0
1863.25,1.6,760.81,1102.44,8,1
774.35,0.6,106.41,667.95,3,0
2201.35,1.4,1191.86,1009.49,7,1
637.67,0.4,55.11,582.56,2,1
802.54,0.6,119.46,683.08,3,1
2253.33,1.6,1211.41,1041.92,8,1
753.81,0.6,146.38,607.44,3,0
1788.75,1.4,764.14,1024.62,7,1
748.91,0.6,103.65,645.26,3,1
765.18,0.6,135.05,630.13,3,1
590.48,0.2,100.86,489.62,1,0
836.38,0.8,120.86,715.51,4,1
742.43,0.6,66.92,675.51,3,0
587.26,0.2,97.65,489.62,1,0
544.23,0.2,92.43,451.79,1,0
739.14,0.6,86.32,652.82,3,1
969.07,1.0,190.86,778.21,5,1
1279.05,1.2,407.89,871.15,6,1
1108.46,1.4,167.05,941.41,7,1
689.78,0.4,99.65,590.13,2,0
586.62,0.2,104.57,482.05,1,0
1044.41,1.2,150.57,893.85,6,1
754.13,0.6,131.57,622.56,3,0
664.59,0.2,182.54,482.05,1,1
489.0,0.0,54.51,434.49,0,0
508.29,0.0,51.11,457.18,0,0
910.52,0.8,157.19,753.33,4,1
556.89,0.2,74.84,482.05,1,1
680.11,0.4,112.68,567.44,2,1
868.48,0.8,130.27,738.21,4,1
749.17,0.6,96.35,652.82,3,1
742.15,0.6,104.46,637.69,3,0
663.34,0.4,126.16,537.18,2,1
512.65,0.0,78.16,434.49,0,0
1239.41,1.6,197.49,1041.92,8,1
685.21,0.4,102.65,582.56,2,1
1067.44,1.4,126.03,941.41,7,1
799.35,0.8,83.84,715.51,4,1
1229.32,1.6,172.27,1057.05,8,1
452.31,0.0,40.51,411.79,0,0
714.77,0.6,69.51,645.26,3,1
961.19,1.0,145.16,816.03,5,1
977.09,1.2,143.76,833.33,6,1
817.97,0.8,162.97,655.0,4,1
887.47,1.0,94.14,793.33,5,1
1029.1,0.8,306.03,723.08,4,1
852.17,0.8,151.78,700.38,4,1
834.93,0.8,96.73,738.21,4,1
990.68,1.0,242.73,747.95,5,1
1569.71,0.8,816.38,753.33,4,1
1359.36,1.4,425.51,933.85,7,1
546.25,0.0,126.89,419.36,0,0
653.48,0.4,70.92,582.56,2,0
985.23,1.0,207.03,778.21,5,1
1561.43,1.0,752.97,808.46,5,1
808.86,0.8,78.22,730.64,4,0
705.82,0.4,161.08,544.74,2,1
1334.08,1.8,237.03,1097.05,9,1
638.02,0.4,100.84,537.18,2,0
617.66,0.4,72.92,544.74,2,0
682.4,0.4,99.84,582.56,2,0
909.16,0.8,193.65,715.51,4,1
836.4,0.8,105.76,730.64,4,1
1596.66,1.2,657.43,939.23,6,1
857.81,0.6,235.24,622.56,3,1
890.01,0.8,189.62,700.38,4,1
672.36,0.4,120.05,552.31,2,1
843.6,0.8,135.65,707.95,4,1
825.09,0.8,132.27,692.82,4,1
441.85,0.0,37.62,404.23,0,0
773.09,0.6,120.27,652.82,3,0
909.82,0.8,209.43,700.38,4,1
983.86,1.2,127.84,856.03,6,1
944.79,0.8,183.89,760.9,4,1
1542.36,1.0,756.59,785.77,5,1
1353.56,1.6,349.46,1004.1,8,1
490.18,0.0,85.95,404.23,0,0
1306.92,2.0,116.92,1190.0,10,1
731.63,0.6,78.81,652.82,3,0
573.82,0.2,114.46,459.36,1,0
733.28,0.6,88.03,645.26,3,0
1048.94,1.0,232.92,816.03,5,1
927.59,0.6,191.57,736.03,3,1
891.52,1.0,90.62,800.9,5,1
769.5,0.6,116.68,652.82,3,1
658.12,0.4,60.43,597.69,2,0
639.37,0.4,56.81,582.56,2,1
673.3,0.4,105.86,567.44,2,0
708.23,0.6,55.41,652.82,3,0
1006.89,1.0,198.43,808.46,5,1
766.17,0.6,113.35,652.82,3,0
502.15,0.0,90.35,411.79,0,0
1637.24,1.0,813.65,823.59,5,1
1043.12,1.2,149.27,893.85,6,1
716.7,0.6,94.14,622.56,3,1
716.86,0.6,86.73,630.13,3,1
823.59,0.8,92.95,730.64,4,0
676.37,0.6,53.81,622.56,3,0
458.2,0.0,46.41,411.79,0,0
1031.16,0.4,441.03,590.13,2,1
1189.12,1.4,255.27,933.85,7,1
644.06,0.4,91.76,552.31,2,0
644.27,0.4,76.84,567.44,2,1
838.88,0.6,193.62,645.26,3,0
932.63,1.0,146.86,785.77,5,1
715.4,0.4,125.27,590.13,2,1
1750.28,1.4,771.05,979.23,7,1
470.58,0.0,51.22,419.36,0,0
456.24,0.0,67.14,389.1,0,0
572.33,0.2,60.03,512.31,1,0
605.78,0.4,83.73,522.05,2,0
862.6,0.8,154.65,707.95,4,1
1247.23,1.6,167.49,1079.74,8,1
752.48,0.6,69.41,683.08,3,1
716.74,0.6,63.92,652.82,3,1
1783.02,1.6,710.84,1072.18,8,1
496.02,0.0,46.41,449.62,0,0
1224.15,1.6,204.92,1019.23,8,1
639.2,0.4,79.32,559.87,2,0
827.86,0.8,112.35,715.51,4,1
788.47,0.6,135.65,652.82,3,1
671.89,0.4,89.32,582.56,2,0
645.56,0.4,55.43,590.13,2,0
741.58,0.6,88.76,652.82,3,1
471.15,0.0,66.92,404.23,0,0
1329.8,1.6,257.62,1072.18,8,1
743.32,0.6,120.76,622.56,3,1
557.74,0.0,138.38,419.36,0,0
2171.8,1.2,1232.57,939.23,6,1
465.16,0.0,76.05,389.1,0,0
1094.37,1.4,175.65,918.72,7,1
760.68,0.6,92.73,667.95,3,1
490.94,0.0,101.84,389.1,0,0
548.86,0.0,99.24,449.62,0,0
763.26,0.6,125.57,637.69,3,1
743.61,0.4,206.43,537.18,2,1
540.53,0.2,50.92,489.62,1,0
1095.91,1.2,224.76,871.15,6,1
828.4,0.8,105.32,723.08,4,0
716.05,0.6,85.92,630.13,3,1
625.83,0.4,96.22,529.62,2,0
578.24,0.2,103.76,474.49,1,1
991.61,1.0,205.84,785.77,5,1
499.74,0.0,87.95,411.79,0,0
888.7,0.8,165.62,723.08,4,1
993.85,1.0,215.65,778.21,5,1
803.29,0.8,80.22,723.08,4,1
2110.2,1.2,1223.92,886.28,6,1
752.02,0.6,129.46,622.56,3,1
710.26,0.6,80.14,630.13,3,0
683.83,0.4,154.22,529.62,2,1
788.11,0.6,120.16,667.95,3,0
464.29,0.0,67.62,396.67,0,0
851.24,0.8,128.16,723.08,4,1
829.02,0.8,105.95,723.08,4,1
468.66,0.0,64.43,404.23,0,0
941.95,1.0,141.05,800.9,5,1
540.22,0.0,120.86,419.36,0,0
1186.07,1.6,159.27,1026.79,8,1
995.57,1.2,154.68,840.9,6,1
1360.13,1.8,255.51,1104.62,9,1
734.39,0.6,142.08,592.31,3,1
672.98,0.4,120.68,552.31,2,1
653.89,0.4,71.32,582.56,2,0
1131.01,1.4,136.65,994.36,7,1
2018.77,1.2,1087.11,931.67,6,1
898.42,1.0,112.65,785.77,5,1
1123.2,1.4,204.49,918.72,7,0
1039.04,1.0,253.27,785.77,5,0
1943.66,1.2,1004.43,939.23,6,1
474.26,0.0,70.03,404.23,0,0
728.04,0.6,75.22,652.82,3,0
620.61,0.4,83.43,537.18,2,0
678.66,0.4,118.78,559.87,2,1
516.98,0.0,90.05,426.92,0,0
1064.28,1.2,162.86,901.41,6,1
557.24,0.2,67.62,489.62,1,1
758.34,0.6,120.65,637.69,3,1
816.03,0.8,115.65,700.38,4,1
915.93,0.8,162.59,753.33,4,0
616.16,0.4,86.54,529.62,2,1
736.39,0.6,91.14,645.26,3,0
1125.03,1.4,176.05,948.97,7,0
1441.0,1.0,624.97,816.03,5,1
502.64,0.0,53.03,449.62,0,0
592.83,0.2,95.65,497.18,1,0
617.09,0.2,112.35,504.74,1,0
469.07,0.0,64.84,404.23,0,0
1573.26,1.2,641.59,931.67,6,1
666.19,0.4,83.62,582.56,2,0
710.82,0.4,90.43,620.38,2,0
1472.09,0.8,665.81,806.28,4,1
673.44,0.4,113.57,559.87,2,1
910.09,1.0,116.76,793.33,5,1
625.33,0.0,190.84,434.49,0,0
1532.6,1.8,443.11,1089.49,9,1
1610.27,1.2,693.73,916.54,6,1
1014.56,1.2,150.97,863.59,6,1
455.02,0.0,65.92,389.1,0,0
634.81,0.2,99.81,535.0,1,0
670.01,0.4,125.27,544.74,2,1
709.86,0.4,134.86,575.0,2,1
793.83,0.6,171.27,622.56,3,0
1369.52,2.0,187.08,1182.44,10,1
558.54,0.2,84.05,474.49,1,1
450.32,0.0,61.22,389.1,0,0
572.02,0.2,74.84,497.18,1,0
1022.17,1.0,228.84,793.33,5,1
1696.68,2.2,368.35,1328.33,11,1
