"Total_Cost","Ratio_Reloc_Prod","Horiz_Cost","Vert_Cost","nReloc","non_Optimal"
255386.87,0.7687,44572.05,210814.76,1153,300
439.07,0.0,42.41,396.67,0,1
947.36,1.2,114.03,833.33,6,1
607.94,0.4,78.32,529.62,2,1
545.48,0.2,63.43,482.05,1,1
586.11,0.2,104.05,482.05,1,1
753.26,0.6,115.57,637.69,3,1
695.2,0.4,142.89,552.31,2,1
628.99,0.4,84.24,544.74,2,1
784.08,0.6,169.08,615.0,3,1
488.77,0.0,84.54,404.23,0,1
548.14,0.2,81.22,466.92,1,1
584.46,0.2,117.54,466.92,1,1
1117.65,1.2,276.76,840.9,6,1
766.53,0.6,121.27,645.26,3,1
509.75,0.0,113.08,396.67,0,1
977.74,1.0,184.41,793.33,5,1
718.71,0.6,118.84,599.87,3,1
1016.96,1.2,138.24,878.72,6,1
516.95,0.2,50.03,466.92,1,1
805.12,0.6,152.3,652.82,3,1
853.57,0.8,153.19,700.38,4,1
1010.32,1.2,146.73,863.59,6,1
697.82,0.4,153.08,544.74,2,1
1041.95,1.2,193.49,848.46,6,1
821.59,0.8,151.46,670.13,4,1
1151.55,1.4,278.22,873.33,7,1
670.57,0.4,103.14,567.44,2,1
943.29,1.0,165.08,778.21,5,1
788.21,0.6,158.08,630.13,3,1
559.41,0.2,84.92,474.49,1,1
834.46,0.6,227.03,607.44,3,1
750.31,0.4,198.0,552.31,2,1
1144.85,1.4,218.57,926.28,7,1
609.11,0.2,134.62,474.49,1,1
1076.14,1.2,235.24,840.9,6,1
701.16,0.4,126.16,575.0,2,1
563.19,0.2,88.7,474.49,1,1
718.02,0.6,80.32,637.69,3,1
821.89,0.6,153.95,667.95,3,1
752.59,0.6,122.46,630.13,3,1
933.74,1.0,147.97,785.77,5,1
1115.14,1.2,274.24,840.9,6,1
557.87,0.2,90.95,466.92,1,1
1292.26,1.6,288.16,1004.1,8,1
930.18,0.8,244.92,685.26,4,1
1253.24,1.6,256.7,996.54,8,1
658.62,0.4,136.57,522.05,2,1
591.94,0.2,94.76,497.18,1,1
940.96,0.8,248.14,692.82,4,1
749.8,0.6,104.54,645.26,3,1
490.55,0.0,78.76,411.79,0,1
1049.24,1.2,140.27,908.97,6,1
667.63,0.4,107.76,559.87,2,1
964.91,1.0,186.7,778.21,5,1
913.39,1.0,120.05,793.33,5,1
1004.97,1.2,141.38,863.59,6,1
1149.65,1.4,200.68,948.97,7,1
699.54,0.4,177.49,522.05,2,1
828.88,0.6,183.62,645.26,3,1
555.36,0.2,88.43,466.92,1,1
883.46,0.8,175.51,707.95,4,1
998.59,1.2,142.57,856.03,6,1
706.58,0.6,61.32,645.26,3,1
777.53,0.6,132.27,645.26,3,1
1157.53,1.4,178.3,979.23,7,1
1241.34,1.6,222.11,1019.23,8,1
716.79,0.6,109.35,607.44,3,1
1158.94,1.4,187.27,971.67,7,1
773.47,0.6,120.65,652.82,3,1
754.46,0.6,139.46,615.0,3,1
931.08,1.0,122.62,808.46,5,1
762.08,0.6,154.65,607.44,3,1
777.77,0.6,140.08,637.69,3,1
488.87,0.0,69.51,419.36,0,1
1326.52,1.8,131.14,1195.38,9,1
779.37,0.4,249.76,529.62,2,1
957.98,1.0,164.65,793.33,5,1
1073.21,1.2,209.62,863.59,6,1
705.94,0.4,183.89,522.05,2,1
1042.3,1.2,133.32,908.97,6,1
920.48,1.0,142.27,778.21,5,1
761.06,0.6,161.19,599.87,3,1
760.73,0.6,138.16,622.56,3,1
583.7,0.2,101.65,482.05,1,1
1006.99,1.2,135.84,871.15,6,1
1036.13,1.0,220.11,816.03,5,1
927.3,1.0,118.84,808.46,5,1
803.96,0.6,158.7,645.26,3,1
899.07,1.0,120.86,778.21,5,1
803.69,0.8,110.86,692.82,4,1
657.18,0.4,112.43,544.74,2,1
1255.62,1.6,191.0,1064.62,8,1
1092.04,1.4,173.32,918.72,7,1
892.9,0.8,139.57,753.33,4,1
649.85,0.4,97.54,552.31,2,1
808.31,0.6,155.49,652.82,3,1
1280.12,1.6,260.89,1019.23,8,1
810.27,0.6,187.7,622.56,3,1
1023.77,1.2,145.05,878.72,6,1
970.78,1.2,99.62,871.15,6,1
875.67,0.8,152.59,723.08,4,1
705.72,0.4,100.46,605.26,2,1
849.11,0.8,141.16,707.95,4,1
791.58,0.6,138.76,652.82,3,1
1126.04,1.2,247.32,878.72,6,1
670.7,0.4,148.65,522.05,2,1
910.6,1.0,102.14,808.46,5,1
880.37,0.8,157.3,723.08,4,1
1002.31,1.0,216.54,785.77,5,1
975.5,1.0,182.16,793.33,5,1
693.71,0.4,133.84,559.87,2,1
600.99,0.0,204.32,396.67,0,1
1058.47,1.2,172.19,886.28,6,1
772.77,0.6,119.95,652.82,3,1
1055.14,1.2,221.81,833.33,6,1
496.58,0.0,92.35,404.23,0,1
493.05,0.0,51.0,442.05,0,1
651.43,0.4,76.43,575.0,2,1
673.93,0.4,129.19,544.74,2,1
788.81,0.6,120.86,667.95,3,1
990.36,1.0,204.59,785.77,5,1
682.18,0.4,152.57,529.62,2,1
777.88,0.6,140.19,637.69,3,1
734.79,0.6,127.35,607.44,3,1
491.1,0.0,86.86,404.23,0,1
1225.41,1.6,183.49,1041.92,8,1
890.04,1.0,111.84,778.21,5,1
958.32,1.0,187.68,770.64,5,1
550.17,0.2,90.81,459.36,1,1
1374.56,2.0,169.43,1205.13,10,1
439.1,0.0,50.0,389.1,0,1
676.06,0.4,123.76,552.31,2,1
1316.2,1.8,188.89,1127.31,9,1
1066.49,1.2,165.08,901.41,6,1
1363.16,1.8,266.11,1097.05,9,1
732.82,0.6,132.95,599.87,3,1
756.58,0.4,211.84,544.74,2,1
958.22,1.0,202.7,755.51,5,1
859.32,0.8,128.68,730.64,4,1
842.25,0.8,141.86,700.38,4,1
990.91,1.0,212.7,778.21,5,1
1274.48,1.6,262.81,1011.67,8,1
564.98,0.0,153.19,411.79,0,1
900.44,1.0,99.54,800.9,5,1
1135.81,1.4,171.7,964.1,7,1
969.85,1.0,176.51,793.33,5,1
850.24,0.8,127.16,723.08,4,1
1028.17,1.0,234.84,793.33,5,1
1063.92,1.2,207.89,856.03,6,1
752.91,0.6,107.65,645.26,3,1
640.21,0.4,103.03,537.18,2,1
920.52,1.0,112.05,808.46,5,1
679.78,0.4,165.3,514.49,2,1
581.19,0.2,99.14,482.05,1,1
960.74,1.2,119.84,840.9,6,1
882.24,0.8,159.16,723.08,4,1
732.0,0.4,209.95,522.05,2,1
860.49,0.8,144.97,715.51,4,1
1036.11,1.2,180.08,856.03,6,1
922.16,1.0,166.65,755.51,5,1
648.41,0.4,73.41,575.0,2,1
1056.94,1.2,185.78,871.15,6,1
1029.51,1.0,205.92,823.59,5,1
745.45,0.4,200.7,544.74,2,1
850.26,0.8,165.0,685.26,4,1
623.89,0.2,134.27,489.62,1,1
904.83,1.0,141.76,763.08,5,1
514.18,0.0,109.95,404.23,0,1
1288.17,1.8,160.86,1127.31,9,1
1003.85,1.0,210.51,793.33,5,1
488.63,0.0,61.7,426.92,0,1
673.74,0.4,113.86,559.87,2,1
1342.43,1.8,252.95,1089.49,9,1
890.65,0.8,182.7,707.95,4,1
768.31,0.6,123.05,645.26,3,1
657.65,0.4,82.65,575.0,2,1
586.72,0.2,89.54,497.18,1,1
761.18,0.6,131.05,630.13,3,1
472.31,0.0,60.51,411.79,0,1
736.75,0.6,46.11,690.64,3,1
887.77,0.8,194.95,692.82,4,1
886.32,0.8,155.68,730.64,4,1
649.19,0.2,174.7,474.49,1,1
1222.75,1.6,150.57,1072.18,8,1
1045.82,1.2,151.97,893.85,6,1
774.01,0.6,128.76,645.26,3,1
934.69,1.0,103.54,831.15,5,1
790.43,0.6,107.35,683.08,3,1
734.67,0.6,104.54,630.13,3,1
499.9,0.0,80.54,419.36,0,1
824.19,0.8,116.24,707.95,4,1
1361.93,1.8,234.62,1127.31,9,1
811.06,0.6,158.24,652.82,3,1
773.05,0.6,150.49,622.56,3,1
886.34,0.8,140.57,745.77,4,1
1106.84,1.4,157.86,948.97,7,1
529.67,0.0,133.0,396.67,0,1
922.56,1.0,159.49,763.08,5,1
499.25,0.0,87.46,411.79,0,1
658.4,0.4,128.78,529.62,2,1
1012.02,1.2,140.86,871.15,6,1
964.44,1.0,178.68,785.77,5,1
1498.16,2.2,253.03,1245.13,11,1
1204.64,1.4,225.41,979.23,7,1
741.44,0.6,88.62,652.82,3,1
608.08,0.2,126.03,482.05,1,1
990.43,1.2,126.84,863.59,6,1
471.6,0.0,37.11,434.49,0,1
1051.45,1.2,180.3,871.15,6,1
1122.04,1.4,135.24,986.79,7,1
771.17,0.6,118.35,652.82,3,1
911.35,0.8,142.89,768.46,4,1
765.44,0.6,105.05,660.38,3,1
488.61,0.0,91.95,396.67,0,1
750.15,0.6,112.46,637.69,3,1
496.25,0.0,69.32,426.92,0,1
994.47,1.0,201.14,793.33,5,1
657.77,0.4,105.46,552.31,2,1
803.79,0.6,143.41,660.38,3,1
874.26,0.8,136.05,738.21,4,1
800.67,0.6,162.97,637.69,3,1
987.89,1.0,224.81,763.08,5,1
966.96,1.0,181.19,785.77,5,1
775.33,0.6,114.95,660.38,3,1
758.17,0.6,105.35,652.82,3,1
647.99,0.4,118.38,529.62,2,1
702.69,0.4,150.38,552.31,2,1
471.05,0.0,81.95,389.1,0,1
1233.08,1.6,183.59,1049.49,8,1
724.44,0.4,157.0,567.44,2,1
1178.65,1.6,129.16,1049.49,8,1
718.47,0.6,73.22,645.26,3,1
467.15,0.0,62.92,404.23,0,1
949.49,1.0,133.46,816.03,5,1
693.41,0.4,133.54,559.87,2,1
939.73,1.0,131.27,808.46,5,1
1183.7,1.2,259.59,924.1,6,1
765.23,0.6,119.97,645.26,3,1
672.37,0.4,142.76,529.62,2,1
846.05,0.8,122.97,723.08,4,1
847.13,0.8,124.05,723.08,4,1
669.42,0.4,124.68,544.74,2,1
804.49,0.6,128.97,675.51,3,1
721.16,0.6,53.22,667.95,3,1
880.34,0.6,295.59,584.74,3,1
804.89,0.8,96.95,707.95,4,1
578.78,0.2,89.16,489.62,1,1
1145.99,1.4,181.89,964.1,7,1
920.79,1.0,127.46,793.33,5,1
963.81,1.0,208.3,755.51,5,1
1221.7,1.6,164.65,1057.05,8,1
1220.06,1.6,246.22,973.85,8,1
939.7,1.0,131.24,808.46,5,1
796.13,0.6,166.0,630.13,3,1
692.32,0.4,109.76,582.56,2,1
981.8,1.0,143.08,838.72,5,1
938.82,1.0,153.05,785.77,5,1
851.82,0.8,106.05,745.77,4,1
1457.69,2.2,205.0,1252.69,11,1
1308.36,1.6,281.57,1026.79,8,1
980.42,1.0,202.22,778.21,5,1
688.48,0.4,98.35,590.13,2,1
652.22,0.4,92.35,559.87,2,1
946.09,1.0,145.19,800.9,5,1
829.52,0.8,121.57,707.95,4,1
754.61,0.6,109.35,645.26,3,1
1158.19,1.4,156.27,1001.92,7,1
473.32,0.0,84.22,389.1,0,1
919.3,1.0,163.78,755.51,5,1
906.0,1.0,97.54,808.46,5,1
1356.51,1.8,267.03,1089.49,9,1
781.74,0.8,88.92,692.82,4,1
787.78,0.6,97.14,690.64,3,1
985.03,1.0,176.57,808.46,5,1
668.53,0.4,131.35,537.18,2,1
780.96,0.6,128.14,652.82,3,1
646.88,0.2,149.7,497.18,1,1
879.35,0.8,171.41,707.95,4,1
550.5,0.0,146.27,404.23,0,1
938.32,0.8,222.81,715.51,4,1
690.27,0.4,115.27,575.0,2,1
795.9,0.6,143.08,652.82,3,1
796.45,0.8,118.76,677.69,4,1
796.08,0.6,120.57,675.51,3,1
849.06,0.6,181.11,667.95,3,1
718.56,0.4,128.43,590.13,2,1
1251.48,1.6,239.81,1011.67,8,1
1212.28,1.6,185.49,1026.79,8,1
1057.64,1.2,186.49,871.15,6,1
686.96,0.4,134.65,552.31,2,1
1564.24,2.2,266.16,1298.08,11,1
831.36,0.6,186.11,645.26,3,1
980.23,0.8,287.41,692.82,4,1
815.62,0.4,293.57,522.05,2,1
1099.6,1.2,190.62,908.97,6,1
912.42,1.0,126.65,785.77,5,1
496.55,0.0,84.76,411.79,0,1
901.81,0.8,178.73,723.08,4,1
668.77,0.4,116.46,552.31,2,1
971.32,1.0,215.81,755.51,5,1
