"Total_Cost","Ratio_Reloc_Prod","Horiz_Cost","Vert_Cost","nReloc","non_Optimal"
225351.36,0.458,33675.83,191675.51,687,250
788.01,0.1667,114.68,673.33,1,1
736.81,0.1667,108.86,627.95,1,1
858.2,0.3333,144.86,713.33,2,1
1035.64,0.6667,143.97,891.67,4,1
591.0,0.0,56.0,535.0,0,1
763.66,0.1667,105.46,658.21,1,1
1116.18,0.6667,216.95,899.23,4,1
802.34,0.1667,151.7,650.64,1,1
769.67,0.1667,126.59,643.08,1,1
1111.73,0.8333,142.24,969.49,5,1
808.25,0.3333,87.35,720.9,2,1
696.35,0.0,168.92,527.44,0,1
1122.09,0.8333,175.3,946.79,5,1
1193.41,1.0,138.54,1054.87,6,1
943.92,0.5,114.95,828.97,3,1
1043.13,0.6667,151.46,891.67,4,1
1310.42,1.0,263.11,1047.31,6,1
800.44,0.3333,87.11,713.33,2,1
1268.06,1.1667,173.19,1094.87,7,1
825.38,0.3333,96.92,728.46,2,1
978.06,0.5,149.08,828.97,3,1
844.76,0.3333,108.73,736.03,2,1
659.73,0.0,117.16,542.56,0,1
1284.59,1.1667,174.59,1110.0,7,1
980.72,0.5,182.0,798.72,3,1
878.64,0.3333,135.05,743.59,2,1
870.23,0.5,71.51,798.72,3,1
776.44,0.1667,148.49,627.95,1,1
667.94,0.0,110.24,557.69,0,1
773.04,0.1667,114.84,658.21,1,1
595.98,0.0,68.54,527.44,0,1
865.62,0.5,97.16,768.46,3,1
1274.06,1.1667,186.76,1087.31,7,1
924.99,0.5,126.27,798.72,3,1
996.38,0.6667,134.97,861.41,4,1
1053.35,0.8333,144.38,908.97,5,1
951.5,0.5,152.78,798.72,3,1
952.92,0.5,123.95,828.97,3,1
798.9,0.1667,178.51,620.38,1,1
723.54,0.1667,88.03,635.51,1,1
767.89,0.1667,139.95,627.95,1,1
1017.52,0.6667,163.68,853.85,4,1
807.12,0.3333,101.35,705.77,2,1
823.72,0.3333,117.95,705.77,2,1
815.28,0.5,69.51,745.77,3,1
763.13,0.1667,120.05,643.08,1,1
1024.59,0.6667,193.43,831.15,4,1
701.06,0.1667,88.24,612.82,1,1
715.73,0.1667,80.22,635.51,1,1
1025.0,0.6667,163.59,861.41,4,1
849.98,0.3333,129.08,720.9,2,1
1074.23,0.6667,175.0,899.23,4,1
915.86,0.3333,172.27,743.59,2,1
869.57,0.5,93.54,776.03,3,1
992.95,0.6667,123.97,868.97,4,1
939.78,0.3333,188.62,751.15,2,1
848.26,0.5,57.11,791.15,3,1
980.96,0.6667,134.68,846.28,4,1
712.32,0.1667,76.81,635.51,1,1
843.72,0.3333,100.14,743.59,2,1
1159.66,1.0,172.86,986.79,6,1
1017.32,0.5,226.16,791.15,3,1
985.59,0.5,194.43,791.15,3,1
994.62,0.6667,110.51,884.1,4,1
821.82,0.3333,116.05,705.77,2,1
684.57,0.1667,56.62,627.95,1,1
665.5,0.1667,67.81,597.69,1,1
908.13,0.3333,172.11,736.03,2,1
1037.25,0.6667,183.41,853.85,4,1
787.72,0.1667,137.08,650.64,1,1
1182.03,0.8333,220.11,961.92,5,1
708.38,0.1667,80.43,627.95,1,1
841.29,0.3333,143.08,698.21,2,1
901.19,0.3333,180.3,720.9,2,1
864.34,0.3333,173.7,690.64,2,1
846.74,0.3333,140.97,705.77,2,1
964.93,0.5,151.08,813.85,3,1
892.99,0.5,101.84,791.15,3,1
849.6,0.3333,136.27,713.33,2,1
575.71,0.0,63.41,512.31,0,1
785.59,0.1667,150.08,635.51,1,1
1455.03,1.3333,244.51,1210.51,8,1
860.55,0.3333,154.78,705.77,2,1
908.93,0.3333,142.65,766.28,2,1
788.6,0.1667,168.22,620.38,1,1
871.84,0.5,110.95,760.9,3,1
822.12,0.3333,116.35,705.77,2,1
735.76,0.1667,100.24,635.51,1,1
895.54,0.5,111.95,783.59,3,1
783.52,0.1667,170.7,612.82,1,1
793.57,0.3333,118.05,675.51,2,1
932.81,0.5,156.78,776.03,3,1
1179.3,1.0,124.43,1054.87,6,1
758.05,0.1667,114.97,643.08,1,1
932.9,0.6667,86.62,846.28,4,1
1060.4,0.8333,143.86,916.54,5,1
876.6,0.3333,208.65,667.95,2,1
1360.8,1.1667,220.54,1140.26,7,1
881.34,0.3333,130.19,751.15,2,1
850.01,0.3333,136.68,713.33,2,1
669.33,0.1667,56.51,612.82,1,1
959.39,0.6667,105.54,853.85,4,1
806.06,0.1667,178.11,627.95,1,1
819.49,0.3333,91.03,728.46,2,1
1081.99,0.6667,182.76,899.23,4,1
919.61,0.3333,160.89,758.72,2,1
950.35,0.5,174.32,776.03,3,1
1130.22,0.8333,168.3,961.92,5,1
693.68,0.1667,65.73,627.95,1,1
936.71,0.5,122.86,813.85,3,1
691.51,0.1667,108.95,582.56,1,1
985.48,0.6667,93.81,891.67,4,1
987.19,0.6667,110.65,876.54,4,1
612.78,0.0,70.22,542.56,0,1
977.32,0.5,193.73,783.59,3,1
742.22,0.3333,81.84,660.38,2,1
960.92,0.6667,99.51,861.41,4,1
667.47,0.0,147.59,519.87,0,1
747.52,0.1667,119.57,627.95,1,1
1036.5,0.6667,144.84,891.67,4,1
839.55,0.5,86.22,753.33,3,1
959.31,0.5,145.46,813.85,3,1
809.5,0.3333,103.73,705.77,2,1
1195.7,1.0,171.08,1024.62,6,1
963.9,0.6667,110.05,853.85,4,1
1140.96,0.6667,234.16,906.79,4,1
821.18,0.3333,122.97,698.21,2,1
869.7,0.3333,133.68,736.03,2,1
1215.9,1.0,153.46,1062.44,6,1
1010.91,0.6667,119.24,891.67,4,1
558.26,0.0,53.51,504.74,0,1
879.24,0.3333,135.65,743.59,2,1
1122.3,1.0,127.95,994.36,6,1
724.31,0.1667,119.05,605.26,1,1
977.98,0.6667,124.14,853.85,4,1
1015.07,0.6667,168.78,846.28,4,1
1038.24,0.8333,114.14,924.1,5,1
914.02,0.5,122.86,791.15,3,1
751.52,0.3333,91.14,660.38,2,1
965.73,0.5,144.32,821.41,3,1
1055.54,0.8333,146.57,908.97,5,1
603.87,0.0,76.43,527.44,0,1
1162.47,1.0,175.68,986.79,6,1
1291.56,1.1667,174.0,1117.56,7,1
1198.77,0.8333,251.97,946.79,5,1
783.81,0.3333,100.73,683.08,2,1
1098.94,0.8333,167.27,931.67,5,1
590.25,0.0,77.95,512.31,0,1
655.5,0.1667,57.81,597.69,1,1
1370.76,1.3333,160.24,1210.51,8,1
910.8,0.5,119.65,791.15,3,1
924.37,0.5,140.78,783.59,3,1
1073.89,0.8333,149.78,924.1,5,1
1240.73,0.8333,218.3,1022.44,5,1
770.31,0.1667,104.54,665.77,1,1
1014.7,0.6667,138.16,876.54,4,1
737.26,0.3333,99.57,637.69,2,1
746.76,0.1667,126.38,620.38,1,1
871.7,0.3333,135.68,736.03,2,1
1270.18,1.1667,198.0,1072.18,7,1
664.61,0.0,99.35,565.26,0,1
601.95,0.0,74.51,527.44,0,1
1002.78,0.5,158.68,844.1,3,1
1279.83,0.8333,295.22,984.62,5,1
832.51,0.3333,141.86,690.64,2,1
982.32,0.5,145.78,836.54,3,1
1000.71,0.5,194.43,806.28,3,1
1090.0,0.6667,221.03,868.97,4,1
728.29,0.1667,85.22,643.08,1,1
757.57,0.1667,122.05,635.51,1,1
865.24,0.3333,121.65,743.59,2,1
741.0,0.1667,113.05,627.95,1,1
1107.35,0.6667,170.3,937.05,4,1
753.46,0.3333,85.51,667.95,2,1
899.01,0.3333,178.11,720.9,2,1
925.18,0.3333,181.59,743.59,2,1
706.13,0.1667,123.57,582.56,1,1
1349.17,1.1667,193.78,1155.38,7,1
880.18,0.5,141.97,738.21,3,1
921.4,0.6667,90.24,831.15,4,1
989.82,0.6667,135.97,853.85,4,1
845.88,0.3333,147.68,698.21,2,1
1046.19,0.6667,184.78,861.41,4,1
703.54,0.1667,68.03,635.51,1,1
667.89,0.1667,85.32,582.56,1,1
902.69,0.3333,143.97,758.72,2,1
802.87,0.3333,142.49,660.38,2,1
722.87,0.1667,110.05,612.82,1,1
789.32,0.3333,106.24,683.08,2,1
980.44,0.5,166.59,813.85,3,1
1041.39,0.5,227.54,813.85,3,1
804.28,0.1667,130.95,673.33,1,1
673.96,0.0,101.14,572.82,0,1
654.05,0.1667,63.92,590.13,1,1
701.11,0.1667,80.73,620.38,1,1
868.37,0.5,145.3,723.08,3,1
948.68,0.5,180.22,768.46,3,1
821.67,0.3333,138.59,683.08,2,1
907.17,0.5,146.27,760.9,3,1
1185.13,1.0,152.95,1032.18,6,1
1213.18,0.8333,213.43,999.74,5,1
687.96,0.0,130.27,557.69,0,1
767.1,0.1667,116.46,650.64,1,1
1188.23,0.8333,256.57,931.67,5,1
670.61,0.1667,72.92,597.69,1,1
1089.6,0.6667,235.76,853.85,4,1
834.27,0.3333,98.24,736.03,2,1
566.72,0.0,69.54,497.18,0,1
868.08,0.5,99.62,768.46,3,1
910.81,0.6667,87.22,823.59,4,1
807.9,0.3333,102.14,705.77,2,1
1097.75,0.8333,166.08,931.67,5,1
803.25,0.3333,89.92,713.33,2,1
971.37,0.5,180.22,791.15,3,1
775.8,0.1667,170.54,605.26,1,1
775.33,0.1667,147.38,627.95,1,1
811.87,0.3333,98.54,713.33,2,1
756.51,0.1667,113.43,643.08,1,1
739.63,0.3333,86.81,652.82,2,1
1299.96,1.1667,167.27,1132.69,7,1
722.48,0.1667,79.41,643.08,1,1
905.33,0.5,136.86,768.46,3,1
716.65,0.1667,81.14,635.51,1,1
1033.17,0.5,219.32,813.85,3,1
790.88,0.3333,100.24,690.64,2,1
822.24,0.5,106.73,715.51,3,1
597.0,0.0,62.0,535.0,0,1
951.53,0.6667,105.24,846.28,4,1
738.22,0.3333,77.84,660.38,2,1
780.67,0.3333,105.16,675.51,2,1
808.83,0.3333,125.76,683.08,2,1
765.25,0.3333,112.43,652.82,2,1
755.08,0.3333,72.0,683.08,2,1
858.83,0.1667,200.62,658.21,1,1
1055.3,0.8333,153.89,901.41,5,1
747.52,0.1667,119.57,627.95,1,1
1066.0,0.8333,149.46,916.54,5,1
886.7,0.5,118.24,768.46,3,1
1394.31,1.5,174.05,1220.26,9,1
1262.77,1.1667,190.59,1072.18,7,1
961.47,0.5,155.19,806.28,3,1
819.28,0.5,73.51,745.77,3,1
914.31,0.3333,208.54,705.77,2,1
944.23,0.5,137.95,806.28,3,1
991.19,0.6667,114.65,876.54,4,1
875.01,0.5,121.68,753.33,3,1
817.4,0.3333,126.76,690.64,2,1
947.73,0.5,171.7,776.03,3,1
1098.52,0.6667,191.73,906.79,4,1
872.94,0.5,96.92,776.03,3,1
