"Total_Cost","Ratio_Reloc_Prod","Horiz_Cost","Vert_Cost","nReloc","non_Optimal"
225012.91,0.4613,33016.31,191996.52,692,250
788.01,0.1667,114.68,673.33,1,1
736.81,0.1667,108.86,627.95,1,1
857.5,0.3333,144.16,713.33,2,1
1035.64,0.6667,143.97,891.67,4,1
591.0,0.0,56.0,535.0,0,1
763.26,0.1667,105.05,658.21,1,1
1097.31,0.6667,190.51,906.79,4,1
682.93,0.0,117.68,565.26,0,1
769.67,0.1667,126.59,643.08,1,1
1111.73,0.8333,142.24,969.49,5,1
808.25,0.3333,87.35,720.9,2,1
696.35,0.0,168.92,527.44,0,1
1129.44,0.8333,175.08,954.36,5,1
1169.49,1.0,114.62,1054.87,6,1
934.36,0.5,112.95,821.41,3,1
1043.13,0.6667,151.46,891.67,4,1
1298.82,1.0,251.51,1047.31,6,1
800.44,0.3333,87.11,713.33,2,1
1260.5,1.1667,173.19,1087.31,7,1
825.38,0.3333,96.92,728.46,2,1
886.27,0.3333,142.68,743.59,2,1
846.76,0.3333,110.73,736.03,2,1
659.73,0.0,117.16,542.56,0,1
1277.03,1.1667,174.59,1102.44,7,1
969.45,0.5,178.3,791.15,3,1
878.64,0.3333,135.05,743.59,2,1
808.84,0.3333,72.81,736.03,2,1
776.44,0.1667,148.49,627.95,1,1
667.94,0.0,110.24,557.69,0,1
773.04,0.1667,114.84,658.21,1,1
595.98,0.0,68.54,527.44,0,1
855.11,0.5,86.65,768.46,3,1
1255.69,1.1667,175.95,1079.74,7,1
924.99,0.5,126.27,798.72,3,1
996.38,0.6667,134.97,861.41,4,1
1045.79,0.8333,144.38,901.41,5,1
951.5,0.5,152.78,798.72,3,1
952.22,0.5,123.24,828.97,3,1
756.09,0.1667,143.27,612.82,1,1
673.82,0.1667,61.0,612.82,1,1
743.58,0.1667,130.76,612.82,1,1
1039.87,0.6667,170.89,868.97,4,1
828.74,0.3333,122.97,705.77,2,1
900.38,0.5,124.35,776.03,3,1
823.44,0.5,70.11,753.33,3,1
753.21,0.1667,110.14,643.08,1,1
979.58,0.6667,140.86,838.72,4,1
714.58,0.1667,101.76,612.82,1,1
727.29,0.1667,84.22,643.08,1,1
1004.88,0.6667,158.59,846.28,4,1
849.98,0.3333,129.08,720.9,2,1
1089.69,0.6667,182.89,906.79,4,1
871.06,0.3333,150.16,720.9,2,1
885.85,0.5,87.14,798.72,3,1
937.03,0.5,161.0,776.03,3,1
1160.79,0.8333,206.43,954.36,5,1
893.86,0.5,110.27,783.59,3,1
961.42,0.6667,130.27,831.15,4,1
644.83,0.1667,54.7,590.13,1,1
868.07,0.3333,109.35,758.72,2,1
1186.9,1.0,184.97,1001.92,6,1
953.13,0.5,177.11,776.03,3,1
941.94,0.5,150.78,791.15,3,1
915.92,0.5,94.51,821.41,3,1
719.19,0.1667,91.24,627.95,1,1
651.33,0.1667,38.51,612.82,1,1
678.58,0.1667,73.32,605.26,1,1
902.73,0.3333,166.7,736.03,2,1
1036.25,0.6667,182.41,853.85,4,1
798.99,0.1667,140.78,658.21,1,1
1157.31,0.8333,210.51,946.79,5,1
708.38,0.1667,80.43,627.95,1,1
1032.38,0.8333,130.97,901.41,5,1
788.75,0.1667,145.68,643.08,1,1
823.7,0.3333,148.19,675.51,2,1
841.34,0.3333,135.57,705.77,2,1
964.93,0.5,151.08,813.85,3,1
977.22,0.6667,108.24,868.97,4,1
918.54,0.5,150.08,768.46,3,1
628.4,0.0,85.84,542.56,0,1
675.83,0.0,118.14,557.69,0,1
1417.32,1.1667,246.81,1170.51,7,1
871.01,0.3333,157.68,713.33,2,1
908.93,0.3333,142.65,766.28,2,1
814.0,0.1667,170.92,643.08,1,1
860.72,0.5,114.95,745.77,3,1
755.43,0.1667,112.35,643.08,1,1
878.52,0.5,110.05,768.46,3,1
817.39,0.3333,104.05,713.33,2,1
754.96,0.1667,149.7,605.26,1,1
825.96,0.3333,127.76,698.21,2,1
1039.53,0.6667,200.81,838.72,4,1
1092.07,0.8333,92.32,999.74,5,1
739.91,0.1667,96.84,643.08,1,1
818.82,0.5,57.92,760.9,3,1
991.55,0.6667,145.27,846.28,4,1
932.02,0.5,208.95,723.08,3,1
1231.28,1.0,176.41,1054.87,6,1
866.67,0.3333,123.08,743.59,2,1
821.95,0.3333,101.05,720.9,2,1
743.37,0.1667,92.73,650.64,1,1
1054.96,0.8333,115.73,939.23,5,1
784.57,0.1667,164.19,620.38,1,1
733.67,0.1667,83.03,650.64,1,1
1047.4,0.6667,170.86,876.54,4,1
954.58,0.5,155.86,798.72,3,1
973.86,0.6667,150.27,823.59,4,1
964.63,0.5,150.78,813.85,3,1
716.37,0.1667,65.73,650.64,1,1
953.24,0.5,124.27,828.97,3,1
601.2,0.0,96.46,504.74,0,1
905.58,0.5,91.73,813.85,3,1
1094.4,0.8333,117.35,977.05,5,1
550.42,0.0,38.11,512.31,0,1
1167.32,0.8333,235.65,931.67,5,1
730.93,0.3333,70.54,660.38,2,1
1044.85,0.8333,105.62,939.23,5,1
759.55,0.1667,154.3,605.26,1,1
735.09,0.1667,122.27,612.82,1,1
1059.34,0.6667,152.54,906.79,4,1
831.25,0.5,77.92,753.33,3,1
936.02,0.5,144.86,791.15,3,1
808.17,0.3333,102.41,705.77,2,1
1201.48,0.8333,224.43,977.05,5,1
960.36,0.6667,98.95,861.41,4,1
1442.77,1.5,169.57,1273.21,9,1
950.55,0.5,144.27,806.28,3,1
885.72,0.3333,134.57,751.15,2,1
1174.3,1.0,119.43,1054.87,6,1
895.98,0.5,82.14,813.85,3,1
549.55,0.0,44.81,504.74,0,1
1022.42,0.5,216.14,806.28,3,1
1068.99,0.8333,129.76,939.23,5,1
798.36,0.3333,137.97,660.38,2,1
811.1,0.3333,120.46,690.64,2,1
854.84,0.3333,133.95,720.9,2,1
1128.27,0.8333,158.78,969.49,5,1
853.76,0.3333,132.86,720.9,2,1
780.53,0.3333,82.32,698.21,2,1
920.61,0.3333,169.46,751.15,2,1
1009.47,0.6667,163.19,846.28,4,1
773.81,0.3333,90.73,683.08,2,1
1198.6,1.0,189.11,1009.49,6,1
1452.81,1.5,202.3,1250.51,9,1
1239.88,1.0,253.08,986.79,6,1
783.37,0.3333,92.73,690.64,2,1
984.74,0.6667,138.46,846.28,4,1
767.63,0.3333,107.24,660.38,2,1
629.37,0.1667,46.81,582.56,1,1
1464.2,1.5,183.43,1280.77,9,1
1082.07,0.8333,135.27,946.79,5,1
816.4,0.3333,125.76,690.64,2,1
1121.55,0.8333,167.19,954.36,5,1
1203.07,0.8333,210.89,992.18,5,1
803.26,0.3333,105.05,698.21,2,1
853.39,0.5,100.05,753.33,3,1
666.65,0.0,124.08,542.56,0,1
618.22,0.0,98.35,519.87,0,1
848.22,0.3333,119.76,728.46,2,1
1372.82,1.3333,185.0,1187.82,8,1
628.7,0.0,86.14,542.56,0,1
687.31,0.1667,89.62,597.69,1,1
1040.62,0.5,196.51,844.1,3,1
1122.15,0.6667,215.35,906.79,4,1
736.35,0.1667,100.84,635.51,1,1
1233.54,1.0,155.97,1077.56,6,1
1057.12,0.5,243.27,813.85,3,1
978.14,0.5,164.3,813.85,3,1
726.0,0.1667,82.92,643.08,1,1
744.55,0.1667,124.16,620.38,1,1
726.6,0.1667,98.65,627.95,1,1
894.29,0.5,103.14,791.15,3,1
1293.99,1.0,201.3,1092.69,6,1
682.23,0.1667,69.41,612.82,1,1
918.68,0.5,157.78,760.9,3,1
805.87,0.1667,177.92,627.95,1,1
680.16,0.1667,105.16,575.0,1,1
1432.46,1.3333,229.51,1202.95,8,1
907.19,0.5,131.16,776.03,3,1
1001.35,0.6667,117.24,884.1,4,1
1007.92,0.6667,131.38,876.54,4,1
892.08,0.5,116.05,776.03,3,1
900.44,0.3333,187.11,713.33,2,1
664.63,0.1667,51.81,612.82,1,1
570.93,0.0,58.62,512.31,0,1
772.85,0.1667,114.65,658.21,1,1
765.71,0.1667,152.89,612.82,1,1
771.43,0.3333,95.92,675.51,2,1
1002.9,0.6667,149.05,853.85,4,1
1226.88,1.0,194.7,1032.18,6,1
977.83,0.3333,234.24,743.59,2,1
672.2,0.0,106.95,565.26,0,1
677.5,0.1667,79.81,597.69,1,1
646.83,0.1667,56.7,590.13,1,1
743.55,0.1667,123.16,620.38,1,1
899.76,0.3333,239.38,660.38,2,1
1069.99,0.6667,231.27,838.72,4,1
1038.59,0.6667,154.49,884.1,4,1
950.25,0.6667,141.78,808.46,4,1
1055.56,0.6667,171.46,884.1,4,1
1433.67,1.3333,215.59,1218.08,8,1
1038.83,0.6667,147.16,891.67,4,1
950.41,0.5,136.57,813.85,3,1
1085.83,0.8333,154.16,931.67,5,1
761.19,0.3333,78.11,683.08,2,1
1063.28,0.6667,209.43,853.85,4,1
711.19,0.1667,83.24,627.95,1,1
633.34,0.0,83.22,550.13,0,1
790.17,0.3333,84.41,705.77,2,1
616.14,0.0,81.14,535.0,0,1
737.75,0.1667,87.11,650.64,1,1
1066.99,0.6667,182.89,884.1,4,1
708.57,0.1667,80.62,627.95,1,1
1176.94,0.8333,192.32,984.62,5,1
904.82,0.3333,183.92,720.9,2,1
1054.49,0.6667,185.51,868.97,4,1
751.56,0.3333,60.92,690.64,2,1
777.4,0.1667,126.76,650.64,1,1
666.75,0.1667,76.62,590.13,1,1
1139.33,0.8333,132.03,1007.31,5,1
708.51,0.1667,73.0,635.51,1,1
706.4,0.1667,116.27,590.13,1,1
763.54,0.3333,88.03,675.51,2,1
895.3,0.3333,174.41,720.9,2,1
796.46,0.3333,120.95,675.51,2,1
921.05,0.6667,105.03,816.03,4,1
618.79,0.0,98.92,519.87,0,1
1103.48,1.0,86.43,1017.05,6,1
797.83,0.3333,114.76,683.08,2,1
713.77,0.1667,100.95,612.82,1,1
605.55,0.0,93.24,512.31,0,1
599.69,0.0,94.95,504.74,0,1
776.21,0.3333,93.14,683.08,2,1
865.12,0.3333,151.78,713.33,2,1
1038.43,0.8333,129.46,908.97,5,1
791.08,0.3333,115.57,675.51,2,1
1027.65,0.6667,158.68,868.97,4,1
778.55,0.3333,118.16,660.38,2,1
1090.91,0.8333,166.81,924.1,5,1
1053.29,0.6667,222.14,831.15,4,1
1131.19,1.0,114.14,1017.05,6,1
711.76,0.1667,83.81,627.95,1,1
927.19,0.5,166.3,760.9,3,1
999.57,0.6667,138.16,861.41,4,1
968.13,0.6667,136.97,831.15,4,1
918.02,0.5,126.86,791.15,3,1
876.64,0.3333,178.43,698.21,2,1
936.21,0.5,145.05,791.15,3,1
778.19,0.1667,142.68,635.51,1,1
931.09,0.6667,84.81,846.28,4,1
