"Total_Cost","Ratio_Reloc_Prod","Horiz_Cost","Vert_Cost","nReloc","non_Optimal"
241217.12,0.4607,47914.14,193302.88,691,209
747.75,0.4,89.54,658.21,2,0
700.4,0.4,57.32,643.08,2,0
889.71,0.8,83.43,806.28,4,1
868.88,0.6,163.11,705.77,3,0
721.5,0.2,148.68,572.82,1,0
850.49,0.6,114.46,736.03,3,0
861.66,0.6,102.95,758.72,3,1
532.2,0.0,52.32,479.87,0,0
800.53,0.6,94.76,705.77,3,0
1105.03,0.6,444.65,660.38,3,1
541.84,0.0,54.41,487.44,0,0
514.07,0.0,49.32,464.74,0,0
1809.81,1.0,993.78,816.03,5,1
784.13,0.6,101.05,683.08,3,1
543.89,0.0,94.27,449.62,0,1
467.63,0.0,40.7,426.92,0,0
504.16,0.0,62.11,442.05,0,0
635.76,0.2,100.76,535.0,1,0
668.04,0.4,55.22,612.82,2,0
831.43,0.6,148.35,683.08,3,1
708.59,0.4,65.51,643.08,2,0
1034.53,0.2,537.35,497.18,1,1
1359.82,0.8,659.43,700.38,4,1
735.25,0.2,147.3,587.95,1,0
946.97,0.8,163.38,783.59,4,1
991.73,1.0,122.76,868.97,5,1
648.09,0.2,82.84,565.26,1,1
763.38,0.4,127.86,635.51,2,1
691.45,0.4,93.76,597.69,2,1
923.3,0.8,94.32,828.97,4,1
617.32,0.2,82.32,535.0,1,0
872.72,0.8,74.0,798.72,4,0
694.82,0.2,174.95,519.87,1,1
1203.54,1.2,226.49,977.05,6,1
749.22,0.2,229.35,519.87,1,0
759.36,0.4,138.97,620.38,2,1
474.75,0.0,32.7,442.05,0,0
1256.77,1.0,402.92,853.85,5,1
508.85,0.0,44.11,464.74,0,1
705.31,0.4,100.05,605.26,2,1
697.83,0.2,147.7,550.13,1,1
875.81,0.6,192.73,683.08,3,0
957.47,0.6,191.19,766.28,3,1
679.26,0.4,89.14,590.13,2,1
599.97,0.2,57.41,542.56,1,0
571.31,0.2,74.14,497.18,1,1
592.81,0.2,57.81,535.0,1,1
884.25,0.8,123.35,760.9,4,1
756.18,0.4,105.54,650.64,2,1
1006.16,0.8,177.19,828.97,4,1
885.44,0.8,124.54,760.9,4,1
852.45,0.8,114.24,738.21,4,1
616.08,0.2,73.51,542.56,1,1
885.07,0.8,93.92,791.15,4,1
1754.56,1.0,915.84,838.72,5,1
929.83,0.8,138.68,791.15,4,1
539.15,0.0,74.41,464.74,0,0
606.89,0.2,64.32,542.56,1,1
725.89,0.4,97.95,627.95,2,1
1028.24,1.0,159.27,868.97,5,1
717.93,0.2,145.11,572.82,1,0
784.09,0.4,178.84,605.26,2,1
1569.3,1.2,728.41,840.9,6,1
802.87,0.4,174.92,627.95,2,0
810.48,0.6,112.27,698.21,3,0
880.43,0.6,151.97,728.46,3,0
541.82,0.0,69.51,472.31,0,0
721.76,0.2,141.38,580.38,1,1
766.33,0.6,105.95,660.38,3,1
683.88,0.2,133.76,550.13,1,1
742.84,0.4,122.46,620.38,2,1
640.45,0.2,90.32,550.13,1,0
565.86,0.0,116.24,449.62,0,1
488.86,0.0,46.81,442.05,0,0
488.11,0.0,53.62,434.49,0,0
700.37,0.2,157.81,542.56,1,1
824.78,0.6,134.14,690.64,3,1
874.7,0.6,138.68,736.03,3,1
669.1,0.2,118.97,550.13,1,1
709.79,0.4,81.84,627.95,2,1
676.85,0.2,119.16,557.69,1,1
753.24,0.4,110.16,643.08,2,1
793.97,0.6,118.46,675.51,3,1
1203.65,1.4,186.59,1017.05,7,1
853.82,0.6,140.49,713.33,3,0
877.55,0.6,164.22,713.33,3,1
764.45,0.4,174.32,590.13,2,0
900.02,0.8,116.43,783.59,4,1
812.01,0.6,151.62,660.38,3,0
552.85,0.2,48.11,504.74,1,1
772.78,0.4,137.27,635.51,2,1
711.22,0.4,90.84,620.38,2,0
765.19,0.4,129.68,635.51,2,1
910.67,0.6,167.08,743.59,3,0
976.15,0.8,185.0,791.15,4,1
670.1,0.2,119.97,550.13,1,1
751.72,0.4,85.95,665.77,2,1
765.84,0.4,137.89,627.95,2,1
659.96,0.2,87.14,572.82,1,0
729.98,0.4,102.03,627.95,2,0
573.25,0.2,45.81,527.44,1,1
579.47,0.0,107.16,472.31,0,0
661.34,0.2,103.65,557.69,1,1
1164.42,1.4,185.19,979.23,7,1
1023.97,1.0,139.86,884.1,5,1
885.81,0.6,149.78,736.03,3,0
711.17,0.4,98.35,612.82,2,1
777.34,0.4,119.14,658.21,2,0
947.74,1.0,101.46,846.28,5,1
500.69,0.0,43.51,457.18,0,0
782.74,0.6,69.41,713.33,3,1
539.85,0.0,67.54,472.31,0,0
542.85,0.0,78.11,464.74,0,0
620.29,0.2,77.73,542.56,1,0
1485.12,0.8,731.78,753.33,4,1
854.65,0.6,133.76,720.9,3,1
809.4,0.4,173.89,635.51,2,1
747.73,0.4,104.65,643.08,2,1
538.18,0.0,73.43,464.74,0,1
658.66,0.2,138.78,519.87,1,1
619.67,0.2,77.11,542.56,1,1
1339.46,0.4,756.89,582.56,2,1
894.64,0.8,111.05,783.59,4,1
867.82,0.8,106.92,760.9,4,1
454.17,0.0,34.81,419.36,0,0
727.41,0.4,99.46,627.95,2,1
1588.59,0.8,865.51,723.08,4,1
826.94,0.4,176.3,650.64,2,0
847.01,0.6,133.68,713.33,3,1
544.71,0.0,64.84,479.87,0,0
715.33,0.4,94.95,620.38,2,0
749.32,0.6,73.81,675.51,3,1
691.05,0.2,148.49,542.56,1,1
887.13,0.8,103.54,783.59,4,1
970.24,0.8,126.14,844.1,4,1
510.69,0.0,53.51,457.18,0,0
793.42,0.4,142.78,650.64,2,1
681.44,0.4,68.62,612.82,2,1
752.64,0.4,94.43,658.21,2,1
626.62,0.2,84.05,542.56,1,1
879.23,0.6,165.89,713.33,3,1
560.55,0.0,88.24,472.31,0,1
492.7,0.0,58.22,434.49,0,1
1428.09,0.8,727.7,700.38,4,1
777.81,0.6,94.73,683.08,3,1
711.63,0.4,91.24,620.38,2,1
708.82,0.4,88.43,620.38,2,1
711.92,0.4,76.41,635.51,2,1
988.94,1.0,157.78,831.15,5,1
689.58,0.4,84.32,605.26,2,0
1405.49,0.8,697.54,707.95,4,1
658.61,0.4,60.92,597.69,2,0
830.19,0.4,202.24,627.95,2,1
730.12,0.4,71.92,658.21,2,1
603.34,0.2,53.22,550.13,1,0
708.13,0.4,72.62,635.51,2,0
642.26,0.0,192.65,449.62,0,0
893.04,0.8,147.27,745.77,4,0
488.46,0.0,46.41,442.05,0,0
686.15,0.2,128.46,557.69,1,1
651.67,0.2,101.54,550.13,1,0
873.65,0.4,238.14,635.51,2,1
778.31,0.4,180.62,597.69,2,1
754.72,0.6,56.51,698.21,3,0
864.7,0.8,96.24,768.46,4,1
773.51,0.6,90.43,683.08,3,1
624.93,0.2,52.11,572.82,1,1
610.84,0.4,43.41,567.44,2,1
1040.3,1.2,138.89,901.41,6,1
726.03,0.4,105.65,620.38,2,1
881.69,0.6,130.54,751.15,3,1
471.03,0.0,44.11,426.92,0,0
701.25,0.4,88.43,612.82,2,1
1800.67,1.0,984.65,816.03,5,1
870.72,0.6,119.57,751.15,3,0
895.87,0.8,134.97,760.9,4,0
1155.37,1.4,130.76,1024.62,7,1
648.55,0.2,75.73,572.82,1,1
644.88,0.2,79.62,565.26,1,1
682.58,0.4,77.32,605.26,2,1
693.85,0.4,81.03,612.82,2,1
728.3,0.4,100.35,627.95,2,0
846.43,0.6,102.84,743.59,3,1
813.32,0.4,162.68,650.64,2,1
1039.78,0.8,256.19,783.59,4,1
779.67,0.6,89.03,690.64,3,1
665.82,0.2,100.57,565.26,1,1
845.06,0.6,177.11,667.95,3,1
998.66,0.8,184.81,813.85,4,1
527.42,0.0,70.24,457.18,0,0
699.15,0.4,48.51,650.64,2,1
699.62,0.4,64.11,635.51,2,1
457.63,0.0,30.7,426.92,0,0
792.43,0.6,109.35,683.08,3,1
468.05,0.0,26.0,442.05,0,1
842.77,0.6,144.57,698.21,3,1
934.67,0.8,151.08,783.59,4,1
616.0,0.2,81.0,535.0,1,0
592.25,0.2,79.95,512.31,1,1
455.58,0.0,36.22,419.36,0,0
457.47,0.0,38.11,419.36,0,0
853.5,0.6,140.16,713.33,3,1
553.29,0.2,56.11,497.18,1,1
470.03,0.0,43.11,426.92,0,1
1221.21,0.4,623.51,597.69,2,1
612.78,0.2,70.22,542.56,1,1
734.71,0.4,114.32,620.38,2,1
1594.42,1.2,708.14,886.28,6,1
1211.17,0.6,550.78,660.38,3,1
799.72,0.4,149.08,650.64,2,1
756.24,0.6,80.73,675.51,3,1
613.06,0.2,85.62,527.44,1,0
907.67,0.8,131.65,776.03,4,1
1040.47,1.0,141.24,899.23,5,1
1190.05,1.0,253.0,937.05,5,1
905.08,0.6,161.49,743.59,3,1
476.46,0.0,34.41,442.05,0,0
1058.22,1.0,204.38,853.85,5,1
904.46,1.0,88.43,816.03,5,1
503.72,0.0,54.11,449.62,0,0
723.46,0.6,55.51,667.95,3,1
795.37,0.6,104.73,690.64,3,1
628.31,0.2,70.62,557.69,1,0
782.09,0.6,76.32,705.77,3,1
1462.38,0.6,786.86,675.51,3,1
1873.1,1.2,1001.95,871.15,6,1
657.5,0.2,92.24,565.26,1,1
1008.06,0.6,287.16,720.9,3,1
961.0,0.8,192.54,768.46,4,0
738.41,0.4,110.46,627.95,2,1
1396.15,0.8,605.0,791.15,4,1
783.98,0.4,110.65,673.33,2,1
885.72,0.4,219.95,665.77,2,0
805.85,0.6,92.51,713.33,3,1
574.03,0.0,94.16,479.87,0,0
817.89,0.6,142.38,675.51,3,1
763.32,0.4,120.24,643.08,2,1
929.11,0.6,208.22,720.9,3,1
622.45,0.2,72.32,550.13,1,1
1110.64,0.6,412.43,698.21,3,1
980.36,0.8,174.08,806.28,4,1
727.54,0.4,92.03,635.51,2,0
800.98,0.4,180.59,620.38,2,1
917.77,0.6,219.57,698.21,3,1
837.5,0.6,124.16,713.33,3,1
853.7,0.6,125.24,728.46,3,0
853.62,0.6,125.16,728.46,3,1
1085.41,1.0,171.05,914.36,5,1
1025.39,0.8,211.54,813.85,4,1
706.84,0.4,71.32,635.51,2,1
912.32,0.8,121.16,791.15,4,1
792.4,0.6,101.76,690.64,3,1
483.16,0.0,41.11,442.05,0,0
1202.91,0.6,557.65,645.26,3,1
778.23,0.6,80.03,698.21,3,0
955.74,0.6,249.97,705.77,3,1
681.94,0.4,84.24,597.69,2,1
643.19,0.2,100.62,542.56,1,0
552.28,0.0,87.54,464.74,0,0
683.5,0.4,85.81,597.69,2,1
937.3,0.8,161.27,776.03,4,1
1360.84,1.4,343.78,1017.05,7,1
747.35,0.4,111.84,635.51,2,1
590.25,0.2,77.95,512.31,1,0
663.75,0.2,106.05,557.69,1,0
484.86,0.0,42.81,442.05,0,0
926.86,0.6,243.78,683.08,3,1
682.28,0.4,77.03,605.26,2,1
660.18,0.2,94.92,565.26,1,0
741.46,0.6,73.51,667.95,3,1
614.67,0.4,32.11,582.56,2,1
1045.63,0.4,485.76,559.87,2,1
644.83,0.2,87.14,557.69,1,0
722.88,0.4,132.76,590.13,2,0
461.63,0.0,34.7,426.92,0,0
654.09,0.2,88.84,565.26,1,1
828.21,0.8,90.0,738.21,4,1
650.63,0.2,77.81,572.82,1,0
712.16,0.4,84.22,627.95,2,1
828.14,0.4,253.14,575.0,2,1
982.67,0.8,191.51,791.15,4,1
1078.59,1.4,122.05,956.54,7,1
716.18,0.2,158.49,557.69,1,0
1087.15,0.8,280.86,806.28,4,1
618.65,0.2,83.65,535.0,1,1
585.22,0.0,105.35,479.87,0,1
1262.01,1.2,254.7,1007.31,6,1
895.85,0.6,182.51,713.33,3,1
687.57,0.4,112.57,575.0,2,1
723.76,0.4,88.24,635.51,2,1
991.87,0.8,230.97,760.9,4,1
1748.14,0.8,987.24,760.9,4,1
780.06,0.4,106.73,673.33,2,1
639.67,0.2,89.54,550.13,1,1
674.77,0.2,101.95,572.82,1,0
825.43,0.4,235.3,590.13,2,1
456.61,0.0,44.81,411.79,0,0
609.94,0.2,59.81,550.13,1,1
980.43,0.8,196.84,783.59,4,1
866.36,0.6,160.59,705.77,3,1
