"Total_Cost","Ratio_Reloc_Prod","Horiz_Cost","Vert_Cost","nReloc","non_Optimal"
241142.62,0.404,51829.77,189312.95,606,150
763.61,0.4,97.84,665.77,2,0
525.55,0.0,60.81,464.74,0,0
751.75,0.4,93.54,658.21,2,0
808.97,0.4,165.89,643.08,2,0
990.21,0.4,347.14,643.08,2,1
914.68,0.8,153.78,760.9,4,0
726.43,0.4,83.35,643.08,2,0
813.52,0.6,92.62,720.9,3,1
707.17,0.2,179.73,527.44,1,1
685.85,0.4,73.03,612.82,2,0
785.54,0.4,157.59,627.95,2,0
983.69,0.8,192.54,791.15,4,1
717.66,0.2,152.41,565.26,1,0
954.83,0.8,163.68,791.15,4,0
767.24,0.4,124.16,643.08,2,1
534.47,0.0,69.73,464.74,0,0
507.88,0.0,50.7,457.18,0,1
869.85,0.6,164.08,705.77,3,0
965.74,0.4,299.97,665.77,2,0
516.69,0.0,59.51,457.18,0,0
755.35,0.4,112.27,643.08,2,1
1049.48,1.0,165.38,884.1,5,1
966.66,0.8,213.32,753.33,4,0
1299.6,1.4,252.3,1047.31,7,1
1037.21,0.6,286.05,751.15,3,0
492.83,0.0,43.22,449.62,0,0
755.89,0.4,120.38,635.51,2,1
717.1,0.4,126.97,590.13,2,1
1056.44,0.8,242.59,813.85,4,1
666.47,0.2,93.65,572.82,1,1
1048.86,0.8,272.84,776.03,4,1
714.16,0.2,171.59,542.56,1,0
941.91,0.8,203.7,738.21,4,1
837.25,0.6,116.35,720.9,3,1
636.93,0.2,117.05,519.87,1,0
840.64,0.4,190.0,650.64,2,0
572.7,0.0,123.08,449.62,0,0
728.64,0.2,178.51,550.13,1,1
572.04,0.0,114.86,457.18,0,0
1171.81,1.0,287.7,884.1,5,1
1099.27,0.6,355.68,743.59,3,1
687.01,0.2,121.76,565.26,1,1
1167.36,1.0,260.57,906.79,5,1
792.8,0.2,235.11,557.69,1,0
671.32,0.2,128.76,542.56,1,1
978.89,0.8,210.43,768.46,4,0
489.51,0.0,55.03,434.49,0,0
912.59,0.4,269.51,643.08,2,0
875.34,0.6,184.7,690.64,3,1
954.4,1.0,123.24,831.15,5,0
1041.97,0.6,298.38,743.59,3,1
540.86,0.0,91.24,449.62,0,1
731.83,0.4,73.62,658.21,2,0
708.94,0.2,151.24,557.69,1,0
824.53,0.4,173.89,650.64,2,1
823.78,0.6,148.27,675.51,3,1
652.04,0.2,94.35,557.69,1,0
747.84,0.4,112.32,635.51,2,1
745.42,0.2,187.73,557.69,1,0
854.78,0.6,179.27,675.51,3,0
649.0,0.2,114.0,535.0,1,0
642.45,0.2,84.76,557.69,1,1
933.87,0.8,172.97,760.9,4,1
770.93,0.4,112.73,658.21,2,0
985.57,0.8,217.11,768.46,4,1
1184.32,1.0,247.27,937.05,5,0
690.99,0.2,133.3,557.69,1,1
537.84,0.0,103.35,434.49,0,0
777.19,0.4,141.68,635.51,2,1
945.25,0.4,271.92,673.33,2,1
1008.43,0.6,264.84,743.59,3,1
916.46,0.4,288.51,627.95,2,1
481.3,0.0,61.95,419.36,0,0
1011.45,1.0,172.73,838.72,5,1
776.12,0.4,163.3,612.82,2,1
1013.14,0.6,299.81,713.33,3,1
1002.93,0.6,244.22,758.72,3,0
659.62,0.2,124.62,535.0,1,1
909.36,0.4,243.59,665.77,2,0
940.66,0.6,181.95,758.72,3,1
906.59,0.6,155.43,751.15,3,1
761.2,0.2,188.38,572.82,1,0
787.91,0.4,137.27,650.64,2,1
660.61,0.2,95.35,565.26,1,0
647.6,0.2,135.3,512.31,1,0
753.16,0.2,203.03,550.13,1,0
516.26,0.0,51.51,464.74,0,1
546.37,0.0,81.62,464.74,0,1
602.32,0.2,67.32,535.0,1,1
851.68,0.2,331.81,519.87,1,1
573.47,0.0,108.73,464.74,0,0
890.5,0.4,224.73,665.77,2,0
786.43,0.4,143.35,643.08,2,1
1047.23,0.6,296.08,751.15,3,1
581.91,0.0,117.16,464.74,0,0
637.3,0.0,202.81,434.49,0,1
946.88,0.8,155.73,791.15,4,1
1086.91,1.0,263.32,823.59,5,1
630.92,0.2,88.35,542.56,1,1
609.65,0.2,74.65,535.0,1,1
1197.56,1.2,220.51,977.05,6,0
1123.94,1.0,232.27,891.67,5,0
568.23,0.0,95.92,472.31,0,1
846.28,0.4,180.51,665.77,2,0
726.34,0.2,161.08,565.26,1,0
652.91,0.2,95.22,557.69,1,1
545.03,0.0,110.54,434.49,0,1
525.51,0.0,91.03,434.49,0,1
687.34,0.2,129.65,557.69,1,0
950.16,0.6,221.7,728.46,3,1
514.83,0.0,65.22,449.62,0,1
700.73,0.2,173.3,527.44,1,1
680.38,0.4,60.0,620.38,2,0
884.97,0.4,249.46,635.51,2,1
717.45,0.2,152.19,565.26,1,0
846.29,0.4,203.22,643.08,2,0
760.28,0.4,139.89,620.38,2,0
573.61,0.0,108.86,464.74,0,1
863.85,0.6,105.14,758.72,3,0
1062.51,0.8,278.92,783.59,4,0
525.7,0.0,83.65,442.05,0,0
964.31,0.8,218.54,745.77,4,0
1140.36,1.2,193.57,946.79,6,0
753.47,0.2,188.22,565.26,1,0
1213.97,1.2,297.43,916.54,6,1
923.25,0.6,194.78,728.46,3,1
816.44,0.4,150.68,665.77,2,0
903.66,0.6,197.89,705.77,3,1
771.96,0.4,166.7,605.26,2,1
692.95,0.2,157.95,535.0,1,0
703.24,0.2,168.24,535.0,1,1
765.08,0.4,129.57,635.51,2,1
755.46,0.4,119.95,635.51,2,1
919.83,0.4,269.19,650.64,2,0
537.72,0.0,80.54,457.18,0,1
761.6,0.2,234.16,527.44,1,1
936.27,0.8,167.81,768.46,4,1
980.88,0.8,189.73,791.15,4,0
727.47,0.4,61.7,665.77,2,1
573.64,0.0,116.46,457.18,0,0
1001.34,0.6,295.57,705.77,3,1
926.15,0.4,328.46,597.69,2,1
1195.72,1.0,296.49,899.23,5,1
746.72,0.4,141.46,605.26,2,1
630.5,0.2,72.81,557.69,1,1
772.49,0.4,144.54,627.95,2,0
805.88,0.4,147.68,658.21,2,0
636.88,0.2,71.62,565.26,1,0
987.64,0.8,196.49,791.15,4,0
765.04,0.4,167.35,597.69,2,1
1292.59,0.6,662.46,630.13,3,1
486.08,0.0,44.03,442.05,0,1
982.96,1.0,144.24,838.72,5,0
1038.96,0.8,247.81,791.15,4,0
967.92,0.6,231.89,736.03,3,1
571.72,0.0,106.97,464.74,0,0
650.4,0.2,100.27,550.13,1,1
568.09,0.0,103.35,464.74,0,1
1079.48,0.6,388.84,690.64,3,0
1209.63,0.8,388.22,821.41,4,1
1100.72,1.0,216.62,884.1,5,0
674.61,0.2,109.35,565.26,1,1
978.16,0.6,249.7,728.46,3,1
820.15,0.4,161.95,658.21,2,0
915.35,0.6,171.76,743.59,3,0
664.76,0.2,129.76,535.0,1,1
932.62,0.6,196.59,736.03,3,1
698.48,0.2,148.35,550.13,1,0
959.98,0.6,231.51,728.46,3,0
808.61,0.4,157.97,650.64,2,0
728.53,0.2,178.41,550.13,1,0
625.17,0.2,112.86,512.31,1,0
644.95,0.2,109.95,535.0,1,1
525.84,0.0,91.35,434.49,0,1
750.91,0.4,100.27,650.64,2,1
1153.64,0.8,309.54,844.1,4,1
851.57,0.4,231.19,620.38,2,1
875.37,0.4,224.73,650.64,2,0
962.26,0.6,211.11,751.15,3,1
575.28,0.0,110.54,464.74,0,0
571.12,0.0,91.24,479.87,0,0
748.99,0.2,183.73,565.26,1,0
842.77,0.4,184.57,658.21,2,0
512.55,0.0,47.81,464.74,0,0
686.21,0.2,136.08,550.13,1,0
665.39,0.0,200.65,464.74,0,0
703.42,0.2,138.16,565.26,1,0
669.43,0.2,134.43,535.0,1,1
789.27,0.6,113.76,675.51,3,0
827.68,0.6,159.73,667.95,3,1
961.09,0.6,247.76,713.33,3,0
816.84,0.4,181.32,635.51,2,0
1098.5,1.0,191.7,906.79,5,0
538.44,0.0,66.14,472.31,0,0
499.75,0.0,50.14,449.62,0,0
493.62,0.0,59.14,434.49,0,1
744.15,0.4,138.89,605.26,2,0
827.01,0.6,113.68,713.33,3,1
535.56,0.0,85.95,449.62,0,1
848.2,0.4,242.95,605.26,2,0
835.11,0.6,106.65,728.46,3,1
582.81,0.0,155.89,426.92,0,1
761.3,0.4,133.35,627.95,2,1
1101.72,0.6,350.57,751.15,3,0
842.44,0.4,176.68,665.77,2,1
701.48,0.2,158.92,542.56,1,0
653.84,0.2,118.84,535.0,1,1
694.02,0.4,96.32,597.69,2,0
685.37,0.2,142.81,542.56,1,0
536.21,0.0,79.03,457.18,0,0
878.94,0.6,188.3,690.64,3,1
784.12,0.4,118.35,665.77,2,0
925.41,1.0,116.95,808.46,5,1
647.43,0.2,112.43,535.0,1,0
524.06,0.0,97.14,426.92,0,1
536.65,0.0,102.16,434.49,0,0
603.0,0.2,68.0,535.0,1,0
992.02,0.6,248.43,743.59,3,0
1158.22,1.0,304.38,853.85,5,0
849.69,0.4,183.92,665.77,2,0
1053.56,0.8,262.41,791.15,4,0
1041.74,0.6,335.97,705.77,3,1
1021.84,0.6,293.38,728.46,3,0
599.72,0.0,134.97,464.74,0,0
1002.16,0.8,226.14,776.03,4,0
899.2,0.4,293.95,605.26,2,0
971.24,0.4,320.59,650.64,2,0
510.5,0.0,53.32,457.18,0,0
532.96,0.0,68.22,464.74,0,0
768.59,0.4,133.08,635.51,2,0
984.04,0.4,318.27,665.77,2,0
900.31,0.4,242.11,658.21,2,0
1091.75,0.6,348.16,743.59,3,0
1060.58,0.8,246.73,813.85,4,0
855.85,0.6,150.08,705.77,3,0
766.36,0.4,145.97,620.38,2,0
673.95,0.2,146.51,527.44,1,1
1072.46,0.8,235.92,836.54,4,1
1118.91,0.8,327.76,791.15,4,0
912.81,0.6,229.73,683.08,3,0
878.06,0.6,210.11,667.95,3,1
981.97,0.6,238.38,743.59,3,0
942.16,0.8,158.57,783.59,4,1
1204.78,0.8,360.68,844.1,4,0
568.58,0.0,103.84,464.74,0,1
840.7,0.2,290.57,550.13,1,1
727.7,0.2,177.57,550.13,1,1
617.43,0.2,82.43,535.0,1,1
462.0,0.0,27.51,434.49,0,1
618.1,0.2,75.54,542.56,1,1
851.82,0.6,146.05,705.77,3,1
809.89,0.4,174.38,635.51,2,1
816.48,0.6,125.84,690.64,3,1
683.09,0.2,117.84,565.26,1,0
735.56,0.2,177.86,557.69,1,0
695.0,0.2,160.0,535.0,1,1
809.19,0.4,173.68,635.51,2,0
851.92,0.2,309.35,542.56,1,1
742.45,0.2,192.32,550.13,1,1
1114.11,0.6,385.65,728.46,3,0
1432.05,1.4,346.92,1085.13,7,1
727.48,0.2,169.78,557.69,1,0
1141.53,1.0,257.43,884.1,5,1
540.64,0.0,83.46,457.18,0,1
651.18,0.2,101.05,550.13,1,0
622.03,0.2,87.03,535.0,1,1
810.24,0.6,74.22,736.03,3,0
811.08,0.4,175.57,635.51,2,1
735.37,0.2,192.81,542.56,1,0
920.82,0.2,400.95,519.87,1,1
1016.67,0.6,280.65,736.03,3,1
968.04,0.8,161.76,806.28,4,1
909.36,0.6,188.46,720.9,3,1
544.05,0.0,109.57,434.49,0,1
893.77,0.6,180.43,713.33,3,1
813.94,0.4,231.38,582.56,2,0
876.43,0.6,200.92,675.51,3,1
933.5,0.8,187.73,745.77,4,1
636.59,0.0,194.54,442.05,0,1
667.31,0.2,109.62,557.69,1,1
878.58,0.6,172.81,705.77,3,0
1046.28,0.6,325.38,720.9,3,0
654.96,0.2,89.7,565.26,1,1
1063.24,0.6,387.73,675.51,3,1
707.85,0.2,150.16,557.69,1,1
936.09,1.0,82.24,853.85,5,0
555.43,0.0,113.38,442.05,0,0
838.78,0.4,195.7,643.08,2,0
557.67,0.0,108.05,449.62,0,1
627.69,0.2,70.0,557.69,1,0
550.81,0.0,116.32,434.49,0,0
562.54,0.2,88.05,474.49,1,1
858.84,0.4,230.89,627.95,2,0
891.72,0.4,225.95,665.77,2,0
703.64,0.2,145.95,557.69,1,0
1056.28,0.8,250.0,806.28,4,1
523.29,0.0,81.24,442.05,0,1
954.44,0.6,241.11,713.33,3,0
870.15,0.4,211.95,658.21,2,1
714.74,0.2,149.49,565.26,1,1
