"Total_Cost","Ratio_Reloc_Prod","Horiz_Cost","Vert_Cost","nReloc","non_Optimal"
225916.46,0.4513,34293.02,191623.37,677,375
547.43,0.25,52.43,495.0,1,1
610.94,0.25,161.32,449.62,1,1
489.35,0.0,94.86,394.49,0,1
557.38,0.25,69.95,487.44,1,1
798.31,1.0,92.54,705.77,4,1
401.23,0.0,37.0,364.23,0,1
529.63,0.25,57.32,472.31,1,1
771.42,1.0,73.22,698.21,4,1
496.83,0.25,47.22,449.62,1,1
1043.91,1.5,152.24,891.67,6,1
692.41,0.5,157.41,535.0,2,1
1166.34,1.75,219.54,946.79,7,1
527.02,0.25,69.84,457.18,1,1
1050.68,1.5,196.84,853.85,6,1
516.4,0.25,74.35,442.05,1,1
455.85,0.0,84.05,371.79,0,1
412.17,0.0,32.81,379.36,0,1
588.78,0.5,46.22,542.56,2,1
744.66,0.5,171.84,572.82,2,1
626.56,0.5,76.43,550.13,2,1
525.88,0.25,61.14,464.74,1,1
504.41,0.25,85.05,419.36,1,1
561.02,0.5,63.84,497.18,2,1
402.94,0.0,53.84,349.1,0,1
484.84,0.25,57.92,426.92,1,1
550.31,0.25,93.14,457.18,1,1
533.63,0.25,61.32,472.31,1,1
415.31,0.0,43.51,371.79,0,1
516.47,0.25,51.73,464.74,1,1
660.69,0.5,148.38,512.31,2,1
557.96,0.5,53.22,504.74,2,1
643.66,0.5,123.78,519.87,2,1
397.53,0.0,48.43,349.1,0,1
891.84,1.25,123.38,768.46,5,1
510.96,0.25,46.22,464.74,1,1
533.5,0.25,76.32,457.18,1,1
412.69,0.0,56.03,356.67,0,1
556.68,0.5,36.81,519.87,2,1
1007.6,1.75,113.76,893.85,7,1
685.53,0.75,87.84,597.69,3,1
835.44,1.0,114.54,720.9,4,1
789.74,0.75,176.92,612.82,3,1
858.92,1.0,130.46,728.46,4,1
439.04,0.0,67.24,371.79,0,1
389.91,0.0,40.81,349.1,0,1
523.05,0.25,73.43,449.62,1,1
397.37,0.0,40.7,356.67,0,1
881.02,1.0,182.81,698.21,4,1
607.15,0.25,142.41,464.74,1,1
676.43,0.5,133.86,542.56,2,1
683.57,0.75,55.62,627.95,3,1
436.07,0.0,71.84,364.23,0,1
785.85,0.75,173.03,612.82,3,1
553.04,0.25,80.73,472.31,1,1
437.16,0.0,88.05,349.1,0,1
634.97,0.5,99.97,535.0,2,1
661.75,0.75,71.62,590.13,3,1
616.19,0.5,88.76,527.44,2,1
530.54,0.25,96.05,434.49,1,1
652.31,0.75,54.62,597.69,3,1
623.34,0.5,73.22,550.13,2,1
1062.68,1.25,309.35,753.33,5,1
535.28,0.25,70.54,464.74,1,1
665.75,0.5,123.19,542.56,2,1
851.55,1.0,145.78,705.77,4,1
444.39,0.0,65.03,379.36,0,1
691.2,0.75,85.95,605.26,3,1
421.58,0.0,42.22,379.36,0,1
710.58,0.75,97.76,612.82,3,1
611.41,0.5,76.41,535.0,2,1
657.13,0.5,114.57,542.56,2,1
717.81,1.0,95.24,622.56,4,1
551.64,0.25,94.46,457.18,1,1
639.04,0.25,166.73,472.31,1,1
512.59,0.0,155.92,356.67,0,1
784.76,0.75,156.81,627.95,3,1
721.65,0.75,86.14,635.51,3,1
915.44,1.0,209.68,705.77,4,1
547.26,0.5,42.51,504.74,2,1
667.16,0.5,124.59,542.56,2,1
426.18,0.0,61.95,364.23,0,1
543.4,0.25,101.35,442.05,1,1
527.74,0.25,63.0,464.74,1,1
668.19,0.5,133.19,535.0,2,1
542.26,0.25,92.65,449.62,1,1
689.43,0.5,139.3,550.13,2,1
725.01,1.0,64.62,660.38,4,1
436.91,0.0,80.24,356.67,0,1
653.63,0.5,126.19,527.44,2,1
387.1,0.0,38.0,349.1,0,1
569.47,0.25,97.16,472.31,1,1
371.81,0.0,22.7,349.1,0,1
611.17,0.5,83.73,527.44,2,1
494.46,0.25,52.41,442.05,1,1
375.94,0.0,34.41,341.54,0,1
652.48,0.5,102.35,550.13,2,1
444.34,0.25,40.11,404.23,1,1
656.26,0.75,66.14,590.13,3,1
373.1,0.0,24.0,349.1,0,1
384.94,0.0,43.41,341.54,0,1
518.29,0.25,76.24,442.05,1,1
487.6,0.25,53.11,434.49,1,1
582.98,0.25,110.68,472.31,1,1
499.4,0.25,42.22,457.18,1,1
605.67,0.5,63.11,542.56,2,1
433.97,0.0,84.86,349.1,0,1
533.05,0.0,183.95,349.1,0,1
617.34,0.5,67.22,550.13,2,1
590.6,0.5,70.73,519.87,2,1
547.67,0.5,65.62,482.05,2,1
351.92,0.0,25.51,326.41,0,1
808.84,1.0,87.95,720.9,4,1
789.49,1.0,113.97,675.51,4,1
524.95,0.25,90.46,434.49,1,1
447.75,0.0,98.65,349.1,0,1
748.57,0.75,113.05,635.51,3,1
377.54,0.0,36.0,341.54,0,1
459.64,0.25,55.41,404.23,1,1
739.53,0.75,149.41,590.13,3,1
532.15,0.5,27.41,504.74,2,1
815.3,1.0,139.78,675.51,4,1
596.96,0.25,139.78,457.18,1,1
529.54,0.25,95.05,434.49,1,1
471.9,0.0,92.54,379.36,0,1
761.98,0.75,141.59,620.38,3,1
505.27,0.25,78.35,426.92,1,1
732.86,0.75,150.3,582.56,3,1
569.39,0.5,49.51,519.87,2,1
532.42,0.25,60.11,472.31,1,1
542.13,0.25,84.95,457.18,1,1
715.08,0.75,87.14,627.95,3,1
675.86,0.75,85.73,590.13,3,1
751.0,0.75,123.05,627.95,3,1
769.98,1.0,102.03,667.95,4,1
431.87,0.0,52.51,379.36,0,1
657.02,0.5,99.32,557.69,2,1
573.55,0.25,101.24,472.31,1,1
538.28,0.25,73.54,464.74,1,1
572.01,0.25,107.27,464.74,1,1
660.22,0.5,132.78,527.44,2,1
753.92,0.75,125.97,627.95,3,1
728.92,0.5,186.35,542.56,2,1
520.45,0.25,55.7,464.74,1,1
581.94,0.25,139.89,442.05,1,1
732.72,0.75,142.59,590.13,3,1
557.77,0.25,93.03,464.74,1,1
434.07,0.0,69.84,364.23,0,1
848.12,1.0,134.78,713.33,4,1
596.87,0.5,69.43,527.44,2,1
369.05,0.0,27.51,341.54,0,1
563.53,0.5,73.92,489.62,2,1
833.93,1.0,128.16,705.77,4,1
575.01,0.25,110.27,464.74,1,1
515.85,0.25,104.05,411.79,1,1
555.33,0.25,83.03,472.31,1,1
603.22,0.5,83.35,519.87,2,1
670.63,0.5,158.32,512.31,2,1
462.07,0.0,90.27,371.79,0,1
632.37,0.5,82.24,550.13,2,1
434.28,0.0,54.92,379.36,0,1
485.92,0.25,51.43,434.49,1,1
867.42,1.0,169.22,698.21,4,1
371.81,0.0,22.7,349.1,0,1
643.88,0.5,93.76,550.13,2,1
641.31,0.5,129.0,512.31,2,1
378.65,0.0,37.11,341.54,0,1
605.98,0.25,179.05,426.92,1,1
368.94,0.0,27.41,341.54,0,1
420.74,0.0,56.51,364.23,0,1
775.0,1.0,107.05,667.95,4,1
816.99,1.0,171.73,645.26,4,1
655.84,0.75,80.84,575.0,3,1
596.52,0.5,76.65,519.87,2,1
418.58,0.0,39.22,379.36,0,1
611.72,0.5,106.97,504.74,2,1
596.07,0.25,138.89,457.18,1,1
451.18,0.0,86.95,364.23,0,1
744.64,0.75,154.51,590.13,3,1
663.02,0.75,65.32,597.69,3,1
545.97,0.25,111.49,434.49,1,1
438.58,0.0,74.35,364.23,0,1
715.96,0.75,118.27,597.69,3,1
543.78,0.25,94.16,449.62,1,1
774.95,1.0,99.43,675.51,4,1
636.78,0.5,94.22,542.56,2,1
653.22,0.75,78.22,575.0,3,1
815.61,1.0,109.84,705.77,4,1
736.58,0.5,171.32,565.26,2,1
449.49,0.0,55.0,394.49,0,1
560.48,0.25,110.86,449.62,1,1
377.81,0.0,28.7,349.1,0,1
450.23,0.25,46.0,404.23,1,1
620.69,0.25,148.38,472.31,1,1
541.93,0.25,69.62,472.31,1,1
496.8,0.25,39.62,457.18,1,1
440.77,0.0,76.54,364.23,0,1
456.28,0.0,92.05,364.23,0,1
453.99,0.0,89.76,364.23,0,1
756.03,0.75,128.08,627.95,3,1
574.39,0.5,54.51,519.87,2,1
519.74,0.0,155.51,364.23,0,1
727.14,0.75,106.76,620.38,3,1
400.34,0.0,36.11,364.23,0,1
704.71,0.75,137.27,567.44,3,1
570.47,0.25,98.16,472.31,1,1
474.28,0.25,54.92,419.36,1,1
416.71,0.0,44.92,371.79,0,1
523.55,0.25,58.81,464.74,1,1
820.5,1.25,74.73,745.77,5,1
864.28,1.0,211.46,652.82,4,1
506.15,0.25,41.41,464.74,1,1
864.31,1.0,166.11,698.21,4,1
722.48,0.75,124.78,597.69,3,1
429.31,0.0,57.51,371.79,0,1
394.51,0.0,45.41,349.1,0,1
685.28,0.75,80.03,605.26,3,1
471.84,0.25,44.92,426.92,1,1
592.28,0.25,119.97,472.31,1,1
730.43,0.75,140.3,590.13,3,1
808.13,1.0,125.05,683.08,4,1
360.33,0.0,33.92,326.41,0,1
423.98,0.0,44.62,379.36,0,1
375.54,0.0,34.0,341.54,0,1
606.03,0.5,71.03,535.0,2,1
420.34,0.0,56.11,364.23,0,1
1017.05,1.75,145.89,871.15,7,1
629.16,0.5,94.16,535.0,2,1
634.62,0.5,92.05,542.56,2,1
892.22,1.25,123.76,768.46,5,1
565.5,0.25,100.76,464.74,1,1
566.55,0.25,94.24,472.31,1,1
535.15,0.25,70.41,464.74,1,1
627.84,0.5,92.84,535.0,2,1
642.03,0.5,122.16,519.87,2,1
438.52,0.0,66.73,371.79,0,1
445.69,0.0,81.46,364.23,0,1
593.87,0.5,66.43,527.44,2,1
615.73,0.5,80.73,535.0,2,1
873.5,1.0,175.3,698.21,4,1
871.19,1.0,135.16,736.03,4,1
647.65,0.5,112.65,535.0,2,1
390.1,0.0,41.0,349.1,0,1
407.59,0.0,50.92,356.67,0,1
482.89,0.25,48.41,434.49,1,1
487.68,0.0,100.76,386.92,0,1
673.15,0.5,115.46,557.69,2,1
613.19,0.5,70.62,542.56,2,1
411.04,0.0,46.81,364.23,0,1
422.34,0.0,58.11,364.23,0,1
493.09,0.25,73.73,419.36,1,1
547.63,0.25,75.32,472.31,1,1
633.6,0.5,106.16,527.44,2,1
403.67,0.0,47.0,356.67,0,1
1087.27,1.75,125.35,961.92,7,1
596.5,0.25,124.19,472.31,1,1
1064.3,1.75,162.89,901.41,7,1
458.44,0.0,86.65,371.79,0,1
901.88,1.25,156.11,745.77,5,1
438.79,0.0,59.43,379.36,0,1
846.47,1.25,93.14,753.33,5,1
424.58,0.0,45.22,379.36,0,1
451.04,0.0,79.24,371.79,0,1
744.82,1.0,84.43,660.38,4,1
520.26,0.25,55.51,464.74,1,1
466.56,0.25,62.32,404.23,1,1
505.29,0.25,48.11,457.18,1,1
663.7,0.75,81.14,582.56,3,1
1029.66,1.5,175.81,853.85,6,1
503.24,0.25,53.62,449.62,1,1
669.59,0.5,134.59,535.0,2,1
874.11,1.25,105.65,768.46,5,1
546.43,0.25,104.38,442.05,1,1
553.58,0.25,88.84,464.74,1,1
717.78,0.75,127.65,590.13,3,1
712.03,0.75,76.51,635.51,3,1
573.26,0.25,116.08,457.18,1,1
670.1,0.5,119.97,550.13,2,1
672.28,0.75,67.03,605.26,3,1
464.44,0.25,37.51,426.92,1,1
750.27,0.75,122.32,627.95,3,1
449.74,0.0,77.95,371.79,0,1
653.7,0.75,71.14,582.56,3,1
367.65,0.0,26.11,341.54,0,1
375.7,0.0,41.73,333.97,0,1
733.33,0.75,105.38,627.95,3,1
769.16,1.0,93.65,675.51,4,1
645.73,0.5,103.16,542.56,2,1
633.13,0.75,43.0,590.13,3,1
392.51,0.0,43.41,349.1,0,1
378.54,0.0,37.0,341.54,0,1
385.21,0.0,36.11,349.1,0,1
510.13,0.25,60.51,449.62,1,1
550.62,0.25,108.57,442.05,1,1
623.95,0.75,56.51,567.44,3,1
369.24,0.0,27.7,341.54,0,1
721.12,0.75,115.86,605.26,3,1
841.22,1.0,180.84,660.38,4,1
760.84,0.75,140.46,620.38,3,1
692.7,0.5,157.7,535.0,2,1
1027.56,1.5,188.84,838.72,6,1
506.62,0.25,72.14,434.49,1,1
685.53,0.75,87.84,597.69,3,1
435.63,0.0,63.84,371.79,0,1
936.37,1.25,152.78,783.59,5,1
394.67,0.0,38.0,356.67,0,1
685.02,0.75,87.32,597.69,3,1
835.64,1.0,145.0,690.64,4,1
518.15,0.25,53.41,464.74,1,1
933.89,1.5,125.43,808.46,6,1
443.28,0.0,63.92,379.36,0,1
684.21,0.5,134.08,550.13,2,1
860.36,1.0,154.59,705.77,4,1
766.93,0.75,154.11,612.82,3,1
371.1,0.0,22.0,349.1,0,1
492.46,0.25,65.54,426.92,1,1
653.73,0.5,111.16,542.56,2,1
750.67,0.75,100.03,650.64,3,1
567.26,0.25,110.08,457.18,1,1
381.1,0.0,32.0,349.1,0,1
834.51,1.0,159.0,675.51,4,1
510.38,0.25,68.32,442.05,1,1
377.54,0.0,36.0,341.54,0,1
369.19,0.0,35.22,333.97,0,1
546.52,0.25,119.59,426.92,1,1
574.49,0.5,54.62,519.87,2,1
529.4,0.25,87.35,442.05,1,1
589.65,0.5,62.22,527.44,2,1
532.35,0.25,97.86,434.49,1,1
644.84,0.5,124.97,519.87,2,1
441.81,0.0,100.27,341.54,0,1
465.03,0.25,38.11,426.92,1,1
928.45,1.5,104.86,823.59,6,1
624.77,0.5,59.51,565.26,2,1
868.93,1.25,123.16,745.77,5,1
698.74,0.5,133.49,565.26,2,1
521.0,0.25,78.95,442.05,1,1
452.63,0.0,80.84,371.79,0,1
553.56,0.25,103.95,449.62,1,1
705.56,0.75,107.86,597.69,3,1
732.63,0.75,127.38,605.26,3,1
594.6,0.5,74.73,519.87,2,1
368.24,0.0,26.7,341.54,0,1
687.91,0.75,82.65,605.26,3,1
458.44,0.0,86.65,371.79,0,1
742.83,0.75,152.7,590.13,3,1
369.94,0.0,28.41,341.54,0,1
701.83,0.75,119.27,582.56,3,1
716.69,0.75,111.43,605.26,3,1
737.28,0.75,124.46,612.82,3,1
592.0,0.5,57.0,535.0,2,1
690.27,0.5,147.7,542.56,2,1
567.15,0.25,94.84,472.31,1,1
515.97,0.25,73.92,442.05,1,1
672.78,0.5,137.78,535.0,2,1
633.3,0.75,73.43,559.87,3,1
745.08,1.0,77.14,667.95,4,1
665.71,0.5,153.41,512.31,2,1
440.83,0.0,84.16,356.67,0,1
858.86,1.0,168.22,690.64,4,1
762.1,0.75,111.46,650.64,3,1
453.89,0.0,59.41,394.49,0,1
601.39,0.5,96.65,504.74,2,1
993.92,1.5,124.95,868.97,6,1
633.26,0.5,83.14,550.13,2,1
709.13,0.75,73.62,635.51,3,1
534.58,0.5,37.41,497.18,2,1
567.01,0.25,102.27,464.74,1,1
458.04,0.0,86.24,371.79,0,1
372.08,0.0,38.11,333.97,0,1
513.61,0.25,56.43,457.18,1,1
471.06,0.25,51.7,419.36,1,1
564.52,0.5,52.22,512.31,2,1
666.35,0.75,91.35,575.0,3,1
822.2,1.0,116.43,705.77,4,1
505.18,0.25,48.0,457.18,1,1
