"Total_Cost","Ratio_Reloc_Prod","Horiz_Cost","Vert_Cost","nReloc","non_Optimal"
229145.95,0.464,34780.69,194365.37,696,20
739.39,0.4,73.62,665.77,2,0
913.49,0.6,185.03,728.46,3,0
873.0,0.6,136.97,736.03,3,0
561.3,0.0,81.43,479.87,0,0
527.66,0.0,62.92,464.74,0,0
1032.41,1.0,171.0,861.41,5,0
740.01,0.4,127.19,612.82,2,1
931.39,0.8,132.68,798.72,4,0
813.79,0.6,85.32,728.46,3,0
932.4,0.6,241.76,690.64,3,0
679.69,0.2,106.86,572.82,1,0
546.79,0.0,66.92,479.87,0,0
676.65,0.2,134.08,542.56,1,0
668.69,0.2,103.43,565.26,1,0
685.34,0.2,120.08,565.26,1,0
942.03,0.8,166.0,776.03,4,0
559.06,0.0,86.76,472.31,0,0
612.98,0.2,85.54,527.44,1,0
767.86,0.6,77.22,690.64,3,0
651.48,0.2,101.35,550.13,1,0
829.55,0.6,123.78,705.77,3,0
857.8,0.6,227.68,630.13,3,1
794.4,0.6,103.76,690.64,3,0
936.01,0.8,175.11,760.9,4,1
520.61,0.0,63.43,457.18,0,0
649.72,0.2,92.03,557.69,1,0
500.05,0.0,58.0,442.05,0,0
599.78,0.2,57.22,542.56,1,0
622.05,0.2,71.92,550.13,1,0
635.76,0.4,68.32,567.44,2,0
870.17,0.6,149.27,720.9,3,0
1080.21,0.8,243.68,836.54,4,1
643.81,0.2,101.24,542.56,1,0
786.87,0.4,158.92,627.95,2,0
665.74,0.4,52.92,612.82,2,0
668.66,0.2,95.84,572.82,1,0
471.84,0.0,44.92,426.92,0,0
559.09,0.0,79.22,479.87,0,0
961.04,0.6,202.32,758.72,3,0
1088.43,1.2,171.89,916.54,6,0
534.25,0.0,46.81,487.44,0,0
1550.83,2.2,237.62,1313.21,11,0
531.63,0.0,59.32,472.31,0,0
920.47,0.6,154.19,766.28,3,0
851.59,0.6,115.57,736.03,3,0
817.08,0.6,88.62,728.46,3,0
770.15,0.6,79.51,690.64,3,0
647.73,0.2,105.16,542.56,1,0
787.35,0.4,144.27,643.08,2,0
937.64,0.8,146.49,791.15,4,0
874.25,0.8,113.35,760.9,4,0
628.18,0.2,62.92,565.26,1,0
652.0,0.4,69.43,582.56,2,0
1085.03,1.2,115.54,969.49,6,0
646.3,0.2,65.92,580.38,1,0
758.65,0.6,83.14,675.51,3,0
677.7,0.2,127.57,550.13,1,0
654.63,0.2,81.81,572.82,1,0
701.7,0.4,111.57,590.13,2,0
668.01,0.2,102.76,565.26,1,0
783.67,0.6,108.16,675.51,3,0
742.34,0.4,84.14,658.21,2,0
740.41,0.4,112.46,627.95,2,0
555.94,0.0,98.76,457.18,0,0
627.53,0.4,37.41,590.13,2,0
678.09,0.4,72.84,605.26,2,0
569.12,0.0,89.24,479.87,0,0
711.61,0.4,106.35,605.26,2,1
593.93,0.0,114.05,479.87,0,0
622.82,0.2,102.95,519.87,1,0
805.79,0.6,92.46,713.33,3,0
765.51,0.6,82.43,683.08,3,1
675.93,0.2,110.68,565.26,1,0
534.65,0.0,100.16,434.49,0,0
581.09,0.2,61.22,519.87,1,0
1054.07,1.0,215.35,838.72,5,0
782.07,0.6,91.43,690.64,3,0
765.78,0.6,75.14,690.64,3,0
994.1,0.8,202.95,791.15,4,0
714.03,0.4,93.65,620.38,2,0
984.98,1.0,131.14,853.85,5,0
651.1,0.4,53.41,597.69,2,0
978.12,1.0,124.27,853.85,5,1
844.61,0.4,186.41,658.21,2,0
924.74,1.2,83.84,840.9,6,0
1045.56,1.2,106.32,939.23,6,0
916.2,0.6,157.49,758.72,3,0
594.71,0.2,74.84,519.87,1,0
920.47,0.8,121.76,798.72,4,0
686.04,0.2,120.78,565.26,1,0
1040.28,1.0,141.05,899.23,5,0
616.91,0.2,112.16,504.74,1,0
857.22,0.6,136.32,720.9,3,0
721.29,0.2,163.59,557.69,1,0
1112.55,1.2,211.14,901.41,6,0
622.36,0.2,57.11,565.26,1,0
558.5,0.2,61.32,497.18,1,0
569.82,0.2,57.51,512.31,1,0
798.63,0.4,132.86,665.77,2,0
700.4,0.4,110.27,590.13,2,0
887.43,0.8,118.97,768.46,4,0
784.59,0.6,101.51,683.08,3,0
807.5,0.4,134.16,673.33,2,0
735.0,0.4,91.92,643.08,2,0
644.09,0.2,78.84,565.26,1,0
802.12,0.8,63.92,738.21,4,0
583.47,0.2,78.73,504.74,1,0
449.87,0.0,30.51,419.36,0,0
671.81,0.4,89.24,582.56,2,0
793.41,0.6,72.51,720.9,3,0
936.78,1.0,120.76,816.03,5,0
684.78,0.4,94.65,590.13,2,0
1029.24,1.2,120.27,908.97,6,0
670.21,0.2,120.08,550.13,1,0
1535.29,2.0,322.59,1212.69,10,0
1107.34,1.2,168.11,939.23,6,0
1134.23,1.2,187.43,946.79,6,0
621.37,0.4,38.81,582.56,2,0
625.0,0.2,82.43,542.56,1,0
648.65,0.4,81.22,567.44,2,0
482.89,0.0,48.41,434.49,0,0
451.47,0.0,32.11,419.36,0,0
679.17,0.2,159.3,519.87,1,0
1075.43,1.0,191.32,884.1,5,0
813.81,0.6,85.35,728.46,3,0
609.17,0.2,96.86,512.31,1,0
867.64,0.6,169.43,698.21,3,0
845.76,0.4,164.86,680.9,2,0
876.51,0.6,140.49,736.03,3,0
917.63,0.6,196.73,720.9,3,1
1176.3,1.2,206.81,969.49,6,0
700.31,0.2,135.05,565.26,1,0
1010.65,1.0,141.68,868.97,5,0
536.23,0.0,63.92,472.31,0,0
775.53,0.4,109.76,665.77,2,0
612.1,0.2,54.41,557.69,1,0
623.08,0.2,95.65,527.44,1,0
774.24,0.4,131.16,643.08,2,0
961.18,1.0,137.59,823.59,5,0
695.38,0.4,75.0,620.38,2,0
743.07,0.4,92.43,650.64,2,0
978.47,1.0,139.76,838.72,5,0
550.04,0.0,77.73,472.31,0,0
771.12,0.6,72.92,698.21,3,1
513.78,0.0,71.73,442.05,0,0
749.94,0.4,106.86,643.08,2,0
727.79,0.4,99.84,627.95,2,0
864.1,0.6,181.03,683.08,3,0
880.76,0.6,152.3,728.46,3,0
661.8,0.2,111.68,550.13,1,0
656.47,0.2,91.22,565.26,1,0
561.99,0.0,97.24,464.74,0,0
623.52,0.0,151.22,472.31,0,0
735.25,0.4,114.86,620.38,2,0
694.11,0.4,73.73,620.38,2,1
617.24,0.2,82.24,535.0,1,0
712.11,0.2,177.11,535.0,1,0
1001.15,1.0,170.0,831.15,5,0
1038.95,0.8,225.11,813.85,4,0
1103.22,1.0,249.38,853.85,5,0
701.18,0.2,143.49,557.69,1,0
885.43,0.6,156.97,728.46,3,0
889.34,0.6,123.05,766.28,3,0
865.08,0.6,129.05,736.03,3,0
534.23,0.0,61.92,472.31,0,0
592.67,0.2,50.11,542.56,1,0
822.18,0.8,91.54,730.64,4,0
793.53,0.4,127.76,665.77,2,0
812.53,0.6,106.76,705.77,3,0
955.8,0.8,157.08,798.72,4,0
707.66,0.4,94.84,612.82,2,0
653.18,0.2,87.92,565.26,1,0
970.82,0.8,156.97,813.85,4,0
1010.89,1.0,134.35,876.54,5,1
533.83,0.0,76.65,457.18,0,0
646.69,0.2,81.43,565.26,1,0
713.14,0.4,92.76,620.38,2,0
768.7,0.6,85.62,683.08,3,0
1028.23,0.8,221.95,806.28,4,0
1016.67,0.8,233.08,783.59,4,0
1123.69,1.2,176.89,946.79,6,0
673.75,0.2,131.19,542.56,1,0
574.41,0.0,94.54,479.87,0,0
668.25,0.2,95.43,572.82,1,0
917.1,0.8,125.95,791.15,4,0
985.36,1.0,139.08,846.28,5,1
795.4,0.4,159.89,635.51,2,0
642.04,0.2,69.22,572.82,1,0
492.13,0.0,42.51,449.62,0,0
719.29,0.2,176.73,542.56,1,0
642.99,0.2,77.73,565.26,1,0
645.88,0.2,95.76,550.13,1,0
509.45,0.0,44.7,464.74,0,0
648.39,0.2,83.14,565.26,1,0
886.65,0.8,125.76,760.9,4,0
601.65,0.2,74.22,527.44,1,0
860.23,0.8,114.46,745.77,4,0
957.84,0.8,136.43,821.41,4,0
624.02,0.2,66.32,557.69,1,0
800.78,0.6,110.14,690.64,3,0
786.13,0.6,103.05,683.08,3,0
640.07,0.2,74.81,565.26,1,0
647.69,0.2,82.43,565.26,1,0
724.63,0.4,104.24,620.38,2,0
669.86,0.4,79.73,590.13,2,0
707.05,0.2,172.05,535.0,1,0
446.06,0.0,26.7,419.36,0,0
641.75,0.2,84.05,557.69,1,0
645.98,0.4,78.54,567.44,2,0
809.88,0.4,151.68,658.21,2,1
684.79,0.2,96.84,587.95,1,0
864.38,0.6,143.49,720.9,3,0
622.16,0.2,72.03,550.13,1,0
934.49,0.6,206.03,728.46,3,0
590.87,0.2,63.43,527.44,1,0
599.19,0.2,56.62,542.56,1,0
645.9,0.2,118.46,527.44,1,0
843.43,0.6,114.97,728.46,3,0
452.06,0.0,32.7,419.36,0,0
650.28,0.2,85.03,565.26,1,0
831.13,0.4,195.62,635.51,2,1
578.07,0.2,73.32,504.74,1,0
1735.75,1.2,819.22,916.54,6,1
1113.94,1.0,229.84,884.1,5,0
1053.64,1.0,161.97,891.67,5,0
684.32,0.4,48.81,635.51,2,0
725.96,0.2,160.7,565.26,1,0
798.56,0.4,155.49,643.08,2,0
811.83,0.6,113.62,698.21,3,0
866.83,0.8,83.24,783.59,4,0
445.47,0.0,26.11,419.36,0,0
752.2,0.4,139.38,612.82,2,0
767.02,0.6,83.95,683.08,3,0
686.91,0.2,136.78,550.13,1,0
617.89,0.2,75.32,542.56,1,0
811.43,0.4,175.92,635.51,2,0
449.47,0.0,30.11,419.36,0,0
500.97,0.0,58.92,442.05,0,0
705.96,0.2,140.7,565.26,1,0
581.23,0.0,124.05,457.18,0,0
688.25,0.2,107.86,580.38,1,0
762.54,0.4,119.46,643.08,2,0
635.1,0.4,37.41,597.69,2,0
750.09,0.4,84.32,665.77,2,0
857.95,0.6,182.43,675.51,3,0
617.89,0.2,75.32,542.56,1,0
735.08,0.4,107.14,627.95,2,0
778.43,0.6,95.35,683.08,3,0
980.93,0.8,167.08,813.85,4,0
719.04,0.6,66.22,652.82,3,0
521.43,0.0,71.81,449.62,0,0
651.71,0.2,124.27,527.44,1,0
962.31,1.0,108.46,853.85,5,1
1063.32,1.2,146.78,916.54,6,0
480.56,0.0,38.51,442.05,0,0
585.72,0.0,120.97,464.74,0,0
1237.01,1.2,290.22,946.79,6,0
764.66,0.4,159.41,605.26,2,0
592.71,0.2,72.84,519.87,1,0
1109.51,1.0,240.54,868.97,5,0
808.15,0.4,142.38,665.77,2,0
542.63,0.0,70.32,472.31,0,0
895.41,0.8,126.95,768.46,4,0
488.56,0.0,46.51,442.05,0,0
501.27,0.0,59.22,442.05,0,0
737.31,0.4,79.11,658.21,2,0
671.13,0.2,128.57,542.56,1,0
810.36,0.6,97.03,713.33,3,0
785.76,0.4,157.81,627.95,2,0
557.15,0.0,84.84,472.31,0,0
713.71,0.6,53.32,660.38,3,0
777.15,0.6,86.51,690.64,3,0
1093.06,1.0,231.65,861.41,5,0
925.54,1.0,101.95,823.59,5,0
453.63,0.0,26.7,426.92,0,0
756.83,0.6,58.62,698.21,3,0
794.33,0.6,126.38,667.95,3,1
642.68,0.2,107.68,535.0,1,0
784.48,0.6,93.84,690.64,3,0
537.97,0.0,88.35,449.62,0,0
628.1,0.2,85.54,542.56,1,0
745.16,0.6,77.22,667.95,3,1
912.47,0.8,166.7,745.77,4,0
820.56,0.6,137.49,683.08,3,0
674.26,0.2,116.57,557.69,1,0
657.2,0.2,91.95,565.26,1,0
1101.35,1.2,184.81,916.54,6,0
695.88,0.4,90.62,605.26,2,0
1100.11,1.2,123.05,977.05,6,0
1388.46,1.8,238.46,1150.0,9,0
574.39,0.2,54.51,519.87,1,0
848.61,0.8,102.84,745.77,4,0
769.85,0.4,111.65,658.21,2,0
938.01,1.0,91.73,846.28,5,1
682.17,0.2,109.35,572.82,1,0
789.17,0.6,83.41,705.77,3,1
931.31,0.6,217.97,713.33,3,0
865.79,0.8,112.46,753.33,4,0
659.33,0.2,86.51,572.82,1,0
1239.43,1.4,214.81,1024.62,7,0
