"Total_Cost","Ratio_Reloc_Prod","Horiz_Cost","Vert_Cost","nReloc","non_Optimal"
224392.1,0.4447,34295.65,190096.34,667,300
635.25,0.2,62.43,572.82,1,1
590.35,0.0,95.35,495.0,0,1
757.55,0.4,137.16,620.38,2,1
702.15,0.4,51.51,650.64,2,1
584.17,0.0,111.86,472.31,0,1
721.84,0.4,86.32,635.51,2,1
613.02,0.2,55.32,557.69,1,1
820.33,0.6,99.43,720.9,3,1
1198.2,1.4,158.46,1039.74,7,1
873.99,0.6,168.22,705.77,3,1
1202.21,1.4,245.68,956.54,7,1
1125.42,1.2,186.19,939.23,6,1
515.74,0.0,51.0,464.74,0,1
786.16,0.4,158.22,627.95,2,1
705.82,0.4,85.43,620.38,2,1
503.1,0.0,45.92,457.18,0,1
885.21,0.8,101.62,783.59,4,1
916.51,0.8,132.92,783.59,4,1
729.87,0.6,61.92,667.95,3,1
898.61,0.8,160.41,738.21,4,1
785.54,0.4,157.59,627.95,2,1
861.72,0.8,131.08,730.64,4,1
843.32,0.6,99.73,743.59,3,1
545.39,0.0,80.65,464.74,0,1
766.86,0.4,123.78,643.08,2,1
890.24,0.8,106.65,783.59,4,1
903.5,0.6,197.73,705.77,3,1
774.01,0.4,153.62,620.38,2,1
661.35,0.2,118.78,542.56,1,1
578.77,0.2,74.03,504.74,1,1
527.66,0.0,62.92,464.74,0,1
851.36,0.6,145.59,705.77,3,1
1013.82,0.8,207.54,806.28,4,1
853.53,0.6,162.89,690.64,3,1
516.0,0.0,73.95,442.05,0,1
920.01,0.8,113.73,806.28,4,1
543.53,0.0,93.92,449.62,0,1
722.05,0.4,139.49,582.56,2,1
660.24,0.2,117.68,542.56,1,1
731.93,0.4,126.68,605.26,2,1
565.68,0.2,45.81,519.87,1,1
578.8,0.0,114.05,464.74,0,1
448.76,0.0,29.41,419.36,0,1
916.62,0.6,180.59,736.03,3,1
766.87,0.4,146.49,620.38,2,1
852.7,0.8,84.24,768.46,4,1
1023.5,1.0,131.84,891.67,5,1
719.97,0.4,69.32,650.64,2,1
503.83,0.0,54.22,449.62,0,1
674.35,0.2,131.78,542.56,1,1
851.03,0.4,230.65,620.38,2,1
616.97,0.2,66.84,550.13,1,1
744.08,0.6,76.14,667.95,3,1
708.6,0.4,80.65,627.95,2,1
682.05,0.2,139.49,542.56,1,1
869.23,0.6,155.89,713.33,3,1
544.48,0.0,94.86,449.62,0,1
605.03,0.2,70.03,535.0,1,1
997.92,1.0,128.95,868.97,5,1
610.84,0.2,75.84,535.0,1,1
778.61,0.4,127.97,650.64,2,1
930.46,0.8,109.05,821.41,4,1
745.49,0.4,109.97,635.51,2,1
808.88,0.6,118.24,690.64,3,1
683.67,0.2,125.97,557.69,1,1
797.27,0.4,154.19,643.08,2,1
729.46,0.6,61.51,667.95,3,1
825.87,0.6,112.54,713.33,3,1
492.16,0.0,50.11,442.05,0,1
843.13,0.6,152.49,690.64,3,1
518.8,0.0,61.62,457.18,0,1
772.49,0.4,152.11,620.38,2,1
986.47,0.8,172.62,813.85,4,1
525.5,0.0,68.32,457.18,0,1
743.58,0.4,130.76,612.82,2,1
476.43,0.0,26.81,449.62,0,1
820.51,0.6,129.86,690.64,3,1
759.1,0.4,161.41,597.69,2,1
694.75,0.4,97.05,597.69,2,1
717.42,0.4,112.16,605.26,2,1
1079.89,1.2,155.78,924.1,6,1
807.48,0.8,76.84,730.64,4,1
480.7,0.0,46.22,434.49,0,1
553.34,0.0,96.16,457.18,0,1
879.47,0.4,259.08,620.38,2,1
677.21,0.4,94.65,582.56,2,1
852.52,0.6,124.05,728.46,3,1
701.49,0.4,81.11,620.38,2,1
690.58,0.4,85.32,605.26,2,1
890.07,0.8,98.92,791.15,4,1
896.64,0.8,113.05,783.59,4,1
640.81,0.2,98.24,542.56,1,1
716.15,0.4,65.51,650.64,2,1
984.93,0.8,186.22,798.72,4,1
878.96,0.8,87.81,791.15,4,1
660.91,0.2,95.65,565.26,1,1
675.65,0.4,47.7,627.95,2,1
1251.62,1.6,187.0,1064.62,8,1
643.05,0.2,108.05,535.0,1,1
576.49,0.0,89.05,487.44,0,1
616.1,0.2,73.54,542.56,1,1
846.08,0.8,77.62,768.46,4,1
737.43,0.6,61.92,675.51,3,1
566.26,0.2,61.51,504.74,1,1
760.67,0.4,110.03,650.64,2,1
816.94,0.6,133.86,683.08,3,1
517.93,0.0,98.57,419.36,0,1
883.58,0.6,124.86,758.72,3,1
553.82,0.2,41.51,512.31,1,1
683.25,0.4,70.43,612.82,2,1
947.67,0.6,196.51,751.15,3,1
609.21,0.2,51.51,557.69,1,1
558.09,0.0,93.35,464.74,0,1
635.17,0.4,67.73,567.44,2,1
733.35,0.4,97.84,635.51,2,1
965.86,1.0,142.27,823.59,5,1
664.86,0.2,122.3,542.56,1,1
822.49,0.6,162.11,660.38,3,1
705.96,0.4,108.27,597.69,2,1
706.03,0.2,171.03,535.0,1,1
645.12,0.2,87.43,557.69,1,1
611.15,0.2,113.97,497.18,1,1
704.85,0.4,107.16,597.69,2,1
886.23,0.6,172.89,713.33,3,1
704.76,0.2,177.32,527.44,1,1
877.87,0.6,149.41,728.46,3,1
707.13,0.4,71.62,635.51,2,1
508.97,0.0,66.92,442.05,0,1
592.79,0.2,72.92,519.87,1,1
844.6,0.6,131.27,713.33,3,1
751.35,0.6,75.84,675.51,3,1
563.69,0.0,98.95,464.74,0,1
672.96,0.2,100.14,572.82,1,1
743.55,0.4,123.16,620.38,2,1
652.13,0.2,109.57,542.56,1,1
954.42,1.0,108.14,846.28,5,1
831.39,0.6,133.19,698.21,3,1
1065.7,1.0,196.73,868.97,5,1
759.35,0.6,83.84,675.51,3,1
1258.67,1.4,234.05,1024.62,7,1
945.53,0.6,186.81,758.72,3,1
654.64,0.2,96.95,557.69,1,1
754.17,0.4,133.78,620.38,2,1
556.36,0.0,84.05,472.31,0,1
863.7,0.4,281.14,582.56,2,1
547.74,0.0,83.0,464.74,0,1
858.04,0.8,112.27,745.77,4,1
622.89,0.2,80.32,542.56,1,1
729.43,0.4,93.92,635.51,2,1
602.08,0.2,59.51,542.56,1,1
593.92,0.2,58.92,535.0,1,1
802.15,0.4,136.38,665.77,2,1
1075.24,1.4,126.27,948.97,7,1
743.9,0.4,131.08,612.82,2,1
649.39,0.2,84.14,565.26,1,1
669.26,0.4,79.14,590.13,2,1
587.15,0.2,74.84,512.31,1,1
575.3,0.0,140.81,434.49,0,1
967.04,1.0,120.76,846.28,5,1
629.18,0.2,79.05,550.13,1,1
649.58,0.2,84.32,565.26,1,1
713.72,0.4,108.46,605.26,2,1
489.3,0.0,54.81,434.49,0,1
521.35,0.0,71.73,449.62,0,1
759.69,0.4,93.92,665.77,2,1
821.14,0.6,100.24,720.9,3,1
629.21,0.2,86.65,542.56,1,1
818.35,0.4,182.84,635.51,2,1
670.3,0.2,135.3,535.0,1,1
479.92,0.0,53.0,426.92,0,1
554.07,0.2,49.32,504.74,1,1
796.67,0.4,153.59,643.08,2,1
533.75,0.0,84.14,449.62,0,1
530.1,0.0,72.92,457.18,0,1
1414.78,1.8,264.78,1150.0,9,1
717.3,0.4,89.35,627.95,2,1
640.78,0.2,90.65,550.13,1,1
708.55,0.4,95.73,612.82,2,1
460.5,0.0,48.7,411.79,0,1
856.52,0.6,128.05,728.46,3,1
917.64,0.8,134.05,783.59,4,1
660.51,0.2,110.38,550.13,1,1
503.83,0.0,54.22,449.62,0,1
714.23,0.4,108.97,605.26,2,1
623.29,0.2,80.73,542.56,1,1
511.92,0.0,77.43,434.49,0,1
692.58,0.2,119.76,572.82,1,1
964.67,1.0,141.08,823.59,5,1
899.72,0.8,108.57,791.15,4,1
814.77,0.6,101.43,713.33,3,1
497.41,0.0,62.92,434.49,0,1
1080.94,1.2,149.27,931.67,6,1
711.06,0.4,83.11,627.95,2,1
711.13,0.4,128.57,582.56,2,1
900.11,0.6,179.22,720.9,3,1
525.21,0.0,68.03,457.18,0,1
844.61,0.8,98.84,745.77,4,1
673.63,0.2,146.19,527.44,1,1
720.88,0.6,75.62,645.26,3,1
918.16,0.6,235.08,683.08,3,1
880.09,0.6,159.19,720.9,3,1
894.11,0.6,173.22,720.9,3,1
922.49,0.6,194.03,728.46,3,1
657.04,0.2,84.22,572.82,1,1
821.41,0.6,100.51,720.9,3,1
551.55,0.2,46.81,504.74,1,1
1032.81,1.0,156.27,876.54,5,1
800.19,0.4,157.11,643.08,2,1
640.76,0.2,105.76,535.0,1,1
603.44,0.2,76.0,527.44,1,1
457.47,0.0,38.11,419.36,0,1
658.71,0.4,91.27,567.44,2,1
1007.8,1.0,169.08,838.72,5,1
757.99,0.4,107.35,650.64,2,1
1054.32,1.0,170.22,884.1,5,1
606.92,0.2,71.92,535.0,1,1
559.18,0.0,109.57,449.62,0,1
601.74,0.2,89.43,512.31,1,1
817.6,0.6,89.14,728.46,3,1
856.54,0.6,181.03,675.51,3,1
711.33,0.4,90.95,620.38,2,1
604.57,0.4,44.7,559.87,2,1
1119.11,1.2,157.19,961.92,6,1
1140.37,1.0,256.27,884.1,5,1
745.42,0.4,132.59,612.82,2,1
623.61,0.0,166.43,457.18,0,1
780.83,0.6,97.76,683.08,3,1
640.57,0.2,105.57,535.0,1,1
463.36,0.0,44.0,419.36,0,1
471.47,0.0,52.11,419.36,0,1
473.03,0.0,46.11,426.92,0,1
466.92,0.0,40.0,426.92,0,1
505.24,0.0,55.62,449.62,0,1
546.21,0.0,104.16,442.05,0,1
494.36,0.0,67.43,426.92,0,1
521.08,0.0,79.03,442.05,0,1
667.27,0.2,132.27,535.0,1,1
786.09,0.6,133.27,652.82,3,1
520.87,0.0,93.95,426.92,0,1
926.9,0.8,166.0,760.9,4,1
622.91,0.2,65.22,557.69,1,1
1163.17,1.4,161.24,1001.92,7,1
494.56,0.0,52.51,442.05,0,1
902.18,0.8,111.03,791.15,4,1
730.42,0.2,157.59,572.82,1,1
989.61,1.0,150.89,838.72,5,1
814.44,0.6,146.49,667.95,3,1
775.5,0.6,122.68,652.82,3,1
854.58,0.4,188.81,665.77,2,1
682.83,0.2,140.27,542.56,1,1
761.89,0.6,93.95,667.95,3,1
1157.93,1.4,163.57,994.36,7,1
749.85,0.4,144.59,605.26,2,1
821.07,0.6,122.86,698.21,3,1
1047.54,1.0,223.95,823.59,5,1
1428.46,2.0,238.46,1190.0,10,1
589.49,0.0,102.05,487.44,0,1
1015.02,1.0,191.43,823.59,5,1
708.23,0.4,110.54,597.69,2,1
741.4,0.4,143.7,597.69,2,1
583.72,0.0,134.11,449.62,0,1
688.15,0.4,90.46,597.69,2,1
771.7,0.4,121.05,650.64,2,1
992.51,1.0,123.54,868.97,5,1
917.15,0.8,118.43,798.72,4,1
1273.95,1.6,179.08,1094.87,8,1
731.23,0.4,125.97,605.26,2,1
855.89,0.8,87.43,768.46,4,1
645.29,0.2,95.16,550.13,1,1
749.67,0.4,114.16,635.51,2,1
989.85,1.0,143.57,846.28,5,1
649.45,0.4,59.32,590.13,2,1
745.0,0.4,117.05,627.95,2,1
1057.56,1.0,233.97,823.59,5,1
873.4,0.6,190.32,683.08,3,1
811.16,0.6,128.08,683.08,3,1
646.1,0.4,48.41,597.69,2,1
1015.32,1.0,138.78,876.54,5,1
537.16,0.0,87.54,449.62,0,1
880.65,0.6,152.19,728.46,3,1
835.57,0.6,99.54,736.03,3,1
1122.25,1.4,135.46,986.79,7,1
539.37,0.0,89.76,449.62,0,1
482.7,0.0,48.22,434.49,0,1
588.25,0.2,60.81,527.44,1,1
900.54,0.6,217.46,683.08,3,1
666.35,0.2,123.78,542.56,1,1
656.88,0.2,106.76,550.13,1,1
819.82,0.4,199.43,620.38,2,1
601.46,0.2,74.03,527.44,1,1
640.81,0.4,65.81,575.0,2,1
919.72,0.8,128.57,791.15,4,1
719.42,0.4,114.16,605.26,2,1
1058.87,1.0,205.03,853.85,5,1
480.56,0.0,38.51,442.05,0,1
667.26,0.2,109.57,557.69,1,1
764.16,0.6,88.65,675.51,3,1
531.97,0.0,82.35,449.62,0,1
793.05,0.6,117.54,675.51,3,1
814.26,0.6,116.05,698.21,3,1
