"Total_Cost","Ratio_Reloc_Prod","Horiz_Cost","Vert_Cost","nReloc","non_Optimal"
223236.76,0.432,33877.79,189359.15,648,300
635.25,0.2,62.43,572.82,1,1
590.35,0.0,95.35,495.0,0,1
754.25,0.4,133.86,620.38,2,1
700.45,0.4,49.81,650.64,2,1
604.0,0.0,116.57,487.44,0,1
715.43,0.4,79.92,635.51,2,1
613.02,0.2,55.32,557.69,1,1
820.33,0.6,99.43,720.9,3,1
1190.5,1.4,150.76,1039.74,7,1
873.99,0.6,168.22,705.77,3,1
1202.51,1.4,245.97,956.54,7,1
1127.01,1.2,187.78,939.23,6,1
515.74,0.0,51.0,464.74,0,1
800.43,0.4,164.92,635.51,2,1
806.2,0.6,100.43,705.77,3,1
529.52,0.0,57.22,472.31,0,1
885.21,0.8,101.62,783.59,4,1
939.56,0.8,140.84,798.72,4,1
712.14,0.6,59.32,652.82,3,1
883.05,0.8,152.41,730.64,4,1
667.36,0.2,147.49,519.87,1,1
885.5,0.8,147.3,738.21,4,1
894.01,0.8,87.73,806.28,4,1
547.99,0.0,83.24,464.74,0,1
766.86,0.4,123.78,643.08,2,1
911.37,0.8,112.65,798.72,4,1
891.23,0.6,193.03,698.21,3,1
792.93,0.4,172.54,620.38,2,1
676.48,0.2,118.78,557.69,1,1
578.77,0.2,74.03,504.74,1,1
525.37,0.0,60.62,464.74,0,1
799.29,0.6,108.65,690.64,3,1
825.95,0.6,105.05,720.9,3,1
721.05,0.2,170.92,550.13,1,1
532.76,0.0,98.27,434.49,0,1
913.17,0.8,99.32,813.85,4,1
531.24,0.0,81.62,449.62,0,1
725.21,0.4,135.08,590.13,2,1
689.97,0.2,147.41,542.56,1,1
706.8,0.4,116.68,590.13,2,1
722.34,0.4,71.7,650.64,2,1
559.86,0.0,110.24,449.62,0,1
454.06,0.0,34.7,419.36,0,1
915.32,0.6,179.3,736.03,3,1
917.23,0.8,163.89,753.33,4,1
685.52,0.4,65.14,620.38,2,1
1022.26,1.0,123.03,899.23,5,1
715.4,0.4,72.32,643.08,2,1
536.99,0.2,39.81,497.18,1,1
673.78,0.2,138.78,535.0,1,1
954.95,0.6,234.05,720.9,3,1
675.55,0.4,62.73,612.82,2,1
731.76,0.4,96.24,635.51,2,1
729.05,0.4,93.54,635.51,2,1
682.05,0.2,139.49,542.56,1,1
867.93,0.6,154.59,713.33,3,1
553.34,0.0,96.16,457.18,0,1
514.5,0.0,57.32,457.18,0,1
990.36,1.0,128.95,861.41,5,1
622.1,0.2,79.54,542.56,1,1
797.88,0.4,139.68,658.21,2,1
922.6,0.8,108.76,813.85,4,1
749.64,0.4,106.57,643.08,2,1
811.2,0.6,105.43,705.77,3,1
645.86,0.2,110.86,535.0,1,1
765.08,0.4,129.57,635.51,2,1
734.06,0.6,66.11,667.95,3,1
804.87,0.6,91.54,713.33,3,1
543.88,0.0,79.14,464.74,0,1
812.24,0.6,129.16,683.08,3,1
534.81,0.0,92.76,442.05,0,1
798.62,0.4,163.11,635.51,2,1
923.78,0.6,172.62,751.15,3,1
505.97,0.0,63.92,442.05,0,1
735.85,0.4,138.16,597.69,2,1
465.49,0.0,31.0,434.49,0,1
894.93,0.6,196.73,698.21,3,1
724.01,0.4,118.76,605.26,2,1
686.93,0.4,74.11,612.82,2,1
720.82,0.4,115.57,605.26,2,1
1073.34,1.2,141.68,931.67,6,1
740.63,0.6,80.24,660.38,3,1
517.45,0.0,67.84,449.62,0,1
689.18,0.2,131.49,557.69,1,1
836.15,0.4,238.46,597.69,2,1
690.48,0.4,100.35,590.13,2,1
839.0,0.6,110.54,728.46,3,1
478.22,0.0,43.73,434.49,0,1
695.63,0.4,82.81,612.82,2,1
871.7,0.8,88.11,783.59,4,1
821.68,0.6,108.35,713.33,3,1
644.29,0.2,101.73,542.56,1,1
713.72,0.4,55.51,658.21,2,1
1086.74,1.0,187.51,899.23,5,1
798.85,0.6,85.51,713.33,3,1
629.92,0.2,87.35,542.56,1,1
665.52,0.4,52.7,612.82,2,1
1274.07,1.6,194.32,1079.74,8,1
633.38,0.2,105.95,527.44,1,1
568.33,0.0,88.46,479.87,0,1
654.73,0.4,79.73,575.0,2,1
820.25,0.8,66.92,753.33,4,1
616.28,0.2,51.03,565.26,1,1
498.97,0.0,56.92,442.05,0,1
848.79,0.6,120.32,728.46,3,1
770.44,0.4,142.49,627.95,2,1
499.31,0.0,95.08,404.23,0,1
878.37,0.6,119.65,758.72,3,1
479.46,0.0,37.41,442.05,0,1
745.0,0.6,61.92,683.08,3,1
1021.17,0.8,207.32,813.85,4,1
589.48,0.2,46.92,542.56,1,1
708.01,0.4,102.76,605.26,2,1
676.47,0.4,71.22,605.26,2,1
556.25,0.0,83.95,472.31,0,1
843.96,0.6,138.19,705.77,3,1
658.51,0.2,108.38,550.13,1,1
791.6,0.4,171.22,620.38,2,1
720.77,0.4,123.08,597.69,2,1
570.78,0.0,136.3,434.49,0,1
554.26,0.0,104.65,449.62,0,1
493.97,0.0,51.92,442.05,0,1
841.56,0.4,190.92,650.64,2,1
873.31,0.6,159.97,713.33,3,1
766.21,0.4,168.51,597.69,2,1
823.68,0.6,110.35,713.33,3,1
682.74,0.4,69.92,612.82,2,1
564.99,0.0,100.24,464.74,0,1
452.45,0.0,48.22,404.23,0,1
865.03,0.6,136.57,728.46,3,1
889.54,0.8,105.95,783.59,4,1
563.94,0.0,106.76,457.18,0,1
628.56,0.2,78.43,550.13,1,1
697.42,0.4,92.16,605.26,2,1
650.07,0.2,99.95,550.13,1,1
1073.85,1.2,127.05,946.79,6,1
857.03,0.6,128.57,728.46,3,1
968.26,1.0,121.97,846.28,5,1
753.91,0.6,70.84,683.08,3,1
1139.29,1.2,207.62,931.67,6,1
944.72,0.6,201.14,743.59,3,1
630.86,0.2,80.73,550.13,1,1
606.14,0.0,126.27,479.87,0,1
557.63,0.2,45.32,512.31,1,1
726.72,0.4,136.59,590.13,2,1
732.04,0.2,166.78,565.26,1,1
909.56,0.8,125.97,783.59,4,1
702.88,0.4,112.76,590.13,2,1
725.3,0.4,97.35,627.95,2,1
599.48,0.2,56.92,542.56,1,1
603.97,0.2,61.41,542.56,1,1
797.88,0.4,139.68,658.21,2,1
848.32,0.8,117.68,730.64,4,1
738.15,0.4,132.89,605.26,2,1
812.89,0.6,84.43,728.46,3,1
577.01,0.0,97.14,479.87,0,1
630.09,0.4,70.22,559.87,2,1
1018.27,1.2,101.73,916.54,6,1
634.65,0.2,99.65,535.0,1,1
553.83,0.0,96.65,457.18,0,1
657.53,0.2,99.84,557.69,1,1
601.26,0.0,144.08,457.18,0,1
607.65,0.2,80.22,527.44,1,1
567.94,0.0,110.76,457.18,0,1
721.56,0.4,70.92,650.64,2,1
840.27,0.6,104.24,736.03,3,1
530.92,0.0,88.86,442.05,0,1
790.16,0.4,147.08,643.08,2,1
853.93,0.4,195.73,658.21,2,1
463.79,0.0,52.0,411.79,0,1
537.74,0.2,33.0,504.74,1,1
972.94,0.8,196.92,776.03,4,1
692.18,0.2,134.49,557.69,1,1
532.8,0.0,75.62,457.18,0,1
1106.56,1.0,222.46,884.1,5,1
646.75,0.2,89.05,557.69,1,1
642.59,0.2,92.46,550.13,1,1
643.16,0.2,93.03,550.13,1,1
484.89,0.0,50.41,434.49,0,1
904.53,0.6,198.76,705.77,3,1
832.58,0.6,134.38,698.21,3,1
650.07,0.2,99.95,550.13,1,1
519.18,0.2,22.0,497.18,1,1
516.29,0.0,74.24,442.05,0,1
569.71,0.2,57.41,512.31,1,1
484.73,0.0,57.81,426.92,0,1
1003.36,0.8,189.51,813.85,4,1
912.26,0.8,166.49,745.77,4,1
874.73,0.8,106.27,768.46,4,1
843.86,0.6,107.84,736.03,3,1
521.94,0.0,72.32,449.62,0,1
934.04,0.8,127.76,806.28,4,1
622.94,0.2,72.81,550.13,1,1
742.98,0.4,130.16,612.82,2,1
804.19,0.4,161.11,643.08,2,1
505.4,0.0,48.22,457.18,0,1
812.85,0.6,114.65,698.21,3,1
670.86,0.2,135.86,535.0,1,1
646.8,0.4,49.11,597.69,2,1
996.7,0.8,228.24,768.46,4,1
783.44,0.4,170.62,612.82,2,1
1217.46,1.4,215.54,1001.92,7,1
904.08,0.8,128.05,776.03,4,1
756.43,0.6,80.92,675.51,3,1
729.32,0.4,93.81,635.51,2,1
614.19,0.2,71.62,542.56,1,1
890.54,0.8,106.95,783.59,4,1
941.73,0.8,165.7,776.03,4,1
665.53,0.4,67.84,597.69,2,1
690.04,0.4,77.22,612.82,2,1
468.92,0.0,42.0,426.92,0,1
956.24,0.8,180.22,776.03,4,1
563.07,0.0,113.46,449.62,0,1
696.5,0.4,91.24,605.26,2,1
979.92,0.8,158.51,821.41,4,1
754.1,0.6,71.03,683.08,3,1
713.72,0.4,108.46,605.26,2,1
692.61,0.2,142.49,550.13,1,1
887.13,0.8,103.54,783.59,4,1
1014.25,1.0,213.35,800.9,5,1
721.3,0.4,93.35,627.95,2,1
569.52,0.2,57.22,512.31,1,1
1052.04,1.2,105.24,946.79,6,1
1156.55,1.0,249.76,906.79,5,1
812.55,0.6,91.65,720.9,3,1
603.93,0.0,139.19,464.74,0,1
592.64,0.2,42.51,550.13,1,1
553.64,0.0,96.46,457.18,0,1
471.92,0.0,45.0,426.92,0,1
453.12,0.0,41.32,411.79,0,1
672.28,0.4,67.03,605.26,2,1
571.12,0.2,58.81,512.31,1,1
467.84,0.0,40.92,426.92,0,1
640.81,0.2,98.24,542.56,1,1
705.06,0.4,77.11,627.95,2,1
583.44,0.2,56.0,527.44,1,1
578.91,0.0,114.16,464.74,0,1
614.66,0.2,102.35,512.31,1,1
572.78,0.0,123.16,449.62,0,1
731.82,0.4,126.57,605.26,2,1
542.59,0.0,100.54,442.05,0,1
818.2,0.6,112.43,705.77,3,1
683.83,0.4,86.14,597.69,2,1
879.0,0.8,110.54,768.46,4,1
812.53,0.4,161.89,650.64,2,1
1084.64,1.0,185.41,899.23,5,1
826.67,0.6,143.59,683.08,3,1
721.93,0.4,116.68,605.26,2,1
918.73,0.6,182.7,736.03,3,1
696.37,0.2,138.68,557.69,1,1
861.31,0.8,115.54,745.77,4,1
754.44,0.4,134.05,620.38,2,1
811.23,0.6,105.46,705.77,3,1
932.08,0.8,148.49,783.59,4,1
813.59,0.6,138.08,675.51,3,1
1144.52,1.0,283.11,861.41,5,1
678.47,0.2,105.65,572.82,1,1
783.46,0.4,155.51,627.95,2,1
809.75,0.4,159.11,650.64,2,1
787.61,0.6,81.84,705.77,3,1
611.66,0.0,146.92,464.74,0,1
911.85,0.8,113.14,798.72,4,1
778.07,0.4,172.81,605.26,2,1
968.1,0.8,184.51,783.59,4,1
875.79,0.6,154.89,720.9,3,1
931.7,0.8,155.68,776.03,4,1
883.81,0.6,200.73,683.08,3,1
817.14,0.8,63.81,753.33,4,1
490.7,0.0,56.22,434.49,0,1
620.13,0.2,70.0,550.13,1,1
869.16,0.8,93.14,776.03,4,1
711.7,0.4,68.62,643.08,2,1
962.63,1.0,116.35,846.28,5,1
1016.54,0.8,248.08,768.46,4,1
649.02,0.2,106.46,542.56,1,1
952.26,1.0,113.54,838.72,5,1
577.81,0.2,42.81,535.0,1,1
924.35,0.6,188.32,736.03,3,1
562.5,0.0,97.76,464.74,0,1
854.36,0.6,148.59,705.77,3,1
751.92,0.4,123.97,627.95,2,1
1104.76,1.2,142.84,961.92,6,1
555.96,0.2,51.22,504.74,1,1
583.51,0.2,48.51,535.0,1,1
596.57,0.2,69.14,527.44,1,1
827.81,0.6,152.3,675.51,3,1
639.02,0.2,81.32,557.69,1,1
884.47,0.6,178.7,705.77,3,1
982.88,0.8,176.59,806.28,4,1
668.61,0.4,70.92,597.69,2,1
596.3,0.2,76.43,519.87,1,1
1098.49,1.0,237.08,861.41,5,1
609.88,0.2,97.57,512.31,1,1
986.08,1.0,177.62,808.46,5,1
500.13,0.0,50.51,449.62,0,1
913.67,1.0,97.65,816.03,5,1
709.15,0.4,111.46,597.69,2,1
510.84,0.0,76.35,434.49,0,1
1058.7,1.2,142.16,916.54,6,1
725.55,0.4,105.16,620.38,2,1
