"Total_Cost","Ratio_Reloc_Prod","Horiz_Cost","Vert_Cost","nReloc","non_Optimal"
224159.99,0.446,33234.68,190925.34,669,300
635.25,0.2,62.43,572.82,1,1
590.35,0.0,95.35,495.0,0,1
745.65,0.4,125.27,620.38,2,1
731.8,0.4,66.03,665.77,2,1
602.5,0.0,130.19,472.31,0,1
694.16,0.4,66.22,627.95,2,1
609.56,0.2,59.43,550.13,1,1
820.33,0.6,99.43,720.9,3,1
1190.5,1.4,150.76,1039.74,7,1
873.99,0.6,168.22,705.77,3,1
1202.21,1.4,245.68,956.54,7,1
1125.42,1.2,186.19,939.23,6,1
521.96,0.0,57.22,464.74,0,1
813.95,0.4,178.43,635.51,2,1
724.68,0.4,96.73,627.95,2,1
529.52,0.0,57.22,472.31,0,1
869.65,0.8,93.62,776.03,4,1
939.56,0.8,140.84,798.72,4,1
775.26,0.6,84.62,690.64,3,1
899.26,0.8,168.62,730.64,4,1
697.56,0.2,155.0,542.56,1,1
820.73,0.8,97.65,723.08,4,1
807.89,0.6,79.43,728.46,3,1
547.99,0.0,83.24,464.74,0,1
754.3,0.4,118.78,635.51,2,1
911.37,0.8,112.65,798.72,4,1
891.23,0.6,193.03,698.21,3,1
792.93,0.4,172.54,620.38,2,1
676.48,0.2,118.78,557.69,1,1
593.23,0.2,80.92,512.31,1,1
520.66,0.0,55.92,464.74,0,1
803.4,0.6,112.76,690.64,3,1
966.74,1.0,120.46,846.28,5,1
709.48,0.2,166.92,542.56,1,1
521.95,0.0,87.46,434.49,0,1
912.87,0.8,99.03,813.85,4,1
517.67,0.0,75.62,442.05,0,1
723.1,0.4,132.97,590.13,2,1
689.97,0.2,147.41,542.56,1,1
706.8,0.4,116.68,590.13,2,1
723.75,0.4,73.11,650.64,2,1
534.14,0.0,99.65,434.49,0,1
454.17,0.0,34.81,419.36,0,1
915.32,0.6,179.3,736.03,3,1
920.79,0.8,159.89,760.9,4,1
822.77,0.8,69.43,753.33,4,1
1021.66,1.0,122.43,899.23,5,1
715.4,0.4,72.32,643.08,2,1
537.29,0.2,40.11,497.18,1,1
670.41,0.2,135.41,535.0,1,1
821.3,0.4,200.92,620.38,2,1
686.36,0.4,73.54,612.82,2,1
762.88,0.4,112.24,650.64,2,1
715.71,0.4,87.76,627.95,2,1
663.08,0.2,128.08,535.0,1,1
878.79,0.6,157.89,720.9,3,1
544.48,0.0,94.86,449.62,0,1
516.8,0.0,59.62,457.18,0,1
997.92,1.0,128.95,868.97,5,1
701.63,0.4,81.24,620.38,2,1
802.29,0.4,144.08,658.21,2,1
915.04,0.8,108.76,806.28,4,1
704.03,0.4,83.65,620.38,2,1
806.4,0.6,115.76,690.64,3,1
667.99,0.2,117.86,550.13,1,1
783.85,0.4,125.65,658.21,2,1
760.48,0.6,77.41,683.08,3,1
775.34,0.6,77.14,698.21,3,1
543.07,0.0,78.32,464.74,0,1
839.34,0.6,133.57,705.77,3,1
527.05,0.0,92.57,434.49,0,1
758.28,0.4,137.89,620.38,2,1
976.64,0.8,177.92,798.72,4,1
549.82,0.0,77.51,472.31,0,1
575.78,0.0,126.16,449.62,0,1
473.49,0.0,39.0,434.49,0,1
890.53,0.6,192.32,698.21,3,1
730.23,0.4,124.97,605.26,2,1
669.36,0.4,64.11,605.26,2,1
739.5,0.4,126.68,612.82,2,1
1006.65,1.0,137.68,868.97,5,1
677.8,0.4,72.54,605.26,2,1
465.58,0.0,46.22,419.36,0,1
680.23,0.2,114.97,565.26,1,1
845.26,0.4,247.57,597.69,2,1
714.91,0.4,109.65,605.26,2,1
822.03,0.6,101.14,720.9,3,1
491.56,0.0,49.51,442.05,0,1
682.77,0.4,77.51,605.26,2,1
894.23,0.8,95.51,798.72,4,1
836.0,0.6,107.54,728.46,3,1
600.41,0.2,65.41,535.0,1,1
781.01,0.6,60.11,720.9,3,1
1075.51,1.0,206.54,868.97,5,1
655.23,0.2,82.41,572.82,1,1
620.7,0.2,78.14,542.56,1,1
553.44,0.2,26.0,527.44,1,1
1278.22,1.6,175.78,1102.44,8,1
661.22,0.2,133.78,527.44,1,1
566.74,0.0,86.86,479.87,0,1
509.83,0.0,60.22,449.62,0,1
784.34,0.6,86.14,698.21,3,1
613.31,0.2,55.62,557.69,1,1
462.28,0.0,42.92,419.36,0,1
767.88,0.4,117.24,650.64,2,1
739.12,0.4,133.86,605.26,2,1
515.79,0.0,88.86,426.92,0,1
876.37,0.6,117.65,758.72,3,1
557.12,0.2,44.81,512.31,1,1
681.9,0.4,61.51,620.38,2,1
1176.86,1.2,199.81,977.05,6,1
598.78,0.2,56.22,542.56,1,1
622.49,0.2,95.05,527.44,1,1
675.58,0.4,70.32,605.26,2,1
543.99,0.0,79.24,464.74,0,1
832.29,0.6,134.08,698.21,3,1
590.43,0.2,55.43,535.0,1,1
801.06,0.4,173.11,627.95,2,1
701.15,0.4,103.46,597.69,2,1
561.07,0.0,111.46,449.62,0,1
523.16,0.0,73.54,449.62,0,1
504.8,0.0,47.62,457.18,0,1
898.79,0.8,137.89,760.9,4,1
839.44,0.6,118.54,720.9,3,1
740.62,0.4,165.62,575.0,2,1
899.1,0.8,107.95,791.15,4,1
711.43,0.4,75.92,635.51,2,1
609.46,0.2,82.03,527.44,1,1
711.57,0.4,83.62,627.95,2,1
871.54,0.6,143.08,728.46,3,1
956.39,1.0,102.54,853.85,5,1
684.5,0.2,119.24,565.26,1,1
555.94,0.0,98.76,457.18,0,1
759.57,0.4,124.05,635.51,2,1
654.45,0.2,96.76,557.69,1,1
1028.58,1.0,129.35,899.23,5,1
931.03,0.8,155.0,776.03,4,1
1113.37,1.0,214.14,899.23,5,1
748.95,0.6,73.43,675.51,3,1
1100.75,1.2,184.22,916.54,6,1
954.59,0.6,203.43,751.15,3,1
630.86,0.2,80.73,550.13,1,1
616.41,0.0,128.97,487.44,0,1
536.58,0.0,71.84,464.74,0,1
654.38,0.2,119.38,535.0,1,1
917.37,0.6,173.78,743.59,3,1
804.91,0.6,114.27,690.64,3,1
631.68,0.2,104.24,527.44,1,1
731.0,0.4,103.05,627.95,2,1
510.64,0.0,61.03,449.62,0,1
597.32,0.2,62.32,535.0,1,1
731.0,0.4,103.05,627.95,2,1
912.35,0.8,143.89,768.46,4,1
806.61,0.6,115.97,690.64,3,1
705.08,0.4,77.14,627.95,2,1
654.24,0.4,64.11,590.13,2,1
487.56,0.0,45.51,442.05,0,1
574.43,0.0,132.38,442.05,0,1
742.71,0.4,114.76,627.95,2,1
656.62,0.2,114.05,542.56,1,1
682.72,0.4,85.03,597.69,2,1
703.09,0.2,130.27,572.82,1,1
597.79,0.2,77.92,519.87,1,1
548.67,0.0,99.05,449.62,0,1
910.96,0.8,112.24,798.72,4,1
850.27,0.6,114.24,736.03,3,1
536.32,0.0,94.27,442.05,0,1
901.92,0.6,165.89,736.03,3,1
759.68,0.4,139.3,620.38,2,1
539.77,0.0,75.03,464.74,0,1
652.95,0.4,77.95,575.0,2,1
1002.57,1.0,141.16,861.41,5,1
607.64,0.0,142.89,464.74,0,1
521.94,0.0,72.32,449.62,0,1
1388.17,1.8,260.86,1127.31,9,1
817.53,0.6,111.76,705.77,3,1
752.6,0.6,84.65,667.95,3,1
659.53,0.4,69.41,590.13,2,1
479.0,0.0,44.51,434.49,0,1
1002.67,1.0,126.14,876.54,5,1
684.22,0.4,63.84,620.38,2,1
816.15,0.4,165.51,650.64,2,1
524.75,0.0,75.14,449.62,0,1
929.0,0.8,152.97,776.03,4,1
583.79,0.2,63.92,519.87,1,1
589.39,0.2,69.51,519.87,1,1
724.23,0.2,158.97,565.26,1,1
811.35,0.6,128.27,683.08,3,1
1139.79,1.4,153.0,986.79,7,1
905.04,0.8,98.76,806.28,4,1
524.47,0.0,59.73,464.74,0,1
1085.8,1.2,146.57,939.23,6,1
596.17,0.2,68.73,527.44,1,1
1030.84,1.0,154.3,876.54,5,1
888.12,0.6,189.92,698.21,3,1
548.18,0.0,83.43,464.74,0,1
631.29,0.2,88.73,542.56,1,1
859.61,0.6,168.97,690.64,3,1
695.9,0.4,75.51,620.38,2,1
934.02,0.8,142.86,791.15,4,1
1100.51,1.2,176.41,924.1,6,1
962.63,0.8,148.78,813.85,4,1
794.4,0.4,158.89,635.51,2,1
701.01,0.4,80.62,620.38,2,1
813.95,0.6,100.62,713.33,3,1
558.63,0.0,86.32,472.31,0,1
694.6,0.4,74.22,620.38,2,1
790.75,0.6,92.54,698.21,3,1
704.5,0.4,99.24,605.26,2,1
708.2,0.4,102.95,605.26,2,1
470.14,0.0,43.22,426.92,0,1
640.07,0.2,89.95,550.13,1,1
650.6,0.2,123.16,527.44,1,1
637.37,0.2,87.24,550.13,1,1
1039.05,1.0,162.51,876.54,5,1
728.74,0.6,75.92,652.82,3,1
593.07,0.0,135.89,457.18,0,1
685.21,0.2,135.08,550.13,1,1
934.56,1.0,95.84,838.72,5,1
1126.1,1.2,133.92,992.18,6,1
787.72,0.6,81.95,705.77,3,1
479.3,0.0,44.81,434.49,0,1
815.89,0.6,87.43,728.46,3,1
1109.03,1.0,240.05,868.97,5,1
673.88,0.4,83.76,590.13,2,1
636.47,0.0,156.59,479.87,0,1
726.43,0.6,50.92,675.51,3,1
627.9,0.2,100.46,527.44,1,1
452.76,0.0,33.41,419.36,0,1
465.36,0.0,46.0,419.36,0,1
685.04,0.4,72.22,612.82,2,1
464.92,0.0,38.0,426.92,0,1
704.61,0.4,99.35,605.26,2,1
675.81,0.4,93.24,582.56,2,1
653.31,0.4,55.62,597.69,2,1
468.63,0.0,41.7,426.92,0,1
678.7,0.2,128.57,550.13,1,1
749.06,0.4,128.68,620.38,2,1
639.9,0.2,112.46,527.44,1,1
848.83,0.6,158.19,690.64,3,1
658.62,0.2,116.05,542.56,1,1
835.46,0.6,99.43,736.03,3,1
544.18,0.0,79.43,464.74,0,1
855.71,0.8,94.81,760.9,4,1
669.07,0.2,118.95,550.13,1,1
898.57,0.8,137.68,760.9,4,1
804.29,0.6,113.65,690.64,3,1
701.45,0.4,103.76,597.69,2,1
1074.23,1.2,142.57,931.67,6,1
811.45,0.4,160.81,650.64,2,1
742.81,0.4,114.86,627.95,2,1
931.99,0.8,186.22,745.77,4,1
923.43,0.8,154.97,768.46,4,1
767.57,0.4,147.19,620.38,2,1
776.71,0.6,108.76,667.95,3,1
1172.76,1.2,263.78,908.97,6,1
807.07,0.6,108.86,698.21,3,1
1093.56,1.2,161.89,931.67,6,1
1010.98,1.0,149.57,861.41,5,1
697.36,0.4,84.54,612.82,2,1
707.2,0.4,101.95,605.26,2,1
665.46,0.2,130.46,535.0,1,1
913.86,0.8,137.84,776.03,4,1
810.2,0.6,104.43,705.77,3,1
821.68,0.6,108.35,713.33,3,1
1050.79,1.0,181.81,868.97,5,1
759.06,0.4,146.24,612.82,2,1
729.03,0.4,108.65,620.38,2,1
477.84,0.0,50.92,426.92,0,1
798.55,0.6,85.22,713.33,3,1
889.59,0.8,98.43,791.15,4,1
701.11,0.4,80.73,620.38,2,1
912.51,0.8,121.35,791.15,4,1
1151.33,1.2,257.49,893.85,6,1
830.85,0.6,125.08,705.77,3,1
994.19,1.0,117.65,876.54,5,1
526.21,0.0,69.03,457.18,0,1
1025.74,1.0,187.03,838.72,5,1
533.4,0.0,91.35,442.05,0,1
866.72,0.6,168.51,698.21,3,1
594.55,0.2,82.24,512.31,1,1
1098.66,1.2,151.86,946.79,6,1
703.89,0.4,75.95,627.95,2,1
758.81,0.6,75.73,683.08,3,1
682.57,0.4,54.62,627.95,2,1
792.9,0.4,172.51,620.38,2,1
709.68,0.4,81.73,627.95,2,1
554.97,0.0,120.49,434.49,0,1
671.94,0.0,214.76,457.18,0,1
638.22,0.4,63.22,575.0,2,1
617.05,0.2,66.92,550.13,1,1
790.81,0.6,122.86,667.95,3,1
680.61,0.2,115.35,565.26,1,1
744.85,0.4,139.59,605.26,2,1
445.47,0.0,26.11,419.36,0,1
774.4,0.6,91.32,683.08,3,1
784.24,0.6,101.16,683.08,3,1
586.28,0.2,81.54,504.74,1,1
821.56,0.6,138.49,683.08,3,1
894.41,0.8,125.95,768.46,4,1
