"Total_Cost","Ratio_Reloc_Prod","Horiz_Cost","Vert_Cost","nReloc","non_Optimal"
223207.44,0.4427,32905.9,190301.73,664,300
635.25,0.2,62.43,572.82,1,1
590.35,0.0,95.35,495.0,0,1
745.65,0.4,125.27,620.38,2,1
731.39,0.4,65.62,665.77,2,1
599.09,0.0,126.78,472.31,0,1
690.46,0.4,62.51,627.95,2,1
614.97,0.2,64.84,550.13,1,1
820.33,0.6,99.43,720.9,3,1
1198.2,1.4,158.46,1039.74,7,1
873.99,0.6,168.22,705.77,3,1
1217.64,1.4,245.97,971.67,7,1
1127.01,1.2,187.78,939.23,6,1
534.82,0.0,62.51,472.31,0,1
811.24,0.4,175.73,635.51,2,1
816.66,0.6,103.32,713.33,3,1
536.23,0.0,63.92,472.31,0,1
869.65,0.8,93.62,776.03,4,1
900.97,0.8,124.95,776.03,4,1
727.27,0.6,59.32,667.95,3,1
898.61,0.8,160.41,738.21,4,1
692.16,0.2,149.59,542.56,1,1
844.15,0.8,105.95,738.21,4,1
875.59,0.8,84.43,791.15,4,1
547.99,0.0,83.24,464.74,0,1
754.3,0.4,118.78,635.51,2,1
911.37,0.8,112.65,798.72,4,1
891.23,0.6,193.03,698.21,3,1
787.52,0.4,167.14,620.38,2,1
676.48,0.2,118.78,557.69,1,1
590.74,0.2,78.43,512.31,1,1
508.4,0.0,51.22,457.18,0,1
815.26,0.6,117.05,698.21,3,1
829.65,0.6,108.76,720.9,3,1
850.03,0.6,174.51,675.51,3,1
530.05,0.0,95.57,434.49,0,1
913.17,0.8,99.32,813.85,4,1
517.67,0.0,75.62,442.05,0,1
717.65,0.4,135.08,582.56,2,1
689.97,0.2,147.41,542.56,1,1
714.37,0.4,116.68,597.69,2,1
658.5,0.4,60.81,597.69,2,1
526.73,0.0,92.24,434.49,0,1
452.17,0.0,32.81,419.36,0,1
915.32,0.6,179.3,736.03,3,1
762.28,0.4,141.89,620.38,2,1
693.82,0.4,73.43,620.38,2,1
1029.37,1.0,130.14,899.23,5,1
724.97,0.4,74.32,650.64,2,1
556.37,0.2,51.62,504.74,1,1
607.15,0.0,142.41,464.74,0,1
831.87,0.4,203.92,627.95,2,1
592.62,0.2,57.62,535.0,1,1
688.6,0.4,68.22,620.38,2,1
763.13,0.6,80.05,683.08,3,1
663.08,0.2,128.08,535.0,1,1
878.79,0.6,157.89,720.9,3,1
544.48,0.0,94.86,449.62,0,1
745.27,0.6,77.32,667.95,3,1
904.4,0.8,113.24,791.15,4,1
629.26,0.2,79.14,550.13,1,1
787.32,0.4,136.68,650.64,2,1
922.9,0.8,109.05,813.85,4,1
704.03,0.4,83.65,620.38,2,1
750.27,0.4,114.76,635.51,2,1
679.1,0.2,128.97,550.13,1,1
782.56,0.4,124.35,658.21,2,1
741.65,0.6,73.7,667.95,3,1
867.7,0.8,99.24,768.46,4,1
545.88,0.0,81.14,464.74,0,1
744.0,0.4,116.05,627.95,2,1
512.57,0.0,85.65,426.92,0,1
737.2,0.4,124.38,612.82,2,1
1038.84,1.0,162.3,876.54,5,1
554.47,0.0,89.73,464.74,0,1
570.37,0.0,120.76,449.62,0,1
455.36,0.0,36.0,419.36,0,1
942.09,0.8,196.32,745.77,4,1
740.09,0.4,127.27,612.82,2,1
674.07,0.4,68.81,605.26,2,1
768.22,0.4,140.27,627.95,2,1
931.2,0.8,132.49,798.72,4,1
740.79,0.6,72.84,667.95,3,1
484.7,0.0,50.22,434.49,0,1
703.9,0.2,131.08,572.82,1,1
749.33,0.2,229.46,519.87,1,1
621.79,0.2,94.35,527.44,1,1
901.96,0.8,103.24,798.72,4,1
484.97,0.0,42.92,442.05,0,1
691.63,0.4,78.81,612.82,2,1
961.63,1.0,100.22,861.41,5,1
836.0,0.6,107.54,728.46,3,1
600.41,0.2,65.41,535.0,1,1
849.1,0.8,65.51,783.59,4,1
1051.66,1.0,212.95,838.72,5,1
729.48,0.4,86.41,643.08,2,1
620.7,0.2,78.14,542.56,1,1
553.44,0.2,26.0,527.44,1,1
1157.57,1.4,148.08,1009.49,7,1
589.77,0.0,132.59,457.18,0,1
740.95,0.4,120.57,620.38,2,1
576.68,0.2,56.81,519.87,1,1
785.28,0.6,79.51,705.77,3,1
608.72,0.2,51.03,557.69,1,1
474.14,0.0,47.22,426.92,0,1
778.99,0.4,128.35,650.64,2,1
650.57,0.2,115.57,535.0,1,1
510.38,0.0,83.46,426.92,0,1
875.37,0.6,116.65,758.72,3,1
557.01,0.2,44.7,512.31,1,1
756.59,0.6,73.51,683.08,3,1
1012.52,0.8,191.11,821.41,4,1
602.34,0.2,52.22,550.13,1,1
622.49,0.2,95.05,527.44,1,1
610.59,0.2,68.03,542.56,1,1
636.86,0.2,86.73,550.13,1,1
968.07,0.8,161.78,806.28,4,1
765.1,0.6,82.03,683.08,3,1
574.04,0.0,101.73,472.31,0,1
705.15,0.4,107.46,597.69,2,1
640.0,0.2,112.57,527.44,1,1
519.75,0.0,70.14,449.62,0,1
469.14,0.0,42.22,426.92,0,1
729.48,0.4,131.78,597.69,2,1
762.88,0.4,112.24,650.64,2,1
926.09,0.8,180.32,745.77,4,1
983.75,1.0,152.59,831.15,5,1
714.4,0.4,71.32,643.08,2,1
617.62,0.2,82.62,535.0,1,1
504.72,0.0,55.11,449.62,0,1
831.18,0.6,132.97,698.21,3,1
963.79,1.0,109.95,853.85,5,1
619.96,0.2,107.65,512.31,1,1
668.5,0.2,103.24,565.26,1,1
715.96,0.4,103.14,612.82,2,1
646.37,0.2,96.24,550.13,1,1
1083.71,1.2,129.35,954.36,6,1
919.76,0.8,151.3,768.46,4,1
1199.33,1.2,229.84,969.49,6,1
673.58,0.4,68.32,605.26,2,1
975.7,0.8,192.11,783.59,4,1
1141.8,1.2,210.14,931.67,6,1
628.7,0.2,86.14,542.56,1,1
726.54,0.4,91.03,635.51,2,1
596.22,0.2,61.22,535.0,1,1
869.52,0.6,156.19,713.33,3,1
734.01,0.2,161.19,572.82,1,1
869.04,0.8,123.27,745.77,4,1
622.14,0.2,87.14,535.0,1,1
849.06,0.8,95.73,753.33,4,1
541.47,0.0,76.73,464.74,0,1
585.76,0.2,58.32,527.44,1,1
731.0,0.4,103.05,627.95,2,1
826.97,0.6,143.89,683.08,3,1
916.61,0.8,125.46,791.15,4,1
727.1,0.4,84.03,643.08,2,1
610.92,0.2,75.92,535.0,1,1
681.44,0.4,68.62,612.82,2,1
599.32,0.0,149.7,449.62,0,1
735.14,0.4,114.76,620.38,2,1
498.76,0.0,71.84,426.92,0,1
651.07,0.2,100.95,550.13,1,1
666.44,0.2,139.0,527.44,1,1
594.95,0.2,67.51,527.44,1,1
568.48,0.0,118.86,449.62,0,1
824.84,0.6,88.81,736.03,3,1
840.27,0.6,104.24,736.03,3,1
517.35,0.0,82.86,434.49,0,1
973.52,0.8,159.68,813.85,4,1
704.82,0.2,139.57,565.26,1,1
506.22,0.0,71.73,434.49,0,1
554.77,0.2,50.03,504.74,1,1
928.61,0.8,137.46,791.15,4,1
724.42,0.2,151.59,572.82,1,1
532.8,0.0,75.62,457.18,0,1
1456.54,2.0,258.97,1197.56,10,1
709.74,0.4,89.35,620.38,2,1
629.02,0.2,86.46,542.56,1,1
648.61,0.2,90.92,557.69,1,1
470.73,0.0,43.81,426.92,0,1
781.7,0.4,131.05,650.64,2,1
770.93,0.6,72.73,698.21,3,1
691.61,0.2,141.49,550.13,1,1
444.76,0.0,25.41,419.36,0,1
786.0,0.6,118.05,667.95,3,1
579.39,0.2,59.51,519.87,1,1
492.6,0.0,58.11,434.49,0,1
673.94,0.2,131.38,542.56,1,1
807.59,0.6,132.08,675.51,3,1
980.33,1.0,126.49,853.85,5,1
995.62,1.0,126.65,868.97,5,1
541.28,0.0,76.54,464.74,0,1
887.42,0.6,136.27,751.15,3,1
569.95,0.2,42.51,527.44,1,1
776.92,0.4,148.97,627.95,2,1
746.99,0.4,149.3,597.69,2,1
541.99,0.0,77.24,464.74,0,1
1031.94,1.0,140.27,891.67,5,1
792.8,0.4,142.16,650.64,2,1
689.49,0.4,69.11,620.38,2,1
780.72,0.4,130.08,650.64,2,1
940.54,0.8,164.51,776.03,4,1
1024.46,1.0,155.49,868.97,5,1
924.32,0.6,188.3,736.03,3,1
681.82,0.4,69.0,612.82,2,1
726.43,0.4,90.92,635.51,2,1
482.7,0.0,48.22,434.49,0,1
837.3,0.6,108.84,728.46,3,1
937.89,0.8,154.3,783.59,4,1
680.96,0.4,68.14,612.82,2,1
682.18,0.4,76.92,605.26,2,1
488.49,0.0,54.0,434.49,0,1
598.14,0.0,118.27,479.87,0,1
698.26,0.2,140.57,557.69,1,1
719.08,0.4,91.14,627.95,2,1
995.03,0.8,173.62,821.41,4,1
637.78,0.4,55.22,582.56,2,1
684.7,0.2,149.7,535.0,1,1
649.92,0.2,107.35,542.56,1,1
863.91,0.8,80.32,783.59,4,1
1095.73,1.2,126.24,969.49,6,1
694.82,0.4,74.43,620.38,2,1
488.86,0.0,46.81,442.05,0,1
806.0,0.6,77.54,728.46,3,1
1183.55,1.2,236.76,946.79,6,1
688.78,0.4,98.65,590.13,2,1
636.17,0.0,156.3,479.87,0,1
808.99,0.8,63.22,745.77,4,1
666.45,0.2,108.76,557.69,1,1
511.67,0.0,69.62,442.05,0,1
451.01,0.0,39.22,411.79,0,1
714.66,0.4,101.84,612.82,2,1
571.31,0.2,59.0,512.31,1,1
600.79,0.2,80.92,519.87,1,1
679.53,0.4,81.84,597.69,2,1
649.31,0.4,51.62,597.69,2,1
617.98,0.4,58.11,559.87,2,1
785.29,0.4,134.65,650.64,2,1
944.67,0.8,161.08,783.59,4,1
566.13,0.0,108.95,457.18,0,1
686.73,0.2,159.3,527.44,1,1
642.14,0.2,107.14,535.0,1,1
966.26,1.0,127.54,838.72,5,1
457.01,0.0,45.22,411.79,0,1
806.85,0.6,93.51,713.33,3,1
909.73,0.6,173.7,736.03,3,1
905.1,0.8,182.03,723.08,4,1
770.05,0.4,126.97,643.08,2,1
866.02,0.6,167.81,698.21,3,1
1180.54,1.2,218.62,961.92,6,1
732.82,0.4,112.43,620.38,2,1
682.88,0.4,77.62,605.26,2,1
817.49,0.6,141.97,675.51,3,1
583.86,0.0,126.68,457.18,0,1
877.28,0.6,171.51,705.77,3,1
745.63,0.4,140.38,605.26,2,1
986.39,0.8,248.19,738.21,4,1
524.96,0.0,60.22,464.74,0,1
827.67,0.6,144.59,683.08,3,1
952.06,0.8,130.65,821.41,4,1
688.35,0.4,60.41,627.95,2,1
577.42,0.2,80.24,497.18,1,1
1032.35,1.0,163.38,868.97,5,1
1061.87,1.2,107.51,954.36,6,1
943.11,0.8,114.14,828.97,4,1
996.34,1.0,165.19,831.15,5,1
1095.51,1.2,171.41,924.1,6,1
779.27,0.4,143.76,635.51,2,1
808.58,0.8,62.81,745.77,4,1
503.53,0.0,53.92,449.62,0,1
752.62,0.6,77.11,675.51,3,1
811.46,0.6,75.43,736.03,3,1
720.1,0.4,77.03,643.08,2,1
833.56,0.6,135.35,698.21,3,1
1003.52,0.8,235.05,768.46,4,1
883.19,0.6,162.3,720.9,3,1
877.91,0.8,94.32,783.59,4,1
557.1,0.2,59.92,497.18,1,1
898.97,0.8,122.95,776.03,4,1
664.24,0.4,89.24,575.0,2,1
665.73,0.2,138.3,527.44,1,1
548.26,0.0,98.65,449.62,0,1
1109.01,1.2,169.78,939.23,6,1
599.38,0.2,71.95,527.44,1,1
667.69,0.4,62.43,605.26,2,1
771.37,0.6,80.73,690.64,3,1
902.04,0.6,203.84,698.21,3,1
652.12,0.2,94.43,557.69,1,1
737.09,0.6,91.84,645.26,3,1
670.31,0.2,158.0,512.31,1,1
585.33,0.2,73.03,512.31,1,1
680.61,0.4,82.92,597.69,2,1
771.81,0.6,103.86,667.95,3,1
523.24,0.0,88.76,434.49,0,1
866.47,0.6,160.7,705.77,3,1
490.0,0.0,55.51,434.49,0,1
944.1,1.0,112.95,831.15,5,1
873.7,0.8,105.24,768.46,4,1
490.41,0.0,55.92,434.49,0,1
1160.73,1.4,143.68,1017.05,7,1
791.33,0.6,123.38,667.95,3,1
