"Total_Cost","Ratio_Reloc_Prod","Horiz_Cost","Vert_Cost","nReloc","non_Optimal"
226198.97,0.4213,36730.98,189467.99,632,300
554.35,0.0,66.92,487.44,0,1
1053.66,1.0,146.86,906.79,5,1
748.35,0.4,112.84,635.51,2,1
708.47,0.2,128.08,580.38,1,1
627.51,0.2,84.95,542.56,1,1
836.17,0.6,115.27,720.9,3,1
760.68,0.4,140.3,620.38,2,1
731.91,0.4,88.84,643.08,2,1
819.88,0.6,129.24,690.64,3,1
530.37,0.0,80.76,449.62,0,1
614.97,0.2,72.41,542.56,1,1
589.65,0.2,62.22,527.44,1,1
1083.21,1.0,199.11,884.1,5,1
724.97,0.4,74.32,650.64,2,1
533.66,0.0,68.92,464.74,0,1
885.89,0.6,149.86,736.03,3,1
805.61,0.6,99.84,705.77,3,1
944.95,0.8,123.54,821.41,4,1
582.49,0.2,62.62,519.87,1,1
870.07,0.6,164.3,705.77,3,1
977.12,0.8,163.27,813.85,4,1
1020.03,1.2,118.62,901.41,6,1
708.55,0.2,143.3,565.26,1,1
823.53,0.6,132.89,690.64,3,1
671.64,0.4,73.95,597.69,2,1
826.64,0.6,143.57,683.08,3,1
666.69,0.2,101.43,565.26,1,1
624.72,0.2,67.03,557.69,1,1
631.12,0.2,73.43,557.69,1,1
460.12,0.0,48.32,411.79,0,1
821.96,0.4,209.14,612.82,2,1
557.78,0.0,108.16,449.62,0,1
1012.28,1.0,166.0,846.28,5,1
615.08,0.2,72.51,542.56,1,1
886.47,0.6,180.7,705.77,3,1
693.21,0.4,110.65,582.56,2,1
511.29,0.0,54.11,457.18,0,1
622.02,0.2,64.32,557.69,1,1
1044.47,1.0,145.24,899.23,5,1
733.07,0.4,135.38,597.69,2,1
741.19,0.4,113.24,627.95,2,1
1034.35,1.0,218.32,816.03,5,1
537.28,0.0,72.54,464.74,0,1
865.07,0.6,159.3,705.77,3,1
834.56,0.4,191.49,643.08,2,1
948.62,0.8,180.16,768.46,4,1
658.38,0.2,123.38,535.0,1,1
462.49,0.0,28.0,434.49,0,1
837.73,0.4,202.22,635.51,2,1
736.84,0.4,116.46,620.38,2,1
481.33,0.0,54.41,426.92,0,1
844.56,0.4,193.92,650.64,2,1
647.11,0.4,72.11,575.0,2,1
756.17,0.4,135.78,620.38,2,1
712.06,0.4,84.11,627.95,2,1
823.22,0.6,147.7,675.51,3,1
1066.04,1.0,227.32,838.72,5,1
531.96,0.0,67.22,464.74,0,1
784.41,0.4,164.03,620.38,2,1
505.83,0.0,56.22,449.62,0,1
654.38,0.2,119.38,535.0,1,1
812.9,0.6,99.57,713.33,3,1
609.83,0.2,59.7,550.13,1,1
655.86,0.2,120.86,535.0,1,1
981.23,1.0,150.08,831.15,5,1
935.65,0.6,199.62,736.03,3,1
861.94,0.6,118.35,743.59,3,1
819.59,0.4,176.51,643.08,2,1
651.36,0.2,78.54,572.82,1,1
856.53,0.8,110.76,745.77,4,1
657.94,0.2,100.24,557.69,1,1
808.29,0.6,117.65,690.64,3,1
922.29,0.8,123.57,798.72,4,1
476.7,0.0,42.22,434.49,0,1
1152.87,1.2,183.38,969.49,6,1
893.64,0.6,195.43,698.21,3,1
757.67,0.6,67.03,690.64,3,1
755.07,0.2,189.81,565.26,1,1
551.51,0.0,109.46,442.05,0,1
752.02,0.4,93.81,658.21,2,1
703.22,0.4,82.84,620.38,2,1
680.88,0.4,75.62,605.26,2,1
551.55,0.0,86.81,464.74,0,1
625.22,0.2,105.35,519.87,1,1
813.34,0.4,147.57,665.77,2,1
958.43,0.6,214.84,743.59,3,1
857.84,0.6,136.95,720.9,3,1
855.85,0.6,150.08,705.77,3,1
831.9,0.6,118.57,713.33,3,1
774.35,0.4,131.27,643.08,2,1
519.19,0.0,77.14,442.05,0,1
994.64,0.8,195.92,798.72,4,1
678.82,0.2,106.0,572.82,1,1
854.5,0.6,141.16,713.33,3,1
757.29,0.4,106.65,650.64,2,1
786.4,0.4,150.89,635.51,2,1
975.19,0.6,254.3,720.9,3,1
965.99,0.6,214.84,751.15,3,1
1041.6,1.0,180.19,861.41,5,1
793.5,0.4,120.16,673.33,2,1
925.31,0.6,166.59,758.72,3,1
566.96,0.0,94.65,472.31,0,1
1021.68,0.8,207.84,813.85,4,1
749.29,0.6,66.22,683.08,3,1
516.75,0.0,74.7,442.05,0,1
673.31,0.2,108.05,565.26,1,1
634.72,0.2,77.03,557.69,1,1
852.47,0.6,146.7,705.77,3,1
916.33,0.6,195.43,720.9,3,1
893.4,0.6,157.38,736.03,3,1
565.93,0.0,93.62,472.31,0,1
591.61,0.0,126.86,464.74,0,1
740.58,0.4,127.76,612.82,2,1
635.45,0.2,85.32,550.13,1,1
899.58,0.8,153.81,745.77,4,1
476.05,0.0,34.0,442.05,0,1
478.81,0.0,44.32,434.49,0,1
717.84,0.4,97.46,620.38,2,1
644.62,0.4,69.62,575.0,2,1
743.11,0.4,115.16,627.95,2,1
778.54,0.4,150.59,627.95,2,1
555.97,0.0,106.35,449.62,0,1
619.17,0.2,106.86,512.31,1,1
555.23,0.0,98.05,457.18,0,1
496.55,0.0,84.76,411.79,0,1
1016.63,1.0,162.78,853.85,5,1
722.01,0.4,116.76,605.26,2,1
762.83,0.4,119.76,643.08,2,1
543.91,0.0,86.73,457.18,0,1
1138.3,1.2,183.95,954.36,6,1
532.26,0.0,67.51,464.74,0,1
536.71,0.0,109.78,426.92,0,1
859.93,0.6,154.16,705.77,3,1
825.13,0.4,174.49,650.64,2,1
946.41,0.6,217.95,728.46,3,1
538.45,0.0,88.84,449.62,0,1
711.77,0.0,254.59,457.18,0,1
925.0,0.6,181.41,743.59,3,1
672.46,0.4,97.46,575.0,2,1
858.08,0.6,122.05,736.03,3,1
837.04,0.6,131.27,705.77,3,1
833.26,0.4,167.49,665.77,2,1
848.37,0.6,165.3,683.08,3,1
786.82,0.4,121.05,665.77,2,1
690.13,0.2,140.0,550.13,1,1
933.41,0.6,212.51,720.9,3,1
675.83,0.2,133.27,542.56,1,1
779.45,0.2,221.76,557.69,1,1
1141.47,1.2,187.11,954.36,6,1
639.81,0.2,97.24,542.56,1,1
597.95,0.2,70.51,527.44,1,1
751.71,0.4,123.76,627.95,2,1
863.51,0.6,180.43,683.08,3,1
692.23,0.2,126.97,565.26,1,1
798.61,0.6,92.84,705.77,3,1
683.51,0.2,133.38,550.13,1,1
864.25,0.4,190.92,673.33,2,1
652.43,0.2,109.86,542.56,1,1
963.15,0.8,172.0,791.15,4,1
734.04,0.4,128.78,605.26,2,1
647.64,0.2,89.95,557.69,1,1
890.22,0.6,161.76,728.46,3,1
1098.35,1.0,214.24,884.1,5,1
823.66,0.6,125.46,698.21,3,1
1036.62,1.0,160.08,876.54,5,1
726.49,0.4,98.54,627.95,2,1
634.8,0.2,69.54,565.26,1,1
535.28,0.0,70.54,464.74,0,1
1150.0,1.2,188.08,961.92,6,1
635.18,0.2,69.92,565.26,1,1
547.35,0.0,97.73,449.62,0,1
561.71,0.2,49.41,512.31,1,1
890.86,0.6,215.35,675.51,3,1
1017.87,1.2,116.46,901.41,6,1
673.12,0.2,107.86,565.26,1,1
624.24,0.2,89.24,535.0,1,1
719.27,0.4,91.32,627.95,2,1
668.83,0.2,126.27,542.56,1,1
432.04,0.0,27.81,404.23,0,1
565.44,0.2,38.0,527.44,1,1
855.85,0.6,150.08,705.77,3,1
631.81,0.2,89.24,542.56,1,1
838.41,0.6,125.08,713.33,3,1
967.39,0.8,161.11,806.28,4,1
1078.59,1.0,202.05,876.54,5,1
791.15,0.4,125.38,665.77,2,1
721.67,0.4,71.03,650.64,2,1
530.13,0.0,72.95,457.18,0,1
472.16,0.0,30.11,442.05,0,1
499.13,0.0,49.51,449.62,0,1
856.26,0.6,165.62,690.64,3,1
757.73,0.4,129.78,627.95,2,1
612.57,0.2,85.14,527.44,1,1
522.96,0.0,58.22,464.74,0,1
671.54,0.2,128.97,542.56,1,1
846.39,0.6,148.19,698.21,3,1
764.17,0.4,143.78,620.38,2,1
670.11,0.2,142.68,527.44,1,1
453.47,0.0,34.11,419.36,0,1
548.86,0.0,99.24,449.62,0,1
818.24,0.4,167.59,650.64,2,1
553.18,0.0,103.57,449.62,0,1
958.58,1.0,119.86,838.72,5,1
743.17,0.4,122.78,620.38,2,1
655.63,0.2,82.81,572.82,1,1
488.89,0.0,54.41,434.49,0,1
805.62,0.4,170.11,635.51,2,1
494.49,0.0,60.0,434.49,0,1
969.91,0.8,186.32,783.59,4,1
637.19,0.2,109.76,527.44,1,1
651.99,0.2,101.86,550.13,1,1
812.6,0.6,84.14,728.46,3,1
527.89,0.0,85.84,442.05,0,1
609.2,0.4,49.32,559.87,2,1
576.04,0.2,63.73,512.31,1,1
453.12,0.0,41.32,411.79,0,1
718.96,0.4,121.27,597.69,2,1
748.44,0.4,120.49,627.95,2,1
577.74,0.2,65.43,512.31,1,1
788.97,0.6,113.46,675.51,3,1
719.98,0.4,107.16,612.82,2,1
856.63,0.6,150.86,705.77,3,1
866.41,0.6,153.08,713.33,3,1
557.42,0.2,45.11,512.31,1,1
566.23,0.0,109.05,457.18,0,1
645.68,0.4,78.24,567.44,2,1
703.88,0.2,146.19,557.69,1,1
646.93,0.4,34.11,612.82,2,1
1063.99,1.0,179.89,884.1,5,1
888.87,0.6,160.41,728.46,3,1
992.88,0.8,186.59,806.28,4,1
814.72,0.6,108.95,705.77,3,1
656.5,0.2,98.81,557.69,1,1
559.13,0.0,101.95,457.18,0,1
591.65,0.2,64.22,527.44,1,1
889.93,0.8,144.16,745.77,4,1
892.22,0.4,256.7,635.51,2,1
941.65,0.8,165.62,776.03,4,1
651.52,0.2,124.08,527.44,1,1
668.18,0.2,118.05,550.13,1,1
659.8,0.2,102.11,557.69,1,1
750.94,0.4,160.81,590.13,2,1
496.92,0.0,62.43,434.49,0,1
611.19,0.2,68.62,542.56,1,1
1006.25,0.8,237.78,768.46,4,1
722.53,0.4,117.27,605.26,2,1
553.01,0.2,40.7,512.31,1,1
673.59,0.2,123.46,550.13,1,1
718.36,0.4,105.54,612.82,2,1
1002.2,1.2,108.35,893.85,6,1
789.76,0.6,129.38,660.38,3,1
1189.71,1.2,242.92,946.79,6,1
943.62,0.8,167.59,776.03,4,1
770.66,0.4,112.46,658.21,2,1
608.98,0.2,81.54,527.44,1,1
759.62,0.4,116.54,643.08,2,1
543.02,0.0,85.84,457.18,0,1
611.81,0.2,76.81,535.0,1,1
938.97,0.8,155.38,783.59,4,1
1288.81,1.2,326.89,961.92,6,1
991.72,0.8,193.0,798.72,4,1
496.38,0.0,54.32,442.05,0,1
568.61,0.0,111.43,457.18,0,1
522.4,0.0,80.35,442.05,0,1
569.07,0.0,119.46,449.62,0,1
518.73,0.0,84.24,434.49,0,1
1031.53,1.0,139.86,891.67,5,1
590.44,0.2,63.0,527.44,1,1
1274.69,1.6,134.43,1140.26,8,1
728.2,0.4,115.38,612.82,2,1
1011.09,0.8,204.81,806.28,4,1
732.65,0.4,97.14,635.51,2,1
746.11,0.4,125.73,620.38,2,1
1096.75,1.2,165.08,931.67,6,1
998.28,0.8,192.0,806.28,4,1
685.33,0.4,72.51,612.82,2,1
820.04,0.4,154.27,665.77,2,1
746.52,0.4,118.57,627.95,2,1
464.87,0.0,45.51,419.36,0,1
927.94,0.8,144.35,783.59,4,1
567.96,0.0,95.65,472.31,0,1
688.02,0.4,105.46,582.56,2,1
751.73,0.4,123.78,627.95,2,1
696.74,0.4,83.92,612.82,2,1
1018.65,1.0,149.68,868.97,5,1
932.66,0.8,126.38,806.28,4,1
990.23,0.8,199.08,791.15,4,1
1142.51,1.2,165.46,977.05,6,1
1027.1,0.8,183.0,844.1,4,1
583.93,0.0,104.05,479.87,0,1
1293.36,1.2,286.05,1007.31,6,1
533.18,0.0,68.43,464.74,0,1
940.14,0.8,186.81,753.33,4,1
781.69,0.4,115.92,665.77,2,1
1018.3,1.0,156.89,861.41,5,1
668.8,0.2,118.68,550.13,1,1
553.4,0.2,56.22,497.18,1,1
550.66,0.2,45.92,504.74,1,1
716.87,0.6,48.92,667.95,3,1
931.47,0.8,117.62,813.85,4,1
