"Total_Cost","Ratio_Reloc_Prod","Horiz_Cost","Vert_Cost","nReloc","non_Optimal"
232160.28,0.4267,42183.19,189977.04,640,140
799.2,0.4,125.86,673.33,2,1
1096.82,1.0,182.46,914.36,5,0
1052.93,1.0,138.57,914.36,5,0
742.94,0.4,99.86,643.08,2,0
804.5,0.6,98.73,705.77,3,1
656.29,0.2,106.16,550.13,1,0
887.77,0.6,174.43,713.33,3,1
664.75,0.2,107.05,557.69,1,0
760.18,0.4,109.54,650.64,2,0
1062.82,1.0,201.41,861.41,5,0
802.85,0.6,89.51,713.33,3,1
730.49,0.4,102.54,627.95,2,0
695.58,0.4,90.32,605.26,2,0
1064.03,1.0,202.62,861.41,5,0
867.12,0.6,153.78,713.33,3,1
515.96,0.0,51.22,464.74,0,0
810.04,0.4,197.22,612.82,2,1
932.3,0.8,171.41,760.9,4,0
818.59,0.6,127.95,690.64,3,0
848.81,0.4,220.86,627.95,2,1
975.12,0.8,176.41,798.72,4,1
927.34,0.6,176.19,751.15,3,0
720.0,0.4,76.92,643.08,2,0
820.58,0.6,122.38,698.21,3,0
762.48,0.4,111.84,650.64,2,0
966.26,0.6,207.54,758.72,3,0
708.75,0.4,111.05,597.69,2,1
709.02,0.2,158.89,550.13,1,1
790.56,0.4,147.49,643.08,2,0
939.01,0.6,225.68,713.33,3,0
644.9,0.2,117.46,527.44,1,0
561.4,0.0,104.22,457.18,0,0
782.63,0.4,169.81,612.82,2,0
703.09,0.2,130.27,572.82,1,1
1016.86,0.8,240.84,776.03,4,0
1008.0,0.8,186.59,821.41,4,1
996.58,0.8,190.3,806.28,4,1
926.27,0.6,197.81,728.46,3,0
579.96,0.0,122.78,457.18,0,0
785.77,0.4,127.57,658.21,2,0
689.18,0.2,139.05,550.13,1,1
859.55,0.2,354.81,504.74,1,1
572.06,0.0,99.76,472.31,0,1
886.12,0.6,172.78,713.33,3,1
794.13,0.4,151.05,643.08,2,1
754.16,0.6,86.22,667.95,3,0
969.96,0.8,163.68,806.28,4,0
632.61,0.2,74.92,557.69,1,0
748.57,0.4,113.05,635.51,2,1
727.8,0.4,137.68,590.13,2,1
1307.92,1.2,338.43,969.49,6,0
1036.91,0.8,245.76,791.15,4,0
675.96,0.2,103.14,572.82,1,1
791.88,0.4,186.62,605.26,2,1
506.97,0.0,64.92,442.05,0,0
613.48,0.2,70.92,542.56,1,1
505.08,0.0,63.03,442.05,0,1
658.43,0.2,115.86,542.56,1,0
625.4,0.0,168.22,457.18,0,1
439.85,0.0,35.62,404.23,0,1
652.83,0.0,195.65,457.18,0,0
812.78,0.6,122.14,690.64,3,0
624.08,0.2,81.51,542.56,1,0
553.77,0.0,89.03,464.74,0,0
799.13,0.4,156.05,643.08,2,1
1060.17,1.0,206.32,853.85,5,0
777.14,0.2,204.32,572.82,1,1
913.66,0.6,200.32,713.33,3,1
569.87,0.2,50.0,519.87,1,1
690.98,0.2,118.16,572.82,1,0
918.21,0.8,142.19,776.03,4,0
518.78,0.0,76.73,442.05,0,0
819.7,0.6,144.19,675.51,3,1
636.07,0.2,70.81,565.26,1,1
651.91,0.4,54.22,597.69,2,1
437.2,0.0,25.41,411.79,0,0
773.25,0.6,59.92,713.33,3,1
570.81,0.2,88.76,482.05,1,0
862.95,0.6,187.43,675.51,3,0
759.66,0.2,194.41,565.26,1,1
547.26,0.0,82.51,464.74,0,1
514.7,0.0,72.65,442.05,0,1
474.6,0.0,40.11,434.49,0,1
515.03,0.0,80.54,434.49,0,0
887.3,0.8,111.27,776.03,4,1
1073.01,1.2,126.22,946.79,6,0
718.19,0.4,90.24,627.95,2,1
512.71,0.0,93.35,419.36,0,1
1090.75,1.2,159.08,931.67,6,1
712.09,0.2,139.27,572.82,1,1
911.27,0.6,182.81,728.46,3,0
1444.85,1.8,204.08,1240.77,9,0
784.14,0.4,163.76,620.38,2,0
1060.26,0.8,269.11,791.15,4,0
539.52,0.0,67.22,472.31,0,0
912.81,0.6,176.78,736.03,3,0
647.22,0.2,127.35,519.87,1,0
1118.3,1.0,241.76,876.54,5,0
569.85,0.0,97.54,472.31,0,0
707.87,0.2,180.43,527.44,1,0
898.05,0.8,167.41,730.64,4,1
493.84,0.0,66.92,426.92,0,1
722.11,0.4,101.73,620.38,2,1
608.97,0.2,66.41,542.56,1,0
881.6,0.6,213.65,667.95,3,1
487.67,0.0,45.62,442.05,0,0
701.26,0.6,56.0,645.26,3,1
538.64,0.0,81.46,457.18,0,0
1026.7,1.0,150.16,876.54,5,1
820.93,0.4,155.16,665.77,2,0
619.59,0.2,77.03,542.56,1,0
585.42,0.2,88.24,497.18,1,0
1012.35,0.8,228.76,783.59,4,0
721.09,0.2,148.27,572.82,1,0
990.05,0.4,354.54,635.51,2,1
688.42,0.2,123.16,565.26,1,0
598.69,0.0,133.95,464.74,0,1
753.57,0.6,85.62,667.95,3,1
660.4,0.4,62.7,597.69,2,1
613.27,0.2,85.84,527.44,1,0
826.94,0.6,136.3,690.64,3,0
657.25,0.2,137.38,519.87,1,1
857.18,0.4,206.54,650.64,2,0
973.36,0.8,151.95,821.41,4,0
985.46,0.8,209.43,776.03,4,1
1277.27,1.4,267.78,1009.49,7,0
730.11,0.4,102.16,627.95,2,0
822.22,0.6,101.32,720.9,3,1
486.73,0.0,59.81,426.92,0,0
1162.83,1.2,223.59,939.23,6,0
620.08,0.2,77.51,542.56,1,1
920.89,0.6,192.43,728.46,3,0
995.09,1.0,141.24,853.85,5,0
681.01,0.2,100.62,580.38,1,0
527.23,0.0,54.92,472.31,0,0
981.89,0.6,253.43,728.46,3,0
1021.65,1.0,205.62,816.03,5,1
633.29,0.2,90.73,542.56,1,1
617.81,0.2,75.24,542.56,1,1
550.78,0.0,101.16,449.62,0,0
747.06,0.4,134.24,612.82,2,1
604.63,0.2,92.32,512.31,1,1
854.93,0.4,242.11,612.82,2,0
582.47,0.0,110.16,472.31,0,1
566.72,0.0,109.54,457.18,0,1
858.1,0.8,127.46,730.64,4,1
804.75,0.4,161.68,643.08,2,0
743.09,0.6,82.7,660.38,3,1
810.97,0.6,135.46,675.51,3,0
520.17,0.0,93.24,426.92,0,1
918.18,0.6,174.59,743.59,3,0
1714.45,1.0,883.3,831.15,5,1
928.54,0.6,192.51,736.03,3,1
826.55,0.4,160.78,665.77,2,0
692.4,0.2,142.27,550.13,1,0
499.72,0.0,50.11,449.62,0,1
697.77,0.2,140.08,557.69,1,1
910.37,0.6,166.78,743.59,3,0
1043.09,1.0,181.68,861.41,5,0
673.72,0.2,108.46,565.26,1,0
1131.45,1.2,199.78,931.67,6,1
546.58,0.0,81.84,464.74,0,0
820.26,0.4,154.49,665.77,2,0
758.98,0.6,91.03,667.95,3,1
578.27,0.2,103.78,474.49,1,1
528.96,0.0,64.22,464.74,0,0
613.49,0.2,93.62,519.87,1,1
1067.37,1.2,143.27,924.1,6,0
533.45,0.0,83.84,449.62,0,0
1015.98,1.0,154.57,861.41,5,0
887.17,0.6,166.27,720.9,3,0
633.18,0.2,67.92,565.26,1,0
658.78,0.2,108.65,550.13,1,0
704.76,0.2,177.32,527.44,1,1
849.46,0.4,213.95,635.51,2,0
584.74,0.2,72.43,512.31,1,0
752.08,0.6,84.14,667.95,3,1
769.08,0.4,201.65,567.44,2,0
553.56,0.0,103.95,449.62,0,0
722.47,0.4,109.65,612.82,2,0
669.83,0.2,127.27,542.56,1,0
696.51,0.2,146.38,550.13,1,1
578.79,0.2,58.92,519.87,1,1
782.23,0.4,116.46,665.77,2,1
731.44,0.4,111.05,620.38,2,1
759.65,0.4,139.27,620.38,2,0
1096.51,1.2,172.41,924.1,6,0
999.58,0.8,193.3,806.28,4,1
672.39,0.2,152.51,519.87,1,1
906.05,0.8,122.46,783.59,4,0
716.6,0.2,143.78,572.82,1,0
1102.44,1.2,148.08,954.36,6,1
733.19,0.4,105.24,627.95,2,1
771.62,0.4,143.68,627.95,2,1
925.3,0.8,149.27,776.03,4,1
694.25,0.2,121.43,572.82,1,1
821.84,0.4,186.32,635.51,2,0
911.45,0.6,152.73,758.72,3,0
808.7,0.6,118.05,690.64,3,0
540.74,0.0,76.0,464.74,0,0
729.95,0.4,94.43,635.51,2,0
913.06,0.8,152.16,760.9,4,0
871.67,0.6,181.03,690.64,3,1
591.42,0.0,126.68,464.74,0,1
826.31,0.6,112.97,713.33,3,0
842.63,0.6,136.86,705.77,3,1
863.19,0.6,127.16,736.03,3,0
1032.87,0.8,219.03,813.85,4,0
827.04,0.4,153.7,673.33,2,1
751.51,0.4,108.43,643.08,2,1
594.56,0.2,52.0,542.56,1,0
865.52,0.6,137.05,728.46,3,0
629.42,0.2,71.73,557.69,1,1
883.15,0.8,137.38,745.77,4,0
762.39,0.4,96.62,665.77,2,0
624.37,0.2,81.81,542.56,1,1
826.11,0.6,105.22,720.9,3,0
902.79,0.6,181.89,720.9,3,0
916.74,0.6,195.84,720.9,3,0
682.28,0.2,109.46,572.82,1,1
888.19,0.8,119.73,768.46,4,0
822.61,0.6,116.84,705.77,3,0
1168.31,1.2,229.08,939.23,6,0
1545.68,0.8,777.22,768.46,4,1
815.92,0.6,95.03,720.9,3,0
569.23,0.2,56.92,512.31,1,1
633.71,0.2,106.27,527.44,1,0
537.94,0.0,88.32,449.62,0,0
785.6,0.4,157.65,627.95,2,1
566.42,0.0,101.68,464.74,0,1
877.72,0.8,131.95,745.77,4,1
1063.0,0.6,448.0,615.0,3,1
749.83,0.4,106.76,643.08,2,1
533.34,0.0,76.16,457.18,0,1
915.66,0.4,310.41,605.26,2,1
620.04,0.2,47.22,572.82,1,1
784.0,0.4,148.49,635.51,2,1
487.2,0.0,67.84,419.36,0,1
756.06,0.4,135.68,620.38,2,0
757.52,0.4,144.7,612.82,2,1
609.43,0.2,74.43,535.0,1,1
832.8,0.6,142.16,690.64,3,1
743.26,0.2,178.0,565.26,1,0
830.25,0.6,109.35,720.9,3,0
537.35,0.0,87.73,449.62,0,0
808.34,0.6,110.14,698.21,3,0
583.23,0.2,70.92,512.31,1,1
699.12,0.2,133.86,565.26,1,0
844.42,0.4,193.78,650.64,2,1
646.72,0.2,89.03,557.69,1,0
772.11,0.4,136.59,635.51,2,0
682.01,0.2,116.76,565.26,1,0
647.68,0.2,112.68,535.0,1,1
456.73,0.0,29.81,426.92,0,1
778.59,0.2,228.46,550.13,1,0
643.66,0.2,123.78,519.87,1,0
847.23,0.6,141.46,705.77,3,0
834.74,0.6,113.84,720.9,3,1
1038.24,1.0,169.27,868.97,5,0
670.53,0.2,105.27,565.26,1,1
670.1,0.4,87.54,582.56,2,1
667.64,0.4,77.51,590.13,2,0
1054.81,0.8,210.7,844.1,4,0
694.07,0.2,136.38,557.69,1,1
507.94,0.0,58.32,449.62,0,1
890.38,0.6,154.35,736.03,3,0
579.39,0.0,99.51,479.87,0,0
785.78,0.4,150.27,635.51,2,0
936.43,1.0,127.97,808.46,5,1
776.86,0.6,101.35,675.51,3,0
949.41,0.8,135.57,813.85,4,0
1010.68,0.8,181.7,828.97,4,0
672.91,0.2,122.78,550.13,1,0
602.29,0.2,59.73,542.56,1,1
1252.58,0.4,700.27,552.31,2,1
764.99,0.2,214.86,550.13,1,1
609.1,0.2,51.41,557.69,1,1
773.78,0.6,83.14,690.64,3,0
779.86,0.6,104.35,675.51,3,1
575.39,0.0,110.65,464.74,0,1
737.46,0.4,101.95,635.51,2,1
709.05,0.4,126.49,582.56,2,1
1044.32,0.8,268.3,776.03,4,0
633.23,0.2,75.54,557.69,1,1
743.11,0.4,115.16,627.95,2,0
517.72,0.0,68.11,449.62,0,1
444.5,0.0,32.7,411.79,0,1
1002.34,1.0,171.19,831.15,5,1
652.35,0.2,117.35,535.0,1,0
544.23,0.0,71.92,472.31,0,0
683.31,0.2,118.05,565.26,1,1
482.05,0.0,40.0,442.05,0,1
563.91,0.2,66.73,497.18,1,1
748.55,0.4,128.16,620.38,2,1
811.39,0.6,98.05,713.33,3,1
958.47,0.8,144.62,813.85,4,0
913.56,0.8,182.92,730.64,4,1
922.18,0.6,178.59,743.59,3,0
1095.93,0.4,551.19,544.74,2,1
819.03,0.6,98.14,720.9,3,0
