"Total_Cost","Ratio_Reloc_Prod","Horiz_Cost","Vert_Cost","nReloc","non_Optimal"
231043.62,0.3553,43349.44,187694.01,533,98
806.0,0.4,170.49,635.51,2,1
729.12,0.2,163.86,565.26,1,1
966.91,0.6,223.32,743.59,3,1
781.15,0.4,122.95,658.21,2,0
1000.83,1.0,116.73,884.1,5,1
932.53,0.8,141.38,791.15,4,0
676.96,0.4,71.7,605.26,2,0
1188.53,1.2,188.78,999.74,6,0
923.91,0.6,180.32,743.59,3,1
682.86,0.4,107.86,575.0,2,0
868.09,0.8,114.76,753.33,4,1
629.21,0.2,71.51,557.69,1,0
1014.56,0.8,215.84,798.72,4,0
1064.77,0.4,520.03,544.74,2,1
545.96,0.0,73.65,472.31,0,1
946.55,0.8,125.14,821.41,4,1
915.18,0.6,224.54,690.64,3,0
653.2,0.2,87.95,565.26,1,1
787.46,0.6,111.95,675.51,3,0
792.74,0.4,111.84,680.9,2,0
569.72,0.0,112.54,457.18,0,1
820.71,0.4,200.32,620.38,2,0
638.91,0.2,81.22,557.69,1,0
651.92,0.2,109.35,542.56,1,0
964.06,0.6,243.16,720.9,3,0
895.53,0.6,144.38,751.15,3,0
899.07,0.6,140.35,758.72,3,0
1211.72,1.4,171.97,1039.74,7,1
1012.98,0.8,206.7,806.28,4,0
777.08,0.4,141.57,635.51,2,0
1369.18,0.6,678.54,690.64,3,1
686.87,0.2,98.92,587.95,1,0
737.12,0.4,131.86,605.26,2,0
1006.91,0.8,208.19,798.72,4,0
653.29,0.2,103.16,550.13,1,0
916.53,0.6,165.38,751.15,3,0
628.97,0.2,78.84,550.13,1,1
756.4,0.4,113.32,643.08,2,1
817.7,0.4,167.05,650.64,2,0
694.73,0.2,167.3,527.44,1,0
947.49,1.0,78.51,868.97,5,0
652.97,0.2,102.84,550.13,1,0
1140.8,0.6,495.54,645.26,3,1
845.95,0.6,125.05,720.9,3,0
622.77,0.2,57.51,565.26,1,1
887.94,0.6,144.35,743.59,3,0
1025.53,0.8,226.81,798.72,4,0
779.79,0.2,191.84,587.95,1,1
698.8,0.2,133.54,565.26,1,0
796.92,0.4,161.41,635.51,2,0
688.7,0.4,98.57,590.13,2,0
554.61,0.0,89.86,464.74,0,1
724.74,0.4,104.35,620.38,2,1
545.45,0.0,80.7,464.74,0,1
997.75,0.8,206.59,791.15,4,1
925.83,0.8,142.24,783.59,4,0
553.07,0.0,88.32,464.74,0,1
762.75,0.4,104.54,658.21,2,0
950.49,0.6,214.46,736.03,3,0
734.97,0.4,99.46,635.51,2,0
668.01,0.2,102.76,565.26,1,1
1026.0,1.0,149.46,876.54,5,1
1417.7,1.8,252.57,1165.13,9,0
881.17,0.4,207.84,673.33,2,0
534.39,0.0,54.51,479.87,0,0
1076.22,0.6,302.38,773.85,3,0
738.01,0.4,132.76,605.26,2,1
811.04,0.2,245.78,565.26,1,0
722.28,0.2,157.03,565.26,1,1
717.59,0.2,175.03,542.56,1,0
701.06,0.2,173.62,527.44,1,0
657.02,0.2,114.46,542.56,1,1
1094.86,0.8,258.32,836.54,4,0
750.09,0.4,137.27,612.82,2,1
1304.98,1.4,242.54,1062.44,7,0
944.91,0.8,153.76,791.15,4,0
960.64,0.6,201.92,758.72,3,0
629.63,0.2,56.81,572.82,1,0
854.32,0.6,110.73,743.59,3,1
928.62,0.6,192.59,736.03,3,0
709.77,0.2,136.95,572.82,1,0
880.07,0.4,221.86,658.21,2,0
849.56,0.4,198.92,650.64,2,1
773.35,0.4,130.27,643.08,2,0
707.04,0.2,149.35,557.69,1,0
814.61,0.6,108.84,705.77,3,0
780.39,0.4,107.05,673.33,2,0
789.82,0.4,169.43,620.38,2,1
852.31,0.6,138.97,713.33,3,0
563.91,0.0,99.16,464.74,0,0
753.88,0.4,88.11,665.77,2,1
678.03,0.0,198.16,479.87,0,1
623.36,0.2,58.11,565.26,1,1
838.65,0.6,117.76,720.9,3,0
889.97,0.6,146.38,743.59,3,1
629.88,0.2,64.62,565.26,1,1
718.74,0.2,153.49,565.26,1,1
865.16,0.6,129.14,736.03,3,0
690.47,0.2,117.65,572.82,1,1
754.39,0.4,141.57,612.82,2,0
993.31,0.8,179.46,813.85,4,1
535.45,0.0,70.7,464.74,0,1
843.91,0.4,185.7,658.21,2,0
666.87,0.2,94.05,572.82,1,1
772.53,0.4,106.76,665.77,2,0
513.66,0.0,48.92,464.74,0,0
791.01,0.4,125.24,665.77,2,0
655.78,0.2,105.65,550.13,1,0
753.2,0.4,87.43,665.77,2,0
799.21,0.4,148.57,650.64,2,0
789.23,0.4,123.46,665.77,2,0
787.2,0.4,121.43,665.77,2,0
921.05,0.6,169.89,751.15,3,0
769.77,0.4,96.43,673.33,2,0
572.77,0.0,100.46,472.31,0,0
644.8,0.2,79.54,565.26,1,1
826.72,0.6,83.14,743.59,3,1
541.28,0.0,61.41,479.87,0,0
762.7,0.4,119.62,643.08,2,0
798.15,0.4,132.38,665.77,2,0
733.55,0.2,168.3,565.26,1,0
650.58,0.2,85.32,565.26,1,0
715.45,0.2,150.19,565.26,1,1
527.18,0.0,62.43,464.74,0,0
1068.94,1.0,192.41,876.54,5,1
606.64,0.0,141.89,464.74,0,1
505.18,0.0,48.0,457.18,0,0
830.29,0.4,187.22,643.08,2,0
776.45,0.4,118.24,658.21,2,0
703.36,0.2,138.11,565.26,1,0
700.66,0.2,127.84,572.82,1,0
551.28,0.0,86.54,464.74,0,0
819.57,0.6,91.11,728.46,3,0
885.63,0.6,119.35,766.28,3,0
547.8,0.0,83.05,464.74,0,0
593.34,0.0,128.59,464.74,0,1
720.96,0.2,155.7,565.26,1,0
684.82,0.2,119.57,565.26,1,0
1072.53,0.8,213.3,859.23,4,0
679.01,0.2,113.76,565.26,1,0
529.07,0.0,64.32,464.74,0,0
572.47,0.0,107.73,464.74,0,1
491.46,0.0,49.41,442.05,0,0
534.96,0.0,70.22,464.74,0,1
544.74,0.0,80.0,464.74,0,1
644.61,0.2,86.92,557.69,1,1
598.89,0.2,56.32,542.56,1,0
955.67,0.6,204.51,751.15,3,0
1054.49,0.2,534.62,519.87,1,1
705.95,0.2,125.57,580.38,1,0
686.93,0.2,121.68,565.26,1,0
779.2,0.4,113.43,665.77,2,0
568.74,0.0,104.0,464.74,0,0
675.96,0.2,118.27,557.69,1,1
825.1,0.4,166.89,658.21,2,1
822.94,0.4,172.3,650.64,2,0
600.58,0.0,128.27,472.31,0,0
1046.51,0.8,270.49,776.03,4,1
1358.07,0.6,659.86,698.21,3,1
604.68,0.0,109.68,495.0,0,0
544.85,0.0,80.11,464.74,0,0
618.72,0.2,61.03,557.69,1,1
690.42,0.2,125.16,565.26,1,1
743.78,0.4,93.14,650.64,2,0
833.5,0.4,175.3,658.21,2,0
702.4,0.2,144.7,557.69,1,1
878.39,0.4,212.62,665.77,2,0
705.58,0.2,132.76,572.82,1,0
1114.87,0.8,285.89,828.97,4,0
806.89,0.4,163.81,643.08,2,0
883.01,0.4,217.24,665.77,2,0
1165.05,1.0,228.0,937.05,5,0
753.71,0.2,180.89,572.82,1,1
629.77,0.0,165.03,464.74,0,0
783.12,0.4,117.35,665.77,2,0
1042.44,1.0,135.65,906.79,5,0
908.53,0.6,157.38,751.15,3,0
813.79,0.4,140.46,673.33,2,0
660.91,0.2,95.65,565.26,1,0
770.46,0.4,127.38,643.08,2,1
798.25,0.4,170.3,627.95,2,1
974.09,0.8,152.68,821.41,4,0
1071.63,1.0,157.27,914.36,5,1
750.52,0.2,177.7,572.82,1,1
760.99,0.4,95.22,665.77,2,0
681.32,0.2,131.19,550.13,1,0
519.77,0.0,55.03,464.74,0,0
643.96,0.2,78.7,565.26,1,1
745.88,0.2,180.62,565.26,1,1
807.12,0.4,141.35,665.77,2,0
543.26,0.0,78.51,464.74,0,0
960.43,0.8,116.32,844.1,4,0
641.35,0.2,106.35,535.0,1,0
984.13,0.6,240.54,743.59,3,0
560.01,0.0,95.27,464.74,0,0
521.07,0.0,56.32,464.74,0,0
749.85,0.2,184.59,565.26,1,1
561.18,0.0,96.43,464.74,0,0
840.02,0.2,289.89,550.13,1,1
639.77,0.2,74.51,565.26,1,0
559.8,0.0,95.05,464.74,0,0
684.26,0.2,126.57,557.69,1,0
571.88,0.0,107.14,464.74,0,0
628.59,0.2,86.03,542.56,1,1
568.23,0.0,111.05,457.18,0,0
625.26,0.0,160.51,464.74,0,1
499.51,0.0,65.03,434.49,0,1
718.67,0.4,68.03,650.64,2,0
545.07,0.0,80.32,464.74,0,1
1011.76,0.8,182.78,828.97,4,1
650.99,0.2,85.73,565.26,1,0
925.16,0.6,181.57,743.59,3,0
894.39,0.4,228.62,665.77,2,0
661.09,0.2,95.84,565.26,1,0
837.58,0.4,171.81,665.77,2,0
1048.94,0.2,551.76,497.18,1,1
602.98,0.0,130.68,472.31,0,1
687.53,0.2,122.27,565.26,1,1
1176.32,0.4,601.32,575.0,2,1
796.5,0.4,123.16,673.33,2,0
931.66,0.6,165.38,766.28,3,0
864.98,0.6,144.08,720.9,3,0
998.8,0.8,192.51,806.28,4,0
642.58,0.2,77.32,565.26,1,1
743.79,0.2,170.97,572.82,1,0
712.3,0.2,124.35,587.95,1,1
676.88,0.2,111.62,565.26,1,0
548.26,0.0,83.51,464.74,0,0
823.31,0.6,117.54,705.77,3,1
583.77,0.0,119.03,464.74,0,0
664.85,0.2,107.16,557.69,1,0
657.36,0.2,84.54,572.82,1,0
811.26,0.4,145.49,665.77,2,0
836.93,0.4,171.16,665.77,2,0
811.64,0.4,161.0,650.64,2,0
685.34,0.2,120.08,565.26,1,1
1011.01,0.8,197.16,813.85,4,0
654.04,0.2,81.22,572.82,1,1
832.02,0.4,173.81,658.21,2,0
627.58,0.0,162.84,464.74,0,0
804.93,0.4,139.16,665.77,2,0
675.42,0.2,110.16,565.26,1,0
731.36,0.4,118.54,612.82,2,0
686.91,0.2,121.65,565.26,1,0
646.36,0.2,81.11,565.26,1,1
682.42,0.2,117.16,565.26,1,1
636.88,0.2,71.62,565.26,1,1
805.53,0.4,154.89,650.64,2,0
743.01,0.2,162.62,580.38,1,1
710.85,0.2,145.59,565.26,1,0
629.66,0.2,64.41,565.26,1,0
952.07,0.6,193.35,758.72,3,0
920.66,0.6,207.32,713.33,3,0
592.28,0.0,119.97,472.31,0,0
842.25,0.6,113.78,728.46,3,0
789.55,0.4,176.73,612.82,2,0
811.61,0.4,153.41,658.21,2,0
915.62,0.6,179.59,736.03,3,0
903.15,0.6,152.0,751.15,3,0
712.58,0.2,139.76,572.82,1,0
805.15,0.4,139.38,665.77,2,0
624.93,0.2,52.11,572.82,1,0
954.64,0.6,195.92,758.72,3,0
774.28,0.4,100.95,673.33,2,0
689.23,0.2,123.97,565.26,1,0
574.83,0.0,117.65,457.18,0,0
755.5,0.2,190.24,565.26,1,0
569.61,0.0,104.86,464.74,0,0
700.72,0.2,135.46,565.26,1,1
960.69,0.6,209.54,751.15,3,0
775.58,0.4,102.24,673.33,2,1
813.82,0.4,140.49,673.33,2,1
927.53,0.6,168.81,758.72,3,0
925.79,0.8,111.95,813.85,4,0
648.66,0.2,75.84,572.82,1,0
887.63,0.6,121.35,766.28,3,0
686.48,0.2,136.35,550.13,1,1
682.61,0.2,117.35,565.26,1,1
634.26,0.2,69.0,565.26,1,1
561.18,0.0,96.43,464.74,0,0
644.45,0.2,94.32,550.13,1,1
684.12,0.2,118.86,565.26,1,0
844.04,0.4,178.27,665.77,2,0
566.2,0.0,101.46,464.74,0,1
766.42,0.4,100.65,665.77,2,0
798.93,0.4,133.16,665.77,2,1
776.64,0.4,133.57,643.08,2,0
700.61,0.2,135.35,565.26,1,0
719.98,0.2,139.59,580.38,1,0
831.77,0.4,166.0,665.77,2,1
531.77,0.0,67.03,464.74,0,0
756.99,0.2,191.73,565.26,1,0
880.37,0.6,121.65,758.72,3,0
811.66,0.4,145.89,665.77,2,0
735.44,0.2,162.62,572.82,1,0
526.85,0.0,62.11,464.74,0,0
538.66,0.0,73.92,464.74,0,0
740.78,0.4,97.7,643.08,2,0
1020.69,0.8,229.54,791.15,4,0
655.39,0.2,90.14,565.26,1,1
