"Total_Cost","Ratio_Reloc_Prod","Horiz_Cost","Vert_Cost","nReloc","non_Optimal"
229482.67,0.4553,37218.35,192264.45,683,750
534.71,1.5,62.41,472.31,3,1
393.72,1.0,44.62,349.1,2,1
435.39,1.0,56.03,379.36,2,1
434.21,1.0,77.54,356.67,2,1
260.22,0.0,66.76,193.46,0,1
319.55,0.5,40.7,278.85,1,1
217.43,0.0,16.41,201.03,0,1
219.52,0.0,33.62,185.9,0,1
737.27,2.5,154.7,582.56,5,1
466.01,1.0,86.65,379.36,2,1
219.46,0.0,26.0,193.46,0,1
326.37,0.5,62.65,263.72,1,1
349.11,0.5,55.14,293.97,1,1
205.46,0.0,12.0,193.46,0,1
217.13,0.0,16.11,201.03,0,1
518.53,1.0,169.43,349.1,2,1
416.34,1.0,52.11,364.23,2,1
209.46,0.0,16.0,193.46,0,1
234.65,0.0,33.62,201.03,0,1
291.42,0.5,27.7,263.72,1,1
202.99,0.0,32.22,170.77,0,1
221.52,0.0,35.62,185.9,0,1
519.17,1.5,107.38,411.79,3,1
352.34,0.5,81.05,271.28,1,1
346.91,0.5,90.76,256.15,1,1
259.89,0.0,66.43,193.46,0,1
484.03,1.5,57.11,426.92,3,1
384.41,1.0,50.43,333.97,2,1
338.82,0.5,67.54,271.28,1,1
445.99,1.0,81.76,364.23,2,1
514.17,1.5,102.38,411.79,3,1
283.09,0.0,97.19,185.9,0,1
186.33,0.0,8.0,178.33,0,1
191.74,0.0,13.41,178.33,0,1
487.84,1.5,60.92,426.92,3,1
444.02,1.0,87.35,356.67,2,1
207.25,0.0,28.92,178.33,0,1
224.06,0.0,45.73,178.33,0,1
293.42,0.5,29.7,263.72,1,1
350.42,0.5,94.27,256.15,1,1
227.9,0.0,42.0,185.9,0,1
346.18,0.5,82.46,263.72,1,1
208.71,0.0,22.81,185.9,0,1
365.68,1.0,31.7,333.97,2,1
225.57,0.0,32.11,193.46,0,1
475.86,1.0,119.19,356.67,2,1
286.86,0.5,30.7,256.15,1,1
223.63,0.0,37.73,185.9,0,1
239.42,0.0,68.65,170.77,0,1
340.53,0.5,69.24,271.28,1,1
333.13,0.5,84.54,248.59,1,1
288.62,0.5,40.03,248.59,1,1
169.21,0.0,6.0,163.21,0,1
171.91,0.0,8.7,163.21,0,1
171.91,0.0,8.7,163.21,0,1
171.91,0.0,8.7,163.21,0,1
368.35,1.0,26.81,341.54,2,1
191.04,0.0,12.7,178.33,0,1
174.61,0.0,11.41,163.21,0,1
524.03,1.5,89.54,434.49,3,1
292.15,0.5,36.0,256.15,1,1
201.9,0.0,16.0,185.9,0,1
308.61,0.5,37.32,271.28,1,1
401.69,1.0,45.03,356.67,2,1
186.33,0.0,8.0,178.33,0,1
232.33,0.0,46.43,185.9,0,1
377.38,1.0,43.41,333.97,2,1
262.36,0.0,76.46,185.9,0,1
366.94,1.0,25.41,341.54,2,1
455.5,1.5,43.7,411.79,3,1
198.44,0.0,20.11,178.33,0,1
243.28,0.0,64.95,178.33,0,1
202.01,0.0,16.11,185.9,0,1
332.37,0.5,68.65,263.72,1,1
325.41,0.5,39.0,286.41,1,1
328.07,0.5,64.35,263.72,1,1
190.74,0.0,12.41,178.33,0,1
428.09,1.0,101.68,326.41,2,1
440.18,1.0,75.95,364.23,2,1
628.98,2.0,116.68,512.31,4,1
346.44,0.5,60.03,286.41,1,1
269.52,0.0,76.05,193.46,0,1
284.59,0.5,36.0,248.59,1,1
188.33,0.0,10.0,178.33,0,1
500.44,1.5,88.65,411.79,3,1
562.92,1.5,136.0,426.92,3,1
331.39,0.5,52.54,278.85,1,1
339.5,1.0,28.22,311.28,2,1
457.31,1.5,45.51,411.79,3,1
661.92,2.0,134.49,527.44,4,1
367.28,0.5,80.86,286.41,1,1
316.11,0.5,29.7,286.41,1,1
472.18,1.5,67.95,404.23,3,1
255.57,0.0,54.54,201.03,0,1
408.77,1.0,52.11,356.67,2,1
208.3,0.0,22.41,185.9,0,1
219.46,0.0,26.0,193.46,0,1
315.36,0.5,36.51,278.85,1,1
203.9,0.0,18.0,185.9,0,1
212.01,0.0,26.11,185.9,0,1
389.97,1.0,48.43,341.54,2,1
241.03,0.0,55.14,185.9,0,1
307.74,0.5,44.03,263.72,1,1
416.64,1.0,67.54,349.1,2,1
586.15,1.5,128.97,457.18,3,1
313.74,0.5,50.03,263.72,1,1
385.0,1.0,51.03,333.97,2,1
417.19,1.0,75.65,341.54,2,1
273.47,0.0,87.57,185.9,0,1
222.31,0.0,51.54,170.77,0,1
208.9,0.0,23.0,185.9,0,1
451.02,1.0,109.49,341.54,2,1
218.22,0.0,32.32,185.9,0,1
194.33,0.0,16.0,178.33,0,1
314.52,0.5,28.11,286.41,1,1
315.13,0.5,66.54,248.59,1,1
699.75,3.0,69.62,630.13,6,1
482.25,1.5,55.32,426.92,3,1
225.98,0.0,32.51,193.46,0,1
329.77,0.5,50.92,278.85,1,1
225.77,0.0,47.43,178.33,0,1
203.9,0.0,18.0,185.9,0,1
376.52,0.5,97.68,278.85,1,1
308.47,0.5,29.62,278.85,1,1
303.64,0.5,39.92,263.72,1,1
358.76,0.5,72.35,286.41,1,1
261.5,0.0,83.16,178.33,0,1
449.39,1.0,85.16,364.23,2,1
321.38,0.5,27.41,293.97,1,1
216.87,0.0,23.41,193.46,0,1
204.6,0.0,18.7,185.9,0,1
198.44,0.0,20.11,178.33,0,1
407.24,0.5,113.27,293.97,1,1
367.44,0.5,96.16,271.28,1,1
494.85,1.5,83.05,411.79,3,1
226.98,0.0,33.51,193.46,0,1
406.08,1.0,64.54,341.54,2,1
335.87,0.5,57.03,278.85,1,1
425.69,1.0,69.03,356.67,2,1
315.97,0.5,22.0,293.97,1,1
249.84,0.0,63.95,185.9,0,1
327.31,0.5,56.03,271.28,1,1
508.5,1.5,104.27,404.23,3,1
326.63,0.5,40.22,286.41,1,1
205.9,0.0,20.0,185.9,0,1
318.61,0.5,47.32,271.28,1,1
230.77,0.0,52.43,178.33,0,1
188.33,0.0,10.0,178.33,0,1
315.92,0.5,29.51,286.41,1,1
288.37,0.5,32.22,256.15,1,1
175.21,0.0,12.0,163.21,0,1
174.61,0.0,11.41,163.21,0,1
329.23,0.5,57.95,271.28,1,1
335.41,0.5,49.0,286.41,1,1
648.52,2.5,88.65,559.87,5,1
250.7,0.0,57.24,193.46,0,1
341.14,0.5,54.73,286.41,1,1
213.9,0.0,28.0,185.9,0,1
327.63,0.5,41.22,286.41,1,1
235.8,0.0,65.03,170.77,0,1
507.17,1.5,80.24,426.92,3,1
421.56,1.0,57.32,364.23,2,1
457.96,1.5,53.73,404.23,3,1
443.79,1.5,32.0,411.79,3,1
186.33,0.0,8.0,178.33,0,1
200.99,0.0,30.22,170.77,0,1
339.38,0.5,45.41,293.97,1,1
218.82,0.0,32.92,185.9,0,1
222.06,0.0,43.73,178.33,0,1
182.88,0.0,12.11,170.77,0,1
198.33,0.0,20.0,178.33,0,1
285.56,0.5,29.41,256.15,1,1
281.67,0.5,25.51,256.15,1,1
224.92,0.0,39.03,185.9,0,1
207.9,0.0,22.0,185.9,0,1
374.87,0.5,88.46,286.41,1,1
468.14,1.0,141.73,326.41,2,1
202.01,0.0,16.11,185.9,0,1
196.77,0.0,26.0,170.77,0,1
316.85,0.5,38.0,278.85,1,1
394.67,1.0,38.0,356.67,2,1
394.37,1.0,37.7,356.67,2,1
304.06,0.5,25.22,278.85,1,1
353.36,0.5,66.95,286.41,1,1
210.01,0.0,24.11,185.9,0,1
233.79,0.0,40.32,193.46,0,1
322.8,0.5,66.65,256.15,1,1
460.82,1.5,49.03,411.79,3,1
286.46,0.5,45.43,241.03,1,1
355.54,1.0,14.0,341.54,2,1
455.48,1.0,106.38,349.1,2,1
203.3,0.0,17.41,185.9,0,1
227.63,0.0,41.73,185.9,0,1
366.17,1.0,47.32,318.85,2,1
379.86,1.0,38.32,341.54,2,1
260.36,0.0,74.46,185.9,0,1
489.28,1.5,85.05,404.23,3,1
345.49,0.5,51.51,293.97,1,1
430.86,1.0,81.76,349.1,2,1
205.14,0.0,26.81,178.33,0,1
409.97,1.0,68.43,341.54,2,1
208.6,0.0,22.7,185.9,0,1
251.39,0.0,73.05,178.33,0,1
335.32,0.5,79.16,256.15,1,1
359.44,0.5,88.16,271.28,1,1
200.55,0.0,22.22,178.33,0,1
407.46,1.0,81.05,326.41,2,1
308.82,0.5,22.41,286.41,1,1
425.8,1.0,69.14,356.67,2,1
209.9,0.0,24.0,185.9,0,1
281.66,0.0,110.89,170.77,0,1
333.68,0.5,39.7,293.97,1,1
217.46,0.0,24.0,193.46,0,1
345.25,0.5,58.84,286.41,1,1
431.54,1.0,97.57,333.97,2,1
455.94,1.0,99.27,356.67,2,1
358.94,1.0,17.41,341.54,2,1
350.76,0.5,64.35,286.41,1,1
204.71,0.0,18.81,185.9,0,1
312.19,0.5,71.16,241.03,1,1
171.91,0.0,8.7,163.21,0,1
369.87,0.5,83.46,286.41,1,1
337.25,0.5,50.84,286.41,1,1
452.01,1.5,40.22,411.79,3,1
186.33,0.0,8.0,178.33,0,1
461.5,1.5,49.7,411.79,3,1
221.11,0.0,35.22,185.9,0,1
299.07,0.5,42.92,256.15,1,1
202.33,0.0,24.0,178.33,0,1
182.72,0.0,19.51,163.21,0,1
270.71,0.0,92.38,178.33,0,1
208.11,0.0,22.22,185.9,0,1
321.19,0.5,80.16,241.03,1,1
252.55,0.0,66.65,185.9,0,1
194.33,0.0,16.0,178.33,0,1
373.92,1.0,47.51,326.41,2,1
261.57,0.0,60.54,201.03,0,1
383.72,0.5,120.0,263.72,1,1
226.92,0.0,41.03,185.9,0,1
341.04,0.5,77.32,263.72,1,1
191.33,0.0,13.0,178.33,0,1
191.58,0.0,20.81,170.77,0,1
223.63,0.0,37.73,185.9,0,1
380.68,0.5,94.27,286.41,1,1
225.36,0.0,47.03,178.33,0,1
305.66,0.5,26.81,278.85,1,1
202.33,0.0,24.0,178.33,0,1
204.74,0.0,26.41,178.33,0,1
311.67,0.5,70.65,241.03,1,1
300.44,0.0,122.11,178.33,0,1
190.33,0.0,12.0,178.33,0,1
410.19,1.0,68.65,341.54,2,1
186.33,0.0,8.0,178.33,0,1
184.47,0.0,13.7,170.77,0,1
324.47,0.5,45.62,278.85,1,1
354.74,1.0,51.03,303.72,2,1
184.33,0.0,6.0,178.33,0,1
295.16,0.5,54.14,241.03,1,1
350.79,0.5,71.95,278.85,1,1
262.81,0.0,69.35,193.46,0,1
349.5,1.0,38.22,311.28,2,1
171.21,0.0,8.0,163.21,0,1
385.27,1.0,43.73,341.54,2,1
281.78,0.0,80.76,201.03,0,1
367.17,0.5,80.76,286.41,1,1
205.9,0.0,20.0,185.9,0,1
177.21,0.0,14.0,163.21,0,1
200.33,0.0,22.0,178.33,0,1
396.98,0.5,125.7,271.28,1,1
178.91,0.0,15.7,163.21,0,1
381.21,1.0,32.11,349.1,2,1
378.67,1.0,22.0,356.67,2,1
280.15,0.5,24.0,256.15,1,1
369.65,1.0,28.11,341.54,2,1
202.39,0.0,31.62,170.77,0,1
330.85,0.5,52.0,278.85,1,1
238.65,0.0,37.62,201.03,0,1
200.99,0.0,30.22,170.77,0,1
205.25,0.0,26.92,178.33,0,1
430.32,1.0,73.65,356.67,2,1
243.09,0.0,64.76,178.33,0,1
357.65,0.5,71.24,286.41,1,1
211.85,0.0,33.51,178.33,0,1
269.67,0.0,68.65,201.03,0,1
326.21,0.5,70.05,256.15,1,1
384.17,0.5,112.89,271.28,1,1
198.33,0.0,20.0,178.33,0,1
244.7,0.0,51.24,193.46,0,1
197.9,0.0,12.0,185.9,0,1
197.04,0.0,18.7,178.33,0,1
198.33,0.0,20.0,178.33,0,1
177.21,0.0,14.0,163.21,0,1
403.48,1.0,61.95,341.54,2,1
378.77,1.0,22.11,356.67,2,1
218.66,0.0,40.32,178.33,0,1
205.95,0.0,27.62,178.33,0,1
500.7,1.5,66.22,434.49,3,1
420.85,1.0,56.62,364.23,2,1
316.36,0.5,37.51,278.85,1,1
352.7,0.5,58.73,293.97,1,1
224.22,0.0,38.32,185.9,0,1
315.42,0.5,51.7,263.72,1,1
408.59,1.0,51.92,356.67,2,1
360.46,0.5,74.05,286.41,1,1
312.82,0.5,26.41,286.41,1,1
198.33,0.0,20.0,178.33,0,1
476.77,1.0,104.97,371.79,2,1
231.68,0.0,38.22,193.46,0,1
277.59,0.5,29.0,248.59,1,1
304.25,0.5,25.41,278.85,1,1
426.56,1.0,62.32,364.23,2,1
228.27,0.0,34.81,193.46,0,1
242.44,0.0,56.54,185.9,0,1
268.81,0.0,75.35,193.46,0,1
440.47,1.0,76.24,364.23,2,1
200.74,0.0,22.41,178.33,0,1
208.33,0.0,30.0,178.33,0,1
376.03,0.5,82.05,293.97,1,1
213.9,0.0,28.0,185.9,0,1
508.55,1.5,96.76,411.79,3,1
362.31,0.5,83.46,278.85,1,1
231.98,0.0,38.51,193.46,0,1
343.28,0.5,64.43,278.85,1,1
473.23,1.5,61.43,411.79,3,1
329.66,0.5,65.95,263.72,1,1
171.21,0.0,8.0,163.21,0,1
328.92,0.5,42.51,286.41,1,1
197.99,0.0,27.22,170.77,0,1
200.04,0.0,21.7,178.33,0,1
206.33,0.0,28.0,178.33,0,1
301.28,0.5,30.0,271.28,1,1
259.63,0.0,88.86,170.77,0,1
188.33,0.0,10.0,178.33,0,1
208.33,0.0,30.0,178.33,0,1
214.33,0.0,36.0,178.33,0,1
365.34,0.5,109.19,256.15,1,1
216.06,0.0,37.73,178.33,0,1
309.69,0.5,53.54,256.15,1,1
402.62,1.0,53.51,349.1,2,1
216.46,0.0,23.0,193.46,0,1
345.98,0.5,67.14,278.85,1,1
243.84,0.0,57.95,185.9,0,1
224.11,0.0,38.22,185.9,0,1
217.2,0.0,46.43,170.77,0,1
218.33,0.0,40.0,178.33,0,1
236.98,0.0,58.65,178.33,0,1
378.18,1.0,74.46,303.72,2,1
254.57,0.5,21.11,233.46,1,1
178.91,0.0,15.7,163.21,0,1
355.95,0.5,69.54,286.41,1,1
334.32,0.5,78.16,256.15,1,1
201.9,0.0,16.0,185.9,0,1
261.9,0.0,83.57,178.33,0,1
190.17,0.0,19.41,170.77,0,1
293.88,0.5,37.73,256.15,1,1
254.55,0.0,68.65,185.9,0,1
207.2,0.0,36.43,170.77,0,1
177.91,0.0,14.7,163.21,0,1
180.21,0.0,17.0,163.21,0,1
337.82,0.5,66.54,271.28,1,1
381.71,0.5,102.86,278.85,1,1
287.28,0.5,16.0,271.28,1,1
377.68,1.0,58.84,318.85,2,1
411.97,1.0,70.43,341.54,2,1
444.18,1.0,79.95,364.23,2,1
227.42,0.0,56.65,170.77,0,1
418.4,1.0,61.73,356.67,2,1
187.21,0.0,24.0,163.21,0,1
190.77,0.0,20.0,170.77,0,1
322.42,0.5,51.14,271.28,1,1
223.03,0.0,22.0,201.03,0,1
224.92,0.0,39.03,185.9,0,1
208.33,0.0,30.0,178.33,0,1
452.73,1.0,111.19,341.54,2,1
285.67,0.5,29.51,256.15,1,1
226.11,0.0,40.22,185.9,0,1
349.25,0.5,62.84,286.41,1,1
225.46,0.0,32.0,193.46,0,1
381.21,1.0,32.11,349.1,2,1
356.36,0.5,69.95,286.41,1,1
250.39,0.0,72.05,178.33,0,1
609.52,2.5,57.22,552.31,5,1
514.14,1.5,79.65,434.49,3,1
225.52,0.0,39.62,185.9,0,1
194.33,0.0,16.0,178.33,0,1
197.74,0.0,19.41,178.33,0,1
336.53,0.5,65.24,271.28,1,1
406.62,0.5,158.03,248.59,1,1
376.89,1.0,42.92,333.97,2,1
322.41,0.5,36.0,286.41,1,1
324.22,0.5,37.81,286.41,1,1
195.9,0.0,10.0,185.9,0,1
213.9,0.0,28.0,185.9,0,1
396.67,1.0,55.14,341.54,2,1
503.2,1.5,98.97,404.23,3,1
374.73,1.0,48.32,326.41,2,1
364.24,1.0,22.7,341.54,2,1
273.24,0.5,32.22,241.03,1,1
204.44,0.0,26.11,178.33,0,1
232.98,0.0,39.51,193.46,0,1
590.32,2.0,108.27,482.05,4,1
198.33,0.0,20.0,178.33,0,1
288.15,0.5,32.0,256.15,1,1
209.9,0.0,24.0,185.9,0,1
229.19,0.0,35.73,193.46,0,1
179.31,0.0,16.11,163.21,0,1
237.74,0.0,51.84,185.9,0,1
421.7,1.0,80.16,341.54,2,1
447.79,1.5,36.0,411.79,3,1
542.22,2.0,67.73,474.49,4,1
205.8,0.0,35.03,170.77,0,1
336.91,0.5,80.76,256.15,1,1
212.98,0.0,19.51,193.46,0,1
233.03,0.0,47.14,185.9,0,1
385.16,1.0,43.62,341.54,2,1
317.58,0.5,38.73,278.85,1,1
213.9,0.0,28.0,185.9,0,1
206.33,0.0,28.0,178.33,0,1
446.29,1.5,49.62,396.67,3,1
192.6,0.0,6.7,185.9,0,1
222.46,0.0,29.0,193.46,0,1
342.84,0.5,56.43,286.41,1,1
312.15,0.5,48.43,263.72,1,1
190.44,0.0,12.11,178.33,0,1
482.28,1.5,78.05,404.23,3,1
214.43,0.0,13.41,201.03,0,1
192.44,0.0,14.11,178.33,0,1
414.87,1.0,88.46,326.41,2,1
194.33,0.0,16.0,178.33,0,1
264.16,0.0,63.14,201.03,0,1
205.33,0.0,27.0,178.33,0,1
317.66,0.5,38.81,278.85,1,1
181.21,0.0,18.0,163.21,0,1
296.48,0.5,40.32,256.15,1,1
364.24,1.0,22.7,341.54,2,1
187.42,0.0,24.22,163.21,0,1
480.72,1.5,84.05,396.67,3,1
437.1,1.0,80.43,356.67,2,1
249.52,0.0,63.62,185.9,0,1
305.77,0.5,26.92,278.85,1,1
325.96,0.5,62.24,263.72,1,1
340.14,0.5,53.73,286.41,1,1
418.19,1.0,76.65,341.54,2,1
203.9,0.0,18.0,185.9,0,1
198.33,0.0,20.0,178.33,0,1
305.04,0.5,41.32,263.72,1,1
205.25,0.0,26.92,178.33,0,1
224.27,0.0,30.81,193.46,0,1
194.33,0.0,16.0,178.33,0,1
398.72,1.0,49.62,349.1,2,1
413.07,1.0,56.41,356.67,2,1
452.47,1.0,88.24,364.23,2,1
494.28,1.5,90.05,404.23,3,1
383.09,0.5,96.68,286.41,1,1
230.27,0.0,36.81,193.46,0,1
233.58,0.0,55.24,178.33,0,1
266.22,0.0,72.76,193.46,0,1
209.3,0.0,23.41,185.9,0,1
206.33,0.0,28.0,178.33,0,1
391.27,1.0,49.73,341.54,2,1
196.69,0.0,25.92,170.77,0,1
231.63,0.0,45.73,185.9,0,1
388.71,0.5,109.86,278.85,1,1
214.46,0.0,21.0,193.46,0,1
344.09,0.5,65.24,278.85,1,1
449.79,1.5,38.0,411.79,3,1
227.46,0.0,34.0,193.46,0,1
204.33,0.0,26.0,178.33,0,1
215.9,0.0,45.14,170.77,0,1
279.59,0.5,31.0,248.59,1,1
190.77,0.0,20.0,170.77,0,1
171.91,0.0,8.7,163.21,0,1
358.94,1.0,17.41,341.54,2,1
337.03,0.5,50.62,286.41,1,1
500.13,1.0,151.03,349.1,2,1
197.3,0.0,11.41,185.9,0,1
212.44,0.0,34.11,178.33,0,1
293.78,0.5,37.62,256.15,1,1
564.4,2.0,82.35,482.05,4,1
234.54,0.0,33.51,201.03,0,1
347.92,0.5,106.89,241.03,1,1
398.46,1.0,72.05,326.41,2,1
416.61,1.0,59.95,356.67,2,1
357.36,0.5,70.95,286.41,1,1
418.14,1.0,84.16,333.97,2,1
299.5,0.5,28.22,271.28,1,1
373.05,1.0,31.51,341.54,2,1
355.7,0.5,61.73,293.97,1,1
269.24,0.5,28.22,241.03,1,1
174.61,0.0,11.41,163.21,0,1
211.64,0.0,48.43,163.21,0,1
239.68,0.0,61.35,178.33,0,1
441.21,1.0,99.68,341.54,2,1
296.09,0.5,24.81,271.28,1,1
190.04,0.0,11.7,178.33,0,1
441.47,1.0,77.24,364.23,2,1
529.17,1.5,102.24,426.92,3,1
227.01,0.0,56.24,170.77,0,1
199.14,0.0,20.81,178.33,0,1
347.09,0.5,68.24,278.85,1,1
227.03,0.0,26.0,201.03,0,1
266.76,0.0,80.86,185.9,0,1
171.21,0.0,8.0,163.21,0,1
195.14,0.0,16.81,178.33,0,1
261.95,0.0,76.05,185.9,0,1
474.12,1.5,62.32,411.79,3,1
202.33,0.0,24.0,178.33,0,1
203.85,0.0,25.51,178.33,0,1
343.55,0.5,57.14,286.41,1,1
194.33,0.0,16.0,178.33,0,1
352.49,0.5,73.65,278.85,1,1
359.95,0.5,73.54,286.41,1,1
189.21,0.0,26.0,163.21,0,1
341.88,0.5,78.16,263.72,1,1
263.41,0.0,69.95,193.46,0,1
208.33,0.0,30.0,178.33,0,1
239.63,0.0,53.73,185.9,0,1
186.77,0.0,16.0,170.77,0,1
320.98,0.5,95.08,225.9,1,1
503.79,1.5,84.43,419.36,3,1
380.3,1.0,46.32,333.97,2,1
320.96,0.5,57.24,263.72,1,1
581.8,1.5,132.19,449.62,3,1
207.46,0.0,14.0,193.46,0,1
385.75,1.0,44.22,341.54,2,1
210.01,0.0,24.11,185.9,0,1
471.4,1.5,74.73,396.67,3,1
253.3,0.0,59.84,193.46,0,1
252.25,0.0,66.35,185.9,0,1
404.78,1.0,63.24,341.54,2,1
186.33,0.0,8.0,178.33,0,1
230.98,0.0,37.51,193.46,0,1
183.21,0.0,20.0,163.21,0,1
351.58,0.5,87.86,263.72,1,1
200.33,0.0,22.0,178.33,0,1
206.33,0.0,28.0,178.33,0,1
567.58,1.5,148.22,419.36,3,1
358.29,0.5,94.57,263.72,1,1
390.25,1.0,63.84,326.41,2,1
295.23,0.5,31.51,263.72,1,1
341.98,0.5,63.14,278.85,1,1
231.03,0.0,30.0,201.03,0,1
387.73,0.5,93.76,293.97,1,1
603.8,2.0,99.05,504.74,4,1
233.03,0.0,32.0,201.03,0,1
310.74,0.5,47.03,263.72,1,1
378.98,0.5,92.57,286.41,1,1
215.46,0.0,22.0,193.46,0,1
304.34,0.5,40.62,263.72,1,1
369.46,0.5,83.05,286.41,1,1
206.9,0.0,21.0,185.9,0,1
181.21,0.0,18.0,163.21,0,1
202.28,0.0,31.51,170.77,0,1
256.0,0.0,62.54,193.46,0,1
218.6,0.0,32.7,185.9,0,1
213.9,0.0,28.0,185.9,0,1
325.22,0.5,38.81,286.41,1,1
365.54,1.0,24.0,341.54,2,1
402.85,1.0,91.57,311.28,2,1
392.79,0.5,106.38,286.41,1,1
284.83,0.5,21.11,263.72,1,1
394.59,1.0,37.92,356.67,2,1
248.6,0.0,55.14,193.46,0,1
198.33,0.0,20.0,178.33,0,1
181.21,0.0,18.0,163.21,0,1
204.33,0.0,26.0,178.33,0,1
208.66,0.0,30.32,178.33,0,1
412.89,1.0,71.35,341.54,2,1
258.03,0.5,17.0,241.03,1,1
355.5,1.0,44.22,311.28,2,1
182.88,0.0,12.11,170.77,0,1
438.4,1.0,96.86,341.54,2,1
205.3,0.0,19.41,185.9,0,1
239.53,0.0,68.76,170.77,0,1
211.09,0.0,40.32,170.77,0,1
169.21,0.0,6.0,163.21,0,1
472.84,1.0,131.3,341.54,2,1
190.33,0.0,12.0,178.33,0,1
396.21,1.0,47.11,349.1,2,1
343.37,0.5,79.65,263.72,1,1
210.71,0.0,24.81,185.9,0,1
201.74,0.0,23.41,178.33,0,1
214.9,0.0,29.0,185.9,0,1
365.15,0.5,93.86,271.28,1,1
191.04,0.0,12.7,178.33,0,1
180.02,0.0,16.81,163.21,0,1
387.27,1.0,45.73,341.54,2,1
620.61,2.5,83.43,537.18,5,1
245.14,0.0,59.24,185.9,0,1
202.14,0.0,23.81,178.33,0,1
313.2,0.5,41.92,271.28,1,1
202.16,0.0,8.7,193.46,0,1
628.39,2.0,116.08,512.31,4,1
227.03,0.0,26.0,201.03,0,1
225.68,0.0,32.22,193.46,0,1
205.3,0.0,19.41,185.9,0,1
376.63,1.0,65.35,311.28,2,1
257.25,0.0,71.35,185.9,0,1
407.44,1.0,96.16,311.28,2,1
381.37,1.0,77.65,303.72,2,1
175.21,0.0,12.0,163.21,0,1
319.4,0.5,63.24,256.15,1,1
543.74,1.5,139.51,404.23,3,1
469.31,1.5,57.51,411.79,3,1
403.29,1.0,46.62,356.67,2,1
194.33,0.0,16.0,178.33,0,1
313.69,0.5,57.54,256.15,1,1
476.07,1.5,71.84,404.23,3,1
215.36,0.0,37.03,178.33,0,1
226.11,0.0,40.22,185.9,0,1
171.91,0.0,8.7,163.21,0,1
399.38,1.0,57.84,341.54,2,1
221.52,0.0,35.62,185.9,0,1
258.16,0.5,24.7,233.46,1,1
204.44,0.0,26.11,178.33,0,1
201.04,0.0,22.7,178.33,0,1
357.99,0.5,94.27,263.72,1,1
235.89,0.0,42.43,193.46,0,1
392.12,0.5,128.41,263.72,1,1
383.73,0.5,89.76,293.97,1,1
227.92,0.0,42.03,185.9,0,1
335.63,0.5,49.22,286.41,1,1
260.55,0.0,74.65,185.9,0,1
249.35,0.0,48.32,201.03,0,1
420.3,1.0,78.76,341.54,2,1
202.33,0.0,24.0,178.33,0,1
316.04,0.5,52.32,263.72,1,1
372.6,0.5,93.76,278.85,1,1
234.54,0.0,33.51,201.03,0,1
462.64,1.0,105.97,356.67,2,1
190.77,0.0,20.0,170.77,0,1
371.65,1.0,30.11,341.54,2,1
484.44,1.5,72.65,411.79,3,1
304.82,0.5,18.41,286.41,1,1
587.88,2.0,83.14,504.74,4,1
198.44,0.0,20.11,178.33,0,1
300.64,0.5,36.92,263.72,1,1
241.93,0.0,71.16,170.77,0,1
412.26,1.0,100.97,311.28,2,1
433.72,1.0,77.05,356.67,2,1
211.9,0.0,26.0,185.9,0,1
174.61,0.0,11.41,163.21,0,1
177.31,0.0,14.11,163.21,0,1
291.83,0.5,28.11,263.72,1,1
299.18,0.5,43.03,256.15,1,1
383.05,1.0,41.51,341.54,2,1
202.33,0.0,24.0,178.33,0,1
206.33,0.0,28.0,178.33,0,1
208.33,0.0,30.0,178.33,0,1
318.15,0.5,54.43,263.72,1,1
493.44,1.5,66.51,426.92,3,1
348.52,1.0,22.11,326.41,2,1
361.5,1.0,50.22,311.28,2,1
218.11,0.0,32.22,185.9,0,1
460.52,1.0,134.11,326.41,2,1
343.66,0.5,79.95,263.72,1,1
226.68,0.0,33.22,193.46,0,1
394.65,1.0,68.24,326.41,2,1
190.99,0.0,20.22,170.77,0,1
180.02,0.0,16.81,163.21,0,1
250.44,0.0,64.54,185.9,0,1
334.26,0.5,70.54,263.72,1,1
413.99,1.0,57.32,356.67,2,1
182.72,0.0,19.51,163.21,0,1
557.13,2.0,67.51,489.62,4,1
231.42,0.0,60.65,170.77,0,1
355.29,0.5,91.57,263.72,1,1
201.74,0.0,23.41,178.33,0,1
213.14,0.0,34.81,178.33,0,1
491.23,1.5,79.43,411.79,3,1
235.08,0.0,41.62,193.46,0,1
196.33,0.0,18.0,178.33,0,1
255.41,0.0,61.95,193.46,0,1
204.25,0.0,25.92,178.33,0,1
341.82,0.5,55.41,286.41,1,1
197.53,0.0,34.32,163.21,0,1
231.08,0.0,37.62,193.46,0,1
233.31,0.0,62.54,170.77,0,1
205.47,0.0,34.7,170.77,0,1
218.9,0.0,33.0,185.9,0,1
255.44,0.0,69.54,185.9,0,1
191.47,0.0,20.7,170.77,0,1
268.27,0.5,34.81,233.46,1,1
339.61,0.5,68.32,271.28,1,1
330.25,0.5,51.41,278.85,1,1
207.9,0.0,22.0,185.9,0,1
241.03,0.0,55.14,185.9,0,1
577.21,2.0,95.16,482.05,4,1
350.88,0.5,87.16,263.72,1,1
464.5,1.0,100.27,364.23,2,1
371.71,0.5,92.86,278.85,1,1
385.97,1.0,52.0,333.97,2,1
413.62,1.0,64.51,349.1,2,1
324.41,0.5,38.0,286.41,1,1
225.46,0.0,32.0,193.46,0,1
263.57,0.5,30.11,233.46,1,1
229.19,0.0,35.73,193.46,0,1
171.21,0.0,8.0,163.21,0,1
199.44,0.0,21.11,178.33,0,1
224.41,0.0,38.51,185.9,0,1
215.9,0.0,30.0,185.9,0,1
395.81,1.0,46.7,349.1,2,1
225.17,0.0,46.84,178.33,0,1
175.21,0.0,12.0,163.21,0,1
180.21,0.0,17.0,163.21,0,1
507.41,1.5,88.05,419.36,3,1
186.33,0.0,8.0,178.33,0,1
235.26,0.0,72.05,163.21,0,1
341.07,0.5,77.35,263.72,1,1
205.14,0.0,26.81,178.33,0,1
374.58,1.0,55.73,318.85,2,1
418.45,1.0,54.22,364.23,2,1
337.56,0.5,88.97,248.59,1,1
331.2,0.5,59.92,271.28,1,1
328.97,0.5,35.0,293.97,1,1
221.46,0.0,28.0,193.46,0,1
381.07,0.5,109.78,271.28,1,1
331.63,0.5,45.22,286.41,1,1
396.29,1.0,39.62,356.67,2,1
405.67,1.0,64.14,341.54,2,1
206.01,0.0,20.11,185.9,0,1
562.25,1.5,142.89,419.36,3,1
450.24,1.0,116.27,333.97,2,1
249.84,0.0,63.95,185.9,0,1
182.77,0.0,12.0,170.77,0,1
330.33,0.5,43.92,286.41,1,1
354.36,1.0,35.51,318.85,2,1
197.04,0.0,18.7,178.33,0,1
204.33,0.0,26.0,178.33,0,1
245.63,0.0,74.86,170.77,0,1
460.1,1.5,63.43,396.67,3,1
429.69,1.0,73.03,356.67,2,1
217.57,0.0,24.11,193.46,0,1
362.69,0.5,98.97,263.72,1,1
495.44,1.5,83.65,411.79,3,1
219.46,0.0,26.0,193.46,0,1
405.8,1.0,49.14,356.67,2,1
397.97,1.0,56.43,341.54,2,1
380.73,0.5,86.76,293.97,1,1
376.91,0.5,113.19,263.72,1,1
312.11,0.5,25.7,286.41,1,1
479.2,1.5,59.84,419.36,3,1
329.87,0.5,51.03,278.85,1,1
306.18,0.5,50.03,256.15,1,1
416.26,1.0,52.03,364.23,2,1
242.28,0.0,63.95,178.33,0,1
195.14,0.0,16.81,178.33,0,1
442.23,1.5,38.0,404.23,3,1
386.36,1.0,59.95,326.41,2,1
207.9,0.0,22.0,185.9,0,1
