"Total_Cost","Ratio_Reloc_Prod","Horiz_Cost","Vert_Cost","nReloc","non_Optimal"
228187.79,0.406,37998.39,190189.41,609,300
757.77,0.4,84.43,673.33,2,1
804.0,0.4,160.92,643.08,2,1
894.86,0.6,151.27,743.59,3,1
566.12,0.0,86.24,479.87,0,1
548.42,0.0,76.11,472.31,0,1
1035.6,1.0,174.19,861.41,5,1
778.4,0.4,142.89,635.51,2,1
950.52,0.8,136.68,813.85,4,1
835.46,0.6,99.43,736.03,3,1
924.54,0.6,241.46,683.08,3,1
672.12,0.2,106.86,565.26,1,1
574.98,0.0,87.54,487.44,0,1
679.24,0.2,136.68,542.56,1,1
669.34,0.2,111.65,557.69,1,1
692.63,0.2,127.38,565.26,1,1
895.28,0.6,189.51,705.77,3,1
548.96,0.0,76.65,472.31,0,1
528.26,0.0,78.65,449.62,0,1
827.17,0.6,113.84,713.33,3,1
717.06,0.2,136.68,580.38,1,1
839.57,0.6,118.68,720.9,3,1
846.9,0.6,186.51,660.38,3,1
839.58,0.6,126.24,713.33,3,1
933.71,0.8,172.81,760.9,4,1
538.69,0.0,81.51,457.18,0,1
668.91,0.2,111.22,557.69,1,1
547.45,0.0,82.7,464.74,0,1
651.58,0.2,86.32,565.26,1,1
642.67,0.2,92.54,550.13,1,1
679.29,0.4,96.73,582.56,2,1
876.41,0.6,163.08,713.33,3,1
949.83,0.8,151.11,798.72,4,1
731.58,0.4,118.76,612.82,2,1
918.05,0.6,182.03,736.03,3,1
670.44,0.4,57.62,612.82,2,1
688.5,0.2,123.24,565.26,1,1
462.06,0.0,42.7,419.36,0,1
635.72,0.2,78.03,557.69,1,1
984.74,0.6,226.03,758.72,3,1
1103.4,1.2,179.3,924.1,6,1
552.51,0.0,57.51,495.0,0,1
1109.99,1.0,218.32,891.67,5,1
567.54,0.0,80.11,487.44,0,1
967.69,0.6,201.41,766.28,3,1
890.13,0.6,138.97,751.15,3,1
893.51,0.6,149.92,743.59,3,1
729.6,0.6,69.22,660.38,3,1
814.13,0.6,131.05,683.08,3,1
787.78,0.4,152.27,635.51,2,1
958.02,0.8,159.3,798.72,4,1
934.93,0.8,128.65,806.28,4,1
669.95,0.4,42.0,627.95,2,1
530.26,0.0,65.51,464.74,0,1
972.72,0.8,121.05,851.67,4,1
628.44,0.2,55.62,572.82,1,1
814.29,0.6,123.65,690.64,3,1
743.78,0.4,108.27,635.51,2,1
731.84,0.4,96.32,635.51,2,1
697.57,0.4,122.57,575.0,2,1
816.37,0.6,118.16,698.21,3,1
741.3,0.4,113.35,627.95,2,1
865.13,0.6,121.54,743.59,3,1
733.25,0.4,112.86,620.38,2,1
581.45,0.0,124.27,457.18,0,1
716.17,0.4,103.35,612.82,2,1
709.3,0.4,81.35,627.95,2,1
734.67,0.4,84.03,650.64,2,1
778.0,0.6,110.05,667.95,3,1
557.62,0.0,115.57,442.05,0,1
507.68,0.0,80.76,426.92,0,1
858.08,0.8,82.05,776.03,4,1
748.0,0.4,120.05,627.95,2,1
736.32,0.4,93.24,643.08,2,1
549.67,0.0,100.05,449.62,0,1
625.98,0.2,98.54,527.44,1,1
1153.45,1.2,229.35,924.1,6,1
717.79,0.4,89.84,627.95,2,1
616.12,0.2,58.43,557.69,1,1
803.96,0.4,191.14,612.82,2,1
714.55,0.4,94.16,620.38,2,1
733.22,0.4,112.84,620.38,2,1
548.93,0.0,76.62,472.31,0,1
920.21,0.8,144.19,776.03,4,1
1045.36,0.8,231.51,813.85,4,1
1089.96,1.2,150.73,939.23,6,1
987.32,1.0,103.22,884.1,5,1
816.96,0.4,151.19,665.77,2,1
521.77,0.0,57.03,464.74,0,1
875.19,0.6,139.16,736.03,3,1
702.74,0.2,137.49,565.26,1,1
1347.8,1.6,222.68,1125.13,8,1
618.79,0.2,91.35,527.44,1,1
788.7,0.4,145.62,643.08,2,1
814.84,0.4,186.89,627.95,2,1
1218.2,1.2,263.84,954.36,6,1
666.47,0.2,93.65,572.82,1,1
697.86,0.2,155.3,542.56,1,1
655.76,0.2,120.76,535.0,1,1
773.78,0.4,138.27,635.51,2,1
760.46,0.4,124.95,635.51,2,1
870.09,0.8,116.76,753.33,4,1
792.95,0.6,117.43,675.51,3,1
714.84,0.2,134.46,580.38,1,1
759.28,0.4,93.51,665.77,2,1
685.25,0.4,72.43,612.82,2,1
727.15,0.4,76.51,650.64,2,1
736.81,0.4,93.73,643.08,2,1
510.56,0.0,68.51,442.05,0,1
597.77,0.2,85.46,512.31,1,1
658.88,0.4,53.62,605.26,2,1
797.3,0.6,121.78,675.51,3,1
747.55,0.4,127.16,620.38,2,1
1082.13,1.2,165.59,916.54,6,1
701.15,0.2,135.89,565.26,1,1
1286.39,1.2,339.59,946.79,6,1
967.33,0.8,153.49,813.85,4,1
889.33,0.6,168.43,720.9,3,1
468.86,0.0,26.81,442.05,0,1
621.87,0.2,94.43,527.44,1,1
525.67,0.0,83.62,442.05,0,1
475.25,0.0,48.32,426.92,0,1
532.48,0.0,90.43,442.05,0,1
676.27,0.2,141.27,535.0,1,1
1036.94,1.0,160.41,876.54,5,1
907.39,0.8,93.54,813.85,4,1
665.3,0.4,97.86,567.44,2,1
909.32,0.4,258.68,650.64,2,1
955.26,0.8,148.97,806.28,4,1
790.83,0.4,140.19,650.64,2,1
818.13,0.6,127.49,690.64,3,1
1028.11,0.8,206.7,821.41,4,1
701.04,0.2,143.35,557.69,1,1
1100.55,1.0,186.19,914.36,5,1
660.72,0.2,95.46,565.26,1,1
827.83,0.4,169.62,658.21,2,1
731.35,0.4,95.84,635.51,2,1
655.65,0.2,120.65,535.0,1,1
898.98,0.6,178.08,720.9,3,1
779.26,0.4,121.05,658.21,2,1
678.58,0.2,113.32,565.26,1,1
712.84,0.4,77.32,635.51,2,1
915.83,0.6,172.24,743.59,3,1
632.59,0.2,90.03,542.56,1,1
807.57,0.6,79.11,728.46,3,1
526.69,0.0,69.51,457.18,0,1
872.43,0.6,143.97,728.46,3,1
854.55,0.6,148.78,705.77,3,1
905.99,0.8,160.22,745.77,4,1
855.63,0.6,142.3,713.33,3,1
606.79,0.0,134.49,472.31,0,1
650.86,0.2,100.73,550.13,1,1
670.27,0.2,135.27,535.0,1,1
761.44,0.4,148.62,612.82,2,1
755.67,0.4,120.16,635.51,2,1
721.21,0.4,78.14,643.08,2,1
641.0,0.2,113.57,527.44,1,1
711.76,0.2,184.32,527.44,1,1
920.12,0.6,214.35,705.77,3,1
1043.16,0.8,206.62,836.54,4,1
799.09,0.4,178.7,620.38,2,1
705.53,0.2,140.27,565.26,1,1
1200.72,1.2,208.54,992.18,6,1
808.28,0.4,134.95,673.33,2,1
864.15,0.6,158.38,705.77,3,1
800.38,0.6,71.92,728.46,3,1
849.89,0.6,113.86,736.03,3,1
761.14,0.4,133.19,627.95,2,1
765.39,0.4,99.62,665.77,2,1
673.54,0.2,130.97,542.56,1,1
766.33,0.4,138.38,627.95,2,1
562.39,0.0,97.65,464.74,0,1
751.05,0.4,115.54,635.51,2,1
827.45,0.4,176.81,650.64,2,1
749.7,0.4,106.62,643.08,2,1
547.72,0.0,90.54,457.18,0,1
654.99,0.2,89.73,565.26,1,1
659.75,0.2,102.05,557.69,1,1
666.96,0.2,109.27,557.69,1,1
1123.7,1.0,247.16,876.54,5,1
894.83,0.4,244.19,650.64,2,1
1152.09,1.0,237.73,914.36,5,1
749.6,0.2,169.22,580.38,1,1
601.66,0.0,129.35,472.31,0,1
770.37,0.4,112.16,658.21,2,1
1068.88,1.0,162.08,906.79,5,1
1080.83,1.0,196.73,884.1,5,1
878.39,0.6,180.19,698.21,3,1
677.74,0.2,97.35,580.38,1,1
741.81,0.4,98.73,643.08,2,1
945.41,0.6,232.08,713.33,3,1
577.31,0.0,112.57,464.74,0,1
612.95,0.2,77.95,535.0,1,1
529.26,0.0,79.65,449.62,0,1
669.41,0.2,89.03,580.38,1,1
744.39,0.4,131.57,612.82,2,1
598.04,0.2,85.73,512.31,1,1
570.2,0.0,105.46,464.74,0,1
846.41,0.6,117.95,728.46,3,1
648.18,0.2,82.92,565.26,1,1
576.86,0.0,119.68,457.18,0,1
764.53,0.6,66.32,698.21,3,1
692.99,0.2,127.73,565.26,1,1
650.47,0.2,85.22,565.26,1,1
772.97,0.4,137.46,635.51,2,1
594.57,0.2,67.14,527.44,1,1
675.52,0.2,163.22,512.31,1,1
514.05,0.0,72.0,442.05,0,1
670.67,0.2,112.97,557.69,1,1
650.67,0.2,100.54,550.13,1,1
802.08,0.4,159.0,643.08,2,1
811.6,0.6,83.14,728.46,3,1
961.07,0.8,169.92,791.15,4,1
654.91,0.2,89.65,565.26,1,1
986.42,0.8,187.7,798.72,4,1
551.33,0.0,79.03,472.31,0,1
682.01,0.4,61.62,620.38,2,1
565.5,0.0,100.76,464.74,0,1
767.61,0.4,101.84,665.77,2,1
511.67,0.0,69.62,442.05,0,1
589.98,0.2,70.11,519.87,1,1
958.19,0.8,189.73,768.46,4,1
528.19,0.0,86.14,442.05,0,1
1051.96,0.8,200.3,851.67,4,1
1063.55,0.8,242.14,821.41,4,1
753.15,0.4,102.51,650.64,2,1
572.82,0.0,92.95,479.87,0,1
701.15,0.2,135.89,565.26,1,1
730.66,0.0,250.78,479.87,0,1
862.5,0.4,196.73,665.77,2,1
757.29,0.4,106.65,650.64,2,1
516.13,0.0,66.51,449.62,0,1
824.34,0.4,173.7,650.64,2,1
779.21,0.4,128.57,650.64,2,1
716.77,0.2,159.08,557.69,1,1
659.77,0.2,86.95,572.82,1,1
573.2,0.0,108.46,464.74,0,1
450.06,0.0,30.7,419.36,0,1
645.7,0.2,103.14,542.56,1,1
937.63,0.6,216.73,720.9,3,1
561.51,0.0,119.46,442.05,0,1
651.85,0.2,94.16,557.69,1,1
604.04,0.0,139.3,464.74,0,1
605.76,0.2,78.32,527.44,1,1
845.24,0.6,154.59,690.64,3,1
744.28,0.2,179.03,565.26,1,1
592.73,0.2,57.73,535.0,1,1
667.23,0.2,109.54,557.69,1,1
677.56,0.2,119.86,557.69,1,1
774.31,0.4,108.54,665.77,2,1
768.59,0.6,85.51,683.08,3,1
517.5,0.0,60.32,457.18,0,1
628.69,0.2,116.38,512.31,1,1
637.27,0.2,109.84,527.44,1,1
904.42,0.6,153.27,751.15,3,1
483.19,0.0,48.7,434.49,0,1
598.91,0.0,149.3,449.62,0,1
1184.72,1.0,285.49,899.23,5,1
980.98,0.8,174.7,806.28,4,1
552.53,0.0,95.35,457.18,0,1
936.27,0.6,207.81,728.46,3,1
798.91,0.4,148.27,650.64,2,1
619.48,0.2,76.92,542.56,1,1
1026.71,1.0,165.3,861.41,5,1
492.05,0.0,50.0,442.05,0,1
676.61,0.2,111.35,565.26,1,1
875.16,0.6,139.14,736.03,3,1
541.3,0.0,114.38,426.92,0,1
889.64,0.8,90.92,798.72,4,1
1047.84,1.0,171.3,876.54,5,1
515.91,0.0,58.73,457.18,0,1
706.22,0.4,85.84,620.38,2,1
1160.58,1.2,206.22,954.36,6,1
839.77,0.6,126.43,713.33,3,1
1043.61,1.0,151.95,891.67,5,1
531.23,0.0,58.92,472.31,0,1
740.38,0.4,104.86,635.51,2,1
824.45,0.4,173.81,650.64,2,1
641.35,0.2,106.35,535.0,1,1
810.53,0.6,104.76,705.77,3,1
517.84,0.0,83.35,434.49,0,1
612.02,0.2,54.32,557.69,1,1
646.23,0.2,88.54,557.69,1,1
1223.83,1.4,252.16,971.67,7,1
700.43,0.2,165.43,535.0,1,1
910.4,0.8,119.24,791.15,4,1
769.03,0.4,141.08,627.95,2,1
875.44,0.6,162.11,713.33,3,1
617.7,0.2,82.7,535.0,1,1
977.96,0.8,171.68,806.28,4,1
1189.62,1.2,205.0,984.62,6,1
570.38,0.0,82.95,487.44,0,1
620.95,0.2,85.95,535.0,1,1
935.92,0.6,215.03,720.9,3,1
634.47,0.2,69.22,565.26,1,1
795.34,0.4,129.57,665.77,2,1
748.1,0.6,65.03,683.08,3,1
846.74,0.4,241.49,605.26,2,1
672.56,0.2,114.86,557.69,1,1
861.67,0.6,125.65,736.03,3,1
845.72,0.4,187.51,658.21,2,1
