"Total_Cost","Ratio_Reloc_Prod","Horiz_Cost","Vert_Cost","nReloc","non_Optimal"
225963.65,0.4333,37802.89,188160.81,650,162
724.83,0.4,66.62,658.21,2,1
588.71,0.0,101.27,487.44,0,0
767.83,0.4,124.76,643.08,2,0
695.3,0.2,160.3,535.0,1,0
764.68,0.4,91.35,673.33,2,0
550.79,0.0,70.92,479.87,0,0
1010.95,1.0,157.11,853.85,5,1
505.29,0.0,48.11,457.18,0,1
764.74,0.4,151.92,612.82,2,1
533.55,0.0,61.24,472.31,0,0
929.46,0.6,193.43,736.03,3,0
647.32,0.2,104.76,542.56,1,1
793.81,0.4,158.3,635.51,2,0
620.66,0.2,55.41,565.26,1,0
626.0,0.2,98.57,527.44,1,0
1036.37,1.0,152.27,884.1,5,0
765.15,0.6,74.51,690.64,3,1
1146.76,1.2,177.27,969.49,6,0
643.3,0.2,115.86,527.44,1,0
641.4,0.2,98.84,542.56,1,0
539.66,0.0,74.92,464.74,0,0
775.35,0.4,132.27,643.08,2,1
594.59,0.0,144.97,449.62,0,0
716.09,0.4,110.84,605.26,2,0
885.15,0.6,179.38,705.77,3,1
612.64,0.0,147.89,464.74,0,1
880.44,0.6,174.68,705.77,3,0
860.02,0.6,116.43,743.59,3,1
519.05,0.0,77.0,442.05,0,0
982.8,1.0,144.08,838.72,5,1
529.8,0.0,72.62,457.18,0,0
757.65,0.6,82.14,675.51,3,1
749.34,0.4,91.14,658.21,2,1
669.17,0.4,116.86,552.31,2,0
647.48,0.2,97.35,550.13,1,1
716.15,0.4,118.46,597.69,2,0
730.28,0.4,117.46,612.82,2,1
763.46,0.4,127.95,635.51,2,1
725.4,0.4,82.32,643.08,2,1
645.51,0.2,102.95,542.56,1,1
666.08,0.2,131.08,535.0,1,1
512.24,0.0,62.62,449.62,0,1
558.87,0.2,39.0,519.87,1,1
643.25,0.2,123.38,519.87,1,1
1292.07,1.0,521.43,770.64,5,1
502.56,0.0,60.51,442.05,0,1
701.47,0.4,88.65,612.82,2,0
682.67,0.2,124.97,557.69,1,1
1022.01,1.0,168.16,853.85,5,0
717.66,0.2,152.41,565.26,1,0
660.45,0.2,155.7,504.74,1,1
571.82,0.2,59.51,512.31,1,1
967.0,0.8,198.54,768.46,4,1
827.12,0.6,113.78,713.33,3,1
623.69,0.2,111.38,512.31,1,1
806.99,0.6,116.35,690.64,3,1
812.7,0.4,177.19,635.51,2,1
822.25,0.4,209.43,612.82,2,0
598.08,0.2,55.51,542.56,1,1
915.08,0.6,171.49,743.59,3,1
504.48,0.0,62.43,442.05,0,1
1183.02,1.2,251.35,931.67,6,0
640.46,0.2,113.03,527.44,1,0
981.85,1.0,135.57,846.28,5,0
727.63,0.4,107.24,620.38,2,0
816.33,0.6,148.38,667.95,3,0
875.21,0.6,139.19,736.03,3,0
691.31,0.4,93.62,597.69,2,1
717.99,0.4,127.86,590.13,2,1
803.34,0.4,152.7,650.64,2,0
575.5,0.0,110.76,464.74,0,1
688.84,0.4,128.97,559.87,2,1
576.58,0.2,71.84,504.74,1,1
885.38,0.8,109.35,776.03,4,1
924.68,0.6,196.22,728.46,3,0
778.12,0.4,180.43,597.69,2,0
997.42,1.0,166.27,831.15,5,1
881.45,0.6,137.86,743.59,3,0
783.13,0.4,140.05,643.08,2,0
589.71,0.0,109.84,479.87,0,0
638.39,0.2,126.08,512.31,1,1
479.19,0.0,44.7,434.49,0,0
902.63,0.8,156.86,745.77,4,1
721.91,0.4,131.78,590.13,2,1
708.29,0.4,118.16,590.13,2,1
1192.23,1.2,245.43,946.79,6,0
922.69,0.6,163.97,758.72,3,0
883.21,0.6,132.05,751.15,3,1
828.44,0.4,215.62,612.82,2,1
884.92,0.6,156.46,728.46,3,1
939.0,0.8,162.97,776.03,4,0
766.29,0.6,83.22,683.08,3,1
688.72,0.2,138.59,550.13,1,1
773.09,0.4,152.7,620.38,2,1
678.78,0.2,128.65,550.13,1,0
572.29,0.2,75.11,497.18,1,1
762.73,0.6,87.22,675.51,3,0
838.85,0.8,100.65,738.21,4,0
645.24,0.2,110.24,535.0,1,0
760.86,0.4,117.78,643.08,2,1
1015.25,0.8,201.41,813.85,4,1
788.82,0.2,223.57,565.26,1,1
759.62,0.4,116.54,643.08,2,1
677.17,0.2,104.35,572.82,1,1
667.18,0.2,101.92,565.26,1,0
712.99,0.4,107.73,605.26,2,0
941.5,0.8,195.73,745.77,4,1
1035.12,1.2,141.27,893.85,6,1
755.3,0.4,127.35,627.95,2,0
690.09,0.2,185.35,504.74,1,0
976.67,1.0,153.08,823.59,5,1
796.26,0.6,105.62,690.64,3,0
489.4,0.0,32.22,457.18,0,1
944.73,1.0,83.32,861.41,5,1
867.6,0.6,154.27,713.33,3,1
705.07,0.4,107.38,597.69,2,1
1178.96,1.0,272.16,906.79,5,0
614.74,0.0,150.0,464.74,0,0
773.18,0.4,122.54,650.64,2,0
832.43,0.6,156.92,675.51,3,1
701.04,0.2,135.78,565.26,1,1
537.82,0.0,65.51,472.31,0,1
634.29,0.2,91.73,542.56,1,0
753.38,0.4,117.86,635.51,2,1
454.06,0.0,34.7,419.36,0,0
709.64,0.4,111.95,597.69,2,1
1041.1,1.2,162.38,878.72,6,1
528.16,0.0,78.54,449.62,0,0
1064.23,1.0,217.95,846.28,5,0
620.89,0.2,78.32,542.56,1,1
491.95,0.0,65.03,426.92,0,0
772.0,0.6,104.05,667.95,3,0
652.91,0.2,95.22,557.69,1,0
670.02,0.2,127.46,542.56,1,1
789.75,0.6,91.54,698.21,3,0
742.97,0.4,107.46,635.51,2,0
866.13,0.8,143.05,723.08,4,1
805.67,0.4,162.59,643.08,2,1
624.32,0.2,89.32,535.0,1,1
1254.25,1.4,199.38,1054.87,7,1
659.7,0.2,109.57,550.13,1,1
548.67,0.0,99.05,449.62,0,0
1063.43,1.0,186.89,876.54,5,0
548.74,0.0,76.43,472.31,0,1
639.73,0.2,97.16,542.56,1,1
580.8,0.0,131.19,449.62,0,0
565.7,0.2,30.7,535.0,1,1
1301.86,1.4,269.68,1032.18,7,1
505.4,0.0,48.22,457.18,0,1
680.06,0.2,107.24,572.82,1,0
756.23,0.2,198.54,557.69,1,1
932.08,0.6,203.62,728.46,3,0
539.52,0.0,67.22,472.31,0,1
814.39,0.4,156.19,658.21,2,0
791.58,0.4,133.38,658.21,2,0
652.97,0.2,117.97,535.0,1,0
663.37,0.2,113.24,550.13,1,1
560.99,0.0,96.24,464.74,0,1
644.02,0.4,46.32,597.69,2,1
607.99,0.2,103.24,504.74,1,0
523.66,0.0,58.92,464.74,0,0
614.58,0.2,102.27,512.31,1,1
1349.3,1.8,214.43,1134.87,9,0
577.87,0.2,50.43,527.44,1,1
666.5,0.2,101.24,565.26,1,0
1070.8,1.2,139.14,931.67,6,1
938.51,0.8,147.35,791.15,4,0
643.99,0.2,78.73,565.26,1,1
887.5,0.6,181.73,705.77,3,0
637.28,0.2,124.97,512.31,1,0
843.39,0.6,130.05,713.33,3,1
1083.39,1.0,229.54,853.85,5,0
628.98,0.2,116.68,512.31,1,0
1270.93,1.6,236.57,1034.36,8,0
927.19,0.6,206.3,720.9,3,0
885.5,0.6,179.73,705.77,3,0
661.91,0.2,96.65,565.26,1,0
504.27,0.0,62.22,442.05,0,0
785.54,0.6,102.46,683.08,3,0
488.89,0.0,54.41,434.49,0,0
891.26,0.8,145.49,745.77,4,1
852.89,0.8,137.38,715.51,4,1
686.42,0.2,121.16,565.26,1,1
1014.9,0.8,193.49,821.41,4,0
924.84,0.8,156.38,768.46,4,0
810.54,0.6,127.46,683.08,3,0
547.69,0.0,90.51,457.18,0,0
670.29,0.4,87.73,582.56,2,1
445.9,0.0,34.11,411.79,0,1
634.68,0.2,107.24,527.44,1,1
627.13,0.2,129.95,497.18,1,1
966.95,0.8,206.05,760.9,4,0
739.45,0.2,189.32,550.13,1,0
705.39,0.2,132.57,572.82,1,1
1263.48,1.0,432.32,831.15,5,1
941.34,0.8,135.05,806.28,4,1
801.7,0.4,166.19,635.51,2,0
783.19,0.4,147.68,635.51,2,1
548.85,0.0,84.11,464.74,0,1
996.84,1.0,135.43,861.41,5,0
547.45,0.0,97.84,449.62,0,1
864.15,0.6,173.51,690.64,3,0
700.11,0.4,79.73,620.38,2,1
539.29,0.2,42.11,497.18,1,0
570.59,0.0,120.97,449.62,0,1
837.05,0.6,101.03,736.03,3,0
672.64,0.4,82.51,590.13,2,1
505.14,0.0,70.65,434.49,0,1
835.86,0.4,185.22,650.64,2,1
724.82,0.4,104.43,620.38,2,0
479.73,0.0,52.81,426.92,0,0
826.84,0.6,105.95,720.9,3,1
891.51,0.6,155.49,736.03,3,0
687.82,0.2,122.57,565.26,1,0
537.0,0.0,94.95,442.05,0,0
889.38,0.8,113.35,776.03,4,1
1131.94,1.2,215.41,916.54,6,1
493.51,0.0,59.03,434.49,0,1
799.33,0.6,131.38,667.95,3,0
491.25,0.0,79.46,411.79,0,0
653.44,0.2,133.57,519.87,1,1
765.47,0.4,145.08,620.38,2,0
508.92,0.0,74.43,434.49,0,1
707.34,0.2,142.08,565.26,1,0
573.97,0.0,124.35,449.62,0,1
518.38,0.0,76.32,442.05,0,1
902.84,1.0,86.81,816.03,5,0
905.24,0.8,174.59,730.64,4,1
1130.64,1.2,191.41,939.23,6,1
963.85,0.6,265.65,698.21,3,0
611.58,0.2,99.27,512.31,1,1
929.82,0.6,208.92,720.9,3,1
581.45,0.0,124.27,457.18,0,0
591.09,0.0,126.35,464.74,0,1
578.2,0.0,113.46,464.74,0,1
678.67,0.4,88.54,590.13,2,0
775.66,0.8,82.84,692.82,4,1
986.67,1.0,163.08,823.59,5,0
693.8,0.2,143.68,550.13,1,0
466.76,0.0,47.41,419.36,0,0
739.59,0.4,157.03,582.56,2,0
870.52,0.6,142.05,728.46,3,0
1033.34,1.2,94.11,939.23,6,0
728.57,0.6,60.62,667.95,3,1
912.35,0.8,143.89,768.46,4,0
946.64,0.6,187.92,758.72,3,1
875.79,0.8,122.46,753.33,4,1
531.5,0.0,74.32,457.18,0,0
1022.66,0.8,276.89,745.77,4,0
665.8,0.2,100.54,565.26,1,0
642.68,0.2,115.24,527.44,1,1
677.31,0.4,79.62,597.69,2,1
677.58,0.2,119.89,557.69,1,1
962.59,1.0,146.57,816.03,5,1
693.82,0.4,73.43,620.38,2,1
696.58,0.4,91.32,605.26,2,0
516.48,0.0,74.43,442.05,0,1
758.08,0.4,122.57,635.51,2,0
793.38,0.6,117.86,675.51,3,1
1040.38,1.0,171.41,868.97,5,0
1167.35,1.0,298.38,868.97,5,0
591.07,0.2,101.46,489.62,1,1
927.45,0.8,143.86,783.59,4,0
867.91,0.8,137.27,730.64,4,1
755.8,0.4,158.11,597.69,2,0
570.69,0.0,105.95,464.74,0,0
668.65,0.4,93.65,575.0,2,1
789.71,0.8,89.32,700.38,4,1
677.05,0.4,102.05,575.0,2,1
840.06,0.6,172.11,667.95,3,1
804.49,0.6,144.11,660.38,3,1
865.36,1.0,72.03,793.33,5,1
964.29,0.8,165.57,798.72,4,1
1085.37,1.2,161.27,924.1,6,1
516.75,0.0,67.14,449.62,0,1
622.58,0.2,110.27,512.31,1,1
762.14,0.6,101.76,660.38,3,1
854.64,0.6,111.05,743.59,3,1
888.45,0.6,144.86,743.59,3,0
555.84,0.0,113.78,442.05,0,0
744.6,0.4,131.78,612.82,2,1
691.31,0.4,86.05,605.26,2,1
602.96,0.2,90.65,512.31,1,1
450.5,0.0,38.7,411.79,0,1
593.7,0.2,58.7,535.0,1,0
938.94,1.0,115.35,823.59,5,1
640.51,0.2,97.95,542.56,1,0
502.7,0.0,68.22,434.49,0,0
491.52,0.0,79.73,411.79,0,1
725.56,0.4,127.86,597.69,2,0
911.17,0.8,150.27,760.9,4,1
865.24,0.6,189.73,675.51,3,0
868.71,0.6,155.38,713.33,3,1
551.8,0.2,54.62,497.18,1,0
606.31,0.2,101.57,504.74,1,1
630.12,0.4,70.24,559.87,2,0
583.18,0.0,133.57,449.62,0,1
778.05,0.4,134.97,643.08,2,0
771.7,0.6,88.62,683.08,3,1
895.81,0.8,127.35,768.46,4,1
