"Total_Cost","Ratio_Reloc_Prod","Horiz_Cost","Vert_Cost","nReloc","non_Optimal"
231753.03,0.3647,45851.49,185901.56,547,300
540.69,0.0,75.95,464.74,0,1
747.91,0.4,89.7,658.21,2,1
718.0,0.2,122.49,595.51,1,1
648.01,0.2,67.62,580.38,1,1
701.31,0.2,128.49,572.82,1,1
554.82,0.0,82.51,472.31,0,1
874.72,0.4,216.51,658.21,2,1
917.56,0.8,133.97,783.59,4,1
639.04,0.2,134.3,504.74,1,1
786.96,0.4,174.14,612.82,2,1
1246.48,1.2,269.43,977.05,6,1
531.99,0.0,67.24,464.74,0,1
726.49,0.2,146.11,580.38,1,1
921.06,0.8,99.65,821.41,4,1
892.01,0.8,138.68,753.33,4,1
607.58,0.0,135.27,472.31,0,1
522.21,0.0,65.03,457.18,0,1
592.33,0.2,80.03,512.31,1,1
748.74,0.4,143.49,605.26,2,1
592.54,0.2,65.11,527.44,1,1
625.67,0.2,75.54,550.13,1,1
1212.05,1.2,227.43,984.62,6,1
1166.12,1.0,259.32,906.79,5,1
660.61,0.2,95.35,565.26,1,1
500.53,0.0,50.92,449.62,0,1
677.82,0.2,112.57,565.26,1,1
684.43,0.2,141.86,542.56,1,1
699.35,0.4,71.41,627.95,2,1
655.68,0.2,128.24,527.44,1,1
798.23,0.4,132.46,665.77,2,1
731.23,0.4,133.54,597.69,2,1
759.22,0.4,131.27,627.95,2,1
632.65,0.2,105.22,527.44,1,1
740.47,0.2,175.22,565.26,1,1
614.14,0.0,134.27,479.87,0,1
550.0,0.0,107.95,442.05,0,1
1127.15,0.8,320.86,806.28,4,1
628.12,0.2,70.43,557.69,1,1
574.21,0.0,132.16,442.05,0,1
591.48,0.2,48.92,542.56,1,1
576.75,0.0,119.57,457.18,0,1
1105.82,1.2,211.97,893.85,6,1
582.62,0.0,133.0,449.62,0,1
597.93,0.2,85.62,512.31,1,1
1091.73,0.8,270.32,821.41,4,1
877.13,0.6,201.62,675.51,3,1
830.65,0.4,202.7,627.95,2,1
772.81,0.4,144.86,627.95,2,1
442.5,0.0,30.7,411.79,0,1
517.14,0.0,82.65,434.49,0,1
575.45,0.0,118.27,457.18,0,1
689.58,0.2,131.89,557.69,1,1
638.68,0.2,103.68,535.0,1,1
663.85,0.4,51.03,612.82,2,1
837.53,0.4,186.89,650.64,2,1
864.88,0.6,166.68,698.21,3,1
712.33,0.2,184.89,527.44,1,1
1062.86,0.8,226.32,836.54,4,1
749.59,0.4,159.46,590.13,2,1
853.58,0.4,240.76,612.82,2,1
981.55,0.6,207.7,773.85,3,1
752.8,0.4,87.03,665.77,2,1
549.47,0.0,84.73,464.74,0,1
623.64,0.2,65.95,557.69,1,1
724.31,0.2,166.62,557.69,1,1
776.51,0.4,186.38,590.13,2,1
883.83,0.8,100.24,783.59,4,1
869.79,0.6,148.89,720.9,3,1
715.13,0.2,165.0,550.13,1,1
545.8,0.0,81.05,464.74,0,1
1353.16,1.6,296.11,1057.05,8,1
897.6,0.6,184.27,713.33,3,1
678.26,0.2,120.57,557.69,1,1
620.42,0.0,163.24,457.18,0,1
1013.06,0.6,299.73,713.33,3,1
1044.14,1.0,190.3,853.85,5,1
978.62,0.6,235.03,743.59,3,1
1165.87,1.2,196.38,969.49,6,1
689.42,0.2,124.16,565.26,1,1
843.51,0.4,200.43,643.08,2,1
947.65,0.8,126.24,821.41,4,1
829.45,0.4,178.81,650.64,2,1
577.45,0.0,120.27,457.18,0,1
829.68,0.6,116.35,713.33,3,1
729.3,0.4,101.35,627.95,2,1
705.79,0.4,77.84,627.95,2,1
927.97,0.6,184.38,743.59,3,1
648.7,0.2,106.14,542.56,1,1
663.8,0.2,98.54,565.26,1,1
1288.37,1.2,288.62,999.74,6,1
814.22,0.4,186.27,627.95,2,1
543.61,0.0,86.43,457.18,0,1
575.0,0.0,132.95,442.05,0,1
731.97,0.2,181.84,550.13,1,1
651.58,0.2,139.27,512.31,1,1
945.88,0.8,200.11,745.77,4,1
810.7,0.4,160.05,650.64,2,1
822.25,0.4,194.3,627.95,2,1
917.23,0.4,251.46,665.77,2,1
607.93,0.2,88.05,519.87,1,1
799.71,0.4,179.32,620.38,2,1
607.14,0.2,72.14,535.0,1,1
647.23,0.2,89.54,557.69,1,1
750.41,0.4,122.46,627.95,2,1
553.97,0.0,104.35,449.62,0,1
867.79,0.6,154.46,713.33,3,1
944.1,0.8,152.95,791.15,4,1
1001.93,0.8,188.08,813.85,4,1
1186.25,1.0,271.89,914.36,5,1
991.36,0.8,177.51,813.85,4,1
612.4,0.0,155.22,457.18,0,1
519.45,0.0,54.7,464.74,0,1
755.24,0.4,112.16,643.08,2,1
707.34,0.2,142.08,565.26,1,1
550.96,0.0,86.22,464.74,0,1
525.07,0.0,60.32,464.74,0,1
703.49,0.2,168.49,535.0,1,1
695.89,0.2,160.89,535.0,1,1
697.85,0.2,140.16,557.69,1,1
530.01,0.0,110.65,419.36,0,1
699.21,0.2,149.08,550.13,1,1
917.96,0.6,212.19,705.77,3,1
930.43,0.6,194.41,736.03,3,1
694.28,0.4,81.46,612.82,2,1
1011.18,0.8,220.03,791.15,4,1
766.92,0.4,131.41,635.51,2,1
682.3,0.2,154.86,527.44,1,1
853.24,0.4,217.73,635.51,2,1
1099.42,1.0,200.19,899.23,5,1
575.15,0.0,102.84,472.31,0,1
644.05,0.0,194.43,449.62,0,1
684.7,0.2,142.14,542.56,1,1
887.32,0.6,136.16,751.15,3,1
622.31,0.2,64.62,557.69,1,1
969.84,0.6,233.81,736.03,3,1
977.97,0.6,241.95,736.03,3,1
520.58,0.0,63.41,457.18,0,1
538.9,0.0,119.54,419.36,0,1
658.61,0.2,108.49,550.13,1,1
1051.1,0.8,252.38,798.72,4,1
739.82,0.2,219.95,519.87,1,1
883.38,0.6,147.35,736.03,3,1
763.3,0.4,135.35,627.95,2,1
1124.08,0.8,287.54,836.54,4,1
965.27,0.6,236.81,728.46,3,1
623.45,0.0,173.84,449.62,0,1
813.46,0.4,170.38,643.08,2,1
855.0,0.6,179.49,675.51,3,1
667.54,0.2,124.97,542.56,1,1
457.36,0.0,38.0,419.36,0,1
610.26,0.0,153.08,457.18,0,1
976.73,0.6,240.7,736.03,3,1
717.1,0.2,159.41,557.69,1,1
897.83,0.6,154.24,743.59,3,1
663.26,0.2,113.14,550.13,1,1
1151.42,0.8,299.76,851.67,4,1
673.53,0.2,115.84,557.69,1,1
678.26,0.2,120.57,557.69,1,1
703.75,0.2,146.05,557.69,1,1
744.84,0.4,124.46,620.38,2,1
785.9,0.4,120.14,665.77,2,1
675.91,0.2,125.78,550.13,1,1
780.04,0.4,121.84,658.21,2,1
1515.32,1.6,390.19,1125.13,8,1
773.67,0.4,138.16,635.51,2,1
621.55,0.0,156.81,464.74,0,1
730.66,0.2,165.41,565.26,1,1
532.74,0.0,68.0,464.74,0,1
871.28,0.4,205.51,665.77,2,1
652.49,0.2,125.05,527.44,1,1
1349.72,1.0,465.62,884.1,5,1
672.44,0.2,99.62,572.82,1,1
654.81,0.2,112.24,542.56,1,1
1433.07,1.4,340.38,1092.69,7,1
881.67,0.4,231.03,650.64,2,1
626.78,0.2,84.22,542.56,1,1
538.21,0.0,81.03,457.18,0,1
583.21,0.0,133.59,449.62,0,1
920.19,0.6,199.3,720.9,3,1
739.09,0.2,166.27,572.82,1,1
787.4,0.4,136.76,650.64,2,1
1085.05,0.8,248.51,836.54,4,1
738.29,0.2,195.73,542.56,1,1
656.44,0.4,43.62,612.82,2,1
761.89,0.4,126.38,635.51,2,1
978.36,0.8,172.08,806.28,4,1
1209.35,1.0,340.38,868.97,5,1
981.22,0.6,199.81,781.41,3,1
793.34,0.4,127.57,665.77,2,1
664.72,0.2,99.46,565.26,1,1
1028.89,0.8,199.92,828.97,4,1
912.94,0.6,169.35,743.59,3,1
845.33,0.4,217.38,627.95,2,1
619.71,0.0,147.41,472.31,0,1
659.39,0.2,94.14,565.26,1,1
802.03,0.4,166.51,635.51,2,1
519.02,0.0,61.84,457.18,0,1
773.05,0.4,129.97,643.08,2,1
967.97,0.6,224.38,743.59,3,1
579.07,0.0,114.32,464.74,0,1
642.54,0.2,99.97,542.56,1,1
1181.05,1.0,304.51,876.54,5,1
854.33,0.4,181.0,673.33,2,1
749.2,0.2,183.95,565.26,1,1
962.35,0.6,218.76,743.59,3,1
789.23,0.4,123.46,665.77,2,1
685.45,0.2,120.19,565.26,1,1
990.85,0.6,224.57,766.28,3,1
725.59,0.4,82.51,643.08,2,1
653.7,0.2,111.14,542.56,1,1
1275.48,1.0,330.86,944.62,5,1
1085.87,1.0,163.95,921.92,5,1
526.96,0.0,62.22,464.74,0,1
932.96,0.6,181.81,751.15,3,1
701.95,0.2,121.57,580.38,1,1
635.7,0.0,193.65,442.05,0,1
572.91,0.0,108.16,464.74,0,1
722.8,0.2,165.11,557.69,1,1
776.82,0.4,111.05,665.77,2,1
685.04,0.4,87.35,597.69,2,1
909.0,0.6,172.97,736.03,3,1
606.7,0.0,157.08,449.62,0,1
648.55,0.2,128.68,519.87,1,1
767.47,0.4,162.22,605.26,2,1
1197.67,0.8,346.0,851.67,4,1
893.46,0.4,250.38,643.08,2,1
952.69,0.6,193.97,758.72,3,1
604.12,0.0,139.38,464.74,0,1
826.17,0.4,160.41,665.77,2,1
1052.33,0.8,230.92,821.41,4,1
946.51,0.6,202.92,743.59,3,1
569.94,0.0,112.76,457.18,0,1
551.19,0.0,124.27,426.92,0,1
676.67,0.2,118.97,557.69,1,1
677.72,0.2,112.46,565.26,1,1
728.65,0.4,93.14,635.51,2,1
900.83,0.8,109.68,791.15,4,1
1004.5,0.4,346.3,658.21,2,1
717.45,0.2,152.19,565.26,1,1
628.83,0.2,71.14,557.69,1,1
720.27,0.4,92.32,627.95,2,1
667.34,0.2,109.65,557.69,1,1
714.99,0.2,157.3,557.69,1,1
979.45,0.6,228.3,751.15,3,1
541.18,0.0,76.43,464.74,0,1
499.36,0.0,80.0,419.36,0,1
562.91,0.0,105.73,457.18,0,1
1015.31,0.6,301.97,713.33,3,1
814.34,0.4,148.57,665.77,2,1
548.32,0.0,98.7,449.62,0,1
993.23,0.6,242.08,751.15,3,1
757.07,0.2,191.81,565.26,1,1
736.1,0.2,178.41,557.69,1,1
808.1,0.4,157.46,650.64,2,1
838.32,0.6,94.73,743.59,3,1
635.29,0.2,92.73,542.56,1,1
803.1,0.4,144.89,658.21,2,1
736.61,0.2,178.92,557.69,1,1
705.61,0.2,140.35,565.26,1,1
589.0,0.2,54.0,535.0,1,1
438.5,0.0,26.7,411.79,0,1
632.22,0.2,104.78,527.44,1,1
1056.77,0.8,242.92,813.85,4,1
755.8,0.4,90.03,665.77,2,1
739.7,0.4,149.57,590.13,2,1
636.07,0.2,85.95,550.13,1,1
649.69,0.2,84.43,565.26,1,1
606.56,0.2,64.0,542.56,1,1
1197.29,1.2,265.62,931.67,6,1
601.39,0.0,129.08,472.31,0,1
1024.27,0.6,288.24,736.03,3,1
808.29,0.4,150.08,658.21,2,1
561.61,0.0,96.86,464.74,0,1
1014.33,0.8,192.92,821.41,4,1
1096.98,0.6,323.14,773.85,3,1
829.77,0.4,164.0,665.77,2,1
646.42,0.2,88.73,557.69,1,1
525.68,0.0,98.76,426.92,0,1
670.35,0.2,135.35,535.0,1,1
774.38,0.4,154.0,620.38,2,1
633.12,0.2,113.24,519.87,1,1
779.94,0.4,189.81,590.13,2,1
564.75,0.0,107.57,457.18,0,1
773.14,0.4,152.76,620.38,2,1
634.75,0.2,84.62,550.13,1,1
712.5,0.4,114.81,597.69,2,1
713.8,0.2,163.68,550.13,1,1
1074.16,0.8,237.62,836.54,4,1
838.44,0.4,210.49,627.95,2,1
886.39,0.6,173.05,713.33,3,1
577.39,0.0,112.65,464.74,0,1
856.71,0.4,228.76,627.95,2,1
846.65,0.4,226.27,620.38,2,1
909.49,0.6,188.59,720.9,3,1
576.36,0.0,104.05,472.31,0,1
816.59,0.4,173.51,643.08,2,1
550.07,0.0,85.32,464.74,0,1
718.77,0.2,161.08,557.69,1,1
499.84,0.0,65.35,434.49,0,1
543.62,0.0,109.14,434.49,0,1
