"Total_Cost","Ratio_Reloc_Prod","Horiz_Cost","Vert_Cost","nReloc","non_Optimal"
222965.4,0.418,33576.37,189388.86,627,375
656.96,0.5,84.14,572.82,2,1
542.54,0.25,55.11,487.44,1,1
567.36,0.25,95.05,472.31,1,1
710.11,0.75,89.73,620.38,3,1
699.75,0.75,102.05,597.69,3,1
521.15,0.25,56.41,464.74,1,1
451.92,0.0,57.43,394.49,0,1
550.85,0.25,78.54,472.31,1,1
397.34,0.0,33.11,364.23,0,1
620.0,0.5,92.57,527.44,2,1
634.86,0.5,84.73,550.13,2,1
409.79,0.0,38.0,371.79,0,1
637.73,0.5,95.16,542.56,2,1
450.17,0.0,63.24,386.92,0,1
740.21,0.75,97.14,643.08,3,1
637.48,0.5,87.35,550.13,2,1
951.02,1.25,152.3,798.72,5,1
410.77,0.0,54.11,356.67,0,1
609.4,0.5,66.84,542.56,2,1
364.35,0.0,22.81,341.54,0,1
540.64,0.25,83.46,457.18,1,1
619.14,0.5,99.27,519.87,2,1
369.81,0.0,20.7,349.1,0,1
581.35,0.25,139.3,442.05,1,1
463.28,0.0,99.05,364.23,0,1
549.24,0.5,59.62,489.62,2,1
572.22,0.25,92.35,479.87,1,1
693.29,0.5,135.59,557.69,2,1
440.67,0.0,91.57,349.1,0,1
1193.09,2.0,198.73,994.36,8,1
558.04,0.25,100.86,457.18,1,1
454.57,0.0,67.65,386.92,0,1
796.66,1.0,98.46,698.21,4,1
715.43,0.75,79.92,635.51,3,1
411.9,0.0,40.11,371.79,0,1
447.45,0.0,83.22,364.23,0,1
760.22,0.75,132.27,627.95,3,1
403.56,0.0,39.32,364.23,0,1
767.15,0.75,108.95,658.21,3,1
679.31,0.75,127.0,552.31,3,1
524.16,0.25,74.54,449.62,1,1
391.51,0.0,57.54,333.97,0,1
760.13,1.0,84.62,675.51,4,1
731.34,0.5,181.22,550.13,2,1
566.09,0.5,46.22,519.87,2,1
519.55,0.25,54.81,464.74,1,1
522.4,0.25,65.22,457.18,1,1
398.23,0.0,34.0,364.23,0,1
385.21,0.0,36.11,349.1,0,1
462.67,0.0,113.57,349.1,0,1
830.22,1.0,154.7,675.51,4,1
531.72,0.25,74.54,457.18,1,1
577.66,0.25,105.35,472.31,1,1
504.24,0.25,54.62,449.62,1,1
639.32,0.5,96.76,542.56,2,1
611.23,0.25,146.49,464.74,1,1
452.23,0.0,80.43,371.79,0,1
502.56,0.25,60.51,442.05,1,1
480.95,0.25,54.03,426.92,1,1
797.8,1.0,107.16,690.64,4,1
722.0,0.75,94.05,627.95,3,1
750.64,0.75,160.51,590.13,3,1
609.27,0.5,81.84,527.44,2,1
593.72,0.25,144.11,449.62,1,1
635.53,0.5,77.84,557.69,2,1
420.56,0.0,56.32,364.23,0,1
517.76,0.25,90.84,426.92,1,1
549.37,0.25,84.62,464.74,1,1
682.32,0.5,132.19,550.13,2,1
522.09,0.25,95.16,426.92,1,1
646.64,0.5,88.95,557.69,2,1
629.29,0.5,86.73,542.56,2,1
708.41,0.75,88.03,620.38,3,1
586.63,0.25,106.76,479.87,1,1
426.5,0.0,69.84,356.67,0,1
706.28,1.0,61.03,645.26,4,1
569.26,0.25,119.65,449.62,1,1
913.49,1.25,137.46,776.03,5,1
704.83,0.5,154.7,550.13,2,1
1063.51,1.5,179.41,884.1,6,1
617.93,0.5,98.05,519.87,2,1
582.72,0.25,117.97,464.74,1,1
986.6,1.5,132.76,853.85,6,1
578.57,0.25,91.14,487.44,1,1
533.09,0.25,106.16,426.92,1,1
618.12,0.5,98.24,519.87,2,1
392.62,0.0,58.65,333.97,0,1
996.93,1.5,143.08,853.85,6,1
734.83,0.5,177.14,557.69,2,1
683.02,0.5,132.89,550.13,2,1
418.61,0.0,46.81,371.79,0,1
366.94,0.0,25.41,341.54,0,1
499.29,0.25,42.11,457.18,1,1
400.23,0.0,36.0,364.23,0,1
710.13,0.5,160.0,550.13,2,1
780.82,1.0,128.0,652.82,4,1
514.51,0.25,80.03,434.49,1,1
458.19,0.25,23.7,434.49,1,1
648.22,0.5,120.78,527.44,2,1
639.5,0.5,127.19,512.31,2,1
602.62,0.5,67.62,535.0,2,1
534.53,0.5,44.92,489.62,2,1
532.81,0.25,90.76,442.05,1,1
598.63,0.5,78.76,519.87,2,1
432.61,0.0,60.81,371.79,0,1
879.95,1.0,219.57,660.38,4,1
1091.56,1.75,159.89,931.67,7,1
617.65,0.5,82.65,535.0,2,1
478.79,0.25,59.43,419.36,1,1
494.06,0.25,67.14,426.92,1,1
446.66,0.0,82.43,364.23,0,1
465.64,0.0,108.97,356.67,0,1
600.81,0.5,65.81,535.0,2,1
372.38,0.0,38.41,333.97,0,1
749.28,0.75,128.89,620.38,3,1
739.82,1.0,79.43,660.38,4,1
695.67,0.75,97.97,597.69,3,1
559.34,0.25,102.16,457.18,1,1
789.54,1.0,106.46,683.08,4,1
567.0,0.5,32.0,535.0,2,1
548.62,0.25,106.57,442.05,1,1
649.62,0.5,107.05,542.56,2,1
745.52,0.75,117.57,627.95,3,1
481.03,0.0,86.54,394.49,0,1
539.67,0.25,90.05,449.62,1,1
500.31,0.25,28.0,472.31,1,1
850.32,1.25,119.68,730.64,5,1
593.91,0.25,129.16,464.74,1,1
668.73,0.75,93.73,575.0,3,1
420.56,0.0,56.32,364.23,0,1
539.21,0.25,97.16,442.05,1,1
470.71,0.0,91.35,379.36,0,1
436.07,0.0,71.84,364.23,0,1
538.42,0.25,81.24,457.18,1,1
362.24,0.0,20.7,341.54,0,1
1057.26,1.75,133.16,924.1,7,1
548.01,0.25,68.14,479.87,1,1
543.5,0.25,78.76,464.74,1,1
438.66,0.0,74.43,364.23,0,1
510.78,0.25,68.73,442.05,1,1
429.85,0.0,65.62,364.23,0,1
528.61,0.25,71.43,457.18,1,1
742.79,0.75,129.97,612.82,3,1
642.49,0.5,115.05,527.44,2,1
692.17,0.5,164.73,527.44,2,1
548.44,0.25,76.14,472.31,1,1
471.06,0.0,84.14,386.92,0,1
418.79,0.0,47.0,371.79,0,1
484.01,0.25,64.65,419.36,1,1
396.04,0.0,31.81,364.23,0,1
561.44,0.25,89.14,472.31,1,1
586.94,0.5,89.76,497.18,2,1
681.51,0.5,146.51,535.0,2,1
728.39,0.75,115.57,612.82,3,1
673.68,0.5,138.68,535.0,2,1
386.46,0.0,44.92,341.54,0,1
652.0,0.75,69.43,582.56,3,1
855.21,1.0,157.0,698.21,4,1
484.22,0.0,104.86,379.36,0,1
732.84,0.5,197.84,535.0,2,1
818.97,1.0,135.89,683.08,4,1
613.45,0.25,148.7,464.74,1,1
546.07,0.25,81.32,464.74,1,1
766.76,1.0,91.24,675.51,4,1
564.89,0.25,115.27,449.62,1,1
696.56,0.75,98.86,597.69,3,1
649.79,0.75,82.35,567.44,3,1
670.78,0.5,135.78,535.0,2,1
530.77,0.25,66.03,464.74,1,1
574.77,0.25,102.46,472.31,1,1
560.91,0.25,96.16,464.74,1,1
726.36,0.5,161.11,565.26,2,1
625.16,0.5,75.03,550.13,2,1
734.88,0.75,137.19,597.69,3,1
425.12,0.0,53.32,371.79,0,1
828.28,1.0,167.89,660.38,4,1
892.82,1.0,171.92,720.9,4,1
512.82,0.25,40.51,472.31,1,1
504.83,0.25,55.22,449.62,1,1
545.85,0.25,73.54,472.31,1,1
530.26,0.25,80.65,449.62,1,1
516.64,0.25,67.03,449.62,1,1
437.04,0.0,65.24,371.79,0,1
515.89,0.25,73.84,442.05,1,1
414.34,0.0,50.11,364.23,0,1
470.39,0.25,51.03,419.36,1,1
574.09,0.5,54.22,519.87,2,1
702.46,0.75,119.89,582.56,3,1
573.1,0.5,75.92,497.18,2,1
526.26,0.25,61.51,464.74,1,1
559.2,0.25,79.32,479.87,1,1
413.15,0.0,48.92,364.23,0,1
488.63,0.0,109.27,379.36,0,1
630.88,0.5,65.62,565.26,2,1
377.54,0.0,36.0,341.54,0,1
482.16,0.25,40.11,442.05,1,1
648.92,0.5,106.35,542.56,2,1
677.17,0.5,149.73,527.44,2,1
508.08,0.25,66.03,442.05,1,1
698.31,0.5,125.49,572.82,2,1
641.43,0.5,98.86,542.56,2,1
635.65,0.5,100.65,535.0,2,1
562.91,0.25,98.16,464.74,1,1
460.88,0.0,96.65,364.23,0,1
799.49,0.75,171.54,627.95,3,1
752.61,0.75,154.92,597.69,3,1
714.94,0.5,164.81,550.13,2,1
531.68,0.25,51.81,479.87,1,1
584.64,0.25,119.89,464.74,1,1
434.02,0.0,77.35,356.67,0,1
528.98,0.25,49.11,479.87,1,1
890.33,1.0,169.43,720.9,4,1
652.48,0.5,102.35,550.13,2,1
844.21,1.25,113.57,730.64,5,1
420.45,0.0,56.22,364.23,0,1
490.27,0.25,48.22,442.05,1,1
431.52,0.0,59.73,371.79,0,1
642.16,0.5,107.16,535.0,2,1
448.39,0.0,69.03,379.36,0,1
567.28,0.5,47.41,519.87,2,1
675.04,0.75,62.22,612.82,3,1
704.76,0.75,76.81,627.95,3,1
359.24,0.0,17.7,341.54,0,1
656.16,0.5,121.16,535.0,2,1
554.13,0.25,96.95,457.18,1,1
634.57,0.5,99.57,535.0,2,1
689.61,0.5,139.49,550.13,2,1
629.79,0.5,117.49,512.31,2,1
677.44,0.5,150.0,527.44,2,1
566.9,0.25,87.03,479.87,1,1
547.44,0.25,75.14,472.31,1,1
391.21,0.0,42.11,349.1,0,1
525.35,0.25,90.86,434.49,1,1
691.45,0.75,93.76,597.69,3,1
428.31,0.0,56.51,371.79,0,1
739.76,0.75,104.24,635.51,3,1
574.71,0.25,94.84,479.87,1,1
726.86,0.75,91.35,635.51,3,1
488.92,0.25,62.0,426.92,1,1
604.5,0.25,132.19,472.31,1,1
753.71,0.75,140.89,612.82,3,1
833.1,0.75,190.03,643.08,3,1
588.11,0.5,53.11,535.0,2,1
599.91,0.25,150.3,449.62,1,1
783.91,1.0,100.84,683.08,4,1
660.83,0.5,118.27,542.56,2,1
569.99,0.25,120.38,449.62,1,1
395.2,0.0,23.41,371.79,0,1
639.73,0.5,97.16,542.56,2,1
615.59,0.5,73.03,542.56,2,1
580.22,0.25,100.35,479.87,1,1
467.25,0.0,95.46,371.79,0,1
540.53,0.25,83.35,457.18,1,1
634.34,0.75,44.22,590.13,3,1
623.2,0.75,63.32,559.87,3,1
772.75,0.75,129.68,643.08,3,1
580.77,0.25,108.46,472.31,1,1
427.75,0.0,78.65,349.1,0,1
446.93,0.0,75.14,371.79,0,1
786.14,1.0,118.19,667.95,4,1
524.52,0.25,52.22,472.31,1,1
523.42,0.25,66.24,457.18,1,1
664.11,0.5,129.11,535.0,2,1
436.65,0.0,49.73,386.92,0,1
464.88,0.0,93.08,371.79,0,1
476.9,0.25,57.54,419.36,1,1
603.41,0.5,83.54,519.87,2,1
518.4,0.25,76.35,442.05,1,1
702.07,1.0,56.81,645.26,4,1
630.62,0.5,88.05,542.56,2,1
405.48,0.0,48.81,356.67,0,1
798.66,1.0,85.32,713.33,4,1
576.22,0.25,96.35,479.87,1,1
714.19,0.75,86.24,627.95,3,1
653.72,0.75,56.03,597.69,3,1
840.96,1.0,135.19,705.77,4,1
709.47,0.5,129.08,580.38,2,1
612.63,0.5,92.76,519.87,2,1
722.76,0.75,87.24,635.51,3,1
880.8,1.0,175.03,705.77,4,1
528.56,0.25,78.95,449.62,1,1
566.44,0.25,94.14,472.31,1,1
457.06,0.0,70.14,386.92,0,1
764.14,0.75,136.19,627.95,3,1
524.14,0.25,89.65,434.49,1,1
457.01,0.25,45.22,411.79,1,1
367.24,0.0,25.7,341.54,0,1
516.92,0.25,82.43,434.49,1,1
537.42,0.25,80.24,457.18,1,1
590.49,0.25,103.05,487.44,1,1
722.25,0.75,101.86,620.38,3,1
545.44,0.25,73.14,472.31,1,1
452.56,0.25,48.32,404.23,1,1
472.68,0.25,53.32,419.36,1,1
358.08,0.0,24.11,333.97,0,1
734.95,0.75,99.43,635.51,3,1
578.95,0.5,51.51,527.44,2,1
851.52,1.0,138.19,713.33,4,1
676.35,0.5,133.78,542.56,2,1
489.88,0.25,32.7,457.18,1,1
383.81,0.0,34.7,349.1,0,1
560.63,0.25,80.76,479.87,1,1
375.81,0.0,26.7,349.1,0,1
574.66,0.25,102.35,472.31,1,1
513.0,0.25,70.95,442.05,1,1
571.83,0.5,74.65,497.18,2,1
379.37,0.0,22.7,356.67,0,1
781.15,1.0,135.89,645.26,4,1
385.1,0.0,36.0,349.1,0,1
567.96,0.25,95.65,472.31,1,1
619.65,0.5,84.65,535.0,2,1
617.49,0.5,90.05,527.44,2,1
429.52,0.0,57.73,371.79,0,1
351.11,0.0,24.7,326.41,0,1
858.17,1.0,152.41,705.77,4,1
520.8,0.25,63.62,457.18,1,1
1154.67,2.0,137.62,1017.05,8,1
710.03,0.75,89.65,620.38,3,1
678.61,0.5,113.35,565.26,2,1
644.24,0.75,54.11,590.13,3,1
555.04,0.25,97.86,457.18,1,1
521.4,0.25,79.35,442.05,1,1
801.3,0.75,180.92,620.38,3,1
468.44,0.25,41.51,426.92,1,1
777.23,1.0,79.03,698.21,4,1
728.86,0.75,93.35,635.51,3,1
696.5,0.75,91.24,605.26,3,1
523.63,0.25,51.32,472.31,1,1
745.12,1.0,46.92,698.21,4,1
515.5,0.25,58.32,457.18,1,1
525.21,0.25,68.03,457.18,1,1
578.71,0.25,98.84,479.87,1,1
758.83,1.0,60.62,698.21,4,1
591.67,0.5,49.11,542.56,2,1
776.41,0.75,148.46,627.95,3,1
904.33,1.0,183.43,720.9,4,1
829.7,0.75,186.62,643.08,3,1
689.01,0.75,68.62,620.38,3,1
478.68,0.0,91.76,386.92,0,1
496.98,0.0,125.19,371.79,0,1
793.16,1.0,117.65,675.51,4,1
523.29,0.25,81.24,442.05,1,1
394.91,0.0,45.81,349.1,0,1
792.78,1.0,117.27,675.51,4,1
500.4,0.0,98.35,402.05,0,1
589.27,0.25,147.22,442.05,1,1
382.51,0.0,33.41,349.1,0,1
513.94,0.25,64.32,449.62,1,1
587.06,0.25,114.76,472.31,1,1
421.51,0.25,32.41,389.1,1,1
436.12,0.0,64.32,371.79,0,1
729.2,0.75,116.38,612.82,3,1
624.91,0.5,67.22,557.69,2,1
662.64,0.5,104.95,557.69,2,1
391.16,0.0,49.62,341.54,0,1
579.34,0.25,122.16,457.18,1,1
603.65,0.5,76.22,527.44,2,1
620.1,0.5,77.54,542.56,2,1
715.13,0.75,79.62,635.51,3,1
392.77,0.0,36.11,356.67,0,1
685.24,0.75,102.68,582.56,3,1
429.52,0.0,57.73,371.79,0,1
599.81,0.5,64.81,535.0,2,1
779.41,1.0,111.46,667.95,4,1
1074.84,1.75,158.3,916.54,7,1
404.87,0.0,25.51,379.36,0,1
646.73,0.5,104.16,542.56,2,1
461.39,0.0,97.16,364.23,0,1
412.1,0.0,55.43,356.67,0,1
396.48,0.0,39.81,356.67,0,1
406.94,0.0,57.84,349.1,0,1
648.43,0.5,105.86,542.56,2,1
375.91,0.0,26.81,349.1,0,1
626.05,0.5,75.92,550.13,2,1
458.53,0.0,101.86,356.67,0,1
