"Total_Cost","Ratio_Reloc_Prod","Horiz_Cost","Vert_Cost","nReloc","non_Optimal"
222985.05,0.418,33777.6,189207.32,627,375
656.96,0.5,84.14,572.82,2,1
542.54,0.25,55.11,487.44,1,1
567.36,0.25,95.05,472.31,1,1
710.11,0.75,89.73,620.38,3,1
699.75,0.75,102.05,597.69,3,1
521.15,0.25,56.41,464.74,1,1
451.92,0.0,57.43,394.49,0,1
550.85,0.25,78.54,472.31,1,1
397.34,0.0,33.11,364.23,0,1
622.71,0.5,95.27,527.44,2,1
634.86,0.5,84.73,550.13,2,1
409.79,0.0,38.0,371.79,0,1
637.73,0.5,95.16,542.56,2,1
450.17,0.0,63.24,386.92,0,1
740.21,0.75,97.14,643.08,3,1
637.48,0.5,87.35,550.13,2,1
951.02,1.25,152.3,798.72,5,1
410.77,0.0,54.11,356.67,0,1
609.4,0.5,66.84,542.56,2,1
364.35,0.0,22.81,341.54,0,1
540.64,0.25,83.46,457.18,1,1
619.14,0.5,99.27,519.87,2,1
369.81,0.0,20.7,349.1,0,1
581.35,0.25,139.3,442.05,1,1
463.28,0.0,99.05,364.23,0,1
549.24,0.5,59.62,489.62,2,1
572.22,0.25,92.35,479.87,1,1
693.29,0.5,135.59,557.69,2,1
440.67,0.0,91.57,349.1,0,1
1193.09,2.0,198.73,994.36,8,1
558.04,0.25,100.86,457.18,1,1
454.57,0.0,67.65,386.92,0,1
796.66,1.0,98.46,698.21,4,1
715.43,0.75,79.92,635.51,3,1
411.9,0.0,40.11,371.79,0,1
447.45,0.0,83.22,364.23,0,1
760.22,0.75,132.27,627.95,3,1
403.56,0.0,39.32,364.23,0,1
767.15,0.75,108.95,658.21,3,1
679.31,0.75,127.0,552.31,3,1
521.45,0.25,71.84,449.62,1,1
391.51,0.0,57.54,333.97,0,1
752.57,1.0,84.62,667.95,4,1
649.52,0.25,177.22,472.31,1,1
566.39,0.5,46.51,519.87,2,1
519.55,0.25,54.81,464.74,1,1
522.4,0.25,65.22,457.18,1,1
398.23,0.0,34.0,364.23,0,1
398.77,0.0,42.11,356.67,0,1
468.08,0.0,118.97,349.1,0,1
830.22,1.0,154.7,675.51,4,1
531.72,0.25,74.54,457.18,1,1
577.66,0.25,105.35,472.31,1,1
489.97,0.25,47.92,442.05,1,1
637.21,0.5,94.65,542.56,2,1
608.53,0.25,143.78,464.74,1,1
530.19,0.25,88.14,442.05,1,1
502.56,0.25,60.51,442.05,1,1
555.21,0.5,58.03,497.18,2,1
790.24,1.0,107.16,683.08,4,1
722.0,0.75,94.05,627.95,3,1
750.64,0.75,160.51,590.13,3,1
609.27,0.5,81.84,527.44,2,1
593.72,0.25,144.11,449.62,1,1
635.53,0.5,77.84,557.69,2,1
420.56,0.0,56.32,364.23,0,1
506.6,0.25,87.24,419.36,1,1
549.37,0.25,84.62,464.74,1,1
682.32,0.5,132.19,550.13,2,1
522.09,0.25,95.16,426.92,1,1
646.64,0.5,88.95,557.69,2,1
629.29,0.5,86.73,542.56,2,1
706.9,0.75,86.51,620.38,3,1
586.63,0.25,106.76,479.87,1,1
426.5,0.0,69.84,356.67,0,1
706.28,1.0,61.03,645.26,4,1
569.26,0.25,119.65,449.62,1,1
913.49,1.25,137.46,776.03,5,1
704.83,0.5,154.7,550.13,2,1
1013.71,1.5,152.3,861.41,6,1
646.35,0.5,111.35,535.0,2,1
578.75,0.25,121.57,457.18,1,1
893.62,1.25,110.03,783.59,5,1
586.14,0.25,91.14,495.0,1,1
517.12,0.25,97.76,419.36,1,1
562.71,0.5,50.41,512.31,2,1
413.75,0.0,64.65,349.1,0,1
1086.05,1.75,154.38,931.67,7,1
750.39,0.5,185.14,565.26,2,1
683.02,0.5,132.89,550.13,2,1
419.31,0.0,47.51,371.79,0,1
365.24,0.0,23.7,341.54,0,1
544.26,0.5,39.51,504.74,2,1
400.23,0.0,36.0,364.23,0,1
704.72,0.5,154.59,550.13,2,1
567.91,0.25,118.3,449.62,1,1
524.03,0.25,89.54,434.49,1,1
458.19,0.25,23.7,434.49,1,1
606.42,0.5,101.68,504.74,2,1
728.43,0.75,138.3,590.13,3,1
687.69,0.75,82.43,605.26,3,1
553.37,0.5,48.62,504.74,2,1
456.18,0.0,91.95,364.23,0,1
595.93,0.5,76.05,519.87,2,1
432.61,0.0,60.81,371.79,0,1
874.84,1.0,214.46,660.38,4,1
1009.9,1.5,148.49,861.41,6,1
684.34,0.75,86.65,597.69,3,1
471.23,0.25,59.43,411.79,1,1
494.06,0.25,67.14,426.92,1,1
446.66,0.0,82.43,364.23,0,1
465.64,0.0,108.97,356.67,0,1
600.81,0.5,65.81,535.0,2,1
370.38,0.0,36.41,333.97,0,1
799.75,1.0,116.68,683.08,4,1
747.38,1.0,79.43,667.95,4,1
617.71,0.5,90.27,527.44,2,1
566.91,0.25,102.16,464.74,1,1
789.54,1.0,106.46,683.08,4,1
567.0,0.5,32.0,535.0,2,1
548.62,0.25,106.57,442.05,1,1
640.02,0.5,97.46,542.56,2,1
760.78,0.75,125.27,635.51,3,1
562.85,0.25,90.54,472.31,1,1
540.97,0.25,91.35,449.62,1,1
500.31,0.25,28.0,472.31,1,1
716.93,0.75,111.68,605.26,3,1
586.34,0.25,129.16,457.18,1,1
597.9,0.5,78.03,519.87,2,1
406.24,0.0,57.14,349.1,0,1
560.78,0.25,111.16,449.62,1,1
470.71,0.0,91.35,379.36,0,1
436.07,0.0,71.84,364.23,0,1
539.72,0.25,82.54,457.18,1,1
367.65,0.0,26.11,341.54,0,1
925.18,1.25,126.46,798.72,5,1
548.01,0.25,68.14,479.87,1,1
680.59,0.75,90.46,590.13,3,1
438.66,0.0,74.43,364.23,0,1
499.51,0.25,65.03,434.49,1,1
429.85,0.0,65.62,364.23,0,1
592.6,0.5,72.73,519.87,2,1
742.79,0.75,129.97,612.82,3,1
650.05,0.5,115.05,535.0,2,1
826.92,1.0,151.41,675.51,4,1
508.95,0.25,74.46,434.49,1,1
489.3,0.0,109.95,379.36,0,1
363.65,0.0,22.11,341.54,0,1
456.98,0.25,37.62,419.36,1,1
383.07,0.0,26.41,356.67,0,1
577.41,0.25,97.54,479.87,1,1
496.27,0.25,69.35,426.92,1,1
681.51,0.5,146.51,535.0,2,1
654.13,0.5,111.57,542.56,2,1
767.76,0.75,147.38,620.38,3,1
409.59,0.0,52.92,356.67,0,1
641.48,0.75,58.92,582.56,3,1
843.64,1.0,153.0,690.64,4,1
487.63,0.0,108.27,379.36,0,1
881.05,1.0,205.54,675.51,4,1
731.18,0.75,133.49,597.69,3,1
633.71,0.25,161.41,472.31,1,1
548.77,0.25,84.03,464.74,1,1
580.7,0.25,131.08,449.62,1,1
717.85,0.75,105.03,612.82,3,1
694.56,0.75,96.86,597.69,3,1
551.34,0.25,94.16,457.18,1,1
678.54,0.5,135.97,542.56,2,1
553.6,0.25,73.73,479.87,1,1
575.22,0.25,95.35,479.87,1,1
558.04,0.25,100.86,457.18,1,1
726.36,0.5,161.11,565.26,2,1
650.48,0.5,100.35,550.13,2,1
679.91,0.5,129.78,550.13,2,1
428.82,0.0,57.03,371.79,0,1
860.27,1.0,177.19,683.08,4,1
740.76,0.75,120.38,620.38,3,1
501.55,0.25,36.81,464.74,1,1
410.56,0.0,46.32,364.23,0,1
377.35,0.0,35.81,341.54,0,1
522.16,0.25,72.54,449.62,1,1
377.0,0.0,43.03,333.97,0,1
430.23,0.0,58.43,371.79,0,1
536.26,0.25,86.65,449.62,1,1
482.03,0.25,55.11,426.92,1,1
419.15,0.0,54.92,364.23,0,1
565.09,0.5,45.22,519.87,2,1
632.06,0.5,112.19,519.87,2,1
579.15,0.5,74.41,504.74,2,1
540.23,0.25,67.92,472.31,1,1
557.49,0.25,77.62,479.87,1,1
501.56,0.25,59.51,442.05,1,1
479.77,0.0,107.97,371.79,0,1
636.28,0.5,71.03,565.26,2,1
378.05,0.0,36.51,341.54,0,1
507.94,0.25,58.32,449.62,1,1
730.03,0.75,109.65,620.38,3,1
833.52,1.0,173.14,660.38,4,1
519.35,0.25,69.73,449.62,1,1
734.76,0.75,114.38,620.38,3,1
732.52,0.75,104.57,627.95,3,1
561.39,0.25,96.65,464.74,1,1
598.03,0.25,118.16,479.87,1,1
451.32,0.0,94.65,356.67,0,1
800.79,0.75,172.84,627.95,3,1
920.99,1.25,175.22,745.77,5,1
805.13,0.75,169.62,635.51,3,1
527.23,0.25,54.92,472.31,1,1
584.64,0.25,119.89,464.74,1,1
434.02,0.0,77.35,356.67,0,1
528.98,0.25,49.11,479.87,1,1
934.19,1.25,165.73,768.46,5,1
581.66,0.25,109.35,472.31,1,1
620.95,0.5,101.08,519.87,2,1
582.46,0.5,55.03,527.44,2,1
532.37,0.25,67.62,464.74,1,1
410.69,0.0,54.03,356.67,0,1
652.88,0.5,102.76,550.13,2,1
450.09,0.0,70.73,379.36,0,1
569.87,0.5,50.0,519.87,2,1
709.79,0.75,81.84,627.95,3,1
725.3,0.75,97.35,627.95,3,1
432.34,0.25,28.11,404.23,1,1
641.19,0.5,113.76,527.44,2,1
551.83,0.25,94.65,457.18,1,1
645.83,0.5,103.27,542.56,2,1
687.91,0.5,137.78,550.13,2,1
680.4,0.5,130.27,550.13,2,1
673.73,0.5,146.3,527.44,2,1
533.61,0.25,76.43,457.18,1,1
524.82,0.25,52.51,472.31,1,1
447.68,0.0,68.32,379.36,0,1
710.05,0.75,127.49,582.56,3,1
443.74,0.0,71.95,371.79,0,1
592.15,0.5,79.84,512.31,2,1
607.57,0.5,80.14,527.44,2,1
545.58,0.25,80.84,464.74,1,1
714.55,0.75,94.16,620.38,3,1
488.49,0.25,54.0,434.49,1,1
629.47,0.25,149.59,479.87,1,1
638.74,0.5,134.0,504.74,2,1
816.43,0.75,180.92,635.51,3,1
662.02,0.75,64.32,597.69,3,1
588.35,0.25,146.3,442.05,1,1
750.88,0.75,100.24,650.64,3,1
727.14,0.75,106.76,620.38,3,1
565.59,0.25,115.97,449.62,1,1
389.37,0.0,32.7,356.67,0,1
578.98,0.25,106.68,472.31,1,1
443.65,0.0,56.73,386.92,0,1
580.22,0.25,100.35,479.87,1,1
443.61,0.0,86.95,356.67,0,1
685.78,0.75,95.65,590.13,3,1
534.94,0.5,45.32,489.62,2,1
449.58,0.0,85.35,364.23,0,1
729.84,0.75,109.46,620.38,3,1
697.63,0.75,130.19,567.44,3,1
571.72,0.5,74.54,497.18,2,1
427.56,0.0,63.32,364.23,0,1
777.49,1.0,101.97,675.51,4,1
591.22,0.5,56.22,535.0,2,1
533.28,0.25,68.54,464.74,1,1
669.11,0.5,134.11,535.0,2,1
436.65,0.0,49.73,386.92,0,1
539.13,0.25,97.08,442.05,1,1
476.9,0.25,57.54,419.36,1,1
688.78,1.0,66.22,622.56,4,1
551.89,0.5,69.84,482.05,2,1
678.34,0.75,80.65,597.69,3,1
659.89,0.5,124.89,535.0,2,1
573.71,0.25,93.84,479.87,1,1
763.39,0.75,97.62,665.77,3,1
596.52,0.25,116.65,479.87,1,1
718.89,0.75,90.95,627.95,3,1
742.79,1.0,74.84,667.95,4,1
796.07,1.0,97.86,698.21,4,1
708.17,0.5,127.78,580.38,2,1
737.69,0.75,124.86,612.82,3,1
730.35,0.75,94.84,635.51,3,1
708.02,0.5,150.32,557.69,2,1
513.11,0.25,71.05,442.05,1,1
704.88,0.75,99.62,605.26,3,1
458.76,0.0,71.84,386.92,0,1
846.85,1.0,141.08,705.77,4,1
537.7,0.25,95.65,442.05,1,1
445.85,0.25,41.62,404.23,1,1
372.65,0.0,31.11,341.54,0,1
690.81,0.75,108.24,582.56,3,1
538.42,0.25,81.24,457.18,1,1
676.17,0.5,103.35,572.82,2,1
635.73,0.5,93.16,542.56,2,1
631.26,0.5,81.14,550.13,2,1
416.99,0.0,60.32,356.67,0,1
463.73,0.0,76.81,386.92,0,1
438.77,0.25,42.11,396.67,1,1
736.71,0.75,108.76,627.95,3,1
546.63,0.25,74.32,472.31,1,1
914.81,1.25,138.78,776.03,5,1
593.67,0.25,136.49,457.18,1,1
450.63,0.25,23.7,426.92,1,1
389.72,0.0,40.62,349.1,0,1
561.46,0.25,74.03,487.44,1,1
379.81,0.0,30.7,349.1,0,1
577.77,0.25,105.46,472.31,1,1
508.29,0.25,66.24,442.05,1,1
426.32,0.0,69.65,356.67,0,1
452.2,0.25,40.41,411.79,1,1
695.18,0.75,105.05,590.13,3,1
376.1,0.0,27.0,349.1,0,1
554.44,0.25,82.14,472.31,1,1
712.74,0.75,92.35,620.38,3,1
792.1,1.0,101.46,690.64,4,1
426.82,0.0,55.03,371.79,0,1
399.43,0.0,50.32,349.1,0,1
861.51,1.25,77.92,783.59,5,1
532.93,0.25,60.62,472.31,1,1
1037.51,1.75,128.54,908.97,7,1
767.53,1.0,69.32,698.21,4,1
690.01,0.5,124.76,565.26,2,1
575.87,0.5,56.0,519.87,2,1
577.66,0.25,105.35,472.31,1,1
543.32,0.25,101.27,442.05,1,1
487.31,0.0,123.08,364.23,0,1
507.67,0.25,65.62,442.05,1,1
919.18,1.5,88.03,831.15,6,1
535.37,0.25,70.62,464.74,1,1
709.34,0.75,111.65,597.69,3,1
493.69,0.25,36.51,457.18,1,1
773.61,1.0,67.84,705.77,4,1
431.52,0.0,59.73,371.79,0,1
588.96,0.5,76.65,512.31,2,1
568.66,0.25,96.35,472.31,1,1
584.09,0.5,64.22,519.87,2,1
652.4,0.75,54.7,597.69,3,1
781.67,0.75,146.16,635.51,3,1
839.93,0.75,181.73,658.21,3,1
815.0,0.75,171.92,643.08,3,1
603.37,0.5,60.81,542.56,2,1
567.2,0.25,102.46,464.74,1,1
500.39,0.0,128.59,371.79,0,1
663.81,0.75,81.24,582.56,3,1
532.56,0.25,82.95,449.62,1,1
429.71,0.0,57.92,371.79,0,1
537.92,0.25,95.86,442.05,1,1
584.22,0.25,104.35,479.87,1,1
513.01,0.0,141.22,371.79,0,1
403.64,0.0,39.41,364.23,0,1
514.08,0.25,72.03,442.05,1,1
692.28,0.5,119.46,572.82,2,1
360.52,0.0,34.11,326.41,0,1
435.61,0.0,63.81,371.79,0,1
754.49,0.75,118.97,635.51,3,1
818.19,1.0,89.73,728.46,4,1
657.29,0.5,107.16,550.13,2,1
390.72,0.0,41.62,349.1,0,1
663.6,0.5,136.16,527.44,2,1
643.77,0.5,78.51,565.26,2,1
751.72,1.0,53.51,698.21,4,1
655.74,0.5,82.92,572.82,2,1
405.74,0.0,41.51,364.23,0,1
677.94,0.75,80.24,597.69,3,1
406.56,0.0,42.32,364.23,0,1
439.47,0.0,75.24,364.23,0,1
650.47,0.5,130.59,519.87,2,1
1201.89,2.0,192.41,1009.49,8,1
412.44,0.0,25.51,386.92,0,1
482.83,0.0,118.59,364.23,0,1
475.99,0.0,126.89,349.1,0,1
457.85,0.0,86.05,371.79,0,1
385.1,0.0,36.0,349.1,0,1
478.18,0.25,73.95,404.23,1,1
659.13,0.5,116.57,542.56,2,1
434.37,0.25,37.7,396.67,1,1
498.58,0.25,41.41,457.18,1,1
513.06,0.25,86.14,426.92,1,1
