"Total_Cost","Ratio_Reloc_Prod","Horiz_Cost","Vert_Cost","nReloc","non_Optimal"
263617.64,0.4947,67699.82,195917.8,742,166
683.24,0.2,87.73,595.51,1,0
1055.73,0.8,219.19,836.54,4,1
523.28,0.0,43.41,479.87,0,0
836.12,0.4,162.78,673.33,2,0
1471.93,1.0,557.57,914.36,5,1
502.26,0.0,37.51,464.74,0,0
1207.31,1.4,167.57,1039.74,7,1
537.37,0.0,87.76,449.62,0,0
563.69,0.0,98.95,464.74,0,1
684.82,0.4,72.0,612.82,2,0
716.12,0.2,150.86,565.26,1,0
1133.35,1.2,163.86,969.49,6,1
938.1,0.6,194.51,743.59,3,0
726.29,0.4,83.22,643.08,2,1
928.28,0.6,214.95,713.33,3,0
526.72,0.0,77.11,449.62,0,0
548.26,0.0,83.51,464.74,0,0
749.32,0.4,106.24,643.08,2,0
924.21,0.8,133.05,791.15,4,0
1142.34,1.0,250.68,891.67,5,0
949.32,0.6,205.73,743.59,3,0
1310.82,0.6,665.57,645.26,3,1
1042.41,0.8,213.43,828.97,4,0
842.32,0.6,166.81,675.51,3,1
555.58,0.0,90.84,464.74,0,0
890.08,0.4,247.0,643.08,2,1
732.79,0.2,220.49,512.31,1,1
686.94,0.2,144.38,542.56,1,0
1203.33,0.6,550.51,652.82,3,1
551.93,0.0,79.62,472.31,0,0
444.9,0.0,33.11,411.79,0,1
671.89,0.0,237.41,434.49,0,1
579.95,0.0,145.46,434.49,0,1
959.23,0.8,205.89,753.33,4,0
443.2,0.0,31.41,411.79,0,1
1142.1,0.8,343.38,798.72,4,1
1253.96,0.8,462.81,791.15,4,0
1268.53,1.0,376.86,891.67,5,0
656.34,0.2,106.22,550.13,1,0
946.59,0.6,203.0,743.59,3,1
690.51,0.2,140.38,550.13,1,1
803.84,0.4,183.46,620.38,2,1
650.78,0.4,68.22,582.56,2,1
575.0,0.2,40.0,535.0,1,0
703.47,0.6,58.22,645.26,3,1
922.77,0.6,224.57,698.21,3,1
1419.7,1.2,435.08,984.62,6,0
858.15,0.4,192.38,665.77,2,1
500.06,0.0,80.7,419.36,0,0
801.96,0.4,189.14,612.82,2,0
901.0,0.4,273.05,627.95,2,0
1222.32,1.0,391.16,831.15,5,1
1258.49,0.8,437.08,821.41,4,0
619.65,0.2,84.65,535.0,1,0
1014.2,0.8,268.43,745.77,4,0
674.45,0.4,84.32,590.13,2,1
735.03,0.4,114.65,620.38,2,0
1018.74,0.6,312.97,705.77,3,0
589.26,0.0,132.08,457.18,0,1
607.54,0.2,72.54,535.0,1,1
968.45,0.6,270.24,698.21,3,1
669.75,0.2,119.62,550.13,1,0
555.56,0.0,98.38,457.18,0,0
650.05,0.0,215.57,434.49,0,1
1250.85,1.4,264.05,986.79,7,1
898.09,0.2,332.84,565.26,1,0
726.85,0.2,169.16,557.69,1,0
1174.95,0.8,406.49,768.46,4,1
1231.71,1.0,377.86,853.85,5,0
693.12,0.4,95.43,597.69,2,0
824.83,0.8,101.76,723.08,4,1
753.98,0.6,101.16,652.82,3,1
1033.84,1.0,217.81,816.03,5,0
1538.1,1.2,614.0,924.1,6,1
849.4,0.6,211.7,637.69,3,0
1205.04,1.0,411.7,793.33,5,0
1366.93,1.2,473.08,893.85,6,1
434.34,0.0,30.11,404.23,0,1
653.07,0.4,47.81,605.26,2,1
696.79,0.4,129.35,567.44,2,1
871.37,0.4,288.81,582.56,2,0
726.38,0.2,191.38,535.0,1,1
733.27,0.4,105.32,627.95,2,1
1131.79,0.8,317.95,813.85,4,0
854.46,0.4,287.03,567.44,2,1
1333.92,1.0,472.51,861.41,5,1
531.3,0.0,111.95,419.36,0,0
579.64,0.2,82.46,497.18,1,1
1310.83,1.0,419.16,891.67,5,1
509.9,0.0,90.54,419.36,0,1
481.63,0.0,69.84,411.79,0,0
570.26,0.0,113.08,457.18,0,0
709.03,0.4,88.65,620.38,2,1
676.73,0.2,141.73,535.0,1,1
1258.45,1.2,319.22,939.23,6,1
888.53,0.6,197.89,690.64,3,1
1032.12,0.6,318.78,713.33,3,0
891.45,0.4,233.24,658.21,2,0
993.4,0.6,302.76,690.64,3,0
730.66,0.6,85.41,645.26,3,1
1093.16,0.8,317.14,776.03,4,1
972.72,0.6,274.51,698.21,3,1
472.28,0.0,68.05,404.23,0,1
1177.12,0.8,423.78,753.33,4,0
615.84,0.2,80.84,535.0,1,1
948.26,0.8,202.49,745.77,4,1
736.68,0.6,68.73,667.95,3,1
438.61,0.0,26.81,411.79,0,1
553.57,0.0,126.65,426.92,0,1
880.98,0.4,253.03,627.95,2,0
1174.3,0.6,506.35,667.95,3,1
863.81,0.4,220.73,643.08,2,0
1058.58,0.8,252.3,806.28,4,0
1314.8,0.8,508.51,806.28,4,1
1237.33,1.0,428.86,808.46,5,1
1515.7,1.2,546.22,969.49,6,0
1052.81,0.4,424.86,627.95,2,1
1049.77,1.0,203.49,846.28,5,1
788.63,0.6,128.24,660.38,3,1
1372.23,1.2,425.43,946.79,6,0
1349.67,1.2,365.05,984.62,6,1
1338.41,1.0,469.43,868.97,5,0
1043.25,0.6,322.35,720.9,3,0
857.89,0.6,182.38,675.51,3,1
526.21,0.0,69.03,457.18,0,1
838.83,0.4,188.19,650.64,2,1
1278.02,1.0,454.43,823.59,5,0
790.12,0.4,124.35,665.77,2,0
1005.7,0.8,222.11,783.59,4,0
1087.53,0.4,557.92,529.62,2,1
822.22,0.4,201.84,620.38,2,1
796.47,0.2,284.16,512.31,1,1
819.08,0.4,191.14,627.95,2,1
1818.66,1.2,803.78,1014.87,6,0
964.58,0.6,251.24,713.33,3,0
948.95,0.4,313.43,635.51,2,1
699.96,0.2,142.27,557.69,1,1
903.08,0.4,267.57,635.51,2,1
796.4,0.4,145.76,650.64,2,1
485.73,0.0,58.81,426.92,0,1
921.59,0.6,238.51,683.08,3,1
691.35,0.2,156.35,535.0,1,1
814.93,0.6,162.11,652.82,3,1
1340.91,1.0,509.76,831.15,5,1
847.77,0.2,282.51,565.26,1,0
1319.03,0.6,651.08,667.95,3,1
1256.56,1.0,364.89,891.67,5,1
765.02,0.4,174.89,590.13,2,1
895.13,0.4,259.62,635.51,2,0
1622.52,1.4,567.65,1054.87,7,0
663.81,0.2,136.38,527.44,1,0
1224.08,0.8,516.14,707.95,4,0
1048.4,0.6,357.76,690.64,3,0
617.24,0.0,167.62,449.62,0,0
1271.86,1.0,440.7,831.15,5,0
646.79,0.2,119.35,527.44,1,0
1105.9,0.8,284.49,821.41,4,1
885.59,0.6,194.95,690.64,3,1
904.69,0.6,153.54,751.15,3,1
1278.15,1.4,245.97,1032.18,7,0
1012.17,0.8,205.89,806.28,4,1
459.36,0.0,40.0,419.36,0,1
1094.8,0.8,303.65,791.15,4,1
523.02,0.0,65.84,457.18,0,0
610.92,0.2,75.92,535.0,1,0
918.56,0.4,328.43,590.13,2,1
955.54,0.6,227.08,728.46,3,0
1377.3,1.0,462.95,914.36,5,0
794.72,0.4,128.95,665.77,2,0
503.24,0.0,53.62,449.62,0,1
866.28,0.4,245.89,620.38,2,0
722.68,0.2,195.24,527.44,1,0
1041.68,0.6,320.78,720.9,3,1
1367.61,1.0,521.32,846.28,5,1
842.38,0.4,214.43,627.95,2,1
1074.07,0.4,468.81,605.26,2,1
1159.26,0.8,413.49,745.77,4,0
589.93,0.0,110.05,479.87,0,0
519.12,0.0,99.76,419.36,0,1
605.56,0.0,148.38,457.18,0,0
613.0,0.2,78.0,535.0,1,1
1076.03,1.2,167.05,908.97,6,1
642.5,0.4,44.81,597.69,2,1
1489.28,1.2,474.41,1014.87,6,0
588.43,0.0,153.95,434.49,0,0
816.09,0.2,303.78,512.31,1,1
1199.4,0.6,455.81,743.59,3,0
1269.27,1.0,445.68,823.59,5,0
693.23,0.2,135.54,557.69,1,0
719.78,0.4,129.65,590.13,2,1
988.65,0.4,368.27,620.38,2,0
739.15,0.2,173.89,565.26,1,0
870.99,0.4,220.35,650.64,2,0
1308.49,0.8,600.54,707.95,4,1
919.05,0.6,228.41,690.64,3,0
737.2,0.2,164.38,572.82,1,1
807.72,0.2,250.03,557.69,1,0
611.02,0.2,113.84,497.18,1,1
537.3,0.0,102.81,434.49,0,1
1420.66,0.8,614.38,806.28,4,1
1010.34,0.8,272.14,738.21,4,0
629.69,0.2,117.38,512.31,1,1
984.37,0.6,293.73,690.64,3,0
1031.93,1.0,178.08,853.85,5,0
662.08,0.2,134.65,527.44,1,1
1087.96,0.8,296.81,791.15,4,1
617.01,0.4,57.14,559.87,2,1
929.64,0.2,379.51,550.13,1,0
485.1,0.0,80.86,404.23,0,1
905.09,0.2,400.35,504.74,1,1
934.08,0.4,298.57,635.51,2,0
1476.91,1.0,577.68,899.23,5,1
953.65,0.8,177.62,776.03,4,1
1452.61,1.0,553.38,899.23,5,0
764.24,0.4,121.16,643.08,2,1
1118.45,1.2,194.35,924.1,6,1
720.34,0.2,170.22,550.13,1,1
493.46,0.0,66.54,426.92,0,1
1056.07,0.8,249.78,806.28,4,1
1080.49,1.0,226.65,853.85,5,1
827.95,0.6,160.0,667.95,3,1
1209.8,1.0,371.08,838.72,5,1
1544.27,1.6,487.22,1057.05,8,0
1305.68,1.0,504.78,800.9,5,1
689.14,0.2,116.32,572.82,1,1
526.21,0.0,69.03,457.18,0,0
589.1,0.0,139.49,449.62,0,0
672.92,0.2,130.35,542.56,1,0
645.12,0.2,87.43,557.69,1,1
749.41,0.4,129.03,620.38,2,1
1110.69,0.8,311.97,798.72,4,1
991.68,0.8,170.27,821.41,4,1
904.32,0.4,268.81,635.51,2,1
556.31,0.0,99.14,457.18,0,0
854.52,0.6,141.19,713.33,3,1
1029.11,0.8,268.22,760.9,4,0
1030.11,1.2,121.14,908.97,6,0
672.16,0.2,122.03,550.13,1,1
670.01,0.4,49.62,620.38,2,1
637.79,0.2,110.35,527.44,1,0
771.83,0.2,214.14,557.69,1,0
509.62,0.0,75.14,434.49,0,1
1006.11,1.0,190.08,816.03,5,1
489.19,0.0,54.7,434.49,0,1
1027.33,1.0,158.35,868.97,5,0
626.03,0.2,91.03,535.0,1,1
831.67,0.6,148.59,683.08,3,0
902.08,0.8,179.0,723.08,4,0
1153.38,0.8,316.84,836.54,4,0
820.42,0.6,114.65,705.77,3,1
1276.67,1.0,392.57,884.1,5,0
819.27,0.2,276.7,542.56,1,1
908.13,0.2,418.51,489.62,1,1
585.53,0.2,95.92,489.62,1,1
466.93,0.0,55.14,411.79,0,0
556.14,0.0,121.65,434.49,0,0
450.61,0.0,38.81,411.79,0,1
834.76,0.4,199.24,635.51,2,0
933.18,0.4,282.54,650.64,2,0
1075.98,0.6,362.65,713.33,3,0
709.26,0.2,151.57,557.69,1,0
723.82,0.6,63.43,660.38,3,1
533.62,0.2,59.14,474.49,1,1
657.56,0.4,67.43,590.13,2,1
981.03,0.4,360.65,620.38,2,1
671.24,0.2,128.68,542.56,1,0
1245.5,0.8,446.78,798.72,4,1
595.54,0.2,60.54,535.0,1,0
659.97,0.2,124.97,535.0,1,1
869.93,0.4,257.11,612.82,2,1
710.15,0.2,144.89,565.26,1,1
1524.46,1.4,522.54,1001.92,7,1
567.76,0.0,133.27,434.49,0,0
872.39,0.6,174.19,698.21,3,1
1066.54,1.0,197.57,868.97,5,1
946.0,0.6,209.97,736.03,3,1
882.41,0.8,113.95,768.46,4,1
638.77,0.2,126.46,512.31,1,0
698.72,0.4,101.03,597.69,2,1
715.49,0.2,180.49,535.0,1,0
580.41,0.0,100.54,479.87,0,0
504.92,0.0,70.43,434.49,0,1
622.8,0.2,65.11,557.69,1,1
877.01,0.8,131.24,745.77,4,1
517.77,0.0,105.97,411.79,0,1
661.4,0.2,118.84,542.56,1,0
934.84,0.6,259.32,675.51,3,0
485.3,0.0,50.81,434.49,0,1
603.22,0.2,68.22,535.0,1,1
703.89,0.6,81.32,622.56,3,1
862.47,0.4,249.65,612.82,2,0
877.85,0.4,212.08,665.77,2,0
1681.22,1.4,611.22,1070.0,7,0
1283.68,0.8,515.22,768.46,4,1
809.65,0.6,149.27,660.38,3,1
1185.83,1.0,347.11,838.72,5,1
760.12,0.2,202.43,557.69,1,0
754.6,0.4,126.65,627.95,2,0
1338.95,0.6,610.49,728.46,3,0
863.49,0.6,135.03,728.46,3,0
