"Total_Cost","Ratio_Reloc_Prod","Horiz_Cost","Vert_Cost","nReloc","non_Optimal"
230074.34,0.3387,44129.17,185945.26,508,300
806.0,0.4,170.49,635.51,2,1
723.93,0.2,158.68,565.26,1,1
972.07,0.6,220.92,751.15,3,1
760.48,0.4,109.84,650.64,2,1
1000.83,1.0,116.73,884.1,5,1
932.53,0.8,141.38,791.15,4,1
676.96,0.4,71.7,605.26,2,1
1188.53,1.2,188.78,999.74,6,1
918.51,0.6,174.92,743.59,3,1
682.86,0.4,107.86,575.0,2,1
872.09,0.8,118.76,753.33,4,1
629.21,0.2,71.51,557.69,1,1
1014.56,0.8,215.84,798.72,4,1
731.2,0.4,118.38,612.82,2,1
521.66,0.0,56.92,464.74,0,1
998.68,0.8,177.27,821.41,4,1
915.88,0.6,225.24,690.64,3,1
660.01,0.2,94.76,565.26,1,1
802.86,0.6,127.35,675.51,3,1
792.74,0.4,111.84,680.9,2,1
549.21,0.0,92.03,457.18,0,1
807.2,0.4,186.81,620.38,2,1
646.61,0.2,88.92,557.69,1,1
657.1,0.2,114.54,542.56,1,1
999.47,0.6,278.57,720.9,3,1
899.53,0.6,148.38,751.15,3,1
864.94,0.6,121.35,743.59,3,1
1384.3,1.4,329.43,1054.87,7,1
953.32,0.6,217.3,736.03,3,1
899.81,0.6,163.78,736.03,3,1
901.62,0.6,158.03,743.59,3,1
675.18,0.2,109.92,565.26,1,1
748.63,0.4,143.38,605.26,2,1
1034.02,0.8,235.3,798.72,4,1
709.1,0.2,158.97,550.13,1,1
1047.12,0.6,280.84,766.28,3,1
686.83,0.2,144.27,542.56,1,1
761.67,0.4,126.16,635.51,2,1
825.54,0.4,182.46,643.08,2,1
687.76,0.2,167.89,519.87,1,1
1065.54,1.0,189.0,876.54,5,1
683.18,0.2,133.05,550.13,1,1
838.29,0.6,140.08,698.21,3,1
832.4,0.6,141.76,690.64,3,1
633.58,0.2,68.32,565.26,1,1
966.37,0.6,222.78,743.59,3,1
1202.96,0.8,396.68,806.28,4,1
707.2,0.2,134.38,572.82,1,1
731.34,0.2,166.08,565.26,1,1
705.97,0.2,163.41,542.56,1,1
681.29,0.4,91.16,590.13,2,1
523.69,0.0,58.95,464.74,0,1
750.33,0.4,129.95,620.38,2,1
550.31,0.0,93.14,457.18,0,1
967.1,0.8,168.38,798.72,4,1
835.69,0.6,137.49,698.21,3,1
557.07,0.0,92.32,464.74,0,1
735.78,0.4,85.14,650.64,2,1
974.67,0.6,238.65,736.03,3,1
807.08,0.4,164.0,643.08,2,1
656.63,0.2,136.76,519.87,1,1
1023.9,1.0,162.49,861.41,5,1
1584.7,1.6,414.19,1170.51,8,1
922.55,0.4,256.78,665.77,2,1
585.74,0.0,105.86,479.87,0,1
1015.01,0.6,248.73,766.28,3,1
749.77,0.4,152.08,597.69,2,1
806.74,0.2,241.49,565.26,1,1
734.99,0.2,169.73,565.26,1,1
780.47,0.4,175.22,605.26,2,1
681.13,0.2,138.57,542.56,1,1
556.09,0.0,91.35,464.74,0,1
1106.22,0.8,277.24,828.97,4,1
772.55,0.4,167.3,605.26,2,1
1058.3,0.8,221.76,836.54,4,1
911.42,0.6,160.27,751.15,3,1
933.5,0.6,174.78,758.72,3,1
642.04,0.2,69.22,572.82,1,1
855.72,0.6,112.14,743.59,3,1
909.73,0.6,173.7,736.03,3,1
685.61,0.2,120.35,565.26,1,1
790.69,0.2,217.86,572.82,1,1
732.42,0.2,159.59,572.82,1,1
773.35,0.4,130.27,643.08,2,1
842.5,0.4,184.3,658.21,2,1
953.2,0.8,139.35,813.85,4,1
825.65,0.4,144.76,680.9,2,1
572.64,0.0,107.89,464.74,0,1
877.44,0.6,164.11,713.33,3,1
616.26,0.0,151.51,464.74,0,1
786.93,0.4,121.16,665.77,2,1
617.28,0.0,137.41,479.87,0,1
647.5,0.2,82.24,565.26,1,1
754.24,0.4,111.16,643.08,2,1
893.86,0.6,150.27,743.59,3,1
637.58,0.2,72.32,565.26,1,1
569.61,0.0,104.86,464.74,0,1
1148.0,1.0,226.08,921.92,5,1
631.18,0.2,65.92,565.26,1,1
754.79,0.4,141.97,612.82,2,1
687.12,0.2,121.86,565.26,1,1
540.37,0.0,75.62,464.74,0,1
894.66,0.4,228.89,665.77,2,1
637.58,0.2,72.32,565.26,1,1
731.17,0.4,65.41,665.77,2,1
538.37,0.0,73.62,464.74,0,1
782.8,0.4,117.03,665.77,2,1
693.96,0.2,136.27,557.69,1,1
683.04,0.2,117.78,565.26,1,1
782.62,0.4,139.54,643.08,2,1
909.29,0.6,165.7,743.59,3,1
813.04,0.4,147.27,665.77,2,1
1011.86,0.6,275.84,736.03,3,1
675.42,0.2,110.16,565.26,1,1
533.72,0.0,76.54,457.18,0,1
642.99,0.2,77.73,565.26,1,1
832.21,0.6,88.62,743.59,3,1
529.55,0.0,64.81,464.74,0,1
757.94,0.4,114.86,643.08,2,1
822.44,0.4,156.68,665.77,2,1
802.72,0.2,237.46,565.26,1,1
827.96,0.4,162.19,665.77,2,1
683.01,0.2,117.76,565.26,1,1
571.58,0.0,106.84,464.74,0,1
948.35,0.8,164.76,783.59,4,1
745.52,0.2,172.7,572.82,1,1
533.28,0.0,68.54,464.74,0,1
744.1,0.2,186.41,557.69,1,1
851.47,0.4,185.7,665.77,2,1
716.47,0.2,151.22,565.26,1,1
808.01,0.4,142.24,665.77,2,1
711.53,0.2,146.27,565.26,1,1
923.77,0.8,109.92,813.85,4,1
752.39,0.4,86.62,665.77,2,1
557.2,0.0,92.46,464.74,0,1
556.69,0.0,91.95,464.74,0,1
820.15,0.4,154.38,665.77,2,1
682.12,0.2,116.86,565.26,1,1
1161.94,1.0,224.89,937.05,5,1
684.42,0.2,119.16,565.26,1,1
557.45,0.0,92.7,464.74,0,1
570.8,0.0,106.05,464.74,0,1
589.99,0.0,125.24,464.74,0,1
609.42,0.2,51.73,557.69,1,1
542.69,0.0,85.51,457.18,0,1
741.91,0.2,184.22,557.69,1,1
649.15,0.2,91.46,557.69,1,1
902.34,0.4,244.14,658.21,2,1
671.61,0.2,106.35,565.26,1,1
727.66,0.2,162.41,565.26,1,1
643.64,0.2,85.95,557.69,1,1
934.62,0.6,198.59,736.03,3,1
502.54,0.0,75.62,426.92,0,1
683.85,0.2,126.16,557.69,1,1
730.02,0.2,172.32,557.69,1,1
1070.99,0.6,312.27,758.72,3,1
755.77,0.2,190.51,565.26,1,1
1074.75,0.8,238.22,836.54,4,1
798.39,0.4,125.05,673.33,2,1
722.04,0.2,156.78,565.26,1,1
545.92,0.0,111.43,434.49,0,1
709.53,0.2,144.27,565.26,1,1
695.47,0.4,82.65,612.82,2,1
815.91,0.4,165.27,650.64,2,1
779.47,0.2,214.22,565.26,1,1
724.86,0.2,182.3,542.56,1,1
884.32,0.4,241.24,643.08,2,1
687.4,0.2,137.27,550.13,1,1
1246.47,1.0,332.11,914.36,5,1
1024.58,0.8,210.73,813.85,4,1
946.04,0.4,272.7,673.33,2,1
1088.22,0.8,259.24,828.97,4,1
726.85,0.2,161.59,565.26,1,1
653.13,0.0,195.95,457.18,0,1
683.82,0.2,118.57,565.26,1,1
799.34,0.4,133.57,665.77,2,1
570.42,0.0,105.68,464.74,0,1
877.24,0.6,133.65,743.59,3,1
711.36,0.2,146.11,565.26,1,1
923.59,0.6,180.0,743.59,3,1
805.89,0.4,162.81,643.08,2,1
982.09,0.8,160.68,821.41,4,1
955.2,0.6,196.49,758.72,3,1
727.96,0.2,162.7,565.26,1,1
868.2,0.4,202.43,665.77,2,1
835.69,0.4,169.92,665.77,2,1
534.58,0.0,69.84,464.74,0,1
772.4,0.4,129.32,643.08,2,1
607.04,0.0,142.3,464.74,0,1
772.16,0.4,129.08,643.08,2,1
527.26,0.0,62.51,464.74,0,1
994.31,0.6,228.03,766.28,3,1
544.58,0.0,79.84,464.74,0,1
1007.54,0.6,263.95,743.59,3,1
685.53,0.2,120.27,565.26,1,1
662.09,0.2,96.84,565.26,1,1
601.04,0.0,136.3,464.74,0,1
538.09,0.0,73.35,464.74,0,1
995.46,0.8,174.05,821.41,4,1
733.85,0.2,168.59,565.26,1,1
577.18,0.0,112.43,464.74,0,1
686.67,0.2,128.97,557.69,1,1
537.62,0.0,88.0,449.62,0,1
685.97,0.2,135.84,550.13,1,1
575.72,0.0,110.97,464.74,0,1
579.61,0.0,114.86,464.74,0,1
602.74,0.2,98.0,504.74,1,1
923.29,0.6,164.57,758.72,3,1
573.89,0.0,124.27,449.62,0,1
873.28,0.4,207.51,665.77,2,1
692.09,0.2,126.84,565.26,1,1
1044.31,0.6,278.03,766.28,3,1
679.64,0.2,121.95,557.69,1,1
773.35,0.4,130.27,643.08,2,1
705.1,0.2,147.41,557.69,1,1
713.74,0.2,148.49,565.26,1,1
655.8,0.2,90.54,565.26,1,1
673.69,0.2,108.43,565.26,1,1
737.39,0.2,172.14,565.26,1,1
811.53,0.4,145.76,665.77,2,1
856.8,0.4,191.03,665.77,2,1
685.88,0.2,128.19,557.69,1,1
825.47,0.4,159.7,665.77,2,1
694.31,0.2,129.05,565.26,1,1
946.28,0.4,280.51,665.77,2,1
660.12,0.2,102.43,557.69,1,1
671.07,0.2,105.81,565.26,1,1
583.8,0.0,119.05,464.74,0,1
733.74,0.2,168.49,565.26,1,1
511.36,0.0,92.0,419.36,0,1
790.82,0.2,225.57,565.26,1,1
666.45,0.2,108.76,557.69,1,1
745.26,0.2,180.0,565.26,1,1
586.64,0.0,129.46,457.18,0,1
891.37,0.4,233.16,658.21,2,1
640.44,0.0,153.0,487.44,0,1
1008.67,0.6,265.08,743.59,3,1
779.01,0.4,113.24,665.77,2,1
675.42,0.2,110.16,565.26,1,1
641.09,0.0,176.35,464.74,0,1
805.04,0.4,139.27,665.77,2,1
721.26,0.2,156.0,565.26,1,1
687.82,0.2,122.57,565.26,1,1
636.39,0.2,71.14,565.26,1,1
641.58,0.2,76.32,565.26,1,1
648.28,0.2,83.03,565.26,1,1
686.5,0.2,121.24,565.26,1,1
985.22,0.8,171.38,813.85,4,1
807.04,0.4,141.27,665.77,2,1
778.42,0.4,112.65,665.77,2,1
522.37,0.0,57.62,464.74,0,1
1115.37,0.8,271.27,844.1,4,1
1225.44,1.2,263.51,961.92,6,1
776.35,0.2,233.78,542.56,1,1
971.43,0.6,227.84,743.59,3,1
865.17,0.4,199.41,665.77,2,1
820.75,0.4,170.11,650.64,2,1
828.23,0.4,154.89,673.33,2,1
818.72,0.4,160.51,658.21,2,1
820.9,0.4,147.57,673.33,2,1
822.47,0.4,156.7,665.77,2,1
613.36,0.2,48.11,565.26,1,1
1002.39,0.6,243.68,758.72,3,1
659.47,0.2,86.65,572.82,1,1
667.12,0.2,101.86,565.26,1,1
826.18,0.4,167.97,658.21,2,1
753.69,0.2,188.43,565.26,1,1
541.99,0.0,77.24,464.74,0,1
677.53,0.2,112.27,565.26,1,1
952.85,0.6,179.0,773.85,3,1
777.77,0.4,104.43,673.33,2,1
803.55,0.4,137.78,665.77,2,1
822.7,0.4,179.62,643.08,2,1
871.62,0.6,143.16,728.46,3,1
540.2,0.0,75.46,464.74,0,1
694.74,0.2,114.35,580.38,1,1
773.15,0.4,114.95,658.21,2,1
701.5,0.2,128.68,572.82,1,1
656.18,0.2,90.92,565.26,1,1
629.58,0.2,64.32,565.26,1,1
679.09,0.2,113.84,565.26,1,1
871.34,0.4,213.14,658.21,2,1
716.23,0.2,150.97,565.26,1,1
568.36,0.0,96.05,472.31,0,1
729.88,0.4,64.11,665.77,2,1
782.12,0.4,116.35,665.77,2,1
632.99,0.2,67.73,565.26,1,1
590.09,0.0,125.35,464.74,0,1
841.47,0.4,175.7,665.77,2,1
681.31,0.2,116.05,565.26,1,1
520.96,0.0,56.22,464.74,0,1
694.12,0.2,128.86,565.26,1,1
939.36,0.6,173.08,766.28,3,1
585.93,0.0,121.19,464.74,0,1
780.31,0.4,114.54,665.77,2,1
551.09,0.0,86.35,464.74,0,1
542.88,0.0,78.14,464.74,0,1
553.18,0.0,88.43,464.74,0,1
684.2,0.2,118.95,565.26,1,1
686.82,0.2,121.57,565.26,1,1
