"Total_Cost","Ratio_Reloc_Prod","Horiz_Cost","Vert_Cost","nReloc","non_Optimal"
230099.03,0.428,39368.65,190730.25,642,147
763.61,0.4,97.84,665.77,2,0
520.26,0.0,55.51,464.74,0,0
751.75,0.4,93.54,658.21,2,0
808.97,0.4,165.89,643.08,2,0
759.19,0.4,131.24,627.95,2,1
898.76,0.8,137.86,760.9,4,0
755.1,0.4,104.46,650.64,2,0
805.36,0.6,92.03,713.33,3,0
695.17,0.2,167.73,527.44,1,1
706.22,0.4,85.84,620.38,2,0
809.87,0.4,181.92,627.95,2,0
984.4,0.8,193.24,791.15,4,1
717.66,0.2,152.41,565.26,1,0
924.16,0.8,140.57,783.59,4,0
792.32,0.4,141.68,650.64,2,1
511.55,0.0,46.81,464.74,0,0
516.69,0.0,59.51,457.18,0,1
810.23,0.6,112.03,698.21,3,0
958.27,0.6,222.24,736.03,3,0
553.82,0.0,81.51,472.31,0,0
755.94,0.4,112.86,643.08,2,1
1040.51,1.0,163.97,876.54,5,1
957.36,0.8,204.03,753.33,4,0
1188.18,1.4,163.57,1024.62,7,0
891.11,0.6,170.22,720.9,3,0
504.1,0.0,46.92,457.18,0,0
763.7,0.4,128.19,635.51,2,1
699.56,0.4,109.43,590.13,2,1
970.9,0.8,157.05,813.85,4,1
788.45,0.6,90.24,698.21,3,1
925.35,0.8,156.89,768.46,4,1
677.94,0.2,135.38,542.56,1,0
914.91,0.8,176.7,738.21,4,1
828.95,0.6,108.05,720.9,3,1
626.32,0.2,91.32,535.0,1,1
821.39,0.4,163.19,658.21,2,0
567.29,0.0,117.68,449.62,0,0
716.4,0.2,158.7,557.69,1,1
570.94,0.0,113.76,457.18,0,0
972.55,1.0,111.14,861.41,5,1
903.08,0.6,159.49,743.59,3,1
668.06,0.2,95.24,572.82,1,0
1180.09,1.0,258.16,921.92,5,1
704.51,0.2,154.38,550.13,1,0
651.37,0.2,101.24,550.13,1,0
1012.78,0.8,236.76,776.03,4,0
494.27,0.0,52.22,442.05,0,0
701.24,0.2,158.68,542.56,1,0
755.21,0.6,72.14,683.08,3,1
1030.83,1.0,207.24,823.59,5,0
942.38,0.6,213.92,728.46,3,1
506.11,0.0,71.62,434.49,0,1
723.72,0.4,65.51,658.21,2,0
661.61,0.2,96.35,565.26,1,1
963.13,0.8,171.97,791.15,4,0
762.91,0.6,79.84,683.08,3,1
749.43,0.4,106.35,643.08,2,0
717.41,0.4,97.03,620.38,2,1
641.86,0.2,106.86,535.0,1,0
751.06,0.6,83.11,667.95,3,0
585.87,0.2,66.0,519.87,1,1
648.88,0.2,98.76,550.13,1,1
935.62,0.8,167.16,768.46,4,1
782.31,0.4,116.54,665.77,2,0
966.0,0.8,182.41,783.59,4,1
965.69,0.8,114.03,851.67,4,0
646.23,0.2,88.54,557.69,1,1
573.74,0.0,101.43,472.31,0,0
631.8,0.2,74.11,557.69,1,1
775.99,0.4,125.35,650.64,2,1
868.63,0.6,155.3,713.33,3,1
770.28,0.6,117.46,652.82,3,1
530.4,0.0,73.22,457.18,0,0
952.94,0.8,176.92,776.03,4,1
762.5,0.4,149.68,612.82,2,1
947.73,0.8,171.7,776.03,4,1
963.24,0.6,219.65,743.59,3,1
655.1,0.2,112.54,542.56,1,1
774.24,0.4,131.16,643.08,2,0
978.27,0.8,141.73,836.54,4,1
891.86,0.6,148.27,743.59,3,0
856.41,0.6,143.08,713.33,3,1
812.36,0.4,146.59,665.77,2,1
813.66,0.4,147.89,665.77,2,0
658.71,0.2,146.41,512.31,1,0
711.34,0.2,161.22,550.13,1,0
629.48,0.2,86.92,542.56,1,1
553.58,0.0,88.84,464.74,0,1
624.0,0.2,81.43,542.56,1,1
524.58,0.0,59.84,464.74,0,0
490.05,0.0,48.0,442.05,0,0
804.46,0.4,161.38,643.08,2,1
641.2,0.2,75.95,565.26,1,1
977.45,0.6,218.73,758.72,3,0
516.21,0.0,59.03,457.18,0,0
570.96,0.0,98.65,472.31,0,1
837.06,0.6,123.73,713.33,3,1
755.82,0.4,143.0,612.82,2,0
555.5,0.0,90.76,464.74,0,1
624.7,0.2,82.14,542.56,1,1
1459.49,1.8,264.11,1195.38,9,0
1313.4,1.4,288.78,1024.62,7,0
571.9,0.0,92.03,479.87,0,1
673.51,0.2,123.38,550.13,1,0
741.55,0.4,121.16,620.38,2,0
610.78,0.2,68.22,542.56,1,1
502.17,0.0,75.24,426.92,0,1
595.79,0.2,75.92,519.87,1,1
721.03,0.4,100.65,620.38,2,0
847.43,0.6,118.97,728.46,3,0
490.8,0.0,33.62,457.18,0,1
628.72,0.2,123.97,504.74,1,1
795.83,0.6,112.76,683.08,3,0
749.97,0.4,114.46,635.51,2,1
695.23,0.2,129.97,565.26,1,0
940.62,0.6,197.03,743.59,3,0
675.05,0.2,132.49,542.56,1,0
661.62,0.2,119.05,542.56,1,1
949.46,0.8,128.05,821.41,4,0
987.27,1.0,163.68,823.59,5,0
475.25,0.0,48.32,426.92,0,0
673.75,0.2,131.19,542.56,1,0
768.67,0.4,118.03,650.64,2,0
684.93,0.2,119.68,565.26,1,0
673.42,0.2,108.16,565.26,1,1
1159.83,1.2,220.59,939.23,6,1
1048.91,1.2,117.24,931.67,6,0
687.03,0.2,159.59,527.44,1,1
728.82,0.4,123.57,605.26,2,1
584.14,0.2,56.7,527.44,1,0
960.52,1.0,159.62,800.9,5,0
844.05,0.6,100.46,743.59,3,0
854.31,0.8,108.54,745.77,4,1
914.22,0.6,193.32,720.9,3,0
609.55,0.0,129.68,479.87,0,1
650.62,0.2,108.05,542.56,1,1
1029.53,0.8,185.43,844.1,4,1
827.96,0.4,162.19,665.77,2,0
935.79,1.0,66.81,868.97,5,1
543.34,0.0,86.16,457.18,0,0
858.33,0.4,230.38,627.95,2,1
838.58,0.4,225.76,612.82,2,1
1030.66,0.6,264.38,766.28,3,0
825.98,0.6,97.51,728.46,3,1
732.72,0.4,74.51,658.21,2,1
716.77,0.4,103.95,612.82,2,0
890.17,0.6,169.27,720.9,3,1
721.09,0.4,115.84,605.26,2,1
951.19,1.0,135.16,816.03,5,1
637.38,0.2,109.95,527.44,1,1
624.89,0.2,82.32,542.56,1,1
600.01,0.2,80.14,519.87,1,1
675.72,0.2,110.46,565.26,1,0
1082.56,1.0,198.46,884.1,5,0
696.88,0.2,139.19,557.69,1,0
668.0,0.4,85.43,582.56,2,0
529.77,0.0,65.03,464.74,0,1
534.32,0.0,92.27,442.05,0,1
860.61,0.8,114.84,745.77,4,0
912.8,0.6,154.08,758.72,3,0
1174.74,1.2,227.95,946.79,6,0
776.26,0.6,85.62,690.64,3,1
792.85,0.4,134.65,658.21,2,0
886.38,0.6,150.35,736.03,3,0
777.42,0.4,111.65,665.77,2,0
537.18,0.0,72.43,464.74,0,1
986.12,0.8,172.27,813.85,4,1
843.76,0.6,175.81,667.95,3,0
839.47,0.4,173.7,665.77,2,0
723.17,0.2,142.78,580.38,1,1
850.14,0.6,129.24,720.9,3,0
614.08,0.2,71.51,542.56,1,0
686.42,0.2,121.16,565.26,1,1
519.19,0.0,77.14,442.05,0,1
752.05,0.4,116.54,635.51,2,1
632.67,0.2,82.54,550.13,1,0
1332.91,0.8,647.65,685.26,4,1
1203.58,1.0,296.78,906.79,5,0
876.19,0.4,195.3,680.9,2,0
505.43,0.0,70.95,434.49,0,0
760.76,0.8,52.81,707.95,4,0
610.64,0.0,145.89,464.74,0,0
656.04,0.2,98.35,557.69,1,0
473.16,0.0,31.11,442.05,0,0
721.37,0.4,123.68,597.69,2,0
685.34,0.4,87.65,597.69,2,0
660.31,0.2,95.05,565.26,1,0
661.12,0.2,103.43,557.69,1,1
1022.93,1.2,129.08,893.85,6,1
604.31,0.2,99.57,504.74,1,1
816.94,0.4,219.24,597.69,2,0
881.97,0.6,206.46,675.51,3,1
912.0,0.6,175.97,736.03,3,0
593.46,0.0,106.03,487.44,0,0
578.96,0.2,74.22,504.74,1,0
591.85,0.2,79.54,512.31,1,0
665.49,0.2,130.49,535.0,1,1
727.83,0.2,177.7,550.13,1,1
638.3,0.2,110.86,527.44,1,1
800.11,0.4,164.59,635.51,2,0
901.64,0.8,118.05,783.59,4,1
498.16,0.0,56.11,442.05,0,0
571.08,0.0,136.59,434.49,0,1
1171.7,1.4,154.65,1017.05,7,0
675.47,0.2,102.65,572.82,1,0
622.47,0.0,157.73,464.74,0,1
653.02,0.2,95.32,557.69,1,1
573.39,0.2,53.51,519.87,1,0
1226.66,1.6,192.3,1034.36,8,0
543.23,0.0,70.92,472.31,0,0
935.57,0.6,207.11,728.46,3,0
846.32,0.8,62.73,783.59,4,1
792.88,0.6,102.24,690.64,3,1
480.28,0.0,76.05,404.23,0,0
652.74,0.2,148.0,504.74,1,1
659.68,0.2,124.68,535.0,1,0
605.08,0.2,62.51,542.56,1,0
1210.84,1.4,208.92,1001.92,7,0
1019.51,0.8,228.35,791.15,4,0
832.77,0.4,167.0,665.77,2,0
1119.35,1.0,235.24,884.1,5,0
674.5,0.2,109.24,565.26,1,0
1007.54,0.8,223.95,783.59,4,0
709.72,0.2,144.46,565.26,1,1
1046.0,1.0,184.59,861.41,5,0
720.17,0.2,192.73,527.44,1,0
994.29,0.6,243.14,751.15,3,0
782.42,0.4,116.65,665.77,2,0
665.77,0.2,100.51,565.26,1,1
814.24,0.6,131.16,683.08,3,0
1063.26,0.8,256.97,806.28,4,0
1308.47,1.6,228.73,1079.74,8,1
801.68,0.4,173.73,627.95,2,1
887.22,0.8,118.76,768.46,4,0
987.63,0.8,173.78,813.85,4,1
675.06,0.0,187.62,487.44,0,1
657.71,0.2,130.27,527.44,1,1
1026.1,0.8,234.95,791.15,4,1
928.17,0.6,214.84,713.33,3,0
872.2,0.6,219.38,652.82,3,1
612.79,0.2,85.35,527.44,1,1
1018.95,1.0,157.54,861.41,5,0
759.62,0.4,131.68,627.95,2,0
867.26,0.4,216.62,650.64,2,0
831.74,0.6,125.97,705.77,3,1
925.61,0.6,219.84,705.77,3,1
764.27,0.4,128.76,635.51,2,1
636.92,0.2,94.35,542.56,1,0
525.18,0.0,68.0,457.18,0,1
652.2,0.2,86.95,565.26,1,1
702.88,0.2,145.19,557.69,1,1
575.77,0.0,103.46,472.31,0,1
705.01,0.4,84.62,620.38,2,1
512.22,0.0,77.73,434.49,0,0
634.7,0.4,59.7,575.0,2,0
738.55,0.4,118.16,620.38,2,0
647.04,0.2,89.35,557.69,1,1
666.94,0.2,124.38,542.56,1,1
820.73,0.6,137.65,683.08,3,1
849.73,0.4,206.65,643.08,2,0
1354.48,1.8,181.78,1172.69,9,1
788.85,0.4,130.65,658.21,2,0
845.99,0.4,180.22,665.77,2,0
587.09,0.2,67.22,519.87,1,1
629.92,0.2,87.35,542.56,1,1
539.18,0.2,42.0,497.18,1,1
846.76,0.6,110.73,736.03,3,0
653.76,0.2,133.89,519.87,1,1
848.34,0.6,157.7,690.64,3,1
638.4,0.2,95.84,542.56,1,1
544.58,0.0,79.84,464.74,0,1
825.22,0.6,104.32,720.9,3,1
843.07,0.6,137.3,705.77,3,1
804.78,0.4,161.7,643.08,2,1
795.19,0.4,152.11,643.08,2,0
699.29,0.2,156.73,542.56,1,0
676.45,0.4,86.32,590.13,2,1
801.84,0.4,166.32,635.51,2,1
621.79,0.4,61.92,559.87,2,1
652.94,0.2,95.24,557.69,1,1
1033.1,1.0,201.95,831.15,5,1
557.13,0.0,99.95,457.18,0,0
611.48,0.2,68.92,542.56,1,1
648.35,0.2,113.35,535.0,1,1
594.68,0.2,74.81,519.87,1,1
743.81,0.4,115.86,627.95,2,0
718.13,0.2,168.0,550.13,1,0
631.51,0.2,88.95,542.56,1,0
528.16,0.0,78.54,449.62,0,1
876.36,0.6,170.59,705.77,3,0
533.07,0.0,68.32,464.74,0,0
716.32,0.4,126.19,590.13,2,1
925.61,0.8,179.84,745.77,4,0
814.23,0.6,108.46,705.77,3,0
516.4,0.0,74.35,442.05,0,0
776.0,0.6,92.92,683.08,3,1
498.49,0.0,64.0,434.49,0,1
879.93,0.6,166.59,713.33,3,0
697.97,0.2,155.41,542.56,1,1
799.57,0.6,124.05,675.51,3,0
