"Total_Cost","Ratio_Reloc_Prod","Horiz_Cost","Vert_Cost","nReloc","non_Optimal"
249075.88,0.4913,54795.27,194280.55,737,225
683.24,0.2,87.73,595.51,1,0
927.98,0.8,114.14,813.85,4,1
529.98,0.0,50.11,479.87,0,0
798.71,0.4,125.38,673.33,2,1
1035.04,1.0,128.24,906.79,5,1
524.23,0.0,51.92,472.31,0,0
1700.6,1.4,759.19,941.41,7,1
597.47,0.0,125.16,472.31,0,0
550.63,0.0,78.32,472.31,0,0
690.6,0.4,70.22,620.38,2,0
730.63,0.2,165.38,565.26,1,0
2177.11,1.4,1288.65,888.46,7,1
821.09,0.4,147.76,673.33,2,0
706.48,0.4,63.41,643.08,2,1
1057.69,0.6,359.49,698.21,3,1
522.62,0.0,73.0,449.62,0,0
514.74,0.0,50.0,464.74,0,0
630.92,0.2,88.35,542.56,1,1
934.83,0.8,143.68,791.15,4,1
952.75,0.8,161.59,791.15,4,1
1053.6,0.8,239.76,813.85,4,1
1494.06,0.6,826.11,667.95,3,1
1056.01,1.0,156.78,899.23,5,1
1403.82,0.6,758.57,645.26,3,1
510.74,0.0,46.0,464.74,0,0
744.29,0.4,101.22,643.08,2,1
629.55,0.2,117.24,512.31,1,1
645.73,0.2,103.16,542.56,1,0
1237.54,0.8,514.46,723.08,4,1
538.93,0.0,66.62,472.31,0,0
482.86,0.0,40.81,442.05,0,0
620.21,0.0,163.03,457.18,0,1
544.15,0.0,79.41,464.74,0,0
917.76,0.8,156.86,760.9,4,1
460.06,0.0,40.7,419.36,0,0
954.84,0.6,218.81,736.03,3,1
960.6,0.8,199.7,760.9,4,1
986.17,1.0,139.89,846.28,5,1
686.83,0.2,129.14,557.69,1,0
805.64,0.4,147.43,658.21,2,1
645.44,0.2,72.62,572.82,1,0
795.7,0.4,145.05,650.64,2,1
659.64,0.4,69.51,590.13,2,1
604.08,0.2,61.51,542.56,1,0
703.47,0.6,58.22,645.26,3,1
790.48,0.6,107.41,683.08,3,1
1190.6,1.4,188.68,1001.92,7,1
785.79,0.4,112.46,673.33,2,1
495.67,0.0,53.62,442.05,0,0
868.58,0.8,115.24,753.33,4,1
835.08,0.6,152.0,683.08,3,1
1582.88,0.6,937.62,645.26,3,1
958.17,0.8,136.76,821.41,4,1
706.71,0.2,133.89,572.82,1,0
899.55,0.8,138.65,760.9,4,1
566.54,0.2,39.11,527.44,1,1
886.9,0.8,133.57,753.33,4,1
704.88,0.4,114.76,590.13,2,1
753.96,0.6,101.14,652.82,3,1
619.31,0.2,61.62,557.69,1,0
667.49,0.2,132.49,535.0,1,1
644.56,0.2,94.43,550.13,1,0
574.12,0.0,109.38,464.74,0,0
848.01,0.4,242.76,605.26,2,1
995.36,1.0,149.08,846.28,5,1
616.81,0.2,81.81,535.0,1,0
646.26,0.2,96.14,550.13,1,1
754.87,0.4,142.05,612.82,2,1
1176.46,1.2,259.92,916.54,6,1
720.22,0.4,99.84,620.38,2,0
841.83,0.8,118.76,723.08,4,1
808.24,0.6,125.16,683.08,3,1
811.08,0.6,135.57,675.51,3,1
905.54,0.6,169.51,736.03,3,1
614.55,0.2,102.24,512.31,1,0
1037.27,1.0,274.19,763.08,5,1
858.15,0.8,119.95,738.21,4,1
527.56,0.2,45.51,482.05,1,1
1240.37,0.4,657.81,582.56,2,1
692.16,0.4,102.03,590.13,2,1
733.48,0.4,135.78,597.69,2,1
649.86,0.2,114.86,535.0,1,1
855.23,0.8,162.41,692.82,4,1
1031.29,0.8,187.19,844.1,4,1
678.93,0.2,159.05,519.87,1,1
843.72,0.8,97.95,745.77,4,1
464.98,0.0,45.62,419.36,0,0
669.75,0.4,79.62,590.13,2,1
943.21,0.8,152.05,791.15,4,1
617.79,0.2,90.35,527.44,1,1
507.22,0.0,87.86,419.36,0,0
626.53,0.2,68.84,557.69,1,0
717.16,0.4,81.65,635.51,2,1
598.9,0.2,79.03,519.87,1,1
1005.31,1.0,151.46,853.85,5,1
749.82,0.6,89.43,660.38,3,1
1089.54,0.8,305.95,783.59,4,1
736.4,0.2,178.7,557.69,1,1
640.7,0.2,98.14,542.56,1,0
647.81,0.2,105.24,542.56,1,1
973.32,1.0,142.16,831.15,5,1
742.08,0.4,114.14,627.95,2,1
605.77,0.0,133.46,472.31,0,1
561.06,0.2,94.14,466.92,1,0
679.63,0.4,66.81,612.82,2,1
672.38,0.4,52.0,620.38,2,1
564.48,0.0,114.86,449.62,0,1
445.2,0.0,33.41,411.79,0,0
529.25,0.2,62.32,466.92,1,1
698.69,0.4,93.43,605.26,2,1
802.09,0.6,149.27,652.82,3,1
738.69,0.4,133.43,605.26,2,1
854.38,0.6,118.35,736.03,3,1
1067.12,1.0,228.41,838.72,5,1
856.57,0.6,188.62,667.95,3,1
1100.7,1.0,216.59,884.1,5,1
660.96,0.2,103.27,557.69,1,1
803.74,0.4,137.97,665.77,2,0
744.76,0.6,76.81,667.95,3,1
1140.85,1.2,194.05,946.79,6,1
1017.01,1.0,163.16,853.85,5,1
1198.36,1.2,296.95,901.41,6,1
1017.25,0.8,263.92,753.33,4,1
796.59,0.6,105.95,690.64,3,1
527.74,0.0,55.43,472.31,0,0
801.0,0.4,165.49,635.51,2,1
1597.58,1.2,718.86,878.72,6,1
1068.16,1.2,144.05,924.1,6,1
981.87,0.8,228.54,753.33,4,1
746.17,0.4,133.35,612.82,2,1
780.89,0.4,145.38,635.51,2,1
556.81,0.0,114.76,442.05,0,1
858.3,0.8,97.41,760.9,4,1
1912.48,1.4,895.43,1017.05,7,1
963.47,0.6,242.57,720.9,3,1
809.26,0.6,111.05,698.21,3,1
1033.31,1.0,179.46,853.85,5,1
650.19,0.2,107.62,542.56,1,1
698.84,0.2,118.46,580.38,1,1
571.64,0.0,114.46,457.18,0,0
1117.73,0.6,495.16,622.56,3,1
641.94,0.2,91.81,550.13,1,0
604.18,0.2,99.43,504.74,1,0
1934.95,1.0,1141.62,793.33,5,1
769.62,0.4,141.68,627.95,2,0
1031.44,1.0,177.59,853.85,5,1
1234.47,1.4,240.11,994.36,7,1
818.92,0.6,150.97,667.95,3,1
746.74,0.4,141.49,605.26,2,0
825.38,0.4,197.43,627.95,2,0
525.09,0.0,98.16,426.92,0,0
824.11,0.6,156.16,667.95,3,0
1028.31,1.0,189.59,838.72,5,1
908.38,0.8,132.35,776.03,4,1
950.02,0.8,151.3,798.72,4,1
655.54,0.4,80.54,575.0,2,1
1052.46,1.0,183.49,868.97,5,1
1562.5,1.0,784.3,778.21,5,1
809.62,0.4,174.11,635.51,2,1
1007.64,0.8,208.92,798.72,4,0
858.17,0.6,137.27,720.9,3,1
685.87,0.2,113.05,572.82,1,0
798.11,0.4,177.73,620.38,2,1
478.89,0.0,44.41,434.49,0,0
721.28,0.4,108.46,612.82,2,0
815.42,0.4,210.16,605.26,2,1
999.08,0.8,230.62,768.46,4,0
1088.94,1.0,204.84,884.1,5,1
774.62,0.4,146.68,627.95,2,0
665.31,0.4,67.62,597.69,2,1
1056.47,0.8,310.7,745.77,4,1
518.47,0.0,53.73,464.74,0,0
965.93,1.0,119.65,846.28,5,1
1786.9,1.0,993.57,793.33,5,1
1250.91,0.4,653.22,597.69,2,1
1598.74,0.8,905.92,692.82,4,1
803.92,0.4,175.97,627.95,2,0
577.88,0.0,113.14,464.74,0,0
530.85,0.0,66.11,464.74,0,0
653.29,0.2,110.73,542.56,1,0
615.37,0.2,72.81,542.56,1,1
1024.21,0.4,426.51,597.69,2,1
680.17,0.2,107.35,572.82,1,1
1019.97,0.8,175.86,844.1,4,1
529.13,0.0,71.95,457.18,0,0
619.2,0.2,114.46,504.74,1,1
1399.03,0.6,738.65,660.38,3,1
870.51,0.4,219.86,650.64,2,1
818.4,0.6,127.76,690.64,3,1
661.0,0.2,118.43,542.56,1,1
647.14,0.2,127.27,519.87,1,0
785.59,0.4,150.08,635.51,2,1
909.47,0.6,196.14,713.33,3,1
1591.78,1.0,836.27,755.51,5,1
550.98,0.0,124.05,426.92,0,0
700.3,0.4,79.92,620.38,2,1
577.57,0.2,57.7,519.87,1,1
525.64,0.0,76.03,449.62,0,1
587.87,0.2,68.0,519.87,1,1
703.99,0.4,113.86,590.13,2,1
842.75,0.8,119.68,723.08,4,1
529.4,0.0,72.22,457.18,0,1
924.19,0.6,203.3,720.9,3,1
948.06,0.8,179.59,768.46,4,1
639.36,0.2,74.11,565.26,1,1
898.4,0.8,107.24,791.15,4,1
570.31,0.2,58.0,512.31,1,1
869.2,0.4,203.43,665.77,2,1
633.1,0.2,90.54,542.56,1,1
728.09,0.4,115.27,612.82,2,1
712.54,0.4,129.97,582.56,2,0
854.97,0.8,124.32,730.64,4,1
1608.03,1.0,807.14,800.9,5,1
1106.02,1.2,189.49,916.54,6,1
833.39,0.6,120.05,713.33,3,1
884.49,0.8,116.03,768.46,4,1
639.37,0.2,89.24,550.13,1,0
750.72,0.6,120.59,630.13,3,1
874.36,0.6,168.59,705.77,3,1
1020.81,1.0,197.22,823.59,5,1
1060.64,1.0,168.97,891.67,5,1
1831.05,1.2,975.03,856.03,6,1
900.7,0.8,132.24,768.46,4,0
1316.17,1.2,369.38,946.79,6,1
535.52,0.0,63.22,472.31,0,1
755.55,0.2,182.73,572.82,1,1
731.73,0.2,196.73,535.0,1,1
534.58,0.0,69.84,464.74,0,0
689.37,0.2,131.68,557.69,1,1
538.31,0.0,81.14,457.18,0,1
744.47,0.4,131.65,612.82,2,1
725.1,0.4,82.03,643.08,2,1
861.7,0.8,131.05,730.64,4,1
733.14,0.4,112.76,620.38,2,1
710.72,0.4,105.46,605.26,2,1
748.4,0.4,150.7,597.69,2,1
1082.95,1.2,173.97,908.97,6,1
605.92,0.2,70.92,535.0,1,1
687.3,0.4,66.92,620.38,2,1
736.11,0.4,108.16,627.95,2,1
799.47,0.4,179.08,620.38,2,0
566.26,0.0,101.51,464.74,0,1
911.14,0.6,197.81,713.33,3,1
649.59,0.2,107.03,542.56,1,0
749.47,0.4,129.08,620.38,2,1
496.97,0.0,54.92,442.05,0,1
853.88,0.6,155.68,698.21,3,1
1055.78,1.0,232.19,823.59,5,1
1138.09,1.2,176.16,961.92,6,1
1065.04,0.4,512.73,552.31,2,1
1280.25,1.4,225.38,1054.87,7,1
811.68,0.4,236.68,575.0,2,1
570.85,0.0,98.54,472.31,0,1
683.36,0.4,78.11,605.26,2,1
631.69,0.4,34.0,597.69,2,0
658.67,0.4,76.11,582.56,2,0
519.35,0.0,69.73,449.62,0,0
1102.65,1.0,294.19,808.46,5,1
673.48,0.2,123.35,550.13,1,0
885.38,0.6,149.35,736.03,3,1
768.18,0.4,170.49,597.69,2,1
614.82,0.2,102.51,512.31,1,1
959.19,0.6,344.19,615.0,3,1
741.56,0.2,183.86,557.69,1,1
786.59,0.6,95.95,690.64,3,0
562.2,0.0,97.46,464.74,0,0
622.38,0.2,94.95,527.44,1,0
500.38,0.0,58.32,442.05,0,0
1290.67,0.4,700.54,590.13,2,1
942.78,0.6,267.27,675.51,3,1
1005.86,1.0,174.7,831.15,5,1
680.17,0.2,107.35,572.82,1,0
637.02,0.2,79.32,557.69,1,0
983.55,0.8,177.27,806.28,4,1
1090.39,1.2,211.68,878.72,6,1
803.18,0.6,112.54,690.64,3,1
842.98,0.4,215.03,627.95,2,1
865.26,0.6,167.05,698.21,3,1
587.37,0.2,82.62,504.74,1,1
936.18,0.8,197.97,738.21,4,1
633.47,0.2,68.22,565.26,1,1
538.61,0.0,81.43,457.18,0,1
679.12,0.4,81.43,597.69,2,1
653.75,0.2,96.05,557.69,1,1
565.98,0.2,46.11,519.87,1,1
827.19,0.6,151.68,675.51,3,0
728.76,0.4,93.24,635.51,2,1
638.83,0.2,81.14,557.69,1,1
698.11,0.4,77.73,620.38,2,1
520.54,0.2,53.62,466.92,1,1
913.68,0.8,152.78,760.9,4,1
1143.23,0.8,344.51,798.72,4,1
983.88,0.8,185.16,798.72,4,1
1006.05,0.8,230.03,776.03,4,1
522.94,0.0,73.32,449.62,0,1
1303.2,0.6,657.95,645.26,3,1
1050.08,0.8,221.11,828.97,4,1
789.23,0.4,123.46,665.77,2,1
1275.05,1.4,258.0,1017.05,7,1
896.68,0.6,175.78,720.9,3,0
