"Total_Cost","Ratio_Reloc_Prod","Horiz_Cost","Vert_Cost","nReloc","non_Optimal"
261726.53,0.422,68950.87,192775.7,633,300
989.19,0.8,152.65,836.54,4,1
591.29,0.0,88.73,502.56,0,1
906.65,0.6,185.76,720.9,3,1
1468.28,1.0,569.05,899.23,5,1
880.32,0.6,129.16,751.15,3,1
893.07,0.6,187.3,705.77,3,1
721.37,0.4,70.73,650.64,2,1
505.77,0.0,41.03,464.74,0,1
554.72,0.0,89.97,464.74,0,1
1062.84,0.8,226.3,836.54,4,1
827.24,0.6,83.65,743.59,3,1
525.42,0.0,68.24,457.18,0,1
976.14,1.0,114.73,861.41,5,1
901.49,0.6,165.46,736.03,3,1
1050.62,0.8,206.51,844.1,4,1
536.94,0.0,79.76,457.18,0,1
644.94,0.2,87.24,557.69,1,1
1172.45,1.0,288.35,884.1,5,1
983.93,0.8,185.22,798.72,4,1
658.23,0.2,100.54,557.69,1,1
519.26,0.0,54.51,464.74,0,1
711.2,0.4,105.95,605.26,2,1
585.99,0.0,136.38,449.62,0,1
794.06,0.4,166.11,627.95,2,1
550.64,0.0,101.03,449.62,0,1
732.14,0.4,111.76,620.38,2,1
728.85,0.4,116.03,612.82,2,1
868.22,0.6,139.76,728.46,3,1
533.29,0.0,76.11,457.18,0,1
1167.59,1.2,251.05,916.54,6,1
647.53,0.2,97.41,550.13,1,1
688.31,0.2,123.05,565.26,1,1
1006.37,0.6,262.78,743.59,3,1
1072.12,0.8,318.78,753.33,4,1
631.05,0.2,80.92,550.13,1,1
784.26,0.6,93.62,690.64,3,1
1439.2,1.0,585.35,853.85,5,1
1336.19,1.0,414.27,921.92,5,1
516.4,0.0,59.22,457.18,0,1
1725.32,1.4,700.7,1024.62,7,1
1108.45,0.8,309.73,798.72,4,1
1275.74,1.0,376.51,899.23,5,1
572.64,0.0,123.03,449.62,0,1
1038.17,0.8,216.76,821.41,4,1
1086.33,0.4,458.38,627.95,2,1
1113.59,0.6,422.95,690.64,3,1
773.47,0.4,100.14,673.33,2,1
925.88,0.4,275.24,650.64,2,1
916.67,0.4,266.03,650.64,2,1
604.8,0.0,155.19,449.62,0,1
821.57,0.4,201.19,620.38,2,1
471.58,0.0,67.35,404.23,0,1
989.0,0.8,212.97,776.03,4,1
1041.84,0.8,326.32,715.51,4,1
990.03,0.8,161.05,828.97,4,1
776.67,0.4,141.16,635.51,2,1
566.86,0.0,109.68,457.18,0,1
668.2,0.4,108.32,559.87,2,1
1214.13,0.8,438.11,776.03,4,1
906.17,0.6,200.41,705.77,3,1
1097.88,0.4,432.11,665.77,2,1
925.43,0.4,289.92,635.51,2,1
793.85,0.4,120.51,673.33,2,1
714.12,0.2,148.86,565.26,1,1
1224.19,0.6,488.16,736.03,3,1
1206.57,0.4,586.19,620.38,2,1
843.78,0.4,208.27,635.51,2,1
653.7,0.2,118.7,535.0,1,1
598.4,0.2,55.84,542.56,1,1
641.21,0.2,83.51,557.69,1,1
1292.52,0.6,579.19,713.33,3,1
1371.07,0.6,672.86,698.21,3,1
745.2,0.4,139.95,605.26,2,1
1010.59,0.6,267.0,743.59,3,1
730.71,0.4,110.32,620.38,2,1
1644.62,1.0,760.51,884.1,5,1
981.42,0.4,315.65,665.77,2,1
734.84,0.2,207.41,527.44,1,1
509.3,0.0,74.81,434.49,0,1
974.23,0.4,308.46,665.77,2,1
747.18,0.2,189.49,557.69,1,1
881.59,0.2,346.59,535.0,1,1
995.74,0.6,282.41,713.33,3,1
674.05,0.2,131.49,542.56,1,1
1110.62,0.6,374.59,736.03,3,1
927.41,0.6,214.08,713.33,3,1
1084.78,0.6,348.76,736.03,3,1
1204.06,1.2,196.76,1007.31,6,1
521.84,0.0,87.35,434.49,0,1
537.51,0.0,103.03,434.49,0,1
681.15,0.2,123.46,557.69,1,1
1092.58,0.8,293.86,798.72,4,1
1205.84,0.6,537.89,667.95,3,1
620.73,0.2,78.16,542.56,1,1
436.9,0.0,25.11,411.79,0,1
753.46,0.2,218.46,535.0,1,1
564.69,0.0,99.95,464.74,0,1
526.22,0.0,91.73,434.49,0,1
1266.48,0.6,575.84,690.64,3,1
904.81,0.4,269.3,635.51,2,1
1095.59,0.6,344.43,751.15,3,1
736.15,0.2,178.46,557.69,1,1
625.17,0.2,112.86,512.31,1,1
797.4,0.4,199.7,597.69,2,1
961.76,0.6,233.3,728.46,3,1
1021.97,0.4,378.89,643.08,2,1
1186.2,0.4,573.38,612.82,2,1
1480.62,1.0,604.08,876.54,5,1
554.97,0.0,105.35,449.62,0,1
541.96,0.2,37.22,504.74,1,1
806.52,0.4,178.57,627.95,2,1
680.12,0.2,114.86,565.26,1,1
833.2,0.4,220.38,612.82,2,1
624.4,0.2,66.7,557.69,1,1
555.13,0.0,97.95,457.18,0,1
1423.51,1.0,539.41,884.1,5,1
938.57,0.6,217.68,720.9,3,1
792.44,0.6,132.05,660.38,3,1
1156.7,0.4,506.05,650.64,2,1
748.26,0.2,183.0,565.26,1,1
862.83,0.4,219.76,643.08,2,1
1454.51,0.8,617.97,836.54,4,1
655.46,0.2,120.46,535.0,1,1
643.92,0.2,101.35,542.56,1,1
823.35,0.4,187.84,635.51,2,1
1397.97,1.0,453.35,944.62,5,1
650.47,0.2,85.22,565.26,1,1
774.59,0.4,131.51,643.08,2,1
774.24,0.4,131.16,643.08,2,1
980.67,0.6,237.08,743.59,3,1
719.12,0.2,153.86,565.26,1,1
814.96,0.2,249.7,565.26,1,1
793.23,0.2,227.97,565.26,1,1
1270.77,0.8,456.92,813.85,4,1
665.12,0.2,145.24,519.87,1,1
857.62,0.4,222.11,635.51,2,1
1065.49,0.8,244.08,821.41,4,1
765.18,0.4,114.54,650.64,2,1
651.61,0.2,93.92,557.69,1,1
1265.89,1.0,381.78,884.1,5,1
960.05,0.4,324.54,635.51,2,1
674.51,0.2,131.95,542.56,1,1
611.8,0.2,54.11,557.69,1,1
1177.03,0.6,501.51,675.51,3,1
654.16,0.2,104.03,550.13,1,1
749.23,0.2,191.54,557.69,1,1
891.28,0.4,225.51,665.77,2,1
1159.43,0.6,430.97,728.46,3,1
962.35,0.6,226.32,736.03,3,1
717.96,0.2,152.7,565.26,1,1
904.05,0.6,213.41,690.64,3,1
865.78,0.4,230.27,635.51,2,1
812.47,0.2,247.22,565.26,1,1
644.23,0.2,86.54,557.69,1,1
852.72,0.2,295.03,557.69,1,1
577.88,0.0,120.7,457.18,0,1
556.27,0.2,74.22,482.05,1,1
883.92,0.4,255.97,627.95,2,1
993.92,0.4,365.97,627.95,2,1
811.14,0.4,183.19,627.95,2,1
717.66,0.4,104.84,612.82,2,1
608.85,0.2,96.54,512.31,1,1
593.93,0.0,129.19,464.74,0,1
592.75,0.2,103.14,489.62,1,1
835.61,0.2,277.92,557.69,1,1
652.07,0.4,46.81,605.26,2,1
1247.28,1.0,348.05,899.23,5,1
727.07,0.4,76.43,650.64,2,1
763.83,0.2,213.7,550.13,1,1
441.2,0.0,29.41,411.79,0,1
899.57,0.6,178.68,720.9,3,1
726.26,0.2,168.57,557.69,1,1
1362.72,1.0,478.62,884.1,5,1
1177.5,0.6,479.3,698.21,3,1
1087.62,0.4,459.68,627.95,2,1
953.1,0.8,169.51,783.59,4,1
767.13,0.4,124.05,643.08,2,1
529.5,0.0,72.32,457.18,0,1
617.81,0.2,75.24,542.56,1,1
716.88,0.4,111.62,605.26,2,1
541.41,0.0,106.92,434.49,0,1
464.76,0.0,45.41,419.36,0,1
679.21,0.2,136.65,542.56,1,1
1146.91,1.0,262.81,884.1,5,1
718.66,0.2,145.84,572.82,1,1
828.41,0.4,200.46,627.95,2,1
781.69,0.4,176.43,605.26,2,1
1274.95,1.0,421.11,853.85,5,1
928.56,0.4,330.86,597.69,2,1
730.85,0.2,173.16,557.69,1,1
646.24,0.2,111.24,535.0,1,1
558.65,0.0,124.16,434.49,0,1
732.25,0.4,119.43,612.82,2,1
773.4,0.2,215.7,557.69,1,1
1163.16,0.8,379.57,783.59,4,1
553.94,0.0,96.76,457.18,0,1
502.22,0.0,67.73,434.49,0,1
767.23,0.4,109.03,658.21,2,1
1080.85,0.8,267.0,813.85,4,1
712.68,0.4,84.73,627.95,2,1
463.19,0.0,28.7,434.49,0,1
1565.07,1.2,618.27,946.79,6,1
559.64,0.0,102.46,457.18,0,1
910.67,0.6,220.03,690.64,3,1
2112.78,1.4,1035.22,1077.56,7,1
693.2,0.2,127.95,565.26,1,1
1672.54,0.8,836.0,836.54,4,1
862.93,0.4,197.16,665.77,2,1
682.5,0.2,117.24,565.26,1,1
757.6,0.4,129.65,627.95,2,1
1264.19,0.6,535.73,728.46,3,1
1147.93,0.6,434.59,713.33,3,1
950.08,0.4,314.57,635.51,2,1
724.01,0.2,158.76,565.26,1,1
520.43,0.0,85.95,434.49,0,1
1277.86,1.0,393.76,884.1,5,1
722.49,0.4,94.54,627.95,2,1
1395.2,0.8,581.35,813.85,4,1
1254.63,0.8,493.73,760.9,4,1
770.83,0.4,127.76,643.08,2,1
1331.03,1.2,361.54,969.49,6,1
1156.64,0.8,312.54,844.1,4,1
936.43,0.6,200.41,736.03,3,1
568.39,0.0,103.65,464.74,0,1
966.85,0.6,261.08,705.77,3,1
1057.93,0.6,299.22,758.72,3,1
879.22,0.6,150.76,728.46,3,1
880.04,0.4,267.22,612.82,2,1
1593.92,1.2,556.35,1037.56,6,1
665.8,0.2,100.54,565.26,1,1
569.5,0.0,104.76,464.74,0,1
701.73,0.2,174.3,527.44,1,1
981.54,0.8,205.51,776.03,4,1
669.61,0.2,104.35,565.26,1,1
517.94,0.0,68.32,449.62,0,1
675.32,0.2,140.32,535.0,1,1
893.78,0.8,117.76,776.03,4,1
1531.27,1.0,609.35,921.92,5,1
619.12,0.0,154.38,464.74,0,1
850.64,0.4,200.0,650.64,2,1
768.88,0.2,211.19,557.69,1,1
1175.84,0.8,346.86,828.97,4,1
980.48,0.6,229.32,751.15,3,1
1158.23,0.8,351.95,806.28,4,1
813.23,0.2,255.54,557.69,1,1
613.45,0.2,63.32,550.13,1,1
941.32,0.6,197.73,743.59,3,1
968.62,0.6,225.03,743.59,3,1
535.59,0.0,93.54,442.05,0,1
512.51,0.0,78.03,434.49,0,1
591.89,0.0,157.41,434.49,0,1
890.1,0.4,247.03,643.08,2,1
1199.57,0.6,463.54,736.03,3,1
986.82,0.4,381.57,605.26,2,1
1406.62,0.8,570.08,836.54,4,1
1045.64,0.4,402.57,643.08,2,1
851.2,0.2,285.95,565.26,1,1
707.77,0.2,150.08,557.69,1,1
1829.38,1.4,766.95,1062.44,7,1
662.88,0.2,97.62,565.26,1,1
694.3,0.2,159.3,535.0,1,1
1199.91,0.8,348.24,851.67,4,1
670.75,0.2,113.05,557.69,1,1
1400.16,1.0,516.05,884.1,5,1
1202.45,0.6,451.3,751.15,3,1
644.26,0.2,79.0,565.26,1,1
805.24,0.4,154.59,650.64,2,1
610.75,0.2,60.62,550.13,1,1
1319.45,0.8,475.35,844.1,4,1
1006.26,0.6,239.97,766.28,3,1
1009.16,0.6,273.14,736.03,3,1
587.01,0.0,122.27,464.74,0,1
879.37,0.6,120.65,758.72,3,1
521.64,0.0,72.03,449.62,0,1
787.04,0.4,121.27,665.77,2,1
833.91,0.4,175.7,658.21,2,1
557.39,0.0,92.65,464.74,0,1
719.0,0.2,184.0,535.0,1,1
780.0,0.4,197.43,582.56,2,1
763.64,0.4,105.43,658.21,2,1
968.85,0.4,303.08,665.77,2,1
1004.43,0.6,275.97,728.46,3,1
565.04,0.0,107.86,457.18,0,1
731.8,0.2,174.11,557.69,1,1
1198.83,0.6,455.24,743.59,3,1
739.13,0.2,189.0,550.13,1,1
1105.07,0.8,298.78,806.28,4,1
643.88,0.2,78.62,565.26,1,1
605.53,0.0,140.78,464.74,0,1
778.29,0.2,235.73,542.56,1,1
832.59,0.4,197.08,635.51,2,1
1148.62,0.6,412.59,736.03,3,1
663.0,0.2,128.0,535.0,1,1
535.02,0.0,77.84,457.18,0,1
901.96,0.6,143.24,758.72,3,1
1239.1,0.8,395.0,844.1,4,1
577.4,0.0,127.78,449.62,0,1
1457.1,1.0,557.86,899.23,5,1
650.04,0.2,77.22,572.82,1,1
700.53,0.2,135.27,565.26,1,1
