"Total_Cost","Ratio_Reloc_Prod","Horiz_Cost","Vert_Cost","nReloc","non_Optimal"
251429.17,0.7733,38390.57,213038.69,1160,74
878.46,1.0,122.95,755.51,5,1
954.17,1.0,221.35,732.82,5,1
787.93,0.6,142.68,645.26,3,0
546.41,0.2,71.92,474.49,1,0
1006.35,1.2,157.89,848.46,6,0
1331.72,2.0,247.62,1084.1,10,1
625.88,0.4,81.14,544.74,2,0
1062.7,1.2,214.24,848.46,6,0
448.34,0.0,44.11,404.23,0,0
878.23,0.8,192.97,685.26,4,0
542.76,0.2,75.84,466.92,1,0
688.79,0.4,136.49,552.31,2,0
1000.41,1.2,167.08,833.33,6,0
575.26,0.2,70.51,504.74,1,0
625.61,0.4,88.43,537.18,2,1
461.69,0.0,65.03,396.67,0,0
935.02,1.0,164.38,770.64,5,0
772.59,0.6,81.95,690.64,3,1
629.15,0.4,76.84,552.31,2,1
743.01,0.6,82.62,660.38,3,1
739.41,0.6,131.97,607.44,3,0
760.68,0.6,92.73,667.95,3,0
764.64,0.6,126.95,637.69,3,0
909.77,0.8,164.0,745.77,4,0
1196.19,1.6,154.27,1041.92,8,0
694.3,0.6,94.43,599.87,3,0
1085.17,1.4,143.76,941.41,7,1
821.01,0.8,135.76,685.26,4,1
783.21,0.6,153.08,630.13,3,0
952.25,1.2,111.35,840.9,6,1
825.09,0.8,79.32,745.77,4,1
927.74,1.0,141.97,785.77,5,0
1096.95,1.4,147.97,948.97,7,1
712.3,0.4,144.86,567.44,2,1
789.2,0.6,143.95,645.26,3,0
1001.66,1.2,175.89,825.77,6,1
1289.16,2.0,144.54,1144.62,10,0
812.4,0.8,89.32,723.08,4,1
987.29,1.2,116.14,871.15,6,0
775.24,0.6,152.68,622.56,3,0
457.36,0.0,38.0,419.36,0,0
584.55,0.2,72.24,512.31,1,0
619.86,0.4,90.24,529.62,2,1
901.46,0.8,178.38,723.08,4,0
935.76,1.0,134.86,800.9,5,0
1247.5,1.6,235.84,1011.67,8,1
803.32,0.6,188.32,615.0,3,1
685.62,0.4,103.05,582.56,2,0
997.01,1.0,196.11,800.9,5,0
1047.78,1.0,231.76,816.03,5,0
1314.03,1.6,279.68,1034.36,8,0
1159.43,1.6,170.46,988.97,8,0
743.26,0.6,113.14,630.13,3,1
524.87,0.2,65.51,459.36,1,0
742.93,0.6,82.54,660.38,3,0
1024.51,1.0,200.92,823.59,5,0
1206.49,1.6,164.57,1041.92,8,0
741.32,0.6,65.81,675.51,3,1
894.94,1.0,131.86,763.08,5,1
666.61,0.4,121.86,544.74,2,0
560.2,0.0,148.41,411.79,0,1
1071.27,1.4,114.73,956.54,7,0
1364.2,1.8,244.46,1119.74,9,0
1093.8,1.4,122.14,971.67,7,0
720.08,0.6,97.51,622.56,3,0
1268.98,1.8,126.54,1142.44,9,0
992.54,1.2,128.95,863.59,6,1
628.83,0.4,38.7,590.13,2,0
855.21,0.8,124.57,730.64,4,0
709.17,0.4,149.3,559.87,2,0
946.36,1.0,145.46,800.9,5,1
942.98,1.0,142.08,800.9,5,0
632.68,0.4,72.81,559.87,2,0
643.03,0.4,68.03,575.0,2,1
998.68,1.2,165.35,833.33,6,0
748.02,0.6,110.32,637.69,3,0
1023.59,1.0,268.08,755.51,5,0
727.38,0.6,67.0,660.38,3,1
1219.31,1.6,200.08,1019.23,8,0
590.98,0.2,71.11,519.87,1,0
732.2,0.6,71.81,660.38,3,0
758.91,0.6,113.65,645.26,3,0
1126.56,1.4,162.46,964.1,7,0
888.67,1.0,133.16,755.51,5,0
985.89,1.2,190.38,795.51,6,0
912.25,1.0,111.35,800.9,5,0
915.79,1.0,122.46,793.33,5,0
649.63,0.4,97.32,552.31,2,1
759.99,0.6,129.86,630.13,3,0
978.14,1.0,169.68,808.46,5,0
666.02,0.4,68.32,597.69,2,0
780.18,0.8,110.05,670.13,4,0
471.15,0.0,66.92,404.23,0,0
788.38,0.8,80.43,707.95,4,1
456.47,0.0,37.11,419.36,0,0
761.79,0.6,154.35,607.44,3,0
1044.54,1.2,135.57,908.97,6,0
999.4,1.0,183.38,816.03,5,0
1303.7,1.8,138.57,1165.13,9,0
953.32,0.8,230.24,723.08,4,0
662.78,0.4,80.22,582.56,2,1
954.31,1.0,176.11,778.21,5,1
714.15,0.6,121.84,592.31,3,0
587.44,0.2,75.14,512.31,1,0
1073.55,1.2,179.7,893.85,6,0
515.52,0.0,103.73,411.79,0,0
760.9,0.6,153.46,607.44,3,1
1079.67,1.2,155.57,924.1,6,0
1022.7,1.2,166.68,856.03,6,1
782.11,0.6,114.16,667.95,3,0
1085.82,1.2,184.41,901.41,6,0
1072.46,1.2,216.43,856.03,6,0
842.8,0.8,112.16,730.64,4,0
739.16,0.6,71.22,667.95,3,1
491.86,0.0,102.76,389.1,0,0
1176.78,1.6,172.68,1004.1,8,1
635.25,0.4,82.95,552.31,2,0
1005.88,1.2,127.16,878.72,6,0
495.67,0.0,106.57,389.1,0,0
1165.33,1.4,223.92,941.41,7,0
736.26,0.2,239.08,497.18,1,1
1006.48,1.2,135.32,871.15,6,1
1202.42,1.6,183.19,1019.23,8,1
483.54,0.0,56.62,426.92,0,0
1203.71,1.6,169.35,1034.36,8,0
830.37,0.8,99.73,730.64,4,0
650.59,0.4,68.03,582.56,2,0
627.16,0.2,145.11,482.05,1,0
652.2,0.4,92.32,559.87,2,1
1188.18,1.2,317.03,871.15,6,0
606.14,0.4,91.65,514.49,2,0
458.76,0.0,39.41,419.36,0,0
631.17,0.4,63.73,567.44,2,0
740.15,0.6,102.46,637.69,3,1
1065.69,1.2,179.41,886.28,6,1
809.11,0.8,101.16,707.95,4,0
662.26,0.4,57.0,605.26,2,0
856.95,1.0,63.62,793.33,5,0
920.52,1.0,112.05,808.46,5,0
1269.8,1.6,205.19,1064.62,8,1
953.35,1.0,144.89,808.46,5,1
781.27,0.6,158.7,622.56,3,0
662.56,0.4,72.43,590.13,2,0
716.36,0.6,71.11,645.26,3,0
1294.01,1.8,174.27,1119.74,9,0
909.17,1.0,115.84,793.33,5,0
1022.16,1.2,173.7,848.46,6,1
1346.86,2.0,194.68,1152.18,10,1
2138.14,1.2,1183.78,954.36,6,1
686.33,0.4,126.46,559.87,2,0
1138.02,1.6,126.35,1011.67,8,1
721.26,0.6,91.14,630.13,3,1
674.18,0.4,68.92,605.26,2,0
730.97,0.4,148.41,582.56,2,1
831.34,0.8,93.14,738.21,4,0
924.61,0.8,133.46,791.15,4,0
600.57,0.4,40.7,559.87,2,0
880.13,1.0,117.05,763.08,5,1
877.39,0.8,192.14,685.26,4,1
1112.02,1.4,155.49,956.54,7,0
742.59,0.6,112.46,630.13,3,0
471.07,0.0,66.84,404.23,0,0
1004.42,1.2,133.27,871.15,6,1
1047.7,1.2,131.16,916.54,6,1
1181.07,1.4,201.84,979.23,7,0
749.91,0.6,104.65,645.26,3,0
1476.77,2.2,224.08,1252.69,11,1
1077.34,1.2,198.62,878.72,6,0
825.08,0.8,117.14,707.95,4,1
1071.56,1.4,92.32,979.23,7,0
564.69,0.2,67.51,497.18,1,0
575.59,0.2,93.54,482.05,1,0
646.13,0.4,124.08,522.05,2,0
740.66,0.6,87.84,652.82,3,0
685.45,0.4,140.7,544.74,2,0
1219.29,1.6,207.62,1011.67,8,1
631.25,0.4,78.95,552.31,2,0
1187.26,1.6,175.59,1011.67,8,0
647.98,0.4,80.54,567.44,2,0
501.29,0.0,44.11,457.18,0,0
697.44,0.4,84.62,612.82,2,0
955.6,1.0,154.7,800.9,5,0
645.71,0.4,85.84,559.87,2,0
1213.44,1.6,179.08,1034.36,8,1
1012.26,1.2,125.97,886.28,6,0
440.72,0.0,51.62,389.1,0,0
768.44,0.6,55.11,713.33,3,0
1063.31,1.4,137.03,926.28,7,0
716.78,0.6,94.22,622.56,3,0
799.16,0.8,91.22,707.95,4,0
641.44,0.4,89.14,552.31,2,0
694.23,0.4,96.54,597.69,2,0
598.43,0.4,68.81,529.62,2,0
1081.68,1.2,180.27,901.41,6,0
1355.22,2.0,172.78,1182.44,10,0
764.7,0.4,182.14,582.56,2,0
870.23,0.8,71.51,798.72,4,1
625.62,0.4,50.62,575.0,2,0
510.22,0.0,90.86,419.36,0,0
763.98,0.6,164.11,599.87,3,0
1246.34,1.6,174.16,1072.18,8,0
473.17,0.0,53.81,419.36,0,0
498.33,0.0,63.84,434.49,0,0
733.79,0.6,73.41,660.38,3,1
952.16,1.0,128.57,823.59,5,0
497.88,0.0,40.7,457.18,0,0
877.28,0.8,192.03,685.26,4,1
937.39,1.0,159.19,778.21,5,1
624.8,0.4,80.05,544.74,2,0
497.58,0.0,78.22,419.36,0,0
739.43,0.6,63.92,675.51,3,0
765.63,0.6,105.24,660.38,3,0
720.61,0.6,82.92,637.69,3,0
894.54,1.0,131.46,763.08,5,0
568.8,0.2,71.62,497.18,1,0
475.95,0.0,49.03,426.92,0,0
823.75,0.6,140.68,683.08,3,0
460.49,0.0,26.0,434.49,0,0
576.31,0.2,64.0,512.31,1,0
717.31,0.6,79.62,637.69,3,0
1007.08,1.0,198.62,808.46,5,0
925.68,1.0,132.35,793.33,5,0
779.07,0.6,141.38,637.69,3,0
974.53,1.0,196.32,778.21,5,0
485.75,0.0,43.7,442.05,0,0
969.29,1.0,130.57,838.72,5,0
798.75,0.6,168.62,630.13,3,0
1013.35,1.2,149.76,863.59,6,0
1213.47,1.4,166.16,1047.31,7,1
1155.6,1.4,153.68,1001.92,7,0
576.97,0.2,87.35,489.62,1,0
993.87,1.2,152.97,840.9,6,1
553.25,0.0,133.89,419.36,0,0
1010.05,1.2,146.46,863.59,6,0
687.58,0.4,82.32,605.26,2,0
710.09,0.4,150.22,559.87,2,0
702.05,0.6,71.92,630.13,3,0
819.93,0.6,167.11,652.82,3,1
863.93,0.8,118.16,745.77,4,0
1242.39,1.8,122.65,1119.74,9,1
1206.9,1.4,212.54,994.36,7,1
1037.21,1.2,181.19,856.03,6,0
688.19,0.6,65.62,622.56,3,0
1056.24,1.2,147.27,908.97,6,1
566.71,0.0,139.78,426.92,0,1
789.01,0.6,143.76,645.26,3,1
656.39,0.4,111.65,544.74,2,0
510.47,0.2,51.11,459.36,1,0
450.06,0.0,30.7,419.36,0,0
1473.24,2.2,228.11,1245.13,11,0
820.34,0.8,82.14,738.21,4,0
750.71,0.6,90.32,660.38,3,0
728.65,0.6,113.65,615.0,3,1
630.72,0.2,125.97,504.74,1,0
613.66,0.4,68.92,544.74,2,0
634.78,0.4,52.22,582.56,2,0
649.92,0.4,74.92,575.0,2,0
713.21,0.6,90.65,622.56,3,1
765.1,0.6,82.03,683.08,3,0
999.15,1.0,152.86,846.28,5,0
722.79,0.6,62.41,660.38,3,0
904.72,1.0,118.95,785.77,5,0
786.07,0.8,115.95,670.13,4,0
874.48,0.8,136.27,738.21,4,0
935.13,1.0,111.54,823.59,5,1
884.73,0.8,169.22,715.51,4,0
1108.37,1.4,144.27,964.1,7,0
529.43,0.0,140.32,389.1,0,0
456.45,0.0,52.22,404.23,0,0
1046.63,1.2,152.78,893.85,6,0
553.9,0.2,94.54,459.36,1,0
821.28,0.8,128.46,692.82,4,0
762.68,0.6,94.73,667.95,3,0
742.3,0.6,81.92,660.38,3,1
659.15,0.4,106.84,552.31,2,0
1025.93,1.2,139.65,886.28,6,0
884.19,0.8,115.73,768.46,4,1
1014.33,1.0,160.49,853.85,5,0
791.3,0.6,191.43,599.87,3,0
642.37,0.4,59.81,582.56,2,0
650.34,0.4,60.22,590.13,2,0
798.67,0.6,176.11,622.56,3,0
554.38,0.2,72.32,482.05,1,0
734.83,0.6,112.27,622.56,3,0
1019.32,1.2,163.3,856.03,6,0
473.28,0.0,53.92,419.36,0,0
825.46,0.8,109.95,715.51,4,0
976.83,1.2,113.24,863.59,6,0
1158.74,1.6,131.95,1026.79,8,0
981.52,1.2,133.05,848.46,6,0
466.92,0.0,40.0,426.92,0,0
484.43,0.0,95.32,389.1,0,0
970.95,1.0,162.49,808.46,5,0
745.46,0.6,77.51,667.95,3,0
1041.9,1.2,201.0,840.9,6,1
1042.75,1.2,171.59,871.15,6,0
912.45,0.8,181.81,730.64,4,0
1057.38,1.2,208.92,848.46,6,0
1300.95,1.8,150.95,1150.0,9,0
662.47,0.4,110.16,552.31,2,0
