"Total_Cost","Ratio_Reloc_Prod","Horiz_Cost","Vert_Cost","nReloc","non_Optimal"
260587.22,0.796,46997.81,213589.36,1194,26
679.98,0.4,127.68,552.31,2,0
750.87,0.4,183.43,567.44,2,0
828.2,0.8,135.38,692.82,4,0
763.51,0.6,148.51,615.0,3,1
433.1,0.0,44.0,389.1,0,0
563.15,0.2,58.41,504.74,1,0
598.34,0.2,101.16,497.18,1,0
824.65,0.8,177.22,647.44,4,0
593.03,0.2,133.68,459.36,1,0
805.34,0.6,175.22,630.13,3,1
1240.87,1.8,211.89,1028.97,9,0
748.51,0.6,125.95,622.56,3,0
637.94,0.4,108.32,529.62,2,0
593.71,0.2,126.78,466.92,1,0
969.14,1.0,160.68,808.46,5,0
636.5,0.4,99.32,537.18,2,0
911.8,1.0,141.16,770.64,5,0
991.54,1.0,236.03,755.51,5,0
822.3,0.8,114.35,707.95,4,0
545.24,0.0,110.76,434.49,0,0
1119.65,1.4,223.62,896.03,7,0
707.17,0.4,154.86,552.31,2,0
788.88,0.6,151.19,637.69,3,0
1022.43,1.2,158.84,863.59,6,1
895.11,0.8,187.16,707.95,4,0
897.07,0.8,226.95,670.13,4,0
1106.66,1.2,273.32,833.33,6,0
616.95,0.2,157.59,459.36,1,0
723.66,0.4,178.92,544.74,2,0
744.93,0.4,192.62,552.31,2,0
506.44,0.0,94.65,411.79,0,0
523.99,0.0,119.76,404.23,0,0
919.47,1.0,126.14,793.33,5,0
760.46,0.6,84.95,675.51,3,0
612.45,0.2,115.27,497.18,1,0
806.11,0.8,105.73,700.38,4,0
1169.22,1.6,180.24,988.97,8,0
689.77,0.4,137.46,552.31,2,0
726.03,0.4,158.59,567.44,2,0
731.33,0.6,78.51,652.82,3,0
787.81,0.6,119.86,667.95,3,0
475.86,0.0,33.81,442.05,0,0
622.68,0.4,62.81,559.87,2,0
879.25,1.0,85.92,793.33,5,0
562.5,0.2,65.32,497.18,1,0
780.14,0.6,172.7,607.44,3,0
673.48,0.4,136.3,537.18,2,0
493.99,0.0,89.76,404.23,0,0
804.31,0.8,119.05,685.26,4,0
1133.91,1.4,215.19,918.72,7,0
591.22,0.2,131.86,459.36,1,0
737.86,0.4,155.3,582.56,2,0
773.45,0.6,135.76,637.69,3,0
812.27,0.6,189.7,622.56,3,0
710.11,0.4,142.68,567.44,2,0
1019.09,1.0,233.32,785.77,5,1
796.82,0.8,96.43,700.38,4,0
1312.68,1.8,223.19,1089.49,9,0
970.15,1.2,151.95,818.21,6,0
691.23,0.4,93.54,597.69,2,0
768.69,0.6,115.86,652.82,3,0
1230.37,1.6,226.27,1004.1,8,0
1032.59,1.2,176.57,856.03,6,0
985.5,1.0,207.3,778.21,5,0
1488.31,2.0,328.57,1159.74,10,0
665.2,0.4,105.32,559.87,2,0
1048.27,1.2,199.81,848.46,6,0
1112.52,1.2,264.05,848.46,6,0
483.47,0.0,79.24,404.23,0,0
890.72,0.8,160.08,730.64,4,0
487.2,0.0,67.84,419.36,0,0
1294.65,1.8,205.16,1089.49,9,0
799.55,0.6,139.16,660.38,3,0
857.98,0.8,165.16,692.82,4,0
1050.83,1.2,187.24,863.59,6,0
828.72,0.8,143.46,685.26,4,0
882.4,0.8,151.76,730.64,4,0
1403.77,1.8,284.03,1119.74,9,1
857.29,0.8,126.65,730.64,4,1
775.95,0.6,115.57,660.38,3,0
1285.32,1.6,281.22,1004.1,8,0
839.18,0.6,193.92,645.26,3,0
868.26,0.8,130.05,738.21,4,0
1082.98,1.2,249.65,833.33,6,0
1062.88,1.0,224.16,838.72,5,0
871.3,0.8,155.78,715.51,4,0
1180.44,1.4,239.03,941.41,7,0
1141.63,1.4,200.22,941.41,7,0
940.74,1.0,154.97,785.77,5,1
454.67,0.0,58.0,396.67,0,0
920.6,1.0,127.27,793.33,5,0
757.61,0.6,112.35,645.26,3,0
1231.93,1.6,212.7,1019.23,8,0
702.68,0.4,127.68,575.0,2,0
1411.77,1.8,344.97,1066.79,9,0
1177.88,1.2,291.59,886.28,6,0
1299.28,1.6,280.05,1019.23,8,0
770.1,0.6,139.97,630.13,3,0
513.74,0.0,101.95,411.79,0,0
886.52,0.8,133.19,753.33,4,0
498.61,0.0,94.38,404.23,0,0
725.55,0.6,72.73,652.82,3,0
480.5,0.0,83.84,396.67,0,0
632.54,0.4,65.11,567.44,2,0
845.82,0.6,193.0,652.82,3,0
930.87,0.8,238.05,692.82,4,0
1197.05,1.4,232.95,964.1,7,0
921.5,0.8,236.24,685.26,4,0
798.94,0.6,168.81,630.13,3,0
1238.73,1.4,282.19,956.54,7,0
622.88,0.4,78.14,544.74,2,0
857.56,0.8,134.49,723.08,4,0
773.6,0.6,120.78,652.82,3,0
1240.69,1.6,229.03,1011.67,8,1
748.91,0.6,103.65,645.26,3,0
953.49,1.0,137.46,816.03,5,1
1259.51,1.6,194.89,1064.62,8,1
615.49,0.2,141.0,474.49,1,0
869.42,0.8,176.59,692.82,4,0
964.81,1.0,148.78,816.03,5,0
509.13,0.0,112.46,396.67,0,0
922.17,1.0,121.27,800.9,5,0
956.6,1.0,155.7,800.9,5,0
731.95,0.6,64.0,667.95,3,0
467.9,0.0,56.11,411.79,0,0
742.56,0.6,112.43,630.13,3,0
1438.6,2.0,271.3,1167.31,10,0
776.3,0.6,115.92,660.38,3,0
893.82,0.8,201.0,692.82,4,0
1161.96,1.4,190.3,971.67,7,0
884.49,0.8,168.97,715.51,4,0
709.01,0.4,164.27,544.74,2,0
1146.47,1.2,320.7,825.77,6,0
803.06,0.6,142.68,660.38,3,0
1081.85,1.2,248.51,833.33,6,0
997.25,0.8,236.35,760.9,4,0
971.68,1.0,178.35,793.33,5,1
512.33,0.0,77.84,434.49,0,0
714.15,0.4,169.41,544.74,2,0
910.28,1.0,116.95,793.33,5,0
933.78,0.8,203.14,730.64,4,0
855.74,0.8,94.84,760.9,4,0
795.04,0.6,149.78,645.26,3,0
882.05,0.8,158.97,723.08,4,0
494.8,0.0,98.14,396.67,0,0
667.63,0.4,115.32,552.31,2,0
1043.86,1.2,180.27,863.59,6,0
722.84,0.4,155.41,567.44,2,0
485.63,0.0,73.84,411.79,0,0
1252.48,1.6,240.81,1011.67,8,0
922.57,0.8,207.05,715.51,4,0
993.27,1.0,184.81,808.46,5,0
699.62,0.4,177.57,522.05,2,0
566.05,0.2,91.57,474.49,1,0
1166.97,1.4,210.43,956.54,7,0
778.6,0.6,110.65,667.95,3,0
1059.15,1.2,172.86,886.28,6,0
1113.55,1.4,126.76,986.79,7,0
1342.67,1.8,185.11,1157.56,9,1
958.99,0.8,288.86,670.13,4,0
1141.26,1.2,254.97,886.28,6,0
663.45,0.4,73.32,590.13,2,0
785.43,0.6,162.86,622.56,3,0
1060.23,1.2,189.08,871.15,6,1
757.67,0.6,67.03,690.64,3,0
785.6,0.6,117.65,667.95,3,0
726.27,0.6,58.32,667.95,3,0
778.19,0.6,110.24,667.95,3,0
858.96,0.8,120.76,738.21,4,0
661.91,0.4,64.22,597.69,2,0
1236.99,1.8,124.81,1112.18,9,0
446.51,0.0,57.41,389.1,0,0
767.58,0.6,114.76,652.82,3,0
780.97,0.6,165.97,615.0,3,0
640.81,0.4,65.81,575.0,2,0
682.14,0.4,122.27,559.87,2,0
716.19,0.6,93.62,622.56,3,0
712.14,0.4,152.27,559.87,2,0
700.79,0.4,133.35,567.44,2,0
1275.53,1.8,163.35,1112.18,9,0
763.01,0.6,117.76,645.26,3,0
766.01,0.6,105.62,660.38,3,0
807.13,0.8,91.62,715.51,4,0
677.17,0.4,109.73,567.44,2,0
552.84,0.2,85.92,466.92,1,0
737.67,0.6,115.11,622.56,3,0
1335.56,1.8,238.51,1097.05,9,0
784.85,0.6,147.16,637.69,3,0
791.62,0.6,169.05,622.56,3,0
1140.78,1.2,284.76,856.03,6,0
1120.41,1.4,186.57,933.85,7,0
740.94,0.6,118.38,622.56,3,0
813.51,0.8,90.43,723.08,4,0
645.72,0.4,108.54,537.18,2,0
1078.02,1.2,199.3,878.72,6,1
757.54,0.6,134.97,622.56,3,0
1391.48,1.8,286.86,1104.62,9,1
684.06,0.4,124.19,559.87,2,0
466.98,0.0,47.62,419.36,0,0
951.34,0.8,213.14,738.21,4,0
711.83,0.6,74.14,637.69,3,0
589.53,0.2,92.35,497.18,1,0
992.92,1.0,176.89,816.03,5,0
887.52,0.8,179.57,707.95,4,0
809.56,0.6,171.86,637.69,3,0
656.48,0.4,73.92,582.56,2,0
888.64,0.8,165.57,723.08,4,0
694.16,0.4,119.16,575.0,2,0
984.02,1.0,152.86,831.15,5,0
888.14,0.8,180.19,707.95,4,0
1369.85,1.8,242.54,1127.31,9,1
848.0,0.8,140.05,707.95,4,0
1178.59,1.4,214.49,964.1,7,1
721.15,0.6,128.84,592.31,3,0
647.44,0.4,95.14,552.31,2,0
934.35,1.0,110.76,823.59,5,0
747.25,0.6,94.43,652.82,3,0
564.97,0.2,82.92,482.05,1,0
1375.33,2.0,200.46,1174.87,10,0
950.08,1.0,194.57,755.51,5,0
1036.98,1.4,103.14,933.85,7,0
905.81,0.8,129.78,776.03,4,0
945.49,1.0,129.46,816.03,5,1
813.94,0.4,284.32,529.62,2,0
885.47,0.8,200.22,685.26,4,0
991.91,1.2,120.76,871.15,6,1
932.42,0.8,247.16,685.26,4,0
1004.35,1.2,140.76,863.59,6,1
810.99,0.6,173.3,637.69,3,0
751.12,0.4,191.24,559.87,2,0
918.4,1.0,147.76,770.64,5,1
813.19,0.6,198.19,615.0,3,0
1076.88,1.2,251.11,825.77,6,0
900.31,1.0,175.05,725.26,5,0
1498.6,2.2,223.22,1275.38,11,0
862.35,0.8,139.27,723.08,4,0
1074.14,1.2,180.3,893.85,6,0
787.07,0.6,149.38,637.69,3,0
944.48,1.0,166.27,778.21,5,0
739.05,0.6,124.05,615.0,3,0
608.09,0.2,156.3,451.79,1,0
1437.9,2.0,202.51,1235.38,10,0
983.82,1.2,158.05,825.77,6,0
846.78,0.8,131.27,715.51,4,0
591.19,0.2,124.27,466.92,1,0
763.75,0.6,126.05,637.69,3,0
723.07,0.4,178.32,544.74,2,0
1273.53,1.6,269.43,1004.1,8,0
732.0,0.6,124.57,607.44,3,0
1222.41,1.6,180.49,1041.92,8,0
975.67,0.8,260.16,715.51,4,0
1287.49,1.6,313.65,973.85,8,0
966.12,1.0,180.35,785.77,5,0
493.25,0.0,66.32,426.92,0,0
512.12,0.0,100.32,411.79,0,0
840.09,0.8,147.27,692.82,4,0
1283.16,1.6,279.05,1004.1,8,0
579.35,0.2,104.86,474.49,1,0
1251.15,1.8,123.84,1127.31,9,0
660.87,0.4,93.43,567.44,2,0
718.12,0.4,165.81,552.31,2,0
740.53,0.6,102.84,637.69,3,0
1449.93,1.8,383.14,1066.79,9,0
477.6,0.0,43.11,434.49,0,0
648.03,0.4,73.03,575.0,2,0
694.64,0.4,149.89,544.74,2,0
1430.94,2.0,286.32,1144.62,10,0
954.87,1.0,153.97,800.9,5,0
1277.72,1.6,213.11,1064.62,8,1
1483.63,2.0,361.7,1121.92,10,0
1090.76,1.4,149.35,941.41,7,0
832.66,0.6,187.41,645.26,3,0
1275.89,1.8,118.32,1157.56,9,1
633.11,0.2,151.05,482.05,1,0
755.66,0.6,110.41,645.26,3,0
1447.25,1.8,365.32,1081.92,9,0
914.13,1.0,151.05,763.08,5,1
774.62,0.6,152.05,622.56,3,0
1239.66,1.6,205.3,1034.36,8,0
1009.47,1.0,216.14,793.33,5,1
646.15,0.4,93.84,552.31,2,0
893.28,1.0,152.89,740.38,5,0
503.55,0.0,91.76,411.79,0,0
1255.49,1.6,221.14,1034.36,8,0
1235.47,1.6,201.11,1034.36,8,0
1059.3,1.0,258.41,800.9,5,0
595.48,0.2,105.86,489.62,1,0
487.28,0.0,67.92,419.36,0,0
919.12,1.0,133.35,785.77,5,0
633.76,0.4,66.32,567.44,2,0
1134.33,1.4,139.97,994.36,7,1
620.32,0.2,138.27,482.05,1,0
790.17,0.6,197.86,592.31,3,0
839.52,0.8,139.14,700.38,4,0
569.67,0.2,87.62,482.05,1,0
476.67,0.0,80.0,396.67,0,0
673.26,0.4,68.0,605.26,2,0
1134.06,1.2,285.59,848.46,6,0
942.18,1.0,163.97,778.21,5,0
757.99,0.4,220.81,537.18,2,0
