"Total_Cost","Ratio_Reloc_Prod","Horiz_Cost","Vert_Cost","nReloc","non_Optimal"
256138.93,0.4653,63372.86,192766.01,698,179
562.56,0.0,60.0,502.56,0,0
1101.56,1.0,209.89,891.67,5,1
891.04,0.6,132.32,758.72,3,0
555.88,0.0,83.57,472.31,0,0
1003.95,0.6,290.62,713.33,3,1
800.32,0.4,217.76,582.56,2,0
1313.36,1.2,351.43,961.92,6,0
575.14,0.2,47.7,527.44,1,0
1122.6,0.6,401.7,720.9,3,0
673.92,0.2,146.49,527.44,1,1
1213.51,1.4,143.51,1070.0,7,0
698.87,0.4,86.05,612.82,2,1
907.82,0.8,101.54,806.28,4,0
1039.69,1.0,140.46,899.23,5,0
626.39,0.2,114.08,512.31,1,1
652.04,0.2,94.35,557.69,1,0
832.02,0.4,173.81,658.21,2,1
840.77,0.6,127.43,713.33,3,0
1124.27,1.2,162.35,961.92,6,0
1376.76,1.4,306.76,1070.0,7,0
905.04,0.6,206.84,698.21,3,0
825.36,0.4,159.59,665.77,2,1
795.15,0.4,129.38,665.77,2,1
949.39,0.6,236.05,713.33,3,0
796.53,0.4,130.76,665.77,2,0
527.07,0.0,62.32,464.74,0,0
881.61,0.4,215.84,665.77,2,0
787.57,0.4,167.19,620.38,2,0
720.14,0.4,107.32,612.82,2,1
822.18,0.2,256.92,565.26,1,1
801.02,0.4,157.95,643.08,2,1
1233.18,0.4,688.43,544.74,2,1
651.69,0.2,86.43,565.26,1,0
1032.66,0.8,279.32,753.33,4,1
897.73,0.6,229.78,667.95,3,1
565.0,0.2,30.0,535.0,1,1
1081.09,1.0,219.68,861.41,5,0
756.66,0.2,251.92,504.74,1,0
831.93,0.2,266.68,565.26,1,0
440.06,0.0,20.7,419.36,0,0
1139.96,0.8,394.19,745.77,4,0
643.12,0.0,170.81,472.31,0,0
1140.59,0.6,404.57,736.03,3,1
1087.81,0.6,359.35,728.46,3,0
674.48,0.2,124.35,550.13,1,1
976.96,0.6,210.68,766.28,3,0
1006.44,0.8,192.59,813.85,4,1
558.07,0.0,108.46,449.62,0,0
922.1,0.6,231.46,690.64,3,0
499.36,0.0,80.0,419.36,0,0
1005.76,0.8,237.3,768.46,4,1
1124.18,0.8,325.46,798.72,4,0
1003.98,0.8,235.51,768.46,4,0
839.24,0.4,249.11,590.13,2,0
557.66,0.2,52.92,504.74,1,1
1192.8,0.6,494.59,698.21,3,1
791.11,0.2,263.68,527.44,1,1
588.69,0.2,91.51,497.18,1,1
710.54,0.4,127.97,582.56,2,1
915.36,0.4,294.97,620.38,2,0
607.35,0.2,72.35,535.0,1,1
438.5,0.0,26.7,411.79,0,1
446.61,0.0,34.81,411.79,0,1
1391.43,1.0,522.46,868.97,5,1
1352.74,1.0,498.89,853.85,5,1
801.63,0.6,156.38,645.26,3,1
844.95,0.4,217.0,627.95,2,1
841.54,0.4,258.97,582.56,2,1
566.7,0.2,31.7,535.0,1,1
738.9,0.4,126.08,612.82,2,1
597.89,0.0,155.84,442.05,0,1
708.01,0.4,102.76,605.26,2,1
514.11,0.0,79.62,434.49,0,1
444.9,0.0,33.11,411.79,0,1
1433.8,0.6,796.11,637.69,3,1
899.16,0.4,271.22,627.95,2,1
748.36,0.2,183.11,565.26,1,0
704.8,0.2,147.11,557.69,1,1
921.59,0.6,178.0,743.59,3,1
816.76,0.4,188.81,627.95,2,0
1175.86,0.4,540.35,635.51,2,0
796.48,0.4,138.27,658.21,2,1
975.77,0.8,169.49,806.28,4,0
913.18,0.6,162.03,751.15,3,0
1199.87,1.0,285.51,914.36,5,0
816.42,0.2,251.16,565.26,1,1
584.58,0.0,119.84,464.74,0,1
768.34,0.4,170.65,597.69,2,0
815.78,0.4,172.7,643.08,2,1
1235.22,1.0,381.38,853.85,5,1
939.6,0.6,218.7,720.9,3,0
768.27,0.2,233.27,535.0,1,1
1062.3,0.8,233.32,828.97,4,1
1366.96,1.0,460.16,906.79,5,1
569.16,0.0,119.54,449.62,0,0
1420.84,1.2,458.92,961.92,6,1
563.18,0.0,113.57,449.62,0,1
944.46,0.8,176.0,768.46,4,0
767.37,0.2,224.81,542.56,1,1
1350.8,0.6,652.59,698.21,3,1
1335.22,1.0,413.3,921.92,5,0
534.89,0.0,92.84,442.05,0,1
924.21,0.6,226.0,698.21,3,0
1435.34,0.8,629.05,806.28,4,1
848.6,0.6,188.22,660.38,3,0
447.71,0.0,35.92,411.79,0,1
876.98,0.6,156.08,720.9,3,0
761.83,0.4,103.62,658.21,2,1
1304.54,0.8,468.0,836.54,4,0
687.75,0.2,145.19,542.56,1,1
830.71,0.4,217.89,612.82,2,0
567.18,0.2,70.0,497.18,1,1
1146.76,1.0,277.78,868.97,5,0
842.85,0.4,177.08,665.77,2,0
661.27,0.2,126.27,535.0,1,1
592.81,0.0,150.76,442.05,0,1
885.07,0.8,139.3,745.77,4,1
1590.35,1.2,726.76,863.59,6,1
911.29,0.4,260.65,650.64,2,0
1026.67,0.8,235.51,791.15,4,1
903.63,0.6,197.86,705.77,3,1
845.22,0.6,124.32,720.9,3,0
835.78,0.4,192.7,643.08,2,0
610.32,0.0,160.7,449.62,0,0
537.22,0.2,62.73,474.49,1,1
964.63,0.8,158.35,806.28,4,1
1268.91,1.0,437.76,831.15,5,1
1036.49,0.8,222.65,813.85,4,0
634.76,0.2,99.76,535.0,1,1
587.42,0.2,90.24,497.18,1,0
445.2,0.0,33.41,411.79,0,1
849.99,0.4,191.78,658.21,2,1
803.13,0.4,160.05,643.08,2,1
933.66,0.8,187.89,745.77,4,1
613.61,0.2,55.92,557.69,1,0
522.81,0.0,88.32,434.49,0,1
810.86,0.6,127.78,683.08,3,1
844.39,0.6,131.05,713.33,3,0
975.24,0.6,299.73,675.51,3,1
1134.12,0.8,327.84,806.28,4,1
681.91,0.2,116.65,565.26,1,1
786.6,0.4,158.65,627.95,2,0
504.19,0.0,62.14,442.05,0,1
625.81,0.2,90.81,535.0,1,1
678.75,0.2,189.14,489.62,1,1
1140.89,0.8,364.86,776.03,4,1
1048.75,1.0,164.65,884.1,5,1
682.14,0.2,154.7,527.44,1,1
1074.9,0.6,414.51,660.38,3,0
1533.72,1.0,634.49,899.23,5,0
729.58,0.2,156.76,572.82,1,1
763.21,0.2,213.08,550.13,1,1
674.37,0.2,116.68,557.69,1,1
882.1,0.4,239.03,643.08,2,0
1400.02,0.6,716.95,683.08,3,1
674.32,0.2,124.19,550.13,1,1
1204.95,1.0,335.97,868.97,5,0
943.16,0.6,214.7,728.46,3,0
933.06,0.4,305.11,627.95,2,1
717.31,0.4,112.05,605.26,2,1
1146.98,1.0,293.14,853.85,5,1
724.44,0.4,104.05,620.38,2,1
737.96,0.2,180.27,557.69,1,0
533.76,0.0,99.27,434.49,0,0
613.72,0.0,164.11,449.62,0,1
891.88,0.2,341.76,550.13,1,0
592.83,0.2,95.65,497.18,1,0
1042.77,0.8,236.49,806.28,4,0
1512.79,1.2,490.35,1022.44,6,1
586.31,0.0,121.57,464.74,0,1
1690.37,1.0,919.73,770.64,5,1
905.83,0.6,154.68,751.15,3,1
773.57,0.2,193.19,580.38,1,0
579.18,0.0,114.43,464.74,0,1
675.92,0.2,133.35,542.56,1,1
748.32,0.4,165.76,582.56,2,1
518.49,0.0,84.0,434.49,0,1
608.98,0.4,49.11,559.87,2,1
656.7,0.2,114.14,542.56,1,1
709.8,0.4,112.11,597.69,2,0
891.33,0.8,122.86,768.46,4,1
449.26,0.0,45.03,404.23,0,1
555.21,0.2,58.03,497.18,1,0
450.5,0.0,38.7,411.79,0,1
1252.67,1.0,429.08,823.59,5,1
1006.63,0.6,232.78,773.85,3,0
755.45,0.4,157.76,597.69,2,1
829.63,0.6,108.73,720.9,3,1
803.11,0.4,167.59,635.51,2,0
487.36,0.0,68.0,419.36,0,0
1326.53,0.6,681.27,645.26,3,1
1242.56,0.4,660.0,582.56,2,1
849.6,0.6,136.27,713.33,3,1
1146.77,1.0,308.05,838.72,5,0
878.02,0.6,187.38,690.64,3,1
1054.13,1.0,238.11,816.03,5,1
933.47,0.4,320.65,612.82,2,0
986.16,0.8,217.7,768.46,4,1
1267.13,1.2,343.03,924.1,6,0
725.23,0.2,212.92,512.31,1,1
862.21,0.6,171.57,690.64,3,1
891.92,0.6,216.41,675.51,3,0
1085.34,0.8,226.11,859.23,4,0
872.63,0.6,159.3,713.33,3,0
715.2,0.2,149.95,565.26,1,1
1310.83,1.0,426.73,884.1,5,0
1053.97,0.8,277.95,776.03,4,1
925.71,0.6,212.38,713.33,3,0
960.16,0.4,370.03,590.13,2,1
932.86,0.6,242.22,690.64,3,1
1381.23,0.6,667.89,713.33,3,1
716.36,0.2,143.54,572.82,1,1
506.17,0.0,94.38,411.79,0,1
472.81,0.0,38.32,434.49,0,1
578.9,0.2,59.03,519.87,1,0
763.4,0.2,205.7,557.69,1,0
647.66,0.0,182.92,464.74,0,1
1068.05,0.8,292.03,776.03,4,0
1000.47,0.6,347.65,652.82,3,1
1163.63,1.0,309.78,853.85,5,0
1140.87,1.0,287.03,853.85,5,1
713.67,0.4,115.97,597.69,2,0
697.27,0.4,129.84,567.44,2,1
623.92,0.2,81.35,542.56,1,1
1190.46,1.0,382.0,808.46,5,0
574.72,0.0,109.97,464.74,0,0
1150.71,1.2,249.3,901.41,6,0
523.33,0.0,51.03,472.31,0,0
1230.84,0.6,494.81,736.03,3,1
488.81,0.0,54.32,434.49,0,1
528.7,0.2,54.22,474.49,1,0
1184.62,0.8,408.59,776.03,4,1
1209.4,1.4,184.78,1024.62,7,1
762.33,0.4,141.95,620.38,2,1
943.16,0.6,267.65,675.51,3,0
760.65,0.6,100.27,660.38,3,1
1167.27,0.8,398.81,768.46,4,0
698.63,0.2,133.38,565.26,1,0
607.0,0.2,72.0,535.0,1,1
707.75,0.2,165.19,542.56,1,0
700.67,0.2,142.97,557.69,1,0
656.1,0.2,98.41,557.69,1,0
982.78,1.0,166.76,816.03,5,1
1038.42,0.4,387.78,650.64,2,0
930.31,0.6,216.97,713.33,3,1
732.38,0.4,104.43,627.95,2,1
531.25,0.2,64.32,466.92,1,1
751.2,0.4,191.32,559.87,2,1
1002.14,0.8,188.3,813.85,4,1
483.92,0.0,49.43,434.49,0,1
443.79,0.0,32.0,411.79,0,1
620.62,0.2,85.62,535.0,1,1
589.83,0.0,132.65,457.18,0,1
744.58,0.4,146.89,597.69,2,1
1393.35,1.2,484.38,908.97,6,1
588.25,0.2,60.81,527.44,1,1
442.9,0.0,31.11,411.79,0,1
634.5,0.4,36.81,597.69,2,1
554.84,0.2,80.35,474.49,1,1
783.13,0.6,100.05,683.08,3,1
804.54,0.6,121.46,683.08,3,1
1007.84,0.4,379.89,627.95,2,1
940.18,0.8,141.46,798.72,4,0
495.01,0.0,75.65,419.36,0,0
1529.25,1.2,567.32,961.92,6,1
675.94,0.2,118.24,557.69,1,1
890.44,0.6,222.49,667.95,3,1
1860.22,1.8,657.27,1202.95,9,1
876.36,0.4,210.59,665.77,2,0
674.25,0.2,154.38,519.87,1,1
932.44,0.8,171.54,760.9,4,0
475.36,0.0,56.0,419.36,0,0
716.8,0.2,159.11,557.69,1,0
1062.13,0.6,379.05,683.08,3,0
453.2,0.0,41.41,411.79,0,1
1010.64,0.6,327.57,683.08,3,1
949.03,0.4,321.08,627.95,2,1
797.18,0.2,231.92,565.26,1,0
576.74,0.0,112.0,464.74,0,1
841.02,0.4,190.38,650.64,2,0
1007.73,0.8,231.7,776.03,4,1
568.27,0.0,141.35,426.92,0,0
720.6,0.4,160.73,559.87,2,1
1116.4,0.8,325.24,791.15,4,0
572.27,0.0,137.78,434.49,0,1
670.46,0.2,127.89,542.56,1,1
1087.21,1.0,256.05,831.15,5,1
641.54,0.2,106.54,535.0,1,0
1149.11,0.8,388.22,760.9,4,0
1348.52,1.0,487.11,861.41,5,0
1064.06,0.6,335.59,728.46,3,1
548.05,0.0,113.57,434.49,0,0
741.51,0.4,151.38,590.13,2,1
723.61,0.4,118.35,605.26,2,1
650.43,0.2,160.81,489.62,1,1
740.08,0.6,72.14,667.95,3,0
805.55,0.4,245.68,559.87,2,0
536.11,0.2,61.62,474.49,1,1
983.68,1.0,129.84,853.85,5,1
840.17,0.4,219.78,620.38,2,1
