"Total_Cost","Ratio_Reloc_Prod","Horiz_Cost","Vert_Cost","nReloc","non_Optimal"
230533.47,0.4227,39495.39,191038.04,634,300
622.61,0.2,64.92,557.69,1,1
916.27,0.6,187.81,728.46,3,1
782.98,0.4,109.65,673.33,2,1
697.69,0.2,124.86,572.82,1,1
863.62,0.4,220.54,643.08,2,1
997.31,0.8,198.59,798.72,4,1
525.3,0.0,45.43,479.87,0,1
1026.97,0.8,243.38,783.59,4,1
515.69,0.0,58.51,457.18,0,1
819.93,0.6,114.16,705.77,3,1
826.58,0.6,128.38,698.21,3,1
549.98,0.0,70.11,479.87,0,1
755.7,0.4,112.62,643.08,2,1
610.92,0.2,75.92,535.0,1,1
539.77,0.0,75.03,464.74,0,1
868.54,0.6,124.95,743.59,3,1
1099.26,1.0,207.59,891.67,5,1
746.62,0.4,103.54,643.08,2,1
620.97,0.2,78.41,542.56,1,1
761.16,0.4,125.65,635.51,2,1
850.44,0.4,230.05,620.38,2,1
997.34,0.8,198.62,798.72,4,1
644.66,0.2,79.41,565.26,1,1
582.99,0.0,118.24,464.74,0,1
728.98,0.4,116.16,612.82,2,1
978.31,0.8,179.59,798.72,4,1
1028.99,1.0,129.76,899.23,5,1
766.55,0.4,146.16,620.38,2,1
473.19,0.0,38.7,434.49,0,1
1233.54,1.4,231.62,1001.92,7,1
1207.64,1.2,275.97,931.67,6,1
774.05,0.4,130.97,643.08,2,1
637.37,0.2,94.81,542.56,1,1
665.96,0.2,100.7,565.26,1,1
966.84,0.6,245.95,720.9,3,1
648.94,0.2,91.24,557.69,1,1
687.7,0.2,152.7,535.0,1,1
844.46,0.6,176.51,667.95,3,1
1171.75,1.0,280.08,891.67,5,1
665.8,0.2,100.54,565.26,1,1
529.29,0.0,72.11,457.18,0,1
503.83,0.0,54.22,449.62,0,1
653.27,0.2,110.7,542.56,1,1
589.34,0.0,132.16,457.18,0,1
797.93,0.6,99.73,698.21,3,1
646.13,0.2,96.0,550.13,1,1
1065.03,1.0,203.62,861.41,5,1
547.89,0.0,98.27,449.62,0,1
817.56,0.6,119.35,698.21,3,1
872.07,0.6,181.43,690.64,3,1
915.32,0.8,124.16,791.15,4,1
630.24,0.2,95.24,535.0,1,1
768.9,0.4,156.08,612.82,2,1
743.08,0.4,115.14,627.95,2,1
813.97,0.6,138.46,675.51,3,1
955.98,0.6,227.51,728.46,3,1
816.65,0.4,188.7,627.95,2,1
931.13,0.8,147.54,783.59,4,1
709.14,0.4,88.76,620.38,2,1
665.7,0.2,130.7,535.0,1,1
648.94,0.2,91.24,557.69,1,1
802.96,0.2,245.27,557.69,1,1
831.21,0.6,140.57,690.64,3,1
589.8,0.0,125.05,464.74,0,1
856.04,0.6,150.27,705.77,3,1
878.97,0.8,102.95,776.03,4,1
676.97,0.2,126.84,550.13,1,1
1066.67,1.0,182.57,884.1,5,1
715.57,0.4,87.62,627.95,2,1
897.74,0.6,184.41,713.33,3,1
600.58,0.0,135.84,464.74,0,1
661.69,0.4,64.0,597.69,2,1
631.01,0.2,126.27,504.74,1,1
1141.93,1.4,162.7,979.23,7,1
812.83,0.6,122.19,690.64,3,1
513.5,0.0,56.32,457.18,0,1
796.48,0.6,105.84,690.64,3,1
924.24,0.8,140.65,783.59,4,1
860.6,0.6,147.27,713.33,3,1
530.61,0.0,73.43,457.18,0,1
778.73,0.4,150.78,627.95,2,1
782.61,0.4,131.97,650.64,2,1
649.7,0.2,107.14,542.56,1,1
1048.18,1.0,164.08,884.1,5,1
1139.19,1.0,209.7,929.49,5,1
956.74,0.8,150.46,806.28,4,1
528.43,0.0,78.81,449.62,0,1
482.79,0.0,63.43,419.36,0,1
502.48,0.0,60.43,442.05,0,1
1079.81,1.2,170.84,908.97,6,1
799.1,0.6,116.03,683.08,3,1
686.02,0.2,135.89,550.13,1,1
870.48,0.6,179.84,690.64,3,1
840.23,0.6,134.46,705.77,3,1
783.87,0.4,163.49,620.38,2,1
744.05,0.4,108.54,635.51,2,1
692.92,0.4,57.41,635.51,2,1
616.64,0.2,119.46,497.18,1,1
818.16,0.6,135.08,683.08,3,1
514.7,0.0,72.65,442.05,0,1
1182.22,1.4,180.3,1001.92,7,1
703.9,0.2,131.08,572.82,1,1
540.91,0.0,83.73,457.18,0,1
1005.6,0.8,184.19,821.41,4,1
952.64,0.8,161.49,791.15,4,1
1080.89,1.0,211.92,868.97,5,1
557.34,0.0,100.16,457.18,0,1
530.97,0.0,81.35,449.62,0,1
829.56,0.4,178.92,650.64,2,1
497.9,0.0,78.54,419.36,0,1
465.87,0.0,46.51,419.36,0,1
635.18,0.2,138.0,497.18,1,1
542.0,0.0,99.95,442.05,0,1
842.92,0.6,114.46,728.46,3,1
651.53,0.2,93.84,557.69,1,1
701.8,0.4,96.54,605.26,2,1
754.36,0.4,133.97,620.38,2,1
981.48,0.8,190.32,791.15,4,1
1047.44,1.0,140.65,906.79,5,1
1172.91,1.0,281.24,891.67,5,1
788.85,0.4,130.65,658.21,2,1
634.21,0.2,91.65,542.56,1,1
996.77,0.8,182.92,813.85,4,1
924.29,0.6,180.7,743.59,3,1
1032.84,1.0,163.86,868.97,5,1
795.6,0.4,175.22,620.38,2,1
1132.81,1.2,170.89,961.92,6,1
1009.56,0.8,157.89,851.67,4,1
960.57,0.6,232.11,728.46,3,1
1130.04,0.8,316.19,813.85,4,1
780.35,0.4,137.27,643.08,2,1
520.15,0.0,55.41,464.74,0,1
927.35,0.8,143.76,783.59,4,1
861.08,0.6,125.05,736.03,3,1
1014.01,0.8,207.73,806.28,4,1
899.83,0.6,201.62,698.21,3,1
912.87,0.6,184.41,728.46,3,1
549.99,0.0,85.24,464.74,0,1
545.44,0.0,73.14,472.31,0,1
950.27,0.6,214.24,736.03,3,1
587.53,0.0,122.78,464.74,0,1
978.68,0.8,210.22,768.46,4,1
732.31,0.2,174.62,557.69,1,1
723.87,0.4,95.92,627.95,2,1
992.78,0.8,148.68,844.1,4,1
1315.02,1.4,282.84,1032.18,7,1
681.65,0.2,139.08,542.56,1,1
933.26,0.8,142.11,791.15,4,1
1043.27,0.8,206.73,836.54,4,1
769.8,0.2,212.11,557.69,1,1
658.3,0.2,130.86,527.44,1,1
550.69,0.0,93.51,457.18,0,1
868.33,0.6,139.86,728.46,3,1
1125.55,1.0,211.19,914.36,5,1
538.88,0.0,74.14,464.74,0,1
535.29,0.0,78.11,457.18,0,1
820.68,0.6,107.35,713.33,3,1
634.69,0.0,177.51,457.18,0,1
581.99,0.2,77.24,504.74,1,1
767.89,0.4,132.38,635.51,2,1
498.81,0.0,64.32,434.49,0,1
720.89,0.4,92.95,627.95,2,1
764.99,0.4,114.35,650.64,2,1
959.43,0.6,276.35,683.08,3,1
568.69,0.0,103.95,464.74,0,1
696.85,0.2,139.16,557.69,1,1
961.99,0.8,163.27,798.72,4,1
657.99,0.2,107.86,550.13,1,1
894.67,0.6,158.65,736.03,3,1
1091.37,0.8,239.7,851.67,4,1
863.09,0.6,149.76,713.33,3,1
653.57,0.2,118.57,535.0,1,1
904.36,0.6,191.03,713.33,3,1
670.91,0.2,120.78,550.13,1,1
777.29,0.4,126.65,650.64,2,1
866.76,0.6,145.86,720.9,3,1
522.69,0.0,65.51,457.18,0,1
841.48,0.6,143.27,698.21,3,1
518.96,0.0,54.22,464.74,0,1
518.03,0.0,83.54,434.49,0,1
946.47,0.8,147.76,798.72,4,1
544.63,0.0,72.32,472.31,0,1
729.07,0.2,171.38,557.69,1,1
684.13,0.2,141.57,542.56,1,1
688.04,0.2,122.78,565.26,1,1
600.99,0.0,143.81,457.18,0,1
759.46,0.4,123.95,635.51,2,1
704.6,0.4,84.22,620.38,2,1
605.01,0.2,100.27,504.74,1,1
1121.36,1.0,207.0,914.36,5,1
928.44,0.6,207.54,720.9,3,1
698.94,0.2,156.38,542.56,1,1
544.96,0.0,80.22,464.74,0,1
711.55,0.2,146.3,565.26,1,1
807.0,0.4,171.49,635.51,2,1
642.4,0.2,99.84,542.56,1,1
659.52,0.2,139.65,519.87,1,1
896.64,0.8,113.05,783.59,4,1
703.75,0.2,153.62,550.13,1,1
1206.95,1.2,245.03,961.92,6,1
494.41,0.0,59.92,434.49,0,1
682.5,0.2,117.24,565.26,1,1
579.45,0.0,122.27,457.18,0,1
888.28,0.8,127.38,760.9,4,1
1038.17,1.0,184.32,853.85,5,1
695.14,0.4,82.32,612.82,2,1
613.7,0.2,71.14,542.56,1,1
949.38,0.8,112.84,836.54,4,1
750.48,0.4,92.27,658.21,2,1
799.42,0.4,133.65,665.77,2,1
719.19,0.2,176.62,542.56,1,1
758.38,0.4,122.86,635.51,2,1
494.85,0.0,83.05,411.79,0,1
744.47,0.2,179.22,565.26,1,1
661.86,0.2,126.86,535.0,1,1
561.5,0.0,96.76,464.74,0,1
552.99,0.0,95.81,457.18,0,1
756.59,0.4,105.95,650.64,2,1
738.39,0.4,125.57,612.82,2,1
740.11,0.4,112.16,627.95,2,1
569.62,0.0,127.57,442.05,0,1
1059.75,1.0,168.08,891.67,5,1
621.48,0.2,71.35,550.13,1,1
669.68,0.2,134.68,535.0,1,1
820.89,0.6,92.43,728.46,3,1
711.65,0.4,76.14,635.51,2,1
744.55,0.4,124.16,620.38,2,1
648.75,0.2,98.62,550.13,1,1
864.11,0.6,128.08,736.03,3,1
845.34,0.6,154.7,690.64,3,1
745.13,0.4,109.62,635.51,2,1
601.12,0.2,81.24,519.87,1,1
888.61,0.8,150.41,738.21,4,1
561.28,0.0,96.54,464.74,0,1
994.09,0.8,187.81,806.28,4,1
946.03,0.8,170.0,776.03,4,1
652.46,0.2,117.46,535.0,1,1
802.37,0.4,159.3,643.08,2,1
555.02,0.0,97.84,457.18,0,1
478.11,0.0,43.62,434.49,0,1
465.19,0.0,30.7,434.49,0,1
627.37,0.2,84.81,542.56,1,1
629.52,0.2,109.65,519.87,1,1
613.12,0.2,93.24,519.87,1,1
888.77,0.6,130.05,758.72,3,1
681.12,0.2,115.86,565.26,1,1
706.44,0.4,86.05,620.38,2,1
604.39,0.2,84.51,519.87,1,1
863.14,0.6,149.81,713.33,3,1
1120.18,1.0,228.51,891.67,5,1
873.57,0.6,152.68,720.9,3,1
930.47,0.8,131.76,798.72,4,1
954.82,0.8,140.97,813.85,4,1
798.77,0.4,140.57,658.21,2,1
755.09,0.4,89.32,665.77,2,1
721.14,0.4,100.76,620.38,2,1
689.6,0.2,169.73,519.87,1,1
661.91,0.2,96.65,565.26,1,1
1052.76,1.0,191.35,861.41,5,1
776.38,0.6,100.86,675.51,3,1
698.06,0.4,85.24,612.82,2,1
688.75,0.2,131.05,557.69,1,1
872.36,0.6,166.59,705.77,3,1
961.65,0.8,140.24,821.41,4,1
850.85,0.6,152.65,698.21,3,1
843.18,0.6,144.97,698.21,3,1
564.31,0.0,107.14,457.18,0,1
688.18,0.4,82.92,605.26,2,1
705.68,0.4,77.73,627.95,2,1
725.58,0.4,127.89,597.69,2,1
862.79,0.6,134.32,728.46,3,1
783.12,0.4,124.92,658.21,2,1
620.8,0.2,63.11,557.69,1,1
604.22,0.2,69.22,535.0,1,1
901.27,0.8,117.68,783.59,4,1
837.6,0.6,124.27,713.33,3,1
522.53,0.0,72.92,449.62,0,1
643.48,0.2,93.35,550.13,1,1
810.95,0.6,143.0,667.95,3,1
586.84,0.0,106.97,479.87,0,1
1073.85,1.0,167.05,906.79,5,1
534.44,0.0,62.14,472.31,0,1
737.45,0.2,172.19,565.26,1,1
779.08,0.4,143.57,635.51,2,1
820.32,0.6,129.68,690.64,3,1
755.02,0.4,111.95,643.08,2,1
676.94,0.2,119.24,557.69,1,1
699.63,0.2,134.38,565.26,1,1
656.88,0.2,91.62,565.26,1,1
630.1,0.2,87.54,542.56,1,1
624.52,0.2,104.65,519.87,1,1
888.45,0.8,104.86,783.59,4,1
545.45,0.0,80.7,464.74,0,1
513.29,0.0,71.24,442.05,0,1
848.71,0.6,135.38,713.33,3,1
1014.15,1.0,183.0,831.15,5,1
564.31,0.0,99.57,464.74,0,1
899.4,0.6,163.38,736.03,3,1
646.45,0.2,96.32,550.13,1,1
989.3,1.0,173.27,816.03,5,1
