"Total_Cost","Ratio_Reloc_Prod","Horiz_Cost","Vert_Cost","nReloc","non_Optimal"
221556.77,0.438,32283.95,189272.77,657,250
837.24,0.3333,93.65,743.59,2,1
851.85,0.3333,93.14,758.72,2,1
760.85,0.1667,155.59,605.26,1,1
867.87,0.3333,94.03,773.85,2,1
639.25,0.0,66.43,572.82,0,1
1124.36,0.8333,170.0,954.36,5,1
640.58,0.0,75.32,565.26,0,1
879.61,0.3333,173.84,705.77,2,1
920.3,0.5,91.32,828.97,3,1
793.97,0.1667,150.89,643.08,1,1
950.01,0.5,136.16,813.85,3,1
677.6,0.1667,57.22,620.38,1,1
936.5,0.5,137.78,798.72,3,1
1071.36,0.8333,109.43,961.92,5,1
1241.86,1.0,171.86,1070.0,6,1
737.84,0.1667,117.46,620.38,1,1
702.52,0.1667,82.14,620.38,1,1
663.58,0.1667,58.32,605.26,1,1
804.08,0.1667,176.14,627.95,1,1
815.01,0.3333,109.24,705.77,2,1
963.8,0.5,165.08,798.72,3,1
968.42,0.5,169.7,798.72,3,1
720.13,0.1667,84.62,635.51,1,1
747.75,0.3333,57.11,690.64,2,1
1031.4,0.8333,99.73,931.67,5,1
623.19,0.0,80.62,542.56,0,1
866.46,0.5,90.43,776.03,3,1
1092.71,0.8333,138.35,954.36,5,1
798.53,0.1667,147.89,650.64,1,1
797.67,0.3333,122.16,675.51,2,1
755.81,0.1667,127.86,627.95,1,1
935.53,0.5,91.43,844.1,3,1
669.09,0.1667,48.7,620.38,1,1
743.81,0.1667,115.86,627.95,1,1
722.3,0.1667,94.35,627.95,1,1
772.67,0.3333,82.03,690.64,2,1
685.64,0.1667,87.95,597.69,1,1
1040.48,0.8333,123.95,916.54,5,1
616.89,0.0,74.32,542.56,0,1
952.02,0.5,153.3,798.72,3,1
1199.61,1.0,159.86,1039.74,6,1
613.77,0.0,101.46,512.31,0,1
834.85,0.3333,129.08,705.77,2,1
734.95,0.1667,114.57,620.38,1,1
1313.7,1.1667,196.14,1117.56,7,1
670.26,0.0,112.57,557.69,0,1
867.65,0.5,106.76,760.9,3,1
953.98,0.3333,240.65,713.33,2,1
953.38,0.5,131.97,821.41,3,1
967.0,0.5,130.46,836.54,3,1
771.69,0.3333,65.92,705.77,2,1
1142.67,0.8333,226.14,916.54,5,1
996.94,0.6667,112.84,884.1,4,1
788.25,0.3333,74.92,713.33,2,1
897.06,0.5,136.16,760.9,3,1
1083.9,0.6667,177.11,906.79,4,1
631.75,0.0,81.62,550.13,0,1
923.07,0.5,124.35,798.72,3,1
917.52,0.3333,196.62,720.9,2,1
744.5,0.3333,99.24,645.26,2,1
549.15,0.0,44.41,504.74,0,1
984.6,0.6667,130.76,853.85,4,1
1350.86,0.8333,358.68,992.18,5,1
902.8,0.5,111.65,791.15,3,1
1012.19,0.6667,150.78,861.41,4,1
848.28,0.3333,134.95,713.33,2,1
647.31,0.0,89.62,557.69,0,1
824.75,0.3333,141.68,683.08,2,1
829.64,0.5,91.43,738.21,3,1
669.29,0.0,119.16,550.13,0,1
868.2,0.3333,154.86,713.33,2,1
1009.72,0.6667,171.0,838.72,4,1
1029.83,0.5,178.16,851.67,3,1
871.3,0.3333,135.27,736.03,2,1
1223.0,1.0,160.57,1062.44,6,1
844.06,0.3333,123.16,720.9,2,1
960.39,0.6667,106.54,853.85,4,1
876.54,0.3333,148.08,728.46,2,1
787.4,0.1667,151.89,635.51,1,1
796.15,0.3333,97.95,698.21,2,1
896.4,0.5,105.24,791.15,3,1
925.04,0.5,118.76,806.28,3,1
709.52,0.3333,56.7,652.82,2,1
1238.95,1.0,184.08,1054.87,6,1
1087.97,0.5,243.86,844.1,3,1
851.46,0.3333,115.43,736.03,2,1
1142.85,0.8333,135.54,1007.31,5,1
666.91,0.1667,69.22,597.69,1,1
1167.43,1.0,150.38,1017.05,6,1
1234.47,1.1667,147.16,1087.31,7,1
950.27,0.5,181.81,768.46,3,1
1094.09,0.6667,240.24,853.85,4,1
892.85,0.5,94.14,798.72,3,1
891.68,0.5,77.84,813.85,3,1
871.64,0.5,72.92,798.72,3,1
957.85,0.5,151.57,806.28,3,1
867.47,0.3333,146.57,720.9,2,1
1136.08,0.6667,251.97,884.1,4,1
762.02,0.1667,118.95,643.08,1,1
1058.38,0.6667,189.41,868.97,4,1
723.16,0.1667,87.65,635.51,1,1
769.42,0.1667,118.78,650.64,1,1
1012.02,0.8333,87.92,924.1,5,1
695.36,0.1667,82.54,612.82,1,1
850.79,0.3333,137.46,713.33,2,1
822.91,0.3333,132.27,690.64,2,1
990.57,0.6667,129.16,861.41,4,1
799.87,0.3333,86.54,713.33,2,1
805.25,0.3333,91.92,713.33,2,1
601.01,0.0,81.14,519.87,0,1
678.54,0.0,135.97,542.56,0,1
942.83,0.5,151.68,791.15,3,1
765.78,0.3333,75.14,690.64,2,1
879.98,0.5,119.08,760.9,3,1
777.52,0.1667,164.7,612.82,1,1
746.86,0.1667,111.35,635.51,1,1
920.98,0.5,152.51,768.46,3,1
906.28,0.3333,192.95,713.33,2,1
937.69,0.6667,106.54,831.15,4,1
847.22,0.3333,118.76,728.46,2,1
925.9,0.6667,79.62,846.28,4,1
899.97,0.5,123.95,776.03,3,1
1100.06,1.0,98.14,1001.92,6,1
895.87,0.3333,167.41,728.46,2,1
1017.34,0.6667,110.54,906.79,4,1
1029.19,0.5,200.22,828.97,3,1
867.49,0.3333,146.59,720.9,2,1
750.91,0.1667,107.84,643.08,1,1
1075.02,0.6667,190.92,884.1,4,1
663.8,0.0,98.54,565.26,0,1
669.21,0.1667,71.51,597.69,1,1
587.09,0.0,67.22,519.87,0,1
873.81,0.5,105.35,768.46,3,1
568.42,0.0,56.11,512.31,0,1
737.79,0.1667,124.97,612.82,1,1
1377.36,1.3333,250.05,1127.31,8,1
749.32,0.1667,106.24,643.08,1,1
626.81,0.0,84.24,542.56,0,1
1456.2,1.5,220.81,1235.38,9,1
837.72,0.3333,94.14,743.59,2,1
1023.71,0.6667,169.86,853.85,4,1
746.49,0.3333,78.54,667.95,2,1
1246.95,1.0,192.08,1054.87,6,1
1163.35,0.8333,186.3,977.05,5,1
1437.7,1.3333,219.62,1218.08,8,1
1092.72,0.8333,153.49,939.23,5,1
850.98,0.5,97.65,753.33,3,1
635.53,0.0,77.84,557.69,0,1
702.71,0.1667,82.32,620.38,1,1
561.23,0.0,48.92,512.31,0,1
1049.11,0.6667,187.7,861.41,4,1
1012.72,0.6667,121.05,891.67,4,1
1113.07,0.8333,166.27,946.79,5,1
1069.18,0.6667,177.51,891.67,4,1
756.99,0.1667,106.35,650.64,1,1
768.38,0.1667,132.86,635.51,1,1
765.45,0.3333,74.81,690.64,2,1
608.32,0.0,73.32,535.0,0,1
610.46,0.0,83.03,527.44,0,1
1173.51,0.6667,289.41,884.1,4,1
1290.51,0.8333,321.03,969.49,5,1
586.44,0.0,59.0,527.44,0,1
1073.34,0.6667,227.05,846.28,4,1
1239.03,1.0,229.54,1009.49,6,1
801.06,0.3333,87.73,713.33,2,1
865.51,0.5,81.92,783.59,3,1
794.15,0.3333,95.95,698.21,2,1
708.88,0.0,151.19,557.69,0,1
868.0,0.5,99.54,768.46,3,1
744.01,0.3333,83.62,660.38,2,1
615.32,0.0,80.32,535.0,0,1
893.54,0.5,109.95,783.59,3,1
864.12,0.3333,150.78,713.33,2,1
845.52,0.3333,117.05,728.46,2,1
940.81,0.3333,212.35,728.46,2,1
728.19,0.1667,100.24,627.95,1,1
1248.67,1.1667,123.54,1125.13,7,1
1230.09,1.0,182.78,1047.31,6,1
679.06,0.0,106.24,572.82,0,1
868.84,0.3333,140.38,728.46,2,1
672.05,0.1667,97.05,575.0,1,1
722.46,0.1667,86.95,635.51,1,1
647.5,0.1667,49.81,597.69,1,1
753.29,0.3333,70.22,683.08,2,1
907.4,0.5,131.38,776.03,3,1
735.15,0.1667,84.51,650.64,1,1
736.6,0.1667,108.65,627.95,1,1
1214.93,1.0,175.19,1039.74,6,1
875.43,0.5,91.84,783.59,3,1
1108.74,0.8333,154.38,954.36,5,1
962.47,0.6667,123.76,838.72,4,1
1171.81,0.8333,209.89,961.92,5,1
749.68,0.3333,81.73,667.95,2,1
944.37,0.5,160.78,783.59,3,1
742.64,0.1667,84.43,658.21,1,1
1004.84,0.6667,135.86,868.97,4,1
1000.14,0.6667,131.16,868.97,4,1
1078.83,0.8333,147.16,931.67,5,1
659.49,0.0,124.49,535.0,0,1
553.18,0.0,56.0,497.18,0,1
720.25,0.1667,107.43,612.82,1,1
1336.76,1.1667,234.32,1102.44,7,1
675.23,0.1667,77.54,597.69,1,1
1385.52,1.3333,197.7,1187.82,8,1
1105.12,0.6667,198.32,906.79,4,1
849.17,0.3333,128.27,720.9,2,1
775.91,0.3333,92.84,683.08,2,1
926.41,0.5,165.51,760.9,3,1
604.77,0.0,92.46,512.31,0,1
773.46,0.3333,105.51,667.95,2,1
855.07,0.3333,149.3,705.77,2,1
943.23,0.5,152.08,791.15,3,1
1002.0,0.6667,125.46,876.54,4,1
928.09,0.5,114.24,813.85,3,1
1115.17,1.0,120.81,994.36,6,1
768.81,0.3333,85.73,683.08,2,1
1324.13,1.0,246.57,1077.56,6,1
750.58,0.0,185.32,565.26,0,1
1288.99,1.1667,216.81,1072.18,7,1
768.76,0.3333,93.24,675.51,2,1
794.3,0.1667,173.92,620.38,1,1
560.31,0.0,48.0,512.31,0,1
983.52,0.5,215.05,768.46,3,1
881.35,0.5,105.32,776.03,3,1
864.43,0.3333,135.97,728.46,2,1
808.72,0.3333,102.95,705.77,2,1
1027.59,0.8333,111.05,916.54,5,1
1183.93,1.0,129.05,1054.87,6,1
684.64,0.1667,86.95,597.69,1,1
706.51,0.0,156.38,550.13,0,1
823.87,0.3333,110.54,713.33,2,1
1080.19,0.6667,158.27,921.92,4,1
1171.37,0.8333,232.14,939.23,5,1
1016.92,0.6667,140.38,876.54,4,1
767.78,0.3333,77.14,690.64,2,1
702.04,0.1667,89.22,612.82,1,1
951.9,0.6667,105.62,846.28,4,1
860.63,0.5,99.73,760.9,3,1
1004.01,0.6667,97.22,906.79,4,1
671.04,0.0,113.35,557.69,0,1
864.01,0.3333,150.68,713.33,2,1
639.93,0.0,135.19,504.74,0,1
1138.47,0.8333,184.11,954.36,5,1
1045.42,0.6667,199.14,846.28,4,1
727.01,0.1667,121.76,605.26,1,1
1087.89,0.8333,163.78,924.1,5,1
847.87,0.3333,126.97,720.9,2,1
849.76,0.3333,128.86,720.9,2,1
597.33,0.0,85.03,512.31,0,1
902.8,0.5,111.65,791.15,3,1
