"Total_Cost","Ratio_Reloc_Prod","Horiz_Cost","Vert_Cost","nReloc","non_Optimal"
263205.96,0.7113,57298.81,205907.28,1067,195
429.51,0.0,40.41,389.1,0,0
563.18,0.2,66.0,497.18,1,0
596.21,0.2,114.16,482.05,1,0
712.38,0.6,104.95,607.44,3,1
476.28,0.0,72.05,404.23,0,0
724.49,0.6,117.05,607.44,3,1
871.43,1.0,115.92,755.51,5,1
551.48,0.2,69.43,482.05,1,1
704.93,0.6,112.62,592.31,3,0
1352.87,1.6,379.03,973.85,8,1
458.83,0.0,69.73,389.1,0,0
633.96,0.4,89.22,544.74,2,0
1115.39,1.0,329.62,785.77,5,1
757.85,0.6,105.03,652.82,3,1
1578.09,1.2,676.68,901.41,6,1
588.58,0.2,83.84,504.74,1,0
922.27,1.0,166.76,755.51,5,1
543.69,0.2,46.51,497.18,1,0
715.42,0.6,77.73,637.69,3,1
653.26,0.4,123.65,529.62,2,0
1390.15,1.6,439.0,951.15,8,1
586.81,0.2,104.76,482.05,1,0
821.87,0.8,129.05,692.82,4,1
669.57,0.4,102.14,567.44,2,0
1606.96,1.0,828.76,778.21,5,1
760.78,0.6,145.78,615.0,3,1
867.19,1.0,119.24,747.95,5,1
652.17,0.2,139.86,512.31,1,0
735.99,0.6,90.73,645.26,3,1
749.29,0.6,119.16,630.13,3,0
509.57,0.0,82.65,426.92,0,0
500.6,0.0,81.24,419.36,0,0
979.52,1.0,178.62,800.9,5,1
1172.1,1.0,409.03,763.08,5,1
617.91,0.2,113.16,504.74,1,1
933.58,1.0,155.38,778.21,5,1
451.34,0.0,47.11,404.23,0,0
657.14,0.4,97.27,559.87,2,1
847.94,0.8,177.81,670.13,4,0
691.73,0.4,109.16,582.56,2,0
777.03,0.6,101.51,675.51,3,1
720.9,0.4,168.59,552.31,2,1
592.2,0.2,87.46,504.74,1,0
873.75,0.6,236.05,637.69,3,1
1281.26,1.6,262.03,1019.23,8,1
1532.47,1.0,731.57,800.9,5,1
1128.65,1.0,312.62,816.03,5,1
638.24,0.2,156.19,482.05,1,1
480.92,0.0,54.0,426.92,0,0
1743.96,0.8,952.81,791.15,4,1
914.61,1.0,128.84,785.77,5,1
673.77,0.4,121.46,552.31,2,1
477.91,0.0,88.81,389.1,0,0
886.56,0.8,148.35,738.21,4,1
708.83,0.6,71.14,637.69,3,1
700.91,0.6,63.22,637.69,3,0
1534.47,1.2,655.76,878.72,6,1
904.07,1.0,125.86,778.21,5,1
1253.62,1.6,257.08,996.54,8,1
628.96,0.4,84.22,544.74,2,1
596.58,0.2,91.84,504.74,1,0
1067.96,1.2,181.68,886.28,6,1
1005.22,1.2,156.76,848.46,6,1
879.25,0.8,171.3,707.95,4,1
1234.23,1.6,162.05,1072.18,8,1
836.44,0.6,183.62,652.82,3,1
719.74,0.6,119.86,599.87,3,1
691.57,0.4,116.57,575.0,2,0
1564.26,1.0,717.97,846.28,5,1
483.8,0.0,87.14,396.67,0,0
698.49,0.4,131.05,567.44,2,1
1136.47,1.0,290.19,846.28,5,1
551.71,0.2,99.92,451.79,1,0
715.35,0.6,47.41,667.95,3,1
1185.18,1.6,181.08,1004.1,8,1
568.85,0.2,117.05,451.79,1,0
582.52,0.2,70.22,512.31,1,0
583.18,0.2,78.43,504.74,1,0
483.79,0.0,64.43,419.36,0,0
759.12,0.6,113.86,645.26,3,1
1059.85,1.2,113.05,946.79,6,1
1378.22,1.4,429.24,948.97,7,1
519.73,0.0,85.24,434.49,0,0
680.28,0.4,75.03,605.26,2,1
921.91,1.0,151.27,770.64,5,1
925.28,1.0,131.95,793.33,5,1
1217.68,1.4,283.84,933.85,7,1
748.96,0.6,111.27,637.69,3,1
459.36,0.0,40.0,419.36,0,0
620.33,0.4,68.03,552.31,2,0
761.49,0.6,93.54,667.95,3,0
558.29,0.2,61.11,497.18,1,0
868.38,0.8,168.0,700.38,4,0
482.15,0.0,77.92,404.23,0,0
577.81,0.2,42.81,535.0,1,0
1330.03,1.8,187.59,1142.44,9,1
1129.34,1.4,157.68,971.67,7,1
827.94,0.6,144.86,683.08,3,1
828.6,0.8,120.65,707.95,4,1
974.8,1.0,189.03,785.77,5,1
976.34,1.0,130.05,846.28,5,1
922.12,0.8,183.92,738.21,4,1
723.02,0.4,140.46,582.56,2,1
844.48,0.6,161.41,683.08,3,1
509.99,0.0,105.76,404.23,0,0
808.62,0.6,193.62,615.0,3,1
1059.22,1.2,165.38,893.85,6,1
478.72,0.0,29.11,449.62,0,0
1831.21,1.2,914.68,916.54,6,1
674.74,0.2,222.95,451.79,1,1
821.55,0.8,121.16,700.38,4,1
818.75,0.6,135.68,683.08,3,0
968.23,1.0,174.89,793.33,5,1
937.73,1.0,189.78,747.95,5,0
634.18,0.2,137.0,497.18,1,0
1644.27,1.6,587.22,1057.05,8,1
712.86,0.6,82.73,630.13,3,0
783.77,0.6,130.95,652.82,3,1
725.65,0.6,118.22,607.44,3,1
698.41,0.6,98.54,599.87,3,1
967.87,1.2,134.54,833.33,6,1
952.75,1.0,129.16,823.59,5,1
764.64,0.6,66.43,698.21,3,1
728.74,0.6,75.92,652.82,3,1
787.48,0.6,96.84,690.64,3,1
540.37,0.0,90.76,449.62,0,0
750.93,0.6,90.54,660.38,3,1
1043.08,1.2,179.49,863.59,6,1
1666.98,1.6,564.54,1102.44,8,1
666.26,0.2,161.51,504.74,1,0
654.94,0.4,117.76,537.18,2,1
901.03,0.8,185.51,715.51,4,1
1242.34,1.6,223.11,1019.23,8,1
570.52,0.2,111.16,459.36,1,0
488.65,0.0,61.73,426.92,0,0
542.88,0.2,45.7,497.18,1,0
892.52,1.0,91.62,800.9,5,0
2154.4,1.2,1222.73,931.67,6,1
568.42,0.2,56.11,512.31,1,0
479.92,0.0,53.0,426.92,0,0
483.49,0.0,64.14,419.36,0,0
903.11,1.0,102.22,800.9,5,1
1789.09,1.4,787.16,1001.92,7,1
792.5,0.6,147.24,645.26,3,1
765.35,0.6,142.78,622.56,3,1
741.27,0.6,73.32,667.95,3,0
762.51,0.4,172.38,590.13,2,1
926.86,1.0,110.84,816.03,5,1
757.04,0.6,119.35,637.69,3,0
863.61,0.8,185.92,677.69,4,0
1272.37,1.4,353.65,918.72,7,1
497.74,0.0,85.95,411.79,0,0
715.7,0.6,93.14,622.56,3,1
652.85,0.4,100.54,552.31,2,0
922.44,1.0,121.54,800.9,5,1
489.13,0.0,100.03,389.1,0,0
750.54,0.6,75.03,675.51,3,1
1692.2,1.0,845.92,846.28,5,1
777.71,0.6,117.32,660.38,3,1
545.17,0.0,133.38,411.79,0,0
719.22,0.6,119.35,599.87,3,1
1110.79,1.2,216.95,893.85,6,1
469.99,0.0,73.32,396.67,0,0
1126.69,1.4,200.41,926.28,7,1
580.88,0.2,76.14,504.74,1,0
582.07,0.2,92.46,489.62,1,1
1502.1,1.0,723.89,778.21,5,1
1539.3,1.0,738.41,800.9,5,1
766.19,0.6,151.19,615.0,3,1
550.96,0.2,99.16,451.79,1,0
916.65,1.0,115.76,800.9,5,1
1029.38,1.2,120.41,908.97,6,1
986.38,1.2,130.35,856.03,6,1
1150.94,1.6,146.84,1004.1,8,1
483.79,0.0,72.0,411.79,0,0
453.8,0.0,57.14,396.67,0,0
1166.14,1.2,272.3,893.85,6,1
660.19,0.4,77.62,582.56,2,1
453.9,0.0,42.11,411.79,0,0
830.48,0.8,99.84,730.64,4,1
821.63,0.6,168.81,652.82,3,1
777.27,0.6,101.76,675.51,3,0
866.35,0.8,143.27,723.08,4,1
591.5,0.2,86.76,504.74,1,0
579.98,0.2,128.19,451.79,1,0
897.71,0.6,244.89,652.82,3,1
832.92,0.6,157.41,675.51,3,1
809.15,0.8,78.51,730.64,4,0
1455.59,2.2,225.59,1230.0,11,1
1148.71,1.4,222.43,926.28,7,1
1066.32,1.2,149.78,916.54,6,1
798.99,0.6,161.3,637.69,3,0
731.23,0.6,78.41,652.82,3,0
800.41,0.8,100.03,700.38,4,1
1755.6,2.0,588.3,1167.31,10,1
671.61,0.4,73.92,597.69,2,1
844.08,0.8,128.57,715.51,4,1
1096.62,1.2,248.16,848.46,6,1
730.95,0.6,115.95,615.0,3,0
548.68,0.2,89.32,459.36,1,0
904.0,1.0,95.54,808.46,5,1
1576.34,0.8,891.08,685.26,4,1
767.0,0.6,99.05,667.95,3,0
473.8,0.0,77.14,396.67,0,0
1063.9,1.2,109.54,954.36,6,1
1044.97,1.2,128.43,916.54,6,1
499.97,0.0,57.92,442.05,0,0
744.44,0.6,144.57,599.87,3,0
695.65,0.4,173.59,522.05,2,0
865.86,0.8,195.73,670.13,4,1
1625.96,1.2,686.73,939.23,6,1
563.91,0.2,66.73,497.18,1,0
668.18,0.4,123.43,544.74,2,1
841.67,0.8,126.16,715.51,4,1
863.82,0.8,118.05,745.77,4,0
1710.64,1.2,778.97,931.67,6,1
649.54,0.4,82.11,567.44,2,1
784.32,0.6,154.19,630.13,3,1
1271.41,1.8,136.54,1134.87,9,1
1616.81,1.2,707.84,908.97,6,1
608.37,0.4,63.62,544.74,2,0
520.1,0.0,131.0,389.1,0,0
684.41,0.6,84.54,599.87,3,1
898.59,1.0,143.08,755.51,5,1
803.06,0.8,110.24,692.82,4,1
1082.46,1.4,141.05,941.41,7,1
739.39,0.6,94.14,645.26,3,1
777.09,0.6,124.27,652.82,3,1
926.91,1.0,103.32,823.59,5,0
590.15,0.2,77.84,512.31,1,0
914.91,1.0,144.27,770.64,5,1
1188.2,1.6,153.84,1034.36,8,1
899.56,1.0,121.35,778.21,5,1
981.86,1.2,125.84,856.03,6,1
881.85,1.0,103.65,778.21,5,0
1274.89,1.2,358.35,916.54,6,1
1252.72,0.8,575.03,677.69,4,1
677.79,0.4,125.49,552.31,2,1
890.58,1.0,97.24,793.33,5,1
846.64,0.8,123.57,723.08,4,1
1010.41,1.2,169.51,840.9,6,1
945.49,1.0,129.46,816.03,5,1
869.9,0.8,116.57,753.33,4,0
679.81,0.4,97.24,582.56,2,0
811.37,0.8,80.73,730.64,4,0
565.14,0.2,90.65,474.49,1,0
723.26,0.6,93.14,630.13,3,1
1062.0,1.2,145.46,916.54,6,1
1455.19,1.6,405.7,1049.49,8,1
979.53,0.8,248.89,730.64,4,1
1132.9,1.2,186.11,946.79,6,1
557.81,0.2,83.32,474.49,1,0
1086.98,1.2,200.7,886.28,6,1
713.17,0.4,100.35,612.82,2,0
1754.62,2.0,557.05,1197.56,10,1
1094.44,1.4,160.59,933.85,7,1
474.74,0.0,62.95,411.79,0,0
654.27,0.4,139.78,514.49,2,0
501.42,0.0,104.76,396.67,0,0
1925.61,1.2,1039.32,886.28,6,1
1586.02,1.8,473.84,1112.18,9,1
718.88,0.6,73.62,645.26,3,0
879.19,0.8,156.11,723.08,4,1
564.89,0.2,82.84,482.05,1,0
478.86,0.0,89.76,389.1,0,0
644.43,0.4,69.43,575.0,2,0
494.38,0.0,52.32,442.05,0,0
528.86,0.2,46.81,482.05,1,0
813.55,0.6,168.3,645.26,3,1
753.9,0.6,146.46,607.44,3,1
1005.38,1.2,164.49,840.9,6,1
680.35,0.4,105.35,575.0,2,0
1103.98,1.4,162.57,941.41,7,1
897.16,0.8,174.08,723.08,4,1
1985.72,1.2,1114.57,871.15,6,1
476.88,0.0,72.65,404.23,0,0
761.32,0.6,138.76,622.56,3,0
1151.29,1.2,280.14,871.15,6,1
796.12,0.6,150.86,645.26,3,1
602.7,0.2,120.65,482.05,1,1
766.31,0.6,121.05,645.26,3,1
841.61,0.8,95.84,745.77,4,1
756.83,0.6,134.27,622.56,3,1
1108.93,1.2,222.65,886.28,6,1
1578.29,1.0,747.14,831.15,5,1
1117.24,0.8,386.59,730.64,4,1
2215.96,2.4,809.81,1406.15,12,1
866.68,0.6,198.73,667.95,3,1
936.5,1.0,143.16,793.33,5,1
792.02,0.6,108.95,683.08,3,1
717.66,0.4,157.78,559.87,2,1
989.85,1.2,164.08,825.77,6,1
1548.65,2.0,366.22,1182.44,10,1
1301.08,1.0,492.62,808.46,5,1
712.0,0.6,89.43,622.56,3,1
800.65,0.8,85.14,715.51,4,1
757.22,0.6,149.78,607.44,3,1
940.94,1.0,170.3,770.64,5,1
1449.73,1.2,548.32,901.41,6,1
650.23,0.4,113.05,537.18,2,1
