"Total_Cost","Ratio_Reloc_Prod","Horiz_Cost","Vert_Cost","nReloc","non_Optimal"
255783.3,0.7687,45286.31,210497.06,1153,300
875.76,1.0,120.24,755.51,5,1
954.98,1.0,222.16,732.82,5,1
801.48,0.6,163.78,637.69,3,1
546.7,0.2,72.22,474.49,1,1
1011.76,1.2,163.3,848.46,6,1
1353.48,2.0,276.95,1076.54,10,1
606.07,0.4,61.32,544.74,2,1
1088.81,1.2,240.35,848.46,6,1
463.21,0.0,74.11,389.1,0,1
891.8,0.8,221.68,670.13,4,1
488.88,0.0,84.65,404.23,0,1
769.33,0.6,161.89,607.44,3,1
1048.79,1.2,207.89,840.9,6,1
588.88,0.2,84.14,504.74,1,1
670.15,0.4,132.97,537.18,2,1
468.61,0.0,56.81,411.79,0,1
966.51,1.0,203.43,763.08,5,1
839.15,0.6,193.89,645.26,3,1
652.07,0.4,122.46,529.62,2,1
742.47,0.6,97.22,645.26,3,1
804.7,0.8,134.57,670.13,4,1
966.06,1.0,165.16,800.9,5,1
677.82,0.4,125.51,552.31,2,1
959.56,1.0,196.49,763.08,5,1
1190.49,1.6,209.08,981.41,8,1
757.72,0.6,120.03,637.69,3,1
1165.63,1.4,224.22,941.41,7,1
891.65,0.8,183.7,707.95,4,1
732.55,0.4,187.81,544.74,2,1
975.16,1.2,119.14,856.03,6,1
719.02,0.6,81.32,637.69,3,1
956.99,1.0,178.78,778.21,5,1
1101.58,1.4,182.86,918.72,7,1
706.27,0.4,131.27,575.0,2,1
788.48,0.6,158.35,630.13,3,1
1044.97,1.2,181.38,863.59,6,1
1350.69,2.0,183.38,1167.31,10,1
599.04,0.2,86.73,512.31,1,1
1022.84,1.2,174.38,848.46,6,1
807.54,0.6,200.11,607.44,3,1
434.67,0.0,38.0,396.67,0,1
519.91,0.0,62.73,457.18,0,1
779.25,0.8,86.43,692.82,4,1
989.52,1.0,249.14,740.38,5,1
929.11,1.0,120.65,808.46,5,1
1246.59,1.6,250.05,996.54,8,1
639.51,0.2,165.03,474.49,1,1
511.96,0.0,100.16,411.79,0,1
1134.95,1.4,201.11,933.85,7,1
1141.76,1.2,293.3,848.46,6,1
1432.22,2.0,257.35,1174.87,10,1
1187.54,1.6,198.57,988.97,8,1
752.02,0.6,114.32,637.69,3,1
485.04,0.0,80.81,404.23,0,1
764.58,0.6,111.76,652.82,3,1
963.64,1.0,193.0,770.64,5,1
1040.77,1.2,215.0,825.77,6,1
1041.4,1.2,170.24,871.15,6,1
983.92,1.0,183.03,800.9,5,1
851.63,0.8,166.38,685.26,4,1
790.48,0.6,167.92,622.56,3,1
851.59,0.8,120.95,730.64,4,1
1371.19,1.8,289.27,1081.92,9,1
1212.48,1.6,208.38,1004.1,8,1
730.37,0.6,100.24,630.13,3,1
1271.49,1.8,129.05,1142.44,9,1
1029.15,1.2,89.92,939.23,6,1
458.67,0.0,62.0,396.67,0,1
627.37,0.4,82.62,544.74,2,1
496.97,0.0,107.86,389.1,0,1
618.28,0.4,73.54,544.74,2,1
775.77,0.6,138.08,637.69,3,1
661.48,0.4,78.92,582.56,2,1
762.0,0.6,139.43,622.56,3,1
1019.28,1.2,178.38,840.9,6,1
603.85,0.2,91.54,512.31,1,1
872.44,0.4,320.14,552.31,2,1
776.12,0.6,130.86,645.26,3,1
1235.91,1.6,231.81,1004.1,8,1
488.49,0.0,69.14,419.36,0,1
793.57,0.6,118.05,675.51,3,1
905.39,0.8,220.14,685.26,4,1
1332.5,1.6,252.76,1079.74,8,1
931.42,1.0,160.78,770.64,5,1
850.07,0.8,172.38,677.69,4,1
772.96,0.6,188.22,584.74,3,1
949.56,1.0,178.92,770.64,5,1
691.96,0.4,139.65,552.31,2,1
943.26,1.0,157.49,785.77,5,1
956.96,1.0,171.19,785.77,5,1
656.53,0.4,119.35,537.18,2,1
761.51,0.6,131.38,630.13,3,1
491.96,0.0,87.73,404.23,0,1
581.03,0.2,121.68,459.36,1,1
505.03,0.0,78.11,426.92,0,1
1002.47,1.0,209.14,793.33,5,1
1219.93,1.6,185.57,1034.36,8,1
1248.98,1.6,222.19,1026.79,8,1
1054.28,1.2,168.0,886.28,6,1
1259.73,1.6,217.81,1041.92,8,1
600.62,0.2,118.57,482.05,1,1
708.01,0.4,102.76,605.26,2,1
1321.19,1.6,332.22,988.97,8,1
825.91,0.8,102.84,723.08,4,1
1352.08,1.8,194.51,1157.56,9,1
762.41,0.6,154.97,607.44,3,1
751.37,0.6,121.24,630.13,3,1
1004.76,1.2,163.86,840.9,6,1
709.45,0.4,172.27,537.18,2,1
865.87,0.8,165.49,700.38,4,1
739.3,0.4,164.3,575.0,2,1
1582.23,2.2,314.41,1267.82,11,1
503.91,0.0,107.24,396.67,0,1
748.99,0.6,118.86,630.13,3,1
603.35,0.2,128.86,474.49,1,1
1434.34,2.0,214.08,1220.26,10,1
641.11,0.4,126.62,514.49,2,1
1148.17,1.6,106.24,1041.92,8,1
749.33,0.6,88.95,660.38,3,1
1330.02,1.6,333.49,996.54,8,1
996.39,1.0,210.62,785.77,5,1
861.8,0.8,131.16,730.64,4,1
877.92,0.8,169.97,707.95,4,1
495.96,0.0,91.73,404.23,0,1
1364.52,1.8,222.08,1142.44,9,1
890.22,0.8,129.32,760.9,4,1
663.8,0.4,119.05,544.74,2,1
608.53,0.4,78.92,529.62,2,1
676.64,0.4,78.95,597.69,2,1
1634.81,2.2,336.73,1298.08,11,1
813.85,0.8,136.16,677.69,4,1
457.19,0.0,22.7,434.49,0,1
807.22,0.6,192.22,615.0,3,1
863.66,0.8,125.46,738.21,4,1
1038.12,1.0,199.41,838.72,5,1
862.67,0.6,232.54,630.13,3,1
475.75,0.0,86.65,389.1,0,1
1037.81,1.4,88.84,948.97,7,1
591.33,0.2,79.03,512.31,1,1
1153.41,1.4,212.0,941.41,7,1
945.81,1.0,190.3,755.51,5,1
603.52,0.2,136.59,466.92,1,1
649.2,0.4,89.32,559.87,2,1
602.02,0.2,119.97,482.05,1,1
1018.53,1.2,132.24,886.28,6,1
1122.9,1.4,189.05,933.85,7,1
759.55,0.4,207.24,552.31,2,1
1171.43,1.6,182.46,988.97,8,1
756.55,0.6,156.68,599.87,3,1
839.7,0.8,109.05,730.64,4,1
908.68,0.8,200.73,707.95,4,1
773.87,0.8,65.92,707.95,4,1
700.57,0.4,125.57,575.0,2,1
912.22,1.0,103.76,808.46,5,1
941.93,1.0,95.65,846.28,5,1
1078.05,1.2,222.03,856.03,6,1
642.52,0.4,82.65,559.87,2,1
998.78,1.2,142.76,856.03,6,1
1028.29,1.2,149.57,878.72,6,1
1163.26,1.6,159.16,1004.1,8,1
1036.92,1.2,127.95,908.97,6,1
498.05,0.0,56.0,442.05,0,1
1055.52,1.2,161.68,893.85,6,1
883.22,0.8,167.7,715.51,4,1
1300.94,1.6,236.32,1064.62,8,1
783.51,0.6,153.38,630.13,3,1
1276.2,1.8,156.46,1119.74,9,1
687.42,0.4,150.24,537.18,2,1
890.01,0.8,197.19,692.82,4,1
908.95,0.8,140.49,768.46,4,1
727.18,0.6,81.92,645.26,3,1
751.43,0.6,128.86,622.56,3,1
762.44,0.6,162.57,599.87,3,1
517.5,0.0,113.27,404.23,0,1
551.33,0.2,91.97,459.36,1,1
963.31,1.0,169.97,793.33,5,1
599.95,0.2,140.59,459.36,1,1
944.29,1.0,166.08,778.21,5,1
909.75,0.8,239.62,670.13,4,1
671.62,0.4,96.62,575.0,2,1
947.74,1.0,146.84,800.9,5,1
619.52,0.2,152.59,466.92,1,1
846.18,0.8,115.54,730.64,4,1
762.24,0.6,86.73,675.51,3,1
971.35,1.0,215.84,755.51,5,1
529.57,0.0,102.65,426.92,0,1
751.97,0.6,121.84,630.13,3,1
1413.48,2.0,147.84,1265.64,10,1
728.48,0.6,105.92,622.56,3,1
897.85,0.8,205.03,692.82,4,1
746.36,0.6,101.11,645.26,3,1
853.42,0.8,168.16,685.26,4,1
734.85,0.6,82.03,652.82,3,1
1379.97,1.8,290.49,1089.49,9,1
1135.0,1.4,193.59,941.41,7,1
1160.78,1.2,297.19,863.59,6,1
802.41,0.6,134.46,667.95,3,1
585.21,0.2,88.03,497.18,1,1
627.47,0.4,82.73,544.74,2,1
885.27,0.8,162.19,723.08,4,1
1196.21,1.6,199.68,996.54,8,1
474.61,0.0,77.95,396.67,0,1
774.09,0.6,121.27,652.82,3,1
786.71,0.6,118.76,667.95,3,1
820.42,0.6,129.78,690.64,3,1
479.82,0.0,68.03,411.79,0,1
885.89,0.8,170.38,715.51,4,1
992.85,1.0,199.51,793.33,5,1
605.79,0.2,138.86,466.92,1,1
714.78,0.4,124.65,590.13,2,1
907.38,0.8,199.43,707.95,4,1
1047.12,1.0,200.84,846.28,5,1
477.69,0.0,81.03,396.67,0,1
658.45,0.4,121.27,537.18,2,1
715.63,0.6,62.81,652.82,3,1
470.58,0.0,51.22,419.36,0,1
823.69,0.6,186.0,637.69,3,1
512.53,0.0,62.92,449.62,0,1
774.86,0.6,99.35,675.51,3,1
648.13,0.2,158.51,489.62,1,1
1074.53,1.2,203.38,871.15,6,1
1019.14,1.2,170.68,848.46,6,1
792.33,0.6,184.89,607.44,3,1
922.73,0.8,207.22,715.51,4,1
508.3,0.0,73.81,434.49,0,1
942.73,1.0,134.27,808.46,5,1
788.33,0.6,120.38,667.95,3,1
893.7,0.8,170.62,723.08,4,1
784.04,0.6,138.78,645.26,3,1
983.25,1.0,189.92,793.33,5,1
665.93,0.4,106.05,559.87,2,1
1106.07,1.2,174.41,931.67,6,1
1114.73,1.2,213.32,901.41,6,1
1400.5,2.0,248.32,1152.18,10,1
696.44,0.4,136.57,559.87,2,1
848.83,0.6,211.14,637.69,3,1
540.22,0.0,120.86,419.36,0,1
970.8,1.0,192.59,778.21,5,1
1011.32,1.2,140.16,871.15,6,1
1274.63,1.6,172.19,1102.44,8,1
574.58,0.2,122.78,451.79,1,1
801.6,0.6,148.78,652.82,3,1
603.53,0.4,73.92,529.62,2,1
1199.12,1.4,212.32,986.79,7,1
1002.45,1.0,171.3,831.15,5,1
1154.66,1.4,167.86,986.79,7,1
1005.42,1.0,227.22,778.21,5,1
777.4,0.6,94.32,683.08,3,1
507.8,0.0,111.14,396.67,0,1
1409.17,1.8,281.86,1127.31,9,1
924.08,1.0,168.57,755.51,5,1
761.81,0.6,139.24,622.56,3,1
694.99,0.4,157.81,537.18,2,1
752.95,0.4,132.57,620.38,2,1
879.92,0.8,171.97,707.95,4,1
493.94,0.0,104.84,389.1,0,1
624.28,0.2,111.97,512.31,1,1
777.14,0.6,116.76,660.38,3,1
481.66,0.0,77.43,404.23,0,1
987.5,1.0,209.3,778.21,5,1
701.35,0.4,126.35,575.0,2,1
563.96,0.2,112.16,451.79,1,1
973.27,1.2,117.24,856.03,6,1
772.29,0.6,142.16,630.13,3,1
1000.45,1.0,169.3,831.15,5,1
1034.92,1.0,234.03,800.9,5,1
1056.62,1.0,248.16,808.46,5,1
942.27,1.0,179.19,763.08,5,1
528.22,0.0,108.86,419.36,0,1
909.04,1.0,130.84,778.21,5,1
582.69,0.2,130.89,451.79,1,1
975.51,1.0,159.49,816.03,5,1
754.53,0.6,116.84,637.69,3,1
886.3,0.8,170.78,715.51,4,1
767.73,0.6,145.16,622.56,3,1
1077.9,1.4,144.05,933.85,7,1
784.12,0.6,138.86,645.26,3,1
1154.44,1.4,220.59,933.85,7,1
936.06,1.0,135.16,800.9,5,1
860.82,0.8,175.57,685.26,4,1
616.93,0.4,64.62,552.31,2,1
609.81,0.2,142.89,466.92,1,1
457.42,0.0,45.62,411.79,0,1
950.49,1.0,96.65,853.85,5,1
903.5,0.8,218.24,685.26,4,1
535.78,0.2,53.73,482.05,1,1
583.44,0.2,124.08,459.36,1,1
748.96,0.6,111.27,637.69,3,1
1074.75,1.4,163.59,911.15,7,1
1026.73,1.2,178.27,848.46,6,1
495.18,0.0,90.95,404.23,0,1
507.8,0.0,111.14,396.67,0,1
1216.87,1.6,167.38,1049.49,8,1
578.59,0.2,96.54,482.05,1,1
1183.72,1.4,219.62,964.1,7,1
731.61,0.4,141.49,590.13,2,1
709.63,0.4,142.19,567.44,2,1
872.4,0.8,156.89,715.51,4,1
809.92,0.6,194.92,615.0,3,1
677.32,0.4,147.7,529.62,2,1
