"Total_Cost","Ratio_Reloc_Prod","Horiz_Cost","Vert_Cost","nReloc","non_Optimal"
232111.54,0.4607,40177.76,191933.9,691,158
875.82,0.4,210.05,665.77,2,0
741.93,0.4,83.73,658.21,2,0
942.75,0.6,191.59,751.15,3,1
582.67,0.0,80.11,502.56,0,0
983.32,0.6,232.16,751.15,3,0
555.56,0.0,105.95,449.62,0,0
632.18,0.2,66.92,565.26,1,1
728.65,0.4,108.27,620.38,2,0
653.0,0.2,110.43,542.56,1,0
595.52,0.2,83.22,512.31,1,1
527.12,0.0,54.81,472.31,0,0
950.56,0.8,166.97,783.59,4,0
514.85,0.0,50.11,464.74,0,0
539.4,0.0,82.22,457.18,0,1
930.32,0.6,186.73,743.59,3,1
858.45,0.6,114.86,743.59,3,1
591.54,0.2,64.11,527.44,1,1
697.86,0.2,155.3,542.56,1,1
605.57,0.2,85.7,519.87,1,0
755.41,0.4,127.46,627.95,2,1
806.64,0.4,163.57,643.08,2,1
746.62,0.4,103.54,643.08,2,1
765.8,0.4,168.11,597.69,2,0
775.4,0.4,124.76,650.64,2,1
841.57,0.6,181.19,660.38,3,0
822.77,0.6,109.43,713.33,3,0
687.83,0.2,145.27,542.56,1,1
638.61,0.2,80.92,557.69,1,1
799.27,0.4,156.19,643.08,2,0
904.24,0.6,168.22,736.03,3,0
1137.63,1.4,143.27,994.36,7,1
798.9,0.4,178.51,620.38,2,0
500.97,0.0,58.92,442.05,0,0
497.51,0.0,63.03,434.49,0,0
887.37,0.8,149.16,738.21,4,1
790.04,0.2,232.35,557.69,1,1
467.36,0.0,48.0,419.36,0,0
671.42,0.2,106.16,565.26,1,0
920.7,0.8,144.68,776.03,4,1
879.97,0.8,103.95,776.03,4,0
629.24,0.2,79.11,550.13,1,0
928.71,0.6,207.81,720.9,3,0
546.82,0.0,74.51,472.31,0,0
624.08,0.2,81.51,542.56,1,1
873.68,0.6,152.78,720.9,3,0
707.96,0.4,95.14,612.82,2,1
839.99,0.4,174.22,665.77,2,0
709.84,0.4,89.46,620.38,2,1
631.94,0.2,74.24,557.69,1,1
959.23,0.6,200.51,758.72,3,1
850.21,0.4,192.0,658.21,2,0
667.58,0.2,94.76,572.82,1,1
563.31,0.0,106.14,457.18,0,1
769.74,0.6,109.35,660.38,3,0
880.1,0.6,181.89,698.21,3,1
543.42,0.0,86.24,457.18,0,1
726.96,0.4,129.27,597.69,2,1
1000.37,0.8,156.27,844.1,4,0
903.53,0.8,165.32,738.21,4,0
728.52,0.2,155.7,572.82,1,0
811.35,0.6,128.27,683.08,3,1
679.86,0.4,89.73,590.13,2,1
747.21,0.4,157.08,590.13,2,0
825.04,0.6,119.27,705.77,3,0
872.83,0.6,182.19,690.64,3,1
782.5,0.6,76.73,705.77,3,0
524.24,0.0,89.76,434.49,0,0
819.74,0.6,98.84,720.9,3,1
615.65,0.4,48.22,567.44,2,0
676.05,0.4,101.05,575.0,2,1
825.59,0.4,182.51,643.08,2,1
826.09,0.6,112.76,713.33,3,1
636.86,0.2,101.86,535.0,1,1
1057.94,1.0,241.92,816.03,5,1
758.17,0.4,137.78,620.38,2,0
593.3,0.2,73.43,519.87,1,1
711.61,0.4,106.35,605.26,2,1
700.72,0.2,150.59,550.13,1,1
720.31,0.4,115.05,605.26,2,0
921.81,0.6,185.78,736.03,3,0
858.61,0.6,160.41,698.21,3,0
811.55,0.6,90.65,720.9,3,1
720.45,0.4,122.76,597.69,2,0
880.76,0.8,119.86,760.9,4,1
651.26,0.4,46.0,605.26,2,1
1078.37,0.6,327.22,751.15,3,1
1043.99,1.0,144.76,899.23,5,1
684.47,0.2,111.65,572.82,1,1
797.18,0.2,231.92,565.26,1,1
770.31,0.6,125.05,645.26,3,1
871.89,0.6,135.86,736.03,3,0
567.31,0.2,70.14,497.18,1,1
561.96,0.2,57.22,504.74,1,0
817.55,0.6,164.73,652.82,3,0
692.71,0.4,72.32,620.38,2,1
900.4,0.8,109.24,791.15,4,1
1280.45,0.4,682.76,597.69,2,1
1187.3,1.4,185.38,1001.92,7,1
706.13,0.2,156.0,550.13,1,0
511.05,0.0,69.0,442.05,0,0
578.4,0.2,81.22,497.18,1,1
619.04,0.2,121.86,497.18,1,1
710.15,0.4,112.46,597.69,2,0
599.23,0.2,86.92,512.31,1,0
509.62,0.0,75.14,434.49,0,1
623.88,0.2,111.57,512.31,1,0
549.58,0.2,52.41,497.18,1,1
674.94,0.4,84.81,590.13,2,0
733.83,0.4,143.7,590.13,2,0
457.58,0.0,38.22,419.36,0,0
996.55,1.0,150.27,846.28,5,0
1184.69,1.6,165.46,1019.23,8,0
686.67,0.4,96.54,590.13,2,1
728.21,0.4,138.08,590.13,2,1
954.25,1.0,145.78,808.46,5,0
778.65,0.4,150.7,627.95,2,0
528.27,0.0,86.22,442.05,0,1
683.38,0.2,148.38,535.0,1,0
574.64,0.0,117.46,457.18,0,0
623.28,0.4,63.41,559.87,2,1
948.18,0.4,403.43,544.74,2,1
589.93,0.0,125.19,464.74,0,0
754.97,0.4,119.46,635.51,2,0
832.69,0.8,86.92,745.77,4,1
600.89,0.2,111.27,489.62,1,1
519.46,0.2,37.41,482.05,1,0
628.08,0.0,186.03,442.05,0,1
882.0,0.6,145.97,736.03,3,0
1315.29,1.6,250.68,1064.62,8,0
899.35,0.8,115.76,783.59,4,1
767.4,0.4,116.76,650.64,2,1
816.29,0.4,158.08,658.21,2,1
1048.46,0.8,227.05,821.41,4,1
557.37,0.0,92.62,464.74,0,1
750.21,0.6,67.14,683.08,3,1
784.07,0.4,193.95,590.13,2,0
819.22,0.4,183.7,635.51,2,1
969.27,0.8,200.81,768.46,4,0
666.8,0.2,101.54,565.26,1,0
532.08,0.0,90.03,442.05,0,0
521.08,0.0,79.03,442.05,0,1
580.17,0.2,52.73,527.44,1,1
612.24,0.2,77.24,535.0,1,0
441.04,0.0,36.81,404.23,0,0
1297.42,1.4,250.11,1047.31,7,0
438.06,0.0,18.7,419.36,0,0
616.52,0.2,96.65,519.87,1,0
739.95,0.4,104.43,635.51,2,1
806.96,0.4,194.14,612.82,2,1
715.1,0.2,157.41,557.69,1,1
1154.0,1.2,192.08,961.92,6,1
838.83,0.4,180.62,658.21,2,1
766.99,0.2,201.73,565.26,1,1
502.86,0.0,60.81,442.05,0,1
663.19,0.2,135.76,527.44,1,0
665.54,0.2,122.97,542.56,1,0
766.99,0.6,121.73,645.26,3,0
553.02,0.0,95.84,457.18,0,1
808.52,0.6,140.57,667.95,3,1
664.81,0.2,137.38,527.44,1,1
688.65,0.4,106.08,582.56,2,0
768.58,0.6,115.76,652.82,3,0
544.61,0.0,87.43,457.18,0,1
939.45,0.8,155.86,783.59,4,0
1006.86,1.0,190.84,816.03,5,1
1077.39,1.2,191.11,886.28,6,1
1037.87,1.0,168.89,868.97,5,1
538.85,0.0,66.54,472.31,0,1
765.22,0.4,137.27,627.95,2,1
703.51,0.4,120.95,582.56,2,0
1047.25,1.0,193.41,853.85,5,1
659.4,0.2,109.27,550.13,1,1
757.07,0.6,126.95,630.13,3,1
503.12,0.0,83.76,419.36,0,1
729.06,0.6,61.11,667.95,3,1
968.49,0.8,200.03,768.46,4,0
707.22,0.4,86.84,620.38,2,1
822.72,0.8,84.51,738.21,4,0
959.34,0.8,168.19,791.15,4,1
1376.92,1.4,314.49,1062.44,7,0
1028.15,0.8,229.43,798.72,4,0
515.86,0.0,66.24,449.62,0,0
907.3,0.4,271.78,635.51,2,0
705.15,0.2,147.46,557.69,1,0
1026.9,1.0,165.49,861.41,5,1
935.53,0.8,129.24,806.28,4,1
526.26,0.0,61.51,464.74,0,1
713.19,0.4,85.24,627.95,2,1
899.14,0.6,185.81,713.33,3,1
979.32,1.0,163.3,816.03,5,1
1130.75,1.0,246.65,884.1,5,1
751.44,0.4,123.49,627.95,2,1
878.23,0.6,180.03,698.21,3,0
492.43,0.0,42.81,449.62,0,0
1128.6,1.0,259.62,868.97,5,0
710.73,0.2,175.73,535.0,1,0
1099.37,1.2,175.27,924.1,6,1
864.56,0.6,113.41,751.15,3,1
849.61,0.8,103.84,745.77,4,1
666.8,0.2,101.54,565.26,1,1
639.0,0.2,111.57,527.44,1,0
546.21,0.0,89.03,457.18,0,1
750.34,0.2,192.65,557.69,1,0
919.48,0.8,188.84,730.64,4,0
727.82,0.4,122.57,605.26,2,0
800.51,0.6,109.86,690.64,3,0
606.57,0.2,79.14,527.44,1,1
871.37,0.4,220.73,650.64,2,1
561.53,0.0,104.35,457.18,0,1
1013.49,0.4,438.49,575.0,2,1
1092.85,0.8,286.57,806.28,4,0
672.81,0.2,130.24,542.56,1,0
982.67,1.0,159.08,823.59,5,0
811.01,0.6,105.24,705.77,3,0
878.19,0.8,162.68,715.51,4,0
953.05,0.6,217.03,736.03,3,1
795.45,0.6,104.81,690.64,3,0
499.36,0.0,72.43,426.92,0,1
1153.69,1.2,206.89,946.79,6,1
632.26,0.2,67.0,565.26,1,1
684.47,0.4,79.22,605.26,2,1
441.2,0.0,29.41,411.79,0,0
723.85,0.4,126.16,597.69,2,0
647.58,0.0,190.41,457.18,0,0
774.1,0.6,91.03,683.08,3,1
711.37,0.4,113.68,597.69,2,1
831.3,0.4,203.35,627.95,2,1
886.8,0.8,95.65,791.15,4,1
873.93,0.6,160.59,713.33,3,0
755.29,0.4,112.22,643.08,2,0
508.06,0.0,81.14,426.92,0,0
724.63,0.4,104.24,620.38,2,1
876.17,0.6,155.27,720.9,3,0
510.53,0.0,60.92,449.62,0,1
684.62,0.4,102.05,582.56,2,1
920.8,0.8,129.65,791.15,4,0
849.19,0.8,133.68,715.51,4,1
453.36,0.0,34.0,419.36,0,0
995.0,1.0,171.41,823.59,5,0
1067.77,1.0,213.92,853.85,5,0
788.56,0.4,137.92,650.64,2,1
525.62,0.0,76.0,449.62,0,0
774.93,0.4,169.68,605.26,2,1
618.12,0.2,98.24,519.87,1,1
941.93,0.8,203.73,738.21,4,0
961.28,0.8,155.0,806.28,4,0
459.87,0.0,40.51,419.36,0,0
992.47,0.8,193.76,798.72,4,0
872.26,0.8,81.11,791.15,4,1
615.85,0.2,103.54,512.31,1,0
935.05,0.8,151.46,783.59,4,1
597.56,0.0,140.38,457.18,0,1
792.88,0.4,187.62,605.26,2,0
765.45,0.4,160.19,605.26,2,1
804.11,0.4,168.59,635.51,2,0
500.97,0.0,58.92,442.05,0,1
694.73,0.4,112.16,582.56,2,0
1046.74,0.8,248.03,798.72,4,0
950.87,0.8,182.41,768.46,4,1
839.66,0.6,141.46,698.21,3,0
933.89,1.0,117.86,816.03,5,1
864.93,0.6,219.68,645.26,3,1
738.03,0.4,117.65,620.38,2,1
1057.06,1.0,188.08,868.97,5,1
742.11,0.4,114.16,627.95,2,0
818.03,0.6,97.14,720.9,3,1
849.23,0.6,135.89,713.33,3,1
739.79,0.4,126.97,612.82,2,1
850.41,0.6,137.08,713.33,3,0
861.92,0.6,133.46,728.46,3,1
783.13,0.6,107.62,675.51,3,0
623.5,0.0,166.32,457.18,0,0
498.0,0.0,63.51,434.49,0,0
620.76,0.2,85.76,535.0,1,1
585.26,0.0,128.08,457.18,0,1
713.22,0.4,92.84,620.38,2,0
894.33,0.8,125.86,768.46,4,1
902.74,0.6,136.46,766.28,3,0
820.63,0.6,99.73,720.9,3,0
518.75,0.0,69.14,449.62,0,1
566.09,0.0,101.35,464.74,0,1
895.28,0.8,134.38,760.9,4,1
821.82,0.8,60.92,760.9,4,1
700.9,0.6,40.51,660.38,3,1
993.0,1.2,84.03,908.97,6,1
796.37,0.4,153.3,643.08,2,0
833.29,0.4,190.22,643.08,2,0
1087.05,1.0,210.51,876.54,5,0
1167.62,1.2,190.57,977.05,6,0
902.72,0.8,119.14,783.59,4,1
674.77,0.2,101.95,572.82,1,0
962.83,0.8,171.68,791.15,4,0
790.41,0.6,69.51,720.9,3,1
595.01,0.0,130.27,464.74,0,1
979.99,0.8,181.27,798.72,4,0
747.54,0.4,112.03,635.51,2,1
1213.89,1.4,204.41,1009.49,7,0
617.29,0.2,74.73,542.56,1,0
1160.33,1.4,211.35,948.97,7,0
653.09,0.2,87.84,565.26,1,1
