"Total_Cost","Ratio_Reloc_Prod","Horiz_Cost","Vert_Cost","nReloc","non_Optimal"
268932.46,0.804,54212.53,214719.8,1206,131
679.98,0.4,127.68,552.31,2,0
745.57,0.4,178.14,567.44,2,1
830.9,0.8,138.08,692.82,4,1
758.11,0.6,143.11,615.0,3,1
439.21,0.0,50.11,389.1,0,0
558.85,0.2,54.11,504.74,1,0
594.64,0.2,97.46,497.18,1,0
800.73,0.8,153.3,647.44,4,1
593.03,0.2,133.68,459.36,1,0
713.41,0.4,145.97,567.44,2,0
1180.52,1.6,206.68,973.85,8,0
736.4,0.6,113.84,622.56,3,0
632.8,0.4,95.62,537.18,2,0
660.16,0.4,130.54,529.62,2,0
830.65,0.6,162.7,667.95,3,0
631.33,0.4,79.03,552.31,2,0
891.02,1.0,127.95,763.08,5,0
952.92,1.0,197.41,755.51,5,1
821.44,0.8,121.05,700.38,4,0
550.65,0.0,116.16,434.49,0,0
1118.93,1.4,200.22,918.72,7,1
718.04,0.4,173.3,544.74,2,0
791.16,0.6,168.59,622.56,3,0
850.15,0.8,111.95,738.21,4,0
895.3,0.8,187.35,707.95,4,0
888.02,0.8,210.32,677.69,4,1
1072.55,1.2,246.78,825.77,6,1
588.79,0.2,121.86,466.92,1,0
944.4,1.0,188.89,755.51,5,0
670.43,0.4,148.38,522.05,2,0
544.27,0.0,117.35,426.92,0,0
492.02,0.0,95.35,396.67,0,0
919.47,1.0,118.57,800.9,5,1
761.49,0.6,93.54,667.95,3,0
518.72,0.0,122.05,396.67,0,0
802.93,0.8,102.54,700.38,4,0
1165.71,1.6,138.92,1026.79,8,1
658.25,0.4,105.95,552.31,2,0
712.63,0.4,145.19,567.44,2,0
714.77,0.6,69.51,645.26,3,0
1026.46,1.2,125.05,901.41,6,0
474.39,0.0,55.03,419.36,0,0
613.54,0.4,46.11,567.44,2,0
879.55,1.0,86.22,793.33,5,0
595.42,0.2,98.24,497.18,1,0
738.32,0.4,208.7,529.62,2,0
739.76,0.6,139.89,599.87,3,0
476.37,0.0,72.14,404.23,0,0
607.96,0.2,156.16,451.79,1,0
1100.54,1.4,151.57,948.97,7,1
569.27,0.2,102.35,466.92,1,0
714.22,0.4,146.78,567.44,2,0
750.41,0.6,90.03,660.38,3,0
818.08,0.6,195.51,622.56,3,0
689.09,0.4,136.78,552.31,2,1
799.2,0.6,153.95,645.26,3,1
843.49,0.8,127.97,715.51,4,1
1283.86,1.8,232.19,1051.67,9,1
1048.94,1.2,192.92,856.03,6,1
689.7,0.4,99.57,590.13,2,1
751.01,0.6,90.62,660.38,3,0
1176.21,1.6,179.68,996.54,8,1
1302.77,1.4,368.92,933.85,7,1
964.49,1.0,163.59,800.9,5,0
1553.59,2.0,363.59,1190.0,10,1
724.77,0.4,172.46,552.31,2,0
1130.95,1.2,290.05,840.9,6,1
1054.27,1.2,205.81,848.46,6,1
497.96,0.0,93.73,404.23,0,0
981.68,1.0,180.78,800.9,5,1
490.34,0.0,78.54,411.79,0,0
1276.41,1.8,202.05,1074.36,9,1
760.36,0.6,107.54,652.82,3,0
750.92,0.6,128.35,622.56,3,1
1073.65,1.2,225.19,848.46,6,1
629.31,0.2,124.57,504.74,1,0
893.4,0.8,162.76,730.64,4,0
1447.82,1.8,312.95,1134.87,9,1
1050.05,1.2,186.46,863.59,6,1
791.49,0.6,123.54,667.95,3,0
1204.03,1.4,255.05,948.97,7,0
826.45,0.6,181.19,645.26,3,0
881.54,0.8,158.46,723.08,4,1
679.84,0.2,205.35,474.49,1,0
1956.06,1.4,961.7,994.36,7,1
752.37,0.6,122.24,630.13,3,0
1160.56,1.2,289.41,871.15,6,1
1370.9,1.6,344.11,1026.79,8,1
845.27,0.8,129.76,715.51,4,1
571.27,0.2,104.35,466.92,1,0
1092.18,1.2,228.59,863.59,6,1
780.23,0.6,134.97,645.26,3,0
1267.68,1.6,233.32,1034.36,8,1
817.96,0.6,225.65,592.31,3,0
1358.51,1.4,409.54,948.97,7,1
872.98,0.4,305.54,567.44,2,0
1428.83,1.8,316.65,1112.18,9,1
975.72,1.0,197.51,778.21,5,1
506.23,0.0,94.43,411.79,0,0
677.45,0.4,132.7,544.74,2,0
466.5,0.0,54.7,411.79,0,0
929.64,1.0,106.05,823.59,5,1
724.67,0.6,94.54,630.13,3,0
674.6,0.4,107.16,567.44,2,1
855.96,0.6,203.14,652.82,3,0
835.62,0.8,127.68,707.95,4,0
1071.8,1.4,100.14,971.67,7,0
930.66,0.8,237.84,692.82,4,0
769.23,0.6,123.97,645.26,3,0
1361.55,1.8,241.81,1119.74,9,1
689.51,0.4,159.89,529.62,2,0
844.1,0.8,121.03,723.08,4,0
800.76,0.6,140.38,660.38,3,0
857.84,0.8,149.89,707.95,4,1
920.23,1.0,134.46,785.77,5,1
1106.8,1.2,220.51,886.28,6,1
1183.32,1.4,226.78,956.54,7,1
684.94,0.4,162.89,522.05,2,0
943.12,0.8,204.92,738.21,4,1
946.2,1.0,152.86,793.33,5,1
609.11,0.4,34.11,575.0,2,0
994.91,1.2,123.76,871.15,6,1
770.58,0.6,132.89,637.69,3,0
743.25,0.6,90.43,652.82,3,0
553.56,0.2,71.51,482.05,1,0
865.3,0.8,149.78,715.51,4,0
1046.94,1.2,175.78,871.15,6,0
754.22,0.6,93.84,660.38,3,0
578.89,0.2,96.84,482.05,1,0
1196.75,1.4,232.65,964.1,7,1
1111.36,1.2,225.08,886.28,6,1
732.26,0.4,187.51,544.74,2,0
787.26,0.4,250.08,537.18,2,0
799.69,0.6,162.0,637.69,3,0
893.1,0.8,215.41,677.69,4,1
1214.91,1.4,243.24,971.67,7,1
945.56,0.8,214.92,730.64,4,1
664.26,0.4,119.51,544.74,2,0
663.73,0.2,196.81,466.92,1,0
886.5,0.8,208.81,677.69,4,1
923.86,0.8,193.22,730.64,4,0
811.25,0.6,203.81,607.44,3,0
637.01,0.4,77.14,559.87,2,0
850.7,0.8,120.05,730.64,4,1
945.76,1.0,144.86,800.9,5,1
699.82,0.4,155.08,544.74,2,0
868.03,0.8,160.08,707.95,4,0
573.03,0.2,98.54,474.49,1,0
758.01,0.6,112.76,645.26,3,0
1487.5,1.6,415.32,1072.18,8,1
697.9,0.2,238.54,459.36,1,0
959.57,1.0,158.68,800.9,5,1
1242.18,1.6,238.08,1004.1,8,1
558.37,0.2,53.62,504.74,1,0
899.6,0.8,199.22,700.38,4,1
944.26,1.0,105.54,838.72,5,0
726.82,0.6,66.43,660.38,3,0
1807.75,1.6,675.05,1132.69,8,1
918.43,0.8,202.92,715.51,4,0
1230.34,1.6,211.11,1019.23,8,1
942.69,0.8,257.43,685.26,4,1
715.13,0.4,132.57,582.56,2,0
926.2,1.0,132.86,793.33,5,1
1056.04,1.2,169.76,886.28,6,1
728.15,0.6,90.46,637.69,3,0
711.76,0.4,136.76,575.0,2,0
626.38,0.2,98.95,527.44,1,0
808.26,0.6,163.0,645.26,3,0
862.78,0.8,132.14,730.64,4,0
622.11,0.4,47.11,575.0,2,0
1091.34,1.4,165.05,926.28,7,1
794.67,0.6,156.97,637.69,3,0
675.8,0.4,78.11,597.69,2,0
1149.77,1.2,263.49,886.28,6,1
684.44,0.4,124.57,559.87,2,0
1108.77,1.2,214.92,893.85,6,1
765.14,0.6,165.27,599.87,3,0
683.91,0.4,139.16,544.74,2,0
556.27,0.2,74.22,482.05,1,0
2052.15,1.6,964.84,1087.31,8,1
800.72,0.6,155.46,645.26,3,0
924.75,1.0,146.54,778.21,5,1
730.91,0.6,93.22,637.69,3,0
537.36,0.0,125.57,411.79,0,0
1176.91,1.6,104.73,1072.18,8,1
585.43,0.2,110.95,474.49,1,0
1360.96,1.8,248.78,1112.18,9,1
1065.51,1.2,209.49,856.03,6,0
483.08,0.0,93.97,389.1,0,0
2110.97,1.4,1086.35,1024.62,7,1
999.63,1.0,213.86,785.77,5,1
718.11,0.4,203.62,514.49,2,0
1006.13,1.2,142.54,863.59,6,1
581.47,0.2,76.73,504.74,1,0
1018.55,0.8,318.16,700.38,4,1
847.26,0.8,162.0,685.26,4,1
1195.59,1.6,199.05,996.54,8,1
613.86,0.2,124.24,489.62,1,0
515.42,0.0,103.62,411.79,0,0
961.33,1.0,152.86,808.46,5,1
772.21,0.6,149.65,622.56,3,0
506.36,0.0,94.57,411.79,0,0
1145.65,1.4,196.68,948.97,7,1
932.28,1.0,138.95,793.33,5,1
793.85,0.6,95.65,698.21,3,0
715.36,0.6,70.11,645.26,3,0
755.79,0.6,95.41,660.38,3,0
569.67,0.2,87.62,482.05,1,0
937.89,1.0,129.43,808.46,5,1
924.81,1.0,116.35,808.46,5,1
859.48,0.6,236.92,622.56,3,0
923.76,1.0,107.73,816.03,5,1
2077.59,1.6,967.59,1110.0,8,1
1184.62,1.4,235.65,948.97,7,1
685.36,0.4,133.05,552.31,2,0
660.89,0.4,131.27,529.62,2,0
661.52,0.4,101.65,559.87,2,0
559.0,0.2,76.95,482.05,1,0
1561.36,2.4,245.97,1315.38,12,1
1703.8,1.6,631.62,1072.18,8,1
1165.06,1.6,123.14,1041.92,8,1
869.21,0.8,191.51,677.69,4,0
734.37,0.6,104.24,630.13,3,0
788.39,0.8,103.14,685.26,4,0
895.27,0.8,172.19,723.08,4,1
765.74,0.8,72.92,692.82,4,0
873.05,0.8,157.54,715.51,4,0
986.75,1.0,208.54,778.21,5,1
1110.33,1.2,269.43,840.9,6,1
1691.56,2.2,454.0,1237.56,11,1
596.29,0.2,114.24,482.05,1,0
1204.44,1.4,270.59,933.85,7,1
741.78,0.4,219.73,522.05,2,0
1279.56,1.6,267.89,1011.67,8,0
1239.7,1.2,391.24,848.46,6,0
698.46,0.2,231.54,466.92,1,0
757.46,0.6,142.46,615.0,3,0
863.8,0.8,118.03,745.77,4,1
1288.26,1.8,183.65,1104.62,9,1
962.15,1.0,176.38,785.77,5,1
848.12,0.8,102.35,745.77,4,0
1172.74,1.4,254.03,918.72,7,1
869.53,0.8,131.32,738.21,4,1
1404.29,1.2,480.19,924.1,6,1
482.13,0.0,93.03,389.1,0,0
697.69,0.4,152.95,544.74,2,0
854.34,0.8,169.08,685.26,4,1
1040.71,1.2,207.38,833.33,6,1
1124.96,1.4,213.81,911.15,7,1
1273.48,1.6,269.38,1004.1,8,1
1540.89,2.2,310.89,1230.0,11,1
1466.58,1.4,540.3,926.28,7,1
641.76,0.4,74.32,567.44,2,0
524.46,0.2,42.41,482.05,1,0
772.81,0.6,89.73,683.08,3,0
947.06,0.8,254.24,692.82,4,1
750.01,0.6,165.27,584.74,3,0
597.38,0.2,122.89,474.49,1,0
1106.71,1.4,172.86,933.85,7,1
753.92,0.6,131.35,622.56,3,1
1075.63,1.2,189.35,886.28,6,1
806.32,0.6,176.19,630.13,3,1
1219.83,1.4,316.24,903.59,7,0
509.02,0.0,112.35,396.67,0,0
866.14,0.8,158.19,707.95,4,1
739.9,0.6,79.51,660.38,3,1
1212.28,1.6,230.86,981.41,8,0
762.62,0.6,140.05,622.56,3,0
793.05,0.6,170.49,622.56,3,1
1620.67,2.2,383.11,1237.56,11,1
1021.38,1.0,212.92,808.46,5,1
1026.81,1.2,178.35,848.46,6,0
1629.66,1.4,642.86,986.79,7,1
677.88,0.4,125.57,552.31,2,0
638.72,0.2,133.97,504.74,1,0
1393.24,2.0,248.62,1144.62,10,1
1349.35,1.6,299.86,1049.49,8,1
704.51,0.4,121.95,582.56,2,0
936.54,0.6,321.54,615.0,3,1
915.75,1.0,137.54,778.21,5,1
935.17,1.0,141.84,793.33,5,1
1187.49,1.4,238.51,948.97,7,1
670.21,0.4,87.65,582.56,2,0
1110.96,1.2,239.81,871.15,6,1
1160.49,1.4,219.08,941.41,7,1
743.06,0.6,150.76,592.31,3,0
673.17,0.4,120.86,552.31,2,0
482.11,0.0,47.62,434.49,0,0
820.24,0.8,104.73,715.51,4,0
548.08,0.2,66.03,482.05,1,0
1294.55,1.8,159.68,1134.87,9,1
735.69,0.6,90.43,645.26,3,0
1119.68,1.4,117.76,1001.92,7,1
1234.42,1.2,355.7,878.72,6,1
812.88,0.6,175.19,637.69,3,1
647.87,0.4,80.43,567.44,2,0
667.48,0.4,77.35,590.13,2,0
1311.42,1.6,292.19,1019.23,8,1
672.31,0.4,127.57,544.74,2,0
931.91,0.8,193.7,738.21,4,1
