"Total_Cost","Ratio_Reloc_Prod","Horiz_Cost","Vert_Cost","nReloc","non_Optimal"
260515.24,0.798,47040.33,213474.95,1197,121
439.07,0.0,42.41,396.67,0,0
947.36,1.2,114.03,833.33,6,0
605.64,0.4,76.03,529.62,2,0
542.78,0.2,60.73,482.05,1,0
585.81,0.2,103.76,482.05,1,0
824.39,0.8,131.57,692.82,4,0
696.5,0.4,144.19,552.31,2,1
630.58,0.4,85.84,544.74,2,0
772.97,0.6,157.97,615.0,3,0
500.99,0.0,96.76,404.23,0,0
606.27,0.4,84.22,522.05,2,0
576.25,0.2,109.32,466.92,1,0
1090.3,1.2,241.84,848.46,6,0
758.29,0.6,128.16,630.13,3,0
474.63,0.0,62.84,411.79,0,0
962.96,1.0,177.19,785.77,5,0
732.41,0.6,132.54,599.87,3,0
1024.1,1.2,152.95,871.15,6,1
622.75,0.4,93.14,529.62,2,0
941.52,1.0,148.19,793.33,5,0
875.38,0.8,159.86,715.51,4,1
1186.0,1.6,189.46,996.54,8,1
683.34,0.4,138.59,544.74,2,0
1041.19,1.2,238.11,803.08,6,0
803.52,0.8,103.14,700.38,4,0
1104.89,1.4,208.86,896.03,7,0
895.72,0.8,225.59,670.13,4,1
868.43,0.8,145.35,723.08,4,0
769.05,0.6,154.05,615.0,3,1
570.43,0.2,80.81,489.62,1,0
846.12,0.6,246.24,599.87,3,0
716.84,0.4,156.97,559.87,2,0
1084.53,1.4,173.38,911.15,7,1
612.37,0.2,122.76,489.62,1,0
1106.38,1.2,250.35,856.03,6,0
732.12,0.4,187.38,544.74,2,0
511.64,0.0,122.54,389.1,0,0
873.1,1.0,110.03,763.08,5,1
762.1,0.6,79.03,683.08,3,0
760.65,0.6,138.08,622.56,3,0
933.04,1.0,147.27,785.77,5,0
1069.68,1.2,221.22,848.46,6,0
577.48,0.2,95.43,482.05,1,0
1167.02,1.4,263.43,903.59,7,0
1034.72,1.0,248.95,785.77,5,0
1219.65,1.6,230.68,988.97,8,0
693.55,0.4,141.24,552.31,2,1
673.06,0.4,120.76,552.31,2,0
1011.23,1.0,233.03,778.21,5,0
797.69,0.6,144.86,652.82,3,0
479.79,0.0,68.0,411.79,0,0
1077.95,1.2,184.11,893.85,6,1
681.84,0.4,121.97,559.87,2,1
1074.43,1.4,125.46,948.97,7,1
887.39,1.0,101.62,785.77,5,0
1006.0,1.2,149.97,856.03,6,0
1000.09,1.2,166.76,833.33,6,1
671.74,0.4,111.86,559.87,2,1
845.35,0.6,230.35,615.0,3,0
561.2,0.2,101.84,459.36,1,0
895.94,0.8,165.3,730.64,4,0
1014.0,1.2,157.97,856.03,6,0
723.51,0.6,100.95,622.56,3,0
749.3,0.6,88.92,660.38,3,0
1213.85,1.6,179.49,1034.36,8,0
1501.96,2.2,234.14,1267.82,11,0
908.43,1.0,145.35,763.08,5,1
1062.94,1.2,191.78,871.15,6,0
768.6,0.6,100.65,667.95,3,1
680.05,0.4,165.57,514.49,2,0
922.61,1.0,136.84,785.77,5,1
736.91,0.6,99.22,637.69,3,0
918.31,0.8,225.49,692.82,4,1
470.49,0.0,36.0,434.49,0,0
1264.74,1.8,137.43,1127.31,9,1
1005.33,1.0,204.43,800.9,5,0
884.34,1.0,106.14,778.21,5,0
1041.22,1.0,293.27,747.95,5,0
726.83,0.4,197.22,529.62,2,0
1173.12,1.6,146.32,1026.79,8,0
885.24,1.0,129.73,755.51,5,0
712.24,0.6,97.24,615.0,3,1
838.81,0.8,130.86,707.95,4,1
542.69,0.2,45.51,497.18,1,0
850.34,0.8,112.14,738.21,4,0
1279.25,1.6,237.32,1041.92,8,1
974.68,1.0,181.35,793.33,5,1
525.29,0.0,136.19,389.1,0,0
938.37,1.0,160.16,778.21,5,1
1091.14,1.4,142.16,948.97,7,1
675.3,0.4,115.43,559.87,2,0
1392.97,2.0,195.41,1197.56,10,1
1188.02,1.6,183.92,1004.1,8,1
1109.61,1.4,137.95,971.67,7,1
894.16,0.8,171.08,723.08,4,1
732.92,0.6,110.35,622.56,3,1
1147.13,1.2,275.97,871.15,6,0
986.53,1.0,208.32,778.21,5,0
968.72,1.0,190.51,778.21,5,1
1017.07,1.2,138.35,878.72,6,1
780.24,0.6,157.68,622.56,3,1
661.5,0.4,116.76,544.74,2,0
984.65,1.0,183.76,800.9,5,1
737.01,0.6,76.62,660.38,3,0
967.85,1.0,182.08,785.77,5,1
836.32,0.8,120.81,715.51,4,1
1955.24,1.2,978.19,977.05,6,1
914.62,1.0,166.68,747.95,5,1
922.91,0.8,199.84,723.08,4,0
989.24,1.0,218.59,770.64,5,1
667.84,0.4,92.84,575.0,2,1
668.3,0.4,100.86,567.44,2,0
1032.4,1.2,176.38,856.03,6,0
749.66,0.6,96.84,652.82,3,0
991.61,1.0,213.41,778.21,5,1
504.23,0.0,107.57,396.67,0,0
478.92,0.0,52.0,426.92,0,0
643.86,0.4,114.24,529.62,2,0
611.17,0.2,98.86,512.31,1,1
806.69,0.6,153.86,652.82,3,1
913.2,0.8,220.38,692.82,4,0
747.92,0.6,125.35,622.56,3,1
756.13,0.6,133.57,622.56,3,0
578.14,0.2,103.65,474.49,1,1
496.53,0.0,99.86,396.67,0,0
1320.63,1.8,178.19,1142.44,9,0
940.35,1.0,177.27,763.08,5,1
816.15,0.6,170.89,645.26,3,0
654.58,0.4,109.84,544.74,2,0
1376.68,2.0,194.24,1182.44,10,0
458.37,0.0,61.7,396.67,0,0
763.99,0.6,133.86,630.13,3,1
1162.38,1.4,213.41,948.97,7,1
935.77,1.0,142.43,793.33,5,0
1022.52,1.0,221.62,800.9,5,1
916.31,1.0,130.54,785.77,5,0
930.16,0.8,275.16,655.0,4,0
859.31,0.6,214.05,645.26,3,1
825.13,0.8,102.05,723.08,4,1
811.11,0.6,196.11,615.0,3,0
1017.41,1.2,184.08,833.33,6,1
1011.83,1.0,233.62,778.21,5,0
964.66,1.0,178.89,785.77,5,0
692.56,0.4,102.43,590.13,2,1
682.82,0.4,138.08,544.74,2,0
839.23,0.6,186.41,652.82,3,1
860.47,0.8,160.08,700.38,4,0
703.93,0.4,159.19,544.74,2,1
1049.7,1.2,193.68,856.03,6,0
919.46,1.0,103.43,816.03,5,1
789.18,0.6,98.54,690.64,3,1
929.92,1.0,121.46,808.46,5,0
826.88,0.8,149.19,677.69,4,0
768.32,0.6,138.19,630.13,3,0
1104.02,1.4,132.35,971.67,7,1
1416.33,2.0,233.89,1182.44,10,1
968.59,1.0,205.51,763.08,5,1
684.04,0.4,146.86,537.18,2,0
1162.15,1.6,150.49,1011.67,8,1
763.77,0.8,78.51,685.26,4,0
621.87,0.2,147.38,474.49,1,0
1077.02,1.2,198.3,878.72,6,0
999.55,1.0,206.22,793.33,5,0
907.47,0.8,222.22,685.26,4,0
990.07,1.0,219.43,770.64,5,1
842.02,0.8,171.89,670.13,4,1
816.03,0.6,201.03,615.0,3,1
505.47,0.0,101.24,404.23,0,0
1305.37,1.8,193.19,1112.18,9,0
856.09,0.8,163.27,692.82,4,0
588.62,0.2,106.57,482.05,1,0
822.18,0.8,91.54,730.64,4,0
1511.63,2.0,291.38,1220.26,10,1
1015.03,1.0,214.14,800.9,5,1
730.5,0.6,85.24,645.26,3,0
928.97,1.0,112.95,816.03,5,0
524.17,0.0,97.24,426.92,0,0
1055.14,1.2,146.16,908.97,6,1
503.86,0.0,107.19,396.67,0,0
775.02,0.6,91.95,683.08,3,1
815.75,0.8,77.54,738.21,4,0
589.44,0.2,130.08,459.36,1,0
877.16,0.8,154.08,723.08,4,0
1366.99,1.8,247.24,1119.74,9,1
1189.32,1.4,217.65,971.67,7,1
942.41,1.0,149.08,793.33,5,1
952.08,1.0,136.05,816.03,5,1
677.41,0.4,117.54,559.87,2,0
726.83,0.6,89.14,637.69,3,0
628.57,0.4,61.14,567.44,2,0
703.53,0.4,158.78,544.74,2,1
985.41,1.0,192.08,793.33,5,0
765.01,0.6,119.76,645.26,3,1
913.57,1.0,97.54,816.03,5,1
733.88,0.4,189.14,544.74,2,0
953.96,1.0,168.19,785.77,5,0
930.14,0.8,222.19,707.95,4,1
983.06,1.0,250.24,732.82,5,1
492.64,0.0,95.97,396.67,0,1
624.2,0.4,64.32,559.87,2,0
940.88,1.0,162.68,778.21,5,1
779.21,0.6,149.08,630.13,3,1
1139.94,1.4,183.41,956.54,7,0
1034.46,1.2,186.0,848.46,6,0
759.76,0.6,91.81,667.95,3,1
780.98,0.6,128.16,652.82,3,0
946.39,1.0,168.19,778.21,5,1
472.05,0.0,30.0,442.05,0,0
1091.69,1.2,220.54,871.15,6,0
1030.77,1.0,245.0,785.77,5,0
502.13,0.0,105.46,396.67,0,0
859.54,0.8,136.46,723.08,4,1
530.99,0.0,126.76,404.23,0,0
487.88,0.0,83.65,404.23,0,0
771.82,0.6,126.57,645.26,3,1
467.31,0.0,55.51,411.79,0,0
1318.35,1.8,160.78,1157.56,9,1
666.24,0.4,91.24,575.0,2,0
693.15,0.4,148.41,544.74,2,0
731.56,0.6,101.43,630.13,3,0
815.31,0.6,162.49,652.82,3,1
1135.3,1.4,193.89,941.41,7,0
894.87,0.8,186.92,707.95,4,1
470.61,0.0,58.81,411.79,0,0
1319.33,0.4,751.89,567.44,2,1
804.0,0.6,189.0,615.0,3,1
1077.41,1.2,228.95,848.46,6,1
574.45,0.2,69.7,504.74,1,0
1098.94,1.4,187.78,911.15,7,0
837.33,0.6,184.51,652.82,3,1
1105.63,1.4,171.78,933.85,7,1
683.67,0.2,201.62,482.05,1,1
509.1,0.0,112.43,396.67,0,0
1017.31,1.0,231.54,785.77,5,1
628.67,0.4,46.11,582.56,2,0
854.19,0.8,131.11,723.08,4,0
1070.65,1.2,214.62,856.03,6,0
539.49,0.2,65.0,474.49,1,0
1064.17,1.2,162.76,901.41,6,1
711.6,0.4,159.3,552.31,2,0
760.35,0.6,137.78,622.56,3,0
680.03,0.4,120.16,559.87,2,1
667.97,0.4,77.84,590.13,2,0
498.74,0.0,86.95,411.79,0,0
1171.97,1.4,223.0,948.97,7,1
598.13,0.2,100.95,497.18,1,1
630.05,0.2,148.0,482.05,1,0
878.67,0.8,200.97,677.69,4,0
740.32,0.4,150.19,590.13,2,0
1271.84,1.8,182.35,1089.49,9,1
585.93,0.2,126.57,459.36,1,0
1555.49,2.2,325.49,1230.0,11,0
974.23,1.0,196.03,778.21,5,1
997.09,1.0,211.32,785.77,5,0
595.15,0.2,97.97,497.18,1,0
826.15,0.8,87.95,738.21,4,1
997.05,1.2,133.46,863.59,6,1
1081.25,1.2,187.41,893.85,6,1
1093.26,1.2,214.54,878.72,6,0
1405.11,1.8,368.57,1036.54,9,0
1058.15,1.2,171.86,886.28,6,1
681.23,0.4,136.49,544.74,2,0
542.5,0.2,45.32,497.18,1,0
606.93,0.4,54.62,552.31,2,0
758.4,0.6,128.27,630.13,3,0
756.78,0.6,66.14,690.64,3,0
1156.51,1.4,199.97,956.54,7,0
608.73,0.2,134.24,474.49,1,0
803.75,0.6,181.19,622.56,3,0
866.8,0.8,136.16,730.64,4,0
935.45,0.8,257.76,677.69,4,0
971.58,1.0,132.86,838.72,5,1
755.91,0.6,110.65,645.26,3,1
1347.17,1.8,212.3,1134.87,9,1
1149.45,1.2,285.86,863.59,6,0
771.28,0.6,118.46,652.82,3,1
933.65,1.0,132.76,800.9,5,1
531.67,0.2,49.62,482.05,1,0
465.19,0.0,30.7,434.49,0,1
1121.56,1.4,157.46,964.1,7,1
647.06,0.4,94.76,552.31,2,1
936.29,1.0,158.08,778.21,5,0
847.84,0.6,179.89,667.95,3,1
833.24,0.8,110.16,723.08,4,0
1144.1,1.4,180.0,964.1,7,1
1197.2,1.6,177.97,1019.23,8,1
1506.09,2.0,338.78,1167.31,10,0
981.06,1.0,172.59,808.46,5,1
1259.87,1.6,225.51,1034.36,8,0
763.43,0.6,140.86,622.56,3,1
1576.31,2.4,207.97,1368.33,12,0
640.19,0.4,57.62,582.56,2,1
1164.25,1.2,323.35,840.9,6,1
650.99,0.4,106.24,544.74,2,0
1114.58,1.4,188.3,926.28,7,0
920.11,1.0,111.65,808.46,5,1
808.12,0.6,155.3,652.82,3,0
1127.48,1.2,210.95,916.54,6,0
687.98,0.4,135.68,552.31,2,0
1072.89,1.2,224.43,848.46,6,1
