"Total_Cost","Ratio_Reloc_Prod","Horiz_Cost","Vert_Cost","nReloc","non_Optimal"
241190.36,0.4233,51942.8,189247.51,635,144
554.35,0.0,66.92,487.44,0,0
1236.89,1.0,299.84,937.05,5,0
737.74,0.4,117.35,620.38,2,1
618.47,0.2,53.22,565.26,1,0
611.4,0.2,68.84,542.56,1,0
839.06,0.6,118.16,720.9,3,1
742.47,0.4,122.08,620.38,2,1
731.91,0.4,88.84,643.08,2,0
819.88,0.6,129.24,690.64,3,1
528.67,0.0,79.05,449.62,0,0
612.97,0.2,70.41,542.56,1,1
588.65,0.2,61.22,527.44,1,0
1088.91,1.0,204.81,884.1,5,0
736.07,0.4,85.43,650.64,2,0
543.88,0.0,79.14,464.74,0,0
887.59,0.6,151.57,736.03,3,0
826.36,0.6,113.03,713.33,3,0
1004.49,0.8,183.08,821.41,4,1
618.57,0.2,91.14,527.44,1,0
923.36,0.6,210.03,713.33,3,1
990.52,0.8,176.68,813.85,4,1
1141.45,1.2,217.35,924.1,6,1
760.77,0.2,195.51,565.26,1,1
902.56,0.6,211.92,690.64,3,0
720.13,0.4,137.57,582.56,2,0
887.51,0.6,212.0,675.51,3,0
688.09,0.2,122.84,565.26,1,1
727.15,0.2,161.89,565.26,1,0
579.0,0.2,44.0,535.0,1,1
574.41,0.0,147.49,426.92,0,1
752.12,0.4,146.86,605.26,2,0
651.43,0.0,201.81,449.62,0,0
1076.56,1.0,245.41,831.15,5,1
682.77,0.4,77.51,605.26,2,1
863.34,0.6,172.7,690.64,3,0
713.0,0.4,145.57,567.44,2,0
515.14,0.0,88.22,426.92,0,1
660.39,0.2,95.14,565.26,1,0
1261.24,1.2,284.19,977.05,6,1
813.7,0.4,238.7,575.0,2,0
758.26,0.2,193.0,565.26,1,0
988.94,0.6,305.86,683.08,3,0
521.61,0.0,64.43,457.18,0,0
920.53,0.6,222.32,698.21,3,0
833.19,0.4,190.11,643.08,2,0
1028.46,0.8,260.0,768.46,4,0
742.1,0.2,199.54,542.56,1,1
560.29,0.0,118.24,442.05,0,1
823.03,0.6,162.65,660.38,3,0
784.69,0.4,171.86,612.82,2,0
449.42,0.0,37.62,411.79,0,1
844.05,0.4,193.41,650.64,2,1
770.95,0.4,203.51,567.44,2,1
751.12,0.4,138.3,612.82,2,1
752.24,0.4,116.73,635.51,2,0
914.07,0.6,223.43,690.64,3,0
838.46,0.4,210.51,627.95,2,0
537.37,0.0,72.62,464.74,0,1
974.7,0.6,246.24,728.46,3,0
505.83,0.0,56.22,449.62,0,0
738.58,0.4,140.89,597.69,2,0
784.05,0.4,133.41,650.64,2,1
653.37,0.2,103.24,550.13,1,0
711.86,0.2,176.86,535.0,1,1
808.15,0.4,157.51,650.64,2,1
1298.14,1.2,328.65,969.49,6,0
760.15,0.4,101.95,658.21,2,1
985.1,0.8,201.51,783.59,4,0
688.17,0.2,115.35,572.82,1,1
889.65,0.6,168.76,720.9,3,0
666.58,0.2,101.32,565.26,1,0
805.86,0.6,115.22,690.64,3,0
647.75,0.2,90.05,557.69,1,0
494.49,0.0,60.0,434.49,0,0
1089.2,1.0,189.97,899.23,5,1
770.34,0.2,212.65,557.69,1,0
768.97,0.4,133.46,635.51,2,0
893.91,0.4,250.84,643.08,2,0
757.48,0.4,159.78,597.69,2,0
941.07,0.6,174.78,766.28,3,0
1025.15,0.8,234.0,791.15,4,1
869.72,0.6,179.08,690.64,3,0
669.51,0.2,126.95,542.56,1,0
767.75,0.4,185.19,582.56,2,0
777.51,0.4,126.86,650.64,2,1
1213.61,0.6,447.32,766.28,3,1
811.24,0.4,168.16,643.08,2,1
970.47,0.6,264.7,705.77,3,1
793.37,0.6,102.73,690.64,3,1
949.31,0.6,243.54,705.77,3,1
506.53,0.0,56.92,449.62,0,0
1334.93,1.2,380.57,954.36,6,1
678.82,0.2,106.0,572.82,1,0
953.01,0.6,232.11,720.9,3,1
565.5,0.0,100.76,464.74,0,1
867.48,0.4,224.41,643.08,2,1
1121.5,1.0,282.78,838.72,5,0
1023.94,0.6,272.78,751.15,3,0
1198.13,1.0,314.03,884.1,5,0
814.44,0.4,148.68,665.77,2,1
1055.12,0.6,288.84,766.28,3,0
573.67,0.0,124.05,449.62,0,1
884.77,0.4,271.95,612.82,2,1
847.64,0.6,164.57,683.08,3,0
529.25,0.0,117.46,411.79,0,0
553.5,0.0,88.76,464.74,0,0
798.19,0.2,263.19,535.0,1,1
1015.99,0.8,277.78,738.21,4,1
1042.22,0.6,313.76,728.46,3,0
914.75,0.6,171.16,743.59,3,0
580.42,0.0,123.24,457.18,0,1
477.3,0.0,42.81,434.49,0,0
761.86,0.2,219.3,542.56,1,0
658.14,0.2,123.14,535.0,1,1
721.06,0.4,108.24,612.82,2,1
459.03,0.0,32.11,426.92,0,1
447.42,0.0,35.62,411.79,0,1
781.69,0.2,216.43,565.26,1,0
664.0,0.2,181.95,482.05,1,1
702.34,0.4,104.65,597.69,2,1
975.49,0.8,214.59,760.9,4,1
673.04,0.2,168.3,504.74,1,1
599.72,0.2,94.97,504.74,1,0
740.69,0.2,228.38,512.31,1,1
506.31,0.0,102.08,404.23,0,0
1613.45,1.6,488.32,1125.13,8,0
842.38,0.6,166.86,675.51,3,0
908.32,0.8,177.68,730.64,4,1
665.34,0.2,107.65,557.69,1,1
1140.28,1.2,193.49,946.79,6,0
528.07,0.0,63.32,464.74,0,0
560.6,0.0,126.11,434.49,0,0
1029.72,1.0,198.57,831.15,5,1
1137.37,1.0,253.27,884.1,5,0
916.33,0.6,203.0,713.33,3,0
645.86,0.2,95.73,550.13,1,1
1193.71,0.8,387.43,806.28,4,0
996.61,0.6,245.46,751.15,3,0
527.7,0.0,85.65,442.05,0,1
772.62,0.4,144.68,627.95,2,0
901.47,0.6,195.7,705.77,3,0
880.15,0.4,214.38,665.77,2,0
578.96,0.0,121.78,457.18,0,1
769.67,0.4,134.16,635.51,2,1
938.8,0.6,248.16,690.64,3,0
971.29,0.6,280.65,690.64,3,1
666.51,0.2,123.95,542.56,1,0
729.34,0.2,179.22,550.13,1,1
1118.1,0.6,359.38,758.72,3,1
662.6,0.2,135.16,527.44,1,1
620.31,0.0,163.14,457.18,0,1
906.72,0.6,216.08,690.64,3,0
799.0,0.4,163.49,635.51,2,0
666.27,0.2,131.27,535.0,1,0
628.06,0.2,100.62,527.44,1,1
747.64,0.2,197.51,550.13,1,0
817.97,0.4,174.89,643.08,2,0
653.54,0.2,110.97,542.56,1,1
1173.37,0.8,374.65,798.72,4,1
608.01,0.0,135.7,472.31,0,0
685.94,0.2,143.38,542.56,1,0
1131.35,1.0,262.38,868.97,5,0
1324.47,1.6,229.59,1094.87,8,1
696.72,0.2,146.59,550.13,1,0
933.2,0.4,267.43,665.77,2,1
874.27,0.6,138.24,736.03,3,0
668.69,0.2,103.43,565.26,1,0
603.72,0.0,138.97,464.74,0,1
1110.1,0.8,266.0,844.1,4,0
692.31,0.2,127.05,565.26,1,0
580.18,0.0,115.43,464.74,0,0
621.28,0.4,61.41,559.87,2,1
728.24,0.2,193.24,535.0,1,0
840.66,0.4,174.89,665.77,2,0
555.93,0.0,76.05,479.87,0,0
818.93,0.4,153.16,665.77,2,1
641.89,0.2,99.32,542.56,1,1
650.67,0.2,100.54,550.13,1,1
473.58,0.0,54.22,419.36,0,1
739.2,0.6,78.81,660.38,3,0
814.49,0.6,154.11,660.38,3,1
716.29,0.2,158.59,557.69,1,0
582.48,0.0,125.3,457.18,0,0
1069.04,0.8,323.27,745.77,4,1
845.47,0.4,179.7,665.77,2,0
1143.58,1.0,289.73,853.85,5,1
818.72,0.4,152.95,665.77,2,1
727.22,0.2,207.35,519.87,1,0
541.24,0.0,106.76,434.49,0,1
516.49,0.0,82.0,434.49,0,1
1239.88,0.6,549.24,690.64,3,1
665.34,0.2,107.65,557.69,1,0
737.67,0.2,187.54,550.13,1,1
886.52,0.6,233.7,652.82,3,1
844.26,0.2,279.0,565.26,1,0
1166.71,1.2,212.35,954.36,6,1
538.13,0.0,80.95,457.18,0,0
946.51,0.6,210.49,736.03,3,0
545.83,0.0,96.22,449.62,0,0
637.22,0.0,202.73,434.49,0,1
700.83,0.2,150.7,550.13,1,0
567.6,0.0,140.68,426.92,0,1
837.39,0.4,179.19,658.21,2,1
862.29,0.4,219.22,643.08,2,0
684.53,0.2,126.84,557.69,1,1
766.2,0.6,105.81,660.38,3,0
923.03,0.6,187.0,736.03,3,1
499.36,0.0,80.0,419.36,0,0
1010.28,0.8,256.95,753.33,4,1
709.44,0.4,96.62,612.82,2,0
743.19,0.4,115.24,627.95,2,1
674.34,0.2,116.65,557.69,1,1
616.64,0.2,119.46,497.18,1,0
627.73,0.0,193.24,434.49,0,1
590.99,0.2,86.24,504.74,1,1
431.2,0.0,19.41,411.79,0,1
879.75,0.8,149.11,730.64,4,1
689.35,0.2,146.78,542.56,1,0
521.5,0.0,64.32,457.18,0,0
656.73,0.2,114.16,542.56,1,1
721.91,0.2,171.78,550.13,1,1
878.37,0.6,195.3,683.08,3,0
815.05,0.4,171.97,643.08,2,0
552.61,0.2,55.43,497.18,1,1
594.89,0.2,112.84,482.05,1,1
664.58,0.2,99.32,565.26,1,0
1078.86,0.6,335.27,743.59,3,0
889.26,0.6,183.49,705.77,3,0
1352.86,1.4,320.68,1032.18,7,1
799.89,0.4,164.38,635.51,2,0
765.94,0.4,122.86,643.08,2,1
1128.35,1.0,251.81,876.54,5,1
797.95,0.6,137.57,660.38,3,1
734.58,0.2,176.89,557.69,1,1
516.97,0.0,74.92,442.05,0,0
740.74,0.4,120.35,620.38,2,0
947.9,0.4,327.51,620.38,2,0
1124.85,1.0,278.57,846.28,5,0
593.67,0.0,136.49,457.18,0,0
700.02,0.2,157.46,542.56,1,1
649.4,0.2,152.22,497.18,1,0
826.52,0.6,105.62,720.9,3,0
649.7,0.2,114.7,535.0,1,0
769.93,0.6,109.54,660.38,3,1
1099.52,1.0,238.11,861.41,5,1
674.23,0.2,116.54,557.69,1,1
560.94,0.0,103.76,457.18,0,0
764.21,0.2,206.51,557.69,1,1
703.8,0.4,113.68,590.13,2,1
1130.23,1.0,291.51,838.72,5,1
732.67,0.4,134.97,597.69,2,0
1010.83,0.6,252.11,758.72,3,0
721.22,0.4,100.84,620.38,2,1
752.92,0.4,124.97,627.95,2,0
600.02,0.0,150.41,449.62,0,0
975.13,0.8,199.11,776.03,4,1
750.55,0.4,137.73,612.82,2,1
837.74,0.8,84.41,753.33,4,1
1427.31,1.4,448.08,979.23,7,0
1384.79,1.2,430.43,954.36,6,0
700.63,0.2,135.38,565.26,1,0
795.41,0.4,167.46,627.95,2,0
556.84,0.0,114.78,442.05,0,1
764.95,0.6,89.43,675.51,3,1
698.89,0.2,163.89,535.0,1,1
470.93,0.0,59.14,411.79,0,0
1095.32,1.0,218.78,876.54,5,0
512.49,0.0,78.0,434.49,0,1
1213.23,1.2,213.49,999.74,6,0
507.19,0.0,65.14,442.05,0,0
1090.86,0.8,299.7,791.15,4,0
823.93,0.4,158.16,665.77,2,1
711.64,0.2,153.95,557.69,1,1
1268.38,1.4,258.89,1009.49,7,1
1188.37,1.0,289.14,899.23,5,1
787.02,0.4,143.95,643.08,2,1
852.82,0.4,187.05,665.77,2,1
940.47,0.6,219.57,720.9,3,1
452.61,0.0,40.81,411.79,0,1
970.99,0.8,172.27,798.72,4,0
1267.78,0.4,738.16,529.62,2,1
822.73,0.4,187.22,635.51,2,0
575.62,0.0,133.57,442.05,0,1
1039.66,1.0,193.38,846.28,5,1
664.67,0.2,106.97,557.69,1,1
1004.22,0.8,190.38,813.85,4,0
1130.92,0.8,309.51,821.41,4,0
965.62,0.6,222.03,743.59,3,1
910.04,0.6,211.84,698.21,3,0
514.91,0.0,57.73,457.18,0,1
1245.43,1.0,300.81,944.62,5,0
741.03,0.4,166.03,575.0,2,1
1448.29,0.6,810.59,637.69,3,1
598.37,0.0,141.19,457.18,0,0
1239.57,1.2,277.65,961.92,6,1
698.28,0.2,125.46,572.82,1,0
566.42,0.0,109.24,457.18,0,0
771.09,0.6,118.27,652.82,3,0
732.93,0.6,72.54,660.38,3,1
1225.29,1.2,301.19,924.1,6,1
