"Total_Cost","Ratio_Reloc_Prod","Horiz_Cost","Vert_Cost","nReloc","non_Optimal"
255145.78,0.4213,63854.87,191290.9,632,300
799.2,0.4,125.86,673.33,2,1
1096.82,1.0,182.46,914.36,5,1
1109.03,1.0,187.11,921.92,5,1
715.91,0.4,72.84,643.08,2,1
779.42,0.6,81.22,698.21,3,1
644.07,0.2,93.95,550.13,1,1
906.44,0.6,185.54,720.9,3,1
664.75,0.2,107.05,557.69,1,1
737.62,0.4,94.54,643.08,2,1
1105.92,1.0,236.95,868.97,5,1
828.68,0.6,115.35,713.33,3,1
729.79,0.4,101.84,627.95,2,1
675.31,0.4,77.62,597.69,2,1
1063.38,1.0,194.41,868.97,5,1
810.99,0.6,105.22,705.77,3,1
538.15,0.0,73.41,464.74,0,1
807.14,0.4,194.32,612.82,2,1
1087.32,0.8,296.16,791.15,4,1
818.83,0.6,135.76,683.08,3,1
862.33,0.4,234.38,627.95,2,1
1140.43,0.8,311.46,828.97,4,1
949.45,0.6,198.3,751.15,3,1
746.64,0.4,103.57,643.08,2,1
874.36,0.6,168.59,705.77,3,1
912.48,0.4,269.41,643.08,2,1
1140.5,0.6,374.22,766.28,3,1
869.5,0.4,264.24,605.26,2,1
767.78,0.2,225.22,542.56,1,1
978.32,0.6,234.73,743.59,3,1
1130.02,0.6,386.43,743.59,3,1
586.91,0.0,122.16,464.74,0,1
566.31,0.0,109.14,457.18,0,1
897.05,0.4,261.54,635.51,2,1
713.15,0.2,147.89,565.26,1,1
1119.64,0.8,328.49,791.15,4,1
1124.95,0.8,303.54,821.41,4,1
1595.14,0.8,781.3,813.85,4,1
1067.78,0.6,331.76,736.03,3,1
589.4,0.0,139.78,449.62,0,1
1024.56,0.4,366.35,658.21,2,1
729.21,0.2,179.08,550.13,1,1
654.69,0.2,97.0,557.69,1,1
551.39,0.0,86.65,464.74,0,1
842.14,0.6,181.76,660.38,3,1
833.29,0.4,175.08,658.21,2,1
629.81,0.2,94.81,535.0,1,1
1175.55,0.8,369.27,806.28,4,1
630.32,0.2,87.76,542.56,1,1
761.81,0.4,133.86,627.95,2,1
1083.81,0.4,501.24,582.56,2,1
1412.92,0.8,576.38,836.54,4,1
1178.95,0.8,365.11,813.85,4,1
899.67,0.4,256.59,643.08,2,1
596.01,0.0,131.27,464.74,0,1
611.89,0.0,177.41,434.49,0,1
687.75,0.2,130.05,557.69,1,1
511.51,0.0,77.03,434.49,0,1
662.05,0.2,119.49,542.56,1,1
790.99,0.2,233.3,557.69,1,1
573.75,0.0,116.57,457.18,0,1
702.06,0.2,174.62,527.44,1,1
876.08,0.4,233.0,643.08,2,1
640.41,0.2,105.41,535.0,1,1
536.21,0.0,79.03,457.18,0,1
872.81,0.4,237.3,635.51,2,1
1185.56,0.6,426.84,758.72,3,1
675.5,0.2,110.24,565.26,1,1
1095.05,0.6,351.46,743.59,3,1
630.19,0.2,87.62,542.56,1,1
604.65,0.2,69.65,535.0,1,1
941.71,0.6,220.81,720.9,3,1
475.36,0.0,56.0,419.36,0,1
669.18,0.2,119.05,550.13,1,1
636.07,0.2,70.81,565.26,1,1
659.07,0.4,53.81,605.26,2,1
438.5,0.0,26.7,411.79,0,1
808.79,0.6,80.32,728.46,3,1
551.84,0.2,77.35,474.49,1,1
825.13,0.4,189.62,635.51,2,1
1096.68,0.4,468.73,627.95,2,1
782.16,0.4,154.22,627.95,2,1
761.95,0.2,234.51,527.44,1,1
482.6,0.0,48.11,434.49,0,1
438.5,0.0,26.7,411.79,0,1
1069.98,1.2,168.57,901.41,6,1
1374.19,1.6,271.76,1102.44,8,1
671.86,0.2,136.86,535.0,1,1
689.69,0.2,192.51,497.18,1,1
1291.31,1.0,392.08,899.23,5,1
709.26,0.2,151.57,557.69,1,1
1193.35,0.8,364.38,828.97,4,1
1177.88,1.0,271.08,906.79,5,1
768.94,0.2,218.81,550.13,1,1
1346.71,0.8,525.3,821.41,4,1
603.99,0.0,139.24,464.74,0,1
869.04,0.4,210.84,658.21,2,1
561.78,0.0,112.16,449.62,0,1
1599.67,0.8,763.14,836.54,4,1
541.54,0.0,107.05,434.49,0,1
909.87,0.4,289.49,620.38,2,1
996.78,0.8,213.19,783.59,4,1
505.7,0.0,63.65,442.05,0,1
823.73,0.4,195.78,627.95,2,1
733.58,0.4,128.32,605.26,2,1
1222.48,0.8,431.32,791.15,4,1
714.39,0.4,109.14,605.26,2,1
620.89,0.2,78.32,542.56,1,1
796.4,0.4,153.32,643.08,2,1
1371.04,1.0,471.81,899.23,5,1
904.39,0.4,246.19,658.21,2,1
709.99,0.2,159.86,550.13,1,1
1326.18,1.4,346.95,979.23,7,1
1652.13,1.0,760.46,891.67,5,1
799.84,0.4,179.46,620.38,2,1
1381.17,0.8,559.76,821.41,4,1
883.96,0.2,326.27,557.69,1,1
539.41,0.0,104.92,434.49,0,1
642.4,0.2,84.7,557.69,1,1
606.56,0.2,64.0,542.56,1,1
1029.66,0.8,276.32,753.33,4,1
828.8,0.2,263.54,565.26,1,1
812.75,0.2,262.62,550.13,1,1
724.32,0.2,174.19,550.13,1,1
963.58,0.6,204.86,758.72,3,1
793.44,0.4,165.49,627.95,2,1
1784.0,1.0,862.08,921.92,5,1
774.19,0.6,106.24,667.95,3,1
833.71,0.6,112.81,720.9,3,1
490.22,0.0,55.73,434.49,0,1
1049.82,1.0,248.92,800.9,5,1
717.48,0.2,159.78,557.69,1,1
1553.24,1.2,629.14,924.1,6,1
1030.28,0.8,224.0,806.28,4,1
680.14,0.2,99.76,580.38,1,1
679.41,0.4,59.03,620.38,2,1
1002.47,0.6,289.14,713.33,3,1
683.06,0.2,155.62,527.44,1,1
605.31,0.2,100.57,504.74,1,1
573.7,0.2,38.7,535.0,1,1
581.36,0.0,109.05,472.31,0,1
583.73,0.0,141.68,442.05,0,1
661.9,0.2,134.46,527.44,1,1
967.36,0.4,346.97,620.38,2,1
674.68,0.2,139.68,535.0,1,1
937.13,0.8,153.54,783.59,4,1
827.35,0.6,144.27,683.08,3,1
617.38,0.2,89.95,527.44,1,1
798.9,0.6,138.51,660.38,3,1
1022.18,0.8,238.59,783.59,4,1
442.5,0.0,30.7,411.79,0,1
922.12,0.6,208.78,713.33,3,1
1070.32,0.6,319.16,751.15,3,1
1030.32,0.4,379.68,650.64,2,1
987.35,0.6,251.32,736.03,3,1
674.36,0.2,154.49,519.87,1,1
726.99,0.2,169.3,557.69,1,1
689.32,0.2,139.19,550.13,1,1
1223.52,0.8,409.68,813.85,4,1
1223.9,0.8,410.05,813.85,4,1
1089.09,0.4,476.27,612.82,2,1
991.41,0.8,177.57,813.85,4,1
499.5,0.0,42.32,457.18,0,1
952.52,0.8,191.62,760.9,4,1
705.92,0.2,170.92,535.0,1,1
612.61,0.2,115.43,497.18,1,1
1052.62,0.8,269.03,783.59,4,1
667.64,0.2,109.95,557.69,1,1
940.38,0.6,219.49,720.9,3,1
584.91,0.0,120.16,464.74,0,1
1225.03,0.8,403.62,821.41,4,1
1099.32,0.8,308.16,791.15,4,1
734.89,0.4,106.95,627.95,2,1
638.16,0.2,88.03,550.13,1,1
1159.61,0.4,493.84,665.77,2,1
804.77,0.2,247.08,557.69,1,1
555.65,0.2,81.16,474.49,1,1
505.4,0.0,63.35,442.05,0,1
1412.43,1.0,528.32,884.1,5,1
583.37,0.0,126.19,457.18,0,1
1169.71,1.0,247.78,921.92,5,1
758.02,0.4,114.95,643.08,2,1
663.85,0.2,106.16,557.69,1,1
644.19,0.2,101.62,542.56,1,1
995.27,0.6,266.81,728.46,3,1
845.28,0.2,280.03,565.26,1,1
1066.24,0.6,322.65,743.59,3,1
1676.1,1.6,543.41,1132.69,8,1
1234.79,1.0,373.38,861.41,5,1
764.07,0.4,158.81,605.26,2,1
882.58,0.4,216.81,665.77,2,1
790.09,0.4,124.32,665.77,2,1
762.18,0.2,196.92,565.26,1,1
895.53,0.6,204.89,690.64,3,1
935.59,0.4,284.95,650.64,2,1
996.48,0.6,305.84,690.64,3,1
659.66,0.2,147.35,512.31,1,1
641.77,0.0,177.03,464.74,0,1
862.39,0.4,204.19,658.21,2,1
678.61,0.2,113.35,565.26,1,1
584.86,0.0,127.68,457.18,0,1
581.54,0.0,147.05,434.49,0,1
934.51,0.4,291.43,643.08,2,1
696.7,0.2,161.7,535.0,1,1
1139.28,0.8,325.43,813.85,4,1
622.91,0.2,65.22,557.69,1,1
770.48,0.4,172.78,597.69,2,1
824.27,0.6,148.76,675.51,3,1
894.55,0.4,228.78,665.77,2,1
574.42,0.0,109.68,464.74,0,1
1056.1,0.6,312.51,743.59,3,1
550.97,0.0,101.35,449.62,0,1
829.59,0.4,186.51,643.08,2,1
766.69,0.2,209.0,557.69,1,1
635.21,0.2,92.65,542.56,1,1
1025.6,0.8,264.7,760.9,4,1
559.02,0.0,116.97,442.05,0,1
1496.26,1.4,456.51,1039.74,7,1
849.81,0.6,174.3,675.51,3,1
654.88,0.2,89.62,565.26,1,1
1133.91,0.8,342.76,791.15,4,1
1141.65,1.0,265.11,876.54,5,1
1155.77,0.8,357.05,798.72,4,1
1005.96,0.8,199.68,806.28,4,1
1480.12,1.0,565.76,914.36,5,1
748.35,0.4,112.84,635.51,2,1
607.09,0.2,87.22,519.87,1,1
993.54,0.6,257.51,736.03,3,1
531.02,0.0,81.41,449.62,0,1
691.78,0.2,149.22,542.56,1,1
667.86,0.2,132.86,535.0,1,1
706.4,0.2,148.7,557.69,1,1
873.21,0.4,215.0,658.21,2,1
830.27,0.4,187.19,643.08,2,1
435.9,0.0,24.11,411.79,0,1
676.59,0.2,126.46,550.13,1,1
806.16,0.4,170.65,635.51,2,1
699.04,0.2,141.35,557.69,1,1
443.5,0.0,31.7,411.79,0,1
792.11,0.4,164.16,627.95,2,1
1245.63,0.8,492.3,753.33,4,1
789.52,0.4,176.7,612.82,2,1
683.23,0.2,117.97,565.26,1,1
854.83,0.6,96.11,758.72,3,1
858.22,0.4,222.7,635.51,2,1
565.86,0.0,116.24,449.62,0,1
1108.18,0.8,309.46,798.72,4,1
760.66,0.2,195.41,565.26,1,1
1237.11,0.8,400.57,836.54,4,1
1081.54,0.6,337.95,743.59,3,1
1131.63,0.4,518.81,612.82,2,1
1128.61,0.8,276.95,851.67,4,1
847.23,0.2,274.41,572.82,1,1
611.93,0.0,147.19,464.74,0,1
681.2,0.2,115.95,565.26,1,1
632.84,0.2,97.84,535.0,1,1
731.89,0.2,196.89,535.0,1,1
1028.19,0.6,292.16,736.03,3,1
696.2,0.2,130.95,565.26,1,1
1038.1,0.6,294.51,743.59,3,1
676.88,0.2,126.76,550.13,1,1
631.27,0.2,88.7,542.56,1,1
722.77,0.4,117.51,605.26,2,1
1479.29,0.8,635.19,844.1,4,1
824.52,0.4,211.7,612.82,2,1
511.9,0.0,84.97,426.92,0,1
1413.81,1.2,451.89,961.92,6,1
487.36,0.0,68.0,419.36,0,1
865.27,0.4,282.7,582.56,2,1
719.84,0.4,99.46,620.38,2,1
803.69,0.4,145.49,658.21,2,1
1125.32,0.8,281.22,844.1,4,1
1024.44,0.6,258.16,766.28,3,1
1142.39,0.8,328.54,813.85,4,1
831.43,0.4,241.3,590.13,2,1
775.52,0.4,147.57,627.95,2,1
830.25,0.4,209.86,620.38,2,1
619.8,0.2,130.19,489.62,1,1
1019.81,0.6,276.22,743.59,3,1
733.48,0.2,190.92,542.56,1,1
970.49,0.4,342.54,627.95,2,1
694.92,0.2,167.49,527.44,1,1
550.04,0.0,92.86,457.18,0,1
1108.94,1.0,217.27,891.67,5,1
760.52,0.2,187.7,572.82,1,1
802.53,0.2,244.84,557.69,1,1
599.32,0.0,157.27,442.05,0,1
452.79,0.0,41.0,411.79,0,1
1105.53,1.0,213.86,891.67,5,1
1223.07,0.8,431.92,791.15,4,1
650.27,0.2,122.84,527.44,1,1
1261.7,0.6,578.62,683.08,3,1
606.19,0.2,63.62,542.56,1,1
455.01,0.0,43.22,411.79,0,1
1045.69,0.4,387.49,658.21,2,1
617.4,0.0,160.22,457.18,0,1
725.89,0.2,183.32,542.56,1,1
753.78,0.4,103.14,650.64,2,1
1234.34,0.8,435.62,798.72,4,1
893.43,0.6,217.92,675.51,3,1
815.41,0.4,195.03,620.38,2,1
