"Total_Cost","Ratio_Reloc_Prod","Horiz_Cost","Vert_Cost","nReloc","non_Optimal"
236983.04,0.432,44855.43,192127.6,648,140
549.25,0.0,76.95,472.31,0,0
844.23,0.6,85.51,758.72,3,0
876.08,0.6,140.05,736.03,3,0
716.63,0.2,136.24,580.38,1,0
753.9,0.4,141.08,612.82,2,1
875.14,0.6,146.68,728.46,3,0
643.08,0.2,108.08,535.0,1,1
703.53,0.2,153.41,550.13,1,1
610.02,0.0,160.41,449.62,0,1
871.61,0.6,120.46,751.15,3,0
913.38,0.8,137.35,776.03,4,1
825.63,0.6,119.86,705.77,3,0
622.69,0.2,57.43,565.26,1,0
563.45,0.0,106.27,457.18,0,1
910.59,0.6,167.0,743.59,3,1
803.94,0.6,67.92,736.03,3,0
1124.66,1.0,278.38,846.28,5,1
497.46,0.0,55.41,442.05,0,1
584.01,0.0,119.27,464.74,0,1
893.93,0.4,288.68,605.26,2,1
571.93,0.0,92.05,479.87,0,0
706.83,0.2,156.7,550.13,1,1
710.52,0.4,143.08,567.44,2,0
917.73,0.8,96.32,821.41,4,1
1127.33,1.0,273.49,853.85,5,0
963.74,0.8,149.89,813.85,4,0
897.77,0.6,199.57,698.21,3,1
1003.26,0.8,196.97,806.28,4,0
544.26,0.0,79.51,464.74,0,1
642.77,0.2,77.51,565.26,1,1
559.28,0.0,94.54,464.74,0,0
1001.51,0.6,250.35,751.15,3,0
1162.94,1.0,278.84,884.1,5,0
791.56,0.4,148.49,643.08,2,0
650.28,0.2,85.03,565.26,1,0
708.99,0.4,103.73,605.26,2,1
649.88,0.2,84.62,565.26,1,1
797.3,0.4,161.78,635.51,2,0
894.06,0.6,165.59,728.46,3,1
597.98,0.2,70.54,527.44,1,1
803.5,0.6,90.16,713.33,3,0
690.07,0.2,132.38,557.69,1,0
522.79,0.0,95.86,426.92,0,0
497.03,0.0,62.54,434.49,0,1
1150.52,1.2,203.73,946.79,6,1
517.24,0.0,67.62,449.62,0,0
719.3,0.4,98.92,620.38,2,1
994.85,0.8,188.57,806.28,4,0
654.04,0.2,96.35,557.69,1,1
594.71,0.0,167.78,426.92,0,0
551.35,0.0,116.86,434.49,0,1
695.96,0.4,83.14,612.82,2,0
993.03,0.8,217.0,776.03,4,0
809.72,0.4,159.08,650.64,2,0
906.76,0.8,145.86,760.9,4,0
681.83,0.2,131.7,550.13,1,0
763.51,0.4,112.86,650.64,2,0
834.44,0.4,168.68,665.77,2,0
551.99,0.0,87.24,464.74,0,1
683.56,0.2,125.86,557.69,1,0
534.97,0.0,92.92,442.05,0,0
898.06,0.8,137.16,760.9,4,1
728.32,0.4,92.81,635.51,2,0
1147.52,1.2,193.16,954.36,6,0
686.18,0.4,80.92,605.26,2,1
736.77,0.4,139.08,597.69,2,0
590.43,0.0,140.81,449.62,0,1
1068.42,0.8,277.27,791.15,4,0
841.79,0.6,113.32,728.46,3,1
566.31,0.0,109.14,457.18,0,0
674.79,0.4,107.35,567.44,2,1
603.1,0.2,60.54,542.56,1,1
585.92,0.2,103.86,482.05,1,0
1107.94,1.2,244.35,863.59,6,0
974.66,0.8,175.95,798.72,4,0
630.75,0.0,181.14,449.62,0,1
719.72,0.2,154.46,565.26,1,0
1022.44,1.0,161.03,861.41,5,1
662.35,0.2,127.35,535.0,1,1
927.63,0.6,206.73,720.9,3,0
869.06,0.6,148.16,720.9,3,0
574.53,0.0,117.35,457.18,0,0
1002.69,0.2,505.51,497.18,1,1
755.97,0.4,120.46,635.51,2,1
795.85,0.4,130.08,665.77,2,0
949.42,0.8,158.27,791.15,4,0
948.07,0.6,196.92,751.15,3,0
1209.56,0.4,619.43,590.13,2,1
668.04,0.2,110.35,557.69,1,0
863.14,0.6,142.24,720.9,3,0
661.72,0.2,96.46,565.26,1,0
1085.87,0.6,425.49,660.38,3,1
519.05,0.0,69.43,449.62,0,0
1082.91,0.8,238.81,844.1,4,0
875.31,0.4,209.54,665.77,2,0
631.84,0.2,96.84,535.0,1,0
851.02,0.4,207.95,643.08,2,0
1083.6,1.0,229.76,853.85,5,0
538.96,0.0,74.22,464.74,0,1
728.38,0.4,100.43,627.95,2,0
798.48,0.4,155.41,643.08,2,0
754.26,0.4,96.05,658.21,2,1
907.08,0.8,131.05,776.03,4,1
1006.02,0.8,207.3,798.72,4,0
651.42,0.2,93.73,557.69,1,1
668.02,0.2,125.46,542.56,1,1
725.63,0.4,120.38,605.26,2,0
729.43,0.4,146.86,582.56,2,0
625.81,0.2,90.81,535.0,1,1
787.27,0.6,111.76,675.51,3,0
1016.58,1.0,170.3,846.28,5,1
852.64,0.6,162.0,690.64,3,1
728.91,0.4,123.65,605.26,2,1
706.69,0.2,149.0,557.69,1,1
852.26,0.6,161.62,690.64,3,0
849.2,0.6,135.86,713.33,3,1
935.68,0.8,182.35,753.33,4,1
729.19,0.4,154.19,575.0,2,1
738.4,0.4,148.27,590.13,2,0
681.31,0.4,83.62,597.69,2,1
583.11,0.2,48.11,535.0,1,0
752.21,0.4,94.0,658.21,2,0
671.44,0.2,151.57,519.87,1,1
904.19,0.6,183.3,720.9,3,1
647.53,0.2,89.84,557.69,1,0
1122.74,0.6,416.97,705.77,3,1
1092.58,1.0,238.73,853.85,5,1
577.61,0.0,112.86,464.74,0,1
542.45,0.0,85.27,457.18,0,1
799.67,0.2,241.97,557.69,1,1
709.16,0.2,166.59,542.56,1,0
807.62,0.6,139.68,667.95,3,1
663.81,0.4,81.24,582.56,2,0
603.88,0.0,146.7,457.18,0,0
768.22,0.4,140.27,627.95,2,0
1099.18,1.0,207.51,891.67,5,0
507.67,0.0,65.62,442.05,0,0
657.35,0.2,114.78,542.56,1,1
942.57,0.8,181.68,760.9,4,0
690.91,0.2,125.65,565.26,1,0
644.12,0.2,139.38,504.74,1,1
756.89,0.6,88.95,667.95,3,1
622.42,0.2,64.73,557.69,1,0
980.78,0.8,189.62,791.15,4,0
660.45,0.4,70.32,590.13,2,1
655.69,0.2,98.0,557.69,1,0
774.86,0.6,99.35,675.51,3,1
940.48,0.4,289.84,650.64,2,0
694.06,0.2,121.24,572.82,1,0
696.42,0.2,138.73,557.69,1,1
803.27,0.4,160.19,643.08,2,0
546.21,0.0,89.03,457.18,0,1
999.87,1.0,138.46,861.41,5,0
597.41,0.2,77.54,519.87,1,1
927.93,0.8,189.73,738.21,4,1
533.86,0.0,84.24,449.62,0,1
802.66,0.4,144.46,658.21,2,1
865.26,0.4,207.05,658.21,2,1
700.01,0.2,134.76,565.26,1,0
955.53,0.6,196.81,758.72,3,0
785.94,0.4,135.3,650.64,2,0
790.88,0.4,140.24,650.64,2,1
670.41,0.2,90.03,580.38,1,0
925.64,0.8,142.05,783.59,4,0
1027.74,0.8,213.89,813.85,4,0
720.31,0.2,147.49,572.82,1,0
626.77,0.2,61.51,565.26,1,0
643.21,0.2,100.65,542.56,1,1
547.45,0.0,97.84,449.62,0,0
1054.46,1.0,185.49,868.97,5,1
558.97,0.0,109.35,449.62,0,1
786.62,0.6,103.54,683.08,3,0
893.67,0.8,117.65,776.03,4,0
844.99,0.4,179.22,665.77,2,1
697.63,0.2,132.38,565.26,1,0
635.31,0.2,77.62,557.69,1,1
807.39,0.4,149.19,658.21,2,1
608.31,0.0,143.57,464.74,0,0
962.54,0.8,186.51,776.03,4,1
890.37,0.6,199.73,690.64,3,1
576.64,0.0,119.46,457.18,0,1
749.87,0.4,129.49,620.38,2,0
634.14,0.2,99.14,535.0,1,0
1136.25,1.4,149.46,986.79,7,0
788.37,0.4,130.16,658.21,2,0
658.02,0.2,100.32,557.69,1,0
774.18,0.4,168.92,605.26,2,1
722.33,0.4,101.95,620.38,2,1
691.53,0.2,133.84,557.69,1,1
736.39,0.4,123.57,612.82,2,1
1036.61,0.8,230.32,806.28,4,1
756.55,0.4,136.16,620.38,2,1
888.58,0.6,250.89,637.69,3,1
826.32,0.6,135.68,690.64,3,1
827.71,0.6,106.81,720.9,3,1
777.53,0.4,172.27,605.26,2,1
888.05,0.6,152.03,736.03,3,1
742.17,0.4,121.78,620.38,2,0
586.8,0.2,89.62,497.18,1,1
842.63,0.4,237.38,605.26,2,1
1054.16,1.0,177.62,876.54,5,0
870.36,0.6,149.46,720.9,3,1
678.38,0.4,58.0,620.38,2,1
532.37,0.0,82.76,449.62,0,0
759.33,0.4,138.95,620.38,2,1
862.22,0.6,186.7,675.51,3,1
1236.28,1.2,289.49,946.79,6,0
1014.02,0.8,230.43,783.59,4,0
924.51,0.8,133.35,791.15,4,1
980.41,0.8,211.95,768.46,4,1
1121.64,1.0,222.41,899.23,5,0
674.01,0.2,108.76,565.26,1,0
653.31,0.2,88.05,565.26,1,0
574.96,0.0,110.22,464.74,0,0
783.62,0.6,100.54,683.08,3,1
1250.69,1.2,258.51,992.18,6,0
701.01,0.4,80.62,620.38,2,1
530.75,0.0,81.14,449.62,0,1
534.33,0.0,99.84,434.49,0,1
875.17,0.6,154.27,720.9,3,1
857.23,0.6,151.46,705.77,3,0
941.52,0.6,220.62,720.9,3,1
752.81,0.4,124.86,627.95,2,0
781.08,0.4,145.57,635.51,2,1
995.5,0.8,196.78,798.72,4,1
617.65,0.2,82.65,535.0,1,0
837.39,0.6,124.05,713.33,3,1
532.45,0.0,82.84,449.62,0,1
1198.2,1.2,258.97,939.23,6,1
1415.78,0.8,685.14,730.64,4,1
950.15,0.6,199.0,751.15,3,0
823.85,0.4,158.08,665.77,2,0
660.58,0.2,95.32,565.26,1,1
688.01,0.2,122.76,565.26,1,1
658.18,0.2,108.05,550.13,1,1
1131.48,1.0,239.81,891.67,5,1
753.95,0.4,118.43,635.51,2,0
942.07,0.8,143.35,798.72,4,0
505.69,0.0,48.51,457.18,0,1
771.51,0.4,120.86,650.64,2,1
891.12,0.6,177.78,713.33,3,0
614.71,0.2,94.84,519.87,1,1
883.57,0.6,208.05,675.51,3,1
1213.86,1.0,322.19,891.67,5,0
789.93,0.4,124.16,665.77,2,0
787.92,0.4,152.41,635.51,2,1
542.26,0.0,77.51,464.74,0,0
716.43,0.2,166.3,550.13,1,0
918.21,0.6,182.19,736.03,3,0
813.53,0.6,115.32,698.21,3,1
939.25,0.6,218.35,720.9,3,0
780.14,0.4,152.19,627.95,2,0
788.34,0.4,130.14,658.21,2,0
508.42,0.0,36.11,472.31,0,1
808.74,0.4,142.97,665.77,2,0
938.19,0.8,177.3,760.9,4,1
992.38,0.6,256.35,736.03,3,0
722.22,0.2,134.27,587.95,1,0
1036.17,0.8,229.89,806.28,4,0
819.88,0.6,129.24,690.64,3,1
840.08,0.6,111.62,728.46,3,0
644.46,0.2,109.46,535.0,1,0
842.23,0.6,136.46,705.77,3,1
722.34,0.4,124.65,597.69,2,1
470.49,0.0,51.14,419.36,0,0
1237.25,1.2,275.32,961.92,6,0
792.99,0.4,134.78,658.21,2,1
769.94,0.2,212.24,557.69,1,1
803.39,0.4,145.19,658.21,2,0
684.23,0.2,118.97,565.26,1,0
760.88,0.4,110.24,650.64,2,0
725.4,0.2,167.7,557.69,1,0
1003.47,0.6,229.62,773.85,3,0
539.66,0.0,74.92,464.74,0,0
660.45,0.2,102.76,557.69,1,0
645.29,0.2,102.73,542.56,1,0
755.05,0.4,119.54,635.51,2,0
1262.6,1.0,348.24,914.36,5,0
908.77,0.4,235.43,673.33,2,0
823.98,0.6,110.65,713.33,3,1
899.21,0.6,163.19,736.03,3,1
683.93,0.2,103.54,580.38,1,0
587.93,0.0,123.19,464.74,0,0
749.81,0.2,222.38,527.44,1,0
575.61,0.0,110.86,464.74,0,1
721.15,0.4,123.46,597.69,2,1
569.02,0.0,111.84,457.18,0,1
970.94,0.8,187.35,783.59,4,1
1023.73,0.8,187.19,836.54,4,0
873.22,0.6,144.76,728.46,3,0
1040.04,0.6,273.76,766.28,3,0
685.97,0.2,143.41,542.56,1,0
768.24,0.2,218.11,550.13,1,1
549.58,0.0,84.84,464.74,0,0
691.7,0.4,109.14,582.56,2,0
1266.74,1.4,227.0,1039.74,7,0
957.96,0.8,151.68,806.28,4,1
693.73,0.4,111.16,582.56,2,0
819.87,0.4,191.92,627.95,2,1
761.8,0.4,96.03,665.77,2,0
