"Total_Cost","Ratio_Reloc_Prod","Horiz_Cost","Vert_Cost","nReloc","non_Optimal"
262330.98,0.8173,45676.47,216654.58,1226,300
620.63,0.4,68.32,552.31,2,1
448.4,0.0,51.73,396.67,0,1
633.2,0.4,88.46,544.74,2,1
774.63,0.6,167.19,607.44,3,1
631.97,0.4,102.35,529.62,2,1
796.85,0.8,119.16,677.69,4,1
718.67,0.6,88.54,630.13,3,1
780.61,0.8,102.92,677.69,4,1
735.1,0.4,197.92,537.18,2,1
865.36,1.0,132.54,732.82,5,1
836.99,0.6,199.3,637.69,3,1
873.98,0.6,221.16,652.82,3,1
642.02,0.2,152.41,489.62,1,1
870.92,0.8,162.97,707.95,4,1
764.48,0.6,134.35,630.13,3,1
498.72,0.0,109.62,389.1,0,1
472.17,0.0,52.81,419.36,0,1
736.35,0.6,121.35,615.0,3,1
763.05,0.2,228.05,535.0,1,1
554.71,0.2,102.92,451.79,1,1
686.22,0.4,118.78,567.44,2,1
1132.29,1.4,213.57,918.72,7,1
978.47,1.0,245.65,732.82,5,1
1180.23,1.6,168.57,1011.67,8,1
1083.23,1.2,204.51,878.72,6,1
442.51,0.0,53.41,389.1,0,1
783.3,0.6,168.3,615.0,3,1
628.53,0.4,91.35,537.18,2,1
1187.57,1.6,198.59,988.97,8,1
812.75,0.8,142.62,670.13,4,1
928.61,1.0,157.97,770.64,5,1
678.77,0.4,126.46,552.31,2,1
1113.81,1.4,217.78,896.03,7,1
1040.15,1.2,214.38,825.77,6,1
751.54,0.4,168.97,582.56,2,1
1083.73,1.2,227.7,856.03,6,1
1044.21,1.2,226.0,818.21,6,1
552.5,0.0,140.7,411.79,0,1
872.32,0.8,202.19,670.13,4,1
1059.47,1.4,125.62,933.85,7,1
1122.31,1.4,203.59,918.72,7,1
721.83,0.4,139.27,582.56,2,1
1172.41,1.4,223.43,948.97,7,1
946.97,1.0,183.89,763.08,5,1
848.39,0.8,155.57,692.82,4,1
1312.84,1.6,316.3,996.54,8,1
536.96,0.0,140.3,396.67,0,1
1114.7,1.2,258.68,856.03,6,1
632.95,0.4,65.51,567.44,2,1
925.6,0.8,232.78,692.82,4,1
1380.67,1.8,276.05,1104.62,9,1
559.83,0.2,70.22,489.62,1,1
985.18,1.2,114.03,871.15,6,1
723.58,0.6,78.32,645.26,3,1
1096.39,1.2,210.11,886.28,6,1
842.33,0.8,134.38,707.95,4,1
968.3,1.0,167.41,800.9,5,1
940.44,1.0,154.68,785.77,5,1
995.41,1.0,194.51,800.9,5,1
769.86,0.6,94.35,675.51,3,1
497.38,0.0,55.32,442.05,0,1
846.42,0.8,100.65,745.77,4,1
897.49,0.8,181.97,715.51,4,1
1072.6,1.2,178.76,893.85,6,1
1111.64,1.2,248.05,863.59,6,1
1270.88,1.8,151.14,1119.74,9,1
480.5,0.0,83.84,396.67,0,1
475.84,0.0,48.92,426.92,0,1
932.52,1.0,124.05,808.46,5,1
1064.63,1.2,170.78,893.85,6,1
1075.09,1.2,188.81,886.28,6,1
764.7,0.6,134.57,630.13,3,1
457.06,0.0,37.7,419.36,0,1
1079.81,1.2,163.27,916.54,6,1
1038.78,1.2,175.19,863.59,6,1
985.59,1.0,162.0,823.59,5,1
1243.42,1.6,216.62,1026.79,8,1
666.81,0.4,91.81,575.0,2,1
1237.75,1.6,226.08,1011.67,8,1
1264.31,1.6,245.08,1019.23,8,1
1225.49,1.6,183.57,1041.92,8,1
943.96,1.0,165.76,778.21,5,1
1080.55,1.4,154.27,926.28,7,1
986.8,1.0,201.03,785.77,5,1
826.6,0.6,226.73,599.87,3,1
1156.49,1.4,207.51,948.97,7,1
472.71,0.0,60.92,411.79,0,1
685.9,0.4,118.46,567.44,2,1
690.95,0.4,115.95,575.0,2,1
572.98,0.2,106.05,466.92,1,1
473.47,0.0,69.24,404.23,0,1
1219.97,1.6,170.49,1049.49,8,1
665.17,0.4,112.86,552.31,2,1
1328.6,1.8,239.11,1089.49,9,1
478.76,0.0,59.41,419.36,0,1
794.98,0.6,142.16,652.82,3,1
885.77,0.8,147.57,738.21,4,1
955.98,1.0,215.59,740.38,5,1
761.98,0.6,94.03,667.95,3,1
725.75,0.6,95.62,630.13,3,1
1809.02,2.8,269.92,1539.1,14,1
1356.89,1.8,252.27,1104.62,9,1
685.33,0.4,125.46,559.87,2,1
726.34,0.4,181.59,544.74,2,1
763.19,0.6,95.24,667.95,3,1
748.92,0.6,73.41,675.51,3,1
511.77,0.0,107.54,404.23,0,1
707.29,0.4,117.16,590.13,2,1
999.72,1.0,161.0,838.72,5,1
1152.71,1.4,226.43,926.28,7,1
673.55,0.4,113.68,559.87,2,1
860.11,0.8,152.16,707.95,4,1
790.28,0.6,137.46,652.82,3,1
1057.58,1.2,178.86,878.72,6,1
852.81,0.8,129.73,723.08,4,1
1072.49,1.2,224.03,848.46,6,1
938.61,0.8,192.84,745.77,4,1
854.35,0.8,78.32,776.03,4,1
1014.64,1.2,151.05,863.59,6,1
1170.84,1.4,229.43,941.41,7,1
505.02,0.0,115.92,389.1,0,1
1306.91,1.6,295.24,1011.67,8,1
1072.12,1.2,238.78,833.33,6,1
594.35,0.2,119.86,474.49,1,1
932.98,1.0,124.51,808.46,5,1
1207.41,1.6,173.05,1034.36,8,1
1110.86,1.4,154.32,956.54,7,1
853.27,0.8,137.76,715.51,4,1
736.07,0.6,105.95,630.13,3,1
533.53,0.0,136.86,396.67,0,1
796.67,0.6,121.16,675.51,3,1
1104.13,1.4,132.46,971.67,7,1
847.72,0.8,101.95,745.77,4,1
1145.9,1.4,204.49,941.41,7,1
959.77,1.0,181.57,778.21,5,1
662.65,0.2,195.73,466.92,1,1
828.32,0.8,158.19,670.13,4,1
944.65,1.0,128.62,816.03,5,1
769.42,0.6,131.73,637.69,3,1
723.5,0.4,171.19,552.31,2,1
850.66,0.6,197.84,652.82,3,1
801.65,0.8,86.14,715.51,4,1
838.76,0.6,170.81,667.95,3,1
719.16,0.6,89.03,630.13,3,1
799.49,0.8,91.54,707.95,4,1
755.95,0.6,80.43,675.51,3,1
1192.02,1.6,134.97,1057.05,8,1
940.79,1.0,147.46,793.33,5,1
1094.08,1.2,230.49,863.59,6,1
701.5,0.4,149.19,552.31,2,1
954.94,1.0,131.35,823.59,5,1
680.26,0.4,90.14,590.13,2,1
942.15,1.0,156.38,785.77,5,1
912.69,1.0,126.92,785.77,5,1
766.45,0.6,128.76,637.69,3,1
963.79,1.0,223.41,740.38,5,1
1022.66,1.2,143.95,878.72,6,1
692.2,0.4,139.89,552.31,2,1
1031.86,1.0,200.7,831.15,5,1
1303.8,1.8,199.19,1104.62,9,1
1333.21,1.6,329.11,1004.1,8,1
522.93,0.0,103.57,419.36,0,1
1016.47,1.2,137.76,878.72,6,1
825.39,0.6,172.57,652.82,3,1
878.59,0.8,163.08,715.51,4,1
770.71,0.6,102.76,667.95,3,1
1144.77,1.4,173.11,971.67,7,1
999.3,1.2,143.27,856.03,6,1
1218.78,1.4,262.24,956.54,7,1
805.55,0.6,205.68,599.87,3,1
812.92,0.4,177.41,635.51,2,1
663.28,0.4,110.97,552.31,2,1
512.54,0.0,78.05,434.49,0,1
593.94,0.2,96.76,497.18,1,1
755.65,0.6,133.08,622.56,3,1
489.71,0.0,77.92,411.79,0,1
1006.93,1.2,120.65,886.28,6,1
908.16,1.0,145.08,763.08,5,1
1089.28,1.2,203.0,886.28,6,1
688.25,0.4,128.38,559.87,2,1
729.07,0.4,184.32,544.74,2,1
935.17,0.8,189.41,745.77,4,1
1454.63,2.2,194.38,1260.26,11,1
737.39,0.6,92.14,645.26,3,1
1040.2,1.0,254.43,785.77,5,1
896.62,0.8,128.16,768.46,4,1
800.51,0.6,170.38,630.13,3,1
782.43,0.6,159.86,622.56,3,1
1062.83,1.2,184.11,878.72,6,1
814.73,0.8,91.65,723.08,4,1
1478.78,2.0,334.16,1144.62,10,1
1280.71,1.6,246.35,1034.36,8,1
1293.8,1.6,221.62,1072.18,8,1
527.09,0.0,100.16,426.92,0,1
626.74,0.2,167.38,459.36,1,1
599.92,0.2,117.86,482.05,1,1
707.42,0.4,162.68,544.74,2,1
511.26,0.0,122.16,389.1,0,1
686.95,0.4,127.08,559.87,2,1
1419.9,2.0,192.08,1227.82,10,1
947.55,1.0,161.78,785.77,5,1
607.78,0.2,118.16,489.62,1,1
732.42,0.4,180.11,552.31,2,1
1261.18,1.6,189.0,1072.18,8,1
681.52,0.4,121.65,559.87,2,1
955.5,1.0,177.3,778.21,5,1
587.04,0.2,74.73,512.31,1,1
798.67,0.6,160.97,637.69,3,1
1472.3,2.2,181.78,1290.51,11,1
897.81,0.8,182.3,715.51,4,1
1159.42,1.4,180.19,979.23,7,1
830.67,0.8,100.03,730.64,4,1
870.07,0.8,184.81,685.26,4,1
586.5,0.2,89.32,497.18,1,1
632.17,0.2,172.81,459.36,1,1
824.0,0.6,148.49,675.51,3,1
614.55,0.4,69.81,544.74,2,1
1547.29,2.2,234.08,1313.21,11,1
1012.62,1.0,249.54,763.08,5,1
975.07,1.0,189.3,785.77,5,1
1233.25,1.6,198.89,1034.36,8,1
845.41,0.8,137.46,707.95,4,1
920.67,1.0,165.16,755.51,5,1
684.94,0.6,54.81,630.13,3,1
852.56,0.8,129.49,723.08,4,1
1358.8,1.8,299.57,1059.23,9,1
1064.79,1.2,216.32,848.46,6,1
495.67,0.0,106.57,389.1,0,1
847.9,0.8,155.08,692.82,4,1
517.38,0.0,90.46,426.92,0,1
929.95,0.8,176.62,753.33,4,1
991.21,1.0,220.57,770.64,5,1
998.56,1.0,227.92,770.64,5,1
765.93,0.6,120.68,645.26,3,1
1135.35,1.4,178.81,956.54,7,1
1029.68,1.2,181.22,848.46,6,1
542.46,0.2,60.41,482.05,1,1
935.41,0.8,227.46,707.95,4,1
1059.34,1.2,188.19,871.15,6,1
847.38,0.8,131.86,715.51,4,1
462.77,0.0,66.11,396.67,0,1
1183.05,1.6,171.38,1011.67,8,1
948.02,1.0,177.38,770.64,5,1
1006.24,1.2,203.16,803.08,6,1
731.42,0.6,93.73,637.69,3,1
796.94,0.6,174.38,622.56,3,1
780.21,0.6,97.14,683.08,3,1
803.62,0.8,80.54,723.08,4,1
745.08,0.6,77.14,667.95,3,1
1002.23,1.2,115.95,886.28,6,1
974.45,1.0,196.24,778.21,5,1
709.96,0.4,165.22,544.74,2,1
732.21,0.6,109.65,622.56,3,1
905.05,1.0,89.03,816.03,5,1
824.71,0.8,116.76,707.95,4,1
723.99,0.4,186.81,537.18,2,1
829.97,0.8,99.32,730.64,4,1
636.93,0.4,84.62,552.31,2,1
1078.98,1.2,192.7,886.28,6,1
1609.09,2.4,301.27,1307.82,12,1
1109.01,1.4,175.16,933.85,7,1
801.38,0.6,141.0,660.38,3,1
901.37,0.8,178.3,723.08,4,1
512.87,0.2,53.51,459.36,1,1
651.81,0.4,69.24,582.56,2,1
638.98,0.4,71.54,567.44,2,1
869.99,0.8,139.35,730.64,4,1
667.5,0.4,122.76,544.74,2,1
796.8,0.6,166.68,630.13,3,1
1012.86,1.2,156.84,856.03,6,1
696.57,0.4,121.57,575.0,2,1
461.35,0.0,72.24,389.1,0,1
1154.64,1.4,175.41,979.23,7,1
927.77,1.0,149.57,778.21,5,1
637.97,0.4,108.35,529.62,2,1
1072.9,1.2,186.62,886.28,6,1
697.44,0.4,137.57,559.87,2,1
685.32,0.4,155.7,529.62,2,1
615.51,0.4,40.51,575.0,2,1
807.75,0.8,77.11,730.64,4,1
665.35,0.4,150.86,514.49,2,1
1205.98,1.4,264.57,941.41,7,1
801.55,0.6,156.3,645.26,3,1
691.46,0.4,116.46,575.0,2,1
738.92,0.6,63.41,675.51,3,1
966.19,1.0,150.16,816.03,5,1
1206.47,1.6,179.68,1026.79,8,1
1335.13,1.8,230.51,1104.62,9,1
657.39,0.4,112.65,544.74,2,1
985.4,1.0,161.81,823.59,5,1
755.55,0.6,102.73,652.82,3,1
750.97,0.6,120.84,630.13,3,1
904.84,0.8,189.32,715.51,4,1
809.63,0.6,156.81,652.82,3,1
931.48,1.0,153.27,778.21,5,1
727.12,0.4,174.81,552.31,2,1
645.17,0.4,77.73,567.44,2,1
1154.21,1.4,190.11,964.1,7,1
738.16,0.6,70.22,667.95,3,1
583.42,0.2,71.11,512.31,1,1
