"Total_Cost","Ratio_Reloc_Prod","Horiz_Cost","Vert_Cost","nReloc","non_Optimal"
256282.54,0.782,43472.51,212809.76,1173,300
861.26,1.0,90.62,770.64,5,1
864.74,0.8,171.92,692.82,4,1
528.92,0.2,62.0,466.92,1,1
1226.13,1.6,274.97,951.15,8,1
681.66,0.4,121.78,559.87,2,1
435.51,0.0,46.41,389.1,0,1
933.55,0.8,233.16,700.38,4,1
524.03,0.2,57.11,466.92,1,1
517.88,0.0,113.65,404.23,0,1
1113.2,1.2,279.86,833.33,6,1
782.94,0.6,145.24,637.69,3,1
1137.91,1.4,234.32,903.59,7,1
843.97,0.6,228.97,615.0,3,1
747.16,0.6,117.03,630.13,3,1
987.73,1.0,232.22,755.51,5,1
823.24,0.8,160.68,662.56,4,1
859.16,0.6,229.03,630.13,3,1
644.61,0.4,107.43,537.18,2,1
954.05,1.0,183.41,770.64,5,1
644.78,0.2,170.3,474.49,1,1
678.15,0.4,140.97,537.18,2,1
486.77,0.0,82.54,404.23,0,1
798.94,0.6,176.38,622.56,3,1
779.15,0.6,141.46,637.69,3,1
731.88,0.6,139.57,592.31,3,1
910.77,1.0,132.57,778.21,5,1
868.05,0.8,205.49,662.56,4,1
1036.53,1.2,165.38,871.15,6,1
674.59,0.4,144.97,529.62,2,1
1029.32,1.2,158.16,871.15,6,1
864.18,0.8,186.49,677.69,4,1
1280.61,1.6,253.81,1026.79,8,1
933.05,1.0,169.97,763.08,5,1
783.93,0.6,123.54,660.38,3,1
1290.74,1.6,263.95,1026.79,8,1
1298.71,1.8,156.27,1142.44,9,1
836.14,0.6,183.32,652.82,3,1
951.64,1.0,128.05,823.59,5,1
531.6,0.2,57.11,474.49,1,1
843.3,0.8,135.35,707.95,4,1
982.58,1.0,196.81,785.77,5,1
1472.39,2.0,297.51,1174.87,10,1
929.36,1.0,128.46,800.9,5,1
917.62,0.8,255.05,662.56,4,1
969.12,1.2,143.35,825.77,6,1
477.62,0.0,28.0,449.62,0,1
1488.19,2.2,197.68,1290.51,11,1
737.12,0.6,99.43,637.69,3,1
576.17,0.2,124.38,451.79,1,1
1028.0,1.2,164.41,863.59,6,1
1062.35,1.2,213.89,848.46,6,1
1030.39,1.2,151.68,878.72,6,1
950.51,0.8,227.43,723.08,4,1
892.84,0.8,184.89,707.95,4,1
991.33,1.2,142.86,848.46,6,1
1191.22,1.4,196.86,994.36,7,1
1232.44,1.6,251.03,981.41,8,1
485.21,0.0,88.54,396.67,0,1
751.63,0.4,146.38,605.26,2,1
954.56,1.0,115.84,838.72,5,1
519.15,0.0,107.35,411.79,0,1
1300.35,1.8,203.3,1097.05,9,1
930.52,1.0,122.05,808.46,5,1
851.34,0.8,166.08,685.26,4,1
1358.19,1.8,261.14,1097.05,9,1
467.21,0.0,78.11,389.1,0,1
839.17,0.8,146.35,692.82,4,1
748.47,0.6,95.65,652.82,3,1
663.75,0.4,73.62,590.13,2,1
977.76,1.2,136.86,840.9,6,1
855.72,0.6,210.46,645.26,3,1
545.71,0.2,93.92,451.79,1,1
1280.61,1.8,160.86,1119.74,9,1
903.39,1.0,110.05,793.33,5,1
652.29,0.4,69.73,582.56,2,1
950.02,1.0,118.86,831.15,5,1
1165.75,1.4,209.22,956.54,7,1
590.32,0.2,108.27,482.05,1,1
1102.56,1.4,191.41,911.15,7,1
971.38,1.0,170.49,800.9,5,1
1052.48,1.2,188.89,863.59,6,1
1052.49,1.2,204.03,848.46,6,1
980.71,1.0,187.38,793.33,5,1
930.38,1.0,174.86,755.51,5,1
920.85,0.8,228.03,692.82,4,1
787.45,0.6,142.19,645.26,3,1
1361.21,1.8,264.16,1097.05,9,1
660.42,0.4,115.68,544.74,2,1
1041.26,1.2,154.97,886.28,6,1
771.72,0.6,126.46,645.26,3,1
776.16,0.6,100.65,675.51,3,1
663.95,0.4,88.95,575.0,2,1
696.69,0.4,144.38,552.31,2,1
571.17,0.2,104.24,466.92,1,1
959.39,1.0,181.19,778.21,5,1
938.8,1.0,168.16,770.64,5,1
702.18,0.4,112.05,590.13,2,1
962.07,1.0,176.3,785.77,5,1
741.69,0.6,96.43,645.26,3,1
667.91,0.4,123.16,544.74,2,1
515.15,0.0,103.35,411.79,0,1
572.19,0.2,90.14,482.05,1,1
780.47,0.6,127.65,652.82,3,1
1123.28,1.2,282.38,840.9,6,1
960.83,1.0,129.68,831.15,5,1
789.75,0.6,167.19,622.56,3,1
516.22,0.0,96.86,419.36,0,1
785.27,0.6,109.76,675.51,3,1
1100.34,1.4,113.54,986.79,7,1
615.43,0.2,133.38,482.05,1,1
680.44,0.4,120.57,559.87,2,1
734.88,0.6,89.62,645.26,3,1
775.69,0.6,122.86,652.82,3,1
958.07,1.0,179.86,778.21,5,1
939.46,0.8,171.0,768.46,4,1
709.73,0.4,142.3,567.44,2,1
564.29,0.2,82.24,482.05,1,1
791.78,0.6,116.27,675.51,3,1
1011.15,1.2,132.43,878.72,6,1
713.82,0.4,161.51,552.31,2,1
1011.6,1.2,163.14,848.46,6,1
707.49,0.4,140.05,567.44,2,1
839.07,0.8,108.43,730.64,4,1
955.53,1.0,109.24,846.28,5,1
826.21,0.8,103.14,723.08,4,1
1021.05,1.2,217.97,803.08,6,1
758.8,0.6,113.54,645.26,3,1
526.51,0.0,84.46,442.05,0,1
711.56,0.4,113.86,597.69,2,1
1145.59,1.4,181.49,964.1,7,1
547.27,0.2,65.22,482.05,1,1
488.13,0.0,91.46,396.67,0,1
938.21,0.8,215.14,723.08,4,1
532.07,0.0,120.27,411.79,0,1
611.98,0.2,160.19,451.79,1,1
916.81,1.0,93.22,823.59,5,1
980.47,1.0,141.76,838.72,5,1
799.11,0.6,184.11,615.0,3,1
575.17,0.2,123.38,451.79,1,1
754.02,0.6,131.46,622.56,3,1
971.89,0.8,248.81,723.08,4,1
876.35,0.8,153.27,723.08,4,1
887.67,0.8,164.59,723.08,4,1
789.81,0.6,174.81,615.0,3,1
1072.88,1.4,101.22,971.67,7,1
820.45,0.8,142.76,677.69,4,1
1050.86,1.2,126.76,924.1,6,1
714.42,0.4,162.11,552.31,2,1
580.53,0.2,83.35,497.18,1,1
1037.99,1.2,159.27,878.72,6,1
938.04,1.0,152.27,785.77,5,1
801.27,0.6,125.76,675.51,3,1
978.3,1.0,177.41,800.9,5,1
1001.47,1.0,208.14,793.33,5,1
945.63,1.0,205.24,740.38,5,1
972.2,1.0,186.43,785.77,5,1
648.96,0.4,96.65,552.31,2,1
1239.89,1.6,190.41,1049.49,8,1
1147.28,1.6,128.05,1019.23,8,1
476.82,0.0,65.03,411.79,0,1
874.66,0.8,136.46,738.21,4,1
724.86,0.6,94.73,630.13,3,1
1155.67,1.4,184.0,971.67,7,1
939.33,1.0,130.86,808.46,5,1
1030.36,1.2,144.08,886.28,6,1
743.91,0.6,98.65,645.26,3,1
663.69,0.4,111.38,552.31,2,1
952.87,1.0,151.97,800.9,5,1
1117.62,1.4,161.08,956.54,7,1
841.46,0.8,178.89,662.56,4,1
483.68,0.0,64.32,419.36,0,1
687.74,0.4,127.86,559.87,2,1
725.87,0.6,57.92,667.95,3,1
844.45,0.8,106.24,738.21,4,1
1283.57,1.8,194.08,1089.49,9,1
789.63,0.6,182.19,607.44,3,1
1133.94,1.4,162.27,971.67,7,1
666.31,0.4,121.57,544.74,2,1
623.91,0.4,86.73,537.18,2,1
768.73,0.6,146.16,622.56,3,1
778.16,0.6,155.59,622.56,3,1
912.09,0.8,226.84,685.26,4,1
762.66,0.6,109.84,652.82,3,1
729.27,0.6,61.32,667.95,3,1
1016.58,1.2,137.86,878.72,6,1
705.48,0.4,115.35,590.13,2,1
648.68,0.2,189.32,459.36,1,1
803.83,0.6,120.76,683.08,3,1
1031.38,1.2,129.97,901.41,6,1
856.34,0.8,171.08,685.26,4,1
672.91,0.4,143.3,529.62,2,1
768.54,0.6,93.03,675.51,3,1
1051.56,1.2,180.41,871.15,6,1
1532.98,2.0,297.59,1235.38,10,1
903.17,1.0,109.84,793.33,5,1
781.4,0.6,143.7,637.69,3,1
934.81,0.8,211.73,723.08,4,1
1012.64,1.2,149.05,863.59,6,1
845.93,0.8,160.68,685.26,4,1
908.28,1.0,114.95,793.33,5,1
511.53,0.0,114.86,396.67,0,1
790.2,0.6,137.38,652.82,3,1
695.68,0.4,120.68,575.0,2,1
589.74,0.2,77.43,512.31,1,1
920.97,0.8,190.32,730.64,4,1
591.92,0.2,109.86,482.05,1,1
721.74,0.6,68.92,652.82,3,1
985.8,1.0,200.03,785.77,5,1
1141.76,1.4,245.73,896.03,7,1
934.65,1.0,133.76,800.9,5,1
1200.87,1.4,206.51,994.36,7,1
800.14,0.6,185.14,615.0,3,1
531.24,0.0,81.62,449.62,0,1
594.02,0.2,96.84,497.18,1,1
1087.7,1.4,138.73,948.97,7,1
1331.08,1.8,241.59,1089.49,9,1
1060.85,1.2,167.0,893.85,6,1
758.44,0.6,98.05,660.38,3,1
831.3,0.8,123.35,707.95,4,1
622.63,0.2,102.76,519.87,1,1
437.64,0.0,33.41,404.23,0,1
718.68,0.4,158.81,559.87,2,1
768.44,0.6,108.05,660.38,3,1
1066.49,1.2,218.03,848.46,6,1
830.02,0.8,91.81,738.21,4,1
494.21,0.0,97.54,396.67,0,1
478.54,0.0,51.62,426.92,0,1
805.16,0.8,89.65,715.51,4,1
875.28,0.8,121.95,753.33,4,1
544.55,0.2,92.76,451.79,1,1
773.12,0.6,127.86,645.26,3,1
1266.71,1.6,224.78,1041.92,8,1
766.83,0.6,144.27,622.56,3,1
485.35,0.0,96.24,389.1,0,1
904.81,1.0,81.22,823.59,5,1
945.73,1.0,137.27,808.46,5,1
878.8,0.8,201.11,677.69,4,1
784.06,0.6,123.68,660.38,3,1
908.97,1.0,145.89,763.08,5,1
953.84,1.0,145.38,808.46,5,1
970.64,1.0,139.49,831.15,5,1
1072.67,1.2,201.51,871.15,6,1
487.94,0.0,98.84,389.1,0,1
993.32,1.0,177.3,816.03,5,1
763.23,0.6,125.54,637.69,3,1
1072.46,1.2,163.49,908.97,6,1
642.31,0.4,105.14,537.18,2,1
1325.45,1.8,160.32,1165.13,9,1
814.57,0.8,99.05,715.51,4,1
655.24,0.4,125.62,529.62,2,1
656.15,0.4,103.84,552.31,2,1
953.86,1.0,130.27,823.59,5,1
782.23,0.6,136.97,645.26,3,1
845.24,0.8,122.16,723.08,4,1
964.88,1.0,179.11,785.77,5,1
650.08,0.4,67.51,582.56,2,1
551.84,0.2,84.92,466.92,1,1
968.02,1.0,136.86,831.15,5,1
621.0,0.2,78.43,542.56,1,1
1014.53,1.2,143.38,871.15,6,1
1138.11,1.4,121.05,1017.05,7,1
845.56,0.8,167.86,677.69,4,1
660.64,0.4,123.46,537.18,2,1
695.55,0.4,150.81,544.74,2,1
1004.1,1.0,180.51,823.59,5,1
707.07,0.6,61.81,645.26,3,1
764.54,0.6,157.11,607.44,3,1
698.36,0.4,85.54,612.82,2,1
754.11,0.6,93.73,660.38,3,1
1336.86,1.8,239.81,1097.05,9,1
817.5,0.6,179.81,637.69,3,1
662.77,0.4,110.46,552.31,2,1
689.92,0.4,107.35,582.56,2,1
917.41,0.8,217.03,700.38,4,1
805.14,0.8,112.32,692.82,4,1
1064.0,1.4,175.54,888.46,7,1
817.79,0.8,124.97,692.82,4,1
1001.52,1.0,208.19,793.33,5,1
509.97,0.0,120.86,389.1,0,1
569.98,0.2,50.11,519.87,1,1
847.22,0.8,139.27,707.95,4,1
784.13,0.6,108.62,675.51,3,1
733.43,0.6,118.43,615.0,3,1
838.18,0.8,107.54,730.64,4,1
1126.38,1.4,177.41,948.97,7,1
1109.56,1.4,145.46,964.1,7,1
1252.51,1.6,187.89,1064.62,8,1
1272.63,1.8,198.27,1074.36,9,1
1248.14,1.6,206.22,1041.92,8,1
1246.66,1.6,212.3,1034.36,8,1
654.72,0.4,109.97,544.74,2,1
468.94,0.0,79.84,389.1,0,1
1056.51,1.2,192.92,863.59,6,1
1237.89,1.6,173.27,1064.62,8,1
548.09,0.0,121.16,426.92,0,1
1082.08,1.2,218.49,863.59,6,1
1113.67,1.4,149.57,964.1,7,1
796.09,0.8,110.84,685.26,4,1
779.2,0.6,126.38,652.82,3,1
730.14,0.4,162.7,567.44,2,1
