"Total_Cost","Ratio_Reloc_Prod","Horiz_Cost","Vert_Cost","nReloc","non_Optimal"
232001.71,0.4387,41531.7,190470.14,658,138
554.35,0.0,66.92,487.44,0,0
1053.66,1.0,146.86,906.79,5,1
748.35,0.4,112.84,635.51,2,0
705.47,0.2,125.08,580.38,1,0
626.51,0.2,83.95,542.56,1,0
855.09,0.6,134.19,720.9,3,0
749.71,0.4,136.89,612.82,2,1
757.59,0.4,106.95,650.64,2,0
838.8,0.6,148.16,690.64,3,0
528.67,0.0,79.05,449.62,0,0
610.78,0.2,68.22,542.56,1,1
595.65,0.2,68.22,527.44,1,0
1076.32,1.0,192.22,884.1,5,0
724.97,0.4,74.32,650.64,2,0
548.07,0.0,83.32,464.74,0,0
891.3,0.6,155.27,736.03,3,0
825.58,0.6,112.24,713.33,3,0
1591.88,0.8,853.68,738.21,4,1
646.97,0.2,111.97,535.0,1,1
892.33,0.6,179.0,713.33,3,0
968.98,0.8,147.57,821.41,4,1
1012.47,1.2,118.62,893.85,6,1
694.45,0.2,129.19,565.26,1,0
823.53,0.6,132.89,690.64,3,0
662.37,0.4,72.24,590.13,2,0
939.43,0.8,170.97,768.46,4,0
682.96,0.2,110.14,572.82,1,0
624.72,0.2,67.03,557.69,1,0
641.12,0.2,83.43,557.69,1,1
460.12,0.0,48.32,411.79,0,1
808.99,0.4,203.73,605.26,2,0
596.2,0.0,131.46,464.74,0,0
1048.82,1.0,187.41,861.41,5,1
604.81,0.2,69.81,535.0,1,1
915.14,0.6,201.81,713.33,3,0
697.32,0.4,114.76,582.56,2,0
477.03,0.0,50.11,426.92,0,1
619.31,0.2,61.62,557.69,1,0
1044.47,1.0,145.24,899.23,5,1
733.07,0.4,135.38,597.69,2,0
622.03,0.2,87.03,535.0,1,0
885.38,0.6,217.43,667.95,3,0
537.28,0.0,72.54,464.74,0,0
862.91,0.6,164.7,698.21,3,0
820.86,0.4,177.78,643.08,2,0
1067.39,1.2,188.68,878.72,6,0
654.33,0.2,126.89,527.44,1,1
480.05,0.0,38.0,442.05,0,1
926.44,0.6,213.11,713.33,3,0
733.58,0.4,120.76,612.82,2,0
469.47,0.0,50.11,419.36,0,0
832.1,0.4,189.03,643.08,2,1
639.54,0.4,72.11,567.44,2,1
660.04,0.2,102.35,557.69,1,1
735.13,0.4,99.62,635.51,2,0
800.73,0.6,132.78,667.95,3,1
1073.1,1.0,241.95,831.15,5,1
547.58,0.0,82.84,464.74,0,1
748.21,0.4,150.51,597.69,2,0
497.72,0.0,48.11,449.62,0,0
654.38,0.2,119.38,535.0,1,0
945.0,0.8,161.41,783.59,4,1
653.37,0.2,103.24,550.13,1,0
635.33,0.2,115.46,519.87,1,0
977.64,1.0,146.49,831.15,5,1
1003.31,0.8,197.03,806.28,4,0
865.64,0.6,122.05,743.59,3,0
841.21,0.4,198.14,643.08,2,0
670.77,0.2,97.95,572.82,1,1
795.88,0.6,105.24,690.64,3,1
687.36,0.2,114.54,572.82,1,0
776.29,0.6,93.22,683.08,3,0
1052.66,1.0,198.81,853.85,5,1
451.58,0.0,32.22,419.36,0,0
1179.94,1.6,115.32,1064.62,8,1
738.53,0.2,180.84,557.69,1,0
764.93,0.6,66.73,698.21,3,0
916.3,0.6,195.41,720.9,3,0
644.95,0.2,125.08,519.87,1,1
826.27,0.6,97.81,728.46,3,0
816.16,0.6,80.14,736.03,3,1
674.61,0.4,76.92,597.69,2,0
526.21,0.0,69.03,457.18,0,0
703.48,0.4,113.35,590.13,2,0
945.05,0.8,153.89,791.15,4,1
1004.88,1.0,158.59,846.28,5,1
764.48,0.4,113.84,650.64,2,1
974.84,0.8,198.81,776.03,4,1
653.01,0.2,87.76,565.26,1,1
676.91,0.2,111.65,565.26,1,0
507.78,0.0,65.73,442.05,0,0
1055.47,0.8,256.76,798.72,4,1
777.47,0.4,111.7,665.77,2,0
771.59,0.4,120.95,650.64,2,1
797.29,0.4,139.08,658.21,2,1
757.11,0.4,129.16,627.95,2,1
1113.56,1.0,282.41,831.15,5,0
863.28,0.4,197.51,665.77,2,0
1017.52,0.8,196.11,821.41,4,1
823.6,0.4,150.27,673.33,2,1
925.31,0.6,166.59,758.72,3,0
571.83,0.0,114.65,457.18,0,1
1493.15,0.8,754.95,738.21,4,1
766.72,0.6,68.51,698.21,3,0
532.86,0.0,90.81,442.05,0,0
708.38,0.4,80.43,627.95,2,0
546.58,0.0,81.84,464.74,0,0
848.89,0.6,180.95,667.95,3,1
903.32,0.6,167.3,736.03,3,0
810.85,0.4,145.08,665.77,2,0
535.07,0.0,70.32,464.74,0,1
541.77,0.0,77.03,464.74,0,0
762.14,0.4,141.76,620.38,2,0
629.7,0.2,87.14,542.56,1,1
856.0,0.6,172.92,683.08,3,1
476.0,0.0,41.51,434.49,0,1
510.05,0.0,68.0,442.05,0,0
761.91,0.6,78.84,683.08,3,0
610.2,0.2,105.46,504.74,1,1
660.83,0.4,63.14,597.69,2,1
935.68,0.8,174.78,760.9,4,1
760.83,0.4,170.7,590.13,2,0
624.58,0.2,112.27,512.31,1,0
1149.21,0.4,612.03,537.18,2,1
507.46,0.0,80.54,426.92,0,0
1176.61,1.4,189.81,986.79,7,0
529.64,0.0,80.03,449.62,0,0
953.86,0.8,170.27,783.59,4,1
768.25,0.6,107.86,660.38,3,1
1156.52,1.2,202.16,954.36,6,0
532.26,0.0,67.51,464.74,0,0
544.57,0.0,110.08,434.49,0,0
940.73,0.8,172.27,768.46,4,1
1083.06,1.0,214.08,868.97,5,0
783.19,0.4,147.68,635.51,2,0
536.5,0.0,79.32,457.18,0,0
644.45,0.0,194.84,449.62,0,0
968.47,0.8,162.19,806.28,4,1
513.91,0.0,56.73,457.18,0,0
930.23,0.8,123.95,806.28,4,1
845.67,0.6,162.59,683.08,3,1
951.96,0.6,200.81,751.15,3,0
574.7,0.0,125.08,449.62,0,1
695.59,0.2,145.46,550.13,1,1
786.26,0.4,128.05,658.21,2,0
674.75,0.2,132.19,542.56,1,1
598.9,0.2,79.03,519.87,1,0
1023.66,0.8,224.95,798.72,4,1
997.69,0.8,191.41,806.28,4,1
602.43,0.2,67.43,535.0,1,0
543.39,0.0,78.65,464.74,0,0
662.64,0.2,104.95,557.69,1,0
744.23,0.4,138.97,605.26,2,0
647.74,0.2,127.86,519.87,1,1
721.77,0.4,124.08,597.69,2,1
823.54,0.4,195.59,627.95,2,1
828.56,0.4,177.92,650.64,2,1
729.87,0.4,117.05,612.82,2,1
848.26,0.4,197.62,650.64,2,0
683.58,0.2,125.89,557.69,1,1
613.48,0.2,70.92,542.56,1,0
823.34,0.4,157.57,665.77,2,0
1013.31,0.8,207.03,806.28,4,0
984.9,0.8,171.05,813.85,4,0
1015.15,0.6,248.86,766.28,3,1
714.32,0.4,78.81,635.51,2,1
755.76,0.6,80.24,675.51,3,1
742.21,0.4,99.14,643.08,2,1
1027.67,0.8,183.57,844.1,4,0
622.36,0.2,57.11,565.26,1,0
510.8,0.0,53.62,457.18,0,0
575.93,0.2,63.62,512.31,1,1
905.78,0.6,215.14,690.64,3,1
1053.08,1.0,168.97,884.1,5,1
705.2,0.2,132.38,572.82,1,1
649.07,0.2,83.81,565.26,1,0
769.98,0.6,102.03,667.95,3,1
522.46,0.0,95.54,426.92,0,1
466.98,0.0,47.62,419.36,0,0
574.79,0.2,54.92,519.87,1,0
897.12,0.8,158.92,738.21,4,1
816.0,0.8,92.92,723.08,4,0
576.16,0.0,134.11,442.05,0,1
975.47,0.6,216.76,758.72,3,1
1001.69,1.0,155.41,846.28,5,0
814.4,0.6,123.76,690.64,3,1
726.1,0.4,83.03,643.08,2,1
539.42,0.0,82.24,457.18,0,0
469.3,0.0,34.81,434.49,0,1
501.97,0.0,59.92,442.05,0,1
982.32,0.8,251.68,730.64,4,1
928.5,0.8,129.78,798.72,4,0
661.92,0.2,134.49,527.44,1,1
531.54,0.2,64.62,466.92,1,1
741.8,0.2,184.11,557.69,1,0
788.86,0.4,145.78,643.08,2,0
787.1,0.4,136.46,650.64,2,1
669.81,0.2,142.38,527.44,1,1
514.43,0.0,64.81,449.62,0,0
512.1,0.0,54.92,457.18,0,1
749.91,0.4,106.84,643.08,2,0
553.04,0.0,95.86,457.18,0,1
1061.09,1.2,159.68,901.41,6,1
846.78,0.6,163.7,683.08,3,0
718.38,0.4,98.0,620.38,2,1
440.31,0.0,28.51,411.79,0,1
829.35,0.6,146.27,683.08,3,0
535.75,0.0,86.14,449.62,0,0
1030.53,0.8,239.38,791.15,4,1
788.27,0.6,120.32,667.95,3,0
602.85,0.2,90.54,512.31,1,1
758.43,0.4,115.35,643.08,2,0
556.87,0.0,122.38,434.49,0,1
475.51,0.0,41.03,434.49,0,0
542.1,0.2,44.92,497.18,1,1
470.39,0.0,51.03,419.36,0,0
1055.69,1.2,169.41,886.28,6,1
659.67,0.4,69.54,590.13,2,0
547.43,0.2,57.81,489.62,1,0
675.26,0.2,117.57,557.69,1,1
1199.3,0.6,584.3,615.0,3,1
929.79,0.6,208.89,720.9,3,0
688.61,0.4,83.35,605.26,2,0
635.12,0.2,77.43,557.69,1,1
1043.09,0.2,538.35,504.74,1,1
809.36,0.6,96.03,713.33,3,0
840.78,0.4,197.7,643.08,2,0
479.41,0.0,44.92,434.49,0,0
1288.39,1.6,201.08,1087.31,8,0
765.16,0.4,122.08,643.08,2,1
882.44,0.6,169.11,713.33,3,1
811.56,0.6,113.35,698.21,3,0
769.16,0.6,101.22,667.95,3,1
1093.9,0.2,581.59,512.31,1,1
533.37,0.0,68.62,464.74,0,0
871.69,0.6,173.49,698.21,3,0
783.96,0.2,226.27,557.69,1,0
1006.55,1.0,160.27,846.28,5,0
835.47,0.4,169.7,665.77,2,0
549.46,0.0,114.97,434.49,0,1
716.32,0.4,80.81,635.51,2,0
612.53,0.0,147.78,464.74,0,1
620.14,0.2,85.14,535.0,1,0
686.93,0.4,74.11,612.82,2,1
1411.73,1.8,269.3,1142.44,9,1
823.09,0.2,303.22,519.87,1,1
644.78,0.2,109.78,535.0,1,0
831.1,0.6,140.46,690.64,3,0
660.94,0.2,103.24,557.69,1,1
755.44,0.4,135.05,620.38,2,0
825.27,0.6,142.19,683.08,3,0
918.4,0.8,142.38,776.03,4,0
908.35,0.8,124.76,783.59,4,1
890.78,0.6,147.19,743.59,3,0
597.22,0.2,77.35,519.87,1,0
866.02,0.6,114.86,751.15,3,0
527.18,0.0,62.43,464.74,0,0
780.88,0.6,90.24,690.64,3,1
1162.02,1.2,237.92,924.1,6,0
1422.09,1.6,327.22,1094.87,8,0
1132.82,1.0,226.03,906.79,5,1
537.07,0.0,87.46,449.62,0,0
708.22,0.4,87.84,620.38,2,0
498.9,0.0,79.54,419.36,0,1
781.89,0.4,146.38,635.51,2,1
487.41,0.0,52.92,434.49,0,0
849.9,0.4,169.0,680.9,2,0
646.47,0.2,81.22,565.26,1,1
1159.43,1.2,182.38,977.05,6,0
702.73,0.4,135.3,567.44,2,1
935.52,0.8,174.62,760.9,4,0
667.45,0.2,109.76,557.69,1,1
591.0,0.2,56.0,535.0,1,1
1020.24,1.0,151.27,868.97,5,1
1091.49,0.8,323.03,768.46,4,1
714.03,0.2,133.65,580.38,1,1
794.37,0.4,136.16,658.21,2,1
697.5,0.2,132.24,565.26,1,1
472.06,0.0,52.7,419.36,0,0
903.11,0.8,134.65,768.46,4,0
646.62,0.2,104.05,542.56,1,1
603.2,0.2,98.46,504.74,1,0
672.56,0.4,82.43,590.13,2,1
838.95,0.8,85.62,753.33,4,0
843.37,0.4,192.73,650.64,2,1
779.24,0.4,136.16,643.08,2,0
1016.96,0.8,210.68,806.28,4,0
878.24,0.6,134.65,743.59,3,1
1159.49,1.2,190.0,969.49,6,0
648.43,0.2,113.43,535.0,1,1
1142.68,1.0,228.32,914.36,5,0
607.98,0.2,80.54,527.44,1,1
850.22,0.6,174.7,675.51,3,1
623.42,0.0,151.11,472.31,0,0
1182.54,1.2,220.62,961.92,6,0
576.36,0.0,104.05,472.31,0,1
545.37,0.0,95.76,449.62,0,0
587.28,0.2,82.54,504.74,1,0
851.24,0.8,75.22,776.03,4,1
1444.35,2.0,193.84,1250.51,10,1
