"Total_Cost","Ratio_Reloc_Prod","Horiz_Cost","Vert_Cost","nReloc","non_Optimal"
238929.45,0.444,46550.96,192378.58,666,300
554.35,0.0,66.92,487.44,0,1
1236.89,1.0,299.84,937.05,5,1
737.74,0.4,117.35,620.38,2,1
619.18,0.2,53.92,565.26,1,1
611.29,0.2,68.73,542.56,1,1
837.76,0.6,116.86,720.9,3,1
752.98,0.4,132.59,620.38,2,1
736.51,0.4,93.43,643.08,2,1
819.88,0.6,129.24,690.64,3,1
530.37,0.0,80.76,449.62,0,1
614.97,0.2,72.41,542.56,1,1
588.65,0.2,61.22,527.44,1,1
1086.91,1.0,202.81,884.1,5,1
724.97,0.4,74.32,650.64,2,1
529.55,0.0,64.81,464.74,0,1
873.67,0.6,137.65,736.03,3,1
825.06,0.6,111.73,713.33,3,1
960.06,0.8,138.65,821.41,4,1
599.76,0.2,72.32,527.44,1,1
912.09,0.6,206.32,705.77,3,1
967.12,0.8,153.27,813.85,4,1
1141.45,1.2,217.35,924.1,6,1
737.36,0.2,172.11,565.26,1,1
825.53,0.6,134.89,690.64,3,1
717.85,0.4,120.16,597.69,2,1
949.23,0.8,195.89,753.33,4,1
688.2,0.2,122.95,565.26,1,1
727.15,0.2,161.89,565.26,1,1
636.34,0.2,86.22,550.13,1,1
473.14,0.0,46.22,426.92,0,1
821.96,0.4,209.14,612.82,2,1
641.56,0.0,199.51,442.05,0,1
1012.94,1.0,181.78,831.15,5,1
779.73,0.6,104.22,675.51,3,1
844.37,0.6,161.3,683.08,3,1
713.0,0.4,145.57,567.44,2,1
622.19,0.2,79.62,542.56,1,1
524.96,0.0,60.22,464.74,0,1
1164.76,1.2,195.27,969.49,6,1
759.51,0.4,169.38,590.13,2,1
836.22,0.4,200.7,635.51,2,1
981.4,0.6,290.76,690.64,3,1
518.91,0.0,61.73,457.18,0,1
1002.35,0.8,226.32,776.03,4,1
838.59,0.4,195.51,643.08,2,1
1033.87,0.8,265.41,768.46,4,1
802.49,0.4,182.11,620.38,2,1
552.74,0.2,48.0,504.74,1,1
1114.85,1.0,276.14,838.72,5,1
784.69,0.4,171.86,612.82,2,1
447.2,0.0,35.41,411.79,0,1
935.77,0.6,222.43,713.33,3,1
701.32,0.4,126.32,575.0,2,1
867.25,0.6,146.35,720.9,3,1
770.4,0.4,127.32,643.08,2,1
823.81,0.6,148.3,675.51,3,1
844.82,0.4,224.43,620.38,2,1
537.37,0.0,72.62,464.74,0,1
830.63,0.4,210.24,620.38,2,1
505.83,0.0,56.22,449.62,0,1
654.38,0.2,119.38,535.0,1,1
812.9,0.6,99.57,713.33,3,1
609.97,0.2,67.41,542.56,1,1
721.27,0.2,186.27,535.0,1,1
952.84,0.8,176.81,776.03,4,1
1040.71,0.8,219.3,821.41,4,1
740.18,0.4,89.54,650.64,2,1
888.19,0.6,167.3,720.9,3,1
679.87,0.2,107.05,572.82,1,1
966.23,0.8,175.08,791.15,4,1
670.09,0.2,104.84,565.26,1,1
799.37,0.6,108.73,690.64,3,1
1025.16,0.6,281.57,743.59,3,1
451.36,0.0,32.0,419.36,0,1
1122.98,1.0,216.19,906.79,5,1
761.48,0.2,211.35,550.13,1,1
774.49,0.4,138.97,635.51,2,1
813.82,0.2,248.57,565.26,1,1
761.43,0.4,171.3,590.13,2,1
1085.23,1.0,193.57,891.67,5,1
884.85,0.6,179.08,705.77,3,1
682.34,0.2,117.08,565.26,1,1
550.58,0.0,85.84,464.74,0,1
662.41,0.2,134.97,527.44,1,1
828.68,0.6,115.35,713.33,3,1
1129.61,0.6,370.89,758.72,3,1
880.9,0.6,167.57,713.33,3,1
951.2,0.6,237.86,713.33,3,1
843.01,0.6,129.68,713.33,3,1
642.88,0.2,92.76,550.13,1,1
538.37,0.0,88.76,449.62,0,1
1070.86,0.8,287.27,783.59,4,1
678.82,0.2,106.0,572.82,1,1
782.64,0.4,139.57,643.08,2,1
668.54,0.2,125.97,542.56,1,1
850.0,0.4,214.49,635.51,2,1
1102.37,0.8,311.22,791.15,4,1
927.07,0.4,261.3,665.77,2,1
1331.0,1.4,313.95,1017.05,7,1
814.44,0.4,148.68,665.77,2,1
1262.03,1.2,292.54,969.49,6,1
644.46,0.2,109.46,535.0,1,1
899.79,0.6,171.32,728.46,3,1
796.08,0.6,128.14,667.95,3,1
621.92,0.2,86.92,535.0,1,1
564.91,0.0,100.16,464.74,0,1
871.3,0.6,135.27,736.03,3,1
1154.97,1.2,238.43,916.54,6,1
986.08,0.6,250.05,736.03,3,1
819.53,0.4,153.76,665.77,2,1
578.07,0.0,113.32,464.74,0,1
534.25,0.0,107.32,426.92,0,1
628.84,0.2,93.84,535.0,1,1
682.67,0.2,132.54,550.13,1,1
866.57,0.6,191.05,675.51,3,1
589.62,0.0,147.57,442.05,0,1
444.5,0.0,32.7,411.79,0,1
811.07,0.6,112.86,698.21,3,1
569.97,0.2,80.35,489.62,1,1
770.5,0.4,157.68,612.82,2,1
689.02,0.2,138.89,550.13,1,1
624.36,0.2,112.05,512.31,1,1
599.72,0.2,94.97,504.74,1,1
609.5,0.2,104.76,504.74,1,1
485.85,0.0,74.05,411.79,0,1
1311.38,1.2,349.46,961.92,6,1
829.03,0.4,208.65,620.38,2,1
688.34,0.2,130.65,557.69,1,1
550.4,0.0,108.35,442.05,0,1
901.39,0.8,148.05,753.33,4,1
538.47,0.0,73.73,464.74,0,1
797.23,0.6,144.41,652.82,3,1
907.09,0.6,186.19,720.9,3,1
1219.57,1.0,297.65,921.92,5,1
1185.11,0.8,363.7,821.41,4,1
667.07,0.2,116.95,550.13,1,1
1354.9,1.2,392.97,961.92,6,1
903.44,0.4,237.68,665.77,2,1
593.26,0.0,136.08,457.18,0,1
671.61,0.2,106.35,565.26,1,1
822.94,0.6,139.86,683.08,3,1
938.2,0.4,272.43,665.77,2,1
690.86,0.2,148.3,542.56,1,1
724.42,0.2,159.16,565.26,1,1
1003.27,0.6,267.24,736.03,3,1
746.18,0.2,180.92,565.26,1,1
661.24,0.2,118.68,542.56,1,1
1057.82,0.6,291.54,766.28,3,1
1236.25,1.0,329.46,906.79,5,1
631.19,0.2,103.76,527.44,1,1
529.42,0.0,72.24,457.18,0,1
685.67,0.2,127.97,557.69,1,1
899.59,0.6,208.95,690.64,3,1
835.07,0.6,136.86,698.21,3,1
773.79,0.4,160.97,612.82,2,1
1117.62,1.0,248.65,868.97,5,1
850.59,0.4,207.51,643.08,2,1
655.13,0.2,112.57,542.56,1,1
1078.19,0.8,249.22,828.97,4,1
581.23,0.0,116.49,464.74,0,1
578.42,0.0,113.68,464.74,0,1
986.84,0.6,250.81,736.03,3,1
1171.99,1.2,240.32,931.67,6,1
993.95,0.8,164.97,828.97,4,1
961.62,0.6,218.03,743.59,3,1
836.04,0.6,137.84,698.21,3,1
747.15,0.4,88.95,658.21,2,1
631.47,0.2,66.22,565.26,1,1
1037.68,0.8,208.7,828.97,4,1
651.83,0.2,94.14,557.69,1,1
584.35,0.2,94.73,489.62,1,1
547.46,0.0,112.97,434.49,0,1
1153.72,1.0,315.0,838.72,5,1
1000.96,0.6,242.24,758.72,3,1
839.96,0.4,174.19,665.77,2,1
824.34,0.4,158.57,665.77,2,1
715.09,0.4,109.84,605.26,2,1
560.91,0.0,96.16,464.74,0,1
441.2,0.0,29.41,411.79,0,1
613.81,0.2,78.81,535.0,1,1
826.97,0.6,143.89,683.08,3,1
656.4,0.2,113.84,542.56,1,1
702.7,0.4,112.57,590.13,2,1
978.16,0.8,202.14,776.03,4,1
857.38,0.6,121.35,736.03,3,1
787.58,0.4,129.38,658.21,2,1
969.56,0.6,225.97,743.59,3,1
582.14,0.0,147.65,434.49,0,1
564.74,0.2,60.0,504.74,1,1
449.36,0.0,30.0,419.36,0,1
1207.23,1.2,260.43,946.79,6,1
687.96,0.2,130.27,557.69,1,1
564.56,0.0,114.95,449.62,0,1
755.63,0.4,135.24,620.38,2,1
1013.0,1.0,189.41,823.59,5,1
1101.94,1.0,225.41,876.54,5,1
665.02,0.2,122.46,542.56,1,1
775.42,0.2,217.73,557.69,1,1
533.83,0.0,84.22,449.62,0,1
540.43,0.0,98.38,442.05,0,1
740.14,0.4,119.76,620.38,2,1
602.37,0.0,145.19,457.18,0,1
668.02,0.2,125.46,542.56,1,1
1052.41,0.8,283.95,768.46,4,1
684.23,0.2,126.54,557.69,1,1
534.49,0.0,100.0,434.49,0,1
958.88,0.8,160.16,798.72,4,1
499.36,0.0,80.0,419.36,0,1
803.95,0.4,176.0,627.95,2,1
629.0,0.2,94.0,535.0,1,1
791.05,0.4,155.54,635.51,2,1
869.92,0.6,141.46,728.46,3,1
549.35,0.0,114.86,434.49,0,1
487.51,0.0,53.03,434.49,0,1
591.76,0.2,64.32,527.44,1,1
443.31,0.0,31.51,411.79,0,1
1076.94,1.2,160.41,916.54,6,1
983.32,0.8,207.3,776.03,4,1
988.38,0.8,219.92,768.46,4,1
854.19,0.6,171.11,683.08,3,1
723.53,0.2,158.27,565.26,1,1
989.62,0.8,213.59,776.03,4,1
818.56,0.4,175.49,643.08,2,1
733.99,0.2,176.3,557.69,1,1
707.15,0.4,109.46,597.69,2,1
660.23,0.2,102.54,557.69,1,1
1133.73,1.2,232.32,901.41,6,1
646.93,0.4,34.11,612.82,2,1
1128.19,0.8,306.78,821.41,4,1
861.82,0.6,140.92,720.9,3,1
877.05,0.6,141.03,736.03,3,1
653.28,0.2,88.03,565.26,1,1
461.19,0.0,26.7,434.49,0,1
598.98,0.2,71.54,527.44,1,1
650.66,0.4,45.41,605.26,2,1
993.22,1.0,184.76,808.46,5,1
780.46,0.2,237.89,542.56,1,1
964.52,0.6,236.05,728.46,3,1
763.11,0.4,135.16,627.95,2,1
945.03,0.8,169.0,776.03,4,1
621.11,0.2,86.11,535.0,1,1
560.05,0.0,125.57,434.49,0,1
664.51,0.2,129.51,535.0,1,1
775.22,0.6,114.84,660.38,3,1
1244.56,1.2,267.51,977.05,6,1
596.9,0.2,77.03,519.87,1,1
510.81,0.0,76.32,434.49,0,1
889.63,0.8,143.86,745.77,4,1
698.83,0.4,116.27,582.56,2,1
835.9,0.6,175.51,660.38,3,1
724.4,0.2,166.7,557.69,1,1
1292.98,1.0,386.19,906.79,5,1
724.77,0.2,159.51,565.26,1,1
551.06,0.0,78.76,472.31,0,1
570.29,0.0,120.68,449.62,0,1
718.21,0.4,75.14,643.08,2,1
914.77,0.8,161.43,753.33,4,1
761.46,0.4,125.95,635.51,2,1
1240.58,1.4,261.35,979.23,7,1
1200.75,1.0,316.65,884.1,5,1
1287.43,1.2,317.95,969.49,6,1
758.28,0.4,137.89,620.38,2,1
455.52,0.0,43.73,411.79,0,1
700.32,0.2,150.19,550.13,1,1
832.53,0.6,126.76,705.77,3,1
707.31,0.4,109.62,597.69,2,1
914.0,0.6,177.97,736.03,3,1
524.53,0.0,74.92,449.62,0,1
1289.09,1.6,148.84,1140.26,8,1
885.84,0.6,210.32,675.51,3,1
763.31,0.4,150.49,612.82,2,1
992.45,0.8,201.3,791.15,4,1
729.85,0.2,172.16,557.69,1,1
852.42,0.6,146.65,705.77,3,1
928.08,0.6,199.62,728.46,3,1
778.75,0.4,135.68,643.08,2,1
929.09,0.6,208.19,720.9,3,1
677.18,0.2,127.05,550.13,1,1
446.5,0.0,34.7,411.79,0,1
1280.29,1.4,248.11,1032.18,7,1
721.75,0.4,124.05,597.69,2,1
716.04,0.4,118.35,597.69,2,1
799.96,0.4,194.7,605.26,2,1
775.91,0.6,92.84,683.08,3,1
685.61,0.2,135.49,550.13,1,1
1128.64,1.2,196.97,931.67,6,1
1150.57,0.8,314.03,836.54,4,1
791.92,0.4,163.97,627.95,2,1
799.14,0.4,171.19,627.95,2,1
662.02,0.2,119.46,542.56,1,1
1064.1,0.8,204.86,859.23,4,1
705.7,0.2,170.7,535.0,1,1
882.51,0.6,207.0,675.51,3,1
641.81,0.2,114.38,527.44,1,1
1074.52,0.8,260.68,813.85,4,1
575.63,0.0,95.76,479.87,0,1
659.31,0.2,147.0,512.31,1,1
801.57,0.4,173.62,627.95,2,1
792.26,0.4,141.62,650.64,2,1
1145.73,1.0,276.76,868.97,5,1
