"Total_Cost","Ratio_Reloc_Prod","Horiz_Cost","Vert_Cost","nReloc","non_Optimal"
221968.67,0.4327,31699.65,190268.97,649,150
1790.15,0.7,202.46,1587.69,7,1
1699.75,0.6,280.65,1419.1,6,1
1516.59,0.4,230.43,1286.15,4,1
1358.24,0.2,227.73,1130.51,2,1
1597.75,0.5,226.22,1371.54,5,1
1949.62,0.9,244.11,1705.51,9,1
1764.18,0.7,305.08,1459.1,7,1
1298.96,0.2,198.7,1100.26,2,1
1329.12,0.3,188.86,1140.26,3,1
1392.48,0.3,199.27,1193.21,3,1
2064.57,1.0,334.19,1730.38,10,1
1618.11,0.6,206.57,1411.54,6,1
1158.46,0.2,96.03,1062.44,2,1
1637.4,0.6,218.3,1419.1,6,1
1318.97,0.2,233.84,1085.13,2,1
1415.11,0.4,151.65,1263.46,4,1
1321.58,0.3,173.76,1147.82,3,1
1722.97,0.7,263.86,1459.1,7,1
1309.4,0.2,216.7,1092.69,2,1
1319.6,0.2,204.22,1115.38,2,1
1843.37,0.7,316.19,1527.18,7,1
1078.81,0.0,194.7,884.1,0,1
1409.24,0.3,223.59,1185.64,3,1
1368.6,0.3,213.22,1155.38,3,1
1248.5,0.3,115.81,1132.69,3,1
1433.15,0.4,192.38,1240.77,4,1
1663.6,0.5,307.19,1356.41,5,1
1159.02,0.1,181.97,977.05,1,1
1676.53,0.7,202.3,1474.23,7,1
1458.71,0.4,210.38,1248.33,4,1
1083.68,0.1,121.76,961.92,1,1
1457.67,0.5,199.59,1258.08,5,1
1603.6,0.6,207.19,1396.41,6,1
1318.83,0.3,193.7,1125.13,3,1
1245.51,0.2,160.38,1085.13,2,1
1589.12,0.6,215.41,1373.72,6,1
1075.72,0.1,144.05,931.67,1,1
1393.5,0.5,165.68,1227.82,5,1
1329.31,0.3,181.49,1147.82,3,1
1571.64,0.5,237.92,1333.72,5,1
1404.0,0.3,225.92,1178.08,3,1
1671.54,0.6,267.57,1403.97,6,1
1815.27,0.7,310.78,1504.49,7,1
1636.09,0.5,279.68,1356.41,5,1
1421.12,0.3,227.92,1193.21,3,1
1186.25,0.2,123.81,1062.44,2,1
1845.68,0.8,301.19,1544.49,8,1
1137.17,0.1,129.86,1007.31,1,1
1690.52,0.6,301.68,1388.85,6,1
1300.79,0.3,152.97,1147.82,3,1
1840.86,0.8,273.68,1567.18,8,1
1303.73,0.3,125.65,1178.08,3,1
1464.53,0.4,178.38,1286.15,4,1
1320.68,0.2,205.3,1115.38,2,1
1552.8,0.4,266.65,1286.15,4,1
1286.82,0.2,186.57,1100.26,2,1
1839.97,0.8,280.35,1559.62,8,1
1527.08,0.4,248.49,1278.59,4,1
1452.86,0.4,181.84,1271.03,4,1
1150.15,0.2,102.84,1047.31,2,1
1406.63,0.4,165.86,1240.77,4,1
1325.63,0.3,170.24,1155.38,3,1
1320.2,0.3,172.38,1147.82,3,1
1243.73,0.2,181.3,1062.44,2,1
1368.38,0.3,213.0,1155.38,3,1
1400.4,0.3,222.32,1178.08,3,1
1144.2,0.1,144.46,999.74,1,1
1318.65,0.3,148.14,1170.51,3,1
1818.33,0.8,273.84,1544.49,8,1
1431.86,0.3,246.22,1185.64,3,1
1355.25,0.3,192.3,1162.95,3,1
1521.25,0.5,217.78,1303.46,5,1
1843.35,0.9,243.73,1599.62,9,1
1741.41,0.7,236.92,1504.49,7,1
1365.27,0.4,154.76,1210.51,4,1
1651.83,0.5,257.59,1394.23,5,1
1430.45,0.5,164.81,1265.64,5,1
1438.96,0.4,198.19,1240.77,4,1
1505.23,0.3,296.89,1208.33,3,1
1070.38,0.1,93.32,977.05,1,1
1399.16,0.4,181.08,1218.08,4,1
1648.77,0.6,259.92,1388.85,6,1
1853.32,0.8,301.27,1552.05,8,1
1465.7,0.3,280.05,1185.64,3,1
1231.43,0.2,153.86,1077.56,2,1
1510.48,0.4,277.27,1233.21,4,1
1671.3,0.6,214.38,1456.92,6,1
1717.28,0.7,227.92,1489.36,7,1
1412.34,0.4,186.7,1225.64,4,1
1395.32,0.4,184.81,1210.51,4,1
1444.03,0.4,180.57,1263.46,4,1
1535.57,0.5,224.54,1311.03,5,1
1251.29,0.2,166.16,1085.13,2,1
1573.97,0.5,210.0,1363.97,5,1
1564.92,0.6,213.89,1351.03,6,1
1520.27,0.5,216.81,1303.46,5,1
1622.48,0.5,250.95,1371.54,5,1
1887.24,0.7,367.62,1519.62,7,1
1651.97,0.7,208.0,1443.97,7,1
1220.18,0.2,119.92,1100.26,2,1
1369.84,0.3,259.84,1110.0,3,1
1949.82,0.8,359.95,1589.87,8,1
1244.27,0.1,206.7,1037.56,1,1
1315.29,0.4,97.22,1218.08,4,1
1349.07,0.3,155.86,1193.21,3,1
1702.21,0.6,275.54,1426.67,6,1
1141.77,0.2,102.03,1039.74,2,1
1353.81,0.3,190.86,1162.95,3,1
1305.45,0.3,165.19,1140.26,3,1
1374.17,0.4,178.78,1195.38,4,1
1309.65,0.3,154.27,1155.38,3,1
1365.97,0.3,187.89,1178.08,3,1
1486.99,0.4,246.22,1240.77,4,1
1613.41,0.4,304.57,1308.85,4,1
2135.17,1.1,304.27,1830.9,11,1
1249.78,0.2,164.65,1085.13,2,1
1278.37,0.3,153.24,1125.13,3,1
1665.07,0.8,150.84,1514.23,8,1
1340.95,0.4,130.43,1210.51,4,1
1292.42,0.2,252.68,1039.74,2,1
1341.17,0.3,185.78,1155.38,3,1
1443.97,0.4,172.95,1271.03,4,1
1347.5,0.3,199.68,1147.82,3,1
1695.09,0.7,213.3,1481.79,7,1
1358.8,0.3,173.16,1185.64,3,1
1361.64,0.3,228.95,1132.69,3,1
1378.98,0.3,163.08,1215.9,3,1
1729.03,0.7,239.68,1489.36,7,1
1512.36,0.3,356.97,1155.38,3,1
1698.71,0.7,201.78,1496.92,7,1
1559.1,0.4,272.95,1286.15,4,1
1818.47,0.7,276.16,1542.31,7,1
1113.65,0.1,144.16,969.49,1,1
1471.36,0.5,190.59,1280.77,5,1
1487.9,0.5,192.0,1295.9,5,1
996.05,0.0,111.95,884.1,0,1
1829.67,0.9,222.49,1607.18,9,1
1573.75,0.6,207.59,1366.15,6,1
1927.1,0.9,266.97,1660.13,9,1
2023.98,0.9,341.16,1682.82,9,1
1458.45,0.3,265.24,1193.21,3,1
1404.79,0.4,156.46,1248.33,4,1
1407.34,0.4,181.7,1225.64,4,1
1601.78,0.6,235.62,1366.15,6,1
1109.42,0.0,202.62,906.79,0,1
1330.98,0.3,183.16,1147.82,3,1
1444.91,0.5,179.27,1265.64,5,1
2267.11,1.2,396.22,1870.9,12,1
1207.26,0.2,122.14,1085.13,2,1
1507.43,0.5,196.41,1311.03,5,1
