"Total_Cost","Ratio_Reloc_Prod","Horiz_Cost","Vert_Cost","nReloc","non_Optimal"
266665.42,0.788,53956.93,212708.46,1182,101
755.34,0.4,165.22,590.13,2,0
946.32,1.0,190.81,755.51,5,1
711.0,0.6,88.43,622.56,3,0
524.65,0.2,57.73,466.92,1,0
870.57,1.0,115.05,755.51,5,0
765.31,0.6,173.0,592.31,3,0
520.84,0.2,53.92,466.92,1,0
905.85,1.0,173.03,732.82,5,0
846.49,0.8,191.49,655.0,4,0
722.58,0.6,77.32,645.26,3,0
576.29,0.2,94.24,482.05,1,0
775.76,0.4,261.27,514.49,2,0
881.36,0.8,120.46,760.9,4,0
1488.69,2.2,296.51,1192.18,11,1
976.54,1.2,112.95,863.59,6,0
864.61,0.6,234.49,630.13,3,0
1279.8,1.4,361.08,918.72,7,1
1164.73,1.2,316.27,848.46,6,1
591.12,0.2,131.76,459.36,1,0
908.57,0.8,200.62,707.95,4,1
855.87,0.8,147.92,707.95,4,0
483.02,0.0,93.92,389.1,0,0
760.99,0.6,130.86,630.13,3,0
590.65,0.2,116.16,474.49,1,0
779.73,0.6,157.16,622.56,3,0
1023.5,1.2,190.16,833.33,6,1
503.92,0.0,69.43,434.49,0,0
900.29,0.8,222.59,677.69,4,0
565.93,0.2,106.57,459.36,1,0
938.07,1.0,159.86,778.21,5,1
668.82,0.4,108.95,559.87,2,0
650.97,0.2,168.92,482.05,1,0
913.13,1.0,150.05,763.08,5,0
719.64,0.6,89.51,630.13,3,0
1134.7,1.0,326.24,808.46,5,1
1492.17,2.2,216.78,1275.38,11,1
876.3,0.8,160.78,715.51,4,1
695.62,0.6,80.62,615.0,3,0
856.07,0.8,178.38,677.69,4,0
774.92,0.8,59.41,715.51,4,0
490.82,0.0,79.03,411.79,0,0
893.2,0.8,192.81,700.38,4,1
1020.01,1.0,219.11,800.9,5,1
966.42,0.8,281.16,685.26,4,1
589.82,0.2,138.03,451.79,1,0
1086.96,1.2,215.81,871.15,6,1
911.87,0.8,203.92,707.95,4,0
1319.44,1.8,237.51,1081.92,9,1
970.45,1.2,91.73,878.72,6,0
930.38,0.8,222.43,707.95,4,0
907.07,0.8,221.81,685.26,4,0
988.34,1.0,142.05,846.28,5,0
1103.02,1.4,184.3,918.72,7,1
936.23,0.8,198.03,738.21,4,0
955.32,1.0,184.68,770.64,5,0
761.1,0.6,138.54,622.56,3,0
1070.56,1.2,199.41,871.15,6,1
696.74,0.4,136.86,559.87,2,0
749.97,0.6,119.84,630.13,3,0
885.23,0.8,139.46,745.77,4,0
775.45,0.6,137.76,637.69,3,1
964.09,1.0,163.19,800.9,5,0
731.24,0.6,101.11,630.13,3,0
820.37,0.6,197.81,622.56,3,0
806.64,0.6,176.51,630.13,3,0
466.02,0.0,76.92,389.1,0,0
938.9,1.0,198.51,740.38,5,0
458.83,0.0,69.73,389.1,0,0
678.48,0.4,148.86,529.62,2,0
816.5,0.8,131.24,685.26,4,0
478.91,0.0,82.24,396.67,0,0
2235.03,1.6,1072.08,1162.95,8,1
933.82,1.0,132.92,800.9,5,0
478.67,0.0,82.0,396.67,0,0
903.06,0.8,195.11,707.95,4,0
886.94,0.8,216.81,670.13,4,0
1176.02,1.4,272.43,903.59,7,1
474.58,0.0,55.22,419.36,0,0
732.18,0.6,86.92,645.26,3,0
631.21,0.2,141.59,489.62,1,0
483.96,0.0,79.73,404.23,0,0
509.58,0.0,105.35,404.23,0,0
992.23,1.2,113.51,878.72,6,1
944.37,0.8,266.68,677.69,4,0
911.66,1.0,133.46,778.21,5,0
537.52,0.0,118.16,419.36,0,0
1073.07,1.2,201.92,871.15,6,1
1128.17,1.2,226.76,901.41,6,1
1016.75,1.2,153.16,863.59,6,1
1125.41,1.4,191.57,933.85,7,1
540.68,0.2,81.32,459.36,1,0
1038.27,1.2,174.68,863.59,6,0
889.6,0.8,196.78,692.82,4,1
891.05,0.8,160.41,730.64,4,0
779.69,0.6,126.86,652.82,3,0
889.23,0.8,143.46,745.77,4,0
1088.32,1.2,224.73,863.59,6,1
747.94,0.6,125.38,622.56,3,0
963.53,1.0,192.89,770.64,5,1
828.51,0.6,153.0,675.51,3,0
1151.43,1.4,187.32,964.1,7,1
1048.82,1.2,154.97,893.85,6,1
651.62,0.4,76.62,575.0,2,0
975.13,1.0,204.49,770.64,5,1
964.75,1.0,194.11,770.64,5,1
823.21,0.8,100.14,723.08,4,0
957.42,1.0,186.78,770.64,5,1
783.89,0.6,168.89,615.0,3,0
807.73,0.6,192.73,615.0,3,0
1974.86,2.4,523.32,1451.54,12,1
934.09,1.0,140.76,793.33,5,0
926.29,1.0,148.08,778.21,5,1
738.5,0.6,93.24,645.26,3,0
701.74,0.4,157.0,544.74,2,0
633.09,0.4,73.22,559.87,2,0
475.74,0.0,71.51,404.23,0,0
741.89,0.6,58.81,683.08,3,0
886.74,0.8,186.35,700.38,4,1
954.64,1.0,131.05,823.59,5,0
818.46,0.6,195.89,622.56,3,0
884.09,0.8,183.7,700.38,4,0
1297.46,1.6,300.92,996.54,8,1
1094.38,1.2,245.92,848.46,6,0
540.12,0.0,120.76,419.36,0,0
916.87,0.8,208.92,707.95,4,0
1275.4,1.6,263.73,1011.67,8,1
820.89,0.8,112.95,707.95,4,0
732.29,0.6,109.73,622.56,3,0
965.82,1.0,172.49,793.33,5,1
1099.26,1.4,172.97,926.28,7,1
1054.86,1.0,238.84,816.03,5,0
702.54,0.4,180.49,522.05,2,0
918.01,1.0,132.24,785.77,5,0
1375.61,1.4,449.32,926.28,7,1
799.83,0.6,177.27,622.56,3,0
477.87,0.0,58.51,419.36,0,0
1031.37,1.2,152.65,878.72,6,1
810.72,0.6,180.59,630.13,3,0
964.14,1.0,163.24,800.9,5,1
1444.21,1.8,332.03,1112.18,9,1
1026.1,1.2,154.95,871.15,6,0
986.79,1.0,185.89,800.9,5,1
2898.2,1.8,1710.38,1187.82,9,1
737.43,0.4,215.38,522.05,2,0
1107.09,1.2,220.81,886.28,6,1
1478.5,2.2,225.81,1252.69,11,1
1159.39,1.4,240.68,918.72,7,1
1597.87,1.8,455.43,1142.44,9,1
495.64,0.0,106.54,389.1,0,0
924.95,0.8,209.43,715.51,4,1
833.87,0.6,234.0,599.87,3,0
875.89,0.8,167.95,707.95,4,1
1094.78,1.2,223.62,871.15,6,1
1096.8,1.2,218.08,878.72,6,1
903.04,0.8,157.27,745.77,4,0
751.27,0.6,83.32,667.95,3,0
487.24,0.0,37.62,449.62,0,0
912.22,1.0,103.76,808.46,5,0
607.24,0.2,125.19,482.05,1,0
747.11,0.6,139.68,607.44,3,0
772.82,0.6,127.57,645.26,3,0
1210.33,1.2,316.49,893.85,6,1
1021.92,1.0,221.03,800.9,5,1
847.36,0.8,154.54,692.82,4,0
678.91,0.4,134.16,544.74,2,0
765.64,0.6,127.95,637.69,3,0
644.54,0.2,162.49,482.05,1,0
916.84,1.0,115.95,800.9,5,1
1030.58,1.2,151.86,878.72,6,1
466.03,0.0,39.11,426.92,0,0
1078.47,1.2,184.62,893.85,6,1
1312.95,1.8,238.59,1074.36,9,1
771.98,0.6,119.16,652.82,3,0
843.74,0.6,190.92,652.82,3,0
690.69,0.4,138.38,552.31,2,0
993.45,0.8,262.81,730.64,4,1
473.03,0.0,46.11,426.92,0,0
1065.35,1.0,309.84,755.51,5,1
656.28,0.4,111.54,544.74,2,0
722.17,0.6,114.73,607.44,3,0
707.15,0.4,169.97,537.18,2,0
708.77,0.4,156.46,552.31,2,0
567.41,0.2,92.92,474.49,1,0
1125.85,1.2,239.57,886.28,6,1
760.22,0.6,99.84,660.38,3,0
1480.95,1.8,399.03,1081.92,9,1
462.47,0.0,43.11,419.36,0,0
551.18,0.2,54.0,497.18,1,0
616.34,0.2,119.16,497.18,1,0
506.31,0.0,94.51,411.79,0,0
1213.08,1.4,248.97,964.1,7,1
522.04,0.0,110.24,411.79,0,0
620.92,0.2,138.86,482.05,1,0
777.92,0.6,170.49,607.44,3,0
925.89,1.0,109.86,816.03,5,0
1032.52,1.0,231.62,800.9,5,1
896.02,0.8,218.32,677.69,4,1
1280.47,1.6,261.24,1019.23,8,0
887.03,0.8,171.51,715.51,4,1
768.18,0.6,138.05,630.13,3,0
791.64,0.6,108.57,683.08,3,0
848.18,0.6,218.05,630.13,3,0
711.84,0.6,96.84,615.0,3,0
829.62,0.8,106.54,723.08,4,0
872.38,0.8,156.86,715.51,4,0
509.53,0.0,112.86,396.67,0,0
791.96,0.6,146.7,645.26,3,0
830.8,0.6,193.11,637.69,3,0
1154.83,1.2,291.24,863.59,6,1
1060.49,1.2,159.08,901.41,6,1
842.69,0.6,205.0,637.69,3,0
892.57,0.8,192.19,700.38,4,0
827.09,0.8,141.84,685.26,4,0
884.3,0.8,168.78,715.51,4,0
1494.37,2.2,241.68,1252.69,11,1
1128.41,1.4,194.57,933.85,7,1
473.68,0.0,54.32,419.36,0,0
763.36,0.6,110.54,652.82,3,0
594.01,0.2,89.27,504.74,1,0
1027.71,1.2,186.81,840.9,6,1
1343.49,1.6,309.14,1034.36,8,1
1165.48,1.4,201.38,964.1,7,1
1042.6,1.0,249.27,793.33,5,1
1240.42,1.4,314.14,926.28,7,1
839.4,0.8,116.32,723.08,4,0
1438.26,1.4,466.59,971.67,7,1
566.52,0.2,107.16,459.36,1,0
1079.77,1.2,185.92,893.85,6,1
924.85,1.0,146.65,778.21,5,1
632.49,0.4,72.62,559.87,2,0
629.98,0.4,70.11,559.87,2,0
843.15,0.8,104.95,738.21,4,0
856.83,0.8,133.76,723.08,4,0
1419.45,1.4,500.73,918.72,7,1
543.05,0.2,61.0,482.05,1,0
466.16,0.0,24.11,442.05,0,0
688.59,0.4,106.03,582.56,2,0
787.55,0.6,142.3,645.26,3,0
1172.85,1.4,254.14,918.72,7,1
1248.97,1.6,184.35,1064.62,8,1
914.09,1.0,128.32,785.77,5,1
981.96,1.2,110.81,871.15,6,0
1108.43,1.2,244.84,863.59,6,1
1707.8,2.4,362.16,1345.64,12,1
1332.64,1.6,320.97,1011.67,8,1
727.76,0.4,167.89,559.87,2,0
1034.26,1.2,147.97,886.28,6,1
858.46,0.6,251.03,607.44,3,0
701.05,0.4,126.05,575.0,2,0
513.72,0.0,109.49,404.23,0,0
668.21,0.4,70.51,597.69,2,0
740.69,0.4,203.51,537.18,2,0
681.15,0.4,143.97,537.18,2,0
806.74,0.6,161.49,645.26,3,1
805.41,0.8,105.03,700.38,4,0
955.34,1.0,177.14,778.21,5,0
796.94,0.6,174.38,622.56,3,0
756.41,0.6,88.46,667.95,3,0
823.46,0.8,107.95,715.51,4,0
734.15,0.6,43.51,690.64,3,0
753.12,0.6,107.86,645.26,3,0
1099.26,1.4,172.97,926.28,7,0
785.24,0.6,155.11,630.13,3,0
457.69,0.0,61.03,396.67,0,0
955.59,0.8,240.08,715.51,4,0
1164.81,1.2,248.27,916.54,6,1
692.98,0.4,140.68,552.31,2,0
641.53,0.4,51.41,590.13,2,0
838.32,0.6,162.81,675.51,3,0
1064.32,1.2,200.73,863.59,6,0
1336.12,1.6,309.32,1026.79,8,1
1213.76,1.2,365.3,848.46,6,0
977.11,1.0,161.08,816.03,5,1
1208.92,1.4,259.95,948.97,7,1
816.93,0.8,116.54,700.38,4,0
852.01,0.8,106.24,745.77,4,0
917.63,0.8,217.24,700.38,4,1
670.77,0.4,118.46,552.31,2,0
617.57,0.2,143.08,474.49,1,0
1020.53,1.0,234.76,785.77,5,1
745.3,0.6,84.92,660.38,3,0
738.24,0.6,123.24,615.0,3,0
784.96,0.6,147.27,637.69,3,0
1287.41,1.6,245.49,1041.92,8,1
1079.16,1.2,223.14,856.03,6,1
779.49,0.6,164.49,615.0,3,0
546.21,0.0,157.11,389.1,0,0
749.02,0.4,211.84,537.18,2,0
2606.94,2.0,1288.35,1318.59,10,1
736.33,0.4,176.46,559.87,2,0
993.48,1.0,230.41,763.08,5,1
767.75,0.6,130.05,637.69,3,0
540.12,0.0,135.89,404.23,0,0
589.59,0.2,107.54,482.05,1,0
846.6,0.8,138.65,707.95,4,0
1188.52,1.2,287.11,901.41,6,1
916.59,0.8,193.51,723.08,4,0
624.19,0.2,157.27,466.92,1,0
477.51,0.0,43.03,434.49,0,0
1164.65,1.4,208.11,956.54,7,1
