"Total_Cost","Ratio_Reloc_Prod","Horiz_Cost","Vert_Cost","nReloc","non_Optimal"
243974.12,0.4747,51162.5,192811.6,712,181
841.1,0.6,97.51,743.59,3,0
564.15,0.0,91.84,472.31,0,0
622.19,0.0,119.62,502.56,0,0
739.34,0.2,174.08,565.26,1,1
523.65,0.0,89.16,434.49,0,0
772.27,0.6,96.76,675.51,3,0
679.04,0.4,66.22,612.82,2,1
532.69,0.0,67.95,464.74,0,0
1026.09,1.0,179.81,846.28,5,0
746.55,0.4,126.16,620.38,2,0
817.82,0.6,96.92,720.9,3,1
823.09,0.6,109.76,713.33,3,1
730.4,0.4,87.32,643.08,2,1
894.37,0.6,150.78,743.59,3,0
1211.41,1.4,156.54,1054.87,7,0
642.66,0.2,69.84,572.82,1,1
534.55,0.0,69.81,464.74,0,0
765.57,0.4,145.19,620.38,2,1
905.48,0.8,114.32,791.15,4,1
537.05,0.0,87.43,449.62,0,1
594.09,0.0,129.35,464.74,0,0
1041.35,0.8,257.76,783.59,4,1
922.71,0.6,254.76,667.95,3,0
1249.11,1.0,372.57,876.54,5,1
832.62,0.6,164.68,667.95,3,1
1024.32,0.8,233.16,791.15,4,1
951.53,0.4,353.84,597.69,2,1
1143.64,0.8,413.0,730.64,4,1
594.88,0.0,122.57,472.31,0,0
790.16,0.4,147.08,643.08,2,0
751.88,0.2,194.19,557.69,1,0
696.72,0.2,146.59,550.13,1,1
683.31,0.2,118.05,565.26,1,1
880.96,0.4,215.19,665.77,2,0
893.39,0.6,180.05,713.33,3,1
769.2,0.6,123.95,645.26,3,1
660.91,0.2,103.22,557.69,1,0
497.7,0.0,63.22,434.49,0,1
644.78,0.2,102.22,542.56,1,1
773.59,0.4,122.95,650.64,2,0
561.72,0.0,112.11,449.62,0,1
1567.93,1.8,372.54,1195.38,9,0
630.5,0.2,125.76,504.74,1,1
578.32,0.2,43.32,535.0,1,1
694.93,0.4,74.54,620.38,2,0
513.14,0.0,78.65,434.49,0,1
605.28,0.4,45.41,559.87,2,1
1158.65,1.0,282.11,876.54,5,0
669.02,0.2,111.32,557.69,1,1
711.67,0.2,153.97,557.69,1,0
748.65,0.4,128.27,620.38,2,1
738.44,0.4,118.05,620.38,2,1
719.96,0.4,107.14,612.82,2,1
808.9,0.6,88.0,720.9,3,1
752.42,0.4,147.16,605.26,2,1
857.02,0.6,173.95,683.08,3,1
674.63,0.2,147.19,527.44,1,0
650.07,0.2,99.95,550.13,1,0
1045.85,1.0,199.57,846.28,5,1
445.42,0.0,33.62,411.79,0,1
1240.33,1.2,338.92,901.41,6,0
1141.95,1.0,280.54,861.41,5,0
776.62,0.4,148.68,627.95,2,0
1069.07,0.8,277.92,791.15,4,0
973.82,0.8,212.92,760.9,4,0
710.64,0.2,160.51,550.13,1,0
1163.04,1.2,223.81,939.23,6,1
834.29,0.6,211.73,622.56,3,0
678.74,0.4,118.86,559.87,2,1
615.23,0.2,118.05,497.18,1,1
733.45,0.2,175.76,557.69,1,0
607.0,0.2,72.0,535.0,1,1
608.2,0.4,48.32,559.87,2,1
959.07,1.0,127.92,831.15,5,1
515.84,0.0,81.35,434.49,0,1
855.26,0.8,117.05,738.21,4,1
940.08,0.6,264.57,675.51,3,1
868.78,0.8,145.7,723.08,4,1
843.15,0.4,192.51,650.64,2,1
891.13,0.6,215.62,675.51,3,0
1160.02,0.8,323.49,836.54,4,0
761.94,0.2,204.24,557.69,1,1
922.48,0.6,178.89,743.59,3,0
855.98,0.6,135.08,720.9,3,0
807.53,0.4,141.76,665.77,2,0
537.4,0.0,80.22,457.18,0,0
870.57,0.6,149.68,720.9,3,1
779.02,0.4,135.95,643.08,2,1
595.93,0.0,131.19,464.74,0,1
1106.98,0.6,393.65,713.33,3,1
1060.86,0.8,216.76,844.1,4,0
1107.89,1.0,223.78,884.1,5,0
716.82,0.4,96.43,620.38,2,1
782.86,0.2,232.73,550.13,1,1
635.0,0.2,100.0,535.0,1,1
865.46,0.6,197.51,667.95,3,1
536.69,0.0,79.51,457.18,0,0
789.68,0.4,169.3,620.38,2,0
1022.82,0.6,309.49,713.33,3,0
870.86,0.4,235.35,635.51,2,1
1087.22,1.0,225.81,861.41,5,1
868.63,0.6,162.86,705.77,3,1
451.76,0.0,32.41,419.36,0,1
821.29,0.2,263.59,557.69,1,1
578.57,0.0,144.08,434.49,0,1
640.13,0.2,90.0,550.13,1,0
651.22,0.2,116.22,535.0,1,0
822.37,0.4,239.81,582.56,2,0
923.91,0.6,240.84,683.08,3,0
683.86,0.4,108.86,575.0,2,1
898.76,0.6,230.81,667.95,3,1
549.89,0.0,107.84,442.05,0,1
465.12,0.0,53.32,411.79,0,1
442.5,0.0,30.7,411.79,0,1
851.27,0.6,183.32,667.95,3,1
681.59,0.2,131.46,550.13,1,1
447.71,0.0,35.92,411.79,0,1
437.2,0.0,25.41,411.79,0,1
1214.82,1.0,308.03,906.79,5,0
555.86,0.0,106.24,449.62,0,0
1137.22,0.8,436.84,700.38,4,1
707.81,0.4,140.38,567.44,2,1
826.95,0.8,73.62,753.33,4,0
443.2,0.0,31.41,411.79,0,1
866.82,0.6,221.57,645.26,3,1
806.87,0.4,186.49,620.38,2,1
584.32,0.0,142.27,442.05,0,1
1334.51,1.2,349.89,984.62,6,0
966.58,0.6,260.81,705.77,3,0
933.28,0.4,312.89,620.38,2,0
992.98,0.6,279.65,713.33,3,1
883.2,0.6,177.43,705.77,3,0
542.11,0.0,100.05,442.05,0,0
578.37,0.2,73.62,504.74,1,1
754.44,0.4,134.05,620.38,2,0
1078.03,1.2,176.62,901.41,6,1
1074.64,0.8,275.92,798.72,4,1
573.54,0.0,131.49,442.05,0,1
857.77,0.8,119.57,738.21,4,1
985.44,0.6,279.68,705.77,3,1
1043.85,0.8,305.65,738.21,4,0
449.2,0.0,37.41,411.79,0,1
528.11,0.2,53.62,474.49,1,1
967.4,0.8,191.38,776.03,4,1
699.01,0.2,133.76,565.26,1,1
805.19,0.6,129.68,675.51,3,0
558.48,0.0,108.86,449.62,0,1
793.17,0.6,140.35,652.82,3,1
719.15,0.4,121.46,597.69,2,0
711.37,0.2,153.68,557.69,1,1
840.2,0.6,134.43,705.77,3,1
1155.14,1.0,293.73,861.41,5,1
868.09,0.4,202.32,665.77,2,0
949.92,0.6,221.46,728.46,3,0
810.39,0.6,104.62,705.77,3,1
765.82,0.4,160.57,605.26,2,1
783.89,0.8,75.95,707.95,4,1
1102.26,1.2,178.16,924.1,6,1
790.16,0.4,154.65,635.51,2,0
1233.49,1.4,239.14,994.36,7,1
870.65,0.4,235.14,635.51,2,1
739.35,0.4,156.78,582.56,2,1
893.59,0.8,102.43,791.15,4,1
726.94,0.4,144.38,582.56,2,1
1235.04,1.0,335.81,899.23,5,1
927.63,1.0,141.86,785.77,5,0
1113.4,0.8,337.38,776.03,4,0
1104.88,1.0,273.73,831.15,5,1
968.44,0.8,215.11,753.33,4,0
896.17,0.4,230.41,665.77,2,0
997.01,0.6,344.19,652.82,3,1
1045.27,0.8,216.3,828.97,4,1
1018.96,0.8,212.68,806.28,4,1
1264.63,1.0,350.27,914.36,5,0
1233.47,1.2,294.24,939.23,6,1
770.5,0.4,157.68,612.82,2,0
705.36,0.4,92.54,612.82,2,1
471.89,0.0,37.41,434.49,0,1
708.87,0.4,80.92,627.95,2,0
1158.98,1.2,310.51,848.46,6,0
772.23,0.4,114.03,658.21,2,0
928.17,0.8,182.41,745.77,4,1
813.91,0.4,208.65,605.26,2,1
909.53,0.6,218.89,690.64,3,1
633.08,0.2,105.65,527.44,1,1
596.57,0.4,36.7,559.87,2,1
643.27,0.2,115.84,527.44,1,0
834.12,0.6,128.35,705.77,3,0
573.32,0.2,91.27,482.05,1,1
718.56,0.2,176.0,542.56,1,1
729.43,0.2,194.43,535.0,1,1
996.29,0.6,237.57,758.72,3,1
611.92,0.2,69.35,542.56,1,0
1028.22,0.8,214.38,813.85,4,1
1104.72,0.8,313.57,791.15,4,0
507.62,0.0,58.0,449.62,0,1
729.9,0.4,109.51,620.38,2,1
674.32,0.2,124.19,550.13,1,1
1149.3,1.2,240.32,908.97,6,0
581.84,0.0,139.78,442.05,0,0
1153.71,1.0,299.86,853.85,5,1
1027.02,0.8,296.38,730.64,4,1
679.43,0.2,136.86,542.56,1,0
827.35,0.4,184.27,643.08,2,1
549.46,0.0,114.97,434.49,0,1
921.19,0.6,200.3,720.9,3,1
951.35,0.6,215.32,736.03,3,0
546.11,0.0,104.05,442.05,0,1
967.59,0.6,224.0,743.59,3,0
677.14,0.4,102.14,575.0,2,0
552.88,0.2,55.7,497.18,1,1
902.08,0.6,219.0,683.08,3,0
776.24,0.4,133.16,643.08,2,1
741.08,0.2,213.65,527.44,1,1
954.31,1.0,160.97,793.33,5,1
794.54,0.4,166.59,627.95,2,1
1134.81,0.6,406.35,728.46,3,0
714.88,0.2,157.19,557.69,1,1
589.18,0.2,99.57,489.62,1,1
553.94,0.0,96.76,457.18,0,1
910.8,0.6,212.59,698.21,3,1
1033.1,0.8,241.95,791.15,4,1
859.02,0.6,160.81,698.21,3,0
907.72,0.6,209.51,698.21,3,0
565.72,0.0,108.54,457.18,0,1
441.9,0.0,30.11,411.79,0,1
807.95,0.6,147.57,660.38,3,0
441.2,0.0,29.41,411.79,0,1
1369.09,1.2,369.35,999.74,6,0
612.1,0.0,162.49,449.62,0,1
608.12,0.0,143.38,464.74,0,0
1450.52,0.6,797.7,652.82,3,1
618.19,0.2,75.62,542.56,1,0
940.47,0.8,126.62,813.85,4,0
601.27,0.2,73.84,527.44,1,0
873.51,0.6,190.43,683.08,3,1
565.42,0.2,68.24,497.18,1,0
784.86,0.4,134.22,650.64,2,0
784.76,0.4,149.24,635.51,2,0
722.48,0.4,132.35,590.13,2,0
728.72,0.4,123.46,605.26,2,1
668.76,0.2,133.76,535.0,1,0
899.39,0.6,201.19,698.21,3,1
938.68,0.8,177.78,760.9,4,1
907.3,0.4,271.78,635.51,2,1
626.99,0.4,82.24,544.74,2,1
907.93,0.8,154.59,753.33,4,1
992.55,0.8,231.65,760.9,4,0
1034.7,0.8,251.11,783.59,4,1
1022.47,0.8,216.19,806.28,4,0
1189.52,0.8,375.68,813.85,4,0
1148.28,0.8,326.86,821.41,4,0
570.84,0.0,136.35,434.49,0,1
638.9,0.2,111.46,527.44,1,0
985.68,0.8,217.22,768.46,4,0
480.92,0.0,54.0,426.92,0,1
911.96,0.8,173.76,738.21,4,1
606.04,0.2,93.73,512.31,1,1
1126.05,1.2,194.38,931.67,6,1
823.31,0.6,170.49,652.82,3,0
447.79,0.0,36.0,411.79,0,1
642.9,0.2,115.46,527.44,1,0
740.91,0.2,183.22,557.69,1,1
1050.78,1.0,219.62,831.15,5,0
1046.77,0.6,333.43,713.33,3,1
1375.91,1.0,537.19,838.72,5,1
789.44,0.4,161.49,627.95,2,1
447.26,0.0,43.03,404.23,0,1
682.05,0.2,139.49,542.56,1,1
715.21,0.4,117.51,597.69,2,0
494.22,0.0,59.73,434.49,0,1
723.96,0.4,126.27,597.69,2,1
802.54,0.6,119.46,683.08,3,1
781.25,0.4,160.86,620.38,2,0
743.03,0.4,122.65,620.38,2,1
1060.12,1.0,221.41,838.72,5,1
892.76,0.8,184.81,707.95,4,1
989.29,0.8,205.7,783.59,4,1
894.95,0.8,134.05,760.9,4,1
759.52,0.4,131.57,627.95,2,1
1013.82,1.0,159.97,853.85,5,0
449.9,0.0,38.11,411.79,0,1
654.64,0.2,104.51,550.13,1,1
622.84,0.2,87.84,535.0,1,1
878.16,0.4,288.03,590.13,2,1
521.22,0.0,101.86,419.36,0,0
1129.41,1.0,275.57,853.85,5,0
810.04,0.4,197.22,612.82,2,0
605.29,0.0,155.68,449.62,0,0
945.04,0.8,191.7,753.33,4,1
952.57,0.6,224.11,728.46,3,0
1086.27,0.4,450.76,635.51,2,0
765.21,0.2,215.08,550.13,1,0
1653.01,1.8,465.19,1187.82,9,0
843.12,0.6,144.92,698.21,3,1
742.15,0.2,176.89,565.26,1,0
1007.96,0.8,216.81,791.15,4,0
721.34,0.4,123.65,597.69,2,1
713.26,0.2,155.57,557.69,1,1
442.01,0.0,30.22,411.79,0,1
