"Total_Cost","Ratio_Reloc_Prod","Horiz_Cost","Vert_Cost","nReloc","non_Optimal"
264852.6,0.7593,55535.89,209316.79,1139,176
429.51,0.0,40.41,389.1,0,0
563.18,0.2,66.0,497.18,1,0
597.51,0.2,115.46,482.05,1,0
719.19,0.6,111.76,607.44,3,0
476.28,0.0,72.05,404.23,0,0
725.98,0.6,118.54,607.44,3,0
893.01,1.0,152.62,740.38,5,0
563.56,0.2,81.51,482.05,1,0
723.39,0.6,138.65,584.74,3,0
1244.09,1.6,277.81,966.28,8,1
468.51,0.0,79.41,389.1,0,0
687.45,0.4,150.27,537.18,2,0
925.08,0.8,217.14,707.95,4,1
870.83,0.8,147.76,723.08,4,1
1030.27,1.2,166.68,863.59,6,1
617.63,0.2,150.7,466.92,1,0
935.81,1.0,180.3,755.51,5,1
496.6,0.0,77.24,419.36,0,0
759.59,0.6,129.46,630.13,3,0
769.3,0.6,161.86,607.44,3,0
1080.76,1.4,199.86,880.9,7,0
592.92,0.2,110.86,482.05,1,0
804.72,0.6,174.59,630.13,3,0
586.48,0.2,104.43,482.05,1,0
1010.47,1.2,177.14,833.33,6,1
768.34,0.6,123.08,645.26,3,0
904.65,1.0,164.27,740.38,5,1
570.46,0.0,135.97,434.49,0,0
542.93,0.0,123.57,419.36,0,0
545.68,0.0,118.76,426.92,0,0
514.65,0.0,87.73,426.92,0,0
516.54,0.0,89.62,426.92,0,0
994.74,1.0,201.41,793.33,5,1
1121.58,1.2,303.38,818.21,6,1
836.59,0.6,221.59,615.0,3,1
1147.75,1.4,236.59,911.15,7,1
487.45,0.0,83.22,404.23,0,0
662.58,0.4,110.27,552.31,2,1
856.25,0.8,148.3,707.95,4,1
681.44,0.4,129.14,552.31,2,0
871.17,0.6,218.35,652.82,3,1
700.97,0.4,125.97,575.0,2,0
568.59,0.2,86.54,482.05,1,0
902.7,0.6,272.57,630.13,3,0
1104.94,1.2,248.92,856.03,6,1
1037.79,1.0,244.46,793.33,5,1
1132.46,1.0,324.0,808.46,5,1
726.58,0.4,174.27,552.31,2,0
599.67,0.2,110.05,489.62,1,0
2038.65,1.2,1129.68,908.97,6,1
1038.45,1.4,119.73,918.72,7,1
862.17,0.8,161.78,700.38,4,1
526.25,0.0,114.46,411.79,0,1
804.03,0.6,136.08,667.95,3,1
907.33,1.0,106.43,800.9,5,1
717.04,0.6,79.35,637.69,3,0
1042.18,1.2,178.59,863.59,6,1
964.89,1.0,201.81,763.08,5,1
1219.07,1.6,207.41,1011.67,8,1
692.68,0.4,125.24,567.44,2,0
978.43,1.0,222.92,755.51,5,1
1065.11,1.2,209.08,856.03,6,1
1104.72,1.4,193.57,911.15,7,1
746.1,0.6,115.97,630.13,3,1
1114.44,1.2,281.11,833.33,6,1
809.57,0.6,149.19,660.38,3,1
886.29,0.8,208.59,677.69,4,1
700.73,0.4,125.73,575.0,2,0
893.14,1.0,99.81,793.33,5,1
668.63,0.4,108.76,559.87,2,0
1114.33,1.4,165.35,948.97,7,1
915.61,1.0,129.84,785.77,5,1
876.68,0.8,176.3,700.38,4,1
701.4,0.6,63.7,637.69,3,0
1222.08,1.6,217.97,1004.1,8,1
480.16,0.0,91.05,389.1,0,0
482.45,0.0,78.22,404.23,0,0
551.22,0.2,76.73,474.49,1,0
474.05,0.0,32.0,442.05,0,0
582.07,0.2,77.32,504.74,1,0
813.36,0.6,152.97,660.38,3,1
1227.3,1.2,386.41,840.9,6,1
623.29,0.2,133.68,489.62,1,0
683.83,0.4,146.65,537.18,2,0
992.74,1.0,199.41,793.33,5,1
928.55,1.0,127.65,800.9,5,1
1236.87,1.2,343.03,893.85,6,1
823.33,0.6,215.89,607.44,3,1
494.85,0.0,83.05,411.79,0,0
763.83,0.6,141.27,622.56,3,1
740.8,0.6,95.54,645.26,3,0
509.3,0.0,89.95,419.36,0,0
932.51,0.8,209.43,723.08,4,0
555.08,0.2,73.03,482.05,1,0
618.73,0.2,136.68,482.05,1,0
1406.3,1.8,271.43,1134.87,9,1
1424.57,1.8,289.7,1134.87,9,1
850.71,0.6,190.32,660.38,3,1
871.18,0.6,241.05,630.13,3,1
1181.36,1.0,395.59,785.77,5,1
928.32,1.0,104.73,823.59,5,1
796.25,0.6,135.86,660.38,3,0
724.71,0.4,172.41,552.31,2,0
922.91,0.8,184.7,738.21,4,1
777.95,0.6,117.57,660.38,3,0
850.0,0.6,242.57,607.44,3,1
1151.96,1.4,225.68,926.28,7,1
474.81,0.0,40.32,434.49,0,0
931.74,1.0,130.84,800.9,5,1
895.78,0.8,172.7,723.08,4,1
909.6,0.8,209.22,700.38,4,1
687.75,0.4,165.7,522.05,2,1
791.01,0.6,138.19,652.82,3,0
1110.26,1.4,183.97,926.28,7,1
952.8,1.0,174.59,778.21,5,1
2240.36,2.2,919.59,1320.77,11,1
765.35,0.6,89.84,675.51,3,0
759.95,0.6,92.0,667.95,3,1
970.22,1.0,161.76,808.46,5,1
864.2,0.8,171.38,692.82,4,1
814.36,0.8,121.54,692.82,4,0
941.69,1.0,110.54,831.15,5,1
751.82,0.6,91.43,660.38,3,1
657.71,0.4,97.84,559.87,2,0
529.37,0.0,140.27,389.1,0,0
620.68,0.2,146.19,474.49,1,0
955.63,0.8,262.81,692.82,4,1
1043.62,1.2,195.16,848.46,6,1
1093.08,1.2,244.62,848.46,6,1
718.64,0.4,173.89,544.74,2,0
579.19,0.2,112.27,466.92,1,0
889.12,0.8,211.43,677.69,4,1
1022.19,1.2,219.11,803.08,6,1
793.4,0.6,163.27,630.13,3,0
767.1,0.6,84.03,683.08,3,1
534.4,0.2,37.22,497.18,1,0
887.04,1.0,93.7,793.33,5,1
1538.37,1.4,513.76,1024.62,7,1
718.04,0.6,65.22,652.82,3,0
461.19,0.0,26.7,434.49,0,0
495.62,0.0,61.14,434.49,0,0
867.37,0.6,244.81,622.56,3,1
1514.37,1.8,341.68,1172.69,9,1
803.48,0.6,173.35,630.13,3,1
811.25,0.6,150.86,660.38,3,1
842.35,0.8,126.84,715.51,4,1
520.45,0.0,123.78,396.67,0,0
999.12,1.0,205.78,793.33,5,1
707.58,0.4,155.27,552.31,2,0
1170.45,1.6,166.35,1004.1,8,1
1481.39,2.0,314.08,1167.31,10,1
1070.62,1.2,214.59,856.03,6,1
877.01,1.0,76.11,800.9,5,1
731.01,0.6,70.62,660.38,3,0
486.4,0.0,89.73,396.67,0,0
562.96,0.2,58.22,504.74,1,0
762.62,0.8,47.11,715.51,4,1
906.35,0.8,198.41,707.95,4,1
987.27,1.0,224.19,763.08,5,1
1013.5,1.0,227.73,785.77,5,1
1133.17,1.4,206.89,926.28,7,1
1119.34,1.2,240.62,878.72,6,1
1514.67,0.8,731.08,783.59,4,1
1170.56,1.4,266.97,903.59,7,1
661.68,0.4,94.24,567.44,2,0
793.54,0.8,78.03,715.51,4,1
746.25,0.4,178.81,567.44,2,0
980.26,1.0,209.62,770.64,5,1
718.11,0.4,203.62,514.49,2,0
807.88,0.6,170.19,637.69,3,0
755.96,0.4,211.22,544.74,2,0
1584.79,1.6,595.81,988.97,8,1
865.78,0.6,235.65,630.13,3,0
1175.5,1.4,249.22,926.28,7,1
475.06,0.0,55.7,419.36,0,0
680.54,0.4,113.11,567.44,2,0
1376.09,1.6,288.78,1087.31,8,1
642.54,0.2,175.62,466.92,1,0
470.18,0.0,73.51,396.67,0,0
719.95,0.4,160.08,559.87,2,0
834.29,0.8,111.22,723.08,4,1
745.08,0.6,77.14,667.95,3,0
757.09,0.6,111.84,645.26,3,1
645.34,0.4,55.22,590.13,2,0
729.26,0.6,84.0,645.26,3,0
598.21,0.2,101.03,497.18,1,0
931.94,1.0,115.92,816.03,5,1
859.22,0.8,151.27,707.95,4,1
1496.88,2.2,236.62,1260.26,11,1
2963.67,2.0,1698.03,1265.64,10,1
1168.36,1.4,234.51,933.85,7,1
762.52,0.6,155.08,607.44,3,0
1326.06,0.8,565.16,760.9,4,1
1027.66,1.2,194.32,833.33,6,1
1667.9,2.4,360.08,1307.82,12,1
665.47,0.4,113.16,552.31,2,0
603.78,0.2,129.3,474.49,1,0
1408.42,2.0,248.68,1159.74,10,1
931.26,1.0,145.49,785.77,5,1
716.34,0.6,86.22,630.13,3,0
1080.75,1.2,209.59,871.15,6,1
941.11,0.8,240.73,700.38,4,1
637.54,0.4,70.11,567.44,2,0
612.22,0.2,145.3,466.92,1,0
860.87,0.8,160.49,700.38,4,1
517.91,0.0,113.68,404.23,0,0
474.28,0.0,54.92,419.36,0,0
959.44,1.0,173.68,785.77,5,1
800.54,0.6,185.54,615.0,3,1
750.9,0.6,143.46,607.44,3,0
944.55,0.8,259.3,685.26,4,1
475.62,0.0,86.51,389.1,0,0
718.82,0.4,166.51,552.31,2,0
1030.78,1.2,174.76,856.03,6,1
828.29,0.8,97.65,730.64,4,1
1139.11,1.4,182.57,956.54,7,1
1119.73,1.4,170.76,948.97,7,1
1149.8,1.2,271.08,878.72,6,1
1177.03,1.2,328.57,848.46,6,1
927.64,1.0,149.43,778.21,5,1
667.56,0.4,137.95,529.62,2,0
635.3,0.2,160.81,474.49,1,1
1266.72,1.4,295.05,971.67,7,1
1041.77,1.2,163.05,878.72,6,1
662.64,0.4,125.46,537.18,2,0
913.68,0.8,160.35,753.33,4,0
769.67,0.6,139.54,630.13,3,0
813.65,0.6,153.27,660.38,3,1
1038.4,1.2,174.81,863.59,6,1
490.59,0.0,101.49,389.1,0,0
823.1,0.6,185.41,637.69,3,1
1168.88,1.4,242.59,926.28,7,1
830.57,0.8,115.05,715.51,4,0
1286.71,1.8,151.84,1134.87,9,1
1031.12,1.2,144.84,886.28,6,1
898.2,0.8,197.81,700.38,4,1
456.62,0.0,67.51,389.1,0,0
745.76,0.6,130.76,615.0,3,1
812.32,0.6,182.19,630.13,3,1
930.84,0.8,230.46,700.38,4,1
1006.52,1.2,173.19,833.33,6,1
1026.43,1.0,210.41,816.03,5,1
982.44,1.2,81.03,901.41,6,1
552.05,0.2,62.43,489.62,1,0
1141.7,1.4,185.16,956.54,7,1
591.76,0.2,124.84,466.92,1,0
478.24,0.0,89.14,389.1,0,0
1025.28,1.2,184.38,840.9,6,1
1444.29,2.0,178.65,1265.64,10,1
644.01,0.2,139.27,504.74,1,0
947.82,0.8,247.43,700.38,4,1
1033.4,1.0,209.81,823.59,5,1
865.92,0.8,157.97,707.95,4,1
968.25,1.0,159.78,808.46,5,1
1232.45,1.4,268.35,964.1,7,1
657.64,0.4,120.46,537.18,2,0
773.26,0.6,135.57,637.69,3,0
1089.93,1.2,211.22,878.72,6,1
906.67,1.0,90.65,816.03,5,1
825.59,0.6,150.08,675.51,3,0
1058.65,1.0,310.7,747.95,5,1
1032.45,1.0,254.24,778.21,5,1
1671.41,1.2,709.49,961.92,6,1
901.53,1.0,115.76,785.77,5,1
535.45,0.0,85.84,449.62,0,0
812.74,0.6,167.49,645.26,3,0
620.49,0.2,153.57,466.92,1,0
658.27,0.4,90.84,567.44,2,0
1158.01,1.4,224.16,933.85,7,1
945.23,1.0,159.46,785.77,5,1
1356.0,1.4,467.54,888.46,7,1
895.93,1.0,117.73,778.21,5,1
2975.08,1.8,1832.65,1142.44,9,1
1094.21,1.2,177.68,916.54,6,1
1114.93,1.4,188.65,926.28,7,1
476.43,0.0,26.81,449.62,0,0
860.61,0.8,129.97,730.64,4,1
1132.89,1.4,183.92,948.97,7,1
761.31,0.6,116.05,645.26,3,0
603.73,0.2,121.68,482.05,1,0
823.21,0.8,160.65,662.56,4,1
605.76,0.2,146.41,459.36,1,0
1068.07,1.2,181.78,886.28,6,1
1007.12,1.2,173.78,833.33,6,1
876.81,0.8,161.3,715.51,4,1
703.33,0.4,135.89,567.44,2,1
1095.5,1.2,277.3,818.21,6,1
982.19,1.0,181.3,800.9,5,1
707.95,0.4,148.08,559.87,2,0
667.64,0.4,77.51,590.13,2,0
843.2,0.8,97.43,745.77,4,1
779.12,0.6,133.86,645.26,3,0
1225.74,1.2,392.41,833.33,6,1
685.99,0.4,156.38,529.62,2,1
870.72,0.8,140.08,730.64,4,1
641.1,0.4,103.92,537.18,2,0
895.11,0.8,179.59,715.51,4,1
974.82,1.0,242.0,732.82,5,1
1469.86,2.0,272.3,1197.56,10,1
747.93,0.4,195.62,552.31,2,1
