"Total_Cost","Ratio_Reloc_Prod","Horiz_Cost","Vert_Cost","nReloc","non_Optimal"
244909.92,0.4567,52421.82,192488.08,685,177
875.82,0.4,210.05,665.77,2,0
741.93,0.4,83.73,658.21,2,0
973.42,0.6,214.7,758.72,3,1
593.29,0.0,90.73,502.56,0,0
933.56,0.6,182.41,751.15,3,0
659.13,0.0,201.95,457.18,0,0
652.91,0.2,87.65,565.26,1,1
724.39,0.4,111.57,612.82,2,0
654.0,0.2,111.43,542.56,1,1
594.42,0.2,82.11,512.31,1,1
514.85,0.0,50.11,464.74,0,0
965.08,0.8,181.49,783.59,4,0
515.85,0.0,51.11,464.74,0,0
555.53,0.0,98.35,457.18,0,1
908.76,0.6,172.73,736.03,3,1
858.32,0.6,107.16,751.15,3,1
605.54,0.2,78.11,527.44,1,1
704.37,0.2,161.81,542.56,1,1
629.6,0.2,109.73,519.87,1,1
810.73,0.4,182.78,627.95,2,1
837.46,0.4,194.38,643.08,2,1
745.62,0.4,102.54,643.08,2,1
769.91,0.4,172.22,597.69,2,0
846.45,0.4,195.81,650.64,2,1
917.51,0.6,234.43,683.08,3,0
996.25,0.6,282.92,713.33,3,0
784.81,0.2,242.24,542.56,1,1
740.18,0.2,182.49,557.69,1,1
792.14,0.4,164.19,627.95,2,1
968.13,0.6,224.54,743.59,3,0
1326.21,1.4,294.03,1032.18,7,1
774.57,0.4,154.19,620.38,2,0
547.51,0.0,113.03,434.49,0,1
517.68,0.0,90.76,426.92,0,1
904.66,0.8,151.32,753.33,4,0
748.88,0.2,198.76,550.13,1,1
487.36,0.0,68.0,419.36,0,0
706.33,0.4,85.95,620.38,2,1
933.11,0.8,164.65,768.46,4,1
906.38,0.6,185.49,720.9,3,1
699.36,0.4,94.11,605.26,2,0
917.99,0.6,212.22,705.77,3,1
673.37,0.2,123.24,550.13,1,0
749.82,0.2,184.57,565.26,1,1
1126.87,1.0,265.46,861.41,5,1
799.95,0.4,179.57,620.38,2,1
863.69,0.4,197.92,665.77,2,0
824.81,0.4,189.3,635.51,2,1
668.18,0.2,118.05,550.13,1,1
972.05,0.6,220.89,751.15,3,1
1077.01,0.8,270.73,806.28,4,1
661.36,0.2,88.54,572.82,1,1
600.48,0.0,150.86,449.62,0,1
566.76,0.0,132.27,434.49,0,0
1128.16,0.8,344.57,783.59,4,1
532.7,0.0,90.65,442.05,0,1
655.9,0.2,143.59,512.31,1,1
1255.67,1.0,318.62,937.05,5,1
886.41,0.4,258.46,627.95,2,0
742.96,0.2,177.7,565.26,1,0
799.41,0.6,131.46,667.95,3,1
654.35,0.4,86.92,567.44,2,1
755.27,0.4,172.7,582.56,2,0
1113.25,1.0,251.84,861.41,5,1
906.92,0.6,231.41,675.51,3,1
836.8,0.4,178.59,658.21,2,0
924.62,0.6,241.54,683.08,3,0
919.95,0.6,191.49,728.46,3,1
486.81,0.0,52.32,434.49,0,1
632.2,0.4,72.32,559.87,2,1
1200.11,0.6,539.73,660.38,3,1
1070.86,0.8,234.32,836.54,4,1
719.83,0.2,177.27,542.56,1,0
979.39,1.0,140.68,838.72,5,1
851.67,0.4,208.59,643.08,2,0
633.98,0.2,106.54,527.44,1,1
637.38,0.2,109.95,527.44,1,1
756.72,0.2,199.03,557.69,1,1
735.78,0.2,193.22,542.56,1,1
1041.05,0.6,305.03,736.03,3,0
858.61,0.6,160.41,698.21,3,0
912.51,0.6,176.49,736.03,3,1
851.04,0.4,238.22,612.82,2,0
663.8,0.2,113.68,550.13,1,1
438.01,0.0,26.22,411.79,0,1
1045.4,0.6,294.24,751.15,3,1
1082.68,1.0,160.76,921.92,5,1
715.23,0.2,157.54,557.69,1,1
727.8,0.2,223.05,504.74,1,1
586.21,0.0,136.59,449.62,0,0
958.51,0.8,167.35,791.15,4,0
472.58,0.0,68.35,404.23,0,1
572.74,0.2,68.0,504.74,1,0
893.74,0.6,233.35,660.38,3,0
741.03,0.4,105.51,635.51,2,1
647.53,0.2,89.84,557.69,1,0
938.17,0.6,232.41,705.77,3,1
1532.9,1.6,430.46,1102.44,8,1
680.19,0.2,145.19,535.0,1,0
597.68,0.0,163.19,434.49,0,1
668.11,0.2,140.68,527.44,1,1
586.27,0.0,151.78,434.49,0,1
752.72,0.4,94.51,658.21,2,0
770.99,0.4,173.3,597.69,2,1
655.34,0.2,158.16,497.18,1,1
644.53,0.2,147.35,497.18,1,0
501.19,0.0,66.7,434.49,0,1
558.58,0.0,93.84,464.74,0,0
1072.6,1.0,264.14,808.46,5,0
505.09,0.0,85.73,419.36,0,0
843.15,0.4,192.51,650.64,2,1
1169.35,1.2,245.24,924.1,6,0
612.21,0.0,155.03,457.18,0,1
953.19,0.8,177.16,776.03,4,1
861.69,0.6,163.49,698.21,3,0
788.71,0.4,168.32,620.38,2,0
609.99,0.2,112.81,497.18,1,1
846.21,0.6,155.57,690.64,3,0
472.14,0.0,45.22,426.92,0,1
467.68,0.0,48.32,419.36,0,1
672.86,0.4,82.73,590.13,2,1
658.62,0.2,116.05,542.56,1,0
1121.79,0.8,307.95,813.85,4,1
752.26,0.2,187.0,565.26,1,1
611.96,0.0,154.78,457.18,0,0
542.05,0.2,60.0,482.05,1,0
1022.6,0.8,269.27,753.33,4,1
964.72,0.6,206.0,758.72,3,0
1337.49,1.4,282.62,1054.87,7,0
1366.36,1.2,404.43,961.92,6,1
989.23,0.8,182.95,806.28,4,1
905.79,0.8,152.46,753.33,4,1
1037.72,0.6,286.57,751.15,3,0
782.02,0.4,184.32,597.69,2,1
679.76,0.4,119.89,559.87,2,1
658.04,0.0,200.86,457.18,0,0
836.95,0.4,201.43,635.51,2,0
766.27,0.4,183.7,582.56,2,0
618.61,0.0,161.43,457.18,0,0
631.83,0.0,182.22,449.62,0,0
667.73,0.2,125.16,542.56,1,1
677.35,0.4,102.35,575.0,2,1
757.36,0.4,136.97,620.38,2,0
517.62,0.0,83.14,434.49,0,0
1282.5,1.6,195.19,1087.31,8,0
542.97,0.0,93.35,449.62,0,0
547.5,0.0,90.32,457.18,0,0
714.85,0.4,102.03,612.82,2,1
893.13,0.8,170.05,723.08,4,1
881.24,0.4,245.73,635.51,2,1
1000.43,0.8,171.46,828.97,4,1
878.93,0.4,220.73,658.21,2,1
1013.8,0.8,215.08,798.72,4,1
493.3,0.0,58.81,434.49,0,1
946.66,0.8,193.32,753.33,4,0
835.88,0.6,137.68,698.21,3,0
819.06,0.6,158.68,660.38,3,0
696.29,0.4,113.73,582.56,2,1
924.2,1.0,130.86,793.33,5,1
1054.55,0.8,293.65,760.9,4,1
622.58,0.2,117.84,504.74,1,0
533.83,0.0,76.65,457.18,0,0
560.59,0.2,78.54,482.05,1,1
1178.54,1.2,262.0,916.54,6,0
868.08,0.6,185.0,683.08,3,1
1121.03,0.8,352.57,768.46,4,0
1026.49,0.8,205.08,821.41,4,1
642.24,0.2,107.24,535.0,1,1
957.21,0.8,181.19,776.03,4,1
792.07,0.4,186.81,605.26,2,0
1007.67,0.8,216.51,791.15,4,1
782.59,0.4,147.08,635.51,2,1
570.26,0.0,113.08,457.18,0,1
563.35,0.0,128.86,434.49,0,1
640.61,0.4,42.92,597.69,2,1
979.35,0.8,210.89,768.46,4,0
802.48,0.6,111.84,690.64,3,1
636.48,0.2,139.3,497.18,1,0
813.3,0.6,137.78,675.51,3,1
1138.85,1.0,239.62,899.23,5,0
912.21,0.4,269.14,643.08,2,1
528.1,0.0,70.92,457.18,0,0
1319.16,1.2,402.62,916.54,6,0
900.46,0.4,264.95,635.51,2,1
1069.21,1.0,192.68,876.54,5,0
900.0,0.6,171.54,728.46,3,1
679.13,0.2,136.57,542.56,1,1
701.48,0.4,111.35,590.13,2,1
620.56,0.2,70.43,550.13,1,0
1148.06,1.0,286.65,861.41,5,1
1136.99,1.0,245.32,891.67,5,1
772.21,0.6,89.14,683.08,3,1
997.62,0.6,254.03,743.59,3,1
511.62,0.0,62.0,449.62,0,0
1224.45,1.2,300.35,924.1,6,0
1170.46,1.0,362.0,808.46,5,0
834.63,0.4,214.24,620.38,2,0
1002.4,0.8,211.24,791.15,4,1
1053.57,1.0,192.16,861.41,5,1
468.95,0.0,42.03,426.92,0,1
692.44,0.4,79.62,612.82,2,0
573.92,0.0,131.86,442.05,0,1
745.64,0.2,187.95,557.69,1,0
812.85,0.6,167.59,645.26,3,0
915.92,0.8,139.89,776.03,4,0
870.66,0.6,172.46,698.21,3,0
1017.11,1.0,208.65,808.46,5,1
884.91,0.6,186.7,698.21,3,1
518.49,0.0,99.14,419.36,0,1
1060.12,0.4,500.24,559.87,2,1
1045.84,0.6,317.38,728.46,3,0
645.86,0.2,95.73,550.13,1,1
1032.38,1.0,155.84,876.54,5,0
1048.81,0.6,312.78,736.03,3,0
970.16,0.8,201.7,768.46,4,0
888.39,0.4,222.62,665.77,2,0
714.82,0.2,149.57,565.26,1,0
779.42,0.4,166.59,612.82,2,1
1173.14,1.2,203.65,969.49,6,1
641.26,0.2,76.0,565.26,1,1
604.41,0.2,69.41,535.0,1,1
440.61,0.0,28.81,411.79,0,1
850.8,0.6,160.16,690.64,3,0
1061.11,0.8,300.22,760.9,4,0
573.41,0.2,38.41,535.0,1,1
673.89,0.2,138.89,535.0,1,1
937.84,0.4,309.89,627.95,2,1
1080.75,1.0,189.08,891.67,5,1
1015.02,0.6,271.43,743.59,3,0
886.9,0.8,126.0,760.9,4,1
527.0,0.0,84.95,442.05,0,0
821.72,0.8,75.95,745.77,4,1
999.09,0.8,177.68,821.41,4,0
640.56,0.2,90.43,550.13,1,1
589.69,0.2,84.95,504.74,1,1
733.14,0.4,112.76,620.38,2,1
639.19,0.0,197.14,442.05,0,1
433.2,0.0,21.41,411.79,0,1
888.76,0.6,220.81,667.95,3,0
1434.63,1.2,419.76,1014.87,6,0
677.04,0.2,104.22,572.82,1,1
568.22,0.0,133.73,434.49,0,1
670.05,0.2,135.05,535.0,1,1
679.38,0.2,144.38,535.0,1,1
766.47,0.2,201.22,565.26,1,0
778.28,0.4,157.89,620.38,2,0
471.58,0.0,52.22,419.36,0,0
1116.55,1.0,209.76,906.79,5,0
709.73,0.4,74.22,635.51,2,1
614.02,0.2,131.97,482.05,1,0
1012.95,0.6,292.05,720.9,3,1
741.74,0.2,176.49,565.26,1,1
964.94,0.6,281.86,683.08,3,0
576.26,0.0,119.08,457.18,0,0
1165.57,1.2,249.03,916.54,6,0
654.76,0.2,119.76,535.0,1,1
1171.96,1.0,272.73,899.23,5,0
985.75,0.6,287.54,698.21,3,1
1371.47,0.6,718.65,652.82,3,1
808.3,0.4,172.78,635.51,2,0
916.88,0.8,125.73,791.15,4,0
626.16,0.0,176.54,449.62,0,0
813.72,0.4,147.95,665.77,2,1
1102.12,0.8,295.84,806.28,4,1
755.78,0.2,205.65,550.13,1,0
761.71,0.6,101.32,660.38,3,1
794.54,0.6,111.46,683.08,3,1
461.19,0.0,26.7,434.49,0,1
1165.38,1.0,303.97,861.41,5,1
668.28,0.2,103.03,565.26,1,1
989.01,0.6,268.11,720.9,3,1
819.48,0.2,269.35,550.13,1,0
647.47,0.2,135.16,512.31,1,0
932.77,0.2,428.03,504.74,1,1
1042.83,1.0,211.68,831.15,5,1
738.16,0.4,102.65,635.51,2,0
822.77,0.6,124.57,698.21,3,1
1044.17,0.8,237.89,806.28,4,1
984.3,0.8,147.76,836.54,4,0
760.93,0.4,140.54,620.38,2,1
542.75,0.0,93.14,449.62,0,1
901.9,0.6,181.0,720.9,3,0
612.68,0.2,85.24,527.44,1,1
637.8,0.4,40.11,597.69,2,1
709.68,0.4,81.73,627.95,2,1
1032.29,0.8,241.14,791.15,4,1
739.16,0.2,196.59,542.56,1,0
1302.99,1.0,411.32,891.67,5,0
1168.1,1.0,284.0,884.1,5,1
990.36,0.4,385.11,605.26,2,1
690.44,0.2,110.05,580.38,1,0
730.51,0.4,87.43,643.08,2,0
853.39,0.6,140.05,713.33,3,1
687.15,0.2,129.46,557.69,1,1
843.79,0.4,215.84,627.95,2,1
993.04,1.0,154.32,838.72,5,1
1598.08,1.6,427.57,1170.51,8,0
684.06,0.2,164.19,519.87,1,0
1010.91,0.8,272.7,738.21,4,0
634.56,0.2,84.43,550.13,1,1
