"Total_Cost","Ratio_Reloc_Prod","Horiz_Cost","Vert_Cost","nReloc","non_Optimal"
253367.64,0.418,63600.44,189767.31,627,300
831.57,0.4,150.68,680.9,2,1
1156.5,0.6,397.78,758.72,3,1
862.75,0.4,204.54,658.21,2,1
904.49,0.6,130.65,773.85,3,1
729.44,0.2,141.49,587.95,1,1
507.15,0.0,42.41,464.74,0,1
888.73,0.6,152.7,736.03,3,1
818.8,0.6,113.03,705.77,3,1
534.28,0.0,69.54,464.74,0,1
633.35,0.2,98.35,535.0,1,1
812.82,0.4,147.05,665.77,2,1
864.12,0.6,150.78,713.33,3,1
633.56,0.2,83.43,550.13,1,1
967.83,0.6,224.24,743.59,3,1
670.63,0.2,105.38,565.26,1,1
906.59,0.6,163.0,743.59,3,1
768.21,0.4,125.14,643.08,2,1
634.58,0.2,69.32,565.26,1,1
526.26,0.0,76.65,449.62,0,1
754.12,0.2,196.43,557.69,1,1
713.15,0.2,147.89,565.26,1,1
871.79,0.6,158.46,713.33,3,1
721.5,0.4,116.24,605.26,2,1
628.62,0.2,86.05,542.56,1,1
723.38,0.4,95.43,627.95,2,1
897.05,0.8,121.03,776.03,4,1
651.5,0.2,86.24,565.26,1,1
1082.32,1.0,190.65,891.67,5,1
1027.43,0.6,283.84,743.59,3,1
855.82,0.6,150.05,705.77,3,1
900.94,0.6,157.35,743.59,3,1
1148.28,0.8,326.86,821.41,4,1
581.13,0.0,131.51,449.62,0,1
1762.46,1.2,785.41,977.05,6,1
719.93,0.2,154.68,565.26,1,1
958.92,0.6,238.03,720.9,3,1
596.01,0.0,131.27,464.74,0,1
1097.58,0.8,283.73,813.85,4,1
1266.77,1.0,359.97,906.79,5,1
914.39,0.6,201.05,713.33,3,1
733.82,0.2,168.57,565.26,1,1
784.21,0.2,226.51,557.69,1,1
847.16,0.6,111.14,736.03,3,1
712.04,0.2,207.3,504.74,1,1
947.49,0.6,219.03,728.46,3,1
804.58,0.2,239.32,565.26,1,1
1100.99,0.8,302.27,798.72,4,1
650.69,0.2,85.43,565.26,1,1
1038.4,0.8,254.81,783.59,4,1
1009.74,0.4,343.97,665.77,2,1
1259.77,0.8,461.05,798.72,4,1
812.3,0.4,191.92,620.38,2,1
867.58,0.4,201.81,665.77,2,1
1248.09,0.6,481.81,766.28,3,1
815.88,0.4,210.62,605.26,2,1
1035.43,0.6,306.97,728.46,3,1
1056.75,0.6,313.16,743.59,3,1
915.91,0.4,272.84,643.08,2,1
566.21,0.0,124.16,442.05,0,1
824.26,0.4,166.05,658.21,2,1
1274.52,0.6,546.05,728.46,3,1
988.16,0.4,345.08,643.08,2,1
1377.68,0.8,548.7,828.97,4,1
690.05,0.2,155.05,535.0,1,1
719.99,0.4,114.73,605.26,2,1
447.5,0.0,35.7,411.79,0,1
660.71,0.2,133.27,527.44,1,1
495.41,0.0,76.05,419.36,0,1
976.27,0.6,232.68,743.59,3,1
669.9,0.2,142.46,527.44,1,1
769.53,0.4,111.32,658.21,2,1
648.51,0.2,113.51,535.0,1,1
819.54,0.4,191.59,627.95,2,1
573.02,0.2,75.84,497.18,1,1
953.54,0.6,270.46,683.08,3,1
1057.81,0.6,329.35,728.46,3,1
1408.15,0.8,617.0,791.15,4,1
568.91,0.0,104.16,464.74,0,1
502.69,0.0,45.51,457.18,0,1
611.96,0.0,147.22,464.74,0,1
547.98,0.0,121.05,426.92,0,1
1616.87,1.2,662.51,954.36,6,1
927.77,0.4,262.0,665.77,2,1
927.82,0.6,214.49,713.33,3,1
544.86,0.0,95.24,449.62,0,1
719.79,0.4,91.84,627.95,2,1
930.87,0.4,302.92,627.95,2,1
899.68,0.6,178.78,720.9,3,1
596.55,0.2,84.24,512.31,1,1
471.28,0.0,51.92,419.36,0,1
569.24,0.0,134.76,434.49,0,1
501.93,0.0,82.57,419.36,0,1
997.85,0.8,199.14,798.72,4,1
810.82,0.4,198.0,612.82,2,1
1286.06,0.8,472.22,813.85,4,1
842.58,0.6,129.24,713.33,3,1
910.17,0.4,297.35,612.82,2,1
629.0,0.2,94.0,535.0,1,1
885.77,0.6,127.05,758.72,3,1
762.02,0.4,118.95,643.08,2,1
537.61,0.0,80.43,457.18,0,1
1669.88,1.2,677.7,992.18,6,1
991.02,0.4,347.95,643.08,2,1
498.05,0.0,56.0,442.05,0,1
570.15,0.0,112.97,457.18,0,1
1052.71,0.4,439.89,612.82,2,1
1069.85,0.8,271.14,798.72,4,1
977.71,0.4,304.38,673.33,2,1
1031.74,0.6,310.84,720.9,3,1
446.5,0.0,34.7,411.79,0,1
1165.32,0.8,389.3,776.03,4,1
580.48,0.0,130.86,449.62,0,1
561.92,0.0,135.0,426.92,0,1
721.2,0.4,115.95,605.26,2,1
999.23,0.8,208.08,791.15,4,1
827.8,0.4,162.03,665.77,2,1
560.26,0.0,95.51,464.74,0,1
720.19,0.2,185.19,535.0,1,1
574.1,0.0,116.92,457.18,0,1
668.73,0.2,126.16,542.56,1,1
542.97,0.0,93.35,449.62,0,1
563.32,0.0,121.27,442.05,0,1
759.15,0.4,100.95,658.21,2,1
515.88,0.0,58.7,457.18,0,1
996.25,0.4,368.3,627.95,2,1
605.25,0.2,77.81,527.44,1,1
627.95,0.4,60.51,567.44,2,1
1145.42,1.0,314.27,831.15,5,1
990.64,0.6,231.92,758.72,3,1
915.31,0.4,257.11,658.21,2,1
1008.89,0.6,272.86,736.03,3,1
1095.97,0.8,267.0,828.97,4,1
809.54,0.4,166.46,643.08,2,1
618.64,0.2,68.51,550.13,1,1
626.7,0.2,84.14,542.56,1,1
548.64,0.0,99.03,449.62,0,1
1152.28,0.8,338.43,813.85,4,1
873.23,0.4,275.54,597.69,2,1
766.38,0.4,130.86,635.51,2,1
841.94,0.2,291.81,550.13,1,1
992.95,0.4,365.0,627.95,2,1
1259.62,0.8,423.08,836.54,4,1
1345.59,0.6,602.0,743.59,3,1
733.46,0.2,206.03,527.44,1,1
826.02,0.2,268.32,557.69,1,1
950.74,0.6,305.49,645.26,3,1
541.41,0.0,122.05,419.36,0,1
708.67,0.2,150.97,557.69,1,1
440.2,0.0,28.41,411.79,0,1
752.02,0.4,154.32,597.69,2,1
672.28,0.4,67.03,605.26,2,1
491.41,0.0,56.92,434.49,0,1
855.32,0.4,219.81,635.51,2,1
486.09,0.0,66.73,419.36,0,1
684.99,0.2,134.86,550.13,1,1
1049.21,0.6,351.0,698.21,3,1
516.75,0.0,74.7,442.05,0,1
1165.72,0.8,367.0,798.72,4,1
875.85,0.4,210.08,665.77,2,1
1304.04,1.2,311.86,992.18,6,1
808.23,0.4,142.46,665.77,2,1
1403.75,1.2,472.08,931.67,6,1
638.66,0.4,33.41,605.26,2,1
550.77,0.2,46.03,504.74,1,1
601.08,0.2,58.51,542.56,1,1
688.1,0.2,137.97,550.13,1,1
604.97,0.0,155.35,449.62,0,1
952.73,0.4,324.78,627.95,2,1
936.28,0.4,270.51,665.77,2,1
573.85,0.2,69.11,504.74,1,1
1216.95,0.8,403.11,813.85,4,1
923.31,0.4,265.11,658.21,2,1
821.37,0.4,178.3,643.08,2,1
922.18,0.4,332.05,590.13,2,1
982.94,0.6,246.92,736.03,3,1
2031.22,1.6,928.78,1102.44,8,1
613.81,0.2,78.81,535.0,1,1
779.34,0.6,81.14,698.21,3,1
993.28,0.6,279.95,713.33,3,1
1487.14,1.2,517.65,969.49,6,1
581.24,0.0,146.76,434.49,0,1
948.61,0.8,142.32,806.28,4,1
766.94,0.4,123.86,643.08,2,1
787.28,0.4,174.46,612.82,2,1
568.42,0.0,111.24,457.18,0,1
559.34,0.0,102.16,457.18,0,1
813.23,0.4,207.97,605.26,2,1
818.46,0.6,150.51,667.95,3,1
683.39,0.4,78.14,605.26,2,1
718.08,0.4,150.65,567.44,2,1
1016.89,0.6,288.43,728.46,3,1
836.44,0.4,208.49,627.95,2,1
436.2,0.0,24.41,411.79,0,1
520.49,0.0,86.0,434.49,0,1
929.02,0.6,230.81,698.21,3,1
508.76,0.0,81.84,426.92,0,1
948.19,0.6,265.11,683.08,3,1
679.02,0.2,128.89,550.13,1,1
797.89,0.4,162.38,635.51,2,1
443.79,0.0,32.0,411.79,0,1
752.55,0.4,132.16,620.38,2,1
669.64,0.2,111.95,557.69,1,1
704.7,0.2,154.57,550.13,1,1
1161.71,1.0,307.86,853.85,5,1
1185.69,1.0,346.97,838.72,5,1
1323.91,1.0,439.81,884.1,5,1
834.13,0.4,244.0,590.13,2,1
521.09,0.0,94.16,426.92,0,1
852.41,0.4,232.03,620.38,2,1
648.56,0.2,98.43,550.13,1,1
1219.4,0.8,382.86,836.54,4,1
943.57,0.4,308.05,635.51,2,1
989.96,0.4,331.76,658.21,2,1
1409.78,1.0,533.24,876.54,5,1
606.72,0.0,157.11,449.62,0,1
801.09,0.4,195.84,605.26,2,1
1103.11,0.6,374.65,728.46,3,1
1295.26,0.8,549.49,745.77,4,1
607.61,0.2,102.86,504.74,1,1
1380.06,1.4,385.7,994.36,7,1
690.77,0.2,178.46,512.31,1,1
593.62,0.2,58.62,535.0,1,1
928.57,0.6,207.68,720.9,3,1
1057.36,0.6,351.59,705.77,3,1
976.94,0.6,225.78,751.15,3,1
763.08,0.4,135.14,627.95,2,1
984.6,0.4,364.22,620.38,2,1
851.31,0.4,253.62,597.69,2,1
569.51,0.2,34.51,535.0,1,1
917.33,0.6,188.86,728.46,3,1
663.91,0.2,106.22,557.69,1,1
463.39,0.0,44.03,419.36,0,1
694.24,0.2,159.24,535.0,1,1
584.7,0.2,49.7,535.0,1,1
883.34,0.4,285.65,597.69,2,1
1126.61,1.0,219.81,906.79,5,1
1397.96,0.8,599.24,798.72,4,1
830.44,0.4,217.62,612.82,2,1
1101.37,0.6,403.16,698.21,3,1
684.63,0.2,157.19,527.44,1,1
460.82,0.0,49.03,411.79,0,1
888.43,0.6,159.97,728.46,3,1
908.04,0.4,310.35,597.69,2,1
524.43,0.0,89.95,434.49,0,1
1026.51,0.6,351.0,675.51,3,1
1413.83,1.0,529.73,884.1,5,1
1203.13,1.0,379.54,823.59,5,1
591.53,0.0,126.78,464.74,0,1
900.03,0.6,224.51,675.51,3,1
1295.68,0.8,481.84,813.85,4,1
796.47,0.4,176.08,620.38,2,1
692.91,0.2,127.65,565.26,1,1
551.72,0.2,54.54,497.18,1,1
1176.13,0.8,332.03,844.1,4,1
643.52,0.2,123.65,519.87,1,1
610.97,0.2,68.41,542.56,1,1
852.42,0.4,201.78,650.64,2,1
920.1,0.4,277.03,643.08,2,1
1332.51,0.8,488.41,844.1,4,1
834.0,0.4,190.92,643.08,2,1
695.16,0.2,152.59,542.56,1,1
1249.35,1.0,380.38,868.97,5,1
1264.95,1.0,395.97,868.97,5,1
619.35,0.2,91.92,527.44,1,1
447.2,0.0,35.41,411.79,0,1
619.5,0.2,61.81,557.69,1,1
619.7,0.2,77.14,542.56,1,1
1113.38,0.6,392.49,720.9,3,1
938.39,0.8,124.54,813.85,4,1
847.35,0.6,164.27,683.08,3,1
786.28,0.6,133.46,652.82,3,1
921.98,0.4,294.03,627.95,2,1
905.33,0.6,176.86,728.46,3,1
788.46,0.2,245.89,542.56,1,1
855.35,0.4,227.41,627.95,2,1
952.83,0.6,254.62,698.21,3,1
694.87,0.2,122.05,572.82,1,1
920.67,0.6,184.65,736.03,3,1
564.58,0.0,99.84,464.74,0,1
730.07,0.2,172.38,557.69,1,1
1277.75,1.0,446.59,831.15,5,1
656.7,0.2,106.57,550.13,1,1
719.85,0.4,122.16,597.69,2,1
675.11,0.4,107.68,567.44,2,1
519.19,0.0,84.7,434.49,0,1
1115.21,0.6,379.19,736.03,3,1
935.84,0.4,300.32,635.51,2,1
440.5,0.0,28.7,411.79,0,1
664.83,0.2,107.14,557.69,1,1
762.66,0.2,250.35,512.31,1,1
657.17,0.2,144.86,512.31,1,1
823.26,0.4,233.14,590.13,2,1
872.52,0.4,259.7,612.82,2,1
549.61,0.0,92.43,457.18,0,1
829.7,0.8,99.05,730.64,4,1
714.35,0.6,46.41,667.95,3,1
1165.35,1.0,341.76,823.59,5,1
1527.73,1.2,565.81,961.92,6,1
686.79,0.2,166.92,519.87,1,1
1919.37,1.4,887.19,1032.18,7,1
