"Total_Cost","Ratio_Reloc_Prod","Horiz_Cost","Vert_Cost","nReloc","non_Optimal"
273759.33,0.8127,58375.75,215383.57,1219,198
642.36,0.4,90.05,552.31,2,1
513.52,0.2,61.73,451.79,1,0
626.09,0.4,81.35,544.74,2,0
715.6,0.4,163.3,552.31,2,1
630.86,0.4,101.24,529.62,2,0
864.87,1.0,132.05,732.82,5,0
728.26,0.6,98.14,630.13,3,0
778.61,0.8,100.92,677.69,4,0
819.15,0.6,226.84,592.31,3,1
848.42,0.8,163.16,685.26,4,1
807.04,0.6,161.78,645.26,3,1
861.02,0.6,223.32,637.69,3,0
647.62,0.2,158.0,489.62,1,0
838.0,0.8,130.05,707.95,4,1
774.4,0.6,144.27,630.13,3,0
490.62,0.0,101.51,389.1,0,0
481.47,0.0,62.11,419.36,0,0
821.85,0.8,144.16,677.69,4,1
886.23,0.6,233.41,652.82,3,1
559.27,0.2,92.35,466.92,1,1
691.92,0.4,124.49,567.44,2,0
1286.96,1.4,368.24,918.72,7,1
981.96,1.0,249.14,732.82,5,1
2380.03,2.0,1137.08,1242.95,10,1
1174.66,1.4,240.81,933.85,7,1
443.32,0.0,54.22,389.1,0,0
770.32,0.6,140.19,630.13,3,1
612.77,0.4,68.03,544.74,2,0
1184.52,1.6,203.11,981.41,8,1
732.3,0.6,132.43,599.87,3,0
940.99,1.0,162.78,778.21,5,1
705.15,0.4,160.41,544.74,2,0
1103.03,1.4,214.57,888.46,7,1
1020.6,1.2,187.27,833.33,6,1
707.31,0.4,162.57,544.74,2,0
1080.87,1.2,232.41,848.46,6,1
1023.46,1.2,227.95,795.51,6,1
558.79,0.0,147.0,411.79,0,0
730.92,0.6,108.35,622.56,3,1
1072.31,1.4,146.03,926.28,7,1
972.67,0.8,257.16,715.51,4,1
905.12,0.8,212.3,692.82,4,1
1228.48,1.2,364.89,863.59,6,1
971.61,1.0,200.97,770.64,5,1
855.53,0.8,185.41,670.13,4,1
1335.94,1.6,339.41,996.54,8,1
485.79,0.0,66.43,419.36,0,0
925.8,1.0,155.16,770.64,5,1
639.17,0.4,71.73,567.44,2,0
1062.64,1.0,292.0,770.64,5,1
1467.61,1.8,355.43,1112.18,9,1
553.81,0.2,79.32,474.49,1,0
759.97,0.6,129.84,630.13,3,0
772.94,0.6,135.24,637.69,3,0
1008.64,1.2,145.05,863.59,6,1
820.84,0.8,105.32,715.51,4,0
917.64,1.0,154.57,763.08,5,1
930.34,1.0,144.57,785.77,5,1
980.63,1.0,187.3,793.33,5,1
731.55,0.6,78.73,652.82,3,0
499.62,0.0,65.14,434.49,0,0
831.29,0.8,100.65,730.64,4,1
1052.56,1.2,188.97,863.59,6,1
1109.38,1.4,152.84,956.54,7,1
1081.72,1.2,203.0,878.72,6,1
1515.91,2.4,177.84,1338.08,12,1
505.94,0.0,109.27,396.67,0,0
493.28,0.0,73.92,419.36,0,0
1094.67,1.4,138.14,956.54,7,1
1052.03,1.2,143.05,908.97,6,1
1222.9,1.4,289.05,933.85,7,1
762.71,0.6,155.27,607.44,3,0
480.92,0.0,54.0,426.92,0,0
1068.02,1.2,196.86,871.15,6,1
897.35,0.8,174.27,723.08,4,1
812.03,0.6,144.08,667.95,3,1
1135.02,1.2,271.43,863.59,6,1
642.55,0.4,97.81,544.74,2,0
1312.17,1.6,270.24,1041.92,8,1
1456.22,1.8,313.78,1142.44,9,1
937.25,1.0,136.35,800.9,5,1
870.48,0.8,192.78,677.69,4,1
1136.58,1.4,210.3,926.28,7,1
1034.53,1.0,248.76,785.77,5,1
806.14,0.6,198.7,607.44,3,1
1182.47,1.4,248.62,933.85,7,1
512.37,0.0,123.27,389.1,0,0
854.65,0.8,139.14,715.51,4,1
844.94,0.8,121.86,723.08,4,1
604.36,0.2,145.0,459.36,1,0
490.94,0.0,94.27,396.67,0,0
1329.21,1.6,272.16,1057.05,8,1
945.43,1.0,121.84,823.59,5,1
1568.29,1.6,511.24,1057.05,8,1
749.44,0.6,89.05,660.38,3,0
695.93,0.4,136.05,559.87,2,1
773.52,0.6,113.14,660.38,3,0
1134.72,1.4,223.57,911.15,7,1
504.3,0.0,84.95,419.36,0,0
564.29,0.2,82.24,482.05,1,0
3048.7,2.8,1403.7,1645.0,14,1
1088.44,1.2,262.68,825.77,6,1
702.49,0.4,135.05,567.44,2,1
897.42,1.0,111.65,785.77,5,1
763.31,0.6,118.05,645.26,3,0
680.52,0.4,120.65,559.87,2,0
487.2,0.0,75.41,411.79,0,0
587.86,0.2,98.24,489.62,1,0
957.28,1.0,156.38,800.9,5,1
978.1,1.0,215.03,763.08,5,1
681.91,0.4,84.22,597.69,2,0
935.37,1.0,157.16,778.21,5,1
839.35,0.8,123.84,715.51,4,1
1043.42,1.2,172.27,871.15,6,1
938.07,1.0,159.86,778.21,5,1
1304.44,1.6,277.65,1026.79,8,1
841.65,0.8,126.14,715.51,4,0
1087.27,0.8,364.19,723.08,4,1
767.72,0.6,130.03,637.69,3,0
1235.18,1.4,271.08,964.1,7,1
472.49,0.0,38.0,434.49,0,0
2164.3,2.2,813.27,1351.03,11,1
764.57,0.6,149.57,615.0,3,0
556.36,0.2,104.57,451.79,1,0
779.09,0.6,126.27,652.82,3,1
1227.37,1.6,215.7,1011.67,8,1
1015.58,1.2,121.73,893.85,6,1
631.74,0.2,111.86,519.87,1,0
666.63,0.4,106.76,559.87,2,0
694.64,0.4,157.46,537.18,2,0
576.65,0.2,102.16,474.49,1,0
1085.73,1.4,136.76,948.97,7,1
951.32,1.0,127.73,823.59,5,1
1079.98,1.2,231.51,848.46,6,1
821.47,0.6,236.73,584.74,3,1
1131.04,1.2,244.76,886.28,6,1
848.52,0.6,248.65,599.87,3,1
977.33,1.0,168.86,808.46,5,1
702.42,0.6,64.73,637.69,3,1
507.26,0.0,118.16,389.1,0,0
1236.57,1.4,287.59,948.97,7,1
1049.58,1.2,163.3,886.28,6,1
1059.41,1.0,266.08,793.33,5,1
1004.37,1.2,125.65,878.72,6,1
847.35,0.8,131.84,715.51,4,1
810.23,0.6,164.97,645.26,3,1
1026.14,1.2,117.16,908.97,6,1
803.89,0.8,80.81,723.08,4,0
1146.33,1.4,212.49,933.85,7,1
599.89,0.2,117.84,482.05,1,0
681.8,0.4,144.62,537.18,2,1
698.25,0.4,145.95,552.31,2,0
1173.15,1.6,153.92,1019.23,8,1
1049.92,1.2,193.89,856.03,6,1
887.42,0.8,156.78,730.64,4,1
819.99,0.8,134.73,685.26,4,1
823.18,0.8,92.54,730.64,4,1
601.46,0.2,126.97,474.49,1,0
774.25,0.6,181.95,592.31,3,0
880.86,0.8,157.78,723.08,4,1
692.48,0.4,162.86,529.62,2,0
980.85,1.0,195.08,785.77,5,1
1095.42,1.0,324.78,770.64,5,1
707.08,0.4,139.65,567.44,2,0
1145.06,1.4,211.22,933.85,7,1
830.79,0.6,170.41,660.38,3,1
983.45,1.2,104.73,878.72,6,1
637.62,0.2,155.57,482.05,1,0
854.94,0.8,192.38,662.56,4,0
866.81,0.6,191.3,675.51,3,1
1059.03,1.2,203.0,856.03,6,1
718.84,0.4,158.97,559.87,2,0
724.86,0.4,149.86,575.0,2,1
661.34,0.4,71.22,590.13,2,0
782.45,0.6,137.19,645.26,3,1
807.6,0.6,207.73,599.87,3,1
834.89,0.8,111.81,723.08,4,1
833.6,0.6,226.16,607.44,3,0
1672.07,1.2,687.46,984.62,6,1
595.49,0.2,128.57,466.92,1,0
1316.81,1.2,460.78,856.03,6,1
839.54,0.6,232.11,607.44,3,1
2836.35,2.0,1585.84,1250.51,10,1
767.77,0.6,114.95,652.82,3,1
1043.81,0.8,335.86,707.95,4,1
595.47,0.2,143.68,451.79,1,0
487.85,0.0,83.62,404.23,0,0
768.57,0.6,100.62,667.95,3,1
1172.1,1.2,300.95,871.15,6,1
602.49,0.2,128.0,474.49,1,0
985.3,1.0,184.41,800.9,5,1
983.97,0.8,253.32,730.64,4,1
1166.07,1.4,239.78,926.28,7,1
489.52,0.0,77.73,411.79,0,0
851.52,0.8,143.57,707.95,4,1
488.32,0.0,38.7,449.62,0,0
762.09,0.4,217.35,544.74,2,0
786.1,0.6,148.41,637.69,3,1
750.46,0.6,135.46,615.0,3,0
1099.87,1.2,251.41,848.46,6,1
933.7,1.0,125.24,808.46,5,1
747.68,0.6,79.73,667.95,3,0
701.74,0.4,157.0,544.74,2,1
1216.17,1.6,189.38,1026.79,8,1
747.21,0.6,124.65,622.56,3,1
1021.14,1.2,119.73,901.41,6,1
530.36,0.0,118.57,411.79,0,0
708.88,0.6,63.62,645.26,3,0
986.06,1.0,177.59,808.46,5,1
869.23,0.8,123.46,745.77,4,1
803.87,0.6,143.49,660.38,3,1
983.57,1.0,182.68,800.9,5,1
849.46,0.8,133.95,715.51,4,1
743.11,0.6,82.73,660.38,3,0
943.52,0.8,182.62,760.9,4,1
579.6,0.2,112.68,466.92,1,0
686.9,0.4,119.46,567.44,2,0
1031.54,1.0,223.08,808.46,5,0
1091.82,1.2,266.05,825.77,6,1
891.5,1.0,158.68,732.82,5,1
2625.24,2.0,1314.22,1311.03,10,1
822.0,0.8,98.92,723.08,4,1
1272.18,1.6,268.08,1004.1,8,1
614.81,0.2,147.89,466.92,1,0
906.87,0.8,198.92,707.95,4,1
1342.86,1.6,346.32,996.54,8,1
1204.97,1.4,301.38,903.59,7,1
842.23,0.6,204.54,637.69,3,1
926.05,0.8,202.97,723.08,4,1
991.2,1.0,205.43,785.77,5,1
811.66,0.6,166.41,645.26,3,0
1205.52,1.0,465.14,740.38,5,1
605.39,0.2,153.59,451.79,1,0
1611.42,2.4,258.22,1353.21,12,1
732.68,0.6,125.24,607.44,3,1
643.05,0.4,113.43,529.62,2,0
935.58,1.0,142.24,793.33,5,1
1365.39,1.6,346.16,1019.23,8,1
1304.03,1.8,222.11,1081.92,9,1
699.64,0.4,154.89,544.74,2,0
852.88,0.8,122.24,730.64,4,1
1101.58,1.2,268.24,833.33,6,1
828.96,0.6,236.65,592.31,3,0
1010.14,1.2,169.24,840.9,6,1
690.05,0.6,59.92,630.13,3,1
858.03,0.8,150.08,707.95,4,1
466.26,0.0,62.03,404.23,0,0
1006.84,1.2,105.43,901.41,6,1
499.93,0.0,88.14,411.79,0,0
858.18,0.8,127.54,730.64,4,1
957.34,1.0,171.57,785.77,5,1
671.58,0.4,126.84,544.74,2,1
834.43,0.8,118.92,715.51,4,1
908.5,1.0,122.73,785.77,5,1
753.62,0.6,131.05,622.56,3,1
771.56,0.6,133.86,637.69,3,0
681.63,0.4,121.76,559.87,2,0
974.38,0.8,258.86,715.51,4,1
754.83,0.4,225.22,529.62,2,0
3409.78,2.8,1757.22,1652.56,14,1
1307.99,1.6,296.32,1011.67,8,1
839.98,0.6,179.59,660.38,3,1
1053.85,1.0,275.65,778.21,5,1
789.12,0.6,143.86,645.26,3,1
859.04,0.8,166.22,692.82,4,1
753.43,0.6,77.92,675.51,3,1
1004.66,1.0,218.89,785.77,5,1
524.44,0.2,57.51,466.92,1,0
822.09,0.8,136.84,685.26,4,1
1133.84,1.2,285.38,848.46,6,1
771.63,0.6,164.19,607.44,3,1
821.04,0.8,82.84,738.21,4,1
1100.77,1.4,174.49,926.28,7,1
855.11,0.8,147.16,707.95,4,1
790.59,0.6,175.59,615.0,3,0
760.57,0.6,145.57,615.0,3,0
687.16,0.4,112.16,575.0,2,1
690.82,0.4,146.08,544.74,2,1
566.29,0.2,84.24,482.05,1,0
553.89,0.2,71.84,482.05,1,0
1091.2,1.4,104.41,986.79,7,1
1214.54,1.2,350.95,863.59,6,1
757.62,0.6,82.11,675.51,3,1
808.04,0.6,162.78,645.26,3,1
748.89,0.6,80.95,667.95,3,0
1695.85,1.2,817.14,878.72,6,1
1126.29,1.2,247.57,878.72,6,1
1599.94,1.8,487.76,1112.18,9,1
608.5,0.2,111.32,497.18,1,0
969.16,1.0,206.08,763.08,5,1
867.22,0.8,159.27,707.95,4,1
644.89,0.4,62.32,582.56,2,0
1053.21,1.2,182.05,871.15,6,1
839.98,0.6,232.54,607.44,3,0
985.99,1.0,200.22,785.77,5,1
1052.61,1.2,173.89,878.72,6,1
530.38,0.2,48.32,482.05,1,0
1128.05,1.4,216.89,911.15,7,1
588.16,0.2,98.54,489.62,1,0
1138.99,1.2,267.84,871.15,6,1
