"Total_Cost","Ratio_Reloc_Prod","Horiz_Cost","Vert_Cost","nReloc","non_Optimal"
241415.12,0.4733,46089.03,195326.15,710,199
951.06,0.8,129.65,821.41,4,1
525.14,0.0,37.7,487.44,0,0
797.77,0.6,84.43,713.33,3,1
1047.43,1.0,170.89,876.54,5,1
830.97,0.6,94.95,736.03,3,1
838.99,0.6,140.78,698.21,3,0
708.34,0.4,57.7,650.64,2,1
551.38,0.0,63.95,487.44,0,0
573.58,0.0,101.27,472.31,0,0
985.51,0.8,148.97,836.54,4,0
806.32,0.6,62.73,743.59,3,1
528.47,0.0,63.73,464.74,0,0
984.81,1.0,115.84,868.97,5,1
850.68,0.6,137.35,713.33,3,0
994.68,0.8,165.7,828.97,4,1
540.47,0.0,75.73,464.74,0,0
620.61,0.2,62.92,557.69,1,0
1349.19,1.4,339.7,1009.49,7,1
977.53,0.8,178.81,798.72,4,1
723.09,0.4,110.27,612.82,2,1
513.85,0.0,49.11,464.74,0,0
696.23,0.4,98.54,597.69,2,0
598.37,0.0,141.19,457.18,0,0
799.16,0.4,171.22,627.95,2,1
532.94,0.0,83.32,449.62,0,0
680.48,0.4,90.35,590.13,2,0
647.79,0.4,80.35,567.44,2,1
1229.19,0.4,646.62,582.56,2,1
674.23,0.4,61.41,612.82,2,1
1103.25,1.2,201.84,901.41,6,1
585.14,0.2,57.7,527.44,1,0
658.5,0.2,93.24,565.26,1,0
806.25,0.6,92.92,713.33,3,1
961.42,0.8,215.65,745.77,4,1
617.64,0.2,67.51,550.13,1,1
737.06,0.6,69.11,667.95,3,1
1244.77,1.2,313.11,931.67,6,1
961.05,0.8,169.89,791.15,4,1
520.26,0.0,55.51,464.74,0,0
1606.15,1.4,619.35,986.79,7,1
910.95,0.8,89.54,821.41,4,1
1074.33,0.8,260.49,813.85,4,1
529.5,0.0,72.32,457.18,0,0
1667.37,1.0,843.78,823.59,5,1
736.16,0.4,100.65,635.51,2,1
1034.95,0.8,266.49,768.46,4,1
921.25,0.8,99.84,821.41,4,1
779.47,0.4,159.08,620.38,2,1
790.96,0.4,132.76,658.21,2,1
617.64,0.0,168.03,449.62,0,1
694.72,0.4,97.03,597.69,2,1
433.74,0.0,29.51,404.23,0,0
994.84,1.0,133.43,861.41,5,1
841.23,0.8,103.03,738.21,4,1
1141.81,1.2,164.76,977.05,6,1
644.31,0.2,86.62,557.69,1,0
518.35,0.0,68.73,449.62,0,0
640.19,0.4,57.62,582.56,2,0
879.54,0.4,236.46,643.08,2,0
748.03,0.6,72.51,675.51,3,1
890.08,0.6,161.62,728.46,3,1
1005.65,0.2,478.22,527.44,1,1
773.06,0.4,99.73,673.33,2,0
734.21,0.4,91.14,643.08,2,1
715.79,0.2,142.97,572.82,1,1
874.89,0.6,191.81,683.08,3,1
776.73,0.6,93.65,683.08,3,1
602.27,0.2,59.7,542.56,1,0
624.53,0.2,66.84,557.69,1,1
720.95,0.4,85.43,635.51,2,0
874.91,0.6,191.84,683.08,3,1
839.01,0.6,125.68,713.33,3,1
820.75,0.6,122.54,698.21,3,1
750.25,0.4,129.86,620.38,2,1
739.27,0.4,111.32,627.95,2,0
996.61,1.0,157.89,838.72,5,1
926.23,0.6,220.46,705.77,3,1
538.99,0.2,41.81,497.18,1,0
551.18,0.0,101.57,449.62,0,0
1185.92,1.4,184.0,1001.92,7,1
837.25,0.6,116.35,720.9,3,1
704.17,0.2,176.73,527.44,1,1
819.92,0.4,184.41,635.51,2,0
600.33,0.0,120.46,479.87,0,1
1156.9,1.0,310.62,846.28,5,1
967.56,0.4,369.86,597.69,2,1
1043.64,1.0,151.97,891.67,5,1
1002.21,1.0,110.54,891.67,5,1
503.4,0.0,46.22,457.18,0,1
607.76,0.0,127.89,479.87,0,0
639.32,0.2,96.76,542.56,1,1
1040.57,1.0,171.59,868.97,5,1
721.46,0.6,53.51,667.95,3,0
669.03,0.2,88.65,580.38,1,1
471.46,0.0,29.41,442.05,0,0
609.27,0.0,167.22,442.05,0,0
473.46,0.0,31.41,442.05,0,0
538.58,0.0,73.84,464.74,0,1
824.76,0.4,196.81,627.95,2,1
783.59,0.4,132.95,650.64,2,0
801.15,0.4,135.38,665.77,2,1
741.57,0.4,106.05,635.51,2,1
665.12,0.2,107.43,557.69,1,1
567.05,0.2,77.43,489.62,1,1
618.71,0.2,98.84,519.87,1,1
693.31,0.2,128.05,565.26,1,0
754.13,0.4,111.05,643.08,2,1
1792.6,1.0,999.27,793.33,5,1
674.06,0.2,86.11,587.95,1,1
612.25,0.4,44.81,567.44,2,1
643.48,0.4,60.92,582.56,2,1
523.1,0.0,65.92,457.18,0,0
723.08,0.4,95.14,627.95,2,0
797.4,0.6,106.76,690.64,3,1
645.65,0.4,78.22,567.44,2,0
765.89,0.4,130.38,635.51,2,0
788.45,0.4,130.24,658.21,2,1
842.18,0.6,143.97,698.21,3,1
756.57,0.4,121.05,635.51,2,1
917.96,0.8,119.24,798.72,4,1
781.32,0.4,145.81,635.51,2,1
934.56,0.6,183.41,751.15,3,1
556.9,0.0,77.03,479.87,0,0
706.65,0.2,126.27,580.38,1,1
1055.04,1.0,216.32,838.72,5,1
1248.97,1.4,178.97,1070.0,7,1
737.37,0.4,86.73,650.64,2,0
516.4,0.0,59.22,457.18,0,1
1216.38,1.2,314.97,901.41,6,1
746.34,0.4,88.14,658.21,2,1
755.36,0.4,134.97,620.38,2,1
773.56,0.4,115.35,658.21,2,1
622.22,0.2,102.35,519.87,1,0
903.84,0.8,135.38,768.46,4,1
521.77,0.0,57.03,464.74,0,0
713.84,0.4,78.32,635.51,2,1
762.7,0.4,119.62,643.08,2,0
859.21,0.8,75.62,783.59,4,1
592.97,0.2,50.41,542.56,1,1
1488.93,1.0,703.16,785.77,5,1
591.4,0.0,134.22,457.18,0,1
989.15,0.8,198.0,791.15,4,1
515.61,0.0,58.43,457.18,0,0
783.59,0.6,92.95,690.64,3,1
647.71,0.2,67.32,580.38,1,0
1106.74,1.0,260.46,846.28,5,1
1302.94,0.6,665.24,637.69,3,1
783.35,0.4,140.27,643.08,2,1
800.09,0.6,139.7,660.38,3,1
731.87,0.4,119.05,612.82,2,1
755.98,0.4,135.59,620.38,2,1
615.04,0.0,150.3,464.74,0,1
869.49,0.6,133.46,736.03,3,1
831.16,0.6,95.14,736.03,3,0
1351.52,0.8,643.57,707.95,4,1
970.62,0.2,488.57,482.05,1,1
806.59,0.6,115.95,690.64,3,1
582.3,0.0,102.43,479.87,0,0
896.38,0.6,167.92,728.46,3,1
1069.72,1.0,185.62,884.1,5,1
532.47,0.0,67.73,464.74,0,0
533.68,0.0,53.81,479.87,0,0
883.51,0.6,200.43,683.08,3,1
686.11,0.4,65.73,620.38,2,0
562.3,0.0,82.43,479.87,0,0
497.86,0.0,55.81,442.05,0,1
1065.46,1.4,108.92,956.54,7,1
697.45,0.4,46.81,650.64,2,0
605.48,0.2,62.92,542.56,1,0
487.46,0.0,45.41,442.05,0,0
737.99,0.4,72.22,665.77,2,1
759.34,0.6,68.7,690.64,3,0
1671.13,1.2,807.54,863.59,6,1
741.1,0.4,98.03,643.08,2,1
557.8,0.2,60.62,497.18,1,1
509.29,0.0,52.11,457.18,0,0
743.18,0.4,145.49,597.69,2,0
597.45,0.4,52.7,544.74,2,1
599.14,0.2,64.14,535.0,1,1
565.61,0.0,100.86,464.74,0,1
545.67,0.2,63.62,482.05,1,0
463.68,0.0,44.32,419.36,0,0
613.41,0.2,93.54,519.87,1,0
1759.21,1.2,895.62,863.59,6,1
713.49,0.4,85.54,627.95,2,1
659.94,0.2,102.24,557.69,1,0
652.88,0.2,102.76,550.13,1,0
541.58,0.0,76.84,464.74,0,1
723.47,0.4,110.65,612.82,2,1
679.61,0.2,114.35,565.26,1,1
673.37,0.4,83.24,590.13,2,0
491.46,0.0,49.41,442.05,0,0
635.95,0.2,100.95,535.0,1,0
868.73,0.6,140.27,728.46,3,1
1216.01,1.2,276.78,939.23,6,1
480.75,0.0,38.7,442.05,0,0
582.28,0.2,62.41,519.87,1,1
747.52,0.2,174.7,572.82,1,1
736.86,0.4,86.22,650.64,2,0
1052.72,1.2,128.62,924.1,6,1
721.35,0.6,53.41,667.95,3,1
1251.54,1.2,342.57,908.97,6,1
735.6,0.4,107.65,627.95,2,1
1337.93,0.8,599.73,738.21,4,1
916.13,0.6,233.05,683.08,3,0
605.36,0.0,125.49,479.87,0,0
1026.82,1.0,172.97,853.85,5,1
800.93,0.4,135.16,665.77,2,1
756.66,0.4,151.41,605.26,2,1
671.72,0.2,106.46,565.26,1,0
779.96,0.4,121.76,658.21,2,1
961.18,1.0,122.46,838.72,5,1
820.03,0.4,184.51,635.51,2,1
702.06,0.4,89.24,612.82,2,1
612.77,0.2,100.46,512.31,1,0
1287.79,1.6,200.49,1087.31,8,1
775.48,0.6,84.84,690.64,3,1
833.36,0.6,112.46,720.9,3,0
1365.36,1.0,579.59,785.77,5,1
1137.51,1.0,260.97,876.54,5,1
1035.95,0.8,214.54,821.41,4,1
1063.56,1.0,171.89,891.67,5,1
622.79,0.2,95.35,527.44,1,1
533.37,0.0,68.62,464.74,0,0
819.42,0.4,161.22,658.21,2,1
781.04,0.4,122.84,658.21,2,0
962.22,0.8,148.38,813.85,4,1
864.77,0.8,126.57,738.21,4,1
1189.33,1.0,274.97,914.36,5,1
573.12,0.0,93.24,479.87,0,1
630.8,0.2,73.11,557.69,1,0
1353.52,0.8,660.7,692.82,4,1
882.16,0.6,206.65,675.51,3,1
898.7,0.8,122.68,776.03,4,1
556.39,0.2,36.51,519.87,1,1
615.64,0.2,65.51,550.13,1,1
612.14,0.2,77.14,535.0,1,1
1167.17,1.2,273.32,893.85,6,1
752.16,0.4,116.65,635.51,2,0
943.57,0.6,222.68,720.9,3,1
1073.08,1.0,204.11,868.97,5,1
1431.7,1.6,321.7,1110.0,8,1
650.43,0.4,75.43,575.0,2,0
1017.97,1.0,149.0,868.97,5,1
1054.05,0.8,262.89,791.15,4,1
605.5,0.0,133.19,472.31,0,1
876.67,0.6,133.08,743.59,3,1
1038.67,1.0,154.57,884.1,5,1
550.85,0.0,78.54,472.31,0,1
876.43,0.8,92.84,783.59,4,1
1405.09,0.8,644.19,760.9,4,1
743.82,0.2,171.0,572.82,1,0
724.39,0.4,111.57,612.82,2,0
760.8,0.4,110.16,650.64,2,0
1203.27,1.4,193.78,1009.49,7,1
763.47,0.6,103.08,660.38,3,1
652.09,0.2,86.84,565.26,1,0
616.66,0.2,51.41,565.26,1,0
1210.88,1.0,364.59,846.28,5,1
726.54,0.4,91.03,635.51,2,1
534.37,0.0,84.76,449.62,0,0
850.4,0.6,159.76,690.64,3,0
1560.54,1.0,744.51,816.03,5,1
798.07,0.4,139.86,658.21,2,0
1075.39,1.0,168.59,906.79,5,1
577.48,0.0,74.92,502.56,0,0
1029.08,0.8,200.11,828.97,4,1
669.23,0.4,71.54,597.69,2,1
643.97,0.2,93.84,550.13,1,0
878.74,0.6,165.41,713.33,3,1
931.95,0.8,110.54,821.41,4,1
525.45,0.0,60.7,464.74,0,0
989.99,0.4,384.73,605.26,2,1
743.91,0.4,100.84,643.08,2,1
714.62,0.4,79.11,635.51,2,0
800.9,0.6,95.14,705.77,3,1
544.33,0.0,72.03,472.31,0,0
662.1,0.4,64.41,597.69,2,1
621.5,0.0,164.32,457.18,0,0
627.7,0.2,85.14,542.56,1,1
971.73,0.8,142.76,828.97,4,1
704.53,0.2,139.27,565.26,1,1
546.15,0.2,41.41,504.74,1,1
814.99,0.6,109.22,705.77,3,1
1042.91,0.8,244.19,798.72,4,1
1009.99,0.8,165.89,844.1,4,1
996.46,0.8,167.49,828.97,4,1
554.35,0.0,66.92,487.44,0,0
493.62,0.0,44.0,449.62,0,0
731.74,0.2,166.49,565.26,1,0
878.08,0.6,210.14,667.95,3,1
617.65,0.2,82.65,535.0,1,0
493.02,0.0,43.41,449.62,0,1
728.0,0.4,100.05,627.95,2,0
662.09,0.2,96.84,565.26,1,0
1012.06,1.2,110.65,901.41,6,1
552.66,0.0,80.35,472.31,0,0
794.22,0.6,73.32,720.9,3,1
911.07,0.6,220.43,690.64,3,1
573.66,0.0,101.35,472.31,0,1
