"Total_Cost","Ratio_Reloc_Prod","Horiz_Cost","Vert_Cost","nReloc","non_Optimal"
233820.29,0.428,43180.77,190639.45,642,150
769.53,0.4,103.76,665.77,2,0
698.0,0.4,54.92,643.08,2,0
895.42,0.8,89.14,806.28,4,0
935.03,0.6,214.14,720.9,3,0
706.23,0.2,140.97,565.26,1,0
946.02,0.6,187.3,758.72,3,0
842.8,0.6,91.65,751.15,3,1
522.44,0.0,50.14,472.31,0,1
816.04,0.6,110.27,705.77,3,1
834.07,0.6,135.86,698.21,3,1
620.93,0.2,48.11,572.82,1,1
503.91,0.0,46.73,457.18,0,0
990.33,1.0,121.35,868.97,5,0
788.27,0.6,112.76,675.51,3,0
546.99,0.0,82.24,464.74,0,1
578.01,0.0,98.14,479.87,0,0
492.11,0.0,57.62,434.49,0,0
653.1,0.2,110.54,542.56,1,0
679.14,0.4,66.32,612.82,2,1
811.54,0.6,128.46,683.08,3,0
738.19,0.4,95.11,643.08,2,0
680.44,0.2,153.0,527.44,1,1
984.67,0.8,201.08,783.59,4,1
846.33,0.4,173.0,673.33,2,0
991.0,0.8,207.41,783.59,4,0
1000.93,0.8,187.08,813.85,4,1
672.7,0.2,122.57,550.13,1,1
745.1,0.4,102.03,643.08,2,0
770.48,0.4,187.92,582.56,2,1
940.82,0.8,119.41,821.41,4,1
638.17,0.2,110.73,527.44,1,1
902.15,0.8,103.43,798.72,4,0
691.28,0.2,171.41,519.87,1,0
1135.58,1.0,221.22,914.36,5,0
733.66,0.2,221.35,512.31,1,0
760.9,0.4,148.08,612.82,2,0
544.97,0.0,102.92,442.05,0,1
1153.04,1.0,306.76,846.28,5,0
562.06,0.0,89.76,472.31,0,1
768.56,0.4,178.43,590.13,2,1
707.94,0.2,157.81,550.13,1,1
1109.28,0.8,287.86,821.41,4,0
826.37,0.4,175.73,650.64,2,1
556.39,0.0,91.65,464.74,0,0
623.59,0.2,81.03,542.56,1,0
598.18,0.2,93.43,504.74,1,1
570.11,0.2,35.11,535.0,1,1
970.46,0.8,202.0,768.46,4,1
833.99,0.4,175.78,658.21,2,0
1141.63,1.0,219.7,921.92,5,0
582.15,0.0,109.84,472.31,0,0
852.83,0.6,169.76,683.08,3,1
531.18,0.2,34.0,497.18,1,1
996.31,0.8,182.46,813.85,4,1
777.2,0.4,111.43,665.77,2,0
845.53,0.4,187.32,658.21,2,0
483.13,0.0,33.51,449.62,0,0
635.36,0.2,70.11,565.26,1,1
579.23,0.0,114.49,464.74,0,1
987.72,1.0,156.57,831.15,5,0
1191.12,1.0,276.76,914.36,5,1
781.84,0.4,153.89,627.95,2,1
1044.96,1.2,173.81,871.15,6,0
958.66,0.8,205.32,753.33,4,0
693.04,0.2,127.78,565.26,1,1
962.63,0.6,241.73,720.9,3,0
566.88,0.0,102.14,464.74,0,1
1041.48,0.8,250.32,791.15,4,0
636.3,0.4,76.43,559.87,2,1
583.45,0.0,126.27,457.18,0,1
949.49,0.8,188.59,760.9,4,1
674.12,0.2,116.43,557.69,1,1
584.29,0.2,102.24,482.05,1,1
546.05,0.0,111.57,434.49,0,1
528.22,0.0,93.73,434.49,0,0
906.31,0.6,200.54,705.77,3,1
633.26,0.2,83.14,550.13,1,1
931.73,0.6,195.7,736.03,3,1
802.29,0.4,144.08,658.21,2,0
752.78,0.4,102.14,650.64,2,1
649.62,0.2,107.05,542.56,1,1
771.22,0.4,143.27,627.95,2,1
559.23,0.0,102.05,457.18,0,0
875.63,0.6,162.3,713.33,3,0
622.88,0.0,158.14,464.74,0,0
758.13,0.4,115.05,643.08,2,0
1019.14,0.8,250.68,768.46,4,0
875.11,0.6,146.65,728.46,3,1
624.1,0.0,166.92,457.18,0,0
492.16,0.0,50.11,442.05,0,1
785.19,0.4,149.68,635.51,2,0
630.14,0.2,95.14,535.0,1,0
627.9,0.2,100.46,527.44,1,1
1030.37,0.8,239.22,791.15,4,0
716.91,0.2,159.22,557.69,1,0
823.25,0.4,202.86,620.38,2,1
772.78,0.6,82.14,690.64,3,1
998.42,0.6,232.14,766.28,3,0
900.85,0.6,187.51,713.33,3,1
782.47,0.4,162.08,620.38,2,0
653.24,0.2,110.68,542.56,1,1
728.78,0.4,138.65,590.13,2,0
649.43,0.2,106.86,542.56,1,1
1146.01,1.2,199.22,946.79,6,1
959.04,0.6,185.19,773.85,3,0
956.02,0.6,197.3,758.72,3,0
1204.73,0.4,637.3,567.44,2,1
814.02,0.4,163.38,650.64,2,1
869.83,0.6,126.24,743.59,3,0
623.95,0.2,88.95,535.0,1,0
850.55,0.6,129.65,720.9,3,1
562.2,0.0,97.46,464.74,0,0
541.45,0.0,91.84,449.62,0,0
626.03,0.2,91.03,535.0,1,0
823.53,0.4,172.89,650.64,2,0
1002.6,0.8,188.76,813.85,4,0
860.51,0.6,185.0,675.51,3,1
937.83,0.8,146.68,791.15,4,1
593.69,0.0,128.95,464.74,0,1
723.64,0.2,173.51,550.13,1,1
555.23,0.0,98.05,457.18,0,1
674.73,0.2,132.16,542.56,1,1
827.46,0.6,91.43,736.03,3,0
794.18,0.6,103.54,690.64,3,0
462.98,0.0,43.62,419.36,0,0
635.62,0.2,93.05,542.56,1,1
943.24,0.8,167.22,776.03,4,1
757.34,0.4,152.08,605.26,2,0
865.45,0.6,174.81,690.64,3,1
720.2,0.4,99.81,620.38,2,1
804.81,0.6,136.86,667.95,3,1
686.61,0.4,88.92,597.69,2,1
870.44,0.8,109.54,760.9,4,0
994.01,0.8,180.16,813.85,4,0
1019.43,0.8,190.46,828.97,4,0
532.69,0.0,75.51,457.18,0,0
583.86,0.0,126.68,457.18,0,0
615.92,0.2,80.92,535.0,1,1
750.48,0.4,99.84,650.64,2,1
579.33,0.0,99.46,479.87,0,0
1031.54,1.0,207.95,823.59,5,1
537.67,0.0,88.05,449.62,0,1
650.84,0.4,75.84,575.0,2,1
868.12,0.6,154.78,713.33,3,0
825.6,0.6,172.78,652.82,3,1
588.23,0.0,123.49,464.74,0,1
665.5,0.2,100.24,565.26,1,1
609.92,0.2,74.92,535.0,1,1
952.09,0.8,206.32,745.77,4,0
648.59,0.2,106.03,542.56,1,0
677.69,0.4,72.43,605.26,2,0
588.56,0.2,46.0,542.56,1,0
1228.3,1.4,173.43,1054.87,7,0
782.96,0.4,124.76,658.21,2,1
710.55,0.4,97.73,612.82,2,0
601.14,0.2,66.14,535.0,1,1
1096.6,1.2,202.76,893.85,6,0
885.27,0.6,202.19,683.08,3,0
577.31,0.2,80.14,497.18,1,0
870.52,0.6,157.19,713.33,3,0
672.05,0.2,137.05,535.0,1,0
601.83,0.0,152.22,449.62,0,1
666.7,0.2,116.57,550.13,1,1
512.38,0.0,70.32,442.05,0,0
902.11,0.8,133.65,768.46,4,1
897.43,0.8,113.84,783.59,4,1
630.4,0.2,87.84,542.56,1,1
566.47,0.0,101.73,464.74,0,0
828.89,0.6,145.81,683.08,3,0
620.84,0.2,85.84,535.0,1,0
965.93,0.6,207.22,758.72,3,1
523.08,0.0,81.03,442.05,0,0
640.43,0.2,97.86,542.56,1,1
1065.14,1.2,171.3,893.85,6,0
946.5,0.6,187.78,758.72,3,0
1041.71,0.8,220.3,821.41,4,0
820.39,0.4,162.19,658.21,2,0
823.03,0.6,102.14,720.9,3,1
754.05,0.4,118.54,635.51,2,1
901.35,0.6,157.76,743.59,3,1
690.77,0.2,133.08,557.69,1,0
760.55,0.4,140.16,620.38,2,1
710.34,0.2,145.08,565.26,1,1
927.97,0.8,151.95,776.03,4,0
997.26,0.8,190.97,806.28,4,0
790.6,0.4,170.22,620.38,2,1
672.2,0.2,106.95,565.26,1,1
1029.33,1.0,160.35,868.97,5,0
978.65,0.8,157.24,821.41,4,0
527.07,0.0,62.32,464.74,0,0
934.02,0.8,142.86,791.15,4,1
680.02,0.2,137.46,542.56,1,1
464.06,0.0,44.7,419.36,0,0
789.56,0.6,91.35,698.21,3,1
594.8,0.0,130.05,464.74,0,1
1005.5,0.4,407.81,597.69,2,1
927.23,0.6,168.51,758.72,3,0
757.86,0.4,114.78,643.08,2,0
863.29,0.6,180.22,683.08,3,1
530.11,0.0,88.05,442.05,0,0
445.2,0.0,33.41,411.79,0,1
638.32,0.2,95.76,542.56,1,0
574.51,0.2,39.51,535.0,1,1
445.26,0.0,41.03,404.23,0,1
520.81,0.0,86.32,434.49,0,1
649.65,0.2,114.65,535.0,1,1
613.94,0.2,116.76,497.18,1,1
736.77,0.2,171.51,565.26,1,0
798.69,0.6,92.92,705.77,3,1
682.77,0.2,125.08,557.69,1,1
673.86,0.4,98.86,575.0,2,0
528.17,0.0,101.24,426.92,0,0
791.62,0.6,123.68,667.95,3,1
1021.9,0.8,215.62,806.28,4,0
1236.57,1.2,274.65,961.92,6,0
689.99,0.2,139.86,550.13,1,0
515.89,0.0,73.84,442.05,0,0
1103.73,1.0,234.76,868.97,5,0
828.94,0.6,145.86,683.08,3,0
508.51,0.0,74.03,434.49,0,0
708.79,0.6,48.41,660.38,3,1
902.3,1.0,93.84,808.46,5,1
612.46,0.2,130.41,482.05,1,0
694.33,0.4,73.95,620.38,2,1
663.62,0.4,88.62,575.0,2,1
1696.93,0.8,951.16,745.77,4,1
680.55,0.2,107.73,572.82,1,1
772.25,0.4,151.86,620.38,2,1
888.97,0.6,198.32,690.64,3,0
1005.98,0.8,184.57,821.41,4,1
1164.73,0.8,343.32,821.41,4,1
835.31,0.4,177.11,658.21,2,1
1059.51,0.8,230.54,828.97,4,0
655.77,0.2,90.51,565.26,1,1
979.4,0.8,195.81,783.59,4,1
731.69,0.4,134.0,597.69,2,1
862.7,0.6,134.24,728.46,3,0
1170.39,1.0,271.16,899.23,5,0
574.69,0.0,109.95,464.74,0,1
956.76,0.6,220.73,736.03,3,0
1116.65,0.8,295.24,821.41,4,0
918.3,0.6,182.27,736.03,3,0
808.06,0.4,180.11,627.95,2,0
753.93,0.4,148.68,605.26,2,0
816.16,0.6,133.08,683.08,3,1
742.66,0.2,177.41,565.26,1,1
666.67,0.2,116.54,550.13,1,1
1479.58,1.6,346.89,1132.69,8,1
709.32,0.2,159.19,550.13,1,0
530.47,0.0,65.73,464.74,0,1
744.27,0.4,108.76,635.51,2,1
546.42,0.0,74.11,472.31,0,1
512.12,0.0,92.76,419.36,0,1
488.54,0.0,61.62,426.92,0,1
494.33,0.0,59.84,434.49,0,0
960.23,1.0,113.95,846.28,5,0
736.27,0.2,193.7,542.56,1,0
738.66,0.2,173.41,565.26,1,0
603.93,0.0,139.19,464.74,0,0
938.34,0.8,132.05,806.28,4,0
1016.62,0.8,233.03,783.59,4,0
1095.38,1.0,226.41,868.97,5,0
660.02,0.2,102.32,557.69,1,1
548.99,0.0,84.24,464.74,0,0
900.56,0.6,156.97,743.59,3,0
559.8,0.0,102.62,457.18,0,1
981.03,0.8,220.14,760.9,4,1
920.24,0.8,83.7,836.54,4,0
879.05,0.6,188.41,690.64,3,1
656.3,0.4,88.86,567.44,2,1
696.41,0.4,76.03,620.38,2,1
606.01,0.2,86.14,519.87,1,1
762.59,0.6,79.51,683.08,3,1
801.94,0.4,158.86,643.08,2,0
516.86,0.0,74.81,442.05,0,0
685.59,0.2,150.59,535.0,1,1
835.8,0.4,177.59,658.21,2,1
693.92,0.4,111.35,582.56,2,1
562.65,0.2,88.16,474.49,1,1
969.13,0.8,177.97,791.15,4,0
1150.19,1.2,188.27,961.92,6,0
1151.71,1.2,189.78,961.92,6,0
830.7,0.4,187.62,643.08,2,0
1293.0,1.2,323.51,969.49,6,0
1098.72,1.0,199.49,899.23,5,1
597.03,0.2,62.03,535.0,1,1
1034.09,0.8,212.68,821.41,4,0
1046.32,0.8,255.16,791.15,4,1
806.59,0.4,163.51,643.08,2,1
577.23,0.0,120.05,457.18,0,0
708.37,0.2,150.68,557.69,1,0
896.06,0.6,167.59,728.46,3,1
923.49,0.6,202.59,720.9,3,0
692.04,0.2,134.35,557.69,1,0
555.77,0.0,91.03,464.74,0,1
773.61,0.4,107.84,665.77,2,0
774.61,0.4,108.84,665.77,2,0
647.85,0.2,143.11,504.74,1,1
764.14,0.4,204.27,559.87,2,1
828.83,0.4,170.62,658.21,2,0
