"Total_Cost","Ratio_Reloc_Prod","Horiz_Cost","Vert_Cost","nReloc","non_Optimal"
222749.89,0.4447,32608.14,190141.84,667,150
1845.34,0.7,310.59,1534.74,7,1
1328.14,0.2,220.32,1107.82,2,1
1288.36,0.2,188.11,1100.26,2,1
1405.38,0.4,141.92,1263.46,4,1
1467.37,0.4,188.78,1278.59,4,1
1406.23,0.3,213.03,1193.21,3,1
1769.77,0.7,287.97,1481.79,7,1
1157.26,0.2,132.65,1024.62,2,1
1498.89,0.5,180.3,1318.59,5,1
1565.22,0.5,208.81,1356.41,5,1
1579.87,0.5,231.03,1348.85,5,1
1402.49,0.3,186.59,1215.9,3,1
1513.43,0.5,255.35,1258.08,5,1
1657.24,0.7,205.7,1451.54,7,1
1673.61,0.7,199.38,1474.23,7,1
1379.52,0.3,171.19,1208.33,3,1
1998.6,1.1,288.73,1709.87,11,1
1455.15,0.4,169.0,1286.15,4,1
1469.84,0.4,259.32,1210.51,4,1
1420.22,0.3,196.76,1223.46,3,1
1471.02,0.4,237.81,1233.21,4,1
1569.13,0.5,250.54,1318.59,5,1
1750.89,0.6,331.78,1419.1,6,1
1092.06,0.1,130.14,961.92,1,1
1133.07,0.2,93.32,1039.74,2,1
1490.61,0.5,217.41,1273.21,5,1
1317.01,0.3,222.14,1094.87,3,1
1336.41,0.2,273.97,1062.44,2,1
1552.26,0.4,311.49,1240.77,4,1
1404.85,0.5,131.65,1273.21,5,1
1752.85,0.7,271.05,1481.79,7,1
1108.19,0.2,91.14,1017.05,2,1
1347.74,0.3,207.49,1140.26,3,1
1175.58,0.2,135.84,1039.74,2,1
1459.78,0.3,274.14,1185.64,3,1
1570.89,0.5,252.3,1318.59,5,1
1322.82,0.3,182.57,1140.26,3,1
1260.15,0.2,167.46,1092.69,2,1
1756.71,0.7,214.41,1542.31,7,1
1551.24,0.5,187.27,1363.97,5,1
1725.72,0.5,346.62,1379.1,5,1
1949.28,0.8,306.46,1642.82,8,1
1506.67,0.4,288.59,1218.08,4,1
1401.54,0.2,331.54,1070.0,2,1
1073.82,0.1,119.46,954.36,1,1
1506.59,0.5,195.57,1311.03,5,1
1522.01,0.5,226.11,1295.9,5,1
1610.42,0.6,176.19,1434.23,6,1
1451.56,0.3,273.49,1178.08,3,1
1488.79,0.4,232.89,1255.9,4,1
1653.27,0.6,249.3,1403.97,6,1
1328.27,0.3,157.76,1170.51,3,1
1256.83,0.2,171.7,1085.13,2,1
1778.65,0.7,342.24,1436.41,7,1
1867.86,0.8,308.24,1559.62,8,1
1862.21,0.8,310.16,1552.05,8,1
1386.32,0.3,215.81,1170.51,3,1
1596.69,0.6,230.54,1366.15,6,1
1391.48,0.3,205.84,1185.64,3,1
1596.26,0.6,222.54,1373.72,6,1
1322.6,0.3,159.65,1162.95,3,1
1050.23,0.0,158.57,891.67,0,1
1018.64,0.0,134.54,884.1,0,1
1476.17,0.5,180.27,1295.9,5,1
1073.41,0.1,119.05,954.36,1,1
1105.16,0.1,128.11,977.05,1,1
1309.89,0.3,199.89,1110.0,3,1
1571.72,0.5,238.0,1333.72,5,1
1503.74,0.5,215.41,1288.33,5,1
1640.58,0.5,299.3,1341.28,5,1
1498.7,0.4,220.11,1278.59,4,1
1190.76,0.2,128.32,1062.44,2,1
1369.07,0.3,175.86,1193.21,3,1
1708.52,0.7,211.59,1496.92,7,1
1456.6,0.4,200.7,1255.9,4,1
1468.55,0.5,187.78,1280.77,5,1
1857.17,0.7,307.3,1549.87,7,1
1617.73,0.6,206.19,1411.54,6,1
1161.76,0.2,152.27,1009.49,2,1
1655.6,0.7,219.19,1436.41,7,1
1188.88,0.3,109.14,1079.74,3,1
1358.97,0.4,133.32,1225.64,4,1
1416.67,0.4,198.59,1218.08,4,1
1905.09,0.9,343.3,1561.79,9,1
1433.38,0.4,230.43,1202.95,4,1
1541.39,0.5,207.68,1333.72,5,1
1202.04,0.2,162.3,1039.74,2,1
1544.98,0.5,256.65,1288.33,5,1
1942.45,0.9,282.32,1660.13,9,1
1533.31,0.5,184.46,1348.85,5,1
1321.03,0.3,165.65,1155.38,3,1
1518.85,0.5,245.65,1273.21,5,1
1647.92,0.6,243.95,1403.97,6,1
1039.33,0.0,177.92,861.41,0,1
1364.83,0.3,239.7,1125.13,3,1
1430.78,0.4,212.7,1218.08,4,1
1582.19,0.6,238.73,1343.46,6,1
1670.6,0.6,266.62,1403.97,6,1
1248.87,0.1,226.43,1022.44,1,1
1419.51,0.4,209.0,1210.51,4,1
1373.87,0.4,186.05,1187.82,4,1
1919.45,0.9,304.7,1614.74,9,1
1295.51,0.3,177.95,1117.56,3,1
1995.5,1.0,280.24,1715.26,10,1
1642.63,0.7,213.78,1428.85,7,1
1773.01,0.7,283.65,1489.36,7,1
1296.92,0.2,226.92,1070.0,2,1
1631.39,0.6,250.11,1381.28,6,1
1210.02,0.1,217.84,992.18,1,1
1366.93,0.3,219.11,1147.82,3,1
1635.44,0.6,239.03,1396.41,6,1
1389.61,0.4,216.92,1172.69,4,1
2108.98,1.0,371.03,1737.95,10,1
1549.08,0.4,278.05,1271.03,4,1
2035.22,1.1,264.84,1770.38,11,1
1460.2,0.4,219.43,1240.77,4,1
1441.65,0.5,145.76,1295.9,5,1
1750.09,0.8,213.16,1536.92,8,1
1275.39,0.3,135.14,1140.26,3,1
1909.91,0.8,342.73,1567.18,8,1
1799.71,0.7,249.84,1549.87,7,1
2084.56,1.0,316.35,1768.21,10,1
1412.36,0.3,211.59,1200.77,3,1
1358.18,0.2,265.49,1092.69,2,1
1313.93,0.4,133.68,1180.26,4,1
1378.01,0.4,190.19,1187.82,4,1
1129.13,0.0,237.46,891.67,0,1
1407.48,0.4,174.27,1233.21,4,1
1175.19,0.3,118.14,1057.05,3,1
1237.25,0.2,189.95,1047.31,2,1
1591.29,0.6,217.57,1373.72,6,1
1545.94,0.6,187.35,1358.59,6,1
1638.87,0.6,250.03,1388.85,6,1
1578.14,0.5,274.68,1303.46,5,1
1396.11,0.3,225.59,1170.51,3,1
1583.58,0.5,234.73,1348.85,5,1
1764.94,0.7,305.84,1459.1,7,1
1216.09,0.1,208.78,1007.31,1,1
1382.98,0.3,220.03,1162.95,3,1
1553.22,0.5,204.38,1348.85,5,1
1473.47,0.4,232.7,1240.77,4,1
1469.17,0.4,228.41,1240.77,4,1
1349.72,0.3,217.03,1132.69,3,1
1416.05,0.4,197.97,1218.08,4,1
1469.92,0.4,198.89,1271.03,4,1
1483.82,0.5,195.49,1288.33,5,1
1694.73,0.8,150.24,1544.49,8,1
1200.54,0.2,130.54,1070.0,2,1
1226.1,0.1,233.92,992.18,1,1
1331.51,0.4,113.43,1218.08,4,1
