"Total_Cost","Ratio_Reloc_Prod","Horiz_Cost","Vert_Cost","nReloc","non_Optimal"
227970.83,0.4827,34270.71,193700.1,724,300
796.98,0.6,68.51,728.46,3,1
518.31,0.0,61.14,457.18,0,1
574.14,0.0,79.14,495.0,0,1
638.92,0.2,96.35,542.56,1,1
557.73,0.0,115.68,442.05,0,1
778.42,0.6,80.22,698.21,3,1
658.66,0.4,53.41,605.26,2,1
511.29,0.0,69.24,442.05,0,1
1009.93,1.0,171.22,838.72,5,1
705.2,0.4,99.95,605.26,2,1
762.51,0.6,79.43,683.08,3,1
834.31,0.6,120.97,713.33,3,1
642.23,0.4,29.41,612.82,2,1
1008.49,1.0,147.08,861.41,5,1
1157.99,1.4,118.24,1039.74,7,1
646.11,0.2,65.73,580.38,1,1
512.74,0.0,48.0,464.74,0,1
752.79,0.4,132.41,620.38,2,1
842.54,0.8,66.51,776.03,4,1
489.56,0.0,47.51,442.05,0,1
505.78,0.0,63.73,442.05,0,1
982.85,0.8,169.0,813.85,4,1
832.6,0.6,172.22,660.38,3,1
1097.77,1.0,251.49,846.28,5,1
781.36,0.6,120.97,660.38,3,1
1109.89,1.0,233.35,876.54,5,1
732.04,0.4,126.78,605.26,2,1
864.7,0.8,96.24,768.46,4,1
539.7,0.0,97.65,442.05,0,1
709.27,0.4,81.32,627.95,2,1
609.43,0.2,74.43,535.0,1,1
757.09,0.2,191.84,565.26,1,1
715.35,0.4,79.84,635.51,2,1
905.18,0.6,146.46,758.72,3,1
751.0,0.6,67.92,683.08,3,1
689.58,0.4,84.32,605.26,2,1
610.97,0.2,68.41,542.56,1,1
565.12,0.2,52.81,512.31,1,1
644.42,0.2,86.73,557.69,1,1
614.27,0.2,86.84,527.44,1,1
496.75,0.0,54.7,442.05,0,1
1400.3,1.8,189.78,1210.51,9,1
490.05,0.0,48.0,442.05,0,1
763.91,0.6,80.84,683.08,3,1
732.32,0.4,89.24,643.08,2,1
551.18,0.0,86.43,464.74,0,1
621.65,0.4,54.22,567.44,2,1
999.36,1.0,137.95,861.41,5,1
607.78,0.2,65.22,542.56,1,1
749.32,0.4,106.24,643.08,2,1
756.24,0.4,113.16,643.08,2,1
743.86,0.4,108.35,635.51,2,1
698.52,0.4,78.14,620.38,2,1
796.16,0.6,67.7,728.46,3,1
703.36,0.4,90.54,612.82,2,1
971.34,1.0,140.19,831.15,5,1
615.39,0.2,103.08,512.31,1,1
593.43,0.2,58.43,535.0,1,1
889.11,0.8,113.08,776.03,4,1
484.86,0.0,42.81,442.05,0,1
1135.0,1.0,273.59,861.41,5,1
921.49,0.8,160.59,760.9,4,1
752.49,0.4,124.54,627.95,2,1
970.29,1.0,131.57,838.72,5,1
856.53,0.8,110.76,745.77,4,1
870.44,0.8,124.68,745.77,4,1
1013.68,1.2,112.27,901.41,6,1
679.0,0.2,144.0,535.0,1,1
725.84,0.4,105.46,620.38,2,1
630.46,0.2,95.46,535.0,1,1
716.3,0.4,95.92,620.38,2,1
621.39,0.4,61.51,559.87,2,1
621.7,0.4,46.7,575.0,2,1
714.77,0.4,101.95,612.82,2,1
482.16,0.0,40.11,442.05,0,1
826.48,0.8,95.84,730.64,4,1
961.44,0.8,200.54,760.9,4,1
1001.82,1.0,147.97,853.85,5,1
1030.57,1.0,161.59,868.97,5,1
790.95,0.4,163.0,627.95,2,1
1107.58,1.0,261.3,846.28,5,1
649.42,0.2,91.73,557.69,1,1
1037.13,1.0,160.59,876.54,5,1
778.06,0.4,150.11,627.95,2,1
674.75,0.2,117.05,557.69,1,1
473.19,0.0,38.7,434.49,0,1
868.63,0.6,155.3,713.33,3,1
780.51,0.6,97.43,683.08,3,1
569.54,0.2,42.11,527.44,1,1
943.6,0.8,175.14,768.46,4,1
974.65,0.8,145.68,828.97,4,1
934.53,0.8,143.38,791.15,4,1
706.62,0.4,71.11,635.51,2,1
748.11,0.4,120.16,627.95,2,1
720.87,0.4,92.92,627.95,2,1
803.97,0.6,128.46,675.51,3,1
507.83,0.0,58.22,449.62,0,1
827.86,0.6,144.78,683.08,3,1
1096.65,1.0,235.24,861.41,5,1
723.84,0.4,103.46,620.38,2,1
748.18,0.4,97.54,650.64,2,1
706.09,0.4,100.84,605.26,2,1
598.67,0.2,56.11,542.56,1,1
845.43,0.6,169.92,675.51,3,1
627.33,0.2,107.46,519.87,1,1
717.2,0.6,56.81,660.38,3,1
732.62,0.4,97.11,635.51,2,1
718.94,0.4,136.38,582.56,2,1
920.28,0.8,174.51,745.77,4,1
610.72,0.2,105.97,504.74,1,1
887.49,0.8,111.46,776.03,4,1
526.5,0.0,69.32,457.18,0,1
531.62,0.2,42.0,489.62,1,1
470.76,0.0,51.41,419.36,0,1
829.14,0.4,208.76,620.38,2,1
725.33,0.4,104.95,620.38,2,1
465.28,0.0,45.92,419.36,0,1
487.36,0.0,68.0,419.36,0,1
1051.2,1.0,204.92,846.28,5,1
519.43,0.0,69.81,449.62,0,1
760.29,0.4,177.73,582.56,2,1
676.81,0.4,94.24,582.56,2,1
907.86,1.0,91.84,816.03,5,1
470.76,0.0,51.41,419.36,0,1
729.24,0.2,194.24,535.0,1,1
654.52,0.2,127.08,527.44,1,1
662.83,0.2,120.27,542.56,1,1
1081.79,1.2,172.81,908.97,6,1
878.58,0.8,125.24,753.33,4,1
957.45,0.8,166.3,791.15,4,1
998.66,0.8,199.95,798.72,4,1
796.08,0.6,120.57,675.51,3,1
494.27,0.0,52.22,442.05,0,1
659.94,0.2,117.38,542.56,1,1
883.62,0.8,115.16,768.46,4,1
1051.31,1.2,157.46,893.85,6,1
959.35,0.8,183.32,776.03,4,1
527.05,0.0,77.43,449.62,0,1
738.6,0.4,110.65,627.95,2,1
997.88,0.8,206.73,791.15,4,1
850.32,0.6,174.81,675.51,3,1
486.39,0.0,67.03,419.36,0,1
590.01,0.2,70.14,519.87,1,1
866.25,0.8,105.35,760.9,4,1
701.59,0.4,111.46,590.13,2,1
822.37,0.6,124.16,698.21,3,1
489.19,0.0,54.7,434.49,0,1
849.8,0.6,151.59,698.21,3,1
742.71,0.4,114.76,627.95,2,1
1348.84,1.6,238.84,1110.0,8,1
654.94,0.2,97.24,557.69,1,1
894.79,0.8,141.46,753.33,4,1
1053.41,1.0,192.0,861.41,5,1
829.09,0.6,123.32,705.77,3,1
653.07,0.2,102.95,550.13,1,1
661.96,0.4,56.7,605.26,2,1
608.33,0.4,56.03,552.31,2,1
933.98,0.8,165.51,768.46,4,1
685.07,0.4,79.81,605.26,2,1
912.56,0.8,128.97,783.59,4,1
815.36,0.4,202.54,612.82,2,1
823.94,0.6,140.86,683.08,3,1
655.78,0.2,105.65,550.13,1,1
559.89,0.0,110.27,449.62,0,1
1026.09,1.0,179.81,846.28,5,1
558.92,0.0,116.86,442.05,0,1
665.03,0.2,137.59,527.44,1,1
951.12,0.8,137.27,813.85,4,1
987.4,0.8,196.24,791.15,4,1
820.81,0.4,177.73,643.08,2,1
741.16,0.6,73.22,667.95,3,1
818.04,0.6,112.27,705.77,3,1
991.39,1.0,152.68,838.72,5,1
1004.53,1.0,120.43,884.1,5,1
1442.87,1.8,239.92,1202.95,9,1
668.44,0.4,55.62,612.82,2,1
744.51,0.4,101.43,643.08,2,1
577.09,0.2,57.22,519.87,1,1
706.42,0.4,101.16,605.26,2,1
857.99,0.4,260.3,597.69,2,1
743.78,0.4,93.14,650.64,2,1
905.3,0.8,144.41,760.9,4,1
866.39,0.8,113.05,753.33,4,1
884.48,0.8,146.27,738.21,4,1
722.14,0.4,101.76,620.38,2,1
552.1,0.2,54.92,497.18,1,1
777.88,0.6,72.11,705.77,3,1
839.69,0.8,93.92,745.77,4,1
539.8,0.2,42.62,497.18,1,1
707.31,0.4,102.05,605.26,2,1
693.43,0.2,143.3,550.13,1,1
918.13,0.6,166.97,751.15,3,1
685.58,0.4,80.32,605.26,2,1
960.66,1.0,106.81,853.85,5,1
1096.66,1.2,202.81,893.85,6,1
533.26,0.0,68.51,464.74,0,1
767.35,0.6,91.84,675.51,3,1
695.87,0.4,67.92,627.95,2,1
967.62,0.8,184.03,783.59,4,1
649.08,0.4,66.51,582.56,2,1
1001.58,1.0,155.3,846.28,5,1
972.02,0.8,188.43,783.59,4,1
768.5,0.4,155.68,612.82,2,1
744.76,0.4,124.38,620.38,2,1
521.71,0.0,49.41,472.31,0,1
971.26,0.8,180.11,791.15,4,1
932.8,0.8,141.65,791.15,4,1
831.88,0.6,133.68,698.21,3,1
587.72,0.0,138.11,449.62,0,1
919.69,0.8,120.97,798.72,4,1
509.88,0.0,52.7,457.18,0,1
848.03,0.6,172.51,675.51,3,1
747.08,0.4,111.57,635.51,2,1
725.91,0.4,135.78,590.13,2,1
706.32,0.4,70.81,635.51,2,1
583.44,0.2,71.14,512.31,1,1
1033.35,1.0,149.24,884.1,5,1
565.25,0.0,92.95,472.31,0,1
1021.56,1.0,137.46,884.1,5,1
789.74,0.6,76.41,713.33,3,1
849.17,0.8,95.84,753.33,4,1
841.47,0.6,120.57,720.9,3,1
962.83,0.8,164.11,798.72,4,1
674.83,0.4,77.14,597.69,2,1
626.4,0.2,83.84,542.56,1,1
460.92,0.0,34.0,426.92,0,1
862.93,0.8,117.16,745.77,4,1
483.19,0.0,48.7,434.49,0,1
819.68,0.4,191.73,627.95,2,1
1001.73,1.0,132.76,868.97,5,1
735.77,0.4,138.08,597.69,2,1
776.62,0.6,93.54,683.08,3,1
765.17,0.4,144.78,620.38,2,1
843.4,0.8,59.81,783.59,4,1
559.12,0.2,46.81,512.31,1,1
577.09,0.2,57.22,519.87,1,1
610.59,0.2,68.03,542.56,1,1
769.83,0.2,212.14,557.69,1,1
569.5,0.2,72.32,497.18,1,1
555.94,0.0,98.76,457.18,0,1
757.19,0.6,89.24,667.95,3,1
654.04,0.2,149.3,504.74,1,1
556.18,0.0,91.43,464.74,0,1
728.2,0.4,115.38,612.82,2,1
700.98,0.2,128.16,572.82,1,1
595.23,0.2,98.05,497.18,1,1
507.3,0.0,87.95,419.36,0,1
765.16,0.4,129.65,635.51,2,1
839.15,0.6,133.38,705.77,3,1
919.3,0.8,90.32,828.97,4,1
933.23,0.8,142.08,791.15,4,1
1038.79,1.0,169.81,868.97,5,1
624.45,0.2,74.32,550.13,1,1
648.63,0.2,128.76,519.87,1,1
778.09,0.4,157.7,620.38,2,1
508.16,0.0,66.11,442.05,0,1
612.95,0.2,77.95,535.0,1,1
618.0,0.2,75.43,542.56,1,1
1111.38,1.2,194.84,916.54,6,1
591.32,0.2,56.32,535.0,1,1
484.6,0.0,50.11,434.49,0,1
697.33,0.2,185.03,512.31,1,1
683.96,0.2,126.27,557.69,1,1
1016.59,1.0,140.05,876.54,5,1
678.33,0.2,150.89,527.44,1,1
751.46,0.6,75.95,675.51,3,1
622.86,0.2,72.73,550.13,1,1
593.06,0.2,65.62,527.44,1,1
652.27,0.2,117.27,535.0,1,1
660.87,0.4,93.43,567.44,2,1
600.03,0.2,65.03,535.0,1,1
716.69,0.4,103.86,612.82,2,1
743.77,0.4,146.08,597.69,2,1
734.47,0.2,169.22,565.26,1,1
562.23,0.2,49.92,512.31,1,1
925.73,0.8,149.7,776.03,4,1
714.25,0.4,101.43,612.82,2,1
824.27,0.6,88.24,736.03,3,1
949.53,1.0,103.24,846.28,5,1
570.46,0.0,128.41,442.05,0,1
955.71,1.0,109.43,846.28,5,1
493.56,0.0,51.51,442.05,0,1
699.69,0.4,94.43,605.26,2,1
600.2,0.2,80.32,519.87,1,1
942.64,1.0,103.92,838.72,5,1
593.73,0.2,58.73,535.0,1,1
925.91,0.8,134.76,791.15,4,1
792.59,0.6,101.95,690.64,3,1
864.84,0.8,103.95,760.9,4,1
739.09,0.4,126.27,612.82,2,1
697.48,0.4,107.35,590.13,2,1
988.32,0.8,257.68,730.64,4,1
1109.38,1.0,232.84,876.54,5,1
984.99,1.0,153.84,831.15,5,1
598.13,0.2,48.0,550.13,1,1
568.58,0.2,63.84,504.74,1,1
1160.26,1.0,268.59,891.67,5,1
658.14,0.4,83.14,575.0,2,1
808.15,0.6,109.95,698.21,3,1
493.62,0.0,44.0,449.62,0,1
