"Total_Cost","Ratio_Reloc_Prod","Horiz_Cost","Vert_Cost","nReloc","non_Optimal"
228223.23,0.4927,33560.12,194663.19,739,300
811.13,0.6,75.11,736.03,3,1
521.02,0.0,63.84,457.18,0,1
508.15,0.0,43.41,464.74,0,1
678.34,0.2,120.65,557.69,1,1
535.11,0.0,93.05,442.05,0,1
809.8,0.6,119.16,690.64,3,1
690.49,0.4,70.11,620.38,2,1
511.29,0.0,69.24,442.05,0,1
1010.69,1.0,164.41,846.28,5,1
705.2,0.4,99.95,605.26,2,1
762.97,0.6,72.32,690.64,3,1
825.6,0.6,112.27,713.33,3,1
691.89,0.4,48.81,643.08,2,1
939.75,0.8,148.59,791.15,4,1
1157.99,1.4,118.24,1039.74,7,1
630.25,0.2,57.43,572.82,1,1
486.32,0.0,36.7,449.62,0,1
731.47,0.4,111.08,620.38,2,1
840.54,0.8,64.51,776.03,4,1
485.67,0.0,43.62,442.05,0,1
505.78,0.0,63.73,442.05,0,1
948.2,0.8,149.49,798.72,4,1
780.0,0.6,112.05,667.95,3,1
1073.44,1.0,227.16,846.28,5,1
792.22,0.6,124.27,667.95,3,1
1169.02,1.2,237.35,931.67,6,1
752.17,0.4,131.78,620.38,2,1
837.28,0.8,83.95,753.33,4,1
524.29,0.0,82.24,442.05,0,1
711.43,0.4,75.92,635.51,2,1
612.14,0.2,77.14,535.0,1,1
723.66,0.2,158.41,565.26,1,1
678.06,0.4,50.11,627.95,2,1
792.53,0.4,126.76,665.77,2,1
676.74,0.4,63.92,612.82,2,1
689.69,0.4,84.43,605.26,2,1
629.34,0.2,79.22,550.13,1,1
606.09,0.4,46.22,559.87,2,1
644.42,0.2,86.73,557.69,1,1
610.35,0.2,82.92,527.44,1,1
483.7,0.0,49.22,434.49,0,1
1386.33,1.8,183.38,1202.95,9,1
501.62,0.0,52.0,449.62,0,1
763.91,0.6,80.84,683.08,3,1
728.62,0.4,85.54,643.08,2,1
551.18,0.0,86.43,464.74,0,1
608.57,0.4,48.7,559.87,2,1
1031.7,1.0,155.16,876.54,5,1
602.37,0.2,59.81,542.56,1,1
749.32,0.4,106.24,643.08,2,1
756.24,0.4,113.16,643.08,2,1
807.96,0.6,109.76,698.21,3,1
698.82,0.4,78.43,620.38,2,1
796.16,0.6,67.7,728.46,3,1
713.63,0.4,93.24,620.38,2,1
882.26,0.8,136.49,745.77,4,1
695.35,0.4,112.78,582.56,2,1
593.43,0.2,58.43,535.0,1,1
827.67,0.4,177.03,650.64,2,1
476.36,0.0,57.0,419.36,0,1
962.17,0.8,208.84,753.33,4,1
879.63,0.8,133.86,745.77,4,1
643.08,0.2,115.65,527.44,1,1
1050.79,1.2,149.38,901.41,6,1
930.78,1.0,114.76,816.03,5,1
795.89,0.6,120.38,675.51,3,1
1053.37,1.2,129.27,924.1,6,1
602.18,0.0,145.0,457.18,0,1
647.59,0.2,97.46,550.13,1,1
632.76,0.2,97.76,535.0,1,1
722.82,0.4,102.43,620.38,2,1
685.09,0.4,79.84,605.26,2,1
650.79,0.4,83.35,567.44,2,1
614.44,0.2,102.14,512.31,1,1
485.56,0.0,43.51,442.05,0,1
860.12,0.8,114.35,745.77,4,1
810.38,0.4,182.43,627.95,2,1
1029.07,1.2,142.78,886.28,6,1
1134.36,1.4,147.57,986.79,7,1
717.98,0.4,105.16,612.82,2,1
1044.89,0.8,261.3,783.59,4,1
754.62,0.4,111.54,643.08,2,1
924.69,0.8,125.97,798.72,4,1
746.33,0.4,118.38,627.95,2,1
672.18,0.2,122.05,550.13,1,1
488.05,0.0,46.0,442.05,0,1
929.11,0.8,153.08,776.03,4,1
672.04,0.2,114.35,557.69,1,1
496.46,0.0,54.41,442.05,0,1
965.59,0.8,174.43,791.15,4,1
874.48,0.6,123.32,751.15,3,1
1143.09,1.4,141.16,1001.92,7,1
737.0,0.6,53.92,683.08,3,1
751.38,0.4,115.86,635.51,2,1
678.36,0.4,73.11,605.26,2,1
782.67,0.6,107.16,675.51,3,1
594.9,0.2,75.03,519.87,1,1
920.63,0.8,167.3,753.33,4,1
1159.0,1.2,242.46,916.54,6,1
724.44,0.4,104.05,620.38,2,1
850.21,0.6,106.62,743.59,3,1
794.67,0.6,104.03,690.64,3,1
596.08,0.2,53.51,542.56,1,1
692.35,0.2,164.92,527.44,1,1
588.88,0.2,84.14,504.74,1,1
605.98,0.2,78.54,527.44,1,1
639.97,0.2,97.41,542.56,1,1
610.55,0.2,98.24,512.31,1,1
837.39,0.6,192.14,645.26,3,1
598.17,0.2,85.86,512.31,1,1
785.67,0.4,142.59,643.08,2,1
519.61,0.0,62.43,457.18,0,1
475.73,0.0,48.81,426.92,0,1
483.36,0.0,64.0,419.36,0,1
812.27,0.6,136.76,675.51,3,1
810.99,0.6,120.35,690.64,3,1
502.49,0.0,68.0,434.49,0,1
483.09,0.0,63.73,419.36,0,1
1172.49,1.4,170.57,1001.92,7,1
545.58,0.0,80.84,464.74,0,1
741.1,0.4,143.41,597.69,2,1
860.79,0.8,107.46,753.33,4,1
781.9,0.6,76.14,705.77,3,1
443.9,0.0,32.11,411.79,0,1
816.16,0.6,186.03,630.13,3,1
632.69,0.2,120.38,512.31,1,1
722.46,0.4,139.89,582.56,2,1
1150.19,1.4,148.27,1001.92,7,1
926.73,0.8,158.27,768.46,4,1
1012.02,1.0,173.3,838.72,5,1
1130.2,1.2,183.41,946.79,6,1
796.08,0.6,120.57,675.51,3,1
507.83,0.0,58.22,449.62,0,1
621.98,0.2,94.54,527.44,1,1
693.15,0.2,127.89,565.26,1,1
962.55,1.0,116.27,846.28,5,1
918.19,0.8,157.3,760.9,4,1
520.56,0.0,70.95,449.62,0,1
797.73,0.6,114.65,683.08,3,1
1105.94,1.0,221.84,884.1,5,1
702.71,0.4,150.41,552.31,2,1
452.9,0.0,41.11,411.79,0,1
594.41,0.2,74.54,519.87,1,1
804.61,0.6,98.84,705.77,3,1
801.22,0.6,133.27,667.95,3,1
917.61,0.8,126.46,791.15,4,1
472.44,0.0,45.51,426.92,0,1
824.11,0.6,148.59,675.51,3,1
808.4,0.6,117.76,690.64,3,1
985.59,0.8,194.43,791.15,4,1
822.74,0.6,101.84,720.9,3,1
797.32,0.6,114.24,683.08,3,1
1062.33,1.2,153.35,908.97,6,1
962.78,0.8,179.19,783.59,4,1
736.2,0.4,123.38,612.82,2,1
789.26,0.6,98.62,690.64,3,1
879.11,1.0,78.22,800.9,5,1
801.33,0.6,133.38,667.95,3,1
687.42,0.4,89.73,597.69,2,1
1005.65,1.0,136.68,868.97,5,1
790.96,0.4,178.14,612.82,2,1
951.39,0.8,152.68,798.72,4,1
677.79,0.2,157.92,519.87,1,1
733.84,0.4,113.46,620.38,2,1
968.0,0.8,184.41,783.59,4,1
548.65,0.0,114.16,434.49,0,1
1086.73,1.2,185.32,901.41,6,1
826.09,0.6,112.76,713.33,3,1
959.44,0.8,153.16,806.28,4,1
695.29,0.2,137.59,557.69,1,1
892.67,0.8,116.65,776.03,4,1
1043.12,1.0,128.76,914.36,5,1
834.68,0.6,121.35,713.33,3,1
1049.07,1.2,109.84,939.23,6,1
1316.65,1.6,214.22,1102.44,8,1
680.3,0.4,59.92,620.38,2,1
977.81,1.0,108.84,868.97,5,1
480.7,0.0,46.22,434.49,0,1
615.35,0.2,80.35,535.0,1,1
916.71,0.6,263.89,652.82,3,1
754.99,0.4,104.35,650.64,2,1
546.8,0.0,89.62,457.18,0,1
837.01,0.6,123.68,713.33,3,1
608.38,0.2,80.95,527.44,1,1
546.67,0.0,97.05,449.62,0,1
704.16,0.4,76.22,627.95,2,1
777.51,0.4,126.86,650.64,2,1
966.16,1.0,142.57,823.59,5,1
487.56,0.0,45.51,442.05,0,1
592.5,0.2,87.76,504.74,1,1
721.34,0.2,171.22,550.13,1,1
942.75,0.6,191.59,751.15,3,1
1080.96,1.2,134.16,946.79,6,1
898.29,0.8,107.14,791.15,4,1
1011.81,1.0,188.22,823.59,5,1
533.77,0.0,69.03,464.74,0,1
686.91,0.4,81.65,605.26,2,1
650.5,0.4,52.81,597.69,2,1
994.29,0.8,203.14,791.15,4,1
600.54,0.2,73.11,527.44,1,1
984.5,1.0,145.78,838.72,5,1
831.66,0.6,125.89,705.77,3,1
714.64,0.4,116.95,597.69,2,1
867.97,0.8,91.95,776.03,4,1
544.63,0.0,72.32,472.31,0,1
902.48,0.8,111.32,791.15,4,1
926.32,0.8,150.3,776.03,4,1
679.21,0.2,129.08,550.13,1,1
745.65,0.4,125.27,620.38,2,1
809.77,0.6,111.57,698.21,3,1
599.51,0.2,64.51,535.0,1,1
877.23,0.6,163.89,713.33,3,1
931.49,0.8,117.65,813.85,4,1
674.99,0.2,124.86,550.13,1,1
665.8,0.4,68.11,597.69,2,1
814.1,0.6,123.46,690.64,3,1
1098.37,1.0,206.7,891.67,5,1
686.85,0.4,74.03,612.82,2,1
820.23,0.6,122.03,698.21,3,1
702.06,0.4,74.11,627.95,2,1
946.71,1.0,100.43,846.28,5,1
787.13,0.6,104.05,683.08,3,1
876.85,0.6,163.51,713.33,3,1
699.36,0.4,86.54,612.82,2,1
759.89,0.6,91.95,667.95,3,1
477.03,0.0,50.11,426.92,0,1
848.66,0.8,110.46,738.21,4,1
481.19,0.0,46.7,434.49,0,1
916.97,0.8,186.32,730.64,4,1
873.95,0.8,113.05,760.9,4,1
872.26,0.6,166.49,705.77,3,1
909.61,0.8,118.46,791.15,4,1
817.0,0.6,141.49,675.51,3,1
972.38,1.2,63.41,908.97,6,1
484.86,0.0,42.81,442.05,0,1
540.13,0.2,50.51,489.62,1,1
686.72,0.4,89.03,597.69,2,1
735.85,0.2,170.59,565.26,1,1
896.63,1.0,95.73,800.9,5,1
514.53,0.0,64.92,449.62,0,1
664.8,0.2,99.54,565.26,1,1
732.42,0.4,127.16,605.26,2,1
638.77,0.2,126.46,512.31,1,1
922.58,0.8,123.86,798.72,4,1
844.63,0.6,138.86,705.77,3,1
546.58,0.2,49.41,497.18,1,1
676.07,0.4,85.95,590.13,2,1
842.5,0.6,129.16,713.33,3,1
797.34,0.4,146.7,650.64,2,1
859.7,0.8,76.11,783.59,4,1
967.07,0.8,160.78,806.28,4,1
931.73,0.8,155.7,776.03,4,1
532.47,0.0,67.73,464.74,0,1
638.49,0.2,111.05,527.44,1,1
907.38,0.8,146.49,760.9,4,1
484.0,0.0,49.51,434.49,0,1
632.67,0.2,82.54,550.13,1,1
590.2,0.2,70.32,519.87,1,1
1121.62,1.2,212.65,908.97,6,1
652.78,0.2,102.65,550.13,1,1
456.06,0.0,36.7,419.36,0,1
559.43,0.0,117.38,442.05,0,1
607.05,0.2,56.92,550.13,1,1
1011.36,1.0,165.08,846.28,5,1
751.52,0.4,123.57,627.95,2,1
728.48,0.6,45.41,683.08,3,1
633.42,0.2,75.73,557.69,1,1
495.32,0.0,45.7,449.62,0,1
674.91,0.2,124.78,550.13,1,1
610.93,0.2,91.05,519.87,1,1
723.38,0.6,63.0,660.38,3,1
592.5,0.2,87.76,504.74,1,1
660.86,0.2,125.86,535.0,1,1
772.67,0.4,137.16,635.51,2,1
700.02,0.2,149.89,550.13,1,1
754.07,0.4,148.81,605.26,2,1
694.72,0.4,89.46,605.26,2,1
873.97,0.8,97.95,776.03,4,1
863.43,0.8,79.84,783.59,4,1
631.72,0.0,174.54,457.18,0,1
998.93,1.0,145.08,853.85,5,1
486.6,0.0,52.11,434.49,0,1
951.39,1.0,97.54,853.85,5,1
678.07,0.2,127.95,550.13,1,1
1057.88,1.2,118.65,939.23,6,1
492.66,0.0,80.86,411.79,0,1
709.34,0.4,111.65,597.69,2,1
570.56,0.0,113.38,457.18,0,1
903.75,0.8,120.16,783.59,4,1
760.07,0.6,122.38,637.69,3,1
862.3,0.8,93.84,768.46,4,1
1194.54,1.2,278.0,916.54,6,1
844.81,0.6,169.3,675.51,3,1
808.16,0.6,132.65,675.51,3,1
653.22,0.2,72.84,580.38,1,1
689.43,0.4,106.86,582.56,2,1
910.45,0.8,126.86,783.59,4,1
519.64,0.0,70.03,449.62,0,1
762.73,0.4,119.65,643.08,2,1
455.47,0.0,36.11,419.36,0,1
