"Total_Cost","Ratio_Reloc_Prod","Horiz_Cost","Vert_Cost","nReloc","non_Optimal"
225260.58,0.4787,32504.01,192756.57,718,300
811.13,0.6,75.11,736.03,3,1
521.02,0.0,63.84,457.18,0,1
508.15,0.0,43.41,464.74,0,1
641.37,0.2,91.24,550.13,1,1
532.19,0.0,90.14,442.05,0,1
760.45,0.6,69.81,690.64,3,1
695.79,0.4,67.84,627.95,2,1
561.45,0.0,104.27,457.18,0,1
1010.58,1.0,164.3,846.28,5,1
697.64,0.4,99.95,597.69,2,1
777.39,0.6,71.62,705.77,3,1
909.27,0.8,125.68,783.59,4,1
703.65,0.4,68.14,635.51,2,1
926.23,0.8,135.08,791.15,4,1
1158.99,1.4,119.24,1039.74,7,1
630.25,0.2,57.43,572.82,1,1
516.15,0.0,51.41,464.74,0,1
707.98,0.4,95.16,612.82,2,1
822.01,0.8,61.11,760.9,4,1
483.67,0.0,41.62,442.05,0,1
468.6,0.0,34.11,434.49,0,1
949.31,0.8,150.59,798.72,4,1
771.89,0.6,103.95,667.95,3,1
989.74,1.0,143.46,846.28,5,1
801.38,0.6,125.86,675.51,3,1
1109.89,1.0,233.35,876.54,5,1
752.17,0.4,131.78,620.38,2,1
837.28,0.8,83.95,753.33,4,1
524.29,0.0,82.24,442.05,0,1
711.43,0.4,75.92,635.51,2,1
609.43,0.2,74.43,535.0,1,1
723.96,0.2,158.7,565.26,1,1
603.8,0.2,46.11,557.69,1,1
792.53,0.4,126.76,665.77,2,1
669.18,0.4,63.92,605.26,2,1
689.69,0.4,84.43,605.26,2,1
621.78,0.2,79.22,542.56,1,1
546.96,0.2,42.22,504.74,1,1
631.56,0.2,81.43,550.13,1,1
611.76,0.2,84.32,527.44,1,1
456.17,0.0,36.81,419.36,0,1
1395.49,1.8,184.97,1210.51,9,1
490.05,0.0,48.0,442.05,0,1
762.46,0.6,86.95,675.51,3,1
815.84,0.6,94.95,720.9,3,1
551.18,0.0,86.43,464.74,0,1
607.87,0.4,48.0,559.87,2,1
1031.7,1.0,155.16,876.54,5,1
586.22,0.2,51.22,535.0,1,1
758.59,0.4,107.95,650.64,2,1
756.24,0.4,113.16,643.08,2,1
743.86,0.4,108.35,635.51,2,1
698.52,0.4,78.14,620.38,2,1
810.43,0.6,74.41,736.03,3,1
714.63,0.4,94.24,620.38,2,1
882.01,0.8,128.68,753.33,4,1
699.4,0.4,109.27,590.13,2,1
593.14,0.2,58.14,535.0,1,1
897.63,0.6,176.73,720.9,3,1
459.79,0.0,48.0,411.79,0,1
960.06,0.8,206.73,753.33,4,1
874.77,0.8,136.57,738.21,4,1
643.08,0.2,115.65,527.44,1,1
980.39,1.0,141.68,838.72,5,1
849.12,0.8,103.35,745.77,4,1
871.6,0.8,118.27,753.33,4,1
1103.8,1.4,124.57,979.23,7,1
585.46,0.0,143.41,442.05,0,1
635.13,0.2,92.57,542.56,1,1
635.05,0.2,100.05,535.0,1,1
719.11,0.4,98.73,620.38,2,1
579.25,0.2,51.81,527.44,1,1
618.35,0.4,50.92,567.44,2,1
825.12,0.6,119.35,705.77,3,1
463.89,0.0,29.41,434.49,0,1
860.58,0.8,107.24,753.33,4,1
802.82,0.4,182.43,620.38,2,1
971.86,1.0,148.27,823.59,5,1
1002.43,1.0,133.46,868.97,5,1
788.67,0.6,113.16,675.51,3,1
1248.53,1.4,269.3,979.23,7,1
663.09,0.2,97.84,565.26,1,1
894.96,0.8,96.24,798.72,4,1
1077.54,1.2,161.0,916.54,6,1
666.94,0.2,109.24,557.69,1,1
461.36,0.0,42.0,419.36,0,1
1022.3,1.0,160.89,861.41,5,1
814.26,0.6,116.05,698.21,3,1
579.54,0.2,52.11,527.44,1,1
957.67,0.8,166.51,791.15,4,1
885.74,0.6,127.03,758.72,3,1
851.12,0.6,137.78,713.33,3,1
765.75,0.6,75.11,690.64,3,1
712.58,0.4,99.76,612.82,2,1
701.66,0.4,88.84,612.82,2,1
760.38,0.6,92.43,667.95,3,1
619.52,0.2,99.65,519.87,1,1
929.84,0.8,161.38,768.46,4,1
968.7,0.8,185.11,783.59,4,1
721.44,0.4,101.05,620.38,2,1
743.26,0.4,92.62,650.64,2,1
806.09,0.6,100.32,705.77,3,1
592.62,0.2,57.62,535.0,1,1
582.56,0.0,125.38,457.18,0,1
605.6,0.2,85.73,519.87,1,1
607.98,0.2,80.54,527.44,1,1
734.35,0.4,106.41,627.95,2,1
673.24,0.4,98.24,575.0,2,1
869.33,0.6,208.95,660.38,3,1
700.15,0.4,102.46,597.69,2,1
643.32,0.2,100.76,542.56,1,1
506.89,0.0,64.84,442.05,0,1
532.05,0.2,50.0,482.05,1,1
461.31,0.0,49.51,411.79,0,1
794.43,0.4,211.86,582.56,2,1
651.67,0.2,101.54,550.13,1,1
490.92,0.0,64.0,426.92,0,1
509.54,0.0,82.62,426.92,0,1
1020.38,1.0,158.97,861.41,5,1
517.53,0.0,67.92,449.62,0,1
827.03,0.6,151.51,675.51,3,1
680.1,0.4,97.54,582.56,2,1
685.87,0.4,57.92,627.95,2,1
455.79,0.0,44.0,411.79,0,1
739.37,0.4,156.81,582.56,2,1
728.37,0.4,130.68,597.69,2,1
737.79,0.4,124.97,612.82,2,1
1304.1,1.6,178.97,1125.13,8,1
1060.41,1.2,166.57,893.85,6,1
841.63,0.6,135.86,705.77,3,1
1078.91,1.2,139.68,939.23,6,1
806.86,0.6,131.35,675.51,3,1
513.4,0.0,56.22,457.18,0,1
576.79,0.2,56.92,519.87,1,1
823.89,0.6,95.43,728.46,3,1
1054.71,1.2,160.86,893.85,6,1
962.7,0.8,179.11,783.59,4,1
526.86,0.0,77.24,449.62,0,1
874.65,0.8,113.76,760.9,4,1
1002.26,1.0,171.11,831.15,5,1
651.01,0.2,138.7,512.31,1,1
462.28,0.0,42.92,419.36,0,1
564.39,0.2,44.51,519.87,1,1
793.2,0.6,87.43,705.77,3,1
654.43,0.2,111.86,542.56,1,1
921.72,0.8,130.57,791.15,4,1
515.94,0.0,66.32,449.62,0,1
669.68,0.2,134.68,535.0,1,1
638.32,0.2,95.76,542.56,1,1
1089.28,1.2,150.05,939.23,6,1
771.29,0.4,120.65,650.64,2,1
727.68,0.4,99.73,627.95,2,1
1027.48,1.0,150.95,876.54,5,1
975.89,0.8,192.3,783.59,4,1
859.42,0.8,113.65,745.77,4,1
665.77,0.4,60.51,605.26,2,1
523.41,0.2,48.92,474.49,1,1
896.43,0.8,127.97,768.46,4,1
775.21,0.6,77.0,698.21,3,1
918.83,0.8,127.68,791.15,4,1
908.2,0.6,202.43,705.77,3,1
740.44,0.4,120.05,620.38,2,1
704.91,0.4,99.65,605.26,2,1
737.09,0.4,124.27,612.82,2,1
1060.92,1.0,199.51,861.41,5,1
629.79,0.2,117.49,512.31,1,1
860.63,0.6,147.3,713.33,3,1
899.89,0.8,123.86,776.03,4,1
832.53,0.6,126.76,705.77,3,1
769.59,0.4,134.08,635.51,2,1
998.87,1.0,137.46,861.41,5,1
1120.32,1.2,143.27,977.05,6,1
968.66,0.8,162.38,806.28,4,1
1041.08,1.2,124.54,916.54,6,1
1156.58,1.2,202.22,954.36,6,1
629.48,0.4,46.92,582.56,2,1
872.47,0.8,119.14,753.33,4,1
480.49,0.0,46.0,434.49,0,1
645.13,0.2,102.57,542.56,1,1
868.74,0.4,263.49,605.26,2,1
967.14,1.0,105.73,861.41,5,1
576.98,0.2,57.11,519.87,1,1
702.08,0.2,159.51,542.56,1,1
641.92,0.2,99.35,542.56,1,1
546.02,0.0,88.84,457.18,0,1
626.93,0.2,107.05,519.87,1,1
773.8,0.4,123.16,650.64,2,1
962.53,1.0,116.24,846.28,5,1
546.83,0.2,57.22,489.62,1,1
858.23,0.8,112.46,745.77,4,1
724.37,0.4,126.68,597.69,2,1
947.44,0.8,126.03,821.41,4,1
971.04,1.0,124.76,846.28,5,1
1068.47,1.2,129.24,939.23,6,1
966.05,0.8,190.03,776.03,4,1
558.25,0.0,85.95,472.31,0,1
801.38,0.6,125.86,675.51,3,1
666.74,0.4,53.92,612.82,2,1
953.35,0.8,177.32,776.03,4,1
700.28,0.4,95.03,605.26,2,1
998.88,1.0,152.59,846.28,5,1
789.47,0.6,129.08,660.38,3,1
542.61,0.0,85.43,457.18,0,1
903.96,0.8,105.24,798.72,4,1
499.83,0.0,50.22,449.62,0,1
820.92,0.6,100.03,720.9,3,1
651.15,0.2,146.41,504.74,1,1
556.66,0.2,51.92,504.74,1,1
738.16,0.4,102.65,635.51,2,1
842.36,0.6,136.59,705.77,3,1
596.11,0.2,61.11,535.0,1,1
617.4,0.0,160.22,457.18,0,1
951.44,1.0,105.16,846.28,5,1
868.19,0.6,132.16,736.03,3,1
615.69,0.2,58.0,557.69,1,1
825.63,0.6,119.86,705.77,3,1
969.03,0.8,193.0,776.03,4,1
759.16,0.6,83.65,675.51,3,1
682.18,0.4,92.05,590.13,2,1
717.82,0.4,97.43,620.38,2,1
776.28,0.6,70.51,705.77,3,1
789.78,0.6,114.27,675.51,3,1
966.58,1.0,112.73,853.85,5,1
789.51,0.4,154.0,635.51,2,1
565.66,0.2,60.92,504.74,1,1
499.19,0.0,57.14,442.05,0,1
595.18,0.2,90.43,504.74,1,1
466.84,0.0,39.92,426.92,0,1
696.09,0.2,176.22,519.87,1,1
856.36,0.6,135.46,720.9,3,1
641.73,0.4,66.73,575.0,2,1
890.49,0.8,114.46,776.03,4,1
509.66,0.0,97.86,411.79,0,1
978.11,1.0,109.14,868.97,5,1
477.49,0.0,43.0,434.49,0,1
527.27,0.2,45.22,482.05,1,1
620.92,0.2,78.35,542.56,1,1
804.65,0.4,176.7,627.95,2,1
778.97,0.6,103.46,675.51,3,1
521.13,0.0,71.51,449.62,0,1
774.05,0.6,98.54,675.51,3,1
879.44,0.8,133.68,745.77,4,1
745.04,0.4,139.78,605.26,2,1
616.63,0.2,96.76,519.87,1,1
907.13,0.8,123.54,783.59,4,1
462.06,0.0,42.7,419.36,0,1
796.66,0.6,83.32,713.33,3,1
908.47,0.6,195.14,713.33,3,1
794.8,0.6,104.16,690.64,3,1
829.86,0.6,146.78,683.08,3,1
930.75,0.8,147.16,783.59,4,1
956.96,0.8,165.81,791.15,4,1
517.4,0.0,60.22,457.18,0,1
689.94,0.4,92.24,597.69,2,1
620.03,0.2,100.16,519.87,1,1
483.75,0.0,41.7,442.05,0,1
600.84,0.2,65.84,535.0,1,1
624.63,0.2,104.76,519.87,1,1
1045.08,1.0,176.11,868.97,5,1
629.01,0.4,69.14,559.87,2,1
485.11,0.0,50.62,434.49,0,1
705.67,0.2,163.11,542.56,1,1
562.82,0.2,50.51,512.31,1,1
1371.85,1.8,199.16,1172.69,9,1
815.1,0.6,124.46,690.64,3,1
622.83,0.4,32.7,590.13,2,1
641.39,0.2,76.14,565.26,1,1
571.76,0.0,84.32,487.44,0,1
653.92,0.2,126.49,527.44,1,1
546.62,0.2,57.0,489.62,1,1
543.72,0.2,54.11,489.62,1,1
569.79,0.2,49.92,519.87,1,1
601.98,0.0,129.68,472.31,0,1
642.89,0.0,147.89,495.0,0,1
642.71,0.2,115.27,527.44,1,1
815.24,0.4,179.73,635.51,2,1
838.69,0.6,140.49,698.21,3,1
802.98,0.6,89.65,713.33,3,1
1042.43,1.2,133.46,908.97,6,1
689.36,0.4,76.54,612.82,2,1
806.2,0.6,100.43,705.77,3,1
496.78,0.0,54.73,442.05,0,1
907.35,0.8,123.76,783.59,4,1
857.58,0.8,104.24,753.33,4,1
798.8,0.6,93.03,705.77,3,1
704.61,0.4,114.49,590.13,2,1
927.61,0.8,136.46,791.15,4,1
794.38,0.6,118.86,675.51,3,1
688.53,0.4,90.84,597.69,2,1
736.7,0.4,146.57,590.13,2,1
611.46,0.2,84.03,527.44,1,1
1018.85,1.0,233.08,785.77,5,1
755.72,0.4,165.59,590.13,2,1
797.3,0.6,129.35,667.95,3,1
559.98,0.2,40.11,519.87,1,1
659.56,0.4,69.43,590.13,2,1
871.47,0.6,150.57,720.9,3,1
653.97,0.2,118.97,535.0,1,1
953.07,1.0,114.35,838.72,5,1
494.05,0.0,52.0,442.05,0,1
