"Total_Cost","Ratio_Reloc_Prod","Horiz_Cost","Vert_Cost","nReloc","non_Optimal"
269201.31,0.454,77569.14,191632.32,681,223
831.57,0.4,150.68,680.9,2,0
1153.8,0.6,395.08,758.72,3,0
960.29,0.4,302.08,658.21,2,1
912.9,0.6,139.05,773.85,3,1
708.62,0.2,120.68,587.95,1,0
507.15,0.0,42.41,464.74,0,0
1020.7,0.6,337.62,683.08,3,1
928.71,0.6,207.81,720.9,3,1
525.28,0.0,60.54,464.74,0,0
621.03,0.2,86.03,535.0,1,0
774.5,0.4,108.73,665.77,2,0
856.23,0.6,142.89,713.33,3,1
654.88,0.2,104.76,550.13,1,1
1029.08,0.4,386.0,643.08,2,1
678.09,0.2,105.27,572.82,1,0
1259.69,0.6,553.92,705.77,3,1
1042.41,0.6,382.03,660.38,3,1
625.07,0.2,59.81,565.26,1,1
542.8,0.0,78.05,464.74,0,1
825.51,0.4,182.43,643.08,2,1
842.31,0.6,128.97,713.33,3,1
803.06,0.6,89.73,713.33,3,1
697.37,0.4,107.24,590.13,2,1
706.96,0.4,94.14,612.82,2,1
711.79,0.4,83.84,627.95,2,1
897.94,0.8,121.92,776.03,4,1
625.47,0.2,60.22,565.26,1,1
1079.5,1.0,187.84,891.67,5,1
992.54,0.6,248.95,743.59,3,1
862.15,0.6,156.38,705.77,3,1
832.39,0.4,174.19,658.21,2,0
1163.01,0.8,349.16,813.85,4,1
599.94,0.0,150.32,449.62,0,1
1398.7,1.0,514.59,884.1,5,1
731.47,0.2,158.65,572.82,1,0
817.83,0.4,167.19,650.64,2,1
575.42,0.0,110.68,464.74,0,1
1015.0,0.8,193.59,821.41,4,1
1196.68,1.0,282.32,914.36,5,1
837.95,0.6,124.62,713.33,3,0
714.82,0.2,149.57,565.26,1,0
737.04,0.2,171.78,565.26,1,1
1132.94,0.6,396.92,736.03,3,1
687.98,0.2,175.68,512.31,1,1
901.7,0.4,266.19,635.51,2,0
732.07,0.2,166.81,565.26,1,1
1263.34,0.8,532.7,730.64,4,1
653.01,0.2,72.62,580.38,1,0
1049.66,0.8,235.81,813.85,4,1
917.9,0.4,252.14,665.77,2,1
1214.7,0.8,431.11,783.59,4,1
948.42,0.4,335.59,612.82,2,1
976.27,0.6,232.68,743.59,3,1
927.55,0.6,161.27,766.28,3,0
809.77,0.4,204.51,605.26,2,0
1324.82,1.0,463.41,861.41,5,1
803.06,0.4,129.73,673.33,2,0
783.13,0.4,140.05,643.08,2,1
849.27,0.2,314.27,535.0,1,1
947.36,0.4,281.59,665.77,2,1
1000.99,0.4,342.78,658.21,2,1
924.24,0.4,281.16,643.08,2,0
1244.84,0.8,415.86,828.97,4,0
698.3,0.2,163.3,535.0,1,1
986.67,0.4,388.97,597.69,2,1
548.49,0.0,114.0,434.49,0,0
672.0,0.2,144.57,527.44,1,1
484.28,0.0,80.05,404.23,0,1
1280.1,1.2,340.86,939.23,6,1
601.67,0.0,144.49,457.18,0,1
715.37,0.2,157.68,557.69,1,1
548.84,0.2,74.35,474.49,1,1
1200.14,0.8,492.19,707.95,4,1
690.59,0.2,155.59,535.0,1,1
1175.99,0.6,538.3,637.69,3,1
970.0,0.6,226.41,743.59,3,1
1745.98,0.8,992.65,753.33,4,1
691.44,0.2,111.05,580.38,1,0
713.3,0.2,193.43,519.87,1,1
652.5,0.0,187.76,464.74,0,0
547.09,0.0,120.16,426.92,0,1
1534.64,1.2,610.54,924.1,6,1
1325.65,0.8,549.62,776.03,4,1
898.36,0.6,177.46,720.9,3,1
527.15,0.0,62.41,464.74,0,0
809.83,0.4,166.76,643.08,2,1
782.34,0.2,224.65,557.69,1,1
873.14,0.6,152.24,720.9,3,0
595.0,0.2,60.0,535.0,1,1
488.6,0.0,69.24,419.36,0,1
561.14,0.0,126.65,434.49,0,0
499.07,0.0,87.27,411.79,0,1
1527.32,0.8,796.68,730.64,4,1
786.75,0.4,143.68,643.08,2,1
1785.69,1.4,798.89,986.79,7,1
1078.87,0.6,357.97,720.9,3,1
701.19,0.2,166.19,535.0,1,1
592.23,0.0,127.49,464.74,0,0
1041.83,0.6,351.19,690.64,3,0
906.94,0.8,130.92,776.03,4,1
516.75,0.0,74.7,442.05,0,1
1568.1,1.0,744.51,823.59,5,1
655.81,0.2,113.24,542.56,1,1
536.37,0.0,71.62,464.74,0,1
1001.81,0.4,358.73,643.08,2,1
1098.85,0.4,501.16,597.69,2,1
1640.44,1.2,746.59,893.85,6,1
1079.51,0.8,250.54,828.97,4,1
697.18,0.2,139.49,557.69,1,0
524.97,0.0,75.35,449.62,0,0
747.48,0.2,204.92,542.56,1,0
569.83,0.0,120.22,449.62,0,0
576.76,0.0,142.27,434.49,0,1
735.26,0.4,137.57,597.69,2,1
796.75,0.4,153.68,643.08,2,0
681.36,0.2,116.11,565.26,1,0
699.01,0.2,133.76,565.26,1,0
837.92,0.6,169.97,667.95,3,1
568.6,0.0,134.11,434.49,0,0
632.82,0.2,112.95,519.87,1,1
872.98,0.4,245.03,627.95,2,0
548.95,0.0,114.46,434.49,0,1
971.7,0.8,188.11,783.59,4,1
534.58,0.2,37.41,497.18,1,1
1024.94,0.6,341.86,683.08,3,1
918.2,0.6,257.81,660.38,3,1
524.3,0.0,89.81,434.49,0,1
968.33,0.8,207.43,760.9,4,1
1243.04,0.8,429.19,813.85,4,0
920.77,0.4,255.0,665.77,2,0
1092.23,0.4,486.97,605.26,2,1
1134.95,0.6,467.0,667.95,3,1
800.46,0.4,157.38,643.08,2,0
555.04,0.0,97.86,457.18,0,1
795.99,0.6,90.22,705.77,3,1
554.69,0.0,89.95,464.74,0,0
1072.55,0.8,266.27,806.28,4,1
617.89,0.2,75.32,542.56,1,1
630.59,0.2,88.03,542.56,1,0
684.88,0.2,119.62,565.26,1,0
666.0,0.2,138.57,527.44,1,1
2092.27,1.2,1183.3,908.97,6,1
1315.37,1.0,537.16,778.21,5,1
706.12,0.2,140.86,565.26,1,0
724.5,0.2,151.68,572.82,1,0
848.2,0.4,242.95,605.26,2,1
532.85,0.0,68.11,464.74,0,0
926.46,0.4,298.51,627.95,2,1
590.69,0.0,125.95,464.74,0,0
1215.07,0.8,416.35,798.72,4,1
1691.58,1.0,905.81,785.77,5,1
567.44,0.0,95.14,472.31,0,0
896.79,0.4,276.41,620.38,2,1
511.33,0.0,76.84,434.49,0,0
755.31,0.2,197.62,557.69,1,1
1500.51,0.8,769.86,730.64,4,1
558.31,0.0,86.0,472.31,0,0
1619.44,1.4,617.51,1001.92,7,1
1173.89,1.0,297.35,876.54,5,1
1840.92,1.0,971.95,868.97,5,1
889.71,0.4,208.81,680.9,2,1
1328.86,1.0,452.32,876.54,5,1
869.66,0.6,171.46,698.21,3,1
663.34,0.2,105.65,557.69,1,0
547.14,0.2,72.65,474.49,1,1
802.18,0.6,111.54,690.64,3,1
542.33,0.2,67.84,474.49,1,1
1064.07,0.6,358.3,705.77,3,1
962.53,0.4,304.32,658.21,2,1
716.36,0.2,204.05,512.31,1,0
655.22,0.2,127.78,527.44,1,1
1427.61,1.0,535.95,891.67,5,1
1142.5,1.0,303.78,838.72,5,1
528.22,0.0,93.73,434.49,0,1
624.94,0.2,74.81,550.13,1,0
1137.72,0.8,346.57,791.15,4,1
596.91,0.0,147.3,449.62,0,1
885.23,0.4,227.03,658.21,2,1
963.81,0.8,187.78,776.03,4,1
1415.19,0.6,686.73,728.46,3,1
574.56,0.0,124.95,449.62,0,0
1976.55,1.4,1035.14,941.41,7,1
1461.61,0.8,783.92,677.69,4,1
1380.55,0.6,727.73,652.82,3,1
737.88,0.2,180.19,557.69,1,1
760.33,0.4,132.38,627.95,2,1
909.59,0.6,218.95,690.64,3,0
1388.66,0.8,703.41,685.26,4,1
608.67,0.2,66.11,542.56,1,1
1149.52,0.4,589.65,559.87,2,1
1107.7,0.6,424.62,683.08,3,1
713.54,0.2,170.97,542.56,1,1
447.9,0.0,36.11,411.79,0,1
889.98,0.6,229.59,660.38,3,0
997.99,0.8,252.22,745.77,4,1
640.47,0.0,175.73,464.74,0,1
678.64,0.4,80.95,597.69,2,1
707.18,0.2,149.49,557.69,1,1
993.07,0.6,294.86,698.21,3,1
440.06,0.0,20.7,419.36,0,0
642.33,0.2,122.46,519.87,1,0
1122.69,0.6,416.92,705.77,3,1
1089.7,0.8,306.11,783.59,4,1
1542.41,0.8,773.95,768.46,4,1
1153.89,1.2,237.35,916.54,6,1
1752.65,1.2,904.19,848.46,6,1
578.82,0.0,98.95,479.87,0,0
544.07,0.0,94.46,449.62,0,1
899.94,0.4,302.24,597.69,2,1
548.56,0.0,98.95,449.62,0,1
1480.79,1.0,566.43,914.36,5,1
713.93,0.4,154.05,559.87,2,1
1706.47,1.0,920.7,785.77,5,1
996.92,0.6,276.03,720.9,3,0
1064.17,0.6,358.41,705.77,3,1
739.38,0.4,171.95,567.44,2,1
811.3,0.6,90.41,720.9,3,1
1024.84,0.6,296.38,728.46,3,1
620.01,0.0,147.7,472.31,0,1
1181.71,1.2,287.86,893.85,6,1
505.72,0.0,56.11,449.62,0,1
508.49,0.0,74.0,434.49,0,1
1314.31,1.2,322.14,992.18,6,1
1031.4,0.8,240.24,791.15,4,1
760.33,0.2,187.51,572.82,1,0
1137.37,0.8,338.65,798.72,4,1
969.0,0.4,333.49,635.51,2,1
667.2,0.2,101.95,565.26,1,1
632.47,0.0,167.73,464.74,0,1
637.8,0.2,80.11,557.69,1,1
542.03,0.2,67.54,474.49,1,1
472.7,0.0,38.22,434.49,0,1
684.98,0.2,157.54,527.44,1,1
581.0,0.2,46.0,535.0,1,1
999.2,0.6,293.43,705.77,3,1
823.07,0.4,164.86,658.21,2,0
1982.07,1.4,1063.35,918.72,7,1
1384.94,1.2,453.27,931.67,6,1
1256.2,0.8,510.43,745.77,4,1
650.5,0.2,92.81,557.69,1,0
573.21,0.2,76.03,497.18,1,0
844.2,0.6,183.81,660.38,3,1
1011.84,1.0,203.38,808.46,5,1
456.71,0.0,44.92,411.79,0,0
841.75,0.6,158.68,683.08,3,1
1671.98,1.2,785.7,886.28,6,1
750.01,0.2,245.27,504.74,1,1
890.9,0.6,170.0,720.9,3,1
536.16,0.0,86.54,449.62,0,0
879.95,0.4,252.0,627.95,2,1
1078.9,1.0,217.49,861.41,5,1
552.55,0.0,80.24,472.31,0,0
987.72,0.6,357.59,630.13,3,1
1163.05,1.0,286.51,876.54,5,1
1303.38,0.8,527.35,776.03,4,1
904.59,0.6,221.51,683.08,3,1
1415.37,0.8,677.16,738.21,4,1
818.5,0.4,220.81,597.69,2,1
903.8,0.6,205.59,698.21,3,1
879.92,0.4,244.41,635.51,2,0
799.11,0.6,131.16,667.95,3,1
1135.33,0.6,467.38,667.95,3,1
800.26,0.2,235.0,565.26,1,0
893.1,0.6,194.89,698.21,3,1
565.5,0.0,108.32,457.18,0,0
741.86,0.4,166.86,575.0,2,1
699.53,0.4,101.84,597.69,2,1
1158.16,1.0,281.62,876.54,5,1
813.62,0.4,185.68,627.95,2,1
1482.4,0.8,766.89,715.51,4,1
776.05,0.4,140.54,635.51,2,0
560.2,0.0,95.46,464.74,0,0
1034.58,0.6,321.24,713.33,3,0
847.93,0.6,142.16,705.77,3,0
737.93,0.2,172.68,565.26,1,0
1420.49,1.2,564.46,856.03,6,1
654.72,0.2,97.03,557.69,1,1
670.83,0.2,128.27,542.56,1,0
557.28,0.0,92.54,464.74,0,1
902.81,0.4,267.3,635.51,2,1
1183.14,0.8,414.68,768.46,4,1
1480.97,0.6,790.32,690.64,3,1
836.93,0.4,224.11,612.82,2,1
1354.49,0.8,578.46,776.03,4,1
628.1,0.0,223.86,404.23,0,1
840.93,0.2,275.68,565.26,1,0
950.61,0.4,284.84,665.77,2,1
442.01,0.0,30.22,411.79,0,1
740.0,0.4,96.92,643.08,2,1
866.58,0.4,261.32,605.26,2,1
765.03,0.6,104.65,660.38,3,1
999.6,0.4,432.16,567.44,2,1
904.28,0.4,238.51,665.77,2,1
538.81,0.0,104.32,434.49,0,1
904.75,0.6,267.05,637.69,3,1
539.56,0.0,89.95,449.62,0,1
1212.11,1.0,350.7,861.41,5,1
1148.76,0.8,327.35,821.41,4,1
1023.17,1.0,161.76,861.41,5,1
1047.11,0.8,210.57,836.54,4,0
