"Total_Cost","Ratio_Reloc_Prod","Horiz_Cost","Vert_Cost","nReloc","non_Optimal"
225901.29,0.4373,34066.36,191834.85,656,375
630.02,0.5,72.32,557.69,2,1
421.47,0.0,42.11,379.36,0,1
435.84,0.0,48.92,386.92,0,1
656.62,0.5,114.05,542.56,2,1
624.45,0.5,74.32,550.13,2,1
514.59,0.25,72.54,442.05,1,1
731.31,0.75,126.05,605.26,3,1
577.74,0.5,65.43,512.31,2,1
639.53,0.5,81.84,557.69,2,1
722.27,0.75,94.32,627.95,3,1
596.56,0.25,154.51,442.05,1,1
569.84,0.5,42.41,527.44,2,1
554.18,0.25,104.57,449.62,1,1
659.35,0.5,116.78,542.56,2,1
762.36,0.75,157.11,605.26,3,1
596.34,0.25,131.59,464.74,1,1
520.46,0.25,78.41,442.05,1,1
869.57,1.25,93.54,776.03,5,1
445.79,0.0,66.43,379.36,0,1
366.94,0.0,25.41,341.54,0,1
477.6,0.0,98.24,379.36,0,1
610.54,0.5,75.54,535.0,2,1
709.41,0.5,189.54,519.87,2,1
556.18,0.25,91.43,464.74,1,1
430.06,0.0,50.7,379.36,0,1
533.45,0.25,83.84,449.62,1,1
794.15,1.0,95.95,698.21,4,1
725.89,0.75,97.95,627.95,3,1
753.82,1.0,108.57,645.26,4,1
893.03,1.5,92.14,800.9,6,1
740.47,0.75,120.08,620.38,3,1
415.07,0.0,50.84,364.23,0,1
415.03,0.0,28.11,386.92,0,1
625.44,0.5,105.57,519.87,2,1
468.73,0.25,41.81,426.92,1,1
685.96,0.75,73.14,612.82,3,1
681.33,0.75,68.51,612.82,3,1
729.92,0.75,101.97,627.95,3,1
586.99,0.5,82.24,504.74,2,1
544.32,0.25,102.27,442.05,1,1
794.6,1.0,141.78,652.82,4,1
589.12,0.5,69.24,519.87,2,1
727.84,0.75,107.46,620.38,3,1
497.55,0.25,32.81,464.74,1,1
552.58,0.25,87.84,464.74,1,1
534.0,0.25,107.08,426.92,1,1
412.13,0.0,63.03,349.1,0,1
511.52,0.0,124.59,386.92,0,1
389.86,0.0,48.32,341.54,0,1
868.49,1.25,100.03,768.46,5,1
682.39,0.5,109.57,572.82,2,1
539.58,0.25,74.84,464.74,1,1
812.81,0.75,169.73,643.08,3,1
845.74,1.0,139.97,705.77,4,1
602.07,0.25,144.89,457.18,1,1
648.62,0.5,106.05,542.56,2,1
741.91,0.75,144.22,597.69,3,1
497.33,0.25,62.84,434.49,1,1
430.52,0.0,58.73,371.79,0,1
544.37,0.25,94.76,449.62,1,1
517.12,0.25,44.81,472.31,1,1
981.63,1.5,180.73,800.9,6,1
543.92,0.25,101.86,442.05,1,1
761.27,0.75,125.76,635.51,3,1
405.64,0.0,41.41,364.23,0,1
633.33,0.5,60.51,572.82,2,1
534.23,0.25,61.92,472.31,1,1
538.93,0.25,66.62,472.31,1,1
589.39,0.5,84.65,504.74,2,1
666.41,0.75,98.97,567.44,3,1
597.06,0.5,69.62,527.44,2,1
390.88,0.0,34.22,356.67,0,1
898.73,1.0,170.27,728.46,4,1
369.1,0.0,20.0,349.1,0,1
659.5,0.75,61.81,597.69,3,1
509.53,0.25,59.92,449.62,1,1
571.98,0.5,52.11,519.87,2,1
487.83,0.0,123.59,364.23,0,1
783.48,1.0,100.41,683.08,4,1
620.54,0.5,85.54,535.0,2,1
527.95,0.25,93.46,434.49,1,1
957.26,1.25,150.97,806.28,5,1
537.87,0.25,58.0,479.87,1,1
541.55,0.25,69.24,472.31,1,1
349.11,0.0,22.7,326.41,0,1
694.34,0.75,96.65,597.69,3,1
557.74,0.25,85.43,472.31,1,1
772.16,0.75,129.08,643.08,3,1
532.88,0.25,68.14,464.74,1,1
743.78,0.75,161.22,582.56,3,1
383.21,0.0,34.11,349.1,0,1
629.97,0.75,47.41,582.56,3,1
719.36,0.5,154.11,565.26,2,1
639.05,0.5,104.05,535.0,2,1
626.76,0.5,91.76,535.0,2,1
695.45,0.5,130.19,565.26,2,1
606.35,0.5,78.92,527.44,2,1
643.84,0.5,108.84,535.0,2,1
599.41,0.5,79.54,519.87,2,1
839.43,1.0,103.41,736.03,4,1
706.0,0.75,62.92,643.08,3,1
548.81,0.25,106.76,442.05,1,1
623.75,0.5,73.62,550.13,2,1
732.95,0.75,112.57,620.38,3,1
745.04,0.75,86.84,658.21,3,1
566.54,0.25,124.49,442.05,1,1
543.92,0.25,101.86,442.05,1,1
612.22,0.5,92.35,519.87,2,1
397.15,0.0,32.92,364.23,0,1
438.61,0.0,66.81,371.79,0,1
522.7,0.25,80.65,442.05,1,1
420.66,0.0,56.43,364.23,0,1
416.5,0.0,44.7,371.79,0,1
424.66,0.0,60.43,364.23,0,1
579.17,0.25,106.86,472.31,1,1
476.25,0.25,49.32,426.92,1,1
911.9,1.25,151.0,760.9,5,1
562.5,0.25,97.76,464.74,1,1
373.1,0.0,24.0,349.1,0,1
644.37,0.5,94.24,550.13,2,1
611.25,0.5,98.95,512.31,2,1
484.12,0.0,104.76,379.36,0,1
531.21,0.25,89.16,442.05,1,1
556.3,0.25,76.43,479.87,1,1
571.72,0.5,74.54,497.18,2,1
949.46,1.0,213.43,736.03,4,1
838.32,0.75,195.24,643.08,3,1
497.11,0.25,62.62,434.49,1,1
405.72,0.0,56.62,349.1,0,1
481.36,0.0,109.57,371.79,0,1
532.0,0.25,89.95,442.05,1,1
425.37,0.0,61.14,364.23,0,1
581.11,0.5,46.11,535.0,2,1
408.17,0.0,81.76,326.41,0,1
452.6,0.0,73.24,379.36,0,1
639.51,0.5,96.95,542.56,2,1
628.35,0.5,93.35,535.0,2,1
572.35,0.5,44.92,527.44,2,1
493.08,0.25,51.03,442.05,1,1
524.43,0.25,89.95,434.49,1,1
700.91,0.75,95.65,605.26,3,1
521.85,0.25,57.11,464.74,1,1
665.5,0.5,100.24,565.26,2,1
639.14,0.5,119.27,519.87,2,1
714.51,0.5,179.51,535.0,2,1
688.02,0.75,105.46,582.56,3,1
419.15,0.0,54.92,364.23,0,1
859.12,1.0,145.78,713.33,4,1
779.93,1.0,81.73,698.21,4,1
780.62,1.0,97.54,683.08,4,1
371.81,0.0,22.7,349.1,0,1
534.92,0.25,92.86,442.05,1,1
770.7,0.75,120.05,650.64,3,1
671.76,0.5,136.76,535.0,2,1
410.87,0.0,31.51,379.36,0,1
508.15,0.25,43.41,464.74,1,1
839.93,1.0,134.16,705.77,4,1
892.76,1.25,116.73,776.03,5,1
549.55,0.25,77.24,472.31,1,1
476.46,0.0,89.54,386.92,0,1
403.69,0.0,47.03,356.67,0,1
446.83,0.0,90.16,356.67,0,1
518.26,0.25,53.51,464.74,1,1
726.04,0.75,120.78,605.26,3,1
596.0,0.5,53.43,542.56,2,1
524.02,0.25,66.84,457.18,1,1
829.38,1.25,113.86,715.51,5,1
497.2,0.0,125.41,371.79,0,1
579.7,0.25,130.08,449.62,1,1
438.18,0.0,73.95,364.23,0,1
709.25,1.0,56.43,652.82,4,1
618.03,0.5,98.16,519.87,2,1
508.45,0.25,43.7,464.74,1,1
828.14,1.25,74.81,753.33,5,1
423.16,0.0,74.05,349.1,0,1
637.76,0.5,102.76,535.0,2,1
449.5,0.25,37.7,411.79,1,1
1195.48,1.75,271.38,924.1,7,1
581.44,0.25,101.57,479.87,1,1
779.21,0.75,128.57,650.64,3,1
396.34,0.0,32.11,364.23,0,1
680.01,0.5,114.76,565.26,2,1
566.71,0.25,86.84,479.87,1,1
802.69,1.0,96.92,705.77,4,1
471.3,0.25,36.81,434.49,1,1
802.61,1.0,111.97,690.64,4,1
584.83,0.5,87.65,497.18,2,1
387.1,0.0,38.0,349.1,0,1
603.98,0.5,91.68,512.31,2,1
373.81,0.0,24.7,349.1,0,1
778.92,1.0,110.97,667.95,4,1
797.09,0.75,191.84,605.26,3,1
429.06,0.0,49.7,379.36,0,1
938.62,1.25,162.59,776.03,5,1
747.31,0.75,149.62,597.69,3,1
465.89,0.25,31.41,434.49,1,1
550.57,0.25,116.08,434.49,1,1
634.19,0.5,106.76,527.44,2,1
559.42,0.25,102.24,457.18,1,1
600.63,0.5,80.76,519.87,2,1
853.75,1.0,163.11,690.64,4,1
412.15,0.0,47.92,364.23,0,1
636.72,0.5,79.03,557.69,2,1
743.14,0.75,122.76,620.38,3,1
578.76,0.25,91.32,487.44,1,1
698.53,0.5,133.27,565.26,2,1
628.9,0.5,101.46,527.44,2,1
754.3,0.75,118.78,635.51,3,1
564.31,0.5,67.14,497.18,2,1
564.07,0.25,114.46,449.62,1,1
513.95,0.25,79.46,434.49,1,1
802.24,0.75,151.59,650.64,3,1
555.6,0.25,75.73,479.87,1,1
403.53,0.0,54.43,349.1,0,1
500.48,0.25,58.43,442.05,1,1
431.37,0.0,67.14,364.23,0,1
666.21,0.75,83.65,582.56,3,1
373.81,0.0,24.7,349.1,0,1
654.13,0.5,111.57,542.56,2,1
1024.17,1.75,122.76,901.41,7,1
442.74,0.0,70.95,371.79,0,1
723.88,0.5,166.19,557.69,2,1
564.74,0.25,92.43,472.31,1,1
659.4,0.5,109.27,550.13,2,1
358.94,0.0,17.41,341.54,0,1
442.34,0.0,70.54,371.79,0,1
519.1,0.0,162.43,356.67,0,1
622.37,0.5,79.81,542.56,2,1
598.14,0.5,63.14,535.0,2,1
443.68,0.0,64.32,379.36,0,1
627.77,0.5,115.46,512.31,2,1
644.62,0.5,102.05,542.56,2,1
495.78,0.25,53.73,442.05,1,1
552.68,0.5,32.81,519.87,2,1
528.55,0.25,63.81,464.74,1,1
848.79,1.0,180.84,667.95,4,1
471.09,0.0,84.16,386.92,0,1
392.27,0.0,50.73,341.54,0,1
732.07,0.75,134.38,597.69,3,1
601.71,0.5,81.84,519.87,2,1
612.79,0.5,85.35,527.44,2,1
691.04,0.5,125.78,565.26,2,1
415.26,0.0,51.03,364.23,0,1
575.55,0.25,103.24,472.31,1,1
356.68,0.0,22.7,333.97,0,1
538.21,0.25,96.16,442.05,1,1
442.2,0.0,70.41,371.79,0,1
673.05,0.5,130.49,542.56,2,1
644.84,0.5,109.84,535.0,2,1
827.81,0.75,184.73,643.08,3,1
751.33,0.75,123.38,627.95,3,1
656.42,0.75,111.68,544.74,3,1
480.49,0.25,46.0,434.49,1,1
547.07,0.25,97.46,449.62,1,1
814.66,1.0,101.32,713.33,4,1
700.87,0.75,72.92,627.95,3,1
683.88,0.75,93.76,590.13,3,1
438.04,0.0,66.24,371.79,0,1
675.96,0.5,118.27,557.69,2,1
400.48,0.0,43.81,356.67,0,1
778.19,0.75,142.68,635.51,3,1
534.12,0.25,61.81,472.31,1,1
844.4,1.0,161.32,683.08,4,1
560.31,0.25,88.0,472.31,1,1
714.95,0.75,79.43,635.51,3,1
766.57,1.0,91.05,675.51,4,1
428.02,0.0,71.35,356.67,0,1
475.16,0.25,33.11,442.05,1,1
422.4,0.0,65.73,356.67,0,1
349.11,0.0,22.7,326.41,0,1
572.49,0.5,52.62,519.87,2,1
828.09,1.0,114.76,713.33,4,1
1018.91,1.5,180.19,838.72,6,1
777.83,1.0,79.62,698.21,4,1
538.58,0.25,73.84,464.74,1,1
861.33,1.0,132.86,728.46,4,1
676.56,0.5,118.86,557.69,2,1
669.34,0.5,111.65,557.69,2,1
797.18,1.0,106.54,690.64,4,1
502.24,0.25,52.62,449.62,1,1
588.82,0.5,76.51,512.31,2,1
594.15,0.25,136.97,457.18,1,1
879.82,1.25,134.05,745.77,5,1
776.54,0.75,148.59,627.95,3,1
404.04,0.0,39.81,364.23,0,1
392.93,0.0,28.7,364.23,0,1
748.15,0.75,142.89,605.26,3,1
567.99,0.25,103.24,464.74,1,1
533.58,0.25,68.84,464.74,1,1
898.45,1.0,200.24,698.21,4,1
555.2,0.25,75.32,479.87,1,1
940.42,1.25,149.27,791.15,5,1
660.39,0.5,140.51,519.87,2,1
666.33,0.5,93.51,572.82,2,1
532.61,0.25,75.43,457.18,1,1
465.58,0.25,46.22,419.36,1,1
645.18,0.25,180.43,464.74,1,1
770.66,0.75,165.41,605.26,3,1
758.27,0.75,122.76,635.51,3,1
784.22,0.75,148.7,635.51,3,1
406.5,0.0,34.7,371.79,0,1
485.51,0.25,51.03,434.49,1,1
627.65,0.5,92.65,535.0,2,1
645.46,0.5,110.46,535.0,2,1
437.96,0.0,73.73,364.23,0,1
389.21,0.0,40.11,349.1,0,1
821.06,1.0,153.11,667.95,4,1
381.05,0.0,39.51,341.54,0,1
423.37,0.0,59.14,364.23,0,1
509.75,0.25,60.14,449.62,1,1
542.23,0.25,69.92,472.31,1,1
606.68,0.5,79.24,527.44,2,1
524.96,0.25,60.22,464.74,1,1
557.79,0.25,77.92,479.87,1,1
537.12,0.25,64.81,472.31,1,1
553.44,0.25,81.14,472.31,1,1
478.2,0.0,98.84,379.36,0,1
663.36,0.75,58.11,605.26,3,1
375.54,0.0,34.0,341.54,0,1
524.75,0.25,75.14,449.62,1,1
556.6,0.25,76.73,479.87,1,1
396.62,0.0,47.51,349.1,0,1
684.73,0.5,142.16,542.56,2,1
656.73,0.5,129.3,527.44,2,1
613.34,0.25,148.59,464.74,1,1
900.38,1.25,124.35,776.03,5,1
773.83,0.75,130.76,643.08,3,1
499.79,0.0,112.86,386.92,0,1
675.72,0.5,110.46,565.26,2,1
470.28,0.25,50.92,419.36,1,1
613.94,0.5,63.81,550.13,2,1
392.32,0.0,43.22,349.1,0,1
522.16,0.25,72.54,449.62,1,1
516.96,0.25,52.22,464.74,1,1
684.44,0.5,157.0,527.44,2,1
804.26,1.0,106.05,698.21,4,1
367.1,0.0,18.0,349.1,0,1
593.48,0.25,136.3,457.18,1,1
532.02,0.5,42.41,489.62,2,1
538.33,0.25,66.03,472.31,1,1
580.13,0.5,82.95,497.18,2,1
878.38,1.25,102.35,776.03,5,1
936.74,1.25,130.46,806.28,5,1
619.45,0.25,169.84,449.62,1,1
580.04,0.5,67.73,512.31,2,1
380.51,0.0,31.41,349.1,0,1
447.58,0.0,83.35,364.23,0,1
401.43,0.0,52.32,349.1,0,1
614.98,0.5,87.54,527.44,2,1
440.39,0.0,61.03,379.36,0,1
723.1,0.5,180.54,542.56,2,1
543.45,0.25,86.27,457.18,1,1
411.4,0.0,54.73,356.67,0,1
495.02,0.25,45.41,449.62,1,1
427.02,0.0,70.35,356.67,0,1
421.2,0.0,49.41,371.79,0,1
669.47,0.75,64.22,605.26,3,1
718.31,0.75,113.05,605.26,3,1
489.52,0.0,110.16,379.36,0,1
765.62,0.75,183.05,582.56,3,1
577.22,0.5,42.22,535.0,2,1
584.32,0.5,49.32,535.0,2,1
541.28,0.25,76.54,464.74,1,1
744.54,0.75,101.46,643.08,3,1
359.24,0.0,17.7,341.54,0,1
894.2,1.0,188.43,705.77,4,1
739.91,0.75,96.84,643.08,3,1
438.93,0.0,67.14,371.79,0,1
616.22,0.5,96.35,519.87,2,1
508.13,0.25,58.51,449.62,1,1
412.9,0.0,41.11,371.79,0,1
786.11,0.75,150.59,635.51,3,1
847.61,1.0,149.41,698.21,4,1
725.74,0.75,105.35,620.38,3,1
619.64,0.5,69.51,550.13,2,1
