"Total_Cost","Ratio_Reloc_Prod","Horiz_Cost","Vert_Cost","nReloc","non_Optimal"
221366.93,0.4127,32290.35,189076.58,619,250
716.89,0.1667,88.95,627.95,1,1
913.62,0.3333,124.65,788.97,2,1
642.16,0.0,54.22,587.95,0,1
930.18,0.3333,179.03,751.15,2,1
621.31,0.0,63.62,557.69,0,1
964.75,0.6667,88.22,876.54,4,1
977.88,0.5,171.59,806.28,3,1
752.87,0.0,233.0,519.87,0,1
1278.08,1.1667,168.08,1110.0,7,1
772.37,0.1667,114.16,658.21,1,1
916.04,0.3333,142.19,773.85,2,1
1168.25,1.0,120.95,1047.31,6,1
782.62,0.3333,99.54,683.08,2,1
703.79,0.0,130.97,572.82,0,1
698.39,0.1667,93.14,605.26,1,1
859.55,0.3333,153.78,705.77,2,1
668.33,0.1667,55.51,612.82,1,1
1210.93,1.0,171.19,1039.74,6,1
1385.73,1.1667,215.22,1170.51,7,1
827.07,0.1667,161.3,665.77,1,1
642.83,0.0,100.27,542.56,0,1
891.2,0.3333,185.43,705.77,2,1
812.68,0.3333,84.22,728.46,2,1
707.66,0.1667,94.84,612.82,1,1
941.28,0.5,119.86,821.41,3,1
784.65,0.3333,109.14,675.51,2,1
901.45,0.5,117.86,783.59,3,1
668.86,0.0,126.3,542.56,0,1
802.99,0.1667,144.78,658.21,1,1
606.81,0.0,71.81,535.0,0,1
1029.38,0.6667,160.41,868.97,4,1
822.7,0.3333,94.24,728.46,2,1
594.12,0.0,74.24,519.87,0,1
881.65,0.3333,153.19,728.46,2,1
1107.39,1.0,113.03,994.36,6,1
760.71,0.1667,147.89,612.82,1,1
787.97,0.3333,97.32,690.64,2,1
1060.93,0.8333,114.14,946.79,5,1
1100.62,0.6667,231.65,868.97,4,1
809.3,0.3333,80.84,728.46,2,1
587.2,0.0,67.32,519.87,0,1
745.16,0.1667,109.65,635.51,1,1
649.59,0.0,99.46,550.13,0,1
970.88,0.5,164.59,806.28,3,1
682.54,0.1667,47.03,635.51,1,1
916.05,0.5,132.46,783.59,3,1
917.59,0.5,141.57,776.03,3,1
964.59,0.5,128.05,836.54,3,1
692.41,0.1667,72.03,620.38,1,1
987.36,0.5,226.46,760.9,3,1
1066.23,0.6667,167.0,899.23,4,1
796.56,0.3333,98.35,698.21,2,1
894.61,0.5,103.46,791.15,3,1
754.89,0.1667,119.38,635.51,1,1
878.82,0.5,133.05,745.77,3,1
1127.48,0.8333,142.86,984.62,5,1
1226.91,1.0,194.73,1032.18,6,1
604.19,0.0,61.62,542.56,0,1
1083.95,1.0,134.97,948.97,6,1
961.05,0.6667,84.51,876.54,4,1
796.79,0.1667,123.46,673.33,1,1
1057.63,0.5,243.78,813.85,3,1
1088.68,0.8333,126.76,961.92,5,1
1077.15,0.6667,177.92,899.23,4,1
1322.07,1.1667,189.38,1132.69,7,1
855.26,0.3333,149.49,705.77,2,1
1254.25,1.0,191.81,1062.44,6,1
1003.21,0.5,166.68,836.54,3,1
777.58,0.1667,119.38,658.21,1,1
1060.77,0.8333,121.54,939.23,5,1
760.04,0.3333,46.7,713.33,2,1
1199.37,1.0,167.19,1032.18,6,1
849.49,0.3333,113.46,736.03,2,1
695.45,0.1667,44.81,650.64,1,1
1399.08,1.1667,221.0,1178.08,7,1
804.91,0.3333,121.84,683.08,2,1
916.2,0.5,109.92,806.28,3,1
777.16,0.1667,134.08,643.08,1,1
671.99,0.0,121.86,550.13,0,1
1033.0,0.6667,156.46,876.54,4,1
867.35,0.3333,123.76,743.59,2,1
909.95,0.5,141.49,768.46,3,1
938.54,0.3333,202.51,736.03,2,1
844.34,0.3333,138.57,705.77,2,1
796.47,0.3333,83.14,713.33,2,1
859.43,0.5,83.41,776.03,3,1
995.77,0.6667,157.05,838.72,4,1
895.78,0.5,119.76,776.03,3,1
1019.15,0.6667,112.35,906.79,4,1
1019.28,0.6667,120.05,899.23,4,1
955.12,0.5,141.27,813.85,3,1
1335.09,1.1667,179.7,1155.38,7,1
691.32,0.0,141.19,550.13,0,1
1060.92,0.8333,91.43,969.49,5,1
754.29,0.1667,103.65,650.64,1,1
713.22,0.1667,77.7,635.51,1,1
695.93,0.3333,43.11,652.82,2,1
779.01,0.1667,113.24,665.77,1,1
846.2,0.3333,132.86,713.33,2,1
652.05,0.0,117.05,535.0,0,1
783.8,0.1667,133.16,650.64,1,1
776.8,0.0,226.68,550.13,0,1
1111.71,0.8333,164.92,946.79,5,1
1014.97,0.6667,130.86,884.1,4,1
998.19,0.5,176.78,821.41,3,1
558.68,0.0,38.81,519.87,0,1
887.5,0.1667,221.73,665.77,1,1
695.29,0.1667,105.16,590.13,1,1
702.88,0.1667,97.62,605.26,1,1
714.57,0.1667,86.62,627.95,1,1
1011.29,0.6667,119.62,891.67,4,1
785.2,0.3333,79.43,705.77,2,1
1199.29,0.8333,222.24,977.05,5,1
877.05,0.3333,133.46,743.59,2,1
598.2,0.0,78.32,519.87,0,1
997.84,0.6667,128.86,868.97,4,1
1185.69,0.6667,294.03,891.67,4,1
673.1,0.0,122.97,550.13,0,1
854.0,0.3333,117.97,736.03,2,1
884.78,0.3333,141.19,743.59,2,1
791.97,0.1667,148.89,643.08,1,1
655.26,0.0,105.14,550.13,0,1
1065.0,0.6667,196.03,868.97,4,1
889.05,0.5,113.03,776.03,3,1
827.77,0.5,74.43,753.33,3,1
674.88,0.1667,69.62,605.26,1,1
1230.76,1.0,221.27,1009.49,6,1
862.08,0.3333,126.05,736.03,2,1
961.22,0.5,132.24,828.97,3,1
1273.38,0.8333,250.95,1022.44,5,1
797.12,0.1667,131.35,665.77,1,1
811.53,0.3333,105.76,705.77,2,1
1089.59,0.8333,112.54,977.05,5,1
752.83,0.1667,94.62,658.21,1,1
853.35,0.5,77.32,776.03,3,1
766.34,0.1667,108.14,658.21,1,1
1263.86,1.0,239.24,1024.62,6,1
649.23,0.0,91.54,557.69,0,1
1074.93,0.6667,175.7,899.23,4,1
697.52,0.1667,77.14,620.38,1,1
929.15,0.3333,178.0,751.15,2,1
638.38,0.0,110.95,527.44,0,1
1399.26,1.1667,213.62,1185.64,7,1
973.26,0.6667,126.97,846.28,4,1
1499.11,1.5,256.16,1242.95,9,1
960.68,0.5,139.27,821.41,3,1
721.81,0.1667,78.73,643.08,1,1
637.86,0.0,87.73,550.13,0,1
914.63,0.5,161.3,753.33,3,1
717.92,0.1667,82.41,635.51,1,1
1009.18,0.5,165.08,844.1,3,1
676.01,0.1667,55.62,620.38,1,1
1046.46,0.6667,169.92,876.54,4,1
722.21,0.1667,79.14,643.08,1,1
866.53,0.1667,208.32,658.21,1,1
1215.9,0.8333,253.97,961.92,5,1
1463.1,1.5,189.89,1273.21,9,1
1220.01,1.1667,140.27,1079.74,7,1
906.64,0.5,123.05,783.59,3,1
1190.02,0.8333,205.41,984.62,5,1
894.89,0.3333,158.86,736.03,2,1
711.15,0.1667,60.51,650.64,1,1
1034.58,0.6667,135.35,899.23,4,1
633.93,0.0,61.11,572.82,0,1
954.91,0.5,171.32,783.59,3,1
815.53,0.1667,164.89,650.64,1,1
632.64,0.0,82.51,550.13,0,1
1007.61,0.5,216.46,791.15,3,1
933.64,0.5,142.49,791.15,3,1
895.93,0.5,142.59,753.33,3,1
1157.78,0.8333,180.73,977.05,5,1
797.03,0.1667,116.14,680.9,1,1
915.24,0.3333,179.22,736.03,2,1
869.83,0.5,71.11,798.72,3,1
676.67,0.0,118.97,557.69,0,1
984.95,0.5,155.97,828.97,3,1
810.74,0.3333,89.84,720.9,2,1
861.1,0.3333,109.95,751.15,2,1
971.04,0.5,157.19,813.85,3,1
1070.36,0.6667,208.95,861.41,4,1
551.01,0.0,38.7,512.31,0,1
1061.6,0.6667,139.68,921.92,4,1
753.78,0.1667,103.14,650.64,1,1
872.8,0.3333,121.65,751.15,2,1
973.42,0.5,174.7,798.72,3,1
799.15,0.3333,100.95,698.21,2,1
968.33,0.5,154.49,813.85,3,1
842.22,0.1667,214.27,627.95,1,1
1306.67,1.1667,173.97,1132.69,7,1
683.33,0.0,102.95,580.38,0,1
879.25,0.3333,165.92,713.33,2,1
850.02,0.3333,106.43,743.59,2,1
812.36,0.3333,99.03,713.33,2,1
583.44,0.0,56.0,527.44,0,1
810.63,0.1667,144.86,665.77,1,1
940.33,0.6667,78.92,861.41,4,1
766.88,0.1667,116.24,650.64,1,1
1014.79,0.5,185.81,828.97,3,1
848.88,0.3333,97.73,751.15,2,1
791.88,0.1667,133.68,658.21,1,1
587.22,0.0,52.22,535.0,0,1
964.89,0.5,128.35,836.54,3,1
1315.2,1.1667,220.32,1094.87,7,1
792.5,0.3333,86.73,705.77,2,1
658.18,0.1667,52.92,605.26,1,1
795.99,0.1667,137.78,658.21,1,1
990.9,0.5,169.49,821.41,3,1
754.64,0.1667,96.43,658.21,1,1
945.03,0.5,116.05,828.97,3,1
647.4,0.1667,49.7,597.69,1,1
918.47,0.5,119.76,798.72,3,1
881.89,0.3333,145.86,736.03,2,1
1077.8,0.8333,138.57,939.23,5,1
865.86,0.3333,122.27,743.59,2,1
936.49,0.5,122.65,813.85,3,1
901.19,0.5,125.16,776.03,3,1
707.73,0.1667,72.22,635.51,1,1
671.44,0.0,98.62,572.82,0,1
1040.59,0.6667,164.05,876.54,4,1
784.31,0.3333,78.54,705.77,2,1
578.15,0.0,65.84,512.31,0,1
817.29,0.3333,119.08,698.21,2,1
578.63,0.0,66.32,512.31,0,1
1268.47,1.1667,173.59,1094.87,7,1
793.82,0.1667,128.05,665.77,1,1
1089.14,0.8333,119.65,969.49,5,1
730.56,0.1667,79.92,650.64,1,1
826.57,0.3333,90.54,736.03,2,1
1026.55,0.5,205.14,821.41,3,1
1124.13,0.8333,131.95,992.18,5,1
707.16,0.1667,79.22,627.95,1,1
653.47,0.0,88.22,565.26,0,1
1050.32,0.6667,166.22,884.1,4,1
774.96,0.1667,116.76,658.21,1,1
890.97,0.5,114.95,776.03,3,1
745.91,0.1667,102.84,643.08,1,1
731.84,0.1667,96.32,635.51,1,1
936.45,0.5,152.86,783.59,3,1
741.84,0.3333,66.32,675.51,2,1
752.97,0.1667,117.46,635.51,1,1
1050.82,0.6667,144.03,906.79,4,1
615.32,0.0,80.32,535.0,0,1
1080.75,0.8333,149.08,931.67,5,1
978.41,0.3333,249.95,728.46,2,1
1181.29,0.8333,189.11,992.18,5,1
770.8,0.1667,120.16,650.64,1,1
579.68,0.0,59.81,519.87,0,1
736.16,0.1667,100.65,635.51,1,1
832.63,0.5,71.73,760.9,3,1
693.87,0.1667,65.92,627.95,1,1
