"Total_Cost","Ratio_Reloc_Prod","Horiz_Cost","Vert_Cost","nReloc","non_Optimal"
254950.13,0.4407,63073.98,191876.1,661,153
554.35,0.0,66.92,487.44,0,0
1236.89,1.0,299.84,937.05,5,0
737.74,0.4,117.35,620.38,2,1
619.18,0.2,53.92,565.26,1,0
608.7,0.2,66.14,542.56,1,0
843.06,0.6,122.16,720.9,3,1
742.47,0.4,122.08,620.38,2,1
731.91,0.4,88.84,643.08,2,0
819.88,0.6,129.24,690.64,3,1
528.67,0.0,79.05,449.62,0,0
612.97,0.2,70.41,542.56,1,1
588.65,0.2,61.22,527.44,1,0
1088.91,1.0,204.81,884.1,5,0
728.67,0.4,78.03,650.64,2,0
538.66,0.0,73.92,464.74,0,0
876.08,0.6,140.05,736.03,3,0
822.87,0.6,109.54,713.33,3,0
952.06,0.8,130.65,821.41,4,1
617.49,0.2,90.05,527.44,1,1
942.28,0.6,228.95,713.33,3,1
1017.31,0.8,203.46,813.85,4,1
1142.26,1.2,218.16,924.1,6,1
760.77,0.2,195.51,565.26,1,0
902.56,0.6,211.92,690.64,3,0
720.13,0.4,137.57,582.56,2,0
995.35,0.6,319.84,675.51,3,0
688.09,0.2,122.84,565.26,1,1
727.15,0.2,161.89,565.26,1,0
710.32,0.2,160.19,550.13,1,1
460.12,0.0,48.32,411.79,0,1
808.99,0.4,203.73,605.26,2,0
651.43,0.0,201.81,449.62,0,0
1221.37,1.0,382.65,838.72,5,1
695.36,0.4,90.11,605.26,2,1
986.59,0.6,295.95,690.64,3,0
662.63,0.4,102.76,559.87,2,1
618.03,0.2,83.03,535.0,1,1
625.29,0.2,82.73,542.56,1,1
1182.49,1.2,220.57,961.92,6,1
813.7,0.4,238.7,575.0,2,0
1050.96,0.6,352.76,698.21,3,1
1173.53,0.6,475.32,698.21,3,0
521.61,0.0,64.43,457.18,0,0
1047.48,0.6,349.27,698.21,3,0
971.62,0.4,328.54,643.08,2,0
1095.35,0.8,319.32,776.03,4,0
535.99,0.0,71.24,464.74,0,0
521.36,0.0,94.43,426.92,0,1
940.46,0.4,304.95,635.51,2,0
771.17,0.4,158.35,612.82,2,0
448.61,0.0,36.81,411.79,0,1
1002.07,0.4,343.86,658.21,2,1
635.87,0.4,76.0,559.87,2,1
734.05,0.4,98.54,635.51,2,1
752.24,0.4,116.73,635.51,2,0
1045.67,0.6,362.59,683.08,3,0
1072.16,0.8,349.08,723.08,4,1
570.25,0.0,97.95,472.31,0,1
924.11,0.4,296.16,627.95,2,0
559.23,0.0,102.05,457.18,0,0
697.23,0.4,99.54,597.69,2,0
915.23,0.4,257.03,658.21,2,1
851.21,0.4,193.0,658.21,2,0
666.32,0.2,131.32,535.0,1,0
1432.8,1.0,586.51,846.28,5,1
1390.73,1.2,413.68,977.05,6,0
827.59,0.6,76.43,751.15,3,1
1251.85,0.8,453.14,798.72,4,0
727.15,0.2,161.89,565.26,1,1
878.07,0.6,172.3,705.77,3,0
674.99,0.2,109.73,565.26,1,0
801.7,0.6,118.62,683.08,3,0
1057.48,0.8,266.32,791.15,4,1
451.36,0.0,32.0,419.36,0,0
1271.48,1.4,239.3,1032.18,7,1
732.47,0.2,167.22,565.26,1,0
757.24,0.4,114.16,643.08,2,0
770.28,0.2,205.03,565.26,1,0
786.44,0.2,259.0,527.44,1,1
886.94,0.6,143.35,743.59,3,0
963.69,0.6,257.92,705.77,3,1
865.4,0.4,222.32,643.08,2,0
553.18,0.0,88.43,464.74,0,1
667.39,0.2,155.08,512.31,1,0
895.31,0.4,237.11,658.21,2,1
1433.6,0.8,612.19,821.41,4,1
804.51,0.4,153.86,650.64,2,1
1210.86,0.8,419.7,791.15,4,0
668.48,0.2,110.78,557.69,1,1
692.04,0.2,126.78,565.26,1,1
521.35,0.0,71.73,449.62,0,0
1316.12,1.2,361.76,954.36,6,1
678.82,0.2,106.0,572.82,1,0
901.87,0.6,180.97,720.9,3,1
658.43,0.2,115.86,542.56,1,1
1115.54,0.8,331.95,783.59,4,1
1018.85,0.6,305.51,713.33,3,1
1057.52,0.4,384.19,673.33,2,0
1025.87,0.6,304.97,720.9,3,1
821.26,0.4,155.49,665.77,2,1
1326.44,1.0,412.08,914.36,5,1
592.38,0.0,157.89,434.49,0,1
1106.11,0.4,485.73,620.38,2,1
672.15,0.2,114.46,557.69,1,0
592.27,0.0,157.78,434.49,0,0
592.62,0.2,57.62,535.0,1,1
894.83,0.6,204.19,690.64,3,1
1224.15,0.8,433.0,791.15,4,1
1047.98,0.8,234.14,813.85,4,1
922.45,0.6,178.86,743.59,3,0
597.45,0.0,140.27,457.18,0,1
585.73,0.2,50.73,535.0,1,1
744.13,0.2,201.57,542.56,1,0
659.84,0.2,124.84,535.0,1,1
934.37,0.6,251.3,683.08,3,0
466.63,0.0,54.84,411.79,0,1
446.31,0.0,34.51,411.79,0,1
1105.61,0.6,414.97,690.64,3,0
569.86,0.2,80.24,489.62,1,1
702.34,0.4,104.65,597.69,2,1
941.75,0.4,283.54,658.21,2,1
852.6,0.4,232.22,620.38,2,0
613.23,0.2,108.49,504.74,1,0
858.47,0.4,245.65,612.82,2,1
562.78,0.0,128.3,434.49,0,0
1859.64,1.6,726.95,1132.69,8,0
782.2,0.2,262.32,519.87,1,1
920.79,0.6,199.89,720.9,3,1
611.29,0.0,154.11,457.18,0,1
1072.27,1.0,203.3,868.97,5,0
556.44,0.0,84.14,472.31,0,0
708.49,0.4,148.62,559.87,2,0
1001.62,1.0,178.03,823.59,5,1
1115.71,0.8,294.3,821.41,4,0
967.31,0.8,153.46,813.85,4,0
649.05,0.2,98.92,550.13,1,1
1649.82,0.8,828.41,821.41,4,0
708.23,0.2,142.97,565.26,1,0
685.31,0.2,120.05,565.26,1,1
821.17,0.6,107.84,713.33,3,1
723.55,0.2,158.3,565.26,1,0
872.66,0.4,206.89,665.77,2,0
588.21,0.0,138.59,449.62,0,1
902.26,0.4,236.49,665.77,2,0
839.96,0.4,234.7,605.26,2,0
1106.84,0.6,370.81,736.03,3,1
715.7,0.2,180.7,535.0,1,0
975.71,0.8,214.81,760.9,4,1
1493.51,1.0,616.97,876.54,5,1
719.09,0.4,113.84,605.26,2,1
574.26,0.0,117.08,457.18,0,1
901.46,0.6,218.38,683.08,3,0
795.26,0.2,237.57,557.69,1,0
683.49,0.2,156.05,527.44,1,0
832.6,0.2,305.16,527.44,1,1
1334.44,0.8,513.03,821.41,4,0
761.53,0.2,203.84,557.69,1,0
650.24,0.2,107.68,542.56,1,1
1164.54,0.6,428.51,736.03,3,0
698.82,0.2,133.57,565.26,1,0
677.23,0.2,119.54,557.69,1,0
945.18,0.6,186.46,758.72,3,0
1197.41,1.2,243.05,954.36,6,0
821.28,0.4,200.89,620.38,2,0
901.47,0.4,235.7,665.77,2,1
1137.4,1.0,245.73,891.67,5,1
1084.83,0.8,286.11,798.72,4,1
974.6,0.4,346.65,627.95,2,1
995.48,0.8,158.95,836.54,4,0
773.57,0.4,138.05,635.51,2,0
511.6,0.2,37.11,474.49,1,1
517.73,0.0,83.24,434.49,0,1
1244.02,1.2,380.43,863.59,6,1
1188.98,0.6,422.7,766.28,3,0
701.93,0.2,136.68,565.26,1,1
817.72,0.4,151.95,665.77,2,0
707.69,0.4,102.43,605.26,2,1
658.56,0.2,100.86,557.69,1,1
496.77,0.0,84.97,411.79,0,1
726.45,0.4,128.76,597.69,2,0
859.81,0.6,176.73,683.08,3,1
735.39,0.2,215.51,519.87,1,0
680.93,0.2,176.19,504.74,1,1
765.83,0.2,215.7,550.13,1,1
1327.73,0.8,506.32,821.41,4,1
1001.21,0.6,310.57,690.64,3,1
826.28,0.4,152.95,673.33,2,1
825.72,0.6,119.95,705.77,3,0
503.41,0.0,68.92,434.49,0,1
643.93,0.4,84.05,559.87,2,1
960.75,0.8,177.16,783.59,4,1
945.49,0.8,169.46,776.03,4,0
588.79,0.0,108.92,479.87,0,1
751.77,0.6,98.95,652.82,3,1
725.37,0.2,167.68,557.69,1,0
749.09,0.4,83.32,665.77,2,0
901.32,0.4,258.24,643.08,2,0
1274.63,1.0,413.22,861.41,5,1
583.23,0.0,126.05,457.18,0,0
805.16,0.6,137.22,667.95,3,1
675.02,0.2,124.89,550.13,1,0
742.45,0.4,91.81,650.64,2,1
775.64,0.2,225.51,550.13,1,0
835.22,0.4,199.7,635.51,2,0
778.81,0.4,150.86,627.95,2,1
558.33,0.0,123.84,434.49,0,1
816.03,0.4,180.51,635.51,2,1
500.06,0.0,80.7,419.36,0,0
984.8,0.6,294.16,690.64,3,1
800.46,0.4,164.95,635.51,2,0
673.76,0.2,138.76,535.0,1,1
773.75,0.2,223.62,550.13,1,1
566.48,0.0,116.86,449.62,0,0
593.18,0.2,96.0,497.18,1,0
502.62,0.0,68.14,434.49,0,1
451.42,0.0,39.62,411.79,0,1
980.85,0.8,227.51,753.33,4,0
900.41,0.6,187.08,713.33,3,0
936.04,0.4,277.84,658.21,2,0
707.13,0.2,157.0,550.13,1,1
651.94,0.0,194.76,457.18,0,1
704.23,0.2,138.97,565.26,1,0
998.87,0.8,177.46,821.41,4,1
526.64,0.0,77.03,449.62,0,1
917.52,0.2,390.08,527.44,1,1
826.94,0.4,183.86,643.08,2,0
830.6,0.6,170.22,660.38,3,0
746.83,0.4,156.7,590.13,2,0
908.26,0.4,250.05,658.21,2,0
810.63,0.2,237.81,572.82,1,1
1283.15,0.8,492.0,791.15,4,1
1218.56,1.0,334.46,884.1,5,1
594.45,0.2,89.7,504.74,1,1
825.53,0.4,220.27,605.26,2,1
955.62,0.6,280.11,675.51,3,0
692.42,0.4,87.16,605.26,2,0
768.94,0.2,226.38,542.56,1,0
763.01,0.2,243.14,519.87,1,0
545.18,0.0,80.43,464.74,0,0
871.51,0.2,321.38,550.13,1,1
757.11,0.6,89.16,667.95,3,0
819.71,0.6,98.81,720.9,3,0
649.7,0.2,114.7,535.0,1,0
704.83,0.4,107.14,597.69,2,1
1039.66,1.0,193.38,846.28,5,1
1315.13,0.6,685.0,630.13,3,1
856.88,0.4,198.68,658.21,2,0
1152.91,0.6,462.27,690.64,3,1
872.07,0.6,226.81,645.26,3,1
1027.46,1.0,219.0,808.46,5,1
956.33,0.8,203.0,753.33,4,0
1318.25,1.0,403.89,914.36,5,0
745.55,0.2,180.3,565.26,1,1
671.26,0.2,113.57,557.69,1,0
730.31,0.2,165.05,565.26,1,0
816.42,0.4,165.78,650.64,2,0
1528.36,1.2,626.95,901.41,6,1
983.88,0.6,278.11,705.77,3,1
1755.15,1.4,768.35,986.79,7,0
1406.95,1.2,445.03,961.92,6,0
769.18,0.4,118.54,650.64,2,0
696.31,0.2,131.05,565.26,1,0
605.72,0.0,140.97,464.74,0,0
864.01,0.4,243.62,620.38,2,1
794.89,0.4,159.38,635.51,2,1
661.58,0.2,149.27,512.31,1,0
1441.15,1.0,549.49,891.67,5,0
733.45,0.2,175.76,557.69,1,0
740.08,0.4,97.0,643.08,2,0
992.2,0.8,246.43,745.77,4,1
970.85,0.8,217.51,753.33,4,0
1053.67,0.6,317.65,736.03,3,1
699.75,0.2,149.62,550.13,1,1
1692.76,1.0,823.78,868.97,5,1
871.33,0.6,142.86,728.46,3,0
676.39,0.2,111.14,565.26,1,1
704.8,0.2,154.68,550.13,1,1
796.24,0.2,246.11,550.13,1,1
445.9,0.0,34.11,411.79,0,1
1160.26,1.0,321.54,838.72,5,0
763.64,0.4,173.51,590.13,2,1
788.48,0.6,105.41,683.08,3,0
583.91,0.2,86.73,497.18,1,1
1212.35,0.6,483.89,728.46,3,1
900.24,0.4,264.73,635.51,2,1
754.69,0.2,197.0,557.69,1,0
1611.49,1.6,501.49,1110.0,8,0
1022.39,0.6,316.62,705.77,3,1
823.65,0.4,195.7,627.95,2,0
501.9,0.0,82.54,419.36,0,1
1083.01,0.8,223.78,859.23,4,0
877.04,0.4,279.35,597.69,2,0
990.56,0.4,392.86,597.69,2,1
911.43,0.4,275.92,635.51,2,0
1138.3,0.8,316.89,821.41,4,1
569.41,0.0,89.54,479.87,0,1
662.49,0.2,127.49,535.0,1,0
662.4,0.4,79.84,582.56,2,0
1112.12,1.0,265.84,846.28,5,1
1263.34,0.8,457.05,806.28,4,1
