"Total_Cost","Ratio_Reloc_Prod","Horiz_Cost","Vert_Cost","nReloc","non_Optimal"
240362.78,0.4093,50767.73,189595.27,614,203
757.77,0.4,84.43,673.33,2,1
809.4,0.4,166.32,643.08,2,0
891.56,0.6,147.97,743.59,3,0
564.01,0.0,84.14,479.87,0,0
528.96,0.0,64.22,464.74,0,1
1105.56,1.0,274.41,831.15,5,1
768.81,0.4,133.3,635.51,2,1
959.12,0.8,145.27,813.85,4,1
842.76,0.6,106.73,736.03,3,1
921.05,0.6,237.97,683.08,3,0
756.09,0.2,175.7,580.38,1,1
545.28,0.0,65.41,479.87,0,1
694.88,0.2,144.76,550.13,1,0
656.18,0.2,106.05,550.13,1,1
707.09,0.2,134.27,572.82,1,1
918.85,0.6,213.08,705.77,3,1
555.42,0.0,98.24,457.18,0,0
532.67,0.0,83.05,449.62,0,0
778.05,0.6,87.41,690.64,3,1
702.36,0.2,121.97,580.38,1,0
834.65,0.6,113.76,720.9,3,1
1273.78,0.6,651.22,622.56,3,1
807.15,0.6,108.95,698.21,3,0
1405.82,0.8,720.57,685.26,4,1
536.39,0.0,71.65,464.74,0,1
647.42,0.2,89.73,557.69,1,1
545.66,0.0,80.92,464.74,0,1
655.88,0.2,90.62,565.26,1,1
637.45,0.2,87.32,550.13,1,1
697.05,0.4,106.92,590.13,2,1
879.98,0.6,159.08,720.9,3,1
1183.49,0.8,369.65,813.85,4,1
693.96,0.2,136.27,557.69,1,1
957.02,0.6,213.43,743.59,3,1
669.93,0.4,57.11,612.82,2,1
675.01,0.2,109.76,565.26,1,1
510.05,0.0,68.0,442.05,0,0
664.99,0.2,99.73,565.26,1,0
984.74,0.6,226.03,758.72,3,1
1236.43,1.2,319.89,916.54,6,1
555.22,0.0,60.22,495.0,0,0
1068.84,1.0,199.86,868.97,5,0
587.38,0.0,99.95,487.44,0,0
959.2,0.6,192.92,766.28,3,0
879.27,0.6,135.68,743.59,3,1
867.35,0.6,131.32,736.03,3,1
760.27,0.6,92.32,667.95,3,1
865.83,0.6,182.76,683.08,3,1
784.22,0.4,156.27,627.95,2,0
1099.42,1.2,167.76,931.67,6,1
760.43,0.4,117.35,643.08,2,0
622.18,0.2,56.92,565.26,1,0
585.6,0.2,65.73,519.87,1,1
1298.4,0.8,522.38,776.03,4,1
660.43,0.2,64.92,595.51,1,0
792.04,0.6,93.84,698.21,3,1
664.26,0.2,106.57,557.69,1,0
680.82,0.2,100.43,580.38,1,1
1399.68,0.4,832.24,567.44,2,1
949.27,0.8,165.68,783.59,4,1
747.46,0.4,111.95,635.51,2,1
774.31,0.4,108.54,665.77,2,0
742.41,0.4,114.46,627.95,2,1
551.39,0.0,86.65,464.74,0,0
648.5,0.4,50.81,597.69,2,0
716.84,0.4,96.46,620.38,2,1
784.05,0.4,140.97,643.08,2,1
728.72,0.4,123.46,605.26,2,1
590.64,0.0,133.46,457.18,0,1
634.33,0.2,114.46,519.87,1,1
776.26,0.6,78.05,698.21,3,1
658.78,0.2,108.65,550.13,1,1
700.23,0.2,134.97,565.26,1,1
548.48,0.0,98.86,449.62,0,1
633.17,0.2,120.86,512.31,1,1
1058.31,1.0,212.03,846.28,5,1
630.97,0.2,80.84,550.13,1,0
715.3,0.4,87.35,627.95,2,1
901.03,0.4,273.08,627.95,2,1
706.87,0.2,126.49,580.38,1,1
807.59,0.4,172.08,635.51,2,1
528.63,0.0,56.32,472.31,0,0
1453.51,0.8,738.0,715.51,4,1
879.17,0.4,213.41,665.77,2,0
809.9,0.6,104.14,705.77,3,1
992.41,1.0,123.43,868.97,5,1
853.78,0.4,203.14,650.64,2,1
639.14,0.2,119.27,519.87,1,1
864.3,0.6,128.27,736.03,3,1
885.87,0.4,265.49,620.38,2,1
995.03,1.0,126.05,868.97,5,1
636.27,0.2,108.84,527.44,1,0
951.67,0.8,160.51,791.15,4,1
1069.58,1.0,223.3,846.28,5,1
1168.44,0.8,362.16,806.28,4,1
619.75,0.2,69.62,550.13,1,1
674.29,0.2,124.16,550.13,1,0
671.62,0.2,129.05,542.56,1,1
678.54,0.2,135.97,542.56,1,1
672.94,0.2,115.24,557.69,1,0
1191.81,0.8,483.86,707.95,4,1
849.15,0.6,150.95,698.21,3,1
813.39,0.4,140.05,673.33,2,1
1088.41,1.2,194.57,893.85,6,1
821.31,0.4,163.11,658.21,2,1
794.72,0.4,144.08,650.64,2,0
756.82,0.6,96.43,660.38,3,1
452.06,0.0,32.7,419.36,0,0
628.6,0.4,68.73,559.87,2,1
663.2,0.2,97.95,565.26,1,1
847.78,0.6,164.7,683.08,3,1
810.48,0.6,119.84,690.64,3,1
959.77,1.0,121.05,838.72,5,1
1381.94,0.8,658.86,723.08,4,1
1322.6,1.2,353.11,969.49,6,1
836.66,0.4,163.32,673.33,2,1
985.84,0.8,164.43,821.41,4,1
697.29,0.4,54.22,643.08,2,1
551.78,0.0,102.16,449.62,0,0
668.76,0.4,101.32,567.44,2,0
507.62,0.0,73.14,434.49,0,1
452.76,0.0,33.41,419.36,0,0
590.2,0.0,125.46,464.74,0,0
1009.36,0.8,195.51,813.85,4,1
1022.5,1.2,90.84,931.67,6,1
660.45,0.2,102.76,557.69,1,0
1024.14,0.8,210.3,813.85,4,1
1160.02,1.2,235.92,924.1,6,1
786.27,0.4,143.19,643.08,2,1
833.26,0.4,182.62,650.64,2,1
1087.32,1.0,203.22,884.1,5,1
772.19,0.4,136.68,635.51,2,0
1429.62,0.8,661.16,768.46,4,1
746.57,0.2,158.62,587.95,1,0
770.82,0.4,105.05,665.77,2,0
779.48,0.6,88.84,690.64,3,1
655.46,0.2,120.46,535.0,1,0
917.59,0.6,181.57,736.03,3,0
820.99,0.6,130.35,690.64,3,1
515.94,0.0,66.32,449.62,0,0
745.4,0.4,102.32,643.08,2,1
844.61,0.4,186.41,658.21,2,1
802.01,0.6,96.24,705.77,3,1
676.58,0.2,111.32,565.26,1,1
536.74,0.0,72.0,464.74,0,1
677.85,0.2,120.16,557.69,1,1
716.6,0.2,143.78,572.82,1,1
929.82,0.8,168.92,760.9,4,1
1064.59,1.0,180.49,884.1,5,1
788.56,0.4,145.49,643.08,2,0
555.51,0.0,113.46,442.05,0,1
641.57,0.2,106.57,535.0,1,0
546.45,0.0,142.22,404.23,0,1
636.78,0.2,86.65,550.13,1,0
765.51,0.6,82.43,683.08,3,1
609.12,0.2,89.24,519.87,1,0
857.8,0.6,159.59,698.21,3,1
812.64,0.4,162.0,650.64,2,1
750.18,0.2,184.92,565.26,1,0
892.9,0.6,172.0,720.9,3,0
662.31,0.0,205.14,457.18,0,1
969.31,0.8,155.46,813.85,4,0
984.8,0.8,133.14,851.67,4,1
577.88,0.0,113.14,464.74,0,0
1088.4,0.4,498.27,590.13,2,1
875.56,0.6,116.84,758.72,3,1
942.54,0.8,174.08,768.46,4,1
646.55,0.2,73.73,572.82,1,1
777.63,0.4,164.81,612.82,2,1
1017.6,1.0,163.76,853.85,5,1
554.78,0.0,105.16,449.62,0,1
1217.63,0.4,612.38,605.26,2,1
838.14,0.6,117.24,720.9,3,1
807.91,0.4,157.27,650.64,2,1
655.56,0.2,105.43,550.13,1,0
554.78,0.0,105.16,449.62,0,1
658.88,0.2,93.62,565.26,1,1
675.04,0.2,117.35,557.69,1,1
1040.71,1.0,194.43,846.28,5,1
778.1,0.2,227.97,550.13,1,0
1149.9,1.0,235.54,914.36,5,1
974.11,0.8,198.08,776.03,4,1
707.33,0.2,126.95,580.38,1,0
792.74,0.4,126.97,665.77,2,0
1569.58,0.8,831.38,738.21,4,1
969.68,0.6,248.78,720.9,3,1
769.04,0.2,211.35,557.69,1,0
665.82,0.2,100.57,565.26,1,0
607.66,0.2,42.41,565.26,1,0
883.12,0.4,270.3,612.82,2,1
642.18,0.2,76.92,565.26,1,0
760.31,0.4,94.54,665.77,2,1
645.09,0.2,79.84,565.26,1,0
773.75,0.4,115.54,658.21,2,1
700.99,0.2,150.86,550.13,1,0
771.4,0.6,88.32,683.08,3,1
547.58,0.0,82.84,464.74,0,0
735.37,0.2,185.24,550.13,1,1
696.36,0.2,123.54,572.82,1,0
582.28,0.2,62.41,519.87,1,1
699.43,0.4,63.92,635.51,2,1
712.93,0.2,147.68,565.26,1,0
637.42,0.2,79.73,557.69,1,1
667.33,0.2,139.89,527.44,1,0
533.99,0.0,69.24,464.74,0,0
902.09,0.6,196.32,705.77,3,1
544.66,0.0,79.92,464.74,0,0
713.51,0.2,178.51,535.0,1,1
680.55,0.4,67.73,612.82,2,1
899.24,0.6,155.65,743.59,3,1
750.67,0.4,100.03,650.64,2,1
976.19,0.8,154.78,821.41,4,1
848.8,0.6,150.59,698.21,3,0
938.54,0.6,202.51,736.03,3,1
576.12,0.0,96.24,479.87,0,1
611.56,0.2,69.0,542.56,1,0
584.58,0.2,79.84,504.74,1,1
1175.12,0.8,421.78,753.33,4,1
507.21,0.0,50.03,457.18,0,0
602.0,0.2,67.0,535.0,1,1
1266.23,0.6,613.41,652.82,3,1
660.05,0.2,125.05,535.0,1,1
1679.24,1.0,863.22,816.03,5,1
821.29,0.4,163.08,658.21,2,0
874.43,0.6,145.97,728.46,3,1
658.99,0.2,108.86,550.13,1,0
807.89,0.4,164.81,643.08,2,0
657.48,0.2,114.92,542.56,1,0
988.69,0.8,189.97,798.72,4,1
1815.14,1.0,1006.68,808.46,5,1
566.46,0.0,79.03,487.44,0,0
682.1,0.2,131.97,550.13,1,0
840.91,0.6,97.32,743.59,3,1
929.56,0.6,185.97,743.59,3,0
655.07,0.2,89.81,565.26,1,1
610.29,0.0,153.11,457.18,0,1
511.16,0.0,69.11,442.05,0,0
492.49,0.0,58.0,434.49,0,1
855.38,0.6,119.35,736.03,3,1
669.92,0.2,127.35,542.56,1,0
667.53,0.2,109.84,557.69,1,0
758.93,0.4,100.73,658.21,2,0
536.92,0.0,94.86,442.05,0,1
597.39,0.0,132.65,464.74,0,1
743.25,0.4,122.86,620.38,2,1
574.66,0.0,102.35,472.31,0,1
928.53,0.8,137.38,791.15,4,1
588.08,0.2,45.51,542.56,1,0
1466.46,0.8,743.38,723.08,4,1
1098.78,0.4,516.22,582.56,2,1
577.06,0.0,104.76,472.31,0,0
689.44,0.2,162.0,527.44,1,1
676.77,0.2,103.95,572.82,1,0
894.82,0.6,128.54,766.28,3,1
482.75,0.0,40.7,442.05,0,0
659.25,0.2,139.38,519.87,1,1
1089.7,0.8,253.16,836.54,4,1
682.59,0.2,132.46,550.13,1,1
609.26,0.2,59.14,550.13,1,1
934.73,0.6,198.7,736.03,3,0
823.85,0.6,125.65,698.21,3,1
705.14,0.4,92.32,612.82,2,1
684.42,0.2,119.16,565.26,1,0
548.52,0.0,76.22,472.31,0,0
1198.89,0.4,623.89,575.0,2,1
753.09,0.4,87.32,665.77,2,1
621.31,0.0,149.0,472.31,0,0
618.29,0.2,75.73,542.56,1,0
652.5,0.2,87.24,565.26,1,0
589.69,0.2,32.0,557.69,1,1
622.31,0.2,64.62,557.69,1,0
776.95,0.2,196.57,580.38,1,1
1128.31,1.0,289.59,838.72,5,1
1049.58,0.8,235.73,813.85,4,1
564.33,0.0,92.03,472.31,0,1
596.59,0.2,54.03,542.56,1,1
1340.02,0.6,702.32,637.69,3,1
679.82,0.2,114.57,565.26,1,1
758.68,0.6,90.73,667.95,3,1
596.97,0.2,54.41,542.56,1,0
715.36,0.4,102.54,612.82,2,0
657.31,0.4,59.62,597.69,2,1
868.39,0.8,122.62,745.77,4,1
902.17,0.4,228.84,673.33,2,1
1055.78,1.0,118.73,937.05,5,1
714.79,0.2,141.97,572.82,1,0
702.9,0.2,130.08,572.82,1,1
685.69,0.2,120.43,565.26,1,0
1120.31,1.0,266.46,853.85,5,1
1257.35,1.0,312.73,944.62,5,1
766.94,0.4,123.86,643.08,2,1
640.21,0.2,97.65,542.56,1,0
1118.62,1.0,234.51,884.1,5,1
831.74,0.6,110.84,720.9,3,1
951.96,0.8,145.68,806.28,4,1
1712.68,0.6,1052.3,660.38,3,1
909.88,0.4,259.24,650.64,2,1
572.1,0.0,122.49,449.62,0,1
685.36,0.2,112.54,572.82,1,0
1104.51,1.0,220.41,884.1,5,1
