"Total_Cost","Ratio_Reloc_Prod","Horiz_Cost","Vert_Cost","nReloc","non_Optimal"
258166.5,0.4333,65671.44,192495.11,650,155
549.25,0.0,76.95,472.31,0,0
844.23,0.6,85.51,758.72,3,0
876.08,0.6,140.05,736.03,3,0
716.63,0.2,136.24,580.38,1,0
845.08,0.4,217.14,627.95,2,1
917.35,0.6,188.89,728.46,3,0
628.52,0.2,101.08,527.44,1,1
701.37,0.2,158.81,542.56,1,1
681.34,0.0,224.16,457.18,0,1
839.64,0.6,96.05,743.59,3,0
907.27,0.8,131.24,776.03,4,1
828.23,0.6,122.46,705.77,3,0
624.99,0.2,59.73,565.26,1,0
553.45,0.0,96.27,457.18,0,0
912.0,0.6,168.41,743.59,3,1
802.65,0.6,66.62,736.03,3,1
1068.36,1.0,214.51,853.85,5,1
500.75,0.0,58.7,442.05,0,1
578.28,0.0,105.97,472.31,0,1
1134.51,0.4,544.38,590.13,2,1
564.36,0.0,92.05,472.31,0,0
711.8,0.2,154.11,557.69,1,1
715.92,0.4,148.49,567.44,2,0
941.63,0.8,120.22,821.41,4,1
1195.63,1.0,334.22,861.41,5,0
953.07,0.8,146.78,806.28,4,1
1063.34,0.6,365.14,698.21,3,1
1003.82,0.8,189.97,813.85,4,0
532.85,0.0,68.11,464.74,0,1
638.66,0.2,73.41,565.26,1,1
588.91,0.0,124.16,464.74,0,1
1126.39,0.6,367.68,758.72,3,0
1085.68,0.8,271.84,813.85,4,0
784.0,0.4,148.49,635.51,2,0
650.28,0.2,85.03,565.26,1,0
708.04,0.4,95.22,612.82,2,1
782.53,0.2,217.27,565.26,1,1
744.38,0.4,116.43,627.95,2,0
1160.81,0.6,417.22,743.59,3,1
652.47,0.2,140.16,512.31,1,1
824.44,0.6,103.54,720.9,3,0
673.67,0.2,115.97,557.69,1,0
484.44,0.0,72.65,411.79,0,0
475.41,0.0,40.92,434.49,0,1
1394.68,1.2,440.32,954.36,6,1
674.62,0.0,225.0,449.62,0,1
765.84,0.4,145.46,620.38,2,1
991.15,0.8,184.86,806.28,4,1
844.91,0.6,154.27,690.64,3,1
594.71,0.0,167.78,426.92,0,0
551.35,0.0,116.86,434.49,0,1
865.65,0.6,144.76,720.9,3,0
1027.6,0.8,259.14,768.46,4,1
980.93,0.4,322.73,658.21,2,0
1083.27,0.8,314.81,768.46,4,0
588.95,0.0,109.08,479.87,0,0
905.72,0.4,247.51,658.21,2,0
807.93,0.4,142.16,665.77,2,0
546.42,0.0,89.24,457.18,0,1
776.92,0.4,148.97,627.95,2,0
518.49,0.0,84.0,434.49,0,0
1052.57,0.8,284.11,768.46,4,1
746.98,0.4,119.03,627.95,2,0
1134.29,1.0,250.19,884.1,5,0
684.88,0.4,79.62,605.26,2,1
776.01,0.4,163.19,612.82,2,0
669.65,0.2,127.08,542.56,1,1
1226.53,0.8,427.81,798.72,4,0
926.37,0.6,175.22,751.15,3,1
501.3,0.0,81.95,419.36,0,0
634.2,0.4,74.32,559.87,2,1
711.14,0.4,90.76,620.38,2,1
544.43,0.2,69.95,474.49,1,1
1570.87,1.4,568.95,1001.92,7,1
1074.71,0.8,260.86,813.85,4,0
597.52,0.0,170.59,426.92,0,1
728.26,0.2,170.57,557.69,1,0
848.19,0.6,119.73,728.46,3,1
643.43,0.2,108.43,535.0,1,1
1292.71,0.8,486.43,806.28,4,0
748.45,0.2,198.32,550.13,1,0
583.05,0.0,148.57,434.49,0,0
917.87,0.6,249.92,667.95,3,1
1445.32,0.8,714.68,730.64,4,1
891.11,0.4,210.22,680.9,2,0
1028.47,0.8,222.19,806.28,4,0
967.1,0.6,223.51,743.59,3,0
876.33,0.6,147.86,728.46,3,1
808.37,0.2,250.68,557.69,1,1
636.18,0.2,70.92,565.26,1,0
674.18,0.2,108.92,565.26,1,0
1037.0,0.6,300.97,736.03,3,1
796.99,0.6,91.22,705.77,3,0
1325.02,0.8,480.92,844.1,4,1
916.93,0.4,258.73,658.21,2,0
951.3,0.6,230.41,720.9,3,0
1730.43,1.2,821.46,908.97,6,0
1108.91,0.6,410.7,698.21,3,0
529.19,0.0,87.14,442.05,0,1
603.43,0.2,68.43,535.0,1,1
1188.04,0.8,434.7,753.33,4,1
689.49,0.4,61.54,627.95,2,1
1201.8,0.8,410.65,791.15,4,1
1329.07,1.0,422.27,906.79,5,1
662.83,0.2,105.14,557.69,1,1
538.22,0.0,103.73,434.49,0,1
775.08,0.4,139.57,635.51,2,0
533.09,0.0,106.16,426.92,0,1
625.81,0.2,90.81,535.0,1,1
789.57,0.4,169.19,620.38,2,1
1526.98,1.4,479.68,1047.31,7,0
1313.75,0.6,615.54,698.21,3,1
1058.74,0.8,305.41,753.33,4,1
901.12,0.6,187.78,713.33,3,1
658.52,0.2,131.08,527.44,1,0
803.91,0.4,198.65,605.26,2,1
535.29,0.0,93.24,442.05,0,1
744.01,0.2,231.7,512.31,1,1
585.05,0.0,143.0,442.05,0,0
538.68,0.0,111.76,426.92,0,1
810.93,0.4,190.54,620.38,2,0
832.46,0.6,104.0,728.46,3,0
537.57,0.0,110.65,426.92,0,0
1225.81,0.8,389.27,836.54,4,1
969.5,0.6,271.3,698.21,3,1
1218.92,1.0,349.95,868.97,5,1
1102.34,0.6,396.57,705.77,3,1
586.64,0.0,121.89,464.74,0,0
872.13,0.4,236.62,635.51,2,1
804.21,0.4,153.57,650.64,2,1
880.76,0.6,212.81,667.95,3,0
766.46,0.6,143.89,622.56,3,1
572.8,0.0,123.19,449.62,0,0
606.51,0.0,156.89,449.62,0,0
686.48,0.0,229.3,457.18,0,0
1171.36,0.8,349.95,821.41,4,0
580.67,0.0,123.49,457.18,0,0
650.35,0.2,107.78,542.56,1,1
935.17,0.8,174.27,760.9,4,0
921.81,0.8,153.35,768.46,4,0
703.43,0.4,120.86,582.56,2,1
756.99,0.4,166.86,590.13,2,1
691.91,0.2,126.65,565.26,1,0
949.38,0.4,313.86,635.51,2,0
752.26,0.2,187.0,565.26,1,1
667.31,0.2,109.62,557.69,1,0
957.81,0.4,314.73,643.08,2,0
1401.85,1.0,502.62,899.23,5,0
714.94,0.2,172.38,542.56,1,0
663.24,0.2,128.24,535.0,1,1
722.43,0.4,86.92,635.51,2,0
546.86,0.0,97.24,449.62,0,1
1004.92,0.6,284.03,720.9,3,0
553.39,0.0,88.65,464.74,0,0
656.3,0.2,121.3,535.0,1,1
622.33,0.2,102.46,519.87,1,1
971.74,0.4,351.35,620.38,2,1
753.8,0.2,188.54,565.26,1,0
780.31,0.2,222.62,557.69,1,0
814.48,0.4,156.27,658.21,2,0
779.07,0.2,221.38,557.69,1,0
687.42,0.2,129.73,557.69,1,1
578.14,0.0,98.27,479.87,0,1
723.36,0.2,158.11,565.26,1,0
1378.82,1.2,477.41,901.41,6,0
736.13,0.2,186.0,550.13,1,0
790.47,0.4,170.08,620.38,2,1
1046.38,0.6,378.43,667.95,3,1
881.76,0.6,160.86,720.9,3,0
1103.96,0.8,305.24,798.72,4,1
546.64,0.0,97.03,449.62,0,1
925.96,0.4,267.76,658.21,2,0
965.3,0.8,128.76,836.54,4,0
928.29,0.6,184.7,743.59,3,1
828.01,0.4,207.62,620.38,2,1
694.62,0.2,152.05,542.56,1,0
767.25,0.2,239.81,527.44,1,1
514.7,0.0,80.22,434.49,0,1
959.5,0.6,253.73,705.77,3,1
850.24,0.4,199.59,650.64,2,0
523.99,0.0,66.81,457.18,0,1
1019.45,0.6,260.73,758.72,3,0
735.38,0.4,107.43,627.95,2,0
1595.67,1.0,704.0,891.67,5,0
1395.81,1.2,433.89,961.92,6,0
577.83,0.0,120.65,457.18,0,0
673.49,0.2,146.05,527.44,1,1
964.35,0.6,235.89,728.46,3,1
512.0,0.0,77.51,434.49,0,1
1413.85,0.6,761.03,652.82,3,1
762.28,0.4,141.89,620.38,2,0
796.27,0.4,153.19,643.08,2,1
1552.57,0.8,844.62,707.95,4,1
917.65,0.6,189.19,728.46,3,1
963.02,0.4,319.95,643.08,2,1
903.47,0.4,290.65,612.82,2,1
909.92,0.6,173.89,736.03,3,1
849.14,0.6,128.24,720.9,3,0
446.66,0.0,42.43,404.23,0,1
911.35,0.8,135.32,776.03,4,1
1079.74,0.6,313.46,766.28,3,0
693.91,0.2,128.65,565.26,1,0
809.82,0.2,244.57,565.26,1,0
589.04,0.2,91.86,497.18,1,1
958.58,0.4,345.76,612.82,2,1
878.95,0.2,359.08,519.87,1,1
1181.78,0.8,390.62,791.15,4,0
1471.7,1.0,587.59,884.1,5,0
890.51,0.6,154.49,736.03,3,0
1233.55,0.8,480.22,753.33,4,1
1075.18,0.6,324.03,751.15,3,0
886.98,0.6,166.08,720.9,3,1
780.97,0.4,137.89,643.08,2,0
484.01,0.0,64.65,419.36,0,0
870.33,0.2,342.89,527.44,1,0
1491.79,1.0,577.43,914.36,5,1
785.69,0.4,188.0,597.69,2,1
779.42,0.4,113.65,665.77,2,1
478.0,0.0,43.51,434.49,0,1
985.09,0.8,224.19,760.9,4,1
1025.48,0.6,334.84,690.64,3,0
1336.47,1.2,389.68,946.79,6,1
1171.96,0.6,466.19,705.77,3,1
586.79,0.2,66.92,519.87,1,1
1330.95,0.8,570.05,760.9,4,1
577.67,0.0,128.05,449.62,0,0
977.02,0.6,233.43,743.59,3,1
597.93,0.0,133.19,464.74,0,1
1066.3,0.8,297.84,768.46,4,1
1090.76,0.6,369.86,720.9,3,1
1032.42,0.4,366.65,665.77,2,0
766.13,0.4,123.05,643.08,2,0
686.34,0.2,128.65,557.69,1,1
883.16,0.4,255.22,627.95,2,1
1002.49,1.0,148.65,853.85,5,1
1253.1,0.8,454.38,798.72,4,1
910.87,0.6,258.05,652.82,3,0
982.07,0.6,230.92,751.15,3,1
731.8,0.4,141.68,590.13,2,1
517.61,0.0,60.43,457.18,0,1
958.29,0.4,300.08,658.21,2,0
781.72,0.4,176.46,605.26,2,1
835.91,0.2,285.78,550.13,1,0
1246.11,0.6,510.08,736.03,3,0
1163.36,0.8,341.95,821.41,4,0
924.24,0.6,180.65,743.59,3,1
980.37,0.4,337.3,643.08,2,1
793.6,0.4,173.22,620.38,2,0
977.46,0.6,249.0,728.46,3,0
712.24,0.2,169.68,542.56,1,1
637.66,0.0,172.92,464.74,0,0
872.68,0.6,159.35,713.33,3,1
1067.83,0.8,208.59,859.23,4,0
565.77,0.0,93.46,472.31,0,1
679.61,0.2,114.35,565.26,1,1
699.54,0.2,156.97,542.56,1,1
1152.93,0.4,494.73,658.21,2,0
806.93,0.4,194.11,612.82,2,0
1419.73,1.4,342.16,1077.56,7,0
775.2,0.2,209.95,565.26,1,1
1077.57,0.8,301.54,776.03,4,0
754.88,0.4,157.19,597.69,2,1
594.26,0.0,137.08,457.18,0,0
605.92,0.2,70.92,535.0,1,1
444.71,0.0,32.92,411.79,0,1
942.72,0.8,151.57,791.15,4,0
647.99,0.2,82.73,565.26,1,1
968.15,0.6,277.51,690.64,3,1
1447.59,1.0,571.05,876.54,5,0
565.35,0.2,90.86,474.49,1,1
933.43,0.6,197.41,736.03,3,1
1156.26,0.6,389.97,766.28,3,0
1100.24,0.8,256.14,844.1,4,0
542.13,0.0,84.95,457.18,0,0
1536.61,1.2,604.95,931.67,6,1
779.19,0.2,236.62,542.56,1,1
1002.29,0.6,258.7,743.59,3,0
1168.21,0.8,331.68,836.54,4,0
1271.0,0.8,449.59,821.41,4,0
748.62,0.4,105.54,643.08,2,0
746.77,0.2,181.51,565.26,1,1
662.72,0.2,97.46,565.26,1,1
760.91,0.4,117.84,643.08,2,0
1376.68,1.0,454.76,921.92,5,0
661.75,0.2,104.05,557.69,1,0
784.76,0.4,149.24,635.51,2,1
624.32,0.0,174.7,449.62,0,1
778.1,0.4,119.89,658.21,2,0
612.55,0.0,147.81,464.74,0,0
811.82,0.4,146.05,665.77,2,0
1000.28,0.6,286.95,713.33,3,0
872.4,0.4,229.32,643.08,2,0
578.26,0.0,121.08,457.18,0,0
856.96,0.4,244.14,612.82,2,1
902.99,0.4,297.73,605.26,2,0
1458.96,0.8,607.3,851.67,4,0
1098.63,0.8,277.22,821.41,4,1
687.63,0.2,122.38,565.26,1,0
852.31,0.4,194.11,658.21,2,0
807.94,0.4,164.86,643.08,2,0
