"Total_Cost","Ratio_Reloc_Prod","Horiz_Cost","Vert_Cost","nReloc","non_Optimal"
264439.51,0.788,51466.24,212973.21,1182,198
861.26,1.0,90.62,770.64,5,1
864.74,0.8,171.92,692.82,4,0
525.73,0.2,58.81,466.92,1,0
1310.61,1.6,359.46,951.15,8,1
681.36,0.4,121.49,559.87,2,1
438.62,0.0,49.51,389.1,0,0
911.63,0.8,211.24,700.38,4,1
535.84,0.2,68.92,466.92,1,0
517.99,0.0,113.76,404.23,0,0
1146.9,1.2,313.57,833.33,6,1
771.83,0.6,134.14,637.69,3,0
1160.96,1.4,249.81,911.15,7,1
839.97,0.6,224.97,615.0,3,1
749.18,0.6,103.92,645.26,3,1
969.33,1.0,221.38,747.95,5,1
760.42,0.6,168.11,592.31,3,0
1002.03,1.0,246.51,755.51,5,1
678.56,0.4,148.95,529.62,2,0
952.69,1.0,174.49,778.21,5,1
618.13,0.2,136.08,482.05,1,0
659.13,0.4,137.08,522.05,2,0
465.15,0.0,60.92,404.23,0,0
773.99,0.6,143.86,630.13,3,1
762.29,0.6,139.73,622.56,3,0
692.25,0.6,84.81,607.44,3,0
899.21,1.0,128.57,770.64,5,1
836.29,0.8,166.16,670.13,4,1
995.38,1.2,139.35,856.03,6,1
666.7,0.4,144.65,522.05,2,0
1061.51,1.4,150.35,911.15,7,1
868.22,0.8,160.27,707.95,4,1
1324.04,1.6,304.81,1019.23,8,1
932.46,1.0,169.38,763.08,5,1
810.85,0.6,165.59,645.26,3,1
1284.56,1.6,227.51,1057.05,8,1
1486.88,1.8,359.57,1127.31,9,1
792.68,0.6,132.3,660.38,3,1
1106.24,1.4,157.27,948.97,7,1
546.58,0.2,49.41,497.18,1,0
747.13,0.6,124.57,622.56,3,0
947.55,1.0,161.78,785.77,5,1
1515.58,2.0,348.27,1167.31,10,1
882.83,1.0,119.76,763.08,5,1
745.09,0.4,200.35,544.74,2,0
1019.96,1.2,194.19,825.77,6,1
496.87,0.0,69.95,426.92,0,0
1363.53,2.0,203.78,1159.74,10,1
753.99,0.6,108.73,645.26,3,0
686.23,0.4,149.05,537.18,2,0
1112.49,1.2,256.46,856.03,6,1
854.88,0.6,262.57,592.31,3,1
972.83,1.0,141.68,831.15,5,1
934.05,0.8,218.54,715.51,4,1
862.78,0.6,232.65,630.13,3,1
1055.05,1.2,183.89,871.15,6,1
1461.72,2.2,201.46,1260.26,11,1
1221.02,1.4,302.3,918.72,7,1
514.67,0.0,125.57,389.1,0,0
763.01,0.6,117.76,645.26,3,0
923.6,1.0,130.27,793.33,5,1
465.19,0.0,30.7,434.49,0,0
1180.85,1.4,254.57,926.28,7,1
954.55,1.0,168.78,785.77,5,1
852.08,0.8,136.57,715.51,4,0
2403.86,1.8,1193.35,1210.51,9,1
460.61,0.0,48.81,411.79,0,0
835.26,0.8,165.14,670.13,4,1
575.67,0.2,93.62,482.05,1,0
630.15,0.4,77.84,552.31,2,0
1083.74,1.4,157.46,926.28,7,1
1228.72,1.4,310.0,918.72,7,1
556.41,0.2,81.92,474.49,1,0
1241.42,1.8,129.24,1112.18,9,1
921.68,1.0,128.35,793.33,5,1
665.08,0.4,97.65,567.44,2,1
1057.95,1.4,116.54,941.41,7,1
1325.9,1.4,384.49,941.41,7,1
985.83,1.2,122.24,863.59,6,1
1177.9,1.4,251.62,926.28,7,1
765.09,0.6,172.78,592.31,3,0
1116.02,1.2,297.81,818.21,6,1
1052.06,1.2,218.73,833.33,6,1
647.19,0.4,125.14,522.05,2,0
1089.74,1.4,163.46,926.28,7,1
1047.28,1.0,261.51,785.77,5,1
701.66,0.4,156.92,544.74,2,1
1516.69,1.8,389.38,1127.31,9,1
750.23,0.6,165.49,584.74,3,0
1466.77,1.2,519.97,946.79,6,1
747.22,0.6,86.84,660.38,3,1
755.53,0.6,110.27,645.26,3,1
726.39,0.4,166.51,559.87,2,1
698.0,0.4,130.57,567.44,2,0
612.05,0.2,137.57,474.49,1,0
1170.88,1.2,284.59,886.28,6,1
846.52,0.6,254.22,592.31,3,0
484.77,0.0,88.11,396.67,0,0
975.58,1.0,189.81,785.77,5,1
795.47,0.6,135.08,660.38,3,1
1028.25,0.8,327.86,700.38,4,1
574.11,0.2,92.05,482.05,1,0
566.5,0.2,69.32,497.18,1,1
713.51,0.6,90.95,622.56,3,1
1025.27,1.0,269.76,755.51,5,1
897.81,0.8,174.73,723.08,4,1
903.15,0.8,172.51,730.64,4,1
487.88,0.0,83.65,404.23,0,0
798.6,0.6,145.78,652.82,3,1
1001.37,1.2,122.65,878.72,6,1
831.18,0.8,100.54,730.64,4,1
859.61,0.8,113.84,745.77,4,1
713.47,0.6,68.22,645.26,3,0
877.59,0.8,162.08,715.51,4,1
1218.73,1.4,277.32,941.41,7,1
858.31,0.6,160.11,698.21,3,0
654.65,0.4,79.65,575.0,2,1
652.29,0.4,69.73,582.56,2,1
954.91,1.0,123.76,831.15,5,1
1016.64,1.2,137.92,878.72,6,1
648.01,0.2,188.65,459.36,1,1
933.57,0.8,218.05,715.51,4,1
747.87,0.6,95.05,652.82,3,1
1133.59,1.2,262.43,871.15,6,1
645.99,0.2,156.38,489.62,1,0
938.63,1.0,137.73,800.9,5,1
899.14,0.8,206.32,692.82,4,1
761.34,0.6,123.65,637.69,3,0
588.19,0.2,121.27,466.92,1,0
841.16,0.8,125.65,715.51,4,0
685.9,0.4,133.59,552.31,2,1
520.19,0.2,45.7,474.49,1,0
470.73,0.0,43.81,426.92,0,0
1418.86,1.4,454.76,964.1,7,1
519.99,0.0,115.76,404.23,0,1
1106.98,1.0,298.51,808.46,5,1
818.4,0.8,95.32,723.08,4,0
1040.9,1.2,147.05,893.85,6,1
1240.32,1.6,183.27,1057.05,8,1
840.3,0.8,124.78,715.51,4,1
729.01,0.4,169.14,559.87,2,0
1035.27,1.2,171.68,863.59,6,1
1008.8,1.0,223.03,785.77,5,1
935.54,0.8,227.59,707.95,4,1
834.35,0.6,151.27,683.08,3,1
1103.37,1.4,184.65,918.72,7,1
729.43,0.6,114.43,615.0,3,1
999.81,1.0,176.22,823.59,5,1
748.92,0.4,173.92,575.0,2,1
748.55,0.6,95.73,652.82,3,0
773.01,0.6,127.76,645.26,3,1
915.66,1.0,122.32,793.33,5,1
1039.2,1.2,145.35,893.85,6,1
1150.69,1.2,264.41,886.28,6,1
720.74,0.4,176.0,544.74,2,0
883.32,0.8,167.81,715.51,4,1
1014.45,1.0,236.24,778.21,5,1
1020.77,1.2,142.05,878.72,6,1
1151.42,1.4,172.19,979.23,7,1
1088.4,1.4,131.86,956.54,7,1
486.97,0.0,44.92,442.05,0,0
895.38,0.8,179.86,715.51,4,1
491.96,0.0,87.73,404.23,0,0
1153.33,1.2,259.49,893.85,6,1
899.15,1.0,120.95,778.21,5,1
968.12,1.0,174.78,793.33,5,1
769.58,0.6,116.76,652.82,3,0
1040.7,1.2,124.16,916.54,6,1
775.99,0.6,145.86,630.13,3,1
1127.5,1.4,148.27,979.23,7,1
1122.9,1.2,229.05,893.85,6,1
486.77,0.0,82.54,404.23,0,0
669.96,0.4,117.65,552.31,2,0
764.52,0.6,104.14,660.38,3,1
858.34,0.8,120.14,738.21,4,1
1469.2,2.0,233.81,1235.38,10,1
991.07,1.0,205.3,785.77,5,1
500.37,0.0,111.27,389.1,0,0
693.4,0.4,163.78,529.62,2,0
884.67,0.6,246.97,637.69,3,1
823.63,0.6,178.38,645.26,3,1
1236.27,1.4,287.3,948.97,7,1
850.46,0.8,134.95,715.51,4,0
884.7,0.8,169.19,715.51,4,1
752.78,0.6,122.65,630.13,3,1
685.45,0.4,148.27,537.18,2,0
1034.62,1.0,218.59,816.03,5,1
576.41,0.2,101.92,474.49,1,0
942.29,1.0,164.08,778.21,5,1
671.22,0.4,111.35,559.87,2,0
727.69,0.4,190.51,537.18,2,0
833.18,0.8,102.54,730.64,4,1
602.27,0.2,135.35,466.92,1,0
1201.07,1.6,189.41,1011.67,8,1
1016.65,1.0,261.14,755.51,5,1
740.52,0.6,133.08,607.44,3,0
750.81,0.4,175.81,575.0,2,0
1358.42,1.6,331.62,1026.79,8,1
799.4,0.6,169.27,630.13,3,0
898.07,0.8,212.81,685.26,4,0
1066.1,1.0,227.38,838.72,5,1
599.84,0.2,117.78,482.05,1,0
609.6,0.2,142.68,466.92,1,0
644.65,0.4,77.22,567.44,2,1
778.03,0.6,117.65,660.38,3,0
934.66,0.8,241.84,692.82,4,1
670.63,0.4,110.76,559.87,2,0
705.42,0.4,153.11,552.31,2,1
847.49,0.6,240.05,607.44,3,1
1380.93,1.8,253.62,1127.31,9,1
862.1,0.6,231.97,630.13,3,1
830.67,0.8,115.16,715.51,4,0
870.23,0.8,124.46,745.77,4,1
463.3,0.0,28.81,434.49,0,0
524.91,0.0,67.73,457.18,0,0
1158.43,1.4,141.38,1017.05,7,1
1701.99,2.0,557.38,1144.62,10,1
1115.44,1.2,221.59,893.85,6,1
743.02,0.6,120.46,622.56,3,0
963.27,1.0,139.68,823.59,5,1
1032.62,1.0,216.59,816.03,5,1
465.31,0.0,53.51,411.79,0,0
627.3,0.2,152.81,474.49,1,0
815.12,0.8,129.86,685.26,4,1
1186.75,1.4,230.22,956.54,7,1
914.67,1.0,98.65,816.03,5,1
521.58,0.0,117.35,404.23,0,0
478.49,0.0,44.0,434.49,0,0
699.25,0.4,139.38,559.87,2,0
827.12,0.8,141.86,685.26,4,1
812.5,0.8,127.24,685.26,4,1
1010.65,1.0,194.62,816.03,5,1
1343.89,1.6,279.27,1064.62,8,1
562.81,0.2,80.76,482.05,1,0
503.92,0.0,69.43,434.49,0,0
1003.44,1.2,102.03,901.41,6,1
812.33,0.6,144.38,667.95,3,1
958.95,1.0,158.05,800.9,5,1
859.43,0.8,136.35,723.08,4,1
840.1,0.6,217.54,622.56,3,1
784.51,0.6,154.38,630.13,3,1
931.64,1.0,168.57,763.08,5,1
1049.94,1.2,178.78,871.15,6,1
466.34,0.0,62.11,404.23,0,0
1181.88,1.6,162.65,1019.23,8,1
682.7,0.4,100.14,582.56,2,0
682.36,0.4,130.05,552.31,2,0
779.12,0.6,133.86,645.26,3,1
1321.64,1.6,241.89,1079.74,8,1
885.27,0.8,169.76,715.51,4,1
855.92,0.8,147.97,707.95,4,1
892.31,0.8,199.49,692.82,4,1
601.41,0.2,142.05,459.36,1,0
733.14,0.6,80.32,652.82,3,0
1169.23,1.4,190.0,979.23,7,1
772.16,0.6,157.16,615.0,3,0
1050.22,1.2,156.38,893.85,6,1
669.85,0.4,117.54,552.31,2,0
829.24,0.8,113.73,715.51,4,1
762.49,0.6,94.54,667.95,3,0
870.05,0.8,146.97,723.08,4,1
994.76,1.0,186.3,808.46,5,1
746.07,0.6,168.89,577.18,3,0
787.12,0.6,141.86,645.26,3,0
514.69,0.0,110.46,404.23,0,0
1150.93,1.4,232.22,918.72,7,1
821.02,0.8,82.81,738.21,4,1
820.16,0.6,197.59,622.56,3,1
919.06,1.0,118.16,800.9,5,1
563.89,0.2,81.84,482.05,1,0
1107.17,1.4,173.32,933.85,7,0
957.69,1.0,179.49,778.21,5,1
680.42,0.4,82.73,597.69,2,1
597.29,0.2,115.24,482.05,1,0
2665.1,2.0,1459.97,1205.13,10,1
550.95,0.2,84.03,466.92,1,0
1167.96,1.4,249.24,918.72,7,1
1246.27,1.2,390.24,856.03,6,1
463.96,0.0,59.73,404.23,0,0
463.79,0.0,52.0,411.79,0,0
570.37,0.2,65.62,504.74,1,0
1016.6,1.2,107.62,908.97,6,1
824.22,0.6,156.27,667.95,3,0
835.51,0.8,104.86,730.64,4,1
1125.29,1.0,301.7,823.59,5,1
1041.02,1.4,137.43,903.59,7,1
1073.44,1.0,287.68,785.77,5,1
1146.5,1.0,353.16,793.33,5,1
1157.98,1.6,176.57,981.41,8,1
1013.6,0.8,260.27,753.33,4,1
1023.55,1.2,122.14,901.41,6,1
815.15,0.6,169.89,645.26,3,1
804.94,0.6,174.81,630.13,3,1
1106.21,1.2,235.05,871.15,6,1
707.93,0.4,163.19,544.74,2,1
554.62,0.2,80.14,474.49,1,0
1167.59,1.4,256.43,911.15,7,1
1035.53,1.2,149.24,886.28,6,1
979.44,1.2,78.03,901.41,6,1
715.27,0.4,140.27,575.0,2,1
622.66,0.2,170.86,451.79,1,0
