"Total_Cost","Ratio_Reloc_Prod","Horiz_Cost","Vert_Cost","nReloc","non_Optimal"
228160.52,0.5007,32381.97,195778.61,751,150
1345.61,0.3,144.84,1200.77,3,1
1182.19,0.1,159.76,1022.44,1,1
1298.99,0.3,173.86,1125.13,3,1
1246.82,0.2,146.57,1100.26,2,1
1733.7,0.7,282.16,1451.54,7,1
1590.16,0.6,186.19,1403.97,6,1
1642.01,0.7,167.78,1474.23,7,1
1849.96,0.9,182.27,1667.69,9,1
1232.1,0.2,146.97,1085.13,2,1
1294.11,0.4,98.73,1195.38,4,1
1430.41,0.4,182.08,1248.33,4,1
1842.93,0.8,328.7,1514.23,8,1
1776.86,0.7,310.19,1466.67,7,1
1615.2,0.6,233.92,1381.28,6,1
1226.86,0.2,156.86,1070.0,2,1
1340.54,0.2,217.59,1122.95,2,1
1471.39,0.4,177.68,1293.72,4,1
1418.45,0.5,145.24,1273.21,5,1
1183.76,0.2,121.32,1062.44,2,1
1241.07,0.2,155.95,1085.13,2,1
1889.67,0.9,221.97,1667.69,9,1
1205.51,0.2,127.95,1077.56,2,1
1215.16,0.2,145.16,1070.0,2,1
1722.12,0.8,192.76,1529.36,8,1
1393.72,0.4,152.95,1240.77,4,1
1435.95,0.4,180.05,1255.9,4,1
1417.97,0.4,146.95,1271.03,4,1
1471.26,0.5,190.49,1280.77,5,1
1299.88,0.3,167.19,1132.69,3,1
1262.73,0.3,145.16,1117.56,3,1
2099.97,1.0,399.84,1700.13,10,1
1585.23,0.5,251.51,1333.72,5,1
1873.29,1.0,226.11,1647.18,10,1
1689.67,0.7,238.14,1451.54,7,1
1357.33,0.3,194.38,1162.95,3,1
1383.71,0.4,180.76,1202.95,4,1
1351.99,0.4,179.3,1172.69,4,1
1331.61,0.4,151.35,1180.26,4,1
1558.34,0.5,292.7,1265.64,5,1
1627.98,0.6,246.7,1381.28,6,1
1876.01,0.7,386.65,1489.36,7,1
1777.6,0.8,248.24,1529.36,8,1
1422.79,0.4,174.46,1248.33,4,1
1493.44,0.4,237.54,1255.9,4,1
1579.94,0.6,228.92,1351.03,6,1
1819.98,0.7,270.11,1549.87,7,1
1454.85,0.4,206.51,1248.33,4,1
1458.87,0.5,170.54,1288.33,5,1
1508.79,0.5,212.89,1295.9,5,1
1813.81,0.8,314.7,1499.1,8,1
1722.89,0.7,203.27,1519.62,7,1
1356.79,0.3,201.41,1155.38,3,1
1335.15,0.4,162.46,1172.69,4,1
1377.12,0.4,196.86,1180.26,4,1
1573.57,0.5,262.54,1311.03,5,1
1422.02,0.4,188.81,1233.21,4,1
1008.72,0.1,84.62,924.1,1,1
1377.72,0.2,277.46,1100.26,2,1
932.39,0.0,86.11,846.28,0,1
1667.06,0.5,310.65,1356.41,5,1
1582.27,0.5,271.24,1311.03,5,1
1126.61,0.2,94.43,1032.18,2,1
1464.2,0.4,276.38,1187.82,4,1
1622.61,0.6,241.32,1381.28,6,1
1708.49,0.6,312.08,1396.41,6,1
1768.98,0.7,272.05,1496.92,7,1
1113.42,0.1,121.24,992.18,1,1
1997.99,1.0,297.86,1700.13,10,1
1379.85,0.3,232.03,1147.82,3,1
1836.6,0.9,252.11,1584.49,9,1
1249.02,0.3,184.41,1064.62,3,1
1392.24,0.5,134.16,1258.08,5,1
1704.03,0.8,227.62,1476.41,8,1
1569.13,0.6,218.11,1351.03,6,1
1619.21,0.6,207.68,1411.54,6,1
1726.8,0.8,212.57,1514.23,8,1
2007.93,1.0,285.11,1722.82,10,1
1376.72,0.3,191.08,1185.64,3,1
1352.5,0.4,164.68,1187.82,4,1
1667.21,0.7,215.68,1451.54,7,1
1623.86,0.5,305.27,1318.59,5,1
1446.3,0.4,243.35,1202.95,4,1
1737.98,0.7,301.57,1436.41,7,1
1863.49,0.8,258.49,1605.0,8,1
1876.42,0.9,269.24,1607.18,9,1
2150.67,1.2,249.51,1901.15,12,1
1663.24,0.6,244.14,1419.1,6,1
1783.79,0.8,254.43,1529.36,8,1
1256.08,0.3,153.65,1102.44,3,1
1557.13,0.4,346.62,1210.51,4,1
1642.82,0.6,246.41,1396.41,6,1
1320.81,0.3,157.86,1162.95,3,1
1241.21,0.3,123.65,1117.56,3,1
1538.42,0.6,172.27,1366.15,6,1
1118.05,0.1,148.57,969.49,1,1
1632.69,0.4,331.41,1301.28,4,1
2065.56,1.0,297.35,1768.21,10,1
1432.07,0.4,191.3,1240.77,4,1
1453.87,0.5,157.97,1295.9,5,1
1881.26,0.8,314.08,1567.18,8,1
2113.65,1.1,343.27,1770.38,11,1
1600.8,0.5,274.65,1326.15,5,1
1426.85,0.5,138.51,1288.33,5,1
1416.65,0.3,246.14,1170.51,3,1
1470.53,0.4,237.32,1233.21,4,1
1631.5,0.6,250.22,1381.28,6,1
1677.95,0.7,241.54,1436.41,7,1
1360.99,0.3,175.35,1185.64,3,1
1616.45,0.5,290.3,1326.15,5,1
1432.34,0.4,191.57,1240.77,4,1
1957.08,1.0,264.51,1692.56,10,1
1674.51,0.6,262.97,1411.54,6,1
1019.91,0.0,128.24,891.67,0,1
1166.67,0.2,142.05,1024.62,2,1
1457.03,0.3,294.08,1162.95,3,1
1351.32,0.3,241.32,1110.0,3,1
1492.75,0.5,174.16,1318.59,5,1
1097.83,0.1,113.22,984.62,1,1
1230.23,0.1,238.05,992.18,1,1
1586.22,0.5,282.76,1303.46,5,1
1291.38,0.3,181.38,1110.0,3,1
1572.02,0.5,238.3,1333.72,5,1
1601.13,0.6,242.54,1358.59,6,1
1595.11,0.5,291.65,1303.46,5,1
1707.7,0.6,243.22,1464.49,6,1
1708.28,0.7,279.43,1428.85,7,1
1469.74,0.5,188.97,1280.77,5,1
1148.12,0.2,168.89,979.23,2,1
1396.06,0.4,208.24,1187.82,4,1
1695.92,0.7,251.95,1443.97,7,1
1497.88,0.4,272.24,1225.64,4,1
1800.8,0.8,226.05,1574.74,8,1
1517.19,0.5,213.73,1303.46,5,1
1359.78,0.4,134.14,1225.64,4,1
1462.1,0.4,228.89,1233.21,4,1
1458.03,0.5,154.57,1303.46,5,1
1745.45,0.7,286.35,1459.1,7,1
1259.41,0.2,189.41,1070.0,2,1
1543.66,0.5,202.38,1341.28,5,1
1567.92,0.6,163.95,1403.97,6,1
1366.17,0.4,170.78,1195.38,4,1
1493.6,0.5,205.27,1288.33,5,1
1172.45,0.2,147.84,1024.62,2,1
1532.41,0.5,236.51,1295.9,5,1
1706.68,0.7,202.19,1504.49,7,1
1893.42,0.8,311.11,1582.31,8,1
1684.62,0.6,280.65,1403.97,6,1
1515.74,0.5,174.46,1341.28,5,1
1815.05,0.8,270.57,1544.49,8,1
1134.19,0.2,132.27,1001.92,2,1
