"Total_Cost","Ratio_Reloc_Prod","Horiz_Cost","Vert_Cost","nReloc","non_Optimal"
236058.63,0.4233,46455.47,189603.01,635,300
659.11,0.2,78.73,580.38,1,1
590.35,0.0,95.35,495.0,0,1
766.71,0.4,138.76,627.95,2,1
796.25,0.4,115.35,680.9,2,1
610.3,0.0,122.86,487.44,0,1
785.4,0.4,142.32,643.08,2,1
685.18,0.2,127.49,557.69,1,1
877.74,0.6,164.41,713.33,3,1
1179.67,1.4,155.05,1024.62,7,1
865.12,0.6,166.92,698.21,3,1
1271.14,1.4,276.78,994.36,7,1
1134.42,1.2,195.19,939.23,6,1
508.37,0.0,43.62,464.74,0,1
813.95,0.4,178.43,635.51,2,1
776.57,0.4,141.05,635.51,2,1
514.96,0.0,50.22,464.74,0,1
912.18,0.8,121.03,791.15,4,1
988.04,0.8,181.76,806.28,4,1
829.55,0.6,116.22,713.33,3,1
1065.64,0.8,274.49,791.15,4,1
781.28,0.4,160.89,620.38,2,1
859.19,0.6,183.68,675.51,3,1
872.64,0.6,129.05,743.59,3,1
556.75,0.0,99.57,457.18,0,1
798.13,0.4,147.49,650.64,2,1
1076.19,0.8,254.78,821.41,4,1
899.75,0.6,201.54,698.21,3,1
718.67,0.2,168.54,550.13,1,1
732.34,0.2,167.08,565.26,1,1
629.93,0.2,125.19,504.74,1,1
520.81,0.0,86.32,434.49,0,1
873.34,0.6,182.7,690.64,3,1
1043.49,0.6,307.46,736.03,3,1
712.16,0.2,162.03,550.13,1,1
555.78,0.0,121.3,434.49,0,1
926.19,0.8,150.16,776.03,4,1
547.17,0.0,120.24,426.92,0,1
825.93,0.4,213.11,612.82,2,1
654.11,0.2,126.68,527.44,1,1
832.28,0.4,227.03,605.26,2,1
662.53,0.2,104.84,557.69,1,1
698.85,0.2,141.16,557.69,1,1
443.2,0.0,31.41,411.79,0,1
997.54,0.6,261.51,736.03,3,1
775.71,0.4,162.89,612.82,2,1
755.99,0.4,105.35,650.64,2,1
1156.17,1.0,249.38,906.79,5,1
802.06,0.4,181.68,620.38,2,1
637.94,0.2,80.24,557.69,1,1
718.89,0.2,183.89,535.0,1,1
846.11,0.4,225.73,620.38,2,1
687.47,0.2,114.65,572.82,1,1
820.7,0.6,130.05,690.64,3,1
710.0,0.4,82.05,627.95,2,1
692.19,0.2,157.19,535.0,1,1
878.33,0.6,165.0,713.33,3,1
610.85,0.0,146.11,464.74,0,1
542.92,0.0,108.43,434.49,0,1
888.05,0.8,112.03,776.03,4,1
637.65,0.2,102.65,535.0,1,1
811.32,0.4,175.81,635.51,2,1
1236.76,1.0,314.84,921.92,5,1
740.62,0.4,112.68,627.95,2,1
705.01,0.2,139.76,565.26,1,1
747.07,0.2,189.38,557.69,1,1
874.72,0.4,224.08,650.64,2,1
895.56,0.6,197.35,698.21,3,1
659.75,0.2,102.05,557.69,1,1
507.62,0.0,73.14,434.49,0,1
772.98,0.4,152.59,620.38,2,1
513.46,0.0,86.54,426.92,0,1
714.02,0.2,156.32,557.69,1,1
1050.26,0.8,259.11,791.15,4,1
629.32,0.2,94.32,535.0,1,1
585.23,0.0,128.05,457.18,0,1
565.24,0.0,115.62,449.62,0,1
770.52,0.4,157.7,612.82,2,1
758.24,0.4,175.68,582.56,2,1
766.98,0.4,154.16,612.82,2,1
853.37,0.6,155.16,698.21,3,1
915.4,0.6,171.81,743.59,3,1
916.94,0.6,226.3,690.64,3,1
442.2,0.0,30.41,411.79,0,1
684.86,0.2,142.3,542.56,1,1
859.96,0.4,262.27,597.69,2,1
578.04,0.0,120.86,457.18,0,1
944.61,0.8,153.46,791.15,4,1
567.34,0.0,110.16,457.18,0,1
547.83,0.0,90.65,457.18,0,1
908.37,0.8,117.22,791.15,4,1
1002.49,0.8,181.08,821.41,4,1
661.6,0.2,134.16,527.44,1,1
867.67,0.8,76.51,791.15,4,1
1256.54,1.2,287.05,969.49,6,1
746.21,0.4,103.14,643.08,2,1
624.1,0.2,81.54,542.56,1,1
698.43,0.4,62.92,635.51,2,1
1457.18,1.6,316.92,1140.26,8,1
595.59,0.0,145.97,449.62,0,1
544.1,0.0,86.92,457.18,0,1
652.12,0.2,94.43,557.69,1,1
821.1,0.6,130.46,690.64,3,1
662.02,0.2,104.32,557.69,1,1
467.09,0.0,47.73,419.36,0,1
769.32,0.4,126.24,643.08,2,1
762.95,0.4,142.57,620.38,2,1
564.55,0.0,145.19,419.36,0,1
970.88,0.6,219.73,751.15,3,1
558.69,0.0,93.95,464.74,0,1
665.85,0.2,108.16,557.69,1,1
1177.92,1.0,301.38,876.54,5,1
742.55,0.2,177.3,565.26,1,1
563.56,0.0,106.38,457.18,0,1
586.31,0.2,74.0,512.31,1,1
932.39,0.6,219.05,713.33,3,1
880.8,0.6,182.59,698.21,3,1
686.77,0.4,73.95,612.82,2,1
604.38,0.0,162.32,442.05,0,1
896.25,0.8,135.35,760.9,4,1
573.86,0.0,116.68,457.18,0,1
738.5,0.4,133.24,605.26,2,1
722.96,0.4,117.7,605.26,2,1
966.76,0.8,198.3,768.46,4,1
603.56,0.0,146.38,457.18,0,1
724.48,0.2,181.92,542.56,1,1
836.43,0.4,200.92,635.51,2,1
710.98,0.4,83.03,627.95,2,1
553.33,0.0,118.84,434.49,0,1
673.54,0.2,130.97,542.56,1,1
683.85,0.2,126.16,557.69,1,1
860.22,0.6,131.76,728.46,3,1
710.67,0.2,152.97,557.69,1,1
540.6,0.0,106.11,434.49,0,1
619.51,0.2,76.95,542.56,1,1
678.21,0.2,128.08,550.13,1,1
1094.28,1.0,195.05,899.23,5,1
1113.29,1.0,221.62,891.67,5,1
1161.69,1.2,161.95,999.74,6,1
659.66,0.2,147.35,512.31,1,1
1210.21,1.0,333.68,876.54,5,1
1144.73,0.8,315.76,828.97,4,1
668.78,0.2,118.65,550.13,1,1
761.85,0.2,196.59,565.26,1,1
667.92,0.2,125.35,542.56,1,1
1225.71,1.2,263.78,961.92,6,1
942.25,0.8,181.35,760.9,4,1
1188.05,1.0,303.95,884.1,5,1
843.49,0.6,115.03,728.46,3,1
803.34,0.4,137.57,665.77,2,1
560.04,0.0,102.86,457.18,0,1
636.62,0.2,94.05,542.56,1,1
873.23,0.6,159.89,713.33,3,1
860.88,0.6,162.68,698.21,3,1
881.88,0.4,231.24,650.64,2,1
652.61,0.2,94.92,557.69,1,1
665.07,0.2,114.95,550.13,1,1
456.28,0.0,36.92,419.36,0,1
652.27,0.2,117.27,535.0,1,1
865.94,0.8,135.3,730.64,4,1
598.53,0.0,133.78,464.74,0,1
796.66,0.4,138.46,658.21,2,1
660.16,0.2,125.16,535.0,1,1
659.24,0.2,109.11,550.13,1,1
632.91,0.2,128.16,504.74,1,1
963.24,0.8,187.22,776.03,4,1
831.7,0.6,103.24,728.46,3,1
549.89,0.0,100.27,449.62,0,1
1001.15,0.8,210.0,791.15,4,1
748.64,0.2,198.51,550.13,1,1
568.92,0.0,134.43,434.49,0,1
598.42,0.2,93.68,504.74,1,1
1126.2,1.0,272.35,853.85,5,1
771.95,0.6,96.43,675.51,3,1
546.64,0.0,97.03,449.62,0,1
1221.81,1.0,299.89,921.92,5,1
540.8,0.0,76.05,464.74,0,1
696.98,0.4,84.16,612.82,2,1
795.15,0.4,136.95,658.21,2,1
491.65,0.0,64.73,426.92,0,1
1017.86,0.8,241.84,776.03,4,1
809.46,0.4,181.51,627.95,2,1
932.56,0.6,188.97,743.59,3,1
562.73,0.0,128.24,434.49,0,1
806.76,0.4,178.81,627.95,2,1
616.37,0.2,111.62,504.74,1,1
588.04,0.2,75.73,512.31,1,1
856.43,0.4,220.92,635.51,2,1
750.79,0.4,137.97,612.82,2,1
942.02,0.6,183.3,758.72,3,1
1055.39,0.8,249.11,806.28,4,1
524.05,0.0,89.57,434.49,0,1
903.64,0.8,120.05,783.59,4,1
1011.89,0.8,235.86,776.03,4,1
779.82,0.4,114.05,665.77,2,1
916.5,0.6,157.78,758.72,3,1
541.88,0.0,77.14,464.74,0,1
1027.68,0.8,259.22,768.46,4,1
1041.46,0.6,313.0,728.46,3,1
862.74,0.6,141.84,720.9,3,1
932.76,0.6,196.73,736.03,3,1
863.05,0.4,227.54,635.51,2,1
803.13,0.4,167.62,635.51,2,1
893.99,0.4,243.35,650.64,2,1
682.12,0.2,116.86,565.26,1,1
1109.53,1.0,225.43,884.1,5,1
608.06,0.2,80.62,527.44,1,1
936.39,0.6,230.62,705.77,3,1
694.38,0.2,159.38,535.0,1,1
473.93,0.0,62.14,411.79,0,1
625.96,0.2,113.65,512.31,1,1
432.5,0.0,20.7,411.79,0,1
686.62,0.4,104.05,582.56,2,1
967.03,0.8,198.57,768.46,4,1
819.89,0.4,184.38,635.51,2,1
978.4,0.6,227.24,751.15,3,1
677.24,0.2,134.68,542.56,1,1
764.09,0.4,151.27,612.82,2,1
646.76,0.2,111.76,535.0,1,1
965.69,0.8,166.97,798.72,4,1
766.9,0.4,146.51,620.38,2,1
849.61,0.4,198.97,650.64,2,1
626.7,0.2,91.7,535.0,1,1
765.77,0.4,107.57,658.21,2,1
1202.68,0.8,381.27,821.41,4,1
804.58,0.4,199.32,605.26,2,1
765.09,0.4,152.27,612.82,2,1
868.98,0.8,115.65,753.33,4,1
828.92,0.6,160.97,667.95,3,1
441.2,0.0,29.41,411.79,0,1
436.61,0.0,24.81,411.79,0,1
436.61,0.0,24.81,411.79,0,1
764.41,0.6,104.03,660.38,3,1
434.5,0.0,22.7,411.79,0,1
595.98,0.2,68.54,527.44,1,1
652.88,0.4,47.62,605.26,2,1
472.17,0.0,52.81,419.36,0,1
730.56,0.4,132.86,597.69,2,1
718.52,0.4,151.08,567.44,2,1
733.01,0.4,127.76,605.26,2,1
791.08,0.2,256.08,535.0,1,1
497.41,0.0,62.92,434.49,0,1
1063.57,0.8,234.59,828.97,4,1
555.23,0.0,82.92,472.31,0,1
971.1,0.8,179.95,791.15,4,1
571.02,0.0,113.84,457.18,0,1
849.8,0.6,151.59,698.21,3,1
1150.79,1.0,236.43,914.36,5,1
786.06,0.4,165.68,620.38,2,1
948.82,0.6,243.05,705.77,3,1
869.36,0.6,148.46,720.9,3,1
1000.02,0.8,201.3,798.72,4,1
947.68,0.8,179.22,768.46,4,1
1090.6,0.8,276.76,813.85,4,1
1057.87,0.8,244.03,813.85,4,1
874.43,0.6,198.92,675.51,3,1
1073.8,1.0,227.51,846.28,5,1
1081.3,0.6,352.84,728.46,3,1
623.7,0.0,181.65,442.05,0,1
1013.89,0.8,237.86,776.03,4,1
856.64,0.6,173.57,683.08,3,1
643.74,0.2,123.86,519.87,1,1
774.46,0.4,131.38,643.08,2,1
1117.18,1.0,233.08,884.1,5,1
913.43,0.6,184.97,728.46,3,1
980.75,0.8,189.59,791.15,4,1
1192.26,1.2,253.03,939.23,6,1
786.79,0.2,266.92,519.87,1,1
722.53,0.4,117.27,605.26,2,1
503.76,0.0,76.84,426.92,0,1
680.4,0.2,130.27,550.13,1,1
924.81,0.8,148.78,776.03,4,1
670.16,0.2,135.16,535.0,1,1
850.84,0.6,175.32,675.51,3,1
1056.81,0.8,280.78,776.03,4,1
1149.03,0.8,373.0,776.03,4,1
1088.09,1.0,226.68,861.41,5,1
606.19,0.2,63.62,542.56,1,1
1068.26,0.8,277.11,791.15,4,1
575.13,0.0,117.95,457.18,0,1
719.31,0.2,161.62,557.69,1,1
568.81,0.0,126.76,442.05,0,1
1098.66,0.8,299.95,798.72,4,1
719.41,0.4,99.03,620.38,2,1
608.62,0.2,73.62,535.0,1,1
576.26,0.2,71.51,504.74,1,1
924.79,0.6,196.32,728.46,3,1
654.03,0.4,79.03,575.0,2,1
795.97,0.6,105.32,690.64,3,1
1126.87,1.0,273.03,853.85,5,1
788.74,0.6,128.35,660.38,3,1
813.62,0.6,145.68,667.95,3,1
641.78,0.2,91.65,550.13,1,1
763.15,0.4,104.95,658.21,2,1
874.53,0.6,168.76,705.77,3,1
488.05,0.0,46.0,442.05,0,1
704.74,0.4,84.35,620.38,2,1
581.45,0.0,124.27,457.18,0,1
887.8,0.6,189.59,698.21,3,1
1229.68,1.2,335.84,893.85,6,1
967.19,0.6,238.73,728.46,3,1
