"Total_Cost","Ratio_Reloc_Prod","Horiz_Cost","Vert_Cost","nReloc","non_Optimal"
268772.12,0.7953,55517.77,213254.34,1193,205
529.46,0.2,62.54,466.92,1,0
763.59,0.6,148.59,615.0,3,1
669.03,0.4,109.16,559.87,2,0
563.48,0.2,81.43,482.05,1,0
713.05,0.4,183.43,529.62,2,1
851.5,0.8,158.68,692.82,4,1
460.31,0.0,48.51,411.79,0,0
1006.08,1.0,250.57,755.51,5,1
472.99,0.0,76.32,396.67,0,0
785.73,0.6,163.16,622.56,3,1
879.13,0.6,256.57,622.56,3,1
496.05,0.0,106.95,389.1,0,0
765.78,0.6,135.65,630.13,3,0
562.92,0.2,88.43,474.49,1,0
522.56,0.0,118.32,404.23,0,0
861.23,0.8,115.46,745.77,4,1
1058.59,1.2,195.0,863.59,6,1
755.92,0.6,133.35,622.56,3,0
641.07,0.4,111.46,529.62,2,0
837.05,0.8,121.54,715.51,4,1
949.38,0.8,241.43,707.95,4,1
1039.04,1.2,205.7,833.33,6,0
590.42,0.2,93.24,497.18,1,0
512.98,0.0,93.62,419.36,0,0
759.24,0.6,136.68,622.56,3,0
1046.83,1.2,175.68,871.15,6,1
1014.35,1.2,150.76,863.59,6,1
853.31,0.8,160.49,692.82,4,1
708.5,0.4,171.32,537.18,2,1
1255.1,1.6,251.0,1004.1,8,1
1488.89,2.0,404.78,1084.1,10,1
785.52,0.6,117.57,667.95,3,1
650.77,0.4,106.03,544.74,2,0
478.1,0.0,81.43,396.67,0,0
1244.49,1.0,443.59,800.9,5,1
635.04,0.4,82.73,552.31,2,0
952.03,1.0,204.08,747.95,5,1
881.68,0.8,181.3,700.38,4,0
944.46,0.8,228.95,715.51,4,0
741.21,0.6,118.65,622.56,3,1
610.0,0.2,143.08,466.92,1,0
771.34,0.6,133.65,637.69,3,0
919.31,1.0,133.54,785.77,5,1
672.88,0.4,120.57,552.31,2,1
1101.64,1.4,190.49,911.15,7,1
885.31,1.0,107.11,778.21,5,1
1006.45,1.0,235.81,770.64,5,1
518.2,0.0,98.84,419.36,0,0
1251.12,1.6,231.89,1019.23,8,1
1265.03,1.6,276.05,988.97,8,1
967.39,1.0,189.19,778.21,5,1
539.63,0.2,87.84,451.79,1,0
1057.56,1.0,286.92,770.64,5,1
735.5,0.6,97.81,637.69,3,1
1029.03,1.2,180.57,848.46,6,1
726.2,0.4,173.89,552.31,2,0
956.94,1.0,186.3,770.64,5,1
1456.56,2.0,311.95,1144.62,10,1
592.7,0.2,110.65,482.05,1,1
815.81,0.6,200.81,615.0,3,0
676.16,0.4,86.03,590.13,2,0
1051.24,1.0,295.73,755.51,5,1
880.48,0.8,210.35,670.13,4,1
471.74,0.0,67.51,404.23,0,0
814.33,0.8,113.95,700.38,4,1
1002.64,1.2,139.05,863.59,6,0
508.26,0.0,104.03,404.23,0,0
1186.0,1.0,377.54,808.46,5,1
923.43,1.0,99.84,823.59,5,1
902.64,0.8,172.0,730.64,4,1
435.9,0.0,24.11,411.79,0,0
751.58,0.6,98.76,652.82,3,0
785.99,0.6,155.86,630.13,3,1
1252.22,1.6,210.3,1041.92,8,1
1009.15,1.0,238.51,770.64,5,1
660.44,0.4,100.57,559.87,2,0
929.58,1.0,151.38,778.21,5,1
1442.61,2.0,237.49,1205.13,10,1
1278.7,1.6,214.08,1064.62,8,1
489.63,0.0,77.84,411.79,0,0
844.54,0.8,121.46,723.08,4,1
907.35,1.0,144.27,763.08,5,1
757.53,0.6,112.27,645.26,3,1
2370.99,2.0,1044.84,1326.15,10,1
1074.61,1.2,195.89,878.72,6,1
792.89,0.6,177.89,615.0,3,1
750.77,0.6,97.95,652.82,3,1
494.79,0.0,75.43,419.36,0,0
682.05,0.4,107.05,575.0,2,1
1139.04,1.4,212.76,926.28,7,1
758.44,0.6,98.05,660.38,3,1
947.87,1.0,146.97,800.9,5,1
1003.78,1.0,233.14,770.64,5,1
1031.64,1.2,168.05,863.59,6,1
1028.65,1.0,273.14,755.51,5,1
825.23,0.8,147.54,677.69,4,1
730.94,0.6,93.24,637.69,3,0
667.45,0.4,137.84,529.62,2,0
853.64,0.8,130.57,723.08,4,1
767.57,0.6,152.57,615.0,3,1
1238.5,1.6,211.7,1026.79,8,1
789.77,0.6,152.08,637.69,3,1
583.15,0.2,70.84,512.31,1,0
1216.31,1.4,229.51,986.79,7,1
1118.83,1.2,240.11,878.72,6,1
1262.52,1.4,328.68,933.85,7,1
642.16,0.2,167.68,474.49,1,0
690.84,0.4,115.84,575.0,2,0
1106.1,1.2,182.0,924.1,6,1
516.49,0.0,97.14,419.36,0,0
579.48,0.2,97.43,482.05,1,0
744.2,0.4,184.32,559.87,2,1
782.72,0.6,137.46,645.26,3,0
1260.63,1.4,266.27,994.36,7,1
661.44,0.4,94.0,567.44,2,1
752.06,0.6,84.11,667.95,3,0
991.25,1.0,182.78,808.46,5,1
881.58,0.8,188.76,692.82,4,1
1496.33,1.8,353.89,1142.44,9,1
1168.64,1.4,204.54,964.1,7,1
978.92,1.0,170.46,808.46,5,1
878.75,0.8,155.68,723.08,4,1
1092.77,1.2,198.92,893.85,6,1
1116.28,1.4,174.86,941.41,7,1
909.19,1.0,153.68,755.51,5,0
1225.2,1.4,306.49,918.72,7,1
1289.32,1.4,325.22,964.1,7,1
1010.69,1.2,131.97,878.72,6,1
1057.07,1.2,231.3,825.77,6,1
1679.88,1.6,668.22,1011.67,8,1
1045.4,1.0,274.76,770.64,5,1
470.88,0.0,66.65,404.23,0,0
747.42,0.4,195.11,552.31,2,1
761.83,0.6,139.27,622.56,3,1
1004.43,1.2,155.97,848.46,6,1
743.97,0.6,128.97,615.0,3,0
860.43,0.8,190.3,670.13,4,0
926.41,0.8,271.41,655.0,4,1
1185.2,1.2,298.92,886.28,6,1
1047.28,1.2,161.0,886.28,6,1
776.28,0.6,176.41,599.87,3,0
1157.83,1.4,254.24,903.59,7,1
842.23,0.6,204.54,637.69,3,1
725.21,0.6,102.65,622.56,3,1
2946.67,1.8,1773.97,1172.69,9,1
974.53,1.0,196.32,778.21,5,1
918.82,0.8,218.43,700.38,4,1
1558.04,1.6,531.24,1026.79,8,1
1153.66,1.4,219.81,933.85,7,1
1137.14,1.4,203.3,933.85,7,1
817.58,0.6,172.32,645.26,3,1
593.21,0.2,111.16,482.05,1,0
887.49,0.6,272.49,615.0,3,1
1406.43,1.8,309.38,1097.05,9,1
692.92,0.4,125.49,567.44,2,1
752.71,0.6,84.76,667.95,3,0
1025.78,1.2,109.24,916.54,6,1
711.87,0.4,152.0,559.87,2,0
684.95,0.4,125.08,559.87,2,0
1068.73,1.2,212.7,856.03,6,1
710.05,0.6,79.92,630.13,3,0
950.6,1.0,157.27,793.33,5,1
1031.11,1.2,175.08,856.03,6,1
1353.34,1.4,434.62,918.72,7,1
670.57,0.2,203.65,466.92,1,0
815.46,0.6,192.89,622.56,3,1
1164.01,1.6,190.16,973.85,8,1
1105.75,1.4,141.65,964.1,7,1
1101.56,1.2,230.41,871.15,6,1
575.66,0.2,123.86,451.79,1,0
738.18,0.6,108.05,630.13,3,0
1001.16,1.0,245.65,755.51,5,1
1230.33,1.4,281.35,948.97,7,1
1113.81,1.4,164.84,948.97,7,1
1476.12,1.6,456.89,1019.23,8,1
1041.83,1.2,170.68,871.15,6,1
601.95,0.2,127.46,474.49,1,0
1139.21,1.4,235.62,903.59,7,1
718.6,0.4,166.3,552.31,2,0
543.15,0.2,38.41,504.74,1,0
1264.86,1.6,253.19,1011.67,8,1
712.77,0.4,160.46,552.31,2,0
727.52,0.4,175.22,552.31,2,0
908.52,0.8,208.14,700.38,4,1
956.49,0.8,248.54,707.95,4,1
631.68,0.2,172.32,459.36,1,1
666.73,0.4,91.73,575.0,2,0
958.06,1.0,157.16,800.9,5,1
739.92,0.4,164.92,575.0,2,0
1156.76,1.4,207.78,948.97,7,1
1589.39,2.0,429.65,1159.74,10,1
895.3,0.6,287.86,607.44,3,1
485.69,0.0,81.46,404.23,0,0
908.98,0.8,208.59,700.38,4,1
936.63,1.0,150.86,785.77,5,0
860.59,0.8,129.95,730.64,4,0
709.28,0.4,156.97,552.31,2,0
1181.53,1.4,255.24,926.28,7,1
839.85,0.6,187.03,652.82,3,0
1064.09,1.2,177.81,886.28,6,1
735.04,0.6,82.22,652.82,3,1
826.15,0.6,127.95,698.21,3,1
709.05,0.4,134.05,575.0,2,0
1010.67,1.0,255.16,755.51,5,1
912.94,1.0,96.92,816.03,5,1
755.32,0.6,132.76,622.56,3,1
827.53,0.6,182.27,645.26,3,1
792.85,0.6,155.16,637.69,3,1
1035.7,1.2,179.68,856.03,6,1
883.0,0.8,167.49,715.51,4,1
601.09,0.2,134.16,466.92,1,0
810.8,0.6,180.68,630.13,3,1
793.63,0.6,148.38,645.26,3,1
1343.85,1.6,309.49,1034.36,8,1
625.19,0.2,150.7,474.49,1,1
789.07,0.6,158.95,630.13,3,1
614.07,0.2,124.46,489.62,1,1
818.7,0.8,95.62,723.08,4,1
694.57,0.4,134.7,559.87,2,1
839.12,0.8,100.92,738.21,4,1
498.85,0.0,87.05,411.79,0,0
1109.72,1.2,231.0,878.72,6,1
979.76,1.0,231.81,747.95,5,1
765.47,0.4,213.16,552.31,2,1
745.4,0.4,208.22,537.18,2,0
700.16,0.4,125.16,575.0,2,1
939.12,0.8,261.43,677.69,4,1
995.47,1.0,209.7,785.77,5,1
913.13,0.8,182.49,730.64,4,1
1119.18,1.4,200.46,918.72,7,1
871.26,0.8,133.05,738.21,4,1
471.35,0.0,82.24,389.1,0,0
893.57,0.6,278.57,615.0,3,1
670.63,0.4,110.76,559.87,2,0
1134.34,1.4,162.68,971.67,7,1
1123.67,1.2,260.08,863.59,6,1
1003.39,1.0,217.62,785.77,5,1
1123.75,1.2,260.16,863.59,6,1
499.97,0.0,110.86,389.1,0,0
540.52,0.0,121.16,419.36,0,1
582.98,0.2,63.11,519.87,1,0
556.28,0.2,96.92,459.36,1,0
1164.55,1.2,270.7,893.85,6,1
680.24,0.4,105.24,575.0,2,0
680.25,0.4,120.38,559.87,2,1
678.08,0.4,110.65,567.44,2,0
965.09,1.0,164.19,800.9,5,1
514.34,0.0,117.68,396.67,0,0
1093.63,1.2,192.22,901.41,6,1
979.89,1.0,216.81,763.08,5,1
1105.37,1.4,126.14,979.23,7,1
868.17,0.8,167.78,700.38,4,1
836.42,0.8,151.16,685.26,4,0
943.23,1.0,157.46,785.77,5,1
1193.77,1.4,259.92,933.85,7,1
789.5,0.6,144.24,645.26,3,0
958.06,1.0,225.24,732.82,5,1
747.07,0.6,101.81,645.26,3,1
1003.27,1.0,194.81,808.46,5,1
771.72,0.6,141.59,630.13,3,0
759.57,0.6,144.57,615.0,3,1
1016.67,1.0,185.51,831.15,5,1
1169.29,1.4,197.62,971.67,7,1
801.28,0.8,108.46,692.82,4,1
807.52,0.6,139.57,667.95,3,1
901.52,1.0,100.62,800.9,5,1
805.31,0.6,152.49,652.82,3,0
773.94,0.6,151.38,622.56,3,1
616.76,0.2,142.27,474.49,1,1
794.12,0.6,148.86,645.26,3,1
1049.14,1.2,147.73,901.41,6,1
770.5,0.6,125.24,645.26,3,1
984.81,1.0,168.78,816.03,5,1
735.14,0.6,82.32,652.82,3,0
808.81,0.6,140.86,667.95,3,1
675.91,0.4,131.16,544.74,2,1
499.2,0.0,79.84,419.36,0,0
761.14,0.6,108.32,652.82,3,0
2088.62,2.2,798.11,1290.51,11,1
949.22,1.0,193.7,755.51,5,1
1060.75,1.2,250.11,810.64,6,1
499.31,0.0,87.51,411.79,0,0
1110.3,1.2,208.89,901.41,6,1
708.93,0.4,164.19,544.74,2,0
2314.42,2.2,948.27,1366.15,11,1
1018.47,1.2,139.76,878.72,6,1
888.29,0.8,165.22,723.08,4,0
964.55,1.0,163.65,800.9,5,1
480.82,0.0,69.03,411.79,0,0
904.55,0.8,211.73,692.82,4,1
509.85,0.0,98.05,411.79,0,0
765.79,0.6,158.35,607.44,3,0
658.06,0.4,105.76,552.31,2,1
558.42,0.2,46.11,512.31,1,0
891.72,0.8,161.08,730.64,4,1
1174.09,1.2,333.19,840.9,6,1
874.54,0.8,151.46,723.08,4,1
1126.59,1.2,255.43,871.15,6,1
740.16,0.6,72.22,667.95,3,1
1013.64,1.0,182.49,831.15,5,1
