"Total_Cost","Ratio_Reloc_Prod","Horiz_Cost","Vert_Cost","nReloc","non_Optimal"
246808.47,0.74,37630.47,209177.99,1110,300
495.3,0.0,75.95,419.36,0,1
622.37,0.4,77.62,544.74,2,1
613.82,0.2,109.08,504.74,1,1
603.77,0.4,59.03,544.74,2,1
627.23,0.2,122.49,504.74,1,1
469.96,0.0,65.73,404.23,0,1
679.46,0.6,72.03,607.44,3,1
926.73,1.0,178.78,747.95,5,1
610.47,0.2,151.11,459.36,1,1
815.95,0.6,200.95,615.0,3,1
1158.66,1.4,224.81,933.85,7,1
541.34,0.2,89.54,451.79,1,1
659.87,0.2,140.0,519.87,1,1
967.81,1.2,119.35,848.46,6,1
874.84,1.0,134.46,740.38,5,1
619.48,0.2,129.86,489.62,1,1
726.02,0.6,88.32,637.69,3,1
555.25,0.2,88.32,466.92,1,1
772.05,0.6,149.49,622.56,3,1
555.95,0.2,89.03,466.92,1,1
584.26,0.2,94.65,489.62,1,1
1383.91,2.0,231.73,1152.18,10,1
1217.63,1.6,236.22,981.41,8,1
575.18,0.2,70.43,504.74,1,1
541.22,0.2,66.73,474.49,1,1
846.79,0.8,153.97,692.82,4,1
626.78,0.2,137.16,489.62,1,1
806.54,0.8,91.03,715.51,4,1
681.66,0.4,129.35,552.31,2,1
1003.64,1.2,140.05,863.59,6,1
878.97,1.0,108.32,770.64,5,1
1016.92,1.2,168.46,848.46,6,1
617.91,0.4,80.73,537.18,2,1
954.82,1.0,214.43,740.38,5,1
616.56,0.2,126.95,489.62,1,1
575.65,0.2,108.73,466.92,1,1
1289.87,1.8,215.51,1074.36,9,1
733.07,0.6,102.95,630.13,3,1
583.79,0.2,63.92,519.87,1,1
723.72,0.6,86.03,637.69,3,1
675.68,0.4,108.24,567.44,2,1
1142.38,1.6,145.84,996.54,8,1
686.62,0.4,157.0,529.62,2,1
632.67,0.4,103.05,529.62,2,1
805.67,0.6,130.16,675.51,3,1
799.77,0.6,154.51,645.26,3,1
791.21,0.6,161.08,630.13,3,1
734.91,0.6,89.65,645.26,3,1
449.18,0.0,52.51,396.67,0,1
667.75,0.4,130.57,537.18,2,1
753.84,0.6,153.97,599.87,3,1
741.68,0.6,126.68,615.0,3,1
899.87,1.0,106.54,793.33,5,1
704.56,0.6,74.43,630.13,3,1
1096.23,1.4,109.43,986.79,7,1
1049.39,1.2,170.68,878.72,6,1
903.45,1.0,125.24,778.21,5,1
708.79,0.4,156.49,552.31,2,1
654.27,0.4,86.84,567.44,2,1
1060.27,1.2,264.76,795.51,6,1
730.63,0.4,178.32,552.31,2,1
451.32,0.0,62.22,389.1,0,1
632.15,0.4,79.84,552.31,2,1
954.86,1.0,131.27,823.59,5,1
649.36,0.2,129.49,519.87,1,1
771.11,0.8,70.73,700.38,4,1
1010.86,1.2,147.27,863.59,6,1
976.1,1.0,197.89,778.21,5,1
784.32,0.6,154.19,630.13,3,1
507.67,0.0,65.62,442.05,0,1
948.65,0.8,233.14,715.51,4,1
896.51,1.0,72.92,823.59,5,1
930.76,1.0,129.86,800.9,5,1
854.21,0.8,176.51,677.69,4,1
1359.91,2.0,215.3,1144.62,10,1
913.25,1.0,112.35,800.9,5,1
788.76,0.6,128.38,660.38,3,1
1095.68,1.2,133.76,961.92,6,1
755.42,0.6,110.16,645.26,3,1
1133.73,1.4,192.32,941.41,7,1
785.4,0.8,62.32,723.08,4,1
1136.73,1.4,195.32,941.41,7,1
534.69,0.2,37.51,497.18,1,1
1034.33,1.2,125.35,908.97,6,1
721.77,0.6,76.51,645.26,3,1
665.17,0.4,112.86,552.31,2,1
1339.93,2.0,165.05,1174.87,10,1
664.16,0.4,74.03,590.13,2,1
835.55,0.8,135.16,700.38,4,1
1387.99,1.8,215.3,1172.69,9,1
860.73,0.8,137.65,723.08,4,1
800.85,0.8,108.03,692.82,4,1
542.06,0.2,75.14,466.92,1,1
909.01,0.8,208.62,700.38,4,1
502.63,0.0,90.84,411.79,0,1
939.17,1.0,138.27,800.9,5,1
1037.13,1.2,113.03,924.1,6,1
949.85,1.0,164.08,785.77,5,1
557.94,0.0,100.76,457.18,0,1
728.12,0.6,128.24,599.87,3,1
538.93,0.0,119.57,419.36,0,1
764.64,0.6,126.95,637.69,3,1
807.62,0.8,84.54,723.08,4,1
884.59,0.8,161.51,723.08,4,1
537.34,0.2,85.54,451.79,1,1
736.3,0.6,75.92,660.38,3,1
1058.18,1.2,179.46,878.72,6,1
993.34,1.2,114.62,878.72,6,1
1271.8,1.8,152.05,1119.74,9,1
1336.4,1.8,171.27,1165.13,9,1
778.35,0.6,170.92,607.44,3,1
633.16,0.4,103.54,529.62,2,1
943.26,1.0,104.54,838.72,5,1
825.55,0.6,172.73,652.82,3,1
847.35,0.8,124.27,723.08,4,1
485.53,0.0,96.43,389.1,0,1
581.4,0.2,84.22,497.18,1,1
718.1,0.6,95.54,622.56,3,1
794.16,0.6,118.65,675.51,3,1
554.27,0.2,87.35,466.92,1,1
1089.36,1.4,163.08,926.28,7,1
971.71,1.0,170.81,800.9,5,1
1049.04,1.2,155.19,893.85,6,1
465.79,0.0,54.0,411.79,0,1
1081.35,1.2,172.38,908.97,6,1
607.85,0.4,63.11,544.74,2,1
556.27,0.2,74.22,482.05,1,1
1205.12,1.4,218.32,986.79,7,1
744.94,0.6,107.24,637.69,3,1
568.66,0.2,63.92,504.74,1,1
539.62,0.2,65.14,474.49,1,1
564.64,0.2,75.03,489.62,1,1
574.43,0.2,99.95,474.49,1,1
543.43,0.2,53.81,489.62,1,1
838.64,0.8,115.57,723.08,4,1
1296.84,1.8,214.92,1081.92,9,1
562.29,0.2,65.11,497.18,1,1
599.56,0.2,109.95,489.62,1,1
870.22,0.8,154.7,715.51,4,1
1260.29,1.6,256.19,1004.1,8,1
784.55,0.6,192.24,592.31,3,1
828.0,0.8,120.05,707.95,4,1
466.5,0.0,69.84,396.67,0,1
917.15,1.0,131.38,785.77,5,1
807.85,0.6,162.59,645.26,3,1
461.19,0.0,26.7,434.49,0,1
1150.75,1.4,194.22,956.54,7,1
500.61,0.0,103.95,396.67,0,1
736.89,0.4,161.89,575.0,2,1
640.22,0.4,80.35,559.87,2,1
765.46,0.6,142.89,622.56,3,1
1451.73,2.2,153.65,1298.08,11,1
1053.18,1.2,189.59,863.59,6,1
1003.46,1.2,86.92,916.54,6,1
1142.02,1.4,170.35,971.67,7,1
1098.62,1.4,142.08,956.54,7,1
641.64,0.4,104.46,537.18,2,1
1002.95,1.0,133.97,868.97,5,1
594.22,0.2,59.22,535.0,1,1
752.85,0.6,115.16,637.69,3,1
690.16,0.4,100.03,590.13,2,1
732.32,0.6,56.81,675.51,3,1
750.08,0.6,82.14,667.95,3,1
1245.68,1.6,211.32,1034.36,8,1
1017.18,1.2,138.46,878.72,6,1
1102.63,1.4,168.78,933.85,7,1
967.23,1.0,189.03,778.21,5,1
621.54,0.4,54.11,567.44,2,1
1263.23,1.6,183.49,1079.74,8,1
717.16,0.6,102.16,615.0,3,1
1236.79,1.6,247.81,988.97,8,1
491.79,0.0,72.43,419.36,0,1
1135.6,1.2,241.76,893.85,6,1
1109.18,1.4,190.46,918.72,7,1
1033.48,1.2,169.89,863.59,6,1
761.75,0.6,124.05,637.69,3,1
473.89,0.0,39.41,434.49,0,1
860.76,0.8,84.73,776.03,4,1
952.17,1.0,151.27,800.9,5,1
477.48,0.0,80.81,396.67,0,1
896.87,0.8,135.97,760.9,4,1
785.69,0.6,148.0,637.69,3,1
724.94,0.6,102.38,622.56,3,1
727.53,0.6,89.84,637.69,3,1
545.23,0.2,93.43,451.79,1,1
1033.04,1.0,194.32,838.72,5,1
917.69,0.8,179.49,738.21,4,1
521.36,0.0,109.57,411.79,0,1
1047.63,1.4,106.22,941.41,7,1
666.22,0.4,106.35,559.87,2,1
1325.54,1.8,236.05,1089.49,9,1
1108.87,1.4,167.46,941.41,7,1
1537.31,2.2,277.05,1260.26,11,1
873.87,0.8,112.97,760.9,4,1
957.74,1.2,79.03,878.72,6,1
1018.79,1.2,177.89,840.9,6,1
671.85,0.4,59.03,612.82,2,1
519.7,0.0,130.59,389.1,0,1
894.35,0.8,186.41,707.95,4,1
521.27,0.2,39.22,482.05,1,1
927.41,1.0,134.08,793.33,5,1
1324.57,1.8,189.7,1134.87,9,1
906.7,1.0,98.24,808.46,5,1
1088.49,1.4,147.08,941.41,7,1
1089.14,1.2,240.68,848.46,6,1
677.14,0.4,117.27,559.87,2,1
981.18,1.0,157.59,823.59,5,1
1068.91,1.4,150.19,918.72,7,1
749.87,0.6,97.05,652.82,3,1
849.18,0.8,110.97,738.21,4,1
697.66,0.4,137.78,559.87,2,1
1417.92,2.2,195.49,1222.44,11,1
520.52,0.0,48.22,472.31,0,1
1088.3,1.4,146.89,941.41,7,1
842.51,0.8,111.86,730.64,4,1
1226.8,1.6,215.14,1011.67,8,1
451.04,0.0,46.81,404.23,0,1
735.88,0.6,90.62,645.26,3,1
928.83,1.0,158.19,770.64,5,1
519.98,0.2,60.62,459.36,1,1
1336.19,1.8,186.19,1150.0,9,1
855.51,0.8,124.86,730.64,4,1
766.56,0.6,128.86,637.69,3,1
976.65,1.0,168.19,808.46,5,1
1059.8,1.2,181.08,878.72,6,1
818.18,0.6,172.92,645.26,3,1
1392.66,2.0,232.92,1159.74,10,1
501.15,0.0,89.35,411.79,0,1
1013.15,1.0,182.0,831.15,5,1
851.61,0.8,105.84,745.77,4,1
563.27,0.2,96.35,466.92,1,1
466.71,0.0,54.92,411.79,0,1
469.09,0.0,49.73,419.36,0,1
718.66,0.4,105.84,612.82,2,1
547.64,0.2,58.03,489.62,1,1
540.93,0.2,89.14,451.79,1,1
954.32,1.0,123.16,831.15,5,1
828.14,0.8,127.76,700.38,4,1
762.82,0.6,117.57,645.26,3,1
756.21,0.6,73.14,683.08,3,1
833.82,0.8,72.92,760.9,4,1
729.27,0.6,114.27,615.0,3,1
870.43,1.0,107.35,763.08,5,1
710.52,0.4,97.7,612.82,2,1
799.08,0.8,76.0,723.08,4,1
473.73,0.0,46.81,426.92,0,1
601.3,0.2,134.38,466.92,1,1
938.47,0.8,192.7,745.77,4,1
686.4,0.4,103.84,582.56,2,1
515.6,0.2,41.11,474.49,1,1
1083.49,1.2,174.51,908.97,6,1
653.75,0.4,63.62,590.13,2,1
673.76,0.4,98.76,575.0,2,1
1001.82,1.0,147.97,853.85,5,1
1169.35,1.4,144.73,1024.62,7,1
640.72,0.4,103.54,537.18,2,1
834.54,0.8,111.46,723.08,4,1
919.39,1.0,141.19,778.21,5,1
933.15,1.0,94.43,838.72,5,1
726.53,0.6,88.84,637.69,3,1
467.19,0.0,32.7,434.49,0,1
842.82,0.8,81.92,760.9,4,1
859.48,0.6,176.41,683.08,3,1
538.26,0.0,88.65,449.62,0,1
700.96,0.4,156.22,544.74,2,1
1073.57,1.4,132.16,941.41,7,1
714.81,0.6,92.24,622.56,3,1
749.8,0.6,104.54,645.26,3,1
1314.25,1.8,232.32,1081.92,9,1
665.96,0.4,113.65,552.31,2,1
1116.13,1.4,144.46,971.67,7,1
1149.72,1.4,117.54,1032.18,7,1
629.92,0.4,54.92,575.0,2,1
864.78,0.8,149.27,715.51,4,1
814.55,0.8,114.16,700.38,4,1
751.73,0.6,144.3,607.44,3,1
738.93,0.6,78.54,660.38,3,1
767.78,0.6,77.14,690.64,3,1
563.31,0.2,51.0,512.31,1,1
782.04,0.6,136.78,645.26,3,1
587.58,0.2,82.84,504.74,1,1
830.98,0.8,138.16,692.82,4,1
739.99,0.6,94.73,645.26,3,1
662.68,0.4,95.24,567.44,2,1
738.01,0.6,77.62,660.38,3,1
530.77,0.0,118.97,411.79,0,1
976.44,1.2,75.03,901.41,6,1
1088.01,1.4,154.16,933.85,7,1
1053.13,1.2,129.03,924.1,6,1
858.24,0.8,135.16,723.08,4,1
574.96,0.2,70.22,504.74,1,1
1130.36,1.2,228.95,901.41,6,1
1556.81,2.2,273.86,1282.95,11,1
1266.91,1.6,202.3,1064.62,8,1
578.32,0.2,96.27,482.05,1,1
986.7,1.2,123.11,863.59,6,1
810.62,0.8,87.54,723.08,4,1
544.36,0.2,77.43,466.92,1,1
525.52,0.0,106.16,419.36,0,1
588.06,0.2,75.76,512.31,1,1
