"Total_Cost","Ratio_Reloc_Prod","Horiz_Cost","Vert_Cost","nReloc","non_Optimal"
228482.59,0.4153,40168.91,188313.72,623,142
638.3,0.2,57.92,580.38,1,0
691.86,0.2,149.3,542.56,1,0
1089.24,1.2,119.76,969.49,6,1
1028.13,1.0,136.46,891.67,5,0
545.69,0.0,80.95,464.74,0,0
695.55,0.2,122.73,572.82,1,0
1333.88,1.4,301.7,1032.18,7,0
682.42,0.2,117.16,565.26,1,0
626.49,0.2,99.05,527.44,1,0
714.51,0.4,71.43,643.08,2,0
1274.44,1.2,312.51,961.92,6,0
747.83,0.4,104.76,643.08,2,1
870.16,0.6,126.57,743.59,3,0
592.33,0.2,80.03,512.31,1,1
1124.16,1.2,207.62,916.54,6,0
800.92,0.6,80.03,720.9,3,1
904.84,0.8,128.81,776.03,4,0
656.58,0.2,91.32,565.26,1,0
492.02,0.0,42.41,449.62,0,0
766.52,0.4,153.7,612.82,2,1
1136.81,1.2,159.76,977.05,6,0
1034.47,1.0,120.11,914.36,5,0
568.04,0.0,95.73,472.31,0,1
684.96,0.2,127.27,557.69,1,0
1125.89,1.0,241.78,884.1,5,0
547.83,0.0,90.65,457.18,0,0
639.58,0.2,74.32,565.26,1,0
1418.76,1.6,323.89,1094.87,8,0
886.16,0.6,142.57,743.59,3,1
592.91,0.0,143.3,449.62,0,0
865.26,0.6,159.49,705.77,3,1
507.78,0.0,65.73,442.05,0,0
830.57,0.4,202.62,627.95,2,0
641.17,0.4,73.73,567.44,2,1
604.01,0.2,84.14,519.87,1,0
745.56,0.2,195.43,550.13,1,0
700.06,0.4,87.24,612.82,2,0
817.46,0.4,189.51,627.95,2,0
626.25,0.2,113.95,512.31,1,0
514.05,0.0,72.0,442.05,0,0
832.3,0.4,204.35,627.95,2,1
683.91,0.2,133.78,550.13,1,0
571.06,0.0,98.76,472.31,0,0
500.81,0.0,66.32,434.49,0,0
800.02,0.6,116.95,683.08,3,0
814.06,0.4,186.11,627.95,2,1
506.0,0.0,63.95,442.05,0,0
650.19,0.2,107.62,542.56,1,0
927.78,0.6,176.62,751.15,3,1
993.22,1.0,139.38,853.85,5,1
1020.54,1.0,98.62,921.92,5,0
803.49,0.4,183.11,620.38,2,0
923.86,0.8,140.27,783.59,4,1
1013.56,0.8,214.84,798.72,4,1
733.21,0.4,143.08,590.13,2,1
827.34,0.6,121.57,705.77,3,1
820.15,0.6,114.38,705.77,3,1
620.09,0.2,100.22,519.87,1,1
858.56,0.6,175.49,683.08,3,1
504.17,0.0,77.24,426.92,0,1
595.54,0.2,60.54,535.0,1,0
710.6,0.4,90.22,620.38,2,1
939.65,1.0,138.76,800.9,5,1
886.76,0.6,158.3,728.46,3,0
486.49,0.0,52.0,434.49,0,0
901.81,0.6,165.78,736.03,3,0
523.43,0.0,88.95,434.49,0,1
762.98,0.4,135.03,627.95,2,1
899.58,0.6,140.86,758.72,3,0
754.54,0.4,111.46,643.08,2,1
452.06,0.0,32.7,419.36,0,0
495.67,0.0,53.62,442.05,0,0
628.29,0.2,85.73,542.56,1,1
605.59,0.2,63.03,542.56,1,1
706.01,0.4,100.76,605.26,2,0
664.74,0.2,91.92,572.82,1,0
646.12,0.2,88.43,557.69,1,1
757.65,0.6,82.14,675.51,3,1
503.97,0.0,61.92,442.05,0,1
1100.68,1.2,191.7,908.97,6,1
1050.28,0.8,236.43,813.85,4,0
924.86,0.6,173.7,751.15,3,0
993.42,0.8,194.7,798.72,4,1
773.01,0.4,107.24,665.77,2,0
685.53,0.2,120.27,565.26,1,0
802.66,0.6,89.32,713.33,3,1
787.83,0.4,144.76,643.08,2,1
987.83,1.0,156.68,831.15,5,1
870.61,0.6,179.97,690.64,3,1
571.47,0.0,106.73,464.74,0,1
946.37,0.6,195.22,751.15,3,0
1046.91,0.8,202.81,844.1,4,0
795.63,0.4,129.86,665.77,2,0
628.86,0.2,78.73,550.13,1,0
1056.3,0.8,227.32,828.97,4,0
546.77,0.0,82.03,464.74,0,1
743.0,0.4,115.05,627.95,2,1
534.19,0.0,107.27,426.92,0,1
570.86,0.0,113.68,457.18,0,1
588.74,0.2,76.43,512.31,1,1
639.92,0.2,97.35,542.56,1,0
619.93,0.2,100.05,519.87,1,1
504.75,0.0,62.7,442.05,0,1
958.96,0.8,213.19,745.77,4,1
681.21,0.2,131.08,550.13,1,1
875.12,0.8,129.35,745.77,4,1
629.65,0.2,94.65,535.0,1,0
561.03,0.0,134.11,426.92,0,0
1029.0,1.0,167.59,861.41,5,0
993.33,0.8,179.49,813.85,4,0
699.88,0.2,149.76,550.13,1,0
683.01,0.2,117.76,565.26,1,0
687.18,0.2,129.49,557.69,1,0
887.23,0.6,189.03,698.21,3,0
841.81,0.6,113.35,728.46,3,1
715.12,0.2,195.24,519.87,1,0
655.86,0.4,65.73,590.13,2,1
658.18,0.2,92.92,565.26,1,1
648.34,0.2,98.22,550.13,1,0
592.35,0.0,150.3,442.05,0,1
490.75,0.0,48.7,442.05,0,1
675.12,0.2,162.81,512.31,1,0
549.29,0.0,107.24,442.05,0,0
600.92,0.2,65.92,535.0,1,1
946.54,0.8,178.08,768.46,4,0
585.36,0.0,113.05,472.31,0,0
1077.47,1.2,138.24,939.23,6,0
603.69,0.2,46.0,557.69,1,1
783.19,0.4,147.68,635.51,2,1
1219.48,0.8,375.38,844.1,4,0
590.38,0.0,102.95,487.44,0,0
664.8,0.2,99.54,565.26,1,1
636.78,0.2,94.22,542.56,1,0
689.67,0.2,131.97,557.69,1,1
1260.18,1.4,220.43,1039.74,7,1
840.62,0.6,112.16,728.46,3,0
571.79,0.0,84.35,487.44,0,1
1079.55,0.6,487.24,592.31,3,1
1250.93,1.4,256.57,994.36,7,0
805.01,0.6,99.24,705.77,3,1
800.69,0.4,142.49,658.21,2,0
753.25,0.4,132.86,620.38,2,0
817.66,0.6,104.32,713.33,3,0
730.45,0.4,132.76,597.69,2,0
691.96,0.2,134.27,557.69,1,0
729.53,0.4,124.27,605.26,2,1
854.45,0.6,163.81,690.64,3,1
854.61,0.4,188.84,665.77,2,1
694.77,0.4,89.51,605.26,2,1
587.39,0.2,67.51,519.87,1,0
668.68,0.4,93.68,575.0,2,0
901.76,0.6,226.24,675.51,3,0
526.92,0.0,84.86,442.05,0,0
827.59,0.4,176.95,650.64,2,1
799.36,0.4,194.11,605.26,2,1
594.91,0.0,130.16,464.74,0,1
557.13,0.0,99.95,457.18,0,0
520.49,0.2,46.0,474.49,1,1
884.58,1.0,91.24,793.33,5,1
671.04,0.2,113.35,557.69,1,0
738.98,0.4,126.16,612.82,2,1
765.13,0.4,122.05,643.08,2,1
819.72,0.6,129.08,690.64,3,0
575.77,0.0,103.46,472.31,0,1
838.32,0.6,147.68,690.64,3,0
755.62,0.4,127.68,627.95,2,0
983.02,0.8,191.86,791.15,4,0
977.02,0.6,225.86,751.15,3,0
648.91,0.2,83.65,565.26,1,1
450.06,0.0,30.7,419.36,0,0
780.19,0.6,112.24,667.95,3,1
649.72,0.2,92.03,557.69,1,1
1128.67,1.0,305.08,823.59,5,1
913.51,0.8,137.49,776.03,4,0
674.56,0.4,84.43,590.13,2,1
820.54,0.4,185.03,635.51,2,1
943.76,0.6,207.73,736.03,3,1
797.77,0.4,184.95,612.82,2,1
734.55,0.4,114.16,620.38,2,0
1072.87,1.2,110.95,961.92,6,0
728.76,0.4,108.38,620.38,2,1
506.8,0.0,49.62,457.18,0,1
655.64,0.2,97.95,557.69,1,1
702.58,0.2,144.89,557.69,1,1
1105.46,1.0,244.05,861.41,5,0
887.48,0.4,244.41,643.08,2,1
668.5,0.2,103.24,565.26,1,0
524.08,0.0,82.03,442.05,0,0
928.56,0.6,184.97,743.59,3,0
710.83,0.2,160.7,550.13,1,0
1137.18,1.0,253.08,884.1,5,0
734.28,0.4,121.46,612.82,2,1
549.51,0.0,107.46,442.05,0,1
676.0,0.2,141.0,535.0,1,1
461.98,0.0,42.62,419.36,0,1
637.22,0.4,62.22,575.0,2,1
864.42,0.8,133.78,730.64,4,0
878.35,0.8,102.32,776.03,4,1
1127.95,1.2,173.59,954.36,6,1
1125.34,0.6,434.7,690.64,3,1
723.46,0.4,140.89,582.56,2,0
788.72,0.4,138.08,650.64,2,1
618.46,0.2,91.03,527.44,1,1
1038.29,1.0,207.14,831.15,5,0
1166.85,0.6,529.16,637.69,3,1
626.95,0.2,91.95,535.0,1,1
1100.33,1.0,231.35,868.97,5,1
946.88,0.6,180.59,766.28,3,0
778.02,0.6,94.95,683.08,3,1
891.74,0.8,145.97,745.77,4,1
661.36,0.2,88.54,572.82,1,0
573.69,0.0,108.95,464.74,0,0
767.42,0.4,154.59,612.82,2,0
787.3,0.4,151.78,635.51,2,1
768.22,0.4,140.27,627.95,2,1
830.79,0.6,117.46,713.33,3,1
859.71,0.6,146.38,713.33,3,0
677.72,0.2,112.46,565.26,1,0
655.21,0.2,112.65,542.56,1,1
532.81,0.0,90.76,442.05,0,1
773.39,0.2,208.14,565.26,1,0
1015.38,0.8,186.41,828.97,4,0
1096.23,1.0,197.0,899.23,5,1
688.5,0.2,123.24,565.26,1,0
550.15,0.0,77.84,472.31,0,0
1147.22,1.2,185.3,961.92,6,0
855.34,0.6,164.7,690.64,3,1
632.94,0.2,75.24,557.69,1,0
766.38,0.4,146.0,620.38,2,0
593.45,0.0,136.27,457.18,0,1
636.5,0.4,91.76,544.74,2,0
712.63,0.2,147.38,565.26,1,0
854.77,0.4,189.0,665.77,2,0
613.97,0.2,71.41,542.56,1,0
874.8,0.6,176.59,698.21,3,1
703.34,0.2,138.08,565.26,1,0
708.28,0.4,103.03,605.26,2,1
700.4,0.4,110.27,590.13,2,0
615.87,0.2,96.0,519.87,1,0
681.94,0.2,131.81,550.13,1,1
646.93,0.4,34.11,612.82,2,1
597.89,0.2,108.27,489.62,1,1
807.49,0.4,179.54,627.95,2,0
720.04,0.2,154.78,565.26,1,1
685.48,0.4,95.35,590.13,2,1
502.05,0.0,60.0,442.05,0,0
817.56,0.6,119.35,698.21,3,1
619.68,0.2,92.24,527.44,1,0
590.4,0.2,93.22,497.18,1,0
831.48,0.6,133.27,698.21,3,0
798.35,0.6,115.27,683.08,3,0
682.2,0.2,116.95,565.26,1,1
614.03,0.2,79.03,535.0,1,0
739.14,0.4,118.76,620.38,2,1
529.57,0.0,102.65,426.92,0,1
1009.03,1.0,193.0,816.03,5,0
1059.59,0.6,308.43,751.15,3,0
1041.09,0.8,227.24,813.85,4,1
1042.34,1.0,203.62,838.72,5,0
542.99,0.0,78.24,464.74,0,0
692.09,0.2,172.22,519.87,1,1
496.05,0.0,54.0,442.05,0,1
725.1,0.2,235.49,489.62,1,1
819.22,0.4,198.84,620.38,2,0
796.74,0.4,130.97,665.77,2,1
752.72,0.4,147.46,605.26,2,0
730.58,0.4,117.76,612.82,2,0
742.84,0.4,122.46,620.38,2,1
804.09,0.4,130.76,673.33,2,0
979.79,0.8,158.38,821.41,4,1
820.95,0.6,107.62,713.33,3,1
1001.05,1.0,116.95,884.1,5,1
609.34,0.2,59.22,550.13,1,1
517.48,0.0,75.43,442.05,0,0
459.52,0.0,47.73,411.79,0,1
846.59,0.4,203.51,643.08,2,0
848.29,0.6,97.14,751.15,3,0
678.48,0.4,88.35,590.13,2,1
600.84,0.4,33.41,567.44,2,1
706.01,0.4,85.62,620.38,2,1
745.73,0.4,110.22,635.51,2,0
497.25,0.0,70.32,426.92,0,1
569.28,0.2,49.41,519.87,1,1
649.69,0.2,152.51,497.18,1,0
1005.77,0.8,267.57,738.21,4,1
567.02,0.0,124.97,442.05,0,0
708.28,0.4,103.03,605.26,2,0
850.88,0.4,192.68,658.21,2,1
558.91,0.0,94.16,464.74,0,0
536.31,0.0,79.14,457.18,0,0
917.64,0.6,174.05,743.59,3,1
549.21,0.0,92.03,457.18,0,0
807.09,0.6,101.32,705.77,3,0
577.76,0.2,50.32,527.44,1,0
799.06,0.4,171.11,627.95,2,0
528.78,0.0,86.73,442.05,0,1
656.02,0.2,113.46,542.56,1,0
680.49,0.2,145.49,535.0,1,0
1061.26,1.2,137.16,924.1,6,0
970.38,0.8,148.97,821.41,4,1
