"Total_Cost","Ratio_Reloc_Prod","Horiz_Cost","Vert_Cost","nReloc","non_Optimal"
264916.02,0.734,56468.67,208447.28,1101,198
582.16,0.4,60.11,522.05,2,1
481.21,0.0,84.54,396.67,0,0
675.12,0.4,115.24,559.87,2,1
585.98,0.2,134.19,451.79,1,0
657.59,0.4,75.03,582.56,2,0
590.33,0.2,78.03,512.31,1,0
981.27,1.2,178.19,803.08,6,1
527.73,0.2,60.81,466.92,1,0
739.93,0.4,187.62,552.31,2,1
443.07,0.0,46.41,396.67,0,0
930.13,1.0,159.49,770.64,5,1
599.83,0.2,102.65,497.18,1,1
822.99,0.8,152.86,670.13,4,0
591.31,0.2,94.14,497.18,1,0
534.11,0.2,59.62,474.49,1,0
1190.79,1.4,256.95,933.85,7,1
777.07,0.8,91.81,685.26,4,0
1177.7,1.6,181.16,996.54,8,1
635.51,0.4,113.46,522.05,2,0
685.16,0.4,110.16,575.0,2,1
466.93,0.0,62.7,404.23,0,0
664.98,0.4,112.68,552.31,2,0
489.78,0.0,100.68,389.1,0,0
913.13,1.0,150.05,763.08,5,1
983.87,1.2,150.54,833.33,6,1
492.5,0.0,95.84,396.67,0,0
847.94,0.8,124.86,723.08,4,0
874.41,0.8,105.95,768.46,4,1
466.17,0.0,46.81,419.36,0,0
1994.8,1.4,1015.57,979.23,7,1
742.09,0.6,96.84,645.26,3,1
795.49,0.8,87.54,707.95,4,1
742.66,0.6,89.84,652.82,3,1
813.96,0.8,136.27,677.69,4,0
953.43,1.0,144.97,808.46,5,1
817.65,0.8,102.14,715.51,4,1
617.97,0.4,88.35,529.62,2,0
774.61,0.6,129.35,645.26,3,1
661.75,0.4,71.62,590.13,2,0
734.55,0.6,81.73,652.82,3,0
857.33,0.8,149.38,707.95,4,1
641.17,0.4,73.73,567.44,2,1
727.64,0.6,97.51,630.13,3,1
803.87,0.8,111.05,692.82,4,1
908.98,1.0,115.65,793.33,5,1
539.45,0.2,34.7,504.74,1,0
1699.76,1.2,790.78,908.97,6,1
744.24,0.6,121.68,622.56,3,1
1073.09,1.4,139.24,933.85,7,0
869.61,0.8,138.97,730.64,4,0
665.91,0.4,121.16,544.74,2,0
737.42,0.6,99.73,637.69,3,0
1117.34,1.4,198.62,918.72,7,1
1862.27,1.2,900.35,961.92,6,1
663.8,0.4,119.05,544.74,2,1
904.96,1.0,126.76,778.21,5,1
785.31,0.6,140.05,645.26,3,1
1697.05,1.8,607.57,1089.49,9,1
472.35,0.0,83.24,389.1,0,0
1016.04,1.0,237.84,778.21,5,1
489.85,0.0,85.62,404.23,0,0
1344.33,1.6,355.35,988.97,8,1
823.6,0.8,115.65,707.95,4,1
1095.3,1.2,246.84,848.46,6,1
727.38,0.6,67.0,660.38,3,0
1605.69,1.0,759.41,846.28,5,1
1027.86,1.2,164.27,863.59,6,1
647.28,0.4,102.54,544.74,2,0
744.85,0.6,92.03,652.82,3,0
1103.34,1.0,272.19,831.15,5,1
753.85,0.6,116.16,637.69,3,1
697.64,0.4,152.89,544.74,2,1
647.43,0.4,72.43,575.0,2,1
1004.75,1.2,141.16,863.59,6,1
1441.21,1.6,444.68,996.54,8,1
729.93,0.4,177.62,552.31,2,1
1023.39,1.2,144.68,878.72,6,1
864.03,0.8,163.65,700.38,4,1
998.8,1.0,220.59,778.21,5,1
455.79,0.0,44.0,411.79,0,0
598.52,0.2,78.65,519.87,1,0
623.98,0.4,64.11,559.87,2,0
747.07,0.6,116.95,630.13,3,1
669.22,0.2,141.78,527.44,1,1
846.19,0.8,130.68,715.51,4,1
1079.49,1.0,263.46,816.03,5,1
911.39,0.8,173.19,738.21,4,1
994.34,1.2,108.05,886.28,6,1
824.39,0.6,111.05,713.33,3,1
737.4,0.6,114.84,622.56,3,0
581.67,0.2,92.05,489.62,1,0
1257.8,1.0,426.65,831.15,5,1
651.74,0.2,147.0,504.74,1,1
1566.47,0.8,820.7,745.77,4,1
691.09,0.4,138.78,552.31,2,0
564.19,0.2,82.14,482.05,1,0
558.34,0.2,106.54,451.79,1,0
691.21,0.6,53.51,637.69,3,1
468.47,0.0,49.11,419.36,0,0
793.14,0.6,132.76,660.38,3,1
591.26,0.2,101.65,489.62,1,0
773.16,0.4,183.03,590.13,2,1
1079.26,1.4,160.54,918.72,7,1
662.04,0.4,109.73,552.31,2,0
951.74,1.0,113.03,838.72,5,1
773.87,0.6,121.05,652.82,3,0
1000.43,1.2,151.97,848.46,6,1
972.9,1.2,139.57,833.33,6,1
929.88,1.0,151.68,778.21,5,1
1001.65,1.0,185.62,816.03,5,1
816.67,0.8,138.97,677.69,4,1
938.14,0.8,237.76,700.38,4,1
681.59,0.6,59.03,622.56,3,0
758.95,0.6,83.43,675.51,3,1
919.65,1.0,118.76,800.9,5,1
792.79,0.6,139.97,652.82,3,1
843.42,0.8,150.59,692.82,4,1
560.16,0.2,78.11,482.05,1,0
1106.89,1.2,182.78,924.1,6,1
1262.02,1.6,250.35,1011.67,8,1
892.68,1.0,144.73,747.95,5,1
629.03,0.4,54.03,575.0,2,1
602.91,0.4,65.73,537.18,2,0
701.03,0.6,86.03,615.0,3,1
473.79,0.0,62.0,411.79,0,0
1585.71,1.2,699.43,886.28,6,1
1204.41,1.2,303.0,901.41,6,1
787.56,0.6,89.35,698.21,3,0
1037.87,1.0,184.03,853.85,5,1
582.86,0.2,93.24,489.62,1,0
723.86,0.4,141.3,582.56,2,1
774.36,0.6,113.97,660.38,3,0
905.17,1.0,111.84,793.33,5,1
798.13,0.6,115.05,683.08,3,1
696.65,0.6,89.22,607.44,3,0
647.74,0.4,95.43,552.31,2,1
942.78,1.0,179.7,763.08,5,1
784.04,0.6,138.78,645.26,3,0
840.69,0.8,94.92,745.77,4,1
2126.23,1.6,1054.05,1072.18,8,1
780.09,0.6,127.27,652.82,3,1
729.26,0.6,99.14,630.13,3,1
1386.91,1.4,483.32,903.59,7,1
716.93,0.6,64.11,652.82,3,0
734.77,0.4,137.08,597.69,2,1
1176.32,1.6,179.78,996.54,8,1
761.85,0.6,48.51,713.33,3,1
1881.67,1.4,849.49,1032.18,7,1
1237.69,0.8,499.49,738.21,4,1
512.44,0.2,45.51,466.92,1,0
766.24,0.6,143.68,622.56,3,1
790.23,0.6,197.92,592.31,3,1
643.99,0.4,99.24,544.74,2,0
943.3,0.8,182.41,760.9,4,1
1016.7,1.0,200.68,816.03,5,1
733.63,0.6,80.81,652.82,3,0
792.78,0.8,69.7,723.08,4,0
498.42,0.0,86.62,411.79,0,0
706.87,0.4,78.92,627.95,2,1
717.7,0.6,95.14,622.56,3,0
732.74,0.6,132.86,599.87,3,1
730.5,0.6,85.24,645.26,3,1
1527.04,1.8,414.86,1112.18,9,1
722.32,0.6,99.76,622.56,3,1
728.78,0.6,98.65,630.13,3,0
1418.26,1.6,338.51,1079.74,8,1
881.14,0.8,188.32,692.82,4,1
716.02,0.6,78.32,637.69,3,1
1319.8,2.0,160.05,1159.74,10,1
801.46,0.8,85.95,715.51,4,1
837.94,0.8,114.86,723.08,4,1
1549.07,1.8,436.89,1112.18,9,1
828.11,0.6,167.73,660.38,3,1
2255.74,1.8,1075.49,1180.26,9,1
981.12,0.8,288.3,692.82,4,1
745.44,0.6,138.0,607.44,3,0
653.56,0.4,63.43,590.13,2,0
448.45,0.0,44.22,404.23,0,0
1313.13,1.4,356.59,956.54,7,1
459.59,0.0,62.92,396.67,0,0
812.17,0.8,119.35,692.82,4,1
1798.18,2.0,585.49,1212.69,10,1
596.99,0.2,92.24,504.74,1,0
1095.23,1.2,216.51,878.72,6,1
945.03,1.0,136.57,808.46,5,1
809.84,0.6,194.84,615.0,3,1
725.69,0.6,80.43,645.26,3,0
970.23,1.0,139.08,831.15,5,1
449.79,0.0,38.0,411.79,0,0
752.61,0.6,107.35,645.26,3,1
604.95,0.2,145.59,459.36,1,1
890.34,0.8,144.57,745.77,4,1
898.07,0.8,159.86,738.21,4,0
760.65,0.6,85.14,675.51,3,0
2332.31,1.4,1300.14,1032.18,7,1
903.86,1.0,140.78,763.08,5,1
976.94,1.0,145.78,831.15,5,1
535.81,0.2,61.32,474.49,1,0
476.73,0.0,49.81,426.92,0,0
985.7,1.2,137.24,848.46,6,0
699.4,0.4,109.27,590.13,2,0
741.41,0.4,166.41,575.0,2,1
758.98,0.6,106.16,652.82,3,1
888.2,0.8,134.86,753.33,4,1
1766.31,1.2,827.08,939.23,6,1
1044.09,1.2,150.24,893.85,6,1
550.33,0.2,75.84,474.49,1,1
660.61,0.4,115.86,544.74,2,1
2161.47,1.4,1182.24,979.23,7,1
848.97,0.8,133.46,715.51,4,0
857.08,0.8,141.57,715.51,4,1
1192.47,1.6,112.73,1079.74,8,1
988.65,1.2,132.62,856.03,6,1
651.2,0.4,106.46,544.74,2,0
455.9,0.0,44.11,411.79,0,0
727.27,0.6,59.32,667.95,3,1
798.87,0.6,199.0,599.87,3,1
543.81,0.2,69.32,474.49,1,0
644.13,0.4,106.95,537.18,2,0
607.2,0.2,102.46,504.74,1,0
733.58,0.6,88.32,645.26,3,1
1901.82,1.2,1000.41,901.41,6,1
709.63,0.6,109.76,599.87,3,0
478.21,0.0,81.54,396.67,0,0
598.45,0.2,101.27,497.18,1,1
605.37,0.4,60.62,544.74,2,0
993.51,1.2,84.54,908.97,6,1
1180.48,1.4,155.86,1024.62,7,1
769.12,0.6,123.86,645.26,3,1
1353.75,1.8,241.57,1112.18,9,1
467.1,0.0,70.43,396.67,0,0
1175.89,0.8,467.95,707.95,4,1
751.22,0.6,143.78,607.44,3,1
534.0,0.2,59.51,474.49,1,0
759.73,0.6,137.16,622.56,3,1
898.22,1.0,97.32,800.9,5,1
755.52,0.6,95.14,660.38,3,0
1071.8,1.4,160.65,911.15,7,1
790.08,0.6,167.51,622.56,3,1
467.84,0.0,40.92,426.92,0,0
554.81,0.2,80.32,474.49,1,0
1550.86,2.2,245.22,1305.64,11,1
854.94,0.8,131.86,723.08,4,0
780.64,0.6,142.95,637.69,3,1
1479.71,1.8,344.84,1134.87,9,1
1087.65,1.2,231.62,856.03,6,1
959.77,1.0,121.05,838.72,5,1
763.62,0.6,80.54,683.08,3,1
1230.5,1.6,264.22,966.28,8,1
1587.92,1.0,779.46,808.46,5,1
684.78,0.6,62.22,622.56,3,0
545.06,0.2,78.14,466.92,1,0
800.27,0.8,92.32,707.95,4,0
1573.0,1.0,764.54,808.46,5,1
756.07,0.6,110.81,645.26,3,1
1179.38,1.6,137.46,1041.92,8,1
624.74,0.4,72.43,552.31,2,0
988.66,1.2,109.95,878.72,6,1
559.94,0.2,70.32,489.62,1,0
1228.09,1.2,326.68,901.41,6,1
1734.48,1.8,561.78,1172.69,9,1
807.1,0.8,84.03,723.08,4,1
1792.16,2.0,602.16,1190.0,10,1
862.39,0.8,109.05,753.33,4,1
583.57,0.0,149.08,434.49,0,0
473.33,0.0,46.41,426.92,0,0
754.38,0.6,139.38,615.0,3,1
2050.88,1.6,963.57,1087.31,8,1
634.51,0.4,112.46,522.05,2,1
697.81,0.4,115.24,582.56,2,1
647.33,0.4,95.03,552.31,2,1
685.97,0.4,95.84,590.13,2,1
758.25,0.6,105.43,652.82,3,1
858.81,1.0,95.73,763.08,5,1
616.5,0.4,79.32,537.18,2,1
853.46,0.8,130.38,723.08,4,1
610.8,0.2,106.05,504.74,1,0
1211.72,1.6,139.54,1072.18,8,1
778.96,0.6,141.27,637.69,3,1
926.02,1.0,155.38,770.64,5,1
1089.64,1.4,125.54,964.1,7,1
674.88,0.4,122.57,552.31,2,1
790.08,0.6,167.51,622.56,3,0
591.46,0.2,124.54,466.92,1,0
762.63,0.6,102.24,660.38,3,0
848.17,0.8,155.35,692.82,4,1
932.0,1.0,108.41,823.59,5,1
794.22,0.6,126.27,667.95,3,1
758.96,0.6,106.14,652.82,3,1
752.97,0.6,137.97,615.0,3,0
1000.88,1.2,122.16,878.72,6,1
2359.25,1.4,1372.46,986.79,7,1
635.02,0.4,97.84,537.18,2,1
723.64,0.6,85.95,637.69,3,1
576.88,0.2,125.08,451.79,1,0
839.04,0.8,100.84,738.21,4,1
2121.88,1.6,1034.57,1087.31,8,1
994.47,1.2,153.57,840.9,6,1
469.53,0.0,80.43,389.1,0,0
909.16,1.0,93.14,816.03,5,1
