"Total_Cost","Ratio_Reloc_Prod","Horiz_Cost","Vert_Cost","nReloc","non_Optimal"
255786.41,0.7707,45570.3,210216.05,1156,5
685.14,0.6,77.7,607.44,3,0
517.09,0.2,57.73,459.36,1,0
421.81,0.0,32.7,389.1,0,0
600.32,0.2,118.27,482.05,1,0
510.48,0.0,121.38,389.1,0,0
677.47,0.6,92.73,584.74,3,0
627.46,0.4,105.41,522.05,2,0
523.61,0.0,119.38,404.23,0,0
1056.73,1.2,253.65,803.08,6,0
834.34,0.8,149.08,685.26,4,0
937.52,1.0,189.57,747.95,5,0
780.13,0.6,157.57,622.56,3,0
738.34,0.6,108.22,630.13,3,0
777.34,0.6,132.08,645.26,3,0
1372.15,2.0,219.97,1152.18,10,0
553.89,0.2,71.84,482.05,1,0
493.69,0.0,97.03,396.67,0,0
1030.57,1.2,189.68,840.9,6,0
879.33,1.0,138.95,740.38,5,0
471.45,0.0,67.22,404.23,0,0
509.09,0.0,89.73,419.36,0,0
1161.12,1.4,234.84,926.28,7,0
929.66,0.8,236.84,692.82,4,0
1153.21,1.2,297.19,856.03,6,0
905.72,0.8,228.03,677.69,4,0
1108.92,1.2,260.46,848.46,6,0
931.28,0.8,246.03,685.26,4,0
1007.81,1.2,159.35,848.46,6,0
857.95,0.8,157.57,700.38,4,0
899.61,1.0,113.84,785.77,5,0
545.46,0.0,118.54,426.92,0,0
840.02,0.6,202.32,637.69,3,0
625.84,0.2,90.84,535.0,1,0
856.49,0.8,140.97,715.51,4,0
687.37,0.4,97.24,590.13,2,0
627.25,0.4,74.95,552.31,2,0
657.6,0.4,97.73,559.87,2,0
661.79,0.4,94.35,567.44,2,0
578.78,0.2,96.73,482.05,1,0
500.93,0.0,89.14,411.79,0,0
676.35,0.4,108.92,567.44,2,0
1575.63,2.4,267.81,1307.82,12,0
551.18,0.2,54.0,497.18,1,0
763.42,0.6,118.16,645.26,3,0
603.2,0.2,98.46,504.74,1,0
687.69,0.4,135.38,552.31,2,0
644.22,0.4,69.22,575.0,2,0
1414.98,2.0,240.11,1174.87,10,0
752.39,0.6,107.14,645.26,3,0
687.65,0.4,112.65,575.0,2,0
953.35,1.0,129.76,823.59,5,0
882.47,0.8,182.08,700.38,4,0
717.28,0.6,72.03,645.26,3,0
1010.86,1.2,147.27,863.59,6,0
815.57,0.8,100.05,715.51,4,0
843.31,0.8,150.49,692.82,4,0
786.5,0.6,133.68,652.82,3,0
775.47,0.6,122.65,652.82,3,0
864.95,0.8,157.0,707.95,4,0
469.03,0.0,42.11,426.92,0,0
1253.23,1.6,226.43,1026.79,8,0
968.97,1.0,205.89,763.08,5,0
561.96,0.2,110.16,451.79,1,0
1048.76,1.2,200.3,848.46,6,0
1121.97,1.4,173.0,948.97,7,0
988.44,1.0,195.11,793.33,5,0
1035.15,1.2,164.0,871.15,6,0
560.18,0.0,163.51,396.67,0,0
652.92,0.4,130.86,522.05,2,0
717.43,0.4,134.86,582.56,2,0
984.81,1.0,176.35,808.46,5,0
525.64,0.0,128.97,396.67,0,0
623.37,0.4,40.81,582.56,2,0
1048.05,1.2,176.89,871.15,6,0
653.48,0.4,70.92,582.56,2,0
945.22,1.0,136.76,808.46,5,0
1012.87,1.0,219.54,793.33,5,0
1147.65,1.4,198.68,948.97,7,0
1167.32,1.4,263.73,903.59,7,0
695.32,0.4,165.7,529.62,2,0
1225.42,1.4,314.27,911.15,7,0
847.86,0.8,132.35,715.51,4,0
1021.43,1.0,258.35,763.08,5,0
1051.05,1.2,179.89,871.15,6,0
875.48,0.8,205.35,670.13,4,0
473.36,0.0,54.0,419.36,0,0
1224.1,1.6,159.49,1064.62,8,0
911.61,1.0,125.84,785.77,5,0
651.73,0.4,76.73,575.0,2,0
1212.45,1.6,193.22,1019.23,8,0
1335.86,1.8,185.86,1150.0,9,0
976.85,1.0,191.08,785.77,5,0
539.7,0.2,65.22,474.49,1,0
705.56,0.6,75.43,630.13,3,0
772.67,0.6,82.03,690.64,3,0
969.17,1.0,183.41,785.77,5,0
721.83,0.4,139.27,582.56,2,0
1159.44,1.2,333.68,825.77,6,0
1422.12,2.0,254.81,1167.31,10,0
866.64,0.8,143.57,723.08,4,0
973.85,1.0,188.08,785.77,5,0
934.0,1.0,125.54,808.46,5,0
461.91,0.0,72.81,389.1,0,0
781.96,0.4,229.65,552.31,2,0
725.48,0.4,188.3,537.18,2,0
752.66,0.6,99.84,652.82,3,0
1201.49,1.4,252.51,948.97,7,0
616.99,0.4,79.81,537.18,2,0
1129.57,1.2,288.68,840.9,6,0
669.39,0.4,124.65,544.74,2,0
854.75,0.8,131.68,723.08,4,0
551.75,0.2,62.14,489.62,1,0
551.97,0.2,69.92,482.05,1,0
480.89,0.0,46.41,434.49,0,1
715.48,0.4,178.3,537.18,2,0
760.01,0.6,114.76,645.26,3,0
480.32,0.0,30.7,449.62,0,0
482.05,0.0,40.0,442.05,0,0
1534.3,2.2,258.92,1275.38,11,0
592.54,0.2,118.05,474.49,1,0
1271.21,1.4,314.68,956.54,7,0
642.89,0.4,113.27,529.62,2,0
880.71,0.8,127.38,753.33,4,0
491.9,0.0,72.54,419.36,0,1
917.56,0.8,186.92,730.64,4,0
722.71,0.4,170.41,552.31,2,0
749.34,0.6,164.59,584.74,3,0
1219.41,1.6,238.0,981.41,8,0
1154.57,1.4,205.59,948.97,7,0
1218.13,1.4,306.97,911.15,7,0
1242.9,1.6,208.54,1034.36,8,0
911.5,1.0,118.16,793.33,5,0
462.28,0.0,42.92,419.36,0,0
802.45,0.6,157.19,645.26,3,0
924.81,1.0,116.35,808.46,5,0
1069.9,1.2,168.49,901.41,6,0
718.47,0.4,158.59,559.87,2,0
478.82,0.0,67.03,411.79,0,0
931.9,1.0,138.57,793.33,5,0
1205.24,1.4,241.14,964.1,7,0
788.36,0.6,188.49,599.87,3,0
490.23,0.0,78.43,411.79,0,0
590.39,0.2,85.65,504.74,1,0
999.68,1.2,105.84,893.85,6,0
737.53,0.6,99.84,637.69,3,0
905.83,0.8,167.62,738.21,4,0
584.29,0.2,102.24,482.05,1,0
1216.06,1.4,274.65,941.41,7,0
901.21,0.8,170.57,730.64,4,0
888.92,0.8,180.97,707.95,4,0
890.28,0.8,189.89,700.38,4,0
987.92,1.0,179.46,808.46,5,0
1188.2,1.6,214.35,973.85,8,0
1171.06,1.4,237.22,933.85,7,0
955.78,1.0,192.7,763.08,5,0
576.7,0.2,94.65,482.05,1,1
687.5,0.4,142.76,544.74,2,0
586.93,0.2,127.57,459.36,1,0
991.89,1.0,228.81,763.08,5,0
1203.12,1.6,183.89,1019.23,8,0
1217.32,1.6,213.22,1004.1,8,0
807.59,0.6,185.03,622.56,3,0
604.52,0.4,52.22,552.31,2,0
741.6,0.4,181.73,559.87,2,0
1046.04,1.2,159.76,886.28,6,0
900.8,0.8,223.11,677.69,4,0
794.37,0.6,171.81,622.56,3,0
928.97,0.8,213.46,715.51,4,0
1058.02,1.2,186.86,871.15,6,0
1075.4,1.4,103.73,971.67,7,0
574.01,0.2,114.65,459.36,1,0
1185.87,1.6,196.89,988.97,8,0
1120.14,1.4,186.3,933.85,7,0
1084.03,1.4,142.62,941.41,7,0
1400.21,1.8,242.65,1157.56,9,0
667.09,0.4,122.35,544.74,2,0
763.14,0.6,110.32,652.82,3,0
498.23,0.0,94.0,404.23,0,0
582.01,0.0,170.22,411.79,0,0
1257.95,1.4,263.59,994.36,7,0
1224.6,1.6,182.68,1041.92,8,0
719.09,0.6,58.7,660.38,3,0
1165.22,1.4,216.24,948.97,7,0
799.24,0.6,169.11,630.13,3,0
966.03,1.0,157.57,808.46,5,0
571.16,0.2,81.54,489.62,1,0
721.7,0.6,99.14,622.56,3,0
925.07,1.0,146.86,778.21,5,0
727.87,0.6,59.92,667.95,3,0
796.01,0.6,150.76,645.26,3,0
844.4,0.8,113.76,730.64,4,0
1337.95,1.8,203.08,1134.87,9,0
851.22,0.8,150.84,700.38,4,0
1211.07,1.6,146.46,1064.62,8,0
855.85,0.8,178.16,677.69,4,0
583.84,0.2,109.35,474.49,1,0
728.35,0.4,160.92,567.44,2,0
744.55,0.6,91.73,652.82,3,0
906.6,1.0,98.14,808.46,5,0
972.8,1.0,194.59,778.21,5,0
1149.0,1.4,192.46,956.54,7,0
1213.83,1.4,249.73,964.1,7,0
1040.28,1.2,214.51,825.77,6,0
1036.64,1.2,165.49,871.15,6,0
505.85,0.0,94.05,411.79,0,0
1261.34,1.6,234.54,1026.79,8,0
1185.76,1.6,143.84,1041.92,8,0
899.36,1.0,106.03,793.33,5,0
1281.19,1.6,224.14,1057.05,8,0
635.47,0.4,90.73,544.74,2,0
655.05,0.4,64.92,590.13,2,0
1270.49,1.6,236.14,1034.36,8,0
898.77,0.8,153.0,745.77,4,0
820.82,0.8,120.43,700.38,4,0
539.7,0.2,65.22,474.49,1,1
560.33,0.2,85.84,474.49,1,0
908.89,0.8,246.32,662.56,4,0
702.15,0.4,164.97,537.18,2,0
1018.2,1.2,184.86,833.33,6,0
462.07,0.0,65.41,396.67,0,0
823.89,0.6,201.32,622.56,3,0
872.98,0.8,165.03,707.95,4,0
715.45,0.4,170.7,544.74,2,0
772.71,0.6,165.27,607.44,3,0
838.22,0.8,137.84,700.38,4,0
481.47,0.0,62.11,419.36,0,0
700.01,0.4,155.27,544.74,2,0
489.02,0.0,39.41,449.62,0,0
1146.96,1.4,175.3,971.67,7,0
864.54,0.8,156.59,707.95,4,0
868.74,1.0,128.35,740.38,5,0
785.14,0.6,177.7,607.44,3,0
1065.84,1.2,209.81,856.03,6,0
787.47,0.6,134.65,652.82,3,0
499.13,0.0,102.46,396.67,0,0
573.61,0.2,76.43,497.18,1,0
773.71,0.6,166.27,607.44,3,0
912.03,0.8,196.51,715.51,4,0
1277.0,1.6,227.51,1049.49,8,0
1122.81,1.4,166.27,956.54,7,0
901.09,0.8,200.7,700.38,4,0
690.3,0.4,122.86,567.44,2,0
708.22,0.6,108.35,599.87,3,0
1170.44,1.4,236.59,933.85,7,0
1171.44,1.6,129.51,1041.92,8,0
855.8,0.8,125.16,730.64,4,0
536.33,0.2,69.41,466.92,1,0
896.22,0.8,180.7,715.51,4,0
538.98,0.2,79.62,459.36,1,0
1175.03,1.6,125.54,1049.49,8,0
1299.49,1.8,217.57,1081.92,9,0
777.03,0.6,169.59,607.44,3,0
685.65,0.4,110.65,575.0,2,0
1162.49,1.4,213.51,948.97,7,0
750.25,0.4,182.81,567.44,2,0
635.01,0.4,75.14,559.87,2,0
806.8,0.8,121.54,685.26,4,0
658.39,0.4,113.65,544.74,2,0
1063.9,1.2,162.49,901.41,6,0
927.0,1.0,171.49,755.51,5,0
514.87,0.0,87.95,426.92,0,0
1121.9,1.2,281.0,840.9,6,0
907.23,1.0,121.46,785.77,5,0
1428.99,2.0,284.38,1144.62,10,0
903.42,0.8,172.78,730.64,4,0
737.7,0.6,107.57,630.13,3,0
753.01,0.6,92.62,660.38,3,0
563.37,0.2,58.62,504.74,1,0
741.61,0.4,204.43,537.18,2,0
672.15,0.4,119.84,552.31,2,0
471.66,0.0,67.43,404.23,0,0
529.91,0.0,125.68,404.23,0,0
707.39,0.4,155.08,552.31,2,0
933.85,0.8,256.16,677.69,4,0
601.13,0.2,103.95,497.18,1,0
920.73,0.8,205.22,715.51,4,0
714.07,0.4,176.89,537.18,2,0
947.1,1.0,115.95,831.15,5,0
725.48,0.6,102.92,622.56,3,0
697.22,0.4,129.78,567.44,2,0
1051.3,1.2,149.89,901.41,6,0
501.36,0.0,82.0,419.36,0,0
1094.3,1.4,137.76,956.54,7,0
588.22,0.2,128.86,459.36,1,0
866.11,0.8,165.73,700.38,4,0
832.75,0.8,94.54,738.21,4,0
1259.81,1.8,102.24,1157.56,9,0
902.11,0.8,186.59,715.51,4,0
830.12,0.6,230.24,599.87,3,0
1036.7,1.2,180.68,856.03,6,0
849.76,0.8,149.38,700.38,4,0
1104.06,1.0,303.16,800.9,5,0
840.23,0.6,247.92,592.31,3,0
1681.46,2.4,343.38,1338.08,12,0
573.11,0.2,98.62,474.49,1,0
610.53,0.4,80.92,529.62,2,0
1464.45,2.0,259.32,1205.13,10,0
768.43,0.6,145.86,622.56,3,0
751.2,0.4,206.46,544.74,2,0
504.63,0.0,92.84,411.79,0,1
