"Total_Cost","Ratio_Reloc_Prod","Horiz_Cost","Vert_Cost","nReloc","non_Optimal"
225048.81,0.444,34031.74,191017.04,666,375
925.73,1.25,104.32,821.41,5,1
866.89,1.0,130.86,736.03,4,1
558.39,0.25,93.65,464.74,1,1
418.58,0.0,39.22,379.36,0,1
1177.25,1.75,215.32,961.92,7,1
549.77,0.25,77.46,472.31,1,1
547.71,0.25,67.84,479.87,1,1
685.91,0.5,135.78,550.13,2,1
676.61,0.5,111.35,565.26,2,1
534.18,0.25,69.43,464.74,1,1
436.66,0.0,72.43,364.23,0,1
872.51,1.0,189.43,683.08,4,1
603.4,0.25,153.78,449.62,1,1
867.03,1.25,106.14,760.9,5,1
757.33,0.75,129.38,627.95,3,1
797.26,0.75,199.57,597.69,3,1
407.31,0.0,35.51,371.79,0,1
891.47,1.25,130.57,760.9,5,1
440.77,0.0,76.54,364.23,0,1
621.82,0.5,101.95,519.87,2,1
580.7,0.25,131.08,449.62,1,1
585.2,0.5,65.32,519.87,2,1
562.45,0.25,105.27,457.18,1,1
535.92,0.25,93.86,442.05,1,1
585.7,0.25,136.08,449.62,1,1
608.23,0.5,111.05,497.18,2,1
412.5,0.0,40.7,371.79,0,1
383.1,0.0,34.0,349.1,0,1
636.48,0.5,86.35,550.13,2,1
707.25,0.75,94.43,612.82,3,1
458.63,0.25,31.7,426.92,1,1
686.61,0.75,81.35,605.26,3,1
428.71,0.0,56.92,371.79,0,1
652.05,0.5,117.05,535.0,2,1
756.05,1.0,65.41,690.64,4,1
444.72,0.0,88.05,356.67,0,1
528.4,0.25,86.35,442.05,1,1
616.65,0.5,81.65,535.0,2,1
702.5,0.75,97.24,605.26,3,1
1019.24,1.5,150.27,868.97,6,1
686.82,0.5,121.57,565.26,2,1
488.6,0.25,54.11,434.49,1,1
886.25,1.25,125.35,760.9,5,1
660.67,0.75,70.54,590.13,3,1
1110.09,1.75,148.16,961.92,7,1
749.49,0.75,113.97,635.51,3,1
735.31,0.75,122.49,612.82,3,1
636.64,0.5,86.51,550.13,2,1
525.42,0.25,53.11,472.31,1,1
383.21,0.0,34.11,349.1,0,1
689.53,0.5,124.27,565.26,2,1
718.45,0.75,120.76,597.69,3,1
893.09,1.0,172.19,720.9,4,1
638.0,0.5,110.57,527.44,2,1
509.09,0.0,137.3,371.79,0,1
631.84,0.5,96.84,535.0,2,1
381.32,0.0,32.22,349.1,0,1
629.24,0.5,94.24,535.0,2,1
1189.16,2.25,124.54,1064.62,9,1
553.74,0.25,81.43,472.31,1,1
423.66,0.0,59.43,364.23,0,1
750.03,0.75,122.08,627.95,3,1
632.42,0.5,74.73,557.69,2,1
587.67,0.25,130.49,457.18,1,1
505.71,0.25,33.41,472.31,1,1
430.17,0.0,50.81,379.36,0,1
744.86,0.5,194.73,550.13,2,1
635.46,0.5,100.46,535.0,2,1
761.67,0.75,126.16,635.51,3,1
749.23,0.75,91.03,658.21,3,1
581.15,0.25,123.97,457.18,1,1
718.79,0.5,145.97,572.82,2,1
531.31,0.25,74.14,457.18,1,1
421.1,0.0,64.43,356.67,0,1
606.24,0.5,71.24,535.0,2,1
431.82,0.0,60.03,371.79,0,1
655.99,0.5,105.86,550.13,2,1
1054.12,1.75,175.41,878.72,7,1
512.35,0.25,62.73,449.62,1,1
539.05,0.25,89.43,449.62,1,1
876.25,1.0,147.78,728.46,4,1
585.17,0.5,57.73,527.44,2,1
490.7,0.25,56.22,434.49,1,1
555.26,0.5,50.51,504.74,2,1
399.59,0.0,42.92,356.67,0,1
510.53,0.25,60.92,449.62,1,1
580.42,0.5,83.24,497.18,2,1
570.85,0.25,98.54,472.31,1,1
680.25,0.5,167.95,512.31,2,1
467.63,0.25,40.7,426.92,1,1
686.38,0.75,66.0,620.38,3,1
652.72,0.5,87.46,565.26,2,1
383.21,0.0,34.11,349.1,0,1
655.42,0.75,57.73,597.69,3,1
709.83,1.0,72.14,637.69,4,1
653.38,0.5,118.38,535.0,2,1
640.05,0.5,105.05,535.0,2,1
718.37,0.75,120.68,597.69,3,1
728.39,0.75,115.57,612.82,3,1
587.75,0.25,130.57,457.18,1,1
757.85,1.0,105.03,652.82,4,1
740.78,0.75,158.22,582.56,3,1
556.64,0.25,99.46,457.18,1,1
577.82,0.25,113.08,464.74,1,1
653.92,0.5,111.35,542.56,2,1
593.86,0.25,136.68,457.18,1,1
531.04,0.25,58.73,472.31,1,1
872.91,1.0,174.7,698.21,4,1
715.84,0.75,95.46,620.38,3,1
630.84,0.5,110.97,519.87,2,1
520.71,0.25,48.41,472.31,1,1
662.03,0.5,81.65,580.38,2,1
664.66,0.75,59.41,605.26,3,1
480.33,0.25,53.41,426.92,1,1
378.32,0.0,29.22,349.1,0,1
411.14,0.0,77.16,333.97,0,1
604.24,0.25,154.62,449.62,1,1
542.93,0.25,70.62,472.31,1,1
661.0,0.5,126.0,535.0,2,1
516.51,0.25,82.03,434.49,1,1
398.37,0.0,41.7,356.67,0,1
614.06,0.25,134.19,479.87,1,1
529.31,0.25,72.14,457.18,1,1
369.54,0.0,28.0,341.54,0,1
638.27,0.5,103.27,535.0,2,1
602.17,0.5,74.73,527.44,2,1
375.91,0.0,26.81,349.1,0,1
505.33,0.25,70.84,434.49,1,1
408.85,0.0,44.62,364.23,0,1
597.93,0.25,133.19,464.74,1,1
560.75,0.5,71.14,489.62,2,1
696.55,0.5,131.3,565.26,2,1
558.61,0.25,93.86,464.74,1,1
372.94,0.0,31.41,341.54,0,1
599.86,0.25,157.81,442.05,1,1
677.3,0.75,56.92,620.38,3,1
493.29,0.25,36.11,457.18,1,1
553.21,0.25,111.16,442.05,1,1
410.93,0.0,46.7,364.23,0,1
480.05,0.25,38.0,442.05,1,1
577.42,0.25,112.68,464.74,1,1
554.28,0.25,89.54,464.74,1,1
748.76,0.75,113.24,635.51,3,1
439.9,0.0,60.54,379.36,0,1
369.1,0.0,20.0,349.1,0,1
364.24,0.0,22.7,341.54,0,1
707.46,0.75,71.95,635.51,3,1
414.64,0.0,65.54,349.1,0,1
863.68,1.25,95.22,768.46,5,1
538.93,0.25,66.62,472.31,1,1
700.44,0.75,87.62,612.82,3,1
579.88,0.25,107.57,472.31,1,1
495.88,0.25,38.7,457.18,1,1
819.75,1.0,136.68,683.08,4,1
526.26,0.25,61.51,464.74,1,1
924.71,1.25,118.43,806.28,5,1
637.6,0.5,110.16,527.44,2,1
540.18,0.25,75.43,464.74,1,1
564.12,0.25,84.24,479.87,1,1
705.45,0.75,107.76,597.69,3,1
594.17,0.25,121.86,472.31,1,1
686.69,0.5,113.86,572.82,2,1
497.03,0.25,62.54,434.49,1,1
457.03,0.25,30.11,426.92,1,1
351.92,0.0,25.51,326.41,0,1
481.64,0.0,124.97,356.67,0,1
365.54,0.0,24.0,341.54,0,1
554.37,0.25,104.76,449.62,1,1
842.13,1.25,119.05,723.08,5,1
683.85,0.5,126.16,557.69,2,1
577.26,0.25,120.08,457.18,1,1
422.01,0.0,50.22,371.79,0,1
452.28,0.0,88.05,364.23,0,1
650.17,0.5,130.3,519.87,2,1
480.17,0.0,93.24,386.92,0,1
572.61,0.25,107.86,464.74,1,1
583.05,0.25,141.0,442.05,1,1
587.48,0.5,97.86,489.62,2,1
494.58,0.25,37.41,457.18,1,1
569.34,0.25,112.16,457.18,1,1
672.7,0.5,122.57,550.13,2,1
719.17,0.75,106.35,612.82,3,1
613.08,0.5,85.65,527.44,2,1
515.78,0.25,73.73,442.05,1,1
531.47,0.25,66.73,464.74,1,1
488.2,0.25,68.84,419.36,1,1
612.22,0.5,92.35,519.87,2,1
606.71,0.5,86.84,519.87,2,1
403.41,0.0,69.43,333.97,0,1
724.6,0.75,96.65,627.95,3,1
617.33,0.5,97.46,519.87,2,1
888.95,1.0,175.62,713.33,4,1
412.23,0.0,48.0,364.23,0,1
768.15,0.5,210.46,557.69,2,1
677.72,0.75,80.03,597.69,3,1
623.44,0.5,103.57,519.87,2,1
600.32,0.5,65.32,535.0,2,1
659.94,0.5,102.24,557.69,2,1
536.13,0.25,78.95,457.18,1,1
465.87,0.0,78.95,386.92,0,1
425.62,0.0,91.65,333.97,0,1
448.34,0.0,76.54,371.79,0,1
542.53,0.5,52.92,489.62,2,1
734.83,0.75,144.7,590.13,3,1
562.33,0.5,50.03,512.31,2,1
606.26,0.5,109.08,497.18,2,1
451.55,0.0,79.76,371.79,0,1
711.25,0.75,90.86,620.38,3,1
433.2,0.0,61.41,371.79,0,1
618.95,0.75,51.51,567.44,3,1
558.91,0.25,94.16,464.74,1,1
490.22,0.25,55.73,434.49,1,1
358.68,0.0,24.7,333.97,0,1
548.53,0.5,58.92,489.62,2,1
564.44,0.25,92.14,472.31,1,1
528.15,0.25,63.41,464.74,1,1
442.88,0.25,46.22,396.67,1,1
545.71,0.5,33.41,512.31,2,1
704.61,0.5,154.49,550.13,2,1
602.52,0.5,82.65,519.87,2,1
643.13,0.5,100.57,542.56,2,1
552.28,0.25,87.54,464.74,1,1
654.86,0.5,119.86,535.0,2,1
538.92,0.5,64.43,474.49,2,1
594.25,0.5,81.95,512.31,2,1
704.56,0.75,106.86,597.69,3,1
644.57,0.5,109.57,535.0,2,1
571.51,0.5,36.51,535.0,2,1
578.75,0.25,121.57,457.18,1,1
555.07,0.5,50.32,504.74,2,1
569.6,0.25,135.11,434.49,1,1
657.33,0.5,129.89,527.44,2,1
649.39,0.5,84.14,565.26,2,1
380.02,0.0,30.92,349.1,0,1
591.09,0.5,71.22,519.87,2,1
692.25,0.75,79.43,612.82,3,1
689.67,0.5,147.11,542.56,2,1
629.5,0.25,172.32,457.18,1,1
601.87,0.5,74.43,527.44,2,1
529.86,0.25,80.24,449.62,1,1
905.5,1.25,167.3,738.21,5,1
614.79,0.5,87.35,527.44,2,1
746.34,0.75,156.22,590.13,3,1
902.23,1.25,95.95,806.28,5,1
534.47,0.25,69.73,464.74,1,1
909.24,1.25,125.65,783.59,5,1
648.33,0.5,120.89,527.44,2,1
635.97,0.5,85.84,550.13,2,1
564.92,0.25,138.0,426.92,1,1
618.54,0.5,83.54,535.0,2,1
475.12,0.0,95.76,379.36,0,1
369.65,0.0,28.11,341.54,0,1
818.97,1.0,135.89,683.08,4,1
351.92,0.0,25.51,326.41,0,1
659.73,0.75,84.73,575.0,3,1
646.95,0.5,111.95,535.0,2,1
498.16,0.25,56.11,442.05,1,1
527.29,0.25,85.24,442.05,1,1
364.38,0.0,30.41,333.97,0,1
1094.92,1.75,193.51,901.41,7,1
520.13,0.25,70.51,449.62,1,1
507.27,0.25,65.22,442.05,1,1
656.75,0.5,99.05,557.69,2,1
869.89,1.0,186.81,683.08,4,1
670.92,0.75,88.35,582.56,3,1
389.07,0.0,32.41,356.67,0,1
474.17,0.0,87.24,386.92,0,1
387.1,0.0,38.0,349.1,0,1
857.63,1.0,197.24,660.38,4,1
1098.2,1.75,158.97,939.23,7,1
535.13,0.25,77.95,457.18,1,1
939.15,1.0,188.0,751.15,4,1
544.85,0.5,40.11,504.74,2,1
452.2,0.25,40.41,411.79,1,1
652.81,0.5,125.38,527.44,2,1
382.51,0.0,33.41,349.1,0,1
440.18,0.0,75.95,364.23,0,1
598.08,0.5,55.51,542.56,2,1
620.93,0.5,48.11,572.82,2,1
604.83,0.25,155.22,449.62,1,1
746.13,0.75,103.05,643.08,3,1
454.49,0.0,75.14,379.36,0,1
377.54,0.0,36.0,341.54,0,1
523.88,0.25,66.7,457.18,1,1
527.59,0.25,85.54,442.05,1,1
531.69,0.25,74.51,457.18,1,1
589.76,0.5,62.32,527.44,2,1
563.71,0.5,51.41,512.31,2,1
519.52,0.25,100.16,419.36,1,1
771.2,1.0,118.38,652.82,4,1
420.31,0.0,48.51,371.79,0,1
509.85,0.25,45.11,464.74,1,1
391.1,0.0,42.0,349.1,0,1
857.63,1.25,96.73,760.9,5,1
419.05,0.0,69.95,349.1,0,1
684.25,0.75,71.43,612.82,3,1
463.71,0.0,84.35,379.36,0,1
499.7,0.25,65.22,434.49,1,1
583.72,0.5,86.54,497.18,2,1
553.92,0.25,111.86,442.05,1,1
436.23,0.0,64.43,371.79,0,1
968.51,1.25,184.92,783.59,5,1
566.09,0.5,46.22,519.87,2,1
711.46,0.75,128.89,582.56,3,1
526.45,0.25,76.84,449.62,1,1
494.29,0.25,37.11,457.18,1,1
583.23,0.5,70.92,512.31,2,1
386.57,0.0,45.03,341.54,0,1
533.27,0.25,106.35,426.92,1,1
599.48,0.25,142.3,457.18,1,1
471.17,0.0,84.24,386.92,0,1
440.26,0.0,76.03,364.23,0,1
389.65,0.0,48.11,341.54,0,1
616.86,0.5,119.68,497.18,2,1
618.0,0.5,75.43,542.56,2,1
562.28,0.5,42.41,519.87,2,1
826.76,1.0,105.86,720.9,4,1
883.2,1.25,129.86,753.33,5,1
410.23,0.0,46.0,364.23,0,1
606.68,0.5,79.24,527.44,2,1
546.64,0.5,57.03,489.62,2,1
470.44,0.25,43.51,426.92,1,1
698.96,0.75,86.14,612.82,3,1
423.74,0.0,59.51,364.23,0,1
760.51,1.0,77.43,683.08,4,1
798.05,1.0,114.97,683.08,4,1
670.5,0.5,158.19,512.31,2,1
865.98,1.0,198.03,667.95,4,1
572.95,0.5,45.51,527.44,2,1
455.98,0.25,36.62,419.36,1,1
615.56,0.5,118.38,497.18,2,1
595.71,0.5,75.84,519.87,2,1
789.71,1.0,121.76,667.95,4,1
529.35,0.25,94.86,434.49,1,1
567.81,0.5,85.76,482.05,2,1
660.56,0.75,70.43,590.13,3,1
471.94,0.0,115.27,356.67,0,1
587.67,0.5,98.05,489.62,2,1
486.7,0.25,52.22,434.49,1,1
493.6,0.25,59.11,434.49,1,1
576.84,0.5,49.41,527.44,2,1
526.98,0.25,100.05,426.92,1,1
676.78,0.75,94.22,582.56,3,1
656.29,0.75,73.73,582.56,3,1
528.45,0.0,164.22,364.23,0,1
709.67,0.75,111.97,597.69,3,1
793.64,1.0,95.43,698.21,4,1
551.25,0.25,78.95,472.31,1,1
420.23,0.0,56.0,364.23,0,1
394.35,0.0,52.81,341.54,0,1
449.14,0.0,62.22,386.92,0,1
414.83,0.0,65.73,349.1,0,1
665.21,0.75,67.51,597.69,3,1
441.1,0.0,84.43,356.67,0,1
559.89,0.25,110.27,449.62,1,1
714.06,0.75,101.24,612.82,3,1
756.12,0.5,198.43,557.69,2,1
470.77,0.25,66.54,404.23,1,1
747.82,0.75,142.57,605.26,3,1
601.35,0.5,73.92,527.44,2,1
680.97,0.5,138.41,542.56,2,1
776.71,0.75,163.89,612.82,3,1
589.51,0.5,54.51,535.0,2,1
472.28,0.25,52.92,419.36,1,1
460.44,0.0,88.65,371.79,0,1
838.19,1.0,155.11,683.08,4,1
603.27,0.5,75.84,527.44,2,1
494.11,0.25,59.62,434.49,1,1
835.77,1.25,82.43,753.33,5,1
730.16,0.75,147.59,582.56,3,1
846.44,1.25,85.54,760.9,5,1
471.98,0.0,85.05,386.92,0,1
717.61,0.75,127.49,590.13,3,1
523.37,0.25,58.62,464.74,1,1
415.64,0.0,66.54,349.1,0,1
