"Total_Cost","Ratio_Reloc_Prod","Horiz_Cost","Vert_Cost","nReloc","non_Optimal"
221373.87,0.3867,32125.13,189248.7,580,150
1360.19,0.3,189.68,1170.51,3,1
1650.66,0.5,241.3,1409.36,5,1
1893.32,0.9,233.19,1660.13,9,1
1793.33,0.8,203.46,1589.87,8,1
1596.85,0.6,208.0,1388.85,6,1
1478.27,0.5,167.24,1311.03,5,1
1737.55,0.7,255.76,1481.79,7,1
1478.02,0.4,191.86,1286.15,4,1
1540.28,0.4,284.38,1255.9,4,1
1539.07,0.5,197.78,1341.28,5,1
1286.3,0.2,216.3,1070.0,2,1
1223.51,0.2,145.95,1077.56,2,1
1680.13,0.5,308.59,1371.54,5,1
2144.32,1.1,290.73,1853.59,11,1
1742.99,0.6,308.76,1434.23,6,1
1521.19,0.5,157.22,1363.97,5,1
1742.99,0.6,316.32,1426.67,6,1
1527.69,0.4,241.54,1286.15,4,1
1144.23,0.2,96.92,1047.31,2,1
1485.67,0.3,300.03,1185.64,3,1
1562.34,0.6,181.05,1381.28,6,1
1615.51,0.6,203.97,1411.54,6,1
1441.47,0.4,147.76,1293.72,4,1
1677.11,0.5,305.57,1371.54,5,1
1272.81,0.1,235.24,1037.56,1,1
1370.96,0.4,190.7,1180.26,4,1
1244.29,0.2,159.16,1085.13,2,1
1732.66,0.7,258.43,1474.23,7,1
1200.26,0.2,115.14,1085.13,2,1
1918.38,0.9,273.38,1645.0,9,1
1477.58,0.5,143.86,1333.72,5,1
2017.35,0.9,319.41,1697.95,9,1
1484.55,0.4,183.27,1301.28,4,1
1625.81,0.4,362.35,1263.46,4,1
1256.2,0.1,248.89,1007.31,1,1
1236.44,0.1,229.14,1007.31,1,1
1744.67,0.6,325.57,1419.1,6,1
2004.24,0.9,283.59,1720.64,9,1
1576.54,0.4,252.57,1323.97,4,1
1727.52,0.6,225.22,1502.31,6,1
1410.8,0.2,250.03,1160.77,2,1
1519.51,0.4,240.92,1278.59,4,1
1673.89,0.5,302.35,1371.54,5,1
1443.37,0.3,204.78,1238.59,3,1
1570.17,0.5,228.89,1341.28,5,1
1395.4,0.2,249.76,1145.64,2,1
1477.45,0.4,191.3,1286.15,4,1
1525.98,0.5,169.57,1356.41,5,1
1462.95,0.3,254.62,1208.33,3,1
1477.4,0.5,166.38,1311.03,5,1
1273.8,0.2,188.68,1085.13,2,1
1600.81,0.5,236.84,1363.97,5,1
1279.32,0.2,141.24,1138.08,2,1
1304.3,0.2,181.35,1122.95,2,1
1334.35,0.3,156.27,1178.08,3,1
1376.02,0.2,222.81,1153.21,2,1
1513.43,0.5,202.41,1311.03,5,1
1252.37,0.2,174.81,1077.56,2,1
1606.94,0.6,180.27,1426.67,6,1
1352.34,0.3,151.57,1200.77,3,1
1466.22,0.4,210.32,1255.9,4,1
1151.79,0.1,129.35,1022.44,1,1
1680.04,0.5,346.32,1333.72,5,1
1411.04,0.3,202.7,1208.33,3,1
1076.31,0.0,169.51,906.79,0,1
1213.57,0.1,183.57,1030.0,1,1
1509.87,0.5,161.03,1348.85,5,1
1207.3,0.2,144.86,1062.44,2,1
1467.98,0.3,244.51,1223.46,3,1
1548.09,0.5,191.68,1356.41,5,1
1224.53,0.2,131.84,1092.69,2,1
1313.84,0.3,143.32,1170.51,3,1
1225.41,0.1,195.41,1030.0,1,1
1462.18,0.4,183.59,1278.59,4,1
1186.0,0.1,163.57,1022.44,1,1
1240.47,0.2,132.65,1107.82,2,1
1176.17,0.1,168.86,1007.31,1,1
1702.36,0.5,300.57,1401.79,5,1
1434.78,0.4,163.76,1271.03,4,1
1405.65,0.3,182.19,1223.46,3,1
1163.81,0.2,93.81,1070.0,2,1
1481.64,0.4,195.49,1286.15,4,1
1337.35,0.1,299.78,1037.56,1,1
1539.66,0.4,298.89,1240.77,4,1
1990.44,0.8,400.57,1589.87,8,1
1969.47,0.8,334.22,1635.26,8,1
1682.43,0.5,310.89,1371.54,5,1
1825.75,0.7,245.62,1580.13,7,1
1505.21,0.4,226.62,1278.59,4,1
1214.36,0.2,159.49,1054.87,2,1
1495.78,0.3,264.76,1231.03,3,1
1436.7,0.4,165.68,1271.03,4,1
1303.85,0.2,196.03,1107.82,2,1
1242.12,0.2,141.86,1100.26,2,1
1287.66,0.2,187.41,1100.26,2,1
1376.46,0.3,145.43,1231.03,3,1
1620.81,0.6,201.7,1419.1,6,1
1328.03,0.2,205.08,1122.95,2,1
1490.38,0.4,226.92,1263.46,4,1
1451.67,0.4,173.08,1278.59,4,1
1193.18,0.1,148.05,1045.13,1,1
1236.51,0.3,118.95,1117.56,3,1
1283.96,0.2,191.27,1092.69,2,1
1419.56,0.3,226.35,1193.21,3,1
1512.77,0.3,312.0,1200.77,3,1
1564.16,0.4,285.57,1278.59,4,1
1209.9,0.1,195.03,1014.87,1,1
1403.94,0.2,265.86,1138.08,2,1
1277.0,0.2,154.05,1122.95,2,1
1523.87,0.5,167.46,1356.41,5,1
1645.34,0.6,211.11,1434.23,6,1
1382.36,0.3,166.46,1215.9,3,1
1612.43,0.5,233.32,1379.1,5,1
1161.52,0.1,146.65,1014.87,1,1
1282.09,0.2,174.27,1107.82,2,1
1375.19,0.3,197.11,1178.08,3,1
1568.47,0.6,187.19,1381.28,6,1
1389.01,0.2,281.19,1107.82,2,1
1850.78,0.8,291.16,1559.62,8,1
1342.59,0.1,305.03,1037.56,1,1
1435.27,0.3,211.81,1223.46,3,1
1660.58,0.6,218.78,1441.79,6,1
1239.33,0.2,123.95,1115.38,2,1
1108.78,0.0,164.16,944.62,0,1
1672.19,0.6,215.27,1456.92,6,1
1601.13,0.6,189.59,1411.54,6,1
1301.03,0.1,286.16,1014.87,1,1
1468.79,0.3,260.46,1208.33,3,1
1580.7,0.4,302.11,1278.59,4,1
1554.08,0.4,230.11,1323.97,4,1
1610.39,0.5,208.59,1401.79,5,1
1604.03,0.4,280.05,1323.97,4,1
1183.94,0.1,131.24,1052.69,1,1
1461.7,0.3,276.05,1185.64,3,1
2059.68,1.0,329.3,1730.38,10,1
1587.09,0.5,185.3,1401.79,5,1
1810.75,0.7,298.7,1512.05,7,1
1672.77,0.6,185.59,1487.18,6,1
1459.08,0.4,180.49,1278.59,4,1
1133.39,0.1,118.51,1014.87,1,1
1516.67,0.4,230.51,1286.15,4,1
1557.42,0.4,256.14,1301.28,4,1
1536.26,0.5,142.03,1394.23,5,1
1671.31,0.5,277.08,1394.23,5,1
1958.79,0.9,260.84,1697.95,9,1
1079.0,0.1,109.51,969.49,1,1
1479.94,0.3,241.35,1238.59,3,1
1207.78,0.2,122.65,1085.13,2,1
1228.49,0.2,158.49,1070.0,2,1
1247.85,0.2,155.16,1092.69,2,1
