"Total_Cost","Ratio_Reloc_Prod","Horiz_Cost","Vert_Cost","nReloc","non_Optimal"
220258.82,0.3807,31370.04,188888.74,571,150
1356.08,0.3,185.57,1170.51,3,1
1639.9,0.5,238.11,1401.79,5,1
1894.21,0.9,234.08,1660.13,9,1
1809.9,0.8,212.46,1597.44,8,1
1619.47,0.6,230.62,1388.85,6,1
1445.28,0.5,156.95,1288.33,5,1
1735.34,0.7,253.54,1481.79,7,1
1463.45,0.4,184.86,1278.59,4,1
1519.65,0.4,263.76,1255.9,4,1
1597.97,0.5,234.0,1363.97,5,1
1275.65,0.2,198.08,1077.56,2,1
1229.4,0.2,151.84,1077.56,2,1
1758.39,0.6,316.59,1441.79,6,1
2156.62,1.1,303.03,1853.59,11,1
1744.63,0.6,302.84,1441.79,6,1
1488.2,0.5,146.92,1341.28,5,1
1748.99,0.6,322.32,1426.67,6,1
1515.69,0.4,229.54,1286.15,4,1
1175.92,0.2,105.92,1070.0,2,1
1453.24,0.3,282.73,1170.51,3,1
1483.33,0.5,179.86,1303.46,5,1
1564.87,0.6,168.46,1396.41,6,1
1573.24,0.6,154.14,1419.1,6,1
1698.88,0.6,272.22,1426.67,6,1
1259.89,0.1,222.32,1037.56,1,1
1386.54,0.3,216.03,1170.51,3,1
1358.77,0.3,165.57,1193.21,3,1
1502.59,0.5,191.57,1311.03,5,1
1249.22,0.2,133.84,1115.38,2,1
1801.4,0.7,281.78,1519.62,7,1
1393.47,0.4,137.57,1255.9,4,1
2097.85,0.9,354.51,1743.33,9,1
1436.61,0.3,190.46,1246.15,3,1
1553.57,0.4,297.68,1255.9,4,1
1423.51,0.3,237.86,1185.64,3,1
1346.36,0.2,238.54,1107.82,2,1
1574.81,0.4,311.35,1263.46,4,1
2033.63,1.0,257.86,1775.77,10,1
1660.57,0.5,243.65,1416.92,5,1
1727.37,0.6,232.62,1494.74,6,1
1450.92,0.3,219.89,1231.03,3,1
1382.69,0.3,189.49,1193.21,3,1
1715.02,0.5,328.35,1386.67,5,1
1649.57,0.5,225.08,1424.49,5,1
1466.04,0.4,217.7,1248.33,4,1
1312.47,0.2,212.22,1100.26,2,1
1393.41,0.3,169.95,1223.46,3,1
1324.65,0.2,201.7,1122.95,2,1
1376.33,0.3,213.38,1162.95,3,1
1220.41,0.2,157.97,1062.44,2,1
1310.81,0.2,187.86,1122.95,2,1
1471.32,0.3,232.73,1238.59,3,1
1214.14,0.2,106.32,1107.82,2,1
1281.3,0.2,158.35,1122.95,2,1
1279.2,0.2,171.38,1107.82,2,1
1313.93,0.2,206.11,1107.82,2,1
1343.11,0.3,172.59,1170.51,3,1
1570.55,0.5,221.7,1348.85,5,1
1398.92,0.5,103.03,1295.9,5,1
1375.52,0.3,152.05,1223.46,3,1
1425.07,0.4,184.3,1240.77,4,1
1224.5,0.2,124.24,1100.26,2,1
1503.35,0.4,232.32,1271.03,4,1
1227.41,0.1,197.41,1030.0,1,1
1386.02,0.3,200.38,1185.64,3,1
1388.82,0.3,188.05,1200.77,3,1
1744.8,0.6,257.62,1487.18,6,1
1217.25,0.1,194.81,1022.44,1,1
1760.92,0.5,344.0,1416.92,5,1
1671.52,0.5,262.16,1409.36,5,1
1149.19,0.1,126.76,1022.44,1,1
1331.8,0.3,146.16,1185.64,3,1
1342.4,0.3,171.89,1170.51,3,1
1487.81,0.4,224.35,1263.46,4,1
1465.35,0.4,186.76,1278.59,4,1
1225.44,0.2,117.62,1107.82,2,1
942.65,0.0,66.11,876.54,0,1
1536.34,0.4,242.62,1293.72,4,1
1616.27,0.6,212.3,1403.97,6,1
1382.52,0.3,159.05,1223.46,3,1
1170.62,0.2,100.62,1070.0,2,1
1503.44,0.5,162.16,1341.28,5,1
1428.94,0.3,250.86,1178.08,3,1
1484.15,0.3,283.38,1200.77,3,1
2030.91,0.8,410.78,1620.13,8,1
1722.33,0.5,312.97,1409.36,5,1
1647.41,0.6,243.43,1403.97,6,1
1766.43,0.7,246.81,1519.62,7,1
1392.61,0.3,199.41,1193.21,3,1
1282.6,0.2,174.78,1107.82,2,1
1696.68,0.6,247.32,1449.36,6,1
1258.43,0.1,213.3,1045.13,1,1
1644.23,0.5,242.43,1401.79,5,1
1269.55,0.2,154.16,1115.38,2,1
1352.54,0.3,189.59,1162.95,3,1
1306.23,0.3,113.03,1193.21,3,1
1295.28,0.2,179.89,1115.38,2,1
1364.58,0.3,171.38,1193.21,3,1
1392.42,0.4,151.65,1240.77,4,1
1563.29,0.5,184.19,1379.1,5,1
1126.3,0.1,111.43,1014.87,1,1
1362.38,0.4,151.86,1210.51,4,1
1087.22,0.0,172.86,914.36,0,1
1483.44,0.4,227.54,1255.9,4,1
1556.72,0.5,238.14,1318.59,5,1
1482.71,0.4,173.86,1308.85,4,1
1378.76,0.2,263.38,1115.38,2,1
1461.84,0.3,230.81,1231.03,3,1
1293.43,0.2,155.35,1138.08,2,1
1341.72,0.3,156.08,1185.64,3,1
1716.41,0.6,267.05,1449.36,6,1
1475.34,0.4,189.19,1286.15,4,1
1680.81,0.6,223.89,1456.92,6,1
1203.53,0.2,163.78,1039.74,2,1
1170.77,0.2,123.46,1047.31,2,1
1210.07,0.1,210.32,999.74,1,1
1657.33,0.5,240.41,1416.92,5,1
1432.14,0.3,223.81,1208.33,3,1
1792.36,0.6,290.05,1502.31,6,1
1545.0,0.4,273.97,1271.03,4,1
1672.87,0.5,263.51,1409.36,5,1
1352.7,0.2,222.19,1130.51,2,1
1348.47,0.3,140.14,1208.33,3,1
1396.65,0.3,180.76,1215.9,3,1
1290.26,0.2,190.0,1100.26,2,1
1500.8,0.5,167.08,1333.72,5,1
1557.23,0.4,308.89,1248.33,4,1
1398.8,0.4,173.16,1225.64,4,1
1908.26,0.8,288.14,1620.13,8,1
1502.44,0.3,286.54,1215.9,3,1
1366.13,0.2,235.62,1130.51,2,1
1604.36,0.4,303.08,1301.28,4,1
1277.45,0.1,217.19,1060.26,1,1
1388.02,0.2,249.95,1138.08,2,1
1556.55,0.4,240.14,1316.41,4,1
1585.12,0.5,190.89,1394.23,5,1
1697.65,0.6,240.73,1456.92,6,1
1623.86,0.6,144.24,1479.62,6,1
1507.5,0.4,213.78,1293.72,4,1
1075.48,0.0,138.43,937.05,0,1
1287.87,0.2,172.49,1115.38,2,1
1478.68,0.4,222.78,1255.9,4,1
1368.46,0.3,137.43,1231.03,3,1
1355.78,0.2,217.7,1138.08,2,1
1821.79,0.7,264.35,1557.44,7,1
1388.29,0.3,195.08,1193.21,3,1
1395.72,0.3,202.51,1193.21,3,1
1433.47,0.4,192.7,1240.77,4,1
1279.11,0.2,156.16,1122.95,2,1
1173.9,0.1,166.59,1007.31,1,1
