"Total_Cost","Ratio_Reloc_Prod","Horiz_Cost","Vert_Cost","nReloc","non_Optimal"
222824.91,0.4247,32960.33,189864.59,637,250
924.7,0.5,95.73,828.97,3,1
1191.84,0.8333,176.97,1014.87,5,1
1049.68,0.6667,180.7,868.97,4,1
938.37,0.3333,187.22,751.15,2,1
974.35,0.5,145.38,828.97,3,1
927.59,0.3333,176.43,751.15,2,1
918.17,0.5,104.32,813.85,3,1
956.36,0.5,150.08,806.28,3,1
1072.73,0.8333,103.24,969.49,5,1
1052.82,0.6667,138.46,914.36,4,1
1014.92,0.6667,153.51,861.41,4,1
965.58,0.5,166.86,798.72,3,1
805.58,0.1667,147.38,658.21,1,1
856.59,0.3333,173.51,683.08,2,1
866.9,0.3333,153.57,713.33,2,1
963.38,0.5,141.97,821.41,3,1
820.01,0.3333,114.24,705.77,2,1
1248.31,1.0,216.14,1032.18,6,1
1018.12,0.6667,111.32,906.79,4,1
994.75,0.6667,110.65,884.1,4,1
775.66,0.3333,62.32,713.33,2,1
774.58,0.3333,68.81,705.77,2,1
848.27,0.3333,112.24,736.03,2,1
861.05,0.3333,170.41,690.64,2,1
858.7,0.3333,130.24,728.46,2,1
951.67,0.5,115.14,836.54,3,1
831.08,0.3333,102.62,728.46,2,1
627.27,0.1667,44.7,582.56,1,1
895.77,0.3333,182.43,713.33,2,1
1259.2,1.1667,171.89,1087.31,7,1
640.97,0.0,90.84,550.13,0,1
960.02,0.3333,216.43,743.59,2,1
846.24,0.3333,102.65,743.59,2,1
1180.03,0.8333,210.54,969.49,5,1
855.08,0.3333,119.05,736.03,2,1
712.05,0.0,169.49,542.56,0,1
711.95,0.3333,44.0,667.95,2,1
901.78,0.3333,158.19,743.59,2,1
926.49,0.3333,198.03,728.46,2,1
589.22,0.0,54.22,535.0,0,1
701.78,0.1667,58.7,643.08,1,1
727.14,0.1667,106.76,620.38,1,1
775.18,0.3333,84.54,690.64,2,1
1165.17,0.6667,243.24,921.92,4,1
841.25,0.3333,120.35,720.9,2,1
729.65,0.1667,94.14,635.51,1,1
966.72,0.5,168.0,798.72,3,1
794.31,0.3333,88.54,705.77,2,1
804.15,0.3333,105.95,698.21,2,1
941.04,0.5,134.76,806.28,3,1
702.93,0.1667,82.54,620.38,1,1
808.48,0.1667,150.27,658.21,1,1
892.74,0.6667,91.84,800.9,4,1
680.79,0.1667,60.41,620.38,1,1
1173.02,1.0,148.41,1024.62,6,1
717.01,0.1667,96.62,620.38,1,1
806.77,0.3333,108.57,698.21,2,1
793.37,0.1667,150.3,643.08,1,1
1028.54,0.6667,152.0,876.54,4,1
929.37,0.5,145.78,783.59,3,1
694.78,0.1667,104.65,590.13,1,1
880.12,0.5,126.78,753.33,3,1
770.76,0.3333,95.24,675.51,2,1
629.19,0.1667,46.62,582.56,1,1
794.15,0.3333,95.95,698.21,2,1
1065.91,0.6667,181.81,884.1,4,1
723.95,0.1667,88.43,635.51,1,1
786.8,0.1667,136.16,650.64,1,1
779.91,0.1667,129.27,650.64,1,1
1027.06,0.6667,173.22,853.85,4,1
1211.61,0.8333,219.43,992.18,5,1
1048.7,0.5,219.73,828.97,3,1
998.77,0.6667,152.49,846.28,4,1
1016.34,0.6667,109.54,906.79,4,1
863.05,0.3333,172.41,690.64,2,1
727.16,0.3333,59.22,667.95,2,1
838.54,0.3333,110.08,728.46,2,1
1091.5,0.6667,199.84,891.67,4,1
637.43,0.0,94.86,542.56,0,1
722.79,0.1667,94.84,627.95,1,1
888.99,0.5,97.84,791.15,3,1
1027.92,0.5,251.89,776.03,3,1
857.99,0.3333,106.84,751.15,2,1
791.45,0.3333,93.24,698.21,2,1
1287.31,1.1667,215.14,1072.18,7,1
817.68,0.3333,104.35,713.33,2,1
799.04,0.3333,85.7,713.33,2,1
876.56,0.3333,117.84,758.72,2,1
734.65,0.1667,99.14,635.51,1,1
890.61,0.3333,139.46,751.15,2,1
985.6,0.5,164.19,821.41,3,1
725.58,0.1667,112.76,612.82,1,1
1018.51,0.5,181.97,836.54,3,1
905.32,0.5,114.16,791.15,3,1
1059.76,0.6667,198.35,861.41,4,1
975.98,0.5,154.57,821.41,3,1
955.68,0.5,141.84,813.85,3,1
1057.88,0.6667,151.08,906.79,4,1
788.63,0.1667,122.86,665.77,1,1
565.01,0.0,52.7,512.31,0,1
773.83,0.3333,75.62,698.21,2,1
882.56,0.5,91.41,791.15,3,1
755.21,0.1667,112.14,643.08,1,1
701.35,0.1667,73.41,627.95,1,1
1008.75,0.5,157.08,851.67,3,1
726.28,0.1667,113.46,612.82,1,1
1080.13,0.6667,196.03,884.1,4,1
751.37,0.1667,100.73,650.64,1,1
1065.09,0.6667,211.24,853.85,4,1
654.28,0.0,89.03,565.26,0,1
550.74,0.0,46.0,504.74,0,1
933.79,0.3333,205.32,728.46,2,1
949.92,0.5,120.95,828.97,3,1
797.05,0.3333,113.97,683.08,2,1
1003.24,0.6667,134.27,868.97,4,1
782.46,0.3333,106.95,675.51,2,1
986.25,0.5,172.41,813.85,3,1
837.42,0.5,91.65,745.77,3,1
938.77,0.6667,100.05,838.72,4,1
996.89,0.5,160.35,836.54,3,1
1126.33,0.8333,164.41,961.92,5,1
925.02,0.3333,166.3,758.72,2,1
908.02,0.5,124.43,783.59,3,1
880.1,0.3333,128.95,751.15,2,1
844.55,0.5,83.65,760.9,3,1
853.55,0.3333,132.65,720.9,2,1
800.25,0.3333,86.92,713.33,2,1
730.49,0.3333,70.11,660.38,2,1
864.94,0.5,88.92,776.03,3,1
1068.62,0.6667,184.51,884.1,4,1
769.01,0.1667,103.24,665.77,1,1
705.66,0.1667,92.84,612.82,1,1
751.92,0.1667,123.97,627.95,1,1
934.65,0.5,166.19,768.46,3,1
871.79,0.5,103.32,768.46,3,1
1081.25,0.6667,166.89,914.36,4,1
754.95,0.1667,134.57,620.38,1,1
1103.2,0.6667,196.41,906.79,4,1
1065.3,0.6667,196.32,868.97,4,1
784.72,0.1667,118.95,665.77,1,1
621.53,0.0,71.41,550.13,0,1
761.13,0.1667,118.05,643.08,1,1
756.26,0.1667,151.0,605.26,1,1
999.98,0.6667,138.57,861.41,4,1
892.53,0.3333,126.24,766.28,2,1
1012.95,0.6667,159.11,853.85,4,1
744.18,0.1667,93.54,650.64,1,1
921.26,0.3333,170.11,751.15,2,1
904.42,0.5,98.14,806.28,3,1
761.15,0.1667,102.95,658.21,1,1
715.49,0.1667,87.54,627.95,1,1
1269.77,1.1667,190.03,1079.74,7,1
822.81,0.3333,79.22,743.59,2,1
1033.58,0.6667,134.35,899.23,4,1
593.08,0.0,50.51,542.56,0,1
734.7,0.1667,91.62,643.08,1,1
1061.56,0.6667,169.89,891.67,4,1
916.65,0.6667,115.76,800.9,4,1
791.45,0.3333,93.24,698.21,2,1
1023.4,0.5,179.3,844.1,3,1
891.53,0.5,92.81,798.72,3,1
1039.98,0.5,218.57,821.41,3,1
881.03,0.3333,152.57,728.46,2,1
1275.3,1.0,205.3,1070.0,6,1
677.79,0.1667,57.41,620.38,1,1
601.51,0.0,66.51,535.0,0,1
1087.3,0.6667,165.38,921.92,4,1
856.63,0.3333,150.86,705.77,2,1
977.75,0.5,186.59,791.15,3,1
1249.69,0.8333,242.38,1007.31,5,1
941.4,0.3333,197.81,743.59,2,1
835.93,0.3333,77.22,758.72,2,1
653.26,0.1667,48.0,605.26,1,1
982.1,0.6667,90.43,891.67,4,1
942.63,0.5,128.78,813.85,3,1
1207.33,0.8333,237.84,969.49,5,1
770.84,0.1667,142.89,627.95,1,1
576.54,0.0,49.11,527.44,0,1
1074.76,0.6667,160.41,914.36,4,1
711.73,0.1667,76.22,635.51,1,1
842.65,0.3333,121.76,720.9,2,1
722.33,0.3333,69.51,652.82,2,1
764.68,0.1667,144.3,620.38,1,1
1034.22,0.6667,172.81,861.41,4,1
822.7,0.1667,179.62,643.08,1,1
669.59,0.0,119.46,550.13,0,1
955.77,0.6667,117.05,838.72,4,1
1195.05,0.8333,263.38,931.67,5,1
656.59,0.0,106.46,550.13,0,1
908.72,0.3333,202.95,705.77,2,1
1324.01,1.1667,176.19,1147.82,7,1
1077.58,0.6667,170.78,906.79,4,1
850.2,0.3333,136.86,713.33,2,1
726.19,0.1667,98.24,627.95,1,1
586.35,0.0,58.92,527.44,0,1
1155.2,1.0,115.46,1039.74,6,1
920.55,0.5,99.14,821.41,3,1
934.63,0.6667,88.35,846.28,4,1
591.06,0.0,63.62,527.44,0,1
1028.09,0.5,221.81,806.28,3,1
857.98,0.3333,137.08,720.9,2,1
1024.32,0.6667,132.65,891.67,4,1
1015.63,0.6667,108.84,906.79,4,1
1148.95,1.0,139.46,1009.49,6,1
850.32,0.3333,106.73,743.59,2,1
942.24,0.5,166.22,776.03,3,1
989.53,0.8333,103.24,886.28,5,1
802.92,0.3333,82.03,720.9,2,1
1025.63,0.5,219.35,806.28,3,1
612.51,0.0,77.51,535.0,0,1
870.85,0.3333,112.14,758.72,2,1
795.69,0.3333,89.92,705.77,2,1
1263.51,1.1667,145.95,1117.56,7,1
1069.51,0.6667,185.41,884.1,4,1
1069.71,0.6667,215.86,853.85,4,1
673.52,0.1667,60.7,612.82,1,1
1187.56,1.0,155.38,1032.18,6,1
982.21,0.3333,246.19,736.03,2,1
818.53,0.3333,112.76,705.77,2,1
1291.61,1.0,251.86,1039.74,6,1
658.42,0.1667,60.73,597.69,1,1
775.87,0.1667,155.49,620.38,1,1
1065.86,0.6667,189.32,876.54,4,1
838.57,0.3333,102.54,736.03,2,1
953.03,0.6667,137.0,816.03,4,1
614.68,0.0,87.24,527.44,0,1
887.96,0.3333,129.24,758.72,2,1
1111.46,0.8333,141.97,969.49,5,1
792.22,0.3333,71.32,720.9,2,1
955.47,0.5,149.19,806.28,3,1
1260.51,1.1667,195.89,1064.62,7,1
969.37,0.5,178.22,791.15,3,1
1257.88,0.8333,318.65,939.23,5,1
955.6,0.5,141.76,813.85,3,1
830.75,0.1667,180.11,650.64,1,1
556.55,0.0,51.81,504.74,0,1
1033.57,0.6667,164.59,868.97,4,1
989.99,0.5,130.76,859.23,3,1
812.27,0.3333,83.81,728.46,2,1
747.86,0.1667,112.35,635.51,1,1
816.17,0.3333,102.84,713.33,2,1
804.2,0.3333,98.43,705.77,2,1
915.37,0.5,116.65,798.72,3,1
559.07,0.0,54.32,504.74,0,1
903.81,0.5,135.35,768.46,3,1
947.27,0.3333,218.81,728.46,2,1
893.57,0.5,117.54,776.03,3,1
692.3,0.1667,71.92,620.38,1,1
871.05,0.3333,127.46,743.59,2,1
856.8,0.3333,105.65,751.15,2,1
