"Total_Cost","Ratio_Reloc_Prod","Horiz_Cost","Vert_Cost","nReloc","non_Optimal"
223218.7,0.426,33039.62,190178.97,639,250
924.7,0.5,95.73,828.97,3,1
1191.84,0.8333,176.97,1014.87,5,1
1049.68,0.6667,180.7,868.97,4,1
938.37,0.3333,187.22,751.15,2,1
974.35,0.5,145.38,828.97,3,1
927.59,0.3333,176.43,751.15,2,1
918.17,0.5,104.32,813.85,3,1
956.36,0.5,150.08,806.28,3,1
1072.73,0.8333,103.24,969.49,5,1
1052.82,0.6667,138.46,914.36,4,1
1014.92,0.6667,153.51,861.41,4,1
965.29,0.5,166.57,798.72,3,1
805.58,0.1667,147.38,658.21,1,1
856.59,0.3333,173.51,683.08,2,1
866.9,0.3333,153.57,713.33,2,1
965.38,0.5,143.97,821.41,3,1
818.5,0.3333,112.73,705.77,2,1
1251.02,1.0,218.84,1032.18,6,1
1004.66,0.6667,105.43,899.23,4,1
1002.32,0.6667,110.65,891.67,4,1
775.66,0.3333,62.32,713.33,2,1
774.58,0.3333,68.81,705.77,2,1
850.97,0.3333,114.95,736.03,2,1
855.24,0.3333,164.59,690.64,2,1
858.7,0.3333,130.24,728.46,2,1
951.67,0.5,115.14,836.54,3,1
831.08,0.3333,102.62,728.46,2,1
605.84,0.1667,38.41,567.44,1,1
906.58,0.3333,193.24,713.33,2,1
1256.2,1.1667,168.89,1087.31,7,1
640.97,0.0,90.84,550.13,0,1
960.02,0.3333,216.43,743.59,2,1
846.24,0.3333,102.65,743.59,2,1
1180.03,0.8333,210.54,969.49,5,1
855.08,0.3333,119.05,736.03,2,1
712.05,0.0,169.49,542.56,0,1
728.48,0.3333,45.41,683.08,2,1
914.23,0.3333,163.08,751.15,2,1
926.49,0.3333,198.03,728.46,2,1
591.37,0.0,48.81,542.56,0,1
773.17,0.3333,67.41,705.77,2,1
721.74,0.1667,101.35,620.38,1,1
780.59,0.3333,89.95,690.64,2,1
1157.06,0.6667,235.14,921.92,4,1
833.68,0.3333,120.35,713.33,2,1
731.24,0.1667,95.73,635.51,1,1
1048.54,0.6667,172.0,876.54,4,1
789.31,0.3333,83.54,705.77,2,1
804.45,0.3333,106.24,698.21,2,1
941.04,0.5,134.76,806.28,3,1
702.93,0.1667,82.54,620.38,1,1
808.48,0.1667,150.27,658.21,1,1
892.74,0.6667,91.84,800.9,4,1
680.79,0.1667,60.41,620.38,1,1
1165.62,1.0,141.0,1024.62,6,1
629.86,0.0,79.73,550.13,0,1
724.95,0.1667,104.57,620.38,1,1
793.37,0.1667,150.3,643.08,1,1
1028.54,0.6667,152.0,876.54,4,1
947.94,0.5,156.78,791.15,3,1
704.18,0.1667,114.05,590.13,1,1
850.18,0.5,111.97,738.21,3,1
831.29,0.5,100.65,730.64,3,1
630.24,0.1667,40.11,590.13,1,1
976.01,0.6667,122.16,853.85,4,1
1079.74,0.6667,180.51,899.23,4,1
806.01,0.3333,100.24,705.77,2,1
847.57,0.3333,126.68,720.9,2,1
779.91,0.1667,129.27,650.64,1,1
1174.31,1.0,187.51,986.79,6,1
1278.3,1.0,223.43,1054.87,6,1
1053.78,0.5,217.24,836.54,3,1
1016.19,0.6667,154.78,861.41,4,1
1000.77,0.6667,101.54,899.23,4,1
839.78,0.1667,196.7,643.08,1,1
650.13,0.1667,60.0,590.13,1,1
842.25,0.3333,113.78,728.46,2,1
1184.46,0.8333,222.54,961.92,5,1
646.29,0.0,96.16,550.13,0,1
722.79,0.1667,94.84,627.95,1,1
888.99,0.5,97.84,791.15,3,1
953.15,0.3333,247.38,705.77,2,1
799.17,0.3333,85.84,713.33,2,1
794.45,0.3333,96.24,698.21,2,1
1308.74,1.1667,221.43,1087.31,7,1
818.98,0.3333,105.65,713.33,2,1
800.95,0.3333,87.62,713.33,2,1
881.96,0.3333,123.24,758.72,2,1
732.35,0.1667,96.84,635.51,1,1
877.05,0.3333,133.46,743.59,2,1
964.77,0.5,158.49,806.28,3,1
736.84,0.1667,116.46,620.38,1,1
965.1,0.5,166.38,798.72,3,1
918.58,0.5,119.86,798.72,3,1
1063.46,0.6667,202.05,861.41,4,1
904.21,0.3333,153.05,751.15,2,1
746.54,0.1667,111.03,635.51,1,1
1016.97,0.6667,132.86,884.1,4,1
771.06,0.1667,97.73,673.33,1,1
576.57,0.0,56.7,519.87,0,1
805.77,0.3333,92.43,713.33,2,1
900.48,0.5,109.32,791.15,3,1
769.75,0.1667,111.54,658.21,1,1
695.46,0.1667,67.51,627.95,1,1
1013.15,0.5,161.49,851.67,3,1
665.88,0.0,115.76,550.13,0,1
991.2,0.5,184.92,806.28,3,1
761.26,0.1667,110.62,650.64,1,1
985.4,0.5,194.24,791.15,3,1
665.85,0.0,93.03,572.82,0,1
550.74,0.0,46.0,504.74,0,1
995.88,0.5,204.73,791.15,3,1
856.54,0.3333,112.95,743.59,2,1
877.25,0.3333,148.78,728.46,2,1
979.81,0.6667,110.84,868.97,4,1
717.77,0.1667,104.95,612.82,1,1
1000.55,0.5,186.7,813.85,3,1
830.52,0.5,69.62,760.9,3,1
919.64,0.6667,96.05,823.59,4,1
986.92,0.5,157.95,828.97,3,1
1144.7,0.8333,175.22,969.49,5,1
925.02,0.3333,166.3,758.72,2,1
835.33,0.3333,114.43,720.9,2,1
633.34,0.0,83.22,550.13,0,1
858.57,0.5,82.54,776.03,3,1
1079.71,0.6667,165.35,914.36,4,1
809.06,0.3333,95.73,713.33,2,1
727.3,0.3333,66.92,660.38,2,1
966.22,0.6667,104.81,861.41,4,1
1129.15,0.8333,189.92,939.23,5,1
821.25,0.1667,140.35,680.9,1,1
832.52,0.3333,104.05,728.46,2,1
783.51,0.1667,132.86,650.64,1,1
952.69,0.5,153.97,798.72,3,1
849.66,0.5,96.32,753.33,3,1
1133.97,0.8333,164.49,969.49,5,1
685.51,0.0,135.38,550.13,0,1
1097.93,0.6667,198.7,899.23,4,1
943.38,0.5,174.92,768.46,3,1
795.98,0.1667,122.65,673.33,1,1
627.8,0.0,70.11,557.69,0,1
754.32,0.1667,111.24,643.08,1,1
671.44,0.0,144.0,527.44,0,1
1098.44,0.8333,151.65,946.79,5,1
1090.56,0.6667,145.95,944.62,4,1
1040.08,0.6667,171.11,868.97,4,1
633.78,0.0,83.65,550.13,0,1
769.84,0.1667,141.89,627.95,1,1
985.87,0.6667,124.46,861.41,4,1
859.59,0.3333,108.43,751.15,2,1
681.74,0.1667,68.92,612.82,1,1
1125.71,0.8333,178.92,946.79,5,1
809.52,0.3333,88.62,720.9,2,1
958.03,0.5,129.05,828.97,3,1
582.06,0.0,54.62,527.44,0,1
742.07,0.1667,91.43,650.64,1,1
918.02,0.5,126.86,791.15,3,1
1009.01,0.8333,115.16,893.85,5,1
779.88,0.3333,89.24,690.64,2,1
1075.98,0.6667,169.19,906.79,4,1
881.48,0.5,90.32,791.15,3,1
1296.55,0.8333,281.68,1014.87,5,1
1031.44,0.5,210.03,821.41,3,1
1319.78,1.1667,202.22,1117.56,7,1
713.52,0.1667,93.14,620.38,1,1
632.1,0.0,74.41,557.69,0,1
861.75,0.3333,118.16,743.59,2,1
731.37,0.1667,133.68,597.69,1,1
1055.95,0.6667,202.11,853.85,4,1
1611.95,1.6667,268.49,1343.46,10,1
827.57,0.1667,146.68,680.9,1,1
889.99,0.5,98.84,791.15,3,1
780.77,0.3333,75.0,705.77,2,1
999.07,0.6667,99.84,899.23,4,1
977.92,0.5,141.38,836.54,3,1
1143.54,0.6667,221.62,921.92,4,1
664.94,0.0,122.38,542.56,0,1
615.64,0.0,65.51,550.13,0,1
1030.08,0.6667,161.11,868.97,4,1
576.39,0.0,56.51,519.87,0,1
760.83,0.1667,117.76,643.08,1,1
716.54,0.1667,81.03,635.51,1,1
767.38,0.1667,147.0,620.38,1,1
1195.19,1.0,185.7,1009.49,6,1
977.65,0.5,216.76,760.9,3,1
744.84,0.1667,124.46,620.38,1,1
881.49,0.5,105.46,776.03,3,1
1133.86,0.6667,249.76,884.1,4,1
732.65,0.1667,97.14,635.51,1,1
882.59,0.3333,191.95,690.64,2,1
1325.31,1.1667,177.49,1147.82,7,1
1038.43,0.6667,161.89,876.54,4,1
1091.88,0.8333,145.08,946.79,5,1
971.84,0.5,142.86,828.97,3,1
644.61,0.0,86.92,557.69,0,1
1145.99,1.0,106.24,1039.74,6,1
883.66,0.5,69.81,813.85,3,1
800.42,0.3333,94.65,705.77,2,1
539.85,0.0,35.11,504.74,0,1
1218.95,0.8333,249.46,969.49,5,1
794.35,0.1667,151.27,643.08,1,1
743.34,0.1667,92.7,650.64,1,1
928.11,0.5,99.14,828.97,3,1
815.28,0.3333,101.95,713.33,2,1
736.84,0.1667,101.32,635.51,1,1
1053.4,0.6667,169.3,884.1,4,1
754.22,0.3333,93.84,660.38,2,1
732.15,0.1667,81.51,650.64,1,1
980.73,0.5,212.27,768.46,3,1
581.17,0.0,53.73,527.44,0,1
868.96,0.3333,110.24,758.72,2,1
789.83,0.3333,91.62,698.21,2,1
1111.11,0.8333,134.05,977.05,5,1
835.72,0.1667,177.51,658.21,1,1
914.61,0.3333,223.97,690.64,2,1
641.62,0.1667,66.62,575.0,1,1
897.83,0.5,114.24,783.59,3,1
970.02,0.5,171.3,798.72,3,1
858.95,0.3333,138.05,720.9,2,1
1009.53,0.5,203.24,806.28,3,1
607.59,0.0,65.03,542.56,0,1
830.99,0.3333,132.78,698.21,2,1
1177.64,0.8333,193.03,984.62,5,1
1122.23,0.8333,130.05,992.18,5,1
909.44,0.5,156.11,753.33,3,1
655.29,0.1667,72.73,582.56,1,1
781.15,0.1667,122.95,658.21,1,1
1103.41,0.8333,141.49,961.92,5,1
838.29,0.3333,87.14,751.15,2,1
1129.33,0.8333,167.41,961.92,5,1
1167.05,0.8333,190.0,977.05,5,1
1037.22,0.6667,175.81,861.41,4,1
1453.0,1.1667,335.43,1117.56,7,1
1048.99,0.6667,149.76,899.23,4,1
997.5,0.5,191.22,806.28,3,1
598.78,0.0,56.22,542.56,0,1
977.58,0.5,171.3,806.28,3,1
1193.13,0.8333,155.57,1037.56,5,1
609.8,0.0,52.11,557.69,0,1
919.61,0.3333,160.89,758.72,2,1
787.18,0.3333,96.54,690.64,2,1
973.84,0.5,144.86,828.97,3,1
874.11,0.5,105.65,768.46,3,1
547.99,0.0,50.81,497.18,0,1
891.65,0.5,130.76,760.9,3,1
1068.08,0.6667,199.11,868.97,4,1
1015.64,0.6667,131.54,884.1,4,1
609.57,0.0,82.14,527.44,0,1
1039.07,0.6667,132.27,906.79,4,1
982.3,0.5,160.89,821.41,3,1
