"Total_Cost","Ratio_Reloc_Prod","Horiz_Cost","Vert_Cost","nReloc","non_Optimal"
238878.33,0.4007,48857.65,190020.7,601,300
706.6,0.4,86.22,620.38,2,1
899.23,0.6,148.08,751.15,3,1
1037.93,0.8,239.22,798.72,4,1
729.98,0.2,202.54,527.44,1,1
1013.92,0.6,285.46,728.46,3,1
783.21,0.4,132.57,650.64,2,1
833.13,0.6,89.54,743.59,3,1
1120.11,1.0,198.19,921.92,5,1
859.44,0.6,146.11,713.33,3,1
979.5,1.0,140.78,838.72,5,1
803.58,0.6,90.24,713.33,3,1
714.89,0.4,71.81,643.08,2,1
928.44,0.8,175.11,753.33,4,1
603.12,0.2,83.24,519.87,1,1
950.91,0.6,207.32,743.59,3,1
983.91,0.6,232.76,751.15,3,1
1149.03,1.2,194.68,954.36,6,1
807.46,0.4,179.51,627.95,2,1
905.28,0.6,199.51,705.77,3,1
499.83,0.0,50.22,449.62,0,1
889.87,0.6,161.41,728.46,3,1
733.31,0.4,67.54,665.77,2,1
709.19,0.4,81.24,627.95,2,1
616.15,0.2,103.84,512.31,1,1
800.06,0.4,172.11,627.95,2,1
641.88,0.2,76.62,565.26,1,1
946.28,0.8,132.43,813.85,4,1
994.12,0.8,195.41,798.72,4,1
1138.61,1.0,231.81,906.79,5,1
617.66,0.0,152.92,464.74,0,1
566.37,0.0,101.62,464.74,0,1
730.77,0.2,165.51,565.26,1,1
722.23,0.4,124.54,597.69,2,1
701.23,0.2,135.97,565.26,1,1
603.78,0.0,154.16,449.62,0,1
783.5,0.4,117.73,665.77,2,1
604.04,0.0,139.3,464.74,0,1
589.23,0.2,92.05,497.18,1,1
865.19,0.4,222.11,643.08,2,1
835.01,0.6,129.24,705.77,3,1
698.25,0.2,185.95,512.31,1,1
1197.68,1.0,283.32,914.36,5,1
720.55,0.2,140.16,580.38,1,1
653.02,0.2,110.46,542.56,1,1
1051.77,0.8,192.54,859.23,4,1
661.06,0.2,88.24,572.82,1,1
862.49,0.4,234.54,627.95,2,1
1014.36,0.6,301.03,713.33,3,1
1105.95,0.8,284.54,821.41,4,1
675.58,0.2,102.76,572.82,1,1
670.45,0.2,112.76,557.69,1,1
1105.69,0.8,254.03,851.67,4,1
912.01,0.6,191.11,720.9,3,1
1154.34,1.0,255.11,899.23,5,1
922.55,0.6,209.22,713.33,3,1
1080.21,0.6,336.62,743.59,3,1
563.8,0.0,99.05,464.74,0,1
703.14,0.2,175.7,527.44,1,1
653.01,0.2,148.27,504.74,1,1
673.05,0.2,138.05,535.0,1,1
1124.42,0.6,358.14,766.28,3,1
694.23,0.2,128.97,565.26,1,1
772.82,0.4,107.05,665.77,2,1
582.01,0.0,117.27,464.74,0,1
561.21,0.0,104.03,457.18,0,1
518.49,0.0,84.0,434.49,0,1
661.23,0.0,204.05,457.18,0,1
444.5,0.0,32.7,411.79,0,1
865.54,0.6,137.08,728.46,3,1
572.34,0.0,115.16,457.18,0,1
534.49,0.0,100.0,434.49,0,1
515.89,0.0,81.41,434.49,0,1
470.6,0.0,36.11,434.49,0,1
534.33,0.0,99.84,434.49,0,1
892.73,0.6,164.27,728.46,3,1
800.38,0.6,124.86,675.51,3,1
563.07,0.0,113.46,449.62,0,1
756.11,0.4,128.16,627.95,2,1
888.11,0.6,152.08,736.03,3,1
592.67,0.0,135.49,457.18,0,1
817.88,0.4,159.68,658.21,2,1
1072.28,0.8,205.49,866.79,4,1
1173.95,1.0,252.03,921.92,5,1
508.88,0.0,51.7,457.18,0,1
891.99,0.4,241.35,650.64,2,1
550.18,0.0,85.43,464.74,0,1
692.69,0.2,127.43,565.26,1,1
1120.01,0.8,306.16,813.85,4,1
896.47,0.6,183.14,713.33,3,1
552.27,0.0,125.35,426.92,0,1
730.39,0.4,125.14,605.26,2,1
442.5,0.0,30.7,411.79,0,1
1203.0,0.8,381.59,821.41,4,1
688.17,0.2,115.35,572.82,1,1
1021.66,0.6,262.95,758.72,3,1
756.14,0.2,183.32,572.82,1,1
938.76,0.4,303.24,635.51,2,1
716.77,0.2,159.08,557.69,1,1
910.78,0.6,167.19,743.59,3,1
705.72,0.2,140.46,565.26,1,1
686.94,0.2,144.38,542.56,1,1
1021.9,0.6,308.57,713.33,3,1
789.58,0.4,116.24,673.33,2,1
1178.38,1.0,248.89,929.49,5,1
550.04,0.0,77.73,472.31,0,1
571.11,0.0,136.62,434.49,0,1
713.25,0.4,100.43,612.82,2,1
967.96,0.8,161.68,806.28,4,1
948.61,0.4,282.84,665.77,2,1
803.42,0.4,137.65,665.77,2,1
607.28,0.0,142.54,464.74,0,1
665.21,0.2,115.08,550.13,1,1
1212.72,1.0,268.11,944.62,5,1
1019.06,0.8,258.16,760.9,4,1
675.38,0.2,140.38,535.0,1,1
713.74,0.2,148.49,565.26,1,1
499.36,0.0,80.0,419.36,0,1
1283.79,1.0,361.86,921.92,5,1
539.62,0.0,90.0,449.62,0,1
939.71,0.8,186.38,753.33,4,1
767.2,0.4,154.38,612.82,2,1
836.38,0.4,208.43,627.95,2,1
667.13,0.2,124.57,542.56,1,1
867.94,0.6,177.3,690.64,3,1
874.74,0.4,208.97,665.77,2,1
817.42,0.4,151.65,665.77,2,1
1307.39,1.0,408.16,899.23,5,1
917.06,0.6,188.59,728.46,3,1
885.05,0.6,201.97,683.08,3,1
893.31,0.6,127.03,766.28,3,1
755.19,0.4,127.24,627.95,2,1
1181.6,1.2,219.68,961.92,6,1
748.34,0.2,190.65,557.69,1,1
932.19,0.6,203.73,728.46,3,1
608.32,0.0,158.7,449.62,0,1
1372.04,1.2,379.86,992.18,6,1
582.64,0.0,117.89,464.74,0,1
611.0,0.2,68.43,542.56,1,1
989.55,1.0,143.27,846.28,5,1
1044.13,0.8,268.11,776.03,4,1
611.88,0.0,139.57,472.31,0,1
445.2,0.0,33.41,411.79,0,1
772.52,0.6,104.57,667.95,3,1
835.78,0.6,145.14,690.64,3,1
620.95,0.2,85.95,535.0,1,1
562.09,0.0,97.35,464.74,0,1
768.99,0.2,203.73,565.26,1,1
798.56,0.4,155.49,643.08,2,1
880.23,0.6,182.03,698.21,3,1
1019.74,0.8,205.89,813.85,4,1
660.61,0.2,95.35,565.26,1,1
867.59,0.4,224.51,643.08,2,1
692.28,0.2,119.46,572.82,1,1
554.07,0.0,104.46,449.62,0,1
1202.36,0.8,388.51,813.85,4,1
863.26,0.4,197.49,665.77,2,1
920.99,0.6,215.22,705.77,3,1
772.27,0.4,136.76,635.51,2,1
556.75,0.0,107.14,449.62,0,1
1147.37,1.0,255.7,891.67,5,1
881.93,0.6,168.59,713.33,3,1
663.0,0.2,128.0,535.0,1,1
666.12,0.2,108.43,557.69,1,1
608.41,0.2,73.41,535.0,1,1
637.02,0.2,79.32,557.69,1,1
1206.49,0.8,377.51,828.97,4,1
553.94,0.0,96.76,457.18,0,1
575.0,0.2,40.0,535.0,1,1
866.69,0.4,200.92,665.77,2,1
947.91,0.6,204.32,743.59,3,1
682.92,0.2,147.92,535.0,1,1
495.3,0.0,60.81,434.49,0,1
881.66,0.6,168.32,713.33,3,1
775.91,0.4,125.27,650.64,2,1
793.59,0.4,142.95,650.64,2,1
562.41,0.0,82.54,479.87,0,1
764.18,0.4,166.49,597.69,2,1
1093.38,0.8,264.41,828.97,4,1
1026.57,0.6,290.54,736.03,3,1
724.6,0.2,151.78,572.82,1,1
788.16,0.4,145.08,643.08,2,1
979.44,0.8,173.16,806.28,4,1
826.22,0.4,190.7,635.51,2,1
846.74,0.4,180.97,665.77,2,1
562.86,0.0,113.24,449.62,0,1
864.76,0.6,143.86,720.9,3,1
734.74,0.2,169.49,565.26,1,1
911.19,0.6,228.11,683.08,3,1
540.63,0.0,68.32,472.31,0,1
648.75,0.2,91.05,557.69,1,1
566.09,0.0,101.35,464.74,0,1
669.64,0.2,111.95,557.69,1,1
617.18,0.2,112.43,504.74,1,1
921.37,0.6,223.16,698.21,3,1
890.94,0.8,114.92,776.03,4,1
563.11,0.2,28.11,535.0,1,1
887.41,0.8,118.95,768.46,4,1
628.17,0.2,100.73,527.44,1,1
811.8,0.2,261.68,550.13,1,1
1342.65,1.2,373.16,969.49,6,1
824.29,0.6,80.7,743.59,3,1
534.69,0.0,77.51,457.18,0,1
660.08,0.2,117.51,542.56,1,1
680.95,0.2,145.95,535.0,1,1
805.29,0.4,147.08,658.21,2,1
571.39,0.0,91.51,479.87,0,1
549.94,0.0,100.32,449.62,0,1
892.48,0.6,201.84,690.64,3,1
743.36,0.4,130.54,612.82,2,1
756.68,0.4,136.3,620.38,2,1
666.39,0.2,101.14,565.26,1,1
1050.6,0.8,221.62,828.97,4,1
629.66,0.0,164.92,464.74,0,1
695.56,0.2,137.86,557.69,1,1
1332.86,1.2,348.24,984.62,6,1
650.58,0.2,85.32,565.26,1,1
778.72,0.4,112.95,665.77,2,1
843.32,0.6,167.81,675.51,3,1
562.53,0.0,105.35,457.18,0,1
865.57,0.6,144.68,720.9,3,1
822.69,0.4,164.49,658.21,2,1
1258.33,1.0,343.97,914.36,5,1
812.02,0.4,214.32,597.69,2,1
877.25,0.6,156.35,720.9,3,1
534.7,0.0,92.65,442.05,0,1
609.05,0.2,74.05,535.0,1,1
662.75,0.2,105.05,557.69,1,1
896.46,0.6,160.43,736.03,3,1
1013.06,0.8,199.22,813.85,4,1
664.35,0.2,121.78,542.56,1,1
532.64,0.0,75.46,457.18,0,1
935.49,0.6,214.59,720.9,3,1
667.74,0.2,94.92,572.82,1,1
691.97,0.2,149.41,542.56,1,1
1111.77,0.8,260.11,851.67,4,1
996.75,0.8,205.59,791.15,4,1
689.01,0.2,123.76,565.26,1,1
862.42,0.4,204.22,658.21,2,1
662.02,0.2,119.46,542.56,1,1
920.03,0.6,244.51,675.51,3,1
507.3,0.0,72.81,434.49,0,1
607.69,0.2,102.95,504.74,1,1
725.34,0.2,160.08,565.26,1,1
803.77,0.4,145.57,658.21,2,1
553.56,0.0,103.95,449.62,0,1
470.49,0.0,51.14,419.36,0,1
539.83,0.2,50.22,489.62,1,1
1025.36,1.0,163.95,861.41,5,1
756.45,0.4,151.19,605.26,2,1
558.86,0.0,109.24,449.62,0,1
1237.88,1.0,338.65,899.23,5,1
659.65,0.2,124.65,535.0,1,1
1014.85,0.6,316.65,698.21,3,1
879.89,0.4,251.95,627.95,2,1
1000.62,0.6,257.03,743.59,3,1
913.56,0.6,169.97,743.59,3,1
806.44,0.4,140.68,665.77,2,1
864.55,0.6,143.65,720.9,3,1
619.98,0.2,92.54,527.44,1,1
963.32,0.6,272.68,690.64,3,1
802.33,0.4,181.95,620.38,2,1
560.2,0.0,95.46,464.74,0,1
918.98,0.6,198.08,720.9,3,1
940.56,0.6,249.92,690.64,3,1
701.98,0.2,129.16,572.82,1,1
1055.27,0.6,311.68,743.59,3,1
544.37,0.0,79.62,464.74,0,1
1205.68,1.0,336.7,868.97,5,1
744.43,0.4,101.35,643.08,2,1
1001.85,0.6,243.14,758.72,3,1
581.99,0.0,117.24,464.74,0,1
744.54,0.4,109.03,635.51,2,1
1172.16,0.8,328.05,844.1,4,1
885.35,0.6,141.76,743.59,3,1
642.52,0.2,122.65,519.87,1,1
1084.98,0.8,271.14,813.85,4,1
573.18,0.0,123.57,449.62,0,1
868.86,0.6,125.27,743.59,3,1
865.24,0.4,229.73,635.51,2,1
590.91,0.0,126.16,464.74,0,1
572.11,0.0,130.05,442.05,0,1
637.77,0.2,125.46,512.31,1,1
650.56,0.2,108.0,542.56,1,1
1109.11,1.0,232.57,876.54,5,1
831.99,0.4,173.78,658.21,2,1
825.85,0.4,213.03,612.82,2,1
622.56,0.2,80.0,542.56,1,1
567.29,0.2,85.24,482.05,1,1
667.69,0.2,110.0,557.69,1,1
572.54,0.0,138.05,434.49,0,1
660.99,0.4,55.73,605.26,2,1
876.27,0.6,200.76,675.51,3,1
511.73,0.0,77.24,434.49,0,1
869.44,0.6,156.11,713.33,3,1
1276.02,1.2,298.97,977.05,6,1
1088.05,0.6,344.46,743.59,3,1
865.39,0.4,207.19,658.21,2,1
1115.59,0.8,279.05,836.54,4,1
689.59,0.2,139.46,550.13,1,1
736.93,0.2,171.68,565.26,1,1
