"Total_Cost","Ratio_Reloc_Prod","Horiz_Cost","Vert_Cost","nReloc","non_Optimal"
229760.75,0.3713,43882.84,185878.05,557,123
540.69,0.0,75.95,464.74,0,0
747.12,0.4,88.92,658.21,2,0
738.51,0.2,143.0,595.51,1,0
651.2,0.2,70.81,580.38,1,1
701.31,0.2,128.49,572.82,1,0
550.93,0.0,78.62,472.31,0,0
743.1,0.4,100.03,643.08,2,1
982.93,0.8,184.22,798.72,4,0
620.12,0.2,115.38,504.74,1,0
787.96,0.4,175.14,612.82,2,1
1197.3,1.2,227.81,969.49,6,0
543.15,0.0,70.84,472.31,0,1
726.49,0.2,146.11,580.38,1,0
921.06,0.8,99.65,821.41,4,1
888.01,0.8,134.68,753.33,4,0
604.66,0.0,132.35,472.31,0,1
515.5,0.0,58.32,457.18,0,0
592.74,0.2,80.43,512.31,1,0
777.88,0.4,172.62,605.26,2,1
629.9,0.2,102.46,527.44,1,0
616.26,0.2,66.14,550.13,1,0
1214.05,1.2,229.43,984.62,6,0
1156.12,1.0,249.32,906.79,5,0
677.91,0.2,112.65,565.26,1,0
496.43,0.0,46.81,449.62,0,1
667.82,0.2,102.57,565.26,1,0
683.43,0.2,140.86,542.56,1,0
702.76,0.4,74.81,627.95,2,0
635.68,0.2,108.24,527.44,1,0
795.63,0.4,129.86,665.77,2,0
721.09,0.4,115.84,605.26,2,0
769.03,0.4,141.08,627.95,2,0
625.76,0.2,98.32,527.44,1,0
772.8,0.2,207.54,565.26,1,1
732.96,0.2,167.7,565.26,1,1
546.46,0.0,104.41,442.05,0,1
980.81,0.8,197.22,783.59,4,1
644.04,0.2,86.35,557.69,1,1
575.07,0.0,125.46,449.62,0,1
719.3,0.6,58.92,660.38,3,1
568.75,0.0,111.57,457.18,0,1
956.62,1.2,93.03,863.59,6,0
664.36,0.2,144.49,519.87,1,0
607.65,0.2,80.22,527.44,1,0
1070.11,0.8,248.7,821.41,4,0
828.46,0.6,160.51,667.95,3,1
768.92,0.4,140.97,627.95,2,0
743.19,0.4,115.24,627.95,2,1
436.34,0.0,32.11,404.23,0,1
660.18,0.2,110.05,550.13,1,0
593.07,0.0,135.89,457.18,0,0
667.05,0.2,124.49,542.56,1,1
667.73,0.2,125.16,542.56,1,1
717.41,0.6,57.03,660.38,3,1
815.11,0.4,179.59,635.51,2,1
872.44,0.6,166.68,705.77,3,0
556.53,0.0,99.35,457.18,0,0
942.83,0.6,184.11,758.72,3,1
693.72,0.4,96.03,597.69,2,1
884.01,0.4,271.19,612.82,2,0
1171.77,1.0,272.54,899.23,5,0
580.3,0.0,100.43,479.87,0,1
566.07,0.0,101.32,464.74,0,1
639.2,0.2,73.95,565.26,1,0
914.63,0.6,193.73,720.9,3,0
607.09,0.2,102.35,504.74,1,1
936.67,0.8,153.08,783.59,4,1
890.06,0.6,161.59,728.46,3,0
617.84,0.2,82.84,535.0,1,0
487.08,0.0,45.03,442.05,0,0
1338.54,1.4,329.05,1009.49,7,0
941.85,1.0,103.14,838.72,5,1
668.91,0.2,103.65,565.26,1,0
639.99,0.0,175.24,464.74,0,1
992.8,0.8,194.08,798.72,4,0
915.83,0.6,164.68,751.15,3,0
944.54,0.6,208.51,736.03,3,1
1065.94,1.0,174.27,891.67,5,1
690.53,0.2,125.27,565.26,1,0
864.35,0.4,221.27,643.08,2,0
822.24,0.6,86.22,736.03,3,1
865.04,0.4,206.84,658.21,2,0
500.46,0.0,58.41,442.05,0,0
930.02,0.8,138.86,791.15,4,0
667.3,0.4,46.92,620.38,2,1
764.49,0.4,128.97,635.51,2,0
918.45,0.6,174.86,743.59,3,0
659.84,0.2,124.84,535.0,1,1
769.83,0.4,126.76,643.08,2,0
1278.6,1.4,231.3,1047.31,7,0
761.03,0.4,140.65,620.38,2,0
686.36,0.2,113.54,572.82,1,1
569.83,0.0,112.65,457.18,0,1
781.16,0.2,238.59,542.56,1,1
511.2,0.0,91.84,419.36,0,1
912.31,0.8,174.11,738.21,4,1
774.85,0.4,116.65,658.21,2,0
830.83,0.6,140.19,690.64,3,1
882.9,0.4,217.14,665.77,2,0
707.15,0.4,109.46,597.69,2,0
740.72,0.2,183.03,557.69,1,1
599.43,0.2,64.43,535.0,1,1
641.83,0.2,84.14,557.69,1,1
852.78,0.6,169.7,683.08,3,0
519.36,0.0,92.43,426.92,0,1
753.76,0.4,118.24,635.51,2,0
857.79,0.6,144.46,713.33,3,1
1028.72,0.8,245.14,783.59,4,1
1161.32,1.0,224.27,937.05,5,0
935.91,0.8,137.19,798.72,4,0
633.24,0.0,183.62,449.62,0,1
760.08,0.6,77.0,683.08,3,1
712.12,0.2,139.3,572.82,1,1
731.66,0.2,166.41,565.26,1,0
541.4,0.0,84.22,457.18,0,0
553.86,0.0,96.68,457.18,0,0
697.47,0.2,132.22,565.26,1,1
821.09,0.4,200.7,620.38,2,1
720.01,0.2,154.76,565.26,1,0
495.79,0.0,76.43,419.36,0,1
671.7,0.2,121.57,550.13,1,0
656.38,0.2,121.38,535.0,1,0
762.67,0.4,127.16,635.51,2,1
729.93,0.6,69.54,660.38,3,0
896.25,0.6,182.92,713.33,3,0
666.25,0.2,93.43,572.82,1,1
532.97,0.0,83.35,449.62,0,0
871.32,0.4,228.24,643.08,2,0
661.24,0.2,126.24,535.0,1,0
610.87,0.2,83.43,527.44,1,1
568.48,0.0,118.86,449.62,0,0
813.77,0.4,155.57,658.21,2,1
1006.35,0.8,177.38,828.97,4,1
643.36,0.2,78.11,565.26,1,0
725.77,0.2,160.51,565.26,1,0
889.01,0.4,223.24,665.77,2,0
594.79,0.2,74.92,519.87,1,0
598.84,0.2,63.84,535.0,1,0
570.37,0.0,113.19,457.18,0,1
936.87,0.6,215.97,720.9,3,0
700.51,0.2,165.51,535.0,1,0
799.56,0.4,141.35,658.21,2,1
545.06,0.0,72.76,472.31,0,0
898.11,0.6,177.22,720.9,3,0
858.62,0.4,223.11,635.51,2,0
572.5,0.0,107.76,464.74,0,0
687.54,0.2,144.97,542.56,1,1
692.26,0.4,102.14,590.13,2,0
706.99,0.2,149.3,557.69,1,1
580.28,0.0,115.54,464.74,0,0
646.91,0.0,189.73,457.18,0,1
938.79,0.6,210.32,728.46,3,1
746.83,0.2,189.14,557.69,1,0
888.23,0.8,89.51,798.72,4,1
830.18,0.4,171.97,658.21,2,0
860.95,0.4,187.62,673.33,2,0
533.5,0.0,76.32,457.18,0,0
818.19,0.4,175.11,643.08,2,1
562.8,0.0,98.05,464.74,0,1
927.21,0.6,191.19,736.03,3,0
829.03,0.6,108.14,720.9,3,1
596.27,0.2,53.7,542.56,1,1
777.43,0.4,134.35,643.08,2,1
1248.23,1.0,356.57,891.67,5,0
843.34,0.6,137.57,705.77,3,0
620.74,0.0,156.0,464.74,0,1
1250.98,1.2,289.05,961.92,6,0
576.77,0.0,104.46,472.31,0,0
854.34,0.4,188.57,665.77,2,0
647.67,0.2,97.54,550.13,1,0
874.37,0.6,176.16,698.21,3,0
724.5,0.2,151.68,572.82,1,1
954.95,0.6,241.62,713.33,3,0
1235.84,1.0,306.35,929.49,5,0
931.73,0.8,163.27,768.46,4,1
553.74,0.0,81.43,472.31,0,0
524.05,0.0,82.0,442.05,0,0
740.48,0.4,89.84,650.64,2,1
884.12,0.6,170.78,713.33,3,1
531.18,0.0,66.43,464.74,0,0
622.62,0.2,87.62,535.0,1,1
830.52,0.4,157.19,673.33,2,0
741.45,0.2,176.19,565.26,1,1
789.91,0.4,139.27,650.64,2,1
782.46,0.2,239.89,542.56,1,1
811.71,0.4,191.32,620.38,2,0
1174.66,1.0,275.43,899.23,5,0
901.62,0.6,165.59,736.03,3,0
846.97,0.6,110.95,736.03,3,0
836.14,0.4,162.81,673.33,2,1
1019.24,1.0,150.27,868.97,5,0
731.83,0.2,181.7,550.13,1,0
748.5,0.2,190.81,557.69,1,0
600.95,0.0,121.08,479.87,0,0
699.74,0.2,134.49,565.26,1,0
944.66,0.4,278.89,665.77,2,0
644.48,0.2,94.35,550.13,1,1
585.72,0.0,120.97,464.74,0,0
800.79,0.4,180.41,620.38,2,0
564.74,0.0,100.0,464.74,0,1
666.35,0.2,123.78,542.56,1,0
1253.7,1.2,344.73,908.97,6,0
809.41,0.6,88.51,720.9,3,0
815.78,0.4,172.7,643.08,2,1
977.14,0.8,163.3,813.85,4,0
677.2,0.2,111.95,565.26,1,1
800.52,0.4,127.19,673.33,2,0
839.85,0.4,174.08,665.77,2,0
731.62,0.4,88.54,643.08,2,1
1494.42,0.8,748.65,745.77,4,1
1000.59,0.8,156.49,844.1,4,0
1169.73,1.2,200.24,969.49,6,0
565.55,0.0,93.24,472.31,0,0
1045.04,0.8,246.32,798.72,4,0
673.74,0.2,93.35,580.38,1,0
855.63,0.4,250.38,605.26,2,1
539.63,0.0,67.32,472.31,0,0
944.93,0.6,178.65,766.28,3,0
804.64,0.4,161.57,643.08,2,1
619.29,0.2,76.73,542.56,1,1
761.34,0.4,103.14,658.21,2,0
871.99,0.4,206.22,665.77,2,0
934.89,0.6,198.86,736.03,3,0
846.62,0.4,203.54,643.08,2,0
970.53,0.6,211.81,758.72,3,0
744.88,0.2,179.62,565.26,1,0
941.46,0.6,205.43,736.03,3,0
636.47,0.2,71.22,565.26,1,0
821.16,0.4,178.08,643.08,2,1
871.63,0.6,158.3,713.33,3,0
818.4,0.6,127.76,690.64,3,1
534.05,0.0,92.0,442.05,0,0
562.65,0.0,128.16,434.49,0,1
628.72,0.2,71.03,557.69,1,0
664.36,0.2,99.11,565.26,1,1
783.81,0.6,100.73,683.08,3,1
829.61,0.4,171.41,658.21,2,1
979.57,0.6,258.68,720.9,3,0
635.7,0.2,93.14,542.56,1,0
612.29,0.2,69.73,542.56,1,1
699.31,0.2,134.05,565.26,1,1
1231.21,0.4,648.65,582.56,2,1
1006.88,0.6,369.19,637.69,3,1
642.99,0.2,77.73,565.26,1,0
540.63,0.0,68.32,472.31,0,0
537.55,0.0,72.81,464.74,0,0
943.25,0.6,229.92,713.33,3,0
905.68,0.6,184.78,720.9,3,0
664.18,0.2,98.92,565.26,1,1
549.29,0.0,107.24,442.05,0,0
880.56,0.6,136.97,743.59,3,1
694.17,0.2,121.35,572.82,1,1
840.13,0.6,157.05,683.08,3,0
968.37,0.8,184.78,783.59,4,1
1254.51,0.6,563.86,690.64,3,1
586.08,0.0,98.65,487.44,0,0
756.34,0.4,98.14,658.21,2,0
548.53,0.0,91.35,457.18,0,0
673.8,0.2,108.54,565.26,1,0
839.88,0.6,134.11,705.77,3,0
441.2,0.0,29.41,411.79,0,1
542.64,0.0,85.46,457.18,0,0
976.84,0.8,215.95,760.9,4,0
886.25,0.8,125.35,760.9,4,1
729.75,0.4,71.54,658.21,2,0
630.51,0.2,87.95,542.56,1,1
649.1,0.2,106.54,542.56,1,1
681.53,0.4,83.84,597.69,2,1
1381.45,1.4,341.7,1039.74,7,0
726.15,0.2,160.89,565.26,1,1
811.74,0.4,145.97,665.77,2,1
670.8,0.2,105.54,565.26,1,1
642.31,0.2,84.62,557.69,1,0
731.64,0.2,181.51,550.13,1,1
750.05,0.4,114.54,635.51,2,0
733.94,0.4,151.38,582.56,2,1
620.19,0.2,77.62,542.56,1,0
593.81,0.2,58.81,535.0,1,1
495.33,0.0,60.84,434.49,0,1
920.64,0.6,222.43,698.21,3,1
510.0,0.0,67.95,442.05,0,0
608.15,0.0,143.41,464.74,0,0
792.57,0.6,132.19,660.38,3,1
538.96,0.0,74.22,464.74,0,0
630.18,0.2,80.05,550.13,1,1
513.62,0.0,79.14,434.49,0,0
771.26,0.4,113.05,658.21,2,0
693.5,0.2,128.24,565.26,1,0
989.55,0.8,183.27,806.28,4,0
828.91,0.6,138.27,690.64,3,1
738.66,0.2,173.41,565.26,1,1
1123.04,0.8,309.19,813.85,4,0
1242.73,1.0,320.81,921.92,5,0
860.18,0.4,201.97,658.21,2,0
650.48,0.2,100.35,550.13,1,0
690.34,0.2,125.08,565.26,1,0
670.91,0.2,105.65,565.26,1,0
682.56,0.2,124.86,557.69,1,0
641.7,0.2,99.14,542.56,1,0
654.0,0.2,111.43,542.56,1,1
