"Total_Cost","Ratio_Reloc_Prod","Horiz_Cost","Vert_Cost","nReloc","non_Optimal"
252102.33,0.7687,38685.59,213416.84,1153,73
620.33,0.4,68.03,552.31,2,0
448.4,0.0,51.73,396.67,0,0
633.2,0.4,88.46,544.74,2,1
770.19,0.6,155.19,615.0,3,0
631.97,0.4,102.35,529.62,2,0
798.15,0.8,120.46,677.69,4,0
788.63,0.8,88.24,700.38,4,0
780.61,0.8,102.92,677.69,4,0
727.8,0.4,190.62,537.18,2,1
831.18,1.0,105.92,725.26,5,0
729.94,0.4,147.38,582.56,2,0
855.61,0.6,210.35,645.26,3,0
620.91,0.2,131.3,489.62,1,0
841.81,0.8,118.73,723.08,4,0
751.91,0.6,106.65,645.26,3,0
450.2,0.0,38.41,411.79,0,0
502.02,0.0,105.35,396.67,0,1
795.07,0.8,124.95,670.13,4,0
736.24,0.2,201.24,535.0,1,0
534.19,0.2,59.7,474.49,1,0
646.98,0.4,79.54,567.44,2,1
1099.21,1.4,188.05,911.15,7,1
968.74,1.0,228.35,740.38,5,0
1200.17,1.6,173.38,1026.79,8,0
1212.24,1.6,215.7,996.54,8,0
434.07,0.0,37.41,396.67,0,0
772.75,0.6,150.19,622.56,3,0
632.27,0.4,64.84,567.44,2,0
1139.59,1.6,143.05,996.54,8,1
548.62,0.2,59.0,489.62,1,0
923.94,1.0,153.3,770.64,5,0
682.71,0.4,115.27,567.44,2,0
1082.09,1.4,201.19,880.9,7,0
1021.44,1.2,135.16,886.28,6,0
638.15,0.4,85.84,552.31,2,0
1052.41,1.2,203.95,848.46,6,0
1033.84,1.2,185.38,848.46,6,0
542.39,0.0,130.59,411.79,0,0
710.77,0.6,118.46,592.31,3,0
1113.98,1.4,119.62,994.36,7,0
1097.1,1.4,178.38,918.72,7,1
815.75,0.8,138.05,677.69,4,1
1047.33,1.0,238.86,808.46,5,0
820.74,0.6,175.49,645.26,3,0
820.46,0.8,104.95,715.51,4,0
1207.25,1.6,225.84,981.41,8,0
474.98,0.0,55.62,419.36,0,0
772.61,0.6,127.35,645.26,3,0
648.19,0.4,65.62,582.56,2,0
925.52,0.8,217.57,707.95,4,0
1315.91,1.6,243.73,1072.18,8,1
539.56,0.2,57.51,482.05,1,0
971.59,1.2,100.43,871.15,6,0
760.38,0.6,92.43,667.95,3,0
857.95,0.6,182.43,675.51,3,0
833.7,0.8,118.19,715.51,4,1
788.16,0.8,80.22,707.95,4,0
858.62,0.6,183.11,675.51,3,1
970.06,1.0,161.59,808.46,5,0
746.05,0.6,55.41,690.64,3,0
503.43,0.0,53.81,449.62,0,0
782.49,0.6,114.54,667.95,3,0
952.2,1.0,158.86,793.33,5,1
1044.38,1.2,127.84,916.54,6,0
1024.35,1.0,208.32,816.03,5,0
1242.75,1.8,138.14,1104.62,9,0
690.16,0.4,62.22,627.95,2,0
458.36,0.0,39.0,419.36,0,0
1001.26,1.2,122.54,878.72,6,1
751.2,0.6,105.95,645.26,3,1
955.59,1.0,139.57,816.03,5,0
883.13,1.0,120.05,763.08,5,0
453.47,0.0,34.11,419.36,0,0
1088.44,1.2,134.08,954.36,6,1
847.62,0.8,139.68,707.95,4,1
902.34,0.8,171.7,730.64,4,0
889.07,0.6,198.43,690.64,3,1
695.36,0.4,82.54,612.82,2,0
1254.8,1.6,190.19,1064.62,8,0
709.45,0.4,119.32,590.13,2,0
994.78,1.2,123.62,871.15,6,1
857.7,0.8,142.19,715.51,4,0
1131.64,1.4,159.97,971.67,7,1
844.19,0.8,128.68,715.51,4,0
922.3,1.0,166.78,755.51,5,0
960.45,1.0,189.81,770.64,5,0
468.63,0.0,56.84,411.79,0,0
673.14,0.4,98.14,575.0,2,1
882.87,1.0,74.41,808.46,5,0
803.44,0.8,110.62,692.82,4,1
472.49,0.0,38.0,434.49,0,0
968.58,1.0,129.86,838.72,5,0
979.71,1.0,125.86,853.85,5,1
891.68,0.8,191.3,700.38,4,0
562.21,0.2,65.03,497.18,1,0
629.93,0.4,77.62,552.31,2,0
758.73,0.6,136.16,622.56,3,0
1017.65,1.2,169.19,848.46,6,0
475.23,0.0,63.43,411.79,0,0
470.39,0.0,51.03,419.36,0,0
1824.98,2.8,255.62,1569.36,14,0
1029.41,1.0,168.0,861.41,5,0
639.35,0.4,71.92,567.44,2,0
699.78,0.4,124.78,575.0,2,0
760.87,0.6,108.05,652.82,3,0
689.78,0.6,67.22,622.56,3,0
470.45,0.0,66.22,404.23,0,0
518.82,0.0,99.46,419.36,0,1
941.54,1.0,117.95,823.59,5,0
988.65,1.2,140.19,848.46,6,0
565.69,0.2,68.51,497.18,1,0
705.62,0.4,123.05,582.56,2,0
779.27,0.6,103.76,675.51,3,0
829.53,0.6,123.76,705.77,3,1
1028.94,1.2,112.41,916.54,6,0
991.32,1.0,175.3,816.03,5,0
873.58,0.8,135.38,738.21,4,0
686.03,0.4,126.16,559.87,2,1
951.27,1.0,135.24,816.03,5,0
1162.42,1.4,183.19,979.23,7,0
457.58,0.0,38.22,419.36,0,0
1541.49,2.2,258.54,1282.95,11,0
1131.66,1.4,144.86,986.79,7,0
834.9,0.8,142.08,692.82,4,0
913.46,1.0,97.43,816.03,5,1
887.84,0.8,126.95,760.9,4,1
1192.86,1.6,135.81,1057.05,8,0
835.06,0.6,167.11,667.95,3,1
827.76,0.8,112.24,715.51,4,1
592.58,0.4,55.41,537.18,2,0
877.18,0.6,247.05,630.13,3,0
935.67,1.0,119.65,816.03,5,1
859.36,0.8,106.03,753.33,4,0
1228.46,1.6,171.41,1057.05,8,0
768.58,0.6,115.76,652.82,3,1
750.24,0.4,175.24,575.0,2,0
629.78,0.4,100.16,529.62,2,0
1033.79,1.2,139.95,893.85,6,0
761.9,0.8,61.51,700.38,4,1
520.66,0.0,108.86,411.79,0,0
738.99,0.4,148.86,590.13,2,0
841.11,0.8,133.16,707.95,4,1
755.85,0.4,150.59,605.26,2,0
813.63,0.8,113.24,700.38,4,1
695.19,0.6,72.62,622.56,3,0
755.22,0.6,94.84,660.38,3,0
1182.66,1.6,155.86,1026.79,8,1
945.39,1.0,91.54,853.85,5,0
1033.55,1.2,147.27,886.28,6,1
638.62,0.4,116.57,522.05,2,0
751.08,0.6,83.14,667.95,3,1
485.19,0.0,50.7,434.49,0,0
932.89,0.8,224.95,707.95,4,0
720.65,0.6,105.65,615.0,3,0
1039.69,1.2,160.97,878.72,6,1
973.83,1.2,110.24,863.59,6,0
564.79,0.2,97.86,466.92,1,0
710.12,0.6,72.43,637.69,3,1
1185.26,1.6,181.16,1004.1,8,0
1104.23,1.4,132.57,971.67,7,1
1031.25,1.2,197.92,833.33,6,0
636.65,0.4,69.22,567.44,2,0
1045.73,1.2,136.76,908.97,6,0
777.57,0.6,109.62,667.95,3,0
1032.03,1.2,176.0,856.03,6,1
774.36,0.6,121.54,652.82,3,1
1016.04,1.2,182.7,833.33,6,1
822.11,0.8,121.73,700.38,4,0
862.44,0.8,154.49,707.95,4,0
967.23,1.0,120.95,846.28,5,1
887.86,0.6,212.35,675.51,3,0
633.44,0.4,81.14,552.31,2,0
558.73,0.2,84.24,474.49,1,0
625.62,0.4,50.62,575.0,2,0
927.66,1.0,141.89,785.77,5,1
562.19,0.2,80.14,482.05,1,0
807.48,0.8,137.35,670.13,4,1
937.48,1.0,159.27,778.21,5,0
1050.74,1.2,156.89,893.85,6,0
715.34,0.4,110.08,605.26,2,0
743.57,0.6,75.62,667.95,3,0
929.28,0.8,183.51,745.77,4,0
1452.32,2.2,154.24,1298.08,11,0
660.08,0.4,92.65,567.44,2,0
1293.95,1.8,159.08,1134.87,9,0
587.05,0.2,112.57,474.49,1,0
738.51,0.6,115.95,622.56,3,0
512.62,0.0,63.0,449.62,0,0
1205.25,1.4,218.46,986.79,7,1
682.14,0.4,122.27,559.87,2,0
1052.99,1.2,227.22,825.77,6,0
1196.47,1.6,169.68,1026.79,8,0
966.75,1.0,143.16,823.59,5,0
460.01,0.0,48.22,411.79,0,0
792.13,0.8,76.62,715.51,4,0
540.44,0.0,121.08,419.36,0,0
653.89,0.4,124.27,529.62,2,0
863.71,0.8,155.76,707.95,4,1
678.21,0.4,95.65,582.56,2,0
1183.15,1.4,211.49,971.67,7,0
964.91,1.0,133.76,831.15,5,0
577.24,0.2,102.76,474.49,1,0
628.9,0.4,69.03,559.87,2,0
1364.81,1.8,214.81,1150.0,9,1
533.36,0.2,66.43,466.92,1,0
768.23,0.6,122.97,645.26,3,0
588.81,0.2,53.81,535.0,1,0
752.0,0.6,68.92,683.08,3,0
1081.78,1.2,210.62,871.15,6,0
925.62,1.0,102.03,823.59,5,1
636.48,0.2,139.3,497.18,1,1
895.29,1.0,124.65,770.64,5,1
821.44,0.8,121.05,700.38,4,0
627.56,0.2,130.38,497.18,1,0
587.97,0.2,98.35,489.62,1,0
567.16,0.2,77.54,489.62,1,0
674.95,0.4,99.95,575.0,2,0
833.19,0.8,125.24,707.95,4,0
1049.51,1.2,193.49,856.03,6,0
891.53,0.8,145.76,745.77,4,0
1313.81,1.8,171.38,1142.44,9,1
810.28,0.8,64.51,745.77,4,1
1316.61,2.0,156.86,1159.74,10,0
727.99,0.6,82.73,645.26,3,0
1186.81,1.6,129.76,1057.05,8,0
963.15,1.0,177.38,785.77,5,0
1365.95,1.8,276.46,1089.49,9,0
878.57,1.0,123.05,755.51,5,1
599.24,0.2,117.19,482.05,1,1
684.23,0.4,86.54,597.69,2,0
1309.85,1.8,190.11,1119.74,9,0
951.88,1.0,113.16,838.72,5,0
960.09,1.0,159.19,800.9,5,0
957.3,1.0,156.41,800.9,5,0
836.71,0.6,183.89,652.82,3,0
1060.41,1.4,111.43,948.97,7,0
580.11,0.2,113.19,466.92,1,0
1001.38,1.0,192.92,808.46,5,0
1364.52,1.6,269.65,1094.87,8,0
946.07,0.8,215.43,730.64,4,1
649.59,0.4,67.03,582.56,2,1
1125.07,1.6,158.78,966.28,8,0
624.01,0.2,104.14,519.87,1,0
1014.63,1.0,160.78,853.85,5,0
763.19,0.6,95.24,667.95,3,1
887.22,1.0,86.32,800.9,5,0
537.11,0.2,62.62,474.49,1,0
638.3,0.4,78.43,559.87,2,0
747.85,0.6,110.16,637.69,3,0
834.86,0.8,119.35,715.51,4,1
879.98,0.8,126.65,753.33,4,0
947.05,1.0,123.46,823.59,5,1
708.97,0.6,78.84,630.13,3,0
1029.51,1.2,158.35,871.15,6,0
729.25,0.6,76.43,652.82,3,0
784.72,0.6,154.59,630.13,3,0
742.04,0.6,104.35,637.69,3,0
1409.36,0.8,663.59,745.77,4,1
611.75,0.2,114.57,497.18,1,0
1411.42,2.0,259.24,1152.18,10,0
1103.07,1.4,176.78,926.28,7,0
721.34,0.6,91.22,630.13,3,0
719.68,0.4,159.81,559.87,2,0
560.21,0.2,63.03,497.18,1,0
611.75,0.4,82.14,529.62,2,1
557.53,0.2,67.92,489.62,1,0
1287.98,1.6,140.16,1147.82,8,0
654.26,0.4,64.14,590.13,2,1
713.29,0.6,90.73,622.56,3,1
1056.25,1.4,114.84,941.41,7,1
919.92,1.0,119.03,800.9,5,1
443.32,0.0,54.22,389.1,0,0
1145.91,1.4,166.68,979.23,7,1
656.85,0.4,104.54,552.31,2,1
672.8,0.4,128.05,544.74,2,0
903.2,0.8,217.95,685.26,4,0
456.48,0.0,59.81,396.67,0,0
677.82,0.4,133.08,544.74,2,0
668.35,0.4,100.92,567.44,2,0
823.53,0.8,85.32,738.21,4,0
772.82,0.6,127.57,645.26,3,0
1213.39,1.2,319.54,893.85,6,1
706.38,0.6,46.0,660.38,3,0
638.33,0.4,86.03,552.31,2,1
506.08,0.0,64.03,442.05,0,0
839.5,0.8,146.68,692.82,4,0
1267.81,1.6,218.32,1049.49,8,0
790.2,0.6,137.38,652.82,3,0
716.47,0.6,71.22,645.26,3,1
1051.63,1.2,104.84,946.79,6,0
743.85,0.6,91.03,652.82,3,0
670.76,0.4,95.76,575.0,2,0
889.79,0.8,181.84,707.95,4,0
550.83,0.2,61.22,489.62,1,0
1089.87,1.2,196.03,893.85,6,1
1173.67,1.6,116.62,1057.05,8,0
623.09,0.4,63.22,559.87,2,0
887.44,0.8,179.49,707.95,4,0
935.19,1.0,126.73,808.46,5,0
1097.37,1.4,118.14,979.23,7,0
