"Total_Cost","Ratio_Reloc_Prod","Horiz_Cost","Vert_Cost","nReloc","non_Optimal"
225554.24,0.4893,30160.67,195393.57,734,150
1598.01,0.5,203.78,1394.23,5,1
1325.37,0.3,132.16,1193.21,3,1
1573.98,0.5,270.51,1303.46,5,1
1722.74,0.7,233.38,1489.36,7,1
1587.09,0.4,338.76,1248.33,4,1
1880.5,0.9,205.24,1675.26,9,1
1862.72,0.9,187.46,1675.26,9,1
1182.64,0.1,198.03,984.62,1,1
1552.64,0.5,226.49,1326.15,5,1
2299.11,1.3,320.14,1978.97,13,1
1769.44,0.6,320.08,1449.36,6,1
1583.08,0.5,219.11,1363.97,5,1
1275.74,0.2,175.49,1100.26,2,1
1523.0,0.4,244.41,1278.59,4,1
1212.05,0.2,142.05,1070.0,2,1
1458.65,0.5,162.76,1295.9,5,1
1379.09,0.5,98.32,1280.77,5,1
1329.57,0.4,119.05,1210.51,4,1
1740.05,0.8,195.57,1544.49,8,1
1143.5,0.2,103.76,1039.74,2,1
1476.21,0.4,258.14,1218.08,4,1
1751.86,0.7,224.68,1527.18,7,1
1477.9,0.4,169.05,1308.85,4,1
1368.07,0.4,134.86,1233.21,4,1
1244.92,0.2,182.49,1062.44,2,1
1779.8,0.9,165.05,1614.74,9,1
1624.27,0.5,320.81,1303.46,5,1
1361.92,0.3,191.41,1170.51,3,1
1080.57,0.1,118.65,961.92,1,1
1512.17,0.5,231.41,1280.77,5,1
1084.86,0.1,100.24,984.62,1,1
1491.76,0.5,188.3,1303.46,5,1
1350.4,0.3,179.89,1170.51,3,1
1343.77,0.4,155.95,1187.82,4,1
1210.59,0.3,93.03,1117.56,3,1
1101.84,0.2,99.92,1001.92,2,1
1020.99,0.0,129.32,891.67,0,1
1429.87,0.5,141.54,1288.33,5,1
1354.85,0.4,174.59,1180.26,4,1
1637.53,0.6,218.43,1419.1,6,1
1821.47,0.7,286.73,1534.74,7,1
1959.02,0.9,291.32,1667.69,9,1
1973.25,0.9,290.43,1682.82,9,1
1069.34,0.1,122.54,946.79,1,1
2054.33,1.0,331.51,1722.82,10,1
1169.71,0.1,147.27,1022.44,1,1
1671.39,0.6,229.59,1441.79,6,1
1740.52,0.8,211.16,1529.36,8,1
1403.56,0.3,217.92,1185.64,3,1
1610.11,0.6,213.7,1396.41,6,1
1569.55,0.4,260.7,1308.85,4,1
1900.37,1.0,207.81,1692.56,10,1
1119.89,0.0,175.27,944.62,0,1
1485.15,0.4,199.0,1286.15,4,1
1657.0,0.6,253.03,1403.97,6,1
1212.03,0.3,102.03,1110.0,3,1
1884.2,0.8,309.46,1574.74,8,1
1204.9,0.1,197.59,1007.31,1,1
1685.65,0.7,234.11,1451.54,7,1
1606.2,0.6,224.92,1381.28,6,1
1487.1,0.4,193.38,1293.72,4,1
1223.76,0.2,153.76,1070.0,2,1
1388.72,0.4,147.95,1240.77,4,1
1681.29,0.7,267.57,1413.72,7,1
1293.37,0.3,160.68,1132.69,3,1
1108.19,0.1,131.14,977.05,1,1
1510.94,0.6,152.35,1358.59,6,1
1235.78,0.2,165.78,1070.0,2,1
1275.27,0.2,197.7,1077.56,2,1
1758.86,0.7,299.76,1459.1,7,1
1570.38,0.6,173.97,1396.41,6,1
1090.86,0.1,106.24,984.62,1,1
1606.55,0.6,225.27,1381.28,6,1
1713.95,0.8,169.46,1544.49,8,1
1643.31,0.6,269.59,1373.72,6,1
1235.06,0.2,127.24,1107.82,2,1
1474.63,0.4,226.3,1248.33,4,1
1466.39,0.5,178.05,1288.33,5,1
1911.32,1.0,211.19,1700.13,10,1
1385.84,0.3,169.95,1215.9,3,1
1629.47,0.6,240.62,1388.85,6,1
1314.02,0.3,188.89,1125.13,3,1
1255.81,0.2,178.24,1077.56,2,1
1498.64,0.5,180.05,1318.59,5,1
1497.03,0.4,226.0,1271.03,4,1
1606.35,0.5,234.81,1371.54,5,1
1267.91,0.2,182.78,1085.13,2,1
1726.95,0.7,237.59,1489.36,7,1
1097.84,0.2,95.92,1001.92,2,1
1057.95,0.1,96.03,961.92,1,1
1311.28,0.4,131.03,1180.26,4,1
1143.16,0.2,118.54,1024.62,2,1
1595.44,0.6,199.03,1396.41,6,1
1195.39,0.1,188.08,1007.31,1,1
1156.4,0.2,139.35,1017.05,2,1
1577.85,0.6,196.57,1381.28,6,1
1668.08,0.6,309.49,1358.59,6,1
1771.16,0.8,226.68,1544.49,8,1
1968.76,0.9,323.76,1645.0,9,1
1683.89,0.7,239.92,1443.97,7,1
1195.07,0.1,210.46,984.62,1,1
1837.93,0.8,263.19,1574.74,8,1
1592.74,0.7,224.41,1368.33,7,1
1693.03,0.6,236.11,1456.92,6,1
1989.67,0.9,321.97,1667.69,9,1
1440.19,0.5,136.73,1303.46,5,1
1166.3,0.1,143.86,1022.44,1,1
1777.46,0.8,225.41,1552.05,8,1
1646.56,0.7,172.32,1474.23,7,1
1444.07,0.4,203.3,1240.77,4,1
1654.35,0.6,242.81,1411.54,6,1
1279.61,0.3,154.49,1125.13,3,1
1377.18,0.3,236.92,1140.26,3,1
1478.5,0.3,277.73,1200.77,3,1
1267.32,0.2,182.19,1085.13,2,1
1592.42,0.5,251.14,1341.28,5,1
1899.69,0.9,232.0,1667.69,9,1
1462.17,0.5,166.27,1295.9,5,1
1591.03,0.6,247.57,1343.46,6,1
1488.79,0.5,192.89,1295.9,5,1
1245.49,0.2,175.49,1070.0,2,1
1995.04,1.0,287.35,1707.69,10,1
1501.78,0.5,183.19,1318.59,5,1
1373.65,0.4,178.27,1195.38,4,1
1264.1,0.2,178.97,1085.13,2,1
1361.99,0.3,176.35,1185.64,3,1
1319.67,0.3,186.97,1132.69,3,1
1396.23,0.4,155.46,1240.77,4,1
1201.04,0.3,113.73,1087.31,3,1
1606.65,0.7,215.62,1391.03,7,1
1653.69,0.7,179.46,1474.23,7,1
1466.17,0.5,185.41,1280.77,5,1
1869.27,1.0,184.27,1685.0,10,1
1840.21,0.8,288.16,1552.05,8,1
1430.2,0.4,181.86,1248.33,4,1
1302.08,0.3,192.08,1110.0,3,1
1880.64,1.0,233.46,1647.18,10,1
1306.21,0.3,188.65,1117.56,3,1
1705.64,0.6,286.54,1419.1,6,1
1588.61,0.6,214.89,1373.72,6,1
1512.72,0.5,186.57,1326.15,5,1
1685.92,0.7,234.38,1451.54,7,1
1250.09,0.2,195.22,1054.87,2,1
1977.99,1.0,262.73,1715.26,10,1
1868.91,0.9,261.73,1607.18,9,1
1538.65,0.6,142.24,1396.41,6,1
1444.68,0.5,209.3,1235.38,5,1
1655.44,0.7,219.03,1436.41,7,1
1412.83,0.4,187.19,1225.64,4,1
1438.86,0.4,213.22,1225.64,4,1
