"Total_Cost","Ratio_Reloc_Prod","Horiz_Cost","Vert_Cost","nReloc","non_Optimal"
227897.8,0.4893,32103.42,195794.48,734,150
1598.01,0.5,203.78,1394.23,5,1
1335.77,0.3,142.57,1193.21,3,1
1611.3,0.5,307.84,1303.46,5,1
1732.19,0.7,235.27,1496.92,7,1
1569.44,0.4,328.68,1240.77,4,1
1885.47,0.9,202.65,1682.82,9,1
1900.06,0.9,209.68,1690.38,9,1
1154.51,0.1,169.89,984.62,1,1
1550.16,0.5,239.14,1311.03,5,1
2319.89,1.3,333.35,1986.54,13,1
1851.65,0.7,339.59,1512.05,7,1
1565.9,0.5,224.62,1341.28,5,1
1340.27,0.2,202.19,1138.08,2,1
1566.91,0.4,280.76,1286.15,4,1
1148.21,0.2,116.03,1032.18,2,1
1462.6,0.5,174.27,1288.33,5,1
1425.85,0.6,97.51,1328.33,6,1
1405.96,0.5,132.76,1273.21,5,1
1755.62,0.8,203.57,1552.05,8,1
1080.81,0.1,103.76,977.05,1,1
1494.99,0.4,269.35,1225.64,4,1
1795.89,0.8,236.27,1559.62,8,1
1536.89,0.5,165.35,1371.54,5,1
1393.76,0.4,137.86,1255.9,4,1
1249.52,0.2,187.08,1062.44,2,1
1827.6,0.8,237.73,1589.87,8,1
1686.69,0.6,312.97,1373.72,6,1
1390.03,0.3,219.51,1170.51,3,1
1209.28,0.1,194.41,1014.87,1,1
1470.71,0.4,267.76,1202.95,4,1
1068.5,0.1,76.32,992.18,1,1
1612.71,0.6,231.43,1381.28,6,1
1274.23,0.3,141.54,1132.69,3,1
1412.39,0.4,164.05,1248.33,4,1
1316.74,0.3,176.49,1140.26,3,1
1166.18,0.2,126.43,1039.74,2,1
1066.3,0.1,111.95,954.36,1,1
1490.1,0.5,163.95,1326.15,5,1
1300.67,0.3,183.11,1117.56,3,1
1711.61,0.7,244.95,1466.67,7,1
1824.43,0.7,312.38,1512.05,7,1
1636.35,0.5,264.81,1371.54,5,1
1734.89,0.6,262.84,1472.05,6,1
1118.54,0.1,149.05,969.49,1,1
2110.35,1.1,317.27,1793.08,11,1
1077.25,0.0,162.89,914.36,0,1
1731.13,0.7,272.03,1459.1,7,1
1801.23,0.9,194.05,1607.18,9,1
1466.69,0.4,225.92,1240.77,4,1
1772.33,0.8,235.41,1536.92,8,1
1618.65,0.5,262.24,1356.41,5,1
1644.24,0.7,192.7,1451.54,7,1
1235.1,0.2,149.97,1085.13,2,1
1573.1,0.5,194.0,1379.1,5,1
1549.73,0.4,286.27,1263.46,4,1
1132.58,0.2,92.84,1039.74,2,1
1791.12,0.6,356.89,1434.23,6,1
1294.1,0.2,201.41,1092.69,2,1
1912.01,0.9,282.14,1629.87,9,1
1788.46,0.7,283.97,1504.49,7,1
1520.82,0.5,179.54,1341.28,5,1
1331.98,0.3,184.16,1147.82,3,1
1591.83,0.6,165.16,1426.67,6,1
1740.43,0.7,288.89,1451.54,7,1
1314.06,0.3,158.68,1155.38,3,1
1317.95,0.3,147.43,1170.51,3,1
1685.12,0.7,210.89,1474.23,7,1
1337.18,0.4,111.54,1225.64,4,1
1379.08,0.2,256.14,1122.95,2,1
1622.82,0.6,226.41,1396.41,6,1
1466.22,0.4,210.32,1255.9,4,1
1202.78,0.1,172.78,1030.0,1,1
1237.79,0.2,175.35,1062.44,2,1
1585.28,0.6,204.0,1381.28,6,1
1944.08,0.9,352.03,1592.05,9,1
1181.57,0.2,119.14,1062.44,2,1
1590.89,0.5,279.86,1311.03,5,1
1443.55,0.4,202.78,1240.77,4,1
1915.75,0.8,303.19,1612.56,8,1
1369.83,0.4,136.62,1233.21,4,1
1726.92,0.7,214.86,1512.05,7,1
1462.4,0.6,171.89,1290.51,6,1
1631.59,0.6,220.05,1411.54,6,1
1425.48,0.3,247.41,1178.08,3,1
1507.92,0.4,252.03,1255.9,4,1
1593.56,0.4,307.41,1286.15,4,1
1521.29,0.5,187.57,1333.72,5,1
1249.89,0.1,219.89,1030.0,1,1
992.14,0.1,90.73,901.41,1,1
1072.65,0.1,110.73,961.92,1,1
1351.54,0.4,141.03,1210.51,4,1
1056.72,0.1,125.05,931.67,1,1
1503.51,0.4,232.49,1271.03,4,1
1281.0,0.3,178.57,1102.44,3,1
1256.37,0.2,171.24,1085.13,2,1
1368.23,0.3,220.41,1147.82,3,1
2013.55,0.9,391.24,1622.31,9,1
1468.62,0.5,165.16,1303.46,5,1
1460.64,0.4,227.43,1233.21,4,1
1766.28,0.7,284.49,1481.79,7,1
1344.67,0.3,227.11,1117.56,3,1
1580.45,0.6,214.3,1366.15,6,1
1861.73,0.8,324.81,1536.92,8,1
1405.92,0.3,182.46,1223.46,3,1
1705.79,0.6,309.38,1396.41,6,1
1579.79,0.5,223.38,1356.41,5,1
1327.36,0.3,171.97,1155.38,3,1
1697.37,0.6,278.27,1419.1,6,1
1497.95,0.6,162.05,1335.9,6,1
1366.05,0.4,155.54,1210.51,4,1
1863.87,0.8,334.51,1529.36,8,1
1527.68,0.5,224.22,1303.46,5,1
1916.93,0.8,342.19,1574.74,8,1
1897.93,0.8,308.05,1589.87,8,1
1407.37,0.3,221.73,1185.64,3,1
1593.31,0.6,219.59,1373.72,6,1
1859.27,0.8,261.84,1597.44,8,1
1224.98,0.3,122.54,1102.44,3,1
1614.69,0.6,248.54,1366.15,6,1
1702.58,0.6,268.35,1434.23,6,1
1398.39,0.4,165.19,1233.21,4,1
2158.91,1.2,325.84,1833.08,12,1
1428.78,0.4,157.76,1271.03,4,1
1233.17,0.3,145.86,1087.31,3,1
1374.53,0.3,241.84,1132.69,3,1
1184.33,0.2,137.03,1047.31,2,1
1298.49,0.3,188.49,1110.0,3,1
1312.23,0.4,139.54,1172.69,4,1
1139.83,0.2,115.22,1024.62,2,1
1862.62,0.9,278.14,1584.49,9,1
1592.69,0.5,266.54,1326.15,5,1
1243.5,0.2,196.19,1047.31,2,1
1853.03,0.9,223.16,1629.87,9,1
1783.36,0.7,286.43,1496.92,7,1
1575.98,0.6,187.14,1388.85,6,1
1080.49,0.1,126.14,954.36,1,1
1622.34,0.7,148.11,1474.23,7,1
1424.7,0.4,199.05,1225.64,4,1
1614.09,0.6,232.81,1381.28,6,1
1466.26,0.4,240.62,1225.64,4,1
1647.52,0.7,211.11,1436.41,7,1
1599.07,0.6,217.78,1381.28,6,1
1716.26,0.7,242.03,1474.23,7,1
1998.56,1.1,266.0,1732.56,11,1
1571.92,0.5,276.03,1295.9,5,1
1436.67,0.5,178.59,1258.08,5,1
1504.83,0.4,279.19,1225.64,4,1
1772.18,0.8,205.0,1567.18,8,1
1565.14,0.6,161.16,1403.97,6,1
1425.28,0.3,224.51,1200.77,3,1
