"Total_Cost","Ratio_Reloc_Prod","Horiz_Cost","Vert_Cost","nReloc","non_Optimal"
217087.6,0.3827,32254.21,184833.3,574,150
1556.89,0.4,217.78,1339.1,4,1
1627.48,0.6,208.38,1419.1,6,1
1180.07,0.1,119.81,1060.26,1,1
1410.54,0.3,232.46,1178.08,3,1
1263.28,0.2,155.46,1107.82,2,1
1576.7,0.5,212.73,1363.97,5,1
1757.0,0.7,244.95,1512.05,7,1
1196.7,0.2,119.14,1077.56,2,1
1355.87,0.3,192.92,1162.95,3,1
1235.13,0.1,242.95,992.18,1,1
1474.6,0.4,218.7,1255.9,4,1
1972.33,0.9,350.03,1622.31,9,1
1266.08,0.2,188.51,1077.56,2,1
1710.57,0.7,206.08,1504.49,7,1
1657.33,0.6,260.92,1396.41,6,1
1656.17,0.6,259.76,1396.41,6,1
1262.52,0.3,160.08,1102.44,3,1
1733.98,0.7,244.62,1489.36,7,1
1227.58,0.2,127.32,1100.26,2,1
1009.28,0.0,147.86,861.41,0,1
1722.99,0.6,288.76,1434.23,6,1
1333.81,0.3,170.86,1162.95,3,1
1355.23,0.2,262.54,1092.69,2,1
1326.36,0.3,186.11,1140.26,3,1
1565.12,0.5,223.84,1341.28,5,1
1803.84,0.7,291.78,1512.05,7,1
1195.2,0.2,155.46,1039.74,2,1
1574.31,0.4,265.46,1308.85,4,1
1569.33,0.5,220.49,1348.85,5,1
1469.99,0.4,229.22,1240.77,4,1
1374.82,0.4,187.0,1187.82,4,1
1814.46,0.6,342.41,1472.05,6,1
1652.57,0.6,248.59,1403.97,6,1
1537.63,0.5,188.78,1348.85,5,1
1500.7,0.6,149.68,1351.03,6,1
1917.38,0.8,380.46,1536.92,8,1
926.61,0.0,80.32,846.28,0,1
1427.93,0.3,219.59,1208.33,3,1
1351.25,0.3,203.43,1147.82,3,1
1275.51,0.2,205.51,1070.0,2,1
1479.68,0.5,183.78,1295.9,5,1
1346.91,0.3,161.27,1185.64,3,1
2008.6,0.9,378.73,1629.87,9,1
1215.18,0.2,183.0,1032.18,2,1
1345.28,0.3,197.46,1147.82,3,1
1577.22,0.6,188.38,1388.85,6,1
1645.92,0.7,194.38,1451.54,7,1
1563.18,0.5,237.03,1326.15,5,1
1368.5,0.2,268.24,1100.26,2,1
1471.04,0.4,237.84,1233.21,4,1
1661.85,0.6,227.62,1434.23,6,1
1491.07,0.4,265.43,1225.64,4,1
1244.39,0.1,229.51,1014.87,1,1
1134.76,0.1,165.27,969.49,1,1
1701.94,0.6,275.27,1426.67,6,1
1331.86,0.2,246.73,1085.13,2,1
1167.96,0.1,160.65,1007.31,1,1
1804.14,0.7,314.78,1489.36,7,1
1224.13,0.1,231.95,992.18,1,1
1146.55,0.2,99.24,1047.31,2,1
1241.64,0.1,249.46,992.18,1,1
1176.67,0.1,184.49,992.18,1,1
1554.25,0.6,157.84,1396.41,6,1
1638.29,0.5,319.7,1318.59,5,1
1669.42,0.4,383.27,1286.15,4,1
1559.12,0.5,217.84,1341.28,5,1
1461.09,0.4,220.32,1240.77,4,1
1407.34,0.3,214.14,1193.21,3,1
1561.83,0.4,283.24,1278.59,4,1
1230.27,0.1,192.7,1037.56,1,1
1555.13,0.5,236.54,1318.59,5,1
1367.99,0.4,142.35,1225.64,4,1
1282.21,0.2,197.08,1085.13,2,1
1158.13,0.2,125.95,1032.18,2,1
1448.21,0.4,215.0,1233.21,4,1
1194.49,0.2,132.05,1062.44,2,1
1135.1,0.1,142.92,992.18,1,1
1324.92,0.3,161.97,1162.95,3,1
1640.78,0.5,261.68,1379.1,5,1
1312.69,0.2,220.0,1092.69,2,1
1456.96,0.4,216.19,1240.77,4,1
1916.71,0.7,366.84,1549.87,7,1
2133.07,0.9,412.43,1720.64,9,1
1492.89,0.5,174.3,1318.59,5,1
1630.69,0.6,188.89,1441.79,6,1
1611.05,0.5,284.89,1326.15,5,1
1076.09,0.1,114.16,961.92,1,1
1394.83,0.4,169.19,1225.64,4,1
1463.8,0.4,170.08,1293.72,4,1
1604.56,0.6,230.84,1373.72,6,1
1489.98,0.4,226.51,1263.46,4,1
1567.59,0.4,281.43,1286.15,4,1
1364.91,0.3,179.27,1185.64,3,1
1558.97,0.4,287.95,1271.03,4,1
1232.47,0.1,217.59,1014.87,1,1
1274.06,0.2,211.62,1062.44,2,1
1748.21,0.6,329.11,1419.1,6,1
1984.29,1.1,236.59,1747.69,11,1
1392.39,0.4,212.14,1180.26,4,1
1470.0,0.4,191.41,1278.59,4,1
1312.71,0.1,297.84,1014.87,1,1
1248.2,0.2,200.89,1047.31,2,1
1475.84,0.3,259.95,1215.9,3,1
1449.66,0.6,136.46,1313.21,6,1
1257.98,0.2,203.11,1054.87,2,1
1288.83,0.4,131.27,1157.56,4,1
1312.35,0.3,141.84,1170.51,3,1
1765.53,0.7,291.3,1474.23,7,1
1582.7,0.5,203.59,1379.1,5,1
1526.1,0.5,207.51,1318.59,5,1
1646.99,0.5,252.76,1394.23,5,1
1395.44,0.3,194.68,1200.77,3,1
1372.78,0.4,147.14,1225.64,4,1
1644.45,0.5,265.35,1379.1,5,1
1203.4,0.2,125.84,1077.56,2,1
1525.86,0.4,239.7,1286.15,4,1
1321.84,0.3,166.46,1155.38,3,1
1244.47,0.2,136.65,1107.82,2,1
1443.12,0.4,194.78,1248.33,4,1
1723.93,0.5,329.7,1394.23,5,1
1039.45,0.0,147.78,891.67,0,1
1254.13,0.2,176.57,1077.56,2,1
1283.96,0.3,136.14,1147.82,3,1
1394.67,0.3,216.59,1178.08,3,1
1500.68,0.4,252.35,1248.33,4,1
1246.16,0.2,168.59,1077.56,2,1
1409.0,0.4,198.49,1210.51,4,1
1124.76,0.0,210.41,914.36,0,1
1219.76,0.1,250.27,969.49,1,1
1223.19,0.2,160.76,1062.44,2,1
1712.46,0.6,308.49,1403.97,6,1
1326.6,0.4,123.65,1202.95,4,1
1643.18,0.5,248.95,1394.23,5,1
1584.96,0.5,251.24,1333.72,5,1
1918.64,0.8,290.95,1627.69,8,1
1321.04,0.3,180.78,1140.26,3,1
1413.11,0.3,250.16,1162.95,3,1
1282.94,0.1,230.24,1052.69,1,1
1224.18,0.1,224.43,999.74,1,1
1363.35,0.3,200.41,1162.95,3,1
1463.0,0.4,191.97,1271.03,4,1
1744.96,0.7,217.78,1527.18,7,1
1324.29,0.2,246.73,1077.56,2,1
1483.29,0.5,157.14,1326.15,5,1
1225.57,0.2,170.7,1054.87,2,1
1756.57,0.7,259.65,1496.92,7,1
1417.31,0.4,168.97,1248.33,4,1
983.75,0.0,99.65,884.1,0,1
1635.4,0.6,216.3,1419.1,6,1
1286.67,0.3,153.97,1132.69,3,1
