"Total_Cost","Ratio_Reloc_Prod","Horiz_Cost","Vert_Cost","nReloc","non_Optimal"
249114.99,0.466,57201.53,191913.36,699,161
565.65,0.0,70.65,495.0,0,0
692.77,0.2,135.08,557.69,1,0
891.23,0.6,177.89,713.33,3,0
771.57,0.4,151.19,620.38,2,0
735.73,0.4,92.65,643.08,2,1
540.28,0.0,75.54,464.74,0,0
666.45,0.2,108.76,557.69,1,0
858.95,0.6,138.05,720.9,3,1
689.93,0.2,124.68,565.26,1,0
634.13,0.0,176.95,457.18,0,0
542.71,0.0,62.84,479.87,0,0
1207.0,1.0,338.03,868.97,5,1
712.3,0.4,84.35,627.95,2,0
547.87,0.0,113.38,434.49,0,0
691.07,0.2,133.38,557.69,1,0
1223.11,1.2,261.19,961.92,6,1
992.19,0.8,170.78,821.41,4,1
967.29,0.6,223.7,743.59,3,0
1542.3,0.8,781.41,760.9,4,1
1472.33,0.8,771.95,700.38,4,1
928.71,0.6,215.38,713.33,3,0
1095.56,1.0,203.89,891.67,5,1
800.54,0.6,117.46,683.08,3,0
750.54,0.4,115.03,635.51,2,0
649.12,0.2,91.43,557.69,1,0
1271.87,0.6,603.92,667.95,3,1
589.44,0.0,109.57,479.87,0,0
1022.63,0.6,309.3,713.33,3,1
1806.21,1.2,942.62,863.59,6,1
578.39,0.0,113.65,464.74,0,0
812.53,0.4,161.89,650.64,2,1
764.01,0.4,98.24,665.77,2,1
623.75,0.2,73.62,550.13,1,0
671.63,0.2,144.19,527.44,1,0
515.29,0.0,58.11,457.18,0,0
577.67,0.0,128.05,449.62,0,0
830.79,0.4,217.97,612.82,2,1
512.33,0.0,77.84,434.49,0,1
1659.63,1.8,517.19,1142.44,9,1
1174.01,1.0,327.73,846.28,5,1
660.45,0.2,102.76,557.69,1,0
1014.35,0.8,238.32,776.03,4,1
1082.47,0.6,369.14,713.33,3,0
621.0,0.2,86.0,535.0,1,1
1049.42,1.0,210.7,838.72,5,0
765.46,0.4,129.95,635.51,2,1
798.99,0.2,248.86,550.13,1,0
604.86,0.0,155.24,449.62,0,1
850.08,0.4,214.57,635.51,2,1
782.36,0.2,217.11,565.26,1,0
940.31,0.6,234.54,705.77,3,1
740.98,0.4,181.11,559.87,2,1
578.21,0.0,136.16,442.05,0,1
639.48,0.4,56.92,582.56,2,0
738.63,0.4,118.24,620.38,2,1
807.46,0.6,131.95,675.51,3,0
854.61,0.6,163.97,690.64,3,1
692.35,0.2,149.78,542.56,1,1
691.52,0.4,71.14,620.38,2,1
727.59,0.4,137.46,590.13,2,1
793.15,0.4,195.46,597.69,2,1
740.44,0.4,120.05,620.38,2,1
708.42,0.2,143.16,565.26,1,0
961.43,0.6,225.41,736.03,3,0
669.75,0.2,112.05,557.69,1,0
771.2,0.4,158.38,612.82,2,0
976.28,0.6,270.51,705.77,3,1
1044.13,0.8,260.54,783.59,4,1
978.36,0.6,265.03,713.33,3,1
526.49,0.0,99.57,426.92,0,0
776.38,0.6,116.0,660.38,3,1
902.17,0.6,181.27,720.9,3,1
878.09,0.8,132.32,745.77,4,1
1132.66,1.0,346.89,785.77,5,1
876.45,0.4,225.81,650.64,2,1
995.24,0.6,251.65,743.59,3,1
732.42,0.2,167.16,565.26,1,0
633.88,0.2,136.7,497.18,1,0
583.22,0.2,48.22,535.0,1,1
512.92,0.0,78.43,434.49,0,0
824.62,0.8,101.54,723.08,4,1
853.13,0.6,162.49,690.64,3,1
1048.7,0.8,280.24,768.46,4,0
650.4,0.2,107.84,542.56,1,0
1229.14,1.2,327.73,901.41,6,1
707.9,0.2,135.08,572.82,1,0
1087.61,0.8,296.46,791.15,4,1
994.82,0.8,241.49,753.33,4,1
778.09,0.2,205.27,572.82,1,0
701.92,0.4,119.35,582.56,2,1
922.39,0.6,163.68,758.72,3,0
711.24,0.2,161.11,550.13,1,0
789.43,0.4,146.35,643.08,2,0
675.2,0.2,109.95,565.26,1,0
767.96,0.4,162.7,605.26,2,0
563.02,0.0,105.84,457.18,0,0
844.72,0.6,154.08,690.64,3,1
1046.72,0.6,303.14,743.59,3,0
1130.4,1.0,246.3,884.1,5,1
575.34,0.0,118.16,457.18,0,0
1078.31,0.6,319.59,758.72,3,1
727.89,0.2,192.89,535.0,1,0
590.48,0.0,140.86,449.62,0,0
666.54,0.2,123.97,542.56,1,1
631.43,0.2,149.38,482.05,1,0
992.23,0.8,254.03,738.21,4,1
760.29,0.4,162.59,597.69,2,1
718.02,0.4,135.46,582.56,2,1
717.85,0.2,160.16,557.69,1,1
1182.45,1.2,303.73,878.72,6,1
692.29,0.2,142.16,550.13,1,0
846.74,0.6,193.92,652.82,3,0
665.0,0.4,90.0,575.0,2,1
812.43,0.6,129.35,683.08,3,1
737.84,0.4,117.46,620.38,2,0
1022.36,0.8,269.03,753.33,4,0
785.49,0.4,165.11,620.38,2,0
1124.12,0.8,317.84,806.28,4,1
642.09,0.2,76.84,565.26,1,0
734.53,0.2,169.27,565.26,1,0
967.66,0.8,221.89,745.77,4,1
499.27,0.0,72.35,426.92,0,1
1373.29,1.2,441.62,931.67,6,1
940.92,0.6,220.03,720.9,3,1
938.39,0.4,272.62,665.77,2,1
913.44,0.6,207.68,705.77,3,1
1002.0,0.6,273.54,728.46,3,1
1211.68,0.8,503.73,707.95,4,1
511.93,0.0,39.62,472.31,0,0
1122.27,1.0,253.3,868.97,5,1
713.47,0.2,140.65,572.82,1,0
926.78,0.8,135.62,791.15,4,1
495.96,0.0,84.16,411.79,0,0
597.43,0.2,62.43,535.0,1,0
1019.67,0.8,228.51,791.15,4,1
693.72,0.2,136.03,557.69,1,1
543.32,0.0,101.27,442.05,0,0
1706.34,0.8,1021.08,685.26,4,1
648.19,0.2,120.76,527.44,1,0
928.09,0.6,207.19,720.9,3,1
533.35,0.0,83.73,449.62,0,0
717.09,0.2,197.22,519.87,1,1
642.84,0.2,107.84,535.0,1,1
848.91,0.6,165.84,683.08,3,1
446.5,0.0,34.7,411.79,0,0
895.01,0.8,141.68,753.33,4,1
1074.43,0.6,338.41,736.03,3,1
628.97,0.2,78.84,550.13,1,1
530.85,0.0,111.49,419.36,0,0
1085.6,1.0,224.19,861.41,5,1
878.13,0.6,187.49,690.64,3,1
992.64,0.8,201.49,791.15,4,1
605.9,0.2,86.03,519.87,1,0
871.93,0.6,158.59,713.33,3,1
1015.92,0.8,239.89,776.03,4,1
1044.2,0.8,245.49,798.72,4,1
446.31,0.0,34.51,411.79,0,0
804.74,0.6,144.35,660.38,3,1
806.14,0.6,145.76,660.38,3,1
1465.94,1.2,609.92,856.03,6,1
593.44,0.0,113.57,479.87,0,0
848.05,0.6,164.97,683.08,3,1
711.35,0.2,183.92,527.44,1,0
1108.98,0.8,295.14,813.85,4,1
651.06,0.2,131.19,519.87,1,0
856.33,0.6,188.38,667.95,3,0
535.4,0.0,93.35,442.05,0,0
946.79,0.8,117.81,828.97,4,1
871.29,0.6,188.22,683.08,3,0
694.65,0.2,152.08,542.56,1,0
1323.58,1.0,530.24,793.33,5,1
747.71,0.4,119.76,627.95,2,1
928.51,0.6,245.43,683.08,3,0
901.04,0.6,134.76,766.28,3,0
586.86,0.0,144.81,442.05,0,0
810.6,0.6,142.65,667.95,3,0
753.43,0.2,203.3,550.13,1,0
649.51,0.2,106.95,542.56,1,0
619.69,0.2,62.0,557.69,1,1
1134.04,0.8,380.7,753.33,4,1
661.43,0.2,118.86,542.56,1,1
685.51,0.2,135.38,550.13,1,0
833.77,0.6,180.95,652.82,3,1
793.85,0.4,196.16,597.69,2,0
1087.9,0.8,266.49,821.41,4,0
978.04,0.8,224.7,753.33,4,1
811.92,0.6,143.97,667.95,3,1
993.8,0.6,303.16,690.64,3,1
516.35,0.0,66.73,449.62,0,0
662.51,0.2,112.38,550.13,1,0
957.7,0.8,174.11,783.59,4,1
1060.06,0.8,299.16,760.9,4,0
719.84,0.2,184.84,535.0,1,0
442.01,0.0,30.22,411.79,0,0
772.13,0.4,129.05,643.08,2,0
985.95,0.6,257.49,728.46,3,1
1006.73,0.6,331.22,675.51,3,1
773.38,0.4,153.0,620.38,2,1
856.11,0.4,220.59,635.51,2,0
1062.21,0.6,326.19,736.03,3,1
624.42,0.0,152.11,472.31,0,0
920.93,0.6,207.59,713.33,3,0
656.3,0.2,128.86,527.44,1,0
588.78,0.0,139.16,449.62,0,0
808.83,0.6,125.76,683.08,3,0
868.08,0.6,185.0,683.08,3,1
1034.56,0.6,336.35,698.21,3,1
908.13,0.8,116.97,791.15,4,1
1047.81,0.8,271.78,776.03,4,1
820.2,0.4,199.81,620.38,2,0
809.16,0.6,126.08,683.08,3,1
1012.96,0.6,254.24,758.72,3,0
793.55,0.4,173.16,620.38,2,1
1006.55,0.8,253.22,753.33,4,1
957.26,0.4,352.0,605.26,2,1
742.28,0.4,129.46,612.82,2,1
966.68,0.8,213.35,753.33,4,1
1009.46,0.8,233.43,776.03,4,1
873.5,0.6,220.68,652.82,3,0
993.57,0.8,225.11,768.46,4,0
729.99,0.2,179.86,550.13,1,0
437.2,0.0,25.41,411.79,0,0
641.32,0.2,106.32,535.0,1,0
774.16,0.4,184.03,590.13,2,1
691.34,0.2,133.65,557.69,1,0
957.45,0.6,266.81,690.64,3,1
846.28,0.6,185.89,660.38,3,1
979.66,0.8,173.38,806.28,4,1
865.42,0.6,174.78,690.64,3,0
850.43,0.6,106.84,743.59,3,1
910.55,0.8,164.78,745.77,4,1
446.01,0.0,34.22,411.79,0,1
627.48,0.4,44.92,582.56,2,0
598.17,0.2,70.73,527.44,1,1
701.69,0.4,96.43,605.26,2,0
641.08,0.2,106.08,535.0,1,0
854.71,0.6,186.76,667.95,3,1
1029.05,0.8,237.89,791.15,4,1
673.83,0.2,116.14,557.69,1,1
1080.74,1.0,234.46,846.28,5,1
594.91,0.0,130.16,464.74,0,0
867.73,0.6,184.65,683.08,3,1
637.35,0.4,69.92,567.44,2,0
805.6,0.8,97.65,707.95,4,1
1326.61,1.4,339.81,986.79,7,1
538.58,0.0,73.84,464.74,0,0
1516.58,1.2,630.3,886.28,6,1
814.83,0.4,164.19,650.64,2,1
865.84,0.4,230.32,635.51,2,0
740.35,0.4,172.92,567.44,2,1
694.32,0.4,111.76,582.56,2,0
877.37,0.8,86.22,791.15,4,1
696.03,0.4,128.59,567.44,2,1
803.26,0.4,145.05,658.21,2,0
898.83,0.6,208.19,690.64,3,0
985.64,0.8,194.49,791.15,4,1
1082.86,0.8,291.7,791.15,4,1
672.58,0.2,160.27,512.31,1,0
907.81,0.6,171.78,736.03,3,1
778.84,0.6,118.46,660.38,3,1
442.76,0.0,23.41,419.36,0,0
619.11,0.2,84.11,535.0,1,0
1110.44,1.0,249.03,861.41,5,1
984.67,0.6,248.65,736.03,3,1
676.64,0.2,118.95,557.69,1,1
671.94,0.4,81.81,590.13,2,1
731.09,0.4,118.27,612.82,2,0
811.36,0.6,150.97,660.38,3,0
636.11,0.2,101.11,535.0,1,0
741.42,0.4,189.11,552.31,2,0
744.58,0.4,192.27,552.31,2,1
641.81,0.2,99.24,542.56,1,0
879.76,0.6,151.3,728.46,3,1
596.64,0.2,99.46,497.18,1,1
620.87,0.2,93.43,527.44,1,0
512.89,0.2,38.41,474.49,1,1
634.6,0.4,74.73,559.87,2,0
558.57,0.2,91.65,466.92,1,1
450.9,0.0,39.11,411.79,0,0
697.18,0.4,107.05,590.13,2,1
852.46,0.6,229.89,622.56,3,0
854.9,0.6,149.14,705.77,3,1
824.22,0.6,156.27,667.95,3,0
569.73,0.0,127.68,442.05,0,0
660.9,0.2,133.46,527.44,1,0
1979.32,1.2,1115.73,863.59,6,1
706.74,0.2,126.35,580.38,1,0
1032.04,0.6,318.7,713.33,3,1
930.89,0.6,202.43,728.46,3,1
542.07,0.0,77.32,464.74,0,0
1550.13,1.4,533.08,1017.05,7,1
956.01,0.6,242.68,713.33,3,0
542.13,0.0,84.95,457.18,0,0
933.76,0.8,172.86,760.9,4,1
682.64,0.2,124.95,557.69,1,0
725.07,0.4,134.95,590.13,2,0
659.32,0.2,116.76,542.56,1,1
1858.23,1.6,846.57,1011.67,8,1
1016.42,0.6,250.14,766.28,3,1
1122.15,0.8,315.86,806.28,4,1
