"Total_Cost","Ratio_Reloc_Prod","Horiz_Cost","Vert_Cost","nReloc","non_Optimal"
254999.86,0.7733,40811.5,214188.47,1160,70
499.57,0.0,72.65,426.92,0,0
662.79,0.6,62.92,599.87,3,0
744.73,0.6,122.16,622.56,3,0
549.76,0.2,82.84,466.92,1,0
628.52,0.4,76.22,552.31,2,0
803.39,0.6,150.57,652.82,3,0
559.19,0.2,92.27,466.92,1,0
625.42,0.2,173.62,451.79,1,1
570.66,0.0,151.3,419.36,0,0
760.01,0.6,114.76,645.26,3,0
803.64,0.8,125.95,677.69,4,0
749.62,0.6,127.05,622.56,3,0
582.88,0.2,78.14,504.74,1,0
573.83,0.2,76.65,497.18,1,1
867.06,0.8,159.11,707.95,4,1
919.76,1.0,103.73,816.03,5,0
1039.8,1.2,214.03,825.77,6,1
565.63,0.2,106.27,459.36,1,0
595.16,0.2,120.68,474.49,1,0
984.06,1.0,190.73,793.33,5,1
522.22,0.0,102.86,419.36,0,0
644.69,0.2,147.51,497.18,1,1
748.64,0.6,163.89,584.74,3,0
984.8,1.2,98.51,886.28,6,1
1033.39,1.0,255.19,778.21,5,0
1090.96,1.4,164.68,926.28,7,0
939.26,1.0,153.49,785.77,5,1
815.91,0.8,77.7,738.21,4,0
466.71,0.0,54.92,411.79,0,0
719.42,0.6,81.73,637.69,3,1
640.34,0.4,103.16,537.18,2,0
1123.97,1.2,207.43,916.54,6,0
1302.76,1.6,260.84,1041.92,8,0
704.29,0.4,114.16,590.13,2,0
786.69,0.6,133.86,652.82,3,0
642.75,0.4,52.62,590.13,2,0
719.88,0.6,74.62,645.26,3,0
1047.38,1.2,145.97,901.41,6,0
1046.93,1.2,153.08,893.85,6,0
640.96,0.4,88.65,552.31,2,1
974.47,1.2,80.62,893.85,6,1
857.48,0.8,179.78,677.69,4,0
550.11,0.2,75.62,474.49,1,0
659.59,0.4,77.03,582.56,2,1
1277.81,1.6,228.32,1049.49,8,0
487.16,0.0,45.11,442.05,0,0
762.24,0.6,86.73,675.51,3,0
907.81,0.8,139.35,768.46,4,0
600.84,0.2,65.84,535.0,1,0
741.14,0.4,173.7,567.44,2,0
750.4,0.6,120.27,630.13,3,0
798.15,0.8,67.51,730.64,4,0
991.91,1.2,120.76,871.15,6,0
899.5,0.8,146.16,753.33,4,0
848.45,1.0,77.81,770.64,5,0
849.95,0.8,149.57,700.38,4,1
1098.72,1.4,127.05,971.67,7,0
720.74,0.6,67.92,652.82,3,0
473.91,0.0,77.24,396.67,0,0
1210.98,1.6,169.05,1041.92,8,0
468.33,0.0,41.41,426.92,0,0
1092.12,1.4,158.27,933.85,7,0
892.34,1.0,114.14,778.21,5,0
1047.45,1.2,176.3,871.15,6,0
634.33,0.4,82.03,552.31,2,0
874.97,0.8,151.89,723.08,4,0
766.8,0.6,136.68,630.13,3,1
1385.07,1.8,280.46,1104.62,9,0
890.25,1.0,96.92,793.33,5,0
462.76,0.0,43.41,419.36,0,0
611.71,0.4,59.41,552.31,2,0
900.87,1.0,107.54,793.33,5,0
523.7,0.2,49.22,474.49,1,0
1529.47,2.0,309.22,1220.26,10,1
838.54,0.8,123.03,715.51,4,0
733.47,0.4,188.73,544.74,2,1
735.71,0.6,128.27,607.44,3,0
1022.97,1.2,106.43,916.54,6,0
795.75,0.6,97.54,698.21,3,1
1423.62,1.8,213.11,1210.51,9,0
739.99,0.4,149.86,590.13,2,0
669.53,0.4,71.84,597.69,2,0
844.42,0.8,98.65,745.77,4,1
1056.05,1.2,200.03,856.03,6,1
1093.66,1.4,167.38,926.28,7,0
849.16,0.8,133.65,715.51,4,0
1156.09,1.4,229.81,926.28,7,0
720.03,0.6,105.03,615.0,3,1
733.9,0.6,126.46,607.44,3,1
735.56,0.6,105.43,630.13,3,0
482.83,0.0,93.73,389.1,0,0
697.7,0.4,107.57,590.13,2,1
605.4,0.4,68.22,537.18,2,0
1310.6,1.8,183.3,1127.31,9,0
1187.01,1.4,200.22,986.79,7,1
890.31,1.0,104.54,785.77,5,0
1040.24,1.0,216.65,823.59,5,1
1039.34,1.2,221.14,818.21,6,0
540.54,0.2,73.62,466.92,1,0
460.01,0.0,48.22,411.79,0,0
1010.02,1.0,171.3,838.72,5,0
801.0,0.8,93.05,707.95,4,0
988.35,1.2,124.76,863.59,6,1
1311.68,1.8,161.68,1150.0,9,0
737.42,0.6,99.73,637.69,3,0
756.65,0.6,81.14,675.51,3,1
1023.72,1.2,152.57,871.15,6,0
490.97,0.0,101.86,389.1,0,0
659.89,0.4,77.32,582.56,2,0
879.74,0.8,133.97,745.77,4,0
1361.7,1.8,211.7,1150.0,9,0
946.88,1.0,115.73,831.15,5,1
954.85,1.0,116.14,838.72,5,0
1085.08,1.2,176.11,908.97,6,0
883.27,0.6,207.76,675.51,3,0
1006.96,1.2,128.24,878.72,6,1
783.11,0.6,122.73,660.38,3,0
1013.97,1.2,97.43,916.54,6,1
980.35,1.0,171.89,808.46,5,0
649.24,0.4,59.11,590.13,2,0
501.79,0.0,82.43,419.36,0,0
882.19,0.8,159.11,723.08,4,0
871.48,1.0,100.84,770.64,5,0
1014.61,1.0,175.89,838.72,5,0
947.15,1.0,161.38,785.77,5,1
1060.32,1.2,196.73,863.59,6,1
1017.5,1.2,199.3,818.21,6,0
677.67,0.4,87.54,590.13,2,0
685.17,0.4,125.3,559.87,2,1
1104.15,1.2,225.43,878.72,6,1
1158.81,1.2,249.84,908.97,6,0
838.34,0.8,100.14,738.21,4,0
868.27,0.8,145.19,723.08,4,0
996.03,1.2,147.57,848.46,6,0
1180.08,1.6,175.97,1004.1,8,0
1097.63,1.2,196.22,901.41,6,0
468.84,0.0,41.92,426.92,0,0
945.07,1.0,106.35,838.72,5,0
860.19,0.8,144.68,715.51,4,0
517.9,0.0,98.54,419.36,0,0
926.92,1.0,118.46,808.46,5,0
475.23,0.0,63.43,411.79,0,0
621.33,0.4,69.03,552.31,2,0
852.52,0.6,192.14,660.38,3,0
660.04,0.4,107.73,552.31,2,0
944.33,1.0,135.86,808.46,5,0
691.89,0.6,69.32,622.56,3,0
963.13,0.8,232.49,730.64,4,0
1209.35,1.6,159.86,1049.49,8,1
582.26,0.2,92.65,489.62,1,0
665.07,0.4,127.89,537.18,2,0
647.09,0.4,87.22,559.87,2,0
1067.28,1.2,181.0,886.28,6,0
650.36,0.4,98.05,552.31,2,0
732.76,0.6,117.76,615.0,3,1
755.2,0.6,109.95,645.26,3,1
732.42,0.6,94.73,637.69,3,0
1270.41,1.6,220.92,1049.49,8,0
748.17,0.6,95.35,652.82,3,0
1088.11,1.2,186.7,901.41,6,0
779.82,0.6,134.57,645.26,3,0
775.78,0.6,85.14,690.64,3,0
468.82,0.0,57.03,411.79,0,0
833.7,0.8,103.05,730.64,4,0
1161.96,1.6,142.73,1019.23,8,0
1235.72,1.6,155.97,1079.74,8,0
895.55,1.0,102.22,793.33,5,0
727.29,0.4,137.16,590.13,2,1
699.99,0.4,109.86,590.13,2,0
982.06,1.0,173.59,808.46,5,1
578.26,0.2,88.65,489.62,1,0
922.64,0.8,184.43,738.21,4,0
1155.87,1.4,206.89,948.97,7,0
898.61,0.8,160.41,738.21,4,0
882.46,0.8,174.51,707.95,4,0
699.75,0.4,102.05,597.69,2,1
580.51,0.2,98.46,482.05,1,0
694.53,0.4,96.84,597.69,2,0
1731.15,1.0,892.43,838.72,5,1
1130.2,1.4,203.92,926.28,7,1
600.02,0.2,102.84,497.18,1,0
1092.59,1.4,136.05,956.54,7,0
749.59,0.6,119.46,630.13,3,0
718.74,0.4,174.0,544.74,2,0
1199.09,1.6,157.16,1041.92,8,0
1046.72,1.2,115.05,931.67,6,0
669.91,0.4,125.16,544.74,2,0
923.65,1.0,122.76,800.9,5,0
487.15,0.0,82.92,404.23,0,0
943.43,1.0,134.97,808.46,5,1
640.76,0.4,73.32,567.44,2,1
987.7,1.2,131.68,856.03,6,1
1822.14,0.8,1068.81,753.33,4,1
797.4,0.8,74.32,723.08,4,0
723.11,0.6,62.73,660.38,3,1
740.12,0.6,102.43,637.69,3,1
803.62,0.6,135.68,667.95,3,0
925.89,1.0,109.86,816.03,5,0
665.49,0.4,98.05,567.44,2,0
826.13,0.6,196.0,630.13,3,1
701.83,0.4,119.27,582.56,2,0
696.04,0.4,98.35,597.69,2,0
821.73,0.8,98.65,723.08,4,0
739.6,0.6,79.22,660.38,3,0
557.46,0.2,90.54,466.92,1,0
1145.87,1.4,212.03,933.85,7,1
1032.9,1.0,186.62,846.28,5,0
759.29,0.4,161.59,597.69,2,0
794.71,0.8,94.32,700.38,4,0
925.29,1.0,147.08,778.21,5,0
1152.0,1.4,203.03,948.97,7,0
989.56,1.0,165.97,823.59,5,1
658.84,0.4,83.84,575.0,2,0
471.89,0.0,37.41,434.49,0,0
702.08,0.6,94.65,607.44,3,0
1065.29,1.2,201.7,863.59,6,0
993.09,1.2,99.24,893.85,6,1
871.26,1.0,100.62,770.64,5,0
747.89,0.6,64.81,683.08,3,1
838.18,0.8,107.54,730.64,4,0
722.0,0.6,114.57,607.44,3,0
866.66,0.8,181.41,685.26,4,0
774.04,0.6,136.35,637.69,3,0
658.76,0.4,91.32,567.44,2,0
813.64,0.6,183.51,630.13,3,0
569.54,0.2,42.11,527.44,1,0
539.67,0.2,57.62,482.05,1,0
738.82,0.6,78.43,660.38,3,0
926.88,0.8,181.11,745.77,4,1
616.82,0.2,96.95,519.87,1,0
1006.54,1.2,158.08,848.46,6,0
1036.01,1.2,142.16,893.85,6,0
469.9,0.0,58.11,411.79,0,0
788.75,0.6,90.54,698.21,3,1
814.51,0.8,91.43,723.08,4,0
1045.12,1.2,151.27,893.85,6,0
641.26,0.4,111.65,529.62,2,0
985.33,1.2,83.92,901.41,6,1
736.32,0.6,60.81,675.51,3,0
490.81,0.0,56.32,434.49,0,0
1042.64,1.2,171.49,871.15,6,0
450.71,0.0,38.92,411.79,0,0
1246.07,1.8,126.32,1119.74,9,0
1224.43,1.6,220.32,1004.1,8,0
1021.01,1.2,127.16,893.85,6,0
816.22,0.8,55.32,760.9,4,1
664.22,0.4,104.35,559.87,2,1
1159.5,1.4,180.27,979.23,7,0
1012.78,1.2,156.76,856.03,6,1
736.78,0.6,106.65,630.13,3,1
910.94,0.8,180.3,730.64,4,0
913.39,1.0,120.05,793.33,5,0
1308.6,1.6,266.68,1041.92,8,0
489.32,0.0,92.65,396.67,0,0
1069.41,1.2,168.0,901.41,6,1
968.2,1.0,182.43,785.77,5,1
1297.53,1.8,192.92,1104.62,9,0
718.82,0.4,113.57,605.26,2,0
751.05,0.6,136.05,615.0,3,0
554.66,0.2,102.86,451.79,1,0
1027.52,1.2,186.62,840.9,6,0
822.95,0.8,69.62,753.33,4,0
654.9,0.4,87.46,567.44,2,0
643.37,0.4,60.81,582.56,2,0
472.92,0.0,46.0,426.92,0,0
1178.72,1.6,159.49,1019.23,8,0
762.56,0.6,140.0,622.56,3,1
1078.68,1.4,137.27,941.41,7,1
974.59,1.0,143.43,831.15,5,0
482.53,0.0,85.86,396.67,0,0
961.83,1.0,77.73,884.1,5,1
1315.36,1.8,241.0,1074.36,9,0
718.7,0.4,143.7,575.0,2,0
477.84,0.0,50.92,426.92,0,0
1104.37,1.4,140.27,964.1,7,0
810.13,0.8,94.62,715.51,4,0
759.08,0.6,91.14,667.95,3,0
1067.65,1.2,211.62,856.03,6,0
1208.5,1.6,181.7,1026.79,8,0
857.64,1.0,79.43,778.21,5,0
454.83,0.0,65.73,389.1,0,0
724.37,0.6,94.24,630.13,3,0
671.31,0.4,73.62,597.69,2,0
621.22,0.4,106.73,514.49,2,0
470.06,0.0,50.7,419.36,0,0
1364.0,0.8,595.54,768.46,4,1
625.44,0.4,73.14,552.31,2,0
1228.07,1.6,208.84,1019.23,8,0
1136.25,1.4,202.41,933.85,7,1
745.22,0.4,124.84,620.38,2,0
848.37,0.6,218.24,630.13,3,0
1045.0,1.2,181.41,863.59,6,0
852.73,0.8,144.78,707.95,4,1
1371.32,1.8,221.32,1150.0,9,1
678.07,0.4,87.95,590.13,2,0
1342.13,1.8,229.95,1112.18,9,0
829.67,0.6,146.59,683.08,3,1
1047.59,1.2,184.0,863.59,6,0
1178.6,1.4,244.76,933.85,7,1
972.09,1.0,171.19,800.9,5,0
