"Total_Cost","Ratio_Reloc_Prod","Horiz_Cost","Vert_Cost","nReloc","non_Optimal"
256946.15,0.7773,45989.58,210956.44,1166,300
722.23,0.6,84.54,637.69,3,1
580.32,0.2,98.27,482.05,1,1
664.6,0.6,64.73,599.87,3,1
839.77,0.8,162.08,677.69,4,1
604.19,0.4,82.14,522.05,2,1
476.54,0.0,49.62,426.92,0,1
619.59,0.2,129.97,489.62,1,1
897.53,1.0,172.27,725.26,5,1
625.63,0.4,73.32,552.31,2,1
477.04,0.0,72.81,404.23,0,1
566.62,0.2,92.14,474.49,1,1
890.59,0.8,175.08,715.51,4,1
928.21,1.0,157.57,770.64,5,1
1004.54,1.0,249.03,755.51,5,1
640.35,0.4,72.92,567.44,2,1
554.63,0.2,102.84,451.79,1,1
631.35,0.4,63.92,567.44,2,1
786.39,0.6,186.51,599.87,3,1
780.49,0.6,165.49,615.0,3,1
508.07,0.0,96.27,411.79,0,1
632.25,0.4,79.95,552.31,2,1
805.37,0.6,182.81,622.56,3,1
769.45,0.4,179.32,590.13,2,1
1521.41,2.2,306.54,1214.87,11,1
792.84,0.6,185.41,607.44,3,1
493.0,0.0,58.51,434.49,0,1
1108.04,1.2,229.32,878.72,6,1
698.25,0.4,138.38,559.87,2,1
750.0,0.6,142.57,607.44,3,1
718.41,0.4,150.97,567.44,2,1
984.33,1.0,191.0,793.33,5,1
780.33,0.6,172.89,607.44,3,1
916.89,1.0,161.38,755.51,5,1
683.2,0.4,138.46,544.74,2,1
1260.95,1.6,219.03,1041.92,8,1
739.78,0.6,109.65,630.13,3,1
528.54,0.0,94.05,434.49,0,1
825.11,0.8,117.16,707.95,4,1
565.4,0.2,83.35,482.05,1,1
696.84,0.4,174.78,522.05,2,1
1091.29,1.2,220.14,871.15,6,1
690.73,0.4,108.16,582.56,2,1
700.05,0.6,69.92,630.13,3,1
998.72,1.2,127.57,871.15,6,1
1018.24,1.0,262.73,755.51,5,1
835.31,0.8,150.05,685.26,4,1
530.12,0.2,78.32,451.79,1,1
855.55,0.8,170.3,685.26,4,1
847.63,0.8,162.38,685.26,4,1
842.03,0.8,141.65,700.38,4,1
1324.6,1.8,250.24,1074.36,9,1
1103.1,1.4,184.38,918.72,7,1
572.97,0.2,90.92,482.05,1,1
597.87,0.2,130.95,466.92,1,1
1368.83,1.8,256.65,1112.18,9,1
695.8,0.4,151.05,544.74,2,1
971.92,1.0,163.46,808.46,5,1
1260.2,1.6,233.41,1026.79,8,1
862.79,0.8,169.97,692.82,4,1
822.42,0.8,137.16,685.26,4,1
839.77,0.8,146.95,692.82,4,1
789.93,0.6,205.19,584.74,3,1
1256.18,1.6,236.95,1019.23,8,1
868.42,0.6,223.16,645.26,3,1
679.91,0.4,135.16,544.74,2,1
1365.31,1.8,238.0,1127.31,9,1
769.27,0.6,154.27,615.0,3,1
535.6,0.2,61.11,474.49,1,1
787.7,0.6,157.57,630.13,3,1
870.76,0.8,170.38,700.38,4,1
1080.83,1.2,202.11,878.72,6,1
1101.08,1.2,245.05,856.03,6,1
666.88,0.4,114.57,552.31,2,1
495.76,0.0,68.84,426.92,0,1
944.53,1.0,98.24,846.28,5,1
1214.88,1.6,188.08,1026.79,8,1
824.37,0.6,186.68,637.69,3,1
887.0,0.8,171.49,715.51,4,1
796.17,0.6,188.73,607.44,3,1
492.45,0.0,103.35,389.1,0,1
668.25,0.2,201.32,466.92,1,1
783.17,0.6,130.35,652.82,3,1
566.52,0.2,107.16,459.36,1,1
786.41,0.6,171.41,615.0,3,1
1343.85,1.6,370.0,973.85,8,1
1073.44,1.2,179.59,893.85,6,1
741.71,0.6,134.27,607.44,3,1
712.51,0.4,182.89,529.62,2,1
904.59,1.0,133.95,770.64,5,1
561.63,0.2,109.84,451.79,1,1
758.84,0.6,83.32,675.51,3,1
1033.68,1.0,225.22,808.46,5,1
798.48,0.6,175.92,622.56,3,1
1001.03,1.0,185.0,816.03,5,1
925.7,1.0,155.05,770.64,5,1
890.45,0.8,159.81,730.64,4,1
865.65,0.8,165.27,700.38,4,1
671.35,0.4,149.3,522.05,2,1
869.09,0.8,176.27,692.82,4,1
1258.78,1.6,262.24,996.54,8,1
581.66,0.2,129.86,451.79,1,1
1138.8,1.2,267.65,871.15,6,1
745.41,0.6,145.54,599.87,3,1
469.02,0.0,79.92,389.1,0,1
774.08,0.6,159.08,615.0,3,1
789.69,0.6,152.0,637.69,3,1
1083.51,1.4,134.54,948.97,7,1
627.19,0.2,152.7,474.49,1,1
1077.05,1.2,221.03,856.03,6,1
646.71,0.4,86.84,559.87,2,1
787.05,0.6,164.49,622.56,3,1
850.02,0.8,187.46,662.56,4,1
545.25,0.2,93.46,451.79,1,1
829.86,0.8,114.35,715.51,4,1
1259.54,1.6,217.62,1041.92,8,1
981.14,1.0,233.19,747.95,5,1
1235.42,1.6,208.62,1026.79,8,1
743.32,0.6,120.76,622.56,3,1
648.93,0.4,89.05,559.87,2,1
471.91,0.0,75.24,396.67,0,1
500.7,0.0,66.22,434.49,0,1
919.85,0.8,242.16,677.69,4,1
942.39,1.0,149.05,793.33,5,1
866.0,0.8,150.49,715.51,4,1
781.43,0.6,158.86,622.56,3,1
1010.43,1.2,161.97,848.46,6,1
1276.17,1.6,234.24,1041.92,8,1
1402.09,1.8,320.16,1081.92,9,1
1224.41,1.6,182.49,1041.92,8,1
1184.4,1.4,288.38,896.03,7,1
746.91,0.6,101.65,645.26,3,1
868.9,0.8,176.08,692.82,4,1
1132.62,1.4,229.03,903.59,7,1
1038.81,1.2,182.78,856.03,6,1
770.58,0.4,225.84,544.74,2,1
839.41,0.6,179.03,660.38,3,1
854.19,0.8,138.68,715.51,4,1
998.27,1.0,235.19,763.08,5,1
610.85,0.4,66.11,544.74,2,1
938.39,1.0,145.05,793.33,5,1
1663.78,2.2,418.65,1245.13,11,1
1050.12,1.2,156.27,893.85,6,1
921.56,1.0,143.35,778.21,5,1
761.17,0.6,108.35,652.82,3,1
797.01,0.6,144.19,652.82,3,1
547.62,0.2,73.14,474.49,1,1
685.12,0.4,87.43,597.69,2,1
490.93,0.0,79.14,411.79,0,1
699.74,0.4,155.0,544.74,2,1
801.89,0.6,186.89,615.0,3,1
698.58,0.4,146.27,552.31,2,1
776.79,0.6,108.84,667.95,3,1
503.96,0.0,92.16,411.79,0,1
664.67,0.4,74.54,590.13,2,1
804.66,0.6,106.46,698.21,3,1
446.64,0.0,42.41,404.23,0,1
724.88,0.6,79.62,645.26,3,1
1540.85,2.2,212.51,1328.33,11,1
665.62,0.4,90.62,575.0,2,1
821.66,0.8,128.84,692.82,4,1
1093.26,1.2,214.54,878.72,6,1
1114.62,1.4,165.65,948.97,7,1
980.35,1.0,171.89,808.46,5,1
1321.87,1.6,332.89,988.97,8,1
819.14,0.8,126.32,692.82,4,1
1055.08,1.2,206.62,848.46,6,1
990.28,1.0,204.51,785.77,5,1
857.62,0.8,149.68,707.95,4,1
743.57,0.6,75.62,667.95,3,1
797.07,0.6,151.81,645.26,3,1
1005.37,1.0,234.73,770.64,5,1
1058.69,1.2,172.41,886.28,6,1
477.96,0.0,73.73,404.23,0,1
475.14,0.0,48.22,426.92,0,1
1080.69,1.4,109.03,971.67,7,1
787.98,0.6,135.16,652.82,3,1
604.54,0.4,37.11,567.44,2,1
978.35,1.0,169.89,808.46,5,1
1114.41,1.4,180.57,933.85,7,1
1047.54,1.2,138.57,908.97,6,1
1228.39,1.6,201.59,1026.79,8,1
964.74,1.0,171.41,793.33,5,1
1440.93,2.0,281.19,1159.74,10,1
1114.96,1.4,188.68,926.28,7,1
719.55,0.6,66.73,652.82,3,1
749.07,0.6,111.38,637.69,3,1
771.28,0.6,118.46,652.82,3,1
667.45,0.4,130.27,537.18,2,1
931.37,1.0,168.3,763.08,5,1
932.76,1.0,131.86,800.9,5,1
833.37,0.8,155.68,677.69,4,1
649.9,0.2,198.11,451.79,1,1
1320.32,1.8,215.7,1104.62,9,1
1004.89,1.0,181.3,823.59,5,1
1039.39,1.2,221.19,818.21,6,1
1396.88,2.0,229.57,1167.31,10,1
629.73,0.2,162.81,466.92,1,1
980.5,1.0,141.78,838.72,5,1
801.25,0.6,140.86,660.38,3,1
689.13,0.2,199.51,489.62,1,1
813.82,0.8,113.43,700.38,4,1
752.91,0.6,122.78,630.13,3,1
713.2,0.4,160.89,552.31,2,1
909.6,0.8,209.22,700.38,4,1
1063.56,1.2,192.41,871.15,6,1
750.67,0.4,221.05,529.62,2,1
504.48,0.0,115.38,389.1,0,1
1286.1,1.8,128.54,1157.56,9,1
470.45,0.0,81.35,389.1,0,1
1034.63,1.2,148.35,886.28,6,1
778.72,0.6,133.46,645.26,3,1
600.32,0.2,118.27,482.05,1,1
677.3,0.4,109.86,567.44,2,1
842.8,0.8,97.03,745.77,4,1
1310.62,1.6,253.57,1057.05,8,1
838.22,0.8,130.27,707.95,4,1
979.29,1.2,161.08,818.21,6,1
1293.11,1.6,243.62,1049.49,8,1
636.97,0.4,107.35,529.62,2,1
772.21,0.6,142.08,630.13,3,1
1069.73,1.2,213.7,856.03,6,1
1032.34,1.2,146.05,886.28,6,1
1088.4,1.2,224.81,863.59,6,1
816.99,0.8,146.86,670.13,4,1
775.01,0.6,129.76,645.26,3,1
719.99,0.4,182.81,537.18,2,1
1381.6,1.8,246.73,1134.87,9,1
951.16,1.0,188.08,763.08,5,1
625.06,0.4,57.62,567.44,2,1
592.97,0.2,103.35,489.62,1,1
1048.64,1.0,270.43,778.21,5,1
1026.85,1.2,140.57,886.28,6,1
571.65,0.2,104.73,466.92,1,1
812.21,0.6,174.51,637.69,3,1
515.35,0.0,80.86,434.49,0,1
525.51,0.0,136.41,389.1,0,1
766.42,0.6,121.16,645.26,3,1
1026.89,1.2,110.35,916.54,6,1
1111.02,1.2,239.86,871.15,6,1
582.2,0.2,122.84,459.36,1,1
609.45,0.2,112.27,497.18,1,1
479.75,0.0,90.65,389.1,0,1
640.19,0.4,57.62,582.56,2,1
1122.07,1.4,135.27,986.79,7,1
645.85,0.4,93.54,552.31,2,1
660.8,0.4,116.05,544.74,2,1
816.97,0.6,194.41,622.56,3,1
914.03,1.0,113.14,800.9,5,1
928.0,1.0,119.54,808.46,5,1
670.33,0.4,110.46,559.87,2,1
504.17,0.0,77.24,426.92,0,1
716.67,0.6,86.54,630.13,3,1
1131.04,1.4,144.24,986.79,7,1
679.21,0.4,157.16,522.05,2,1
1050.72,1.4,139.57,911.15,7,1
799.31,0.6,93.54,705.77,3,1
648.35,0.4,80.92,567.44,2,1
1066.68,1.0,273.35,793.33,5,1
880.4,0.8,164.89,715.51,4,1
911.71,0.8,158.38,753.33,4,1
893.33,1.0,92.43,800.9,5,1
1231.55,1.6,257.7,973.85,8,1
678.29,0.4,95.73,582.56,2,1
820.06,0.8,127.24,692.82,4,1
641.99,0.4,97.24,544.74,2,1
1056.01,1.2,101.65,954.36,6,1
650.19,0.4,82.76,567.44,2,1
1780.53,2.8,241.43,1539.1,14,1
1204.58,1.6,177.78,1026.79,8,1
1056.89,1.0,233.3,823.59,5,1
704.56,0.4,106.86,597.69,2,1
1033.57,0.8,265.11,768.46,4,1
1261.6,1.6,280.19,981.41,8,1
640.33,0.4,88.03,552.31,2,1
853.4,0.8,122.76,730.64,4,1
878.06,0.8,170.11,707.95,4,1
1031.44,1.0,230.54,800.9,5,1
518.34,0.0,106.54,411.79,0,1
762.23,0.6,124.54,637.69,3,1
1045.23,1.2,174.08,871.15,6,1
731.88,0.6,86.62,645.26,3,1
1081.86,1.4,125.32,956.54,7,1
944.22,1.0,188.7,755.51,5,1
873.99,0.8,135.78,738.21,4,1
1144.06,1.4,195.08,948.97,7,1
654.19,0.2,172.14,482.05,1,1
1057.92,1.2,148.95,908.97,6,1
837.93,0.8,99.73,738.21,4,1
619.35,0.4,89.73,529.62,2,1
937.49,1.0,121.46,816.03,5,1
932.93,1.0,147.16,785.77,5,1
995.46,1.0,247.51,747.95,5,1
483.64,0.0,94.54,389.1,0,1
1254.1,1.6,189.49,1064.62,8,1
781.06,0.6,128.24,652.82,3,1
521.3,0.0,101.95,419.36,0,1
714.95,0.4,147.51,567.44,2,1
1212.97,1.6,148.35,1064.62,8,1
708.68,0.4,133.68,575.0,2,1
701.15,0.4,163.97,537.18,2,1
