"Total_Cost","Ratio_Reloc_Prod","Horiz_Cost","Vert_Cost","nReloc","non_Optimal"
227158.1,0.42,36408.66,190749.49,630,300
769.53,0.4,103.76,665.77,2,1
698.0,0.4,54.92,643.08,2,1
895.42,0.8,89.14,806.28,4,1
900.95,0.6,187.62,713.33,3,1
724.09,0.2,151.27,572.82,1,1
885.67,0.6,142.08,743.59,3,1
842.8,0.6,91.65,751.15,3,1
563.98,0.0,76.54,487.44,0,1
814.85,0.6,109.08,705.77,3,1
826.56,0.6,128.35,698.21,3,1
655.77,0.2,82.95,572.82,1,1
508.29,0.0,51.11,457.18,0,1
992.22,1.0,123.24,868.97,5,1
796.97,0.6,121.46,675.51,3,1
539.75,0.0,82.57,457.18,0,1
564.98,0.0,85.11,479.87,0,1
503.62,0.0,69.14,434.49,0,1
663.92,0.2,121.35,542.56,1,1
672.04,0.4,59.22,612.82,2,1
827.64,0.6,144.57,683.08,3,1
756.81,0.4,113.73,643.08,2,1
664.81,0.2,137.38,527.44,1,1
958.37,0.8,174.78,783.59,4,1
735.38,0.2,155.0,580.38,1,1
972.48,0.8,188.89,783.59,4,1
929.53,0.8,138.38,791.15,4,1
646.64,0.2,88.95,557.69,1,1
746.4,0.4,103.32,643.08,2,1
778.18,0.4,172.92,605.26,2,1
932.19,0.8,103.22,828.97,4,1
620.87,0.2,93.43,527.44,1,1
896.2,0.8,89.92,806.28,4,1
659.6,0.2,147.3,512.31,1,1
1098.61,1.0,191.81,906.79,5,1
733.66,0.2,221.35,512.31,1,1
771.42,0.4,158.59,612.82,2,1
503.13,0.0,53.51,449.62,0,1
1107.69,1.0,261.41,846.28,5,1
510.74,0.0,46.0,464.74,0,1
721.01,0.4,115.76,605.26,2,1
713.34,0.2,163.22,550.13,1,1
1030.37,0.8,231.65,798.72,4,1
979.91,0.6,228.76,751.15,3,1
679.45,0.2,121.76,557.69,1,1
594.32,0.2,59.32,535.0,1,1
563.85,0.2,59.11,504.74,1,1
652.88,0.4,47.62,605.26,2,1
934.3,0.8,158.27,776.03,4,1
784.21,0.4,133.57,650.64,2,1
1031.73,0.8,195.19,836.54,4,1
727.52,0.4,107.14,620.38,2,1
813.54,0.6,130.46,683.08,3,1
520.72,0.0,71.11,449.62,0,1
934.5,0.8,128.22,806.28,4,1
901.29,0.6,142.57,758.72,3,1
819.8,0.4,161.59,658.21,2,1
529.88,0.0,65.14,464.74,0,1
677.09,0.2,111.84,565.26,1,1
533.86,0.0,84.24,449.62,0,1
1013.07,1.0,166.78,846.28,5,1
1099.91,0.8,248.24,851.67,4,1
779.84,0.4,151.89,627.95,2,1
1040.37,1.2,169.22,871.15,6,1
868.59,0.6,185.51,683.08,3,1
696.04,0.2,130.78,565.26,1,1
966.47,0.6,245.57,720.9,3,1
499.56,0.0,57.51,442.05,0,1
813.39,0.4,155.19,658.21,2,1
669.65,0.4,94.65,575.0,2,1
600.96,0.0,143.78,457.18,0,1
776.49,0.4,140.97,635.51,2,1
708.77,0.4,95.95,612.82,2,1
537.19,0.0,95.14,442.05,0,1
591.06,0.2,78.76,512.31,1,1
502.92,0.0,68.43,434.49,0,1
788.68,0.4,168.3,620.38,2,1
877.47,0.8,116.57,760.9,4,1
868.23,0.6,154.89,713.33,3,1
885.92,0.6,149.89,736.03,3,1
812.87,0.6,99.54,713.33,3,1
623.49,0.2,96.05,527.44,1,1
733.6,0.4,105.65,627.95,2,1
748.0,0.4,120.05,627.95,2,1
847.52,0.6,134.19,713.33,3,1
803.13,0.4,152.49,650.64,2,1
842.87,0.6,129.54,713.33,3,1
650.54,0.2,107.97,542.56,1,1
976.34,0.8,170.05,806.28,4,1
629.66,0.0,164.92,464.74,0,1
528.5,0.0,71.32,457.18,0,1
783.38,0.4,147.86,635.51,2,1
885.9,0.8,132.57,753.33,4,1
648.99,0.2,98.86,550.13,1,1
816.78,0.4,173.7,643.08,2,1
996.5,0.8,190.22,806.28,4,1
773.14,0.4,145.19,627.95,2,1
644.8,0.2,79.54,565.26,1,1
882.49,0.6,161.59,720.9,3,1
556.42,0.0,91.68,464.74,0,1
762.6,0.4,134.65,627.95,2,1
591.81,0.2,56.81,535.0,1,1
737.12,0.4,131.86,605.26,2,1
655.64,0.2,97.95,557.69,1,1
882.76,0.6,154.3,728.46,3,1
982.89,0.8,146.35,836.54,4,1
930.78,0.6,187.19,743.59,3,1
661.21,0.2,118.65,542.56,1,1
788.64,0.4,145.57,643.08,2,1
689.47,0.4,76.65,612.82,2,1
531.18,0.0,66.43,464.74,0,1
875.45,0.6,131.86,743.59,3,1
484.49,0.0,50.0,434.49,0,1
579.21,0.0,137.16,442.05,0,1
620.14,0.2,85.14,535.0,1,1
839.21,0.4,181.0,658.21,2,1
796.8,0.4,146.16,650.64,2,1
716.77,0.2,159.08,557.69,1,1
710.98,0.4,98.16,612.82,2,1
568.63,0.0,96.32,472.31,0,1
752.77,0.4,147.51,605.26,2,1
546.18,0.0,81.43,464.74,0,1
679.09,0.2,113.84,565.26,1,1
865.18,0.8,74.03,791.15,4,1
645.12,0.2,87.43,557.69,1,1
450.76,0.0,31.41,419.36,0,1
696.16,0.4,68.22,627.95,2,1
863.52,0.6,150.19,713.33,3,1
734.19,0.2,191.62,542.56,1,1
1044.27,1.0,175.3,868.97,5,1
690.76,0.4,62.81,627.95,2,1
625.73,0.2,90.73,535.0,1,1
606.08,0.2,63.51,542.56,1,1
837.93,0.6,132.16,705.77,3,1
948.23,0.8,141.95,806.28,4,1
866.02,0.6,122.43,743.59,3,1
557.6,0.0,77.73,479.87,0,1
661.54,0.2,118.97,542.56,1,1
749.95,0.4,114.43,635.51,2,1
776.96,0.4,118.76,658.21,2,1
653.59,0.2,103.46,550.13,1,1
843.37,0.6,145.16,698.21,3,1
633.35,0.2,98.35,535.0,1,1
597.17,0.2,69.73,527.44,1,1
916.5,0.8,110.22,806.28,4,1
605.82,0.0,141.08,464.74,0,1
549.37,0.0,84.62,464.74,0,1
658.99,0.2,93.73,565.26,1,1
598.51,0.2,63.51,535.0,1,1
763.65,0.4,143.27,620.38,2,1
711.82,0.4,91.43,620.38,2,1
780.49,0.4,144.97,635.51,2,1
652.02,0.4,54.32,597.69,2,1
808.01,0.4,142.24,665.77,2,1
853.38,0.6,117.35,736.03,3,1
661.28,0.2,96.03,565.26,1,1
812.17,0.6,98.84,713.33,3,1
858.76,0.6,190.81,667.95,3,1
665.97,0.2,130.97,535.0,1,1
558.47,0.0,93.73,464.74,0,1
1039.55,1.0,185.7,853.85,5,1
659.31,0.2,101.62,557.69,1,1
922.09,0.8,161.19,760.9,4,1
659.4,0.2,109.27,550.13,1,1
551.56,0.0,101.95,449.62,0,1
836.79,0.6,123.46,713.33,3,1
682.44,0.4,69.62,612.82,2,1
595.22,0.2,60.22,535.0,1,1
522.85,0.0,58.11,464.74,0,1
1026.42,1.0,134.76,891.67,5,1
565.5,0.0,100.76,464.74,0,1
936.61,0.6,177.89,758.72,3,1
495.51,0.0,61.03,434.49,0,1
674.4,0.2,124.27,550.13,1,1
829.01,0.6,115.68,713.33,3,1
919.93,0.8,113.65,806.28,4,1
751.69,0.4,138.86,612.82,2,1
785.61,0.4,119.84,665.77,2,1
680.14,0.2,99.76,580.38,1,1
651.58,0.2,86.32,565.26,1,1
1009.46,1.0,148.05,861.41,5,1
714.63,0.4,94.24,620.38,2,1
650.94,0.2,93.24,557.69,1,1
790.02,0.6,106.95,683.08,3,1
739.26,0.4,88.62,650.64,2,1
809.37,0.4,151.16,658.21,2,1
578.52,0.0,98.65,479.87,0,1
916.91,0.8,125.76,791.15,4,1
756.09,0.4,143.27,612.82,2,1
1183.43,1.2,198.81,984.62,6,1
588.03,0.0,108.16,479.87,0,1
614.66,0.2,49.41,565.26,1,1
718.01,0.4,97.62,620.38,2,1
471.84,0.0,44.92,426.92,0,1
850.57,0.8,74.54,776.03,4,1
479.0,0.0,44.51,434.49,0,1
821.27,0.6,85.24,736.03,3,1
881.35,0.6,152.89,728.46,3,1
764.91,0.6,81.84,683.08,3,1
545.02,0.0,87.84,457.18,0,1
455.2,0.0,43.41,411.79,0,1
440.79,0.0,29.0,411.79,0,1
975.04,1.0,128.76,846.28,5,1
626.61,0.2,68.92,557.69,1,1
453.47,0.0,34.11,419.36,0,1
492.67,0.0,50.62,442.05,0,1
641.51,0.2,98.95,542.56,1,1
526.31,0.0,69.14,457.18,0,1
784.06,0.6,123.68,660.38,3,1
697.57,0.4,69.62,627.95,2,1
756.25,0.6,95.86,660.38,3,1
727.66,0.4,114.84,612.82,2,1
541.61,0.0,84.43,457.18,0,1
721.27,0.4,138.7,582.56,2,1
1021.85,0.8,223.14,798.72,4,1
1093.31,1.0,194.08,899.23,5,1
664.69,0.2,99.43,565.26,1,1
552.44,0.0,80.14,472.31,0,1
1018.66,0.8,204.81,813.85,4,1
864.79,0.6,143.89,720.9,3,1
517.48,0.0,75.43,442.05,0,1
672.83,0.4,75.14,597.69,2,1
861.65,0.8,85.62,776.03,4,1
590.12,0.0,125.38,464.74,0,1
699.36,0.4,86.54,612.82,2,1
762.32,0.4,119.24,643.08,2,1
1072.52,1.0,211.11,861.41,5,1
674.45,0.2,116.76,557.69,1,1
696.94,0.4,99.24,597.69,2,1
1145.0,1.2,236.03,908.97,6,1
929.49,0.6,155.65,773.85,3,1
952.69,0.8,153.97,798.72,4,1
778.42,0.4,112.65,665.77,2,1
958.97,0.6,222.95,736.03,3,1
560.98,0.0,81.11,479.87,0,1
663.01,0.2,97.76,565.26,1,1
812.1,0.4,169.03,643.08,2,1
721.38,0.4,93.43,627.95,2,1
1182.67,1.4,158.05,1024.62,7,1
656.97,0.2,106.84,550.13,1,1
1004.51,0.8,167.97,836.54,4,1
1011.41,0.8,190.0,821.41,4,1
1007.41,0.8,186.0,821.41,4,1
779.89,0.4,144.38,635.51,2,1
658.02,0.2,100.32,557.69,1,1
831.32,0.6,140.68,690.64,3,1
893.99,0.6,188.22,705.77,3,1
820.23,0.6,114.46,705.77,3,1
1226.64,1.4,202.03,1024.62,7,1
997.29,0.8,213.7,783.59,4,1
707.7,0.4,64.62,643.08,2,1
738.03,0.4,117.65,620.38,2,1
659.94,0.2,102.24,557.69,1,1
454.31,0.0,42.51,411.79,0,1
654.07,0.2,103.95,550.13,1,1
759.22,0.6,98.84,660.38,3,1
738.71,0.4,125.89,612.82,2,1
824.02,0.6,133.38,690.64,3,1
763.07,0.4,112.43,650.64,2,1
533.62,0.2,44.0,489.62,1,1
925.82,0.8,119.54,806.28,4,1
1021.06,0.8,252.59,768.46,4,1
1330.03,1.4,260.03,1070.0,7,1
804.99,0.4,146.78,658.21,2,1
563.47,0.2,58.73,504.74,1,1
796.48,0.4,138.27,658.21,2,1
512.58,0.0,55.41,457.18,0,1
1127.52,1.2,233.68,893.85,6,1
1018.76,1.0,104.41,914.36,5,1
751.21,0.4,108.14,643.08,2,1
652.09,0.2,86.84,565.26,1,1
829.4,0.6,138.76,690.64,3,1
585.2,0.2,65.32,519.87,1,1
639.43,0.2,96.86,542.56,1,1
800.75,0.6,102.54,698.21,3,1
478.0,0.0,43.51,434.49,0,1
792.73,0.6,109.65,683.08,3,1
877.64,0.8,78.92,798.72,4,1
677.72,0.2,112.46,565.26,1,1
481.72,0.0,32.11,449.62,0,1
885.39,0.8,132.05,753.33,4,1
974.69,0.6,223.54,751.15,3,1
1055.47,1.0,209.19,846.28,5,1
899.87,0.6,186.54,713.33,3,1
1141.49,0.8,312.51,828.97,4,1
519.66,0.0,54.92,464.74,0,1
704.29,0.4,61.22,643.08,2,1
908.07,0.6,149.35,758.72,3,1
775.8,0.2,225.68,550.13,1,1
765.7,0.4,130.19,635.51,2,1
794.92,0.6,74.03,720.9,3,1
1079.08,0.8,242.54,836.54,4,1
1055.64,1.0,163.97,891.67,5,1
651.59,0.2,101.46,550.13,1,1
574.45,0.0,117.27,457.18,0,1
588.94,0.0,131.76,457.18,0,1
831.91,0.4,188.84,643.08,2,1
973.7,1.0,104.73,868.97,5,1
616.37,0.2,73.81,542.56,1,1
671.81,0.4,89.24,582.56,2,1
555.91,0.0,98.73,457.18,0,1
