"Total_Cost","Ratio_Reloc_Prod","Horiz_Cost","Vert_Cost","nReloc","non_Optimal"
225864.76,0.4453,34994.92,190870.0,668,375
1046.02,1.5,169.49,876.54,6,1
532.86,0.25,83.24,449.62,1,1
626.44,0.25,154.14,472.31,1,1
550.23,0.25,93.05,457.18,1,1
421.36,0.0,42.0,379.36,0,1
492.85,0.25,81.05,411.79,1,1
564.77,0.25,92.46,472.31,1,1
405.9,0.0,34.11,371.79,0,1
404.45,0.0,40.22,364.23,0,1
830.82,1.0,109.92,720.9,4,1
619.75,0.5,69.62,550.13,2,1
643.88,0.5,93.76,550.13,2,1
612.75,0.5,62.62,550.13,2,1
573.42,0.25,108.68,464.74,1,1
418.77,0.0,54.54,364.23,0,1
666.42,0.5,154.11,512.31,2,1
903.05,1.25,119.46,783.59,5,1
388.67,0.0,32.0,356.67,0,1
652.3,0.5,124.86,527.44,2,1
389.1,0.0,40.0,349.1,0,1
607.63,0.5,87.76,519.87,2,1
560.02,0.5,62.84,497.18,2,1
663.66,0.5,90.84,572.82,2,1
627.02,0.5,84.46,542.56,2,1
675.13,0.5,132.57,542.56,2,1
585.92,0.5,50.92,535.0,2,1
520.45,0.25,70.84,449.62,1,1
709.84,0.75,142.41,567.44,3,1
606.48,0.5,63.92,542.56,2,1
557.93,0.25,78.05,479.87,1,1
830.74,1.0,177.92,652.82,4,1
492.56,0.25,50.51,442.05,1,1
441.26,0.0,92.16,349.1,0,1
611.62,0.5,76.62,535.0,2,1
874.74,1.25,113.84,760.9,5,1
398.67,0.0,57.14,341.54,0,1
677.28,0.75,72.03,605.26,3,1
929.13,1.25,137.97,791.15,5,1
637.8,0.5,72.54,565.26,2,1
383.91,0.0,34.81,349.1,0,1
709.44,0.75,96.62,612.82,3,1
968.95,1.25,215.62,753.33,5,1
780.85,1.0,82.65,698.21,4,1
476.75,0.25,34.7,442.05,1,1
661.67,0.5,103.97,557.69,2,1
657.0,0.5,129.57,527.44,2,1
470.66,0.0,98.86,371.79,0,1
778.71,1.0,110.76,667.95,4,1
393.1,0.0,44.0,349.1,0,1
539.71,0.25,67.41,472.31,1,1
612.14,0.75,44.7,567.44,3,1
632.61,0.25,175.43,457.18,1,1
616.29,0.5,73.73,542.56,2,1
518.87,0.25,91.95,426.92,1,1
638.45,0.5,88.32,550.13,2,1
1039.61,1.25,248.46,791.15,5,1
491.75,0.25,49.7,442.05,1,1
417.26,0.0,53.03,364.23,0,1
377.54,0.0,36.0,341.54,0,1
589.53,0.5,92.35,497.18,2,1
482.7,0.25,48.22,434.49,1,1
476.86,0.25,34.81,442.05,1,1
493.81,0.25,59.32,434.49,1,1
709.64,0.75,111.95,597.69,3,1
454.83,0.0,98.16,356.67,0,1
783.37,0.75,193.24,590.13,3,1
410.83,0.0,61.73,349.1,0,1
404.62,0.0,55.51,349.1,0,1
531.31,0.25,74.14,457.18,1,1
554.11,0.25,127.19,426.92,1,1
555.76,0.25,136.41,419.36,1,1
638.29,0.5,95.73,542.56,2,1
600.09,0.25,127.78,472.31,1,1
594.92,0.5,59.92,535.0,2,1
530.28,0.25,65.54,464.74,1,1
435.72,0.0,79.05,356.67,0,1
931.27,1.25,162.81,768.46,5,1
423.42,0.0,51.62,371.79,0,1
544.69,0.5,47.51,497.18,2,1
349.11,0.0,22.7,326.41,0,1
567.46,0.25,132.97,434.49,1,1
623.31,0.5,65.62,557.69,2,1
515.57,0.25,88.65,426.92,1,1
658.73,0.5,116.16,542.56,2,1
630.14,0.5,110.27,519.87,2,1
558.1,0.25,100.92,457.18,1,1
620.79,0.25,148.49,472.31,1,1
548.23,0.25,91.05,457.18,1,1
577.58,0.25,105.27,472.31,1,1
731.94,0.75,134.24,597.69,3,1
534.53,0.25,84.92,449.62,1,1
606.27,0.5,78.84,527.44,2,1
671.84,0.75,96.84,575.0,3,1
440.87,0.0,61.51,379.36,0,1
554.44,0.25,82.14,472.31,1,1
560.79,0.5,40.92,519.87,2,1
931.74,1.25,125.46,806.28,5,1
931.85,1.25,133.14,798.72,5,1
653.64,0.5,95.95,557.69,2,1
572.22,0.25,92.35,479.87,1,1
842.25,0.75,221.86,620.38,3,1
517.29,0.25,60.11,457.18,1,1
534.13,0.25,76.95,457.18,1,1
1166.88,1.75,227.65,939.23,7,1
642.83,0.5,85.14,557.69,2,1
653.97,0.5,118.97,535.0,2,1
524.05,0.25,89.57,434.49,1,1
578.24,0.25,136.19,442.05,1,1
609.4,0.25,152.22,457.18,1,1
629.28,0.25,149.41,479.87,1,1
545.07,0.25,80.32,464.74,1,1
421.26,0.0,57.03,364.23,0,1
431.26,0.0,67.03,364.23,0,1
403.93,0.0,39.7,364.23,0,1
716.01,0.75,110.76,605.26,3,1
406.77,0.0,50.11,356.67,0,1
551.89,0.25,102.27,449.62,1,1
680.32,0.5,130.19,550.13,2,1
659.23,0.5,101.54,557.69,2,1
809.7,1.0,119.05,690.64,4,1
599.33,0.5,79.46,519.87,2,1
411.79,0.0,40.0,371.79,0,1
749.87,0.75,129.49,620.38,3,1
627.9,0.5,100.46,527.44,2,1
551.48,0.25,109.43,442.05,1,1
701.25,0.75,88.43,612.82,3,1
622.02,0.25,172.41,449.62,1,1
420.61,0.0,48.81,371.79,0,1
525.31,0.25,68.14,457.18,1,1
689.69,0.75,84.43,605.26,3,1
804.19,1.0,128.68,675.51,4,1
686.14,0.75,73.32,612.82,3,1
478.0,0.25,43.51,434.49,1,1
846.77,1.0,193.95,652.82,4,1
453.64,0.0,96.97,356.67,0,1
734.77,0.75,121.95,612.82,3,1
824.86,1.0,141.78,683.08,4,1
436.06,0.0,56.7,379.36,0,1
727.61,0.75,137.49,590.13,3,1
650.19,0.5,122.76,527.44,2,1
449.76,0.0,70.41,379.36,0,1
659.03,0.5,131.59,527.44,2,1
893.46,1.0,165.0,728.46,4,1
525.29,0.25,83.24,442.05,1,1
642.03,0.75,67.03,575.0,3,1
621.74,0.5,101.86,519.87,2,1
656.0,0.75,73.43,582.56,3,1
1089.1,1.75,217.95,871.15,7,1
538.2,0.25,58.32,479.87,1,1
384.51,0.0,35.41,349.1,0,1
421.1,0.0,64.43,356.67,0,1
571.71,0.25,91.84,479.87,1,1
519.37,0.25,54.62,464.74,1,1
464.63,0.0,92.84,371.79,0,1
425.69,0.0,69.03,356.67,0,1
500.95,0.25,74.03,426.92,1,1
378.84,0.0,52.43,326.41,0,1
506.33,0.25,71.84,434.49,1,1
565.06,0.5,37.62,527.44,2,1
581.39,0.5,76.65,504.74,2,1
399.59,0.0,42.92,356.67,0,1
447.15,0.25,42.92,404.23,1,1
380.05,0.0,38.51,341.54,0,1
399.86,0.0,58.32,341.54,0,1
385.65,0.0,44.11,341.54,0,1
626.42,0.5,121.68,504.74,2,1
909.89,1.5,101.43,808.46,6,1
529.64,0.25,80.03,449.62,1,1
386.62,0.0,37.51,349.1,0,1
714.91,0.75,124.78,590.13,3,1
477.84,0.25,50.92,426.92,1,1
694.58,0.75,89.32,605.26,3,1
824.08,0.75,196.14,627.95,3,1
497.64,0.0,133.41,364.23,0,1
782.16,1.0,106.65,675.51,4,1
615.7,0.5,73.14,542.56,2,1
549.88,0.25,85.14,464.74,1,1
587.44,0.5,60.0,527.44,2,1
420.23,0.0,56.0,364.23,0,1
502.08,0.25,60.03,442.05,1,1
615.87,0.5,88.43,527.44,2,1
595.08,0.5,52.51,542.56,2,1
373.94,0.0,32.41,341.54,0,1
805.72,1.0,99.95,705.77,4,1
514.85,0.25,50.11,464.74,1,1
685.3,0.5,150.3,535.0,2,1
400.43,0.0,51.32,349.1,0,1
849.33,1.25,88.43,760.9,5,1
548.99,0.25,84.24,464.74,1,1
422.79,0.0,51.0,371.79,0,1
665.51,0.75,82.95,582.56,3,1
622.23,0.25,149.92,472.31,1,1
807.17,1.0,146.78,660.38,4,1
519.42,0.25,47.11,472.31,1,1
824.19,1.0,148.68,675.51,4,1
421.79,0.0,50.0,371.79,0,1
360.82,0.0,34.41,326.41,0,1
815.52,0.75,195.14,620.38,3,1
865.98,1.25,112.65,753.33,5,1
522.03,0.25,102.68,419.36,1,1
523.97,0.25,74.35,449.62,1,1
375.16,0.0,33.62,341.54,0,1
413.13,0.0,64.03,349.1,0,1
607.98,0.5,80.54,527.44,2,1
587.6,0.5,67.73,519.87,2,1
698.29,1.0,75.73,622.56,4,1
734.19,0.75,106.24,627.95,3,1
844.95,1.0,124.05,720.9,4,1
691.23,0.5,178.92,512.31,2,1
704.11,0.75,83.73,620.38,3,1
916.14,1.25,147.68,768.46,5,1
446.14,0.0,59.22,386.92,0,1
422.74,0.0,58.51,364.23,0,1
404.16,0.0,62.62,341.54,0,1
814.89,1.0,139.38,675.51,4,1
537.07,0.25,87.46,449.62,1,1
383.21,0.0,34.11,349.1,0,1
684.94,0.75,87.24,597.69,3,1
523.68,0.25,96.76,426.92,1,1
713.85,0.75,116.16,597.69,3,1
923.46,1.25,155.0,768.46,5,1
759.08,0.75,123.57,635.51,3,1
624.24,0.5,74.11,550.13,2,1
370.24,0.0,28.7,341.54,0,1
702.52,0.75,82.14,620.38,3,1
546.18,0.25,81.43,464.74,1,1
438.06,0.25,18.7,419.36,1,1
658.27,0.75,90.84,567.44,3,1
594.93,0.25,130.19,464.74,1,1
737.18,0.75,139.49,597.69,3,1
512.5,0.25,55.32,457.18,1,1
932.64,1.5,93.92,838.72,6,1
583.34,0.25,118.59,464.74,1,1
610.89,0.5,68.32,542.56,2,1
462.17,0.25,42.81,419.36,1,1
474.31,0.25,62.51,411.79,1,1
364.89,0.0,30.92,333.97,0,1
582.91,0.25,118.16,464.74,1,1
783.18,1.0,92.54,690.64,4,1
684.43,0.75,101.86,582.56,3,1
467.91,0.0,103.68,364.23,0,1
683.23,0.75,85.54,597.69,3,1
647.94,0.75,57.81,590.13,3,1
696.47,0.5,123.65,572.82,2,1
665.96,0.5,161.22,504.74,2,1
659.5,0.5,147.19,512.31,2,1
494.05,0.25,52.0,442.05,1,1
486.12,0.0,121.89,364.23,0,1
507.53,0.25,57.92,449.62,1,1
724.79,0.75,96.84,627.95,3,1
387.21,0.0,38.11,349.1,0,1
551.67,0.25,102.05,449.62,1,1
447.18,0.0,82.95,364.23,0,1
731.17,0.75,163.73,567.44,3,1
635.93,0.5,131.19,504.74,2,1
575.89,0.25,141.41,434.49,1,1
524.01,0.0,152.22,371.79,0,1
444.07,0.0,79.84,364.23,0,1
719.26,0.75,121.57,597.69,3,1
519.66,0.25,54.92,464.74,1,1
565.28,0.5,45.41,519.87,2,1
646.12,0.5,88.43,557.69,2,1
685.09,0.5,165.22,519.87,2,1
590.28,0.5,85.54,504.74,2,1
712.15,0.75,114.46,597.69,3,1
781.59,1.0,90.95,690.64,4,1
652.89,0.5,110.32,542.56,2,1
680.23,0.75,82.54,597.69,3,1
708.99,0.5,151.3,557.69,2,1
891.99,1.25,100.84,791.15,5,1
460.01,0.0,80.65,379.36,0,1
600.15,0.5,87.84,512.31,2,1
489.44,0.25,77.65,411.79,1,1
442.79,0.25,31.0,411.79,1,1
446.63,0.0,74.84,371.79,0,1
804.78,1.0,129.27,675.51,4,1
804.16,1.0,121.08,683.08,4,1
564.41,0.25,84.54,479.87,1,1
504.02,0.25,54.41,449.62,1,1
551.53,0.25,94.35,457.18,1,1
783.8,0.5,233.68,550.13,2,1
575.79,0.5,55.92,519.87,2,1
427.42,0.0,55.62,371.79,0,1
620.58,0.5,108.27,512.31,2,1
782.09,0.75,176.84,605.26,3,1
1245.71,2.0,198.41,1047.31,8,1
425.58,0.0,46.22,379.36,0,1
637.52,0.5,110.08,527.44,2,1
486.76,0.25,59.84,426.92,1,1
893.21,1.25,155.0,738.21,5,1
530.13,0.5,40.51,489.62,2,1
538.37,0.25,88.76,449.62,1,1
683.86,0.75,108.86,575.0,3,1
370.67,0.0,14.0,356.67,0,1
863.53,1.25,132.89,730.64,5,1
608.22,0.5,88.35,519.87,2,1
578.97,0.25,136.92,442.05,1,1
608.59,0.5,66.03,542.56,2,1
946.71,1.0,233.38,713.33,4,1
535.98,0.25,56.11,479.87,1,1
591.34,0.5,94.16,497.18,2,1
832.52,0.75,204.57,627.95,3,1
516.52,0.25,44.22,472.31,1,1
678.24,0.5,135.68,542.56,2,1
669.04,0.5,111.35,557.69,2,1
596.39,0.5,91.65,504.74,2,1
652.34,0.5,94.65,557.69,2,1
799.61,0.75,148.97,650.64,3,1
635.12,0.5,77.43,557.69,2,1
644.64,0.75,54.51,590.13,3,1
591.06,0.5,63.62,527.44,2,1
433.07,0.0,68.84,364.23,0,1
603.66,0.5,91.35,512.31,2,1
409.59,0.0,52.92,356.67,0,1
451.02,0.0,94.35,356.67,0,1
526.79,0.25,99.86,426.92,1,1
629.17,0.25,149.3,479.87,1,1
410.94,0.0,61.84,349.1,0,1
780.64,1.0,97.57,683.08,4,1
431.91,0.0,75.24,356.67,0,1
371.65,0.0,30.11,341.54,0,1
618.03,0.5,98.16,519.87,2,1
734.57,0.75,167.14,567.44,3,1
546.73,0.25,104.68,442.05,1,1
495.73,0.25,68.81,426.92,1,1
692.22,0.75,124.78,567.44,3,1
795.95,1.0,82.62,713.33,4,1
842.37,1.25,104.16,738.21,5,1
601.43,0.5,66.43,535.0,2,1
608.34,0.5,58.22,550.13,2,1
758.97,0.75,123.46,635.51,3,1
833.38,1.0,104.92,728.46,4,1
633.21,0.5,90.65,542.56,2,1
617.66,0.25,152.92,464.74,1,1
496.19,0.25,61.7,434.49,1,1
423.26,0.0,59.03,364.23,0,1
625.84,0.5,105.97,519.87,2,1
517.59,0.25,75.54,442.05,1,1
698.28,0.75,93.03,605.26,3,1
802.06,1.0,88.73,713.33,4,1
544.04,0.25,71.73,472.31,1,1
689.88,0.5,139.76,550.13,2,1
880.57,1.0,159.68,720.9,4,1
622.58,0.5,110.27,512.31,2,1
596.74,0.5,84.43,512.31,2,1
747.17,1.0,94.35,652.82,4,1
554.85,0.25,82.54,472.31,1,1
603.18,0.25,146.0,457.18,1,1
451.03,0.0,64.11,386.92,0,1
827.48,1.0,144.41,683.08,4,1
662.88,0.5,150.57,512.31,2,1
623.29,0.5,80.73,542.56,2,1
637.18,0.5,71.92,565.26,2,1
695.38,0.75,75.0,620.38,3,1
545.52,0.25,73.22,472.31,1,1
459.34,0.0,102.68,356.67,0,1
463.66,0.0,91.86,371.79,0,1
393.1,0.0,44.0,349.1,0,1
647.94,0.5,90.24,557.69,2,1
482.66,0.0,110.86,371.79,0,1
364.94,0.0,23.41,341.54,0,1
575.48,0.5,85.86,489.62,2,1
544.32,0.25,102.27,442.05,1,1
489.47,0.0,117.68,371.79,0,1
605.82,0.5,85.95,519.87,2,1
678.88,0.75,73.62,605.26,3,1
545.48,0.25,95.86,449.62,1,1
567.0,0.5,32.0,535.0,2,1
468.15,0.0,96.35,371.79,0,1
530.74,0.25,66.0,464.74,1,1
415.64,0.0,51.41,364.23,0,1
541.07,0.25,91.46,449.62,1,1
474.07,0.25,69.84,404.23,1,1
440.45,0.0,91.35,349.1,0,1
699.33,0.75,78.95,620.38,3,1
