"Total_Cost","Ratio_Reloc_Prod","Horiz_Cost","Vert_Cost","nReloc","non_Optimal"
225983.13,0.4333,35016.12,190967.02,650,300
630.12,0.2,72.43,557.69,1,1
899.82,0.6,178.92,720.9,3,1
797.01,0.4,123.68,673.33,2,1
652.09,0.2,86.84,565.26,1,1
816.79,0.4,188.84,627.95,2,1
960.18,0.8,176.59,783.59,4,1
613.61,0.2,55.92,557.69,1,1
1042.83,0.8,251.68,791.15,4,1
525.26,0.0,60.51,464.74,0,1
831.63,0.6,125.86,705.77,3,1
950.76,0.6,229.86,720.9,3,1
562.96,0.0,90.65,472.31,0,1
709.06,0.4,96.24,612.82,2,1
615.14,0.2,80.14,535.0,1,1
543.28,0.0,78.54,464.74,0,1
805.61,0.6,99.84,705.77,3,1
1050.97,1.0,182.0,868.97,5,1
711.68,0.4,83.73,627.95,2,1
640.51,0.2,97.95,542.56,1,1
705.3,0.4,84.92,620.38,2,1
812.44,0.4,199.62,612.82,2,1
961.45,0.8,170.3,791.15,4,1
656.49,0.2,76.11,580.38,1,1
538.31,0.0,81.14,457.18,0,1
666.1,0.4,83.54,582.56,2,1
936.29,0.8,137.57,798.72,4,1
996.91,1.0,105.24,891.67,5,1
749.92,0.4,121.97,627.95,2,1
542.26,0.2,37.51,504.74,1,1
1199.47,1.4,205.11,994.36,7,1
1103.66,1.0,257.38,846.28,5,1
735.55,0.4,115.16,620.38,2,1
634.34,0.2,84.22,550.13,1,1
524.91,0.0,67.73,457.18,0,1
841.62,0.6,166.11,675.51,3,1
624.29,0.2,81.73,542.56,1,1
738.09,0.4,125.27,612.82,2,1
814.91,0.6,124.27,690.64,3,1
935.65,0.6,214.76,720.9,3,1
696.01,0.4,75.62,620.38,2,1
496.27,0.0,54.22,442.05,0,1
649.94,0.2,92.24,557.69,1,1
617.08,0.2,74.51,542.56,1,1
565.99,0.0,116.38,449.62,0,1
788.48,0.6,97.84,690.64,3,1
639.34,0.2,89.22,550.13,1,1
1003.53,0.8,197.24,806.28,4,1
472.05,0.0,30.0,442.05,0,1
855.5,0.6,157.3,698.21,3,1
901.05,0.6,217.97,683.08,3,1
899.64,0.8,116.05,783.59,4,1
640.97,0.2,90.84,550.13,1,1
720.88,0.4,130.76,590.13,2,1
824.5,0.6,118.73,705.77,3,1
848.18,0.8,117.54,730.64,4,1
897.6,0.8,144.27,753.33,4,1
814.13,0.4,178.62,635.51,2,1
1023.73,1.2,122.32,901.41,6,1
658.85,0.2,101.16,557.69,1,1
695.37,0.2,152.81,542.56,1,1
539.66,0.0,74.92,464.74,0,1
1011.73,0.8,243.27,768.46,4,1
801.59,0.6,110.95,690.64,3,1
683.55,0.2,110.73,572.82,1,1
930.34,0.8,124.05,806.28,4,1
753.75,0.4,95.54,658.21,2,1
537.18,0.0,72.43,464.74,0,1
1077.28,1.0,223.43,853.85,5,1
666.23,0.2,108.54,557.69,1,1
749.85,0.4,144.59,605.26,2,1
491.13,0.0,41.51,449.62,0,1
766.54,0.4,123.46,643.08,2,1
760.72,0.6,115.46,645.26,3,1
1069.27,1.2,160.3,908.97,6,1
810.02,0.6,119.38,690.64,3,1
477.41,0.0,42.92,434.49,0,1
771.81,0.6,88.73,683.08,3,1
1106.25,1.2,159.46,946.79,6,1
972.95,1.0,111.54,861.41,5,1
612.32,0.2,77.32,535.0,1,1
736.2,0.4,123.38,612.82,2,1
825.83,0.4,167.62,658.21,2,1
519.29,0.0,77.24,442.05,0,1
1176.68,1.4,167.19,1009.49,7,1
953.96,0.8,147.68,806.28,4,1
738.6,0.4,110.65,627.95,2,1
655.09,0.2,89.84,565.26,1,1
479.19,0.0,44.7,434.49,0,1
632.39,0.4,72.51,559.87,2,1
1014.46,1.0,153.05,861.41,5,1
725.79,0.6,65.41,660.38,3,1
681.29,0.2,123.59,557.69,1,1
913.96,0.6,215.76,698.21,3,1
715.74,0.4,95.35,620.38,2,1
663.22,0.2,135.78,527.44,1,1
780.49,0.4,160.11,620.38,2,1
798.66,0.6,100.46,698.21,3,1
562.83,0.0,105.65,457.18,0,1
747.61,0.6,102.35,645.26,3,1
668.51,0.4,85.95,582.56,2,1
1145.53,1.4,181.43,964.1,7,1
745.45,0.6,54.81,690.64,3,1
486.97,0.0,44.92,442.05,0,1
977.74,0.8,163.89,813.85,4,1
878.41,0.8,109.95,768.46,4,1
1118.57,1.2,149.08,969.49,6,1
539.33,0.0,67.03,472.31,0,1
655.16,0.4,65.03,590.13,2,1
745.43,0.4,102.35,643.08,2,1
449.47,0.0,30.11,419.36,0,1
492.89,0.0,58.41,434.49,0,1
839.69,0.6,194.43,645.26,3,1
466.25,0.0,39.32,426.92,0,1
901.97,0.8,125.95,776.03,4,1
584.87,0.2,57.43,527.44,1,1
619.56,0.2,69.43,550.13,1,1
773.08,0.4,137.57,635.51,2,1
1175.39,1.2,221.03,954.36,6,1
951.62,0.8,122.65,828.97,4,1
1061.54,1.0,185.0,876.54,5,1
853.59,0.6,117.57,736.03,3,1
634.86,0.2,84.73,550.13,1,1
1092.31,1.0,185.51,906.79,5,1
1057.67,1.0,166.0,891.67,5,1
647.67,0.2,97.54,550.13,1,1
1096.08,1.2,187.11,908.97,6,1
1139.92,1.0,210.43,929.49,5,1
989.02,0.8,152.49,836.54,4,1
922.53,0.8,116.24,806.28,4,1
1120.39,0.8,306.54,813.85,4,1
698.71,0.2,118.32,580.38,1,1
702.52,0.4,82.14,620.38,2,1
758.54,0.6,83.03,675.51,3,1
974.01,1.0,120.16,853.85,5,1
772.05,0.4,128.97,643.08,2,1
916.0,0.8,139.97,776.03,4,1
811.11,0.4,190.73,620.38,2,1
847.15,0.8,108.95,738.21,4,1
685.96,0.4,73.14,612.82,2,1
1181.27,1.2,219.35,961.92,6,1
810.45,0.4,159.81,650.64,2,1
778.52,0.4,165.7,612.82,2,1
850.52,0.6,137.19,713.33,3,1
756.16,0.4,120.65,635.51,2,1
946.95,0.8,125.54,821.41,4,1
782.88,0.4,124.68,658.21,2,1
593.98,0.0,121.68,472.31,0,1
1075.69,1.2,136.46,939.23,6,1
825.86,0.4,175.22,650.64,2,1
679.42,0.2,114.16,565.26,1,1
733.09,0.2,152.7,580.38,1,1
560.39,0.0,95.65,464.74,0,1
641.71,0.2,114.27,527.44,1,1
1081.3,1.0,159.38,921.92,5,1
521.55,0.0,56.81,464.74,0,1
512.26,0.0,47.51,464.74,0,1
824.55,0.6,103.65,720.9,3,1
706.34,0.2,156.22,550.13,1,1
593.96,0.2,81.65,512.31,1,1
747.11,0.4,119.16,627.95,2,1
687.28,0.4,82.03,605.26,2,1
752.24,0.4,109.16,643.08,2,1
828.25,0.6,107.35,720.9,3,1
804.68,0.4,184.3,620.38,2,1
784.67,0.6,109.16,675.51,3,1
647.43,0.2,104.86,542.56,1,1
854.98,0.6,141.65,713.33,3,1
646.27,0.2,111.27,535.0,1,1
748.22,0.4,120.27,627.95,2,1
835.75,0.6,145.11,690.64,3,1
473.16,0.0,31.11,442.05,0,1
611.93,0.0,147.19,464.74,0,1
882.06,0.6,168.73,713.33,3,1
768.19,0.4,132.68,635.51,2,1
753.99,0.4,103.35,650.64,2,1
685.79,0.2,112.97,572.82,1,1
518.97,0.0,69.35,449.62,0,1
731.7,0.2,189.14,542.56,1,1
573.44,0.2,61.14,512.31,1,1
597.39,0.4,37.51,559.87,2,1
802.58,0.4,144.38,658.21,2,1
637.1,0.2,94.54,542.56,1,1
524.7,0.0,82.65,442.05,0,1
838.99,0.6,140.78,698.21,3,1
913.34,0.6,207.57,705.77,3,1
582.37,0.0,125.19,457.18,0,1
630.0,0.2,87.43,542.56,1,1
620.24,0.2,70.11,550.13,1,1
672.05,0.2,129.49,542.56,1,1
933.6,0.8,119.76,813.85,4,1
882.98,0.8,122.08,760.9,4,1
791.01,0.4,117.68,673.33,2,1
517.12,0.0,44.81,472.31,0,1
797.8,0.6,92.03,705.77,3,1
515.73,0.0,81.24,434.49,0,1
618.63,0.2,98.76,519.87,1,1
667.45,0.2,109.76,557.69,1,1
820.74,0.4,154.97,665.77,2,1
676.56,0.2,118.86,557.69,1,1
759.35,0.4,123.84,635.51,2,1
532.37,0.0,67.62,464.74,0,1
712.41,0.4,92.03,620.38,2,1
555.53,0.0,98.35,457.18,0,1
905.79,0.8,144.89,760.9,4,1
664.82,0.4,52.0,612.82,2,1
729.41,0.4,101.46,627.95,2,1
647.4,0.2,104.84,542.56,1,1
789.99,0.4,139.35,650.64,2,1
903.77,0.8,105.05,798.72,4,1
772.82,0.4,107.05,665.77,2,1
572.84,0.0,130.78,442.05,0,1
605.19,0.2,62.62,542.56,1,1
670.88,0.2,113.19,557.69,1,1
880.51,0.6,144.49,736.03,3,1
903.9,0.8,143.0,760.9,4,1
747.66,0.4,74.32,673.33,2,1
483.89,0.0,49.41,434.49,0,1
549.96,0.0,85.22,464.74,0,1
684.79,0.2,111.97,572.82,1,1
581.85,0.0,109.54,472.31,0,1
617.54,0.2,82.54,535.0,1,1
1032.72,1.0,141.05,891.67,5,1
797.96,0.6,99.76,698.21,3,1
834.27,0.6,151.19,683.08,3,1
834.29,0.6,136.08,698.21,3,1
646.47,0.2,81.22,565.26,1,1
646.41,0.2,118.97,527.44,1,1
694.87,0.4,66.92,627.95,2,1
743.35,0.4,107.84,635.51,2,1
671.66,0.2,151.78,519.87,1,1
733.16,0.4,97.65,635.51,2,1
541.07,0.0,76.32,464.74,0,1
825.19,0.4,197.24,627.95,2,1
525.8,0.0,68.62,457.18,0,1
913.56,0.8,114.84,798.72,4,1
856.21,0.6,158.0,698.21,3,1
775.53,0.6,77.32,698.21,3,1
1050.36,0.8,244.08,806.28,4,1
570.25,0.0,97.95,472.31,0,1
468.33,0.0,41.41,426.92,0,1
678.77,0.2,105.95,572.82,1,1
709.65,0.4,81.7,627.95,2,1
697.16,0.2,154.59,542.56,1,1
538.95,0.0,104.46,434.49,0,1
1036.94,1.0,145.27,891.67,5,1
504.24,0.0,54.62,449.62,0,1
658.07,0.2,107.95,550.13,1,1
599.3,0.2,79.43,519.87,1,1
987.16,0.8,158.19,828.97,4,1
778.4,0.4,142.89,635.51,2,1
1110.3,1.4,115.95,994.36,7,1
758.21,0.6,60.0,698.21,3,1
533.42,0.0,76.24,457.18,0,1
1056.96,1.0,165.3,891.67,5,1
706.24,0.4,123.68,582.56,2,1
755.29,0.6,72.22,683.08,3,1
718.72,0.2,161.03,557.69,1,1
644.47,0.2,79.22,565.26,1,1
551.83,0.0,94.65,457.18,0,1
928.21,0.8,152.19,776.03,4,1
851.38,0.6,130.49,720.9,3,1
796.65,0.4,115.76,680.9,2,1
859.05,0.6,183.54,675.51,3,1
574.72,0.0,109.97,464.74,0,1
684.01,0.2,118.76,565.26,1,1
611.22,0.2,76.22,535.0,1,1
494.57,0.0,67.65,426.92,0,1
822.76,0.6,86.73,736.03,3,1
852.01,0.6,138.68,713.33,3,1
822.1,0.6,131.46,690.64,3,1
890.45,0.6,146.86,743.59,3,1
844.94,0.6,154.3,690.64,3,1
748.89,0.6,65.81,683.08,3,1
514.55,0.0,49.81,464.74,0,1
716.29,0.2,158.59,557.69,1,1
646.68,0.4,79.24,567.44,2,1
467.03,0.0,40.11,426.92,0,1
631.92,0.2,89.35,542.56,1,1
850.61,0.6,159.97,690.64,3,1
723.33,0.4,102.95,620.38,2,1
853.94,0.6,163.3,690.64,3,1
545.01,0.0,65.14,479.87,0,1
731.69,0.4,118.86,612.82,2,1
830.19,0.6,101.73,728.46,3,1
1078.84,1.2,162.3,916.54,6,1
495.72,0.0,46.11,449.62,0,1
704.2,0.4,83.81,620.38,2,1
923.81,0.8,147.78,776.03,4,1
733.29,0.4,82.65,650.64,2,1
901.89,0.8,125.86,776.03,4,1
524.26,0.0,59.51,464.74,0,1
892.23,0.6,178.89,713.33,3,1
586.5,0.0,121.76,464.74,0,1
502.11,0.0,67.62,434.49,0,1
802.72,0.6,96.95,705.77,3,1
812.61,0.6,106.84,705.77,3,1
903.05,0.8,119.46,783.59,4,1
663.56,0.2,105.86,557.69,1,1
646.78,0.4,64.22,582.56,2,1
533.07,0.0,68.32,464.74,0,1
