"Total_Cost","Ratio_Reloc_Prod","Horiz_Cost","Vert_Cost","nReloc","non_Optimal"
226818.55,0.4493,34709.98,192108.62,674,300
628.83,0.2,71.14,557.69,1,1
895.41,0.6,174.51,720.9,3,1
797.01,0.4,123.68,673.33,2,1
652.09,0.2,86.84,565.26,1,1
816.79,0.4,188.84,627.95,2,1
957.89,0.8,174.3,783.59,4,1
634.74,0.2,61.92,572.82,1,1
1047.42,0.8,256.27,791.15,4,1
521.96,0.0,57.22,464.74,0,1
823.53,0.6,117.76,705.77,3,1
938.9,0.6,225.57,713.33,3,1
562.06,0.0,89.76,472.31,0,1
707.47,0.4,94.65,612.82,2,1
619.14,0.2,84.14,535.0,1,1
507.35,0.0,57.73,449.62,0,1
805.14,0.6,84.24,720.9,3,1
1050.06,1.0,181.08,868.97,5,1
700.41,0.4,80.03,620.38,2,1
643.16,0.2,93.03,550.13,1,1
700.71,0.4,80.32,620.38,2,1
818.3,0.4,197.92,620.38,2,1
974.12,0.8,175.41,798.72,4,1
640.23,0.2,67.41,572.82,1,1
512.27,0.0,70.22,442.05,0,1
676.34,0.4,78.65,597.69,2,1
938.8,0.8,140.08,798.72,4,1
1000.61,1.0,108.95,891.67,5,1
741.95,0.4,121.57,620.38,2,1
541.26,0.2,36.51,504.74,1,1
1184.5,1.4,197.7,986.79,7,1
1099.96,1.0,253.68,846.28,5,1
736.11,0.4,108.16,627.95,2,1
634.34,0.2,84.22,550.13,1,1
524.91,0.0,67.73,457.18,0,1
846.62,0.6,171.11,675.51,3,1
643.53,0.2,85.84,557.69,1,1
846.35,0.8,123.27,723.08,4,1
830.42,0.6,139.78,690.64,3,1
938.36,0.6,217.46,720.9,3,1
655.69,0.2,90.43,565.26,1,1
481.3,0.0,46.81,434.49,0,1
518.91,0.0,61.73,457.18,0,1
614.27,0.2,71.7,542.56,1,1
544.87,0.0,110.38,434.49,0,1
789.07,0.6,98.43,690.64,3,1
652.8,0.2,95.11,557.69,1,1
990.96,0.8,192.24,798.72,4,1
453.63,0.0,26.7,426.92,0,1
849.31,0.6,151.11,698.21,3,1
901.05,0.6,217.97,683.08,3,1
916.61,0.8,125.46,791.15,4,1
546.88,0.0,82.14,464.74,0,1
807.06,0.6,146.68,660.38,3,1
828.77,0.6,115.43,713.33,3,1
762.36,0.6,109.54,652.82,3,1
940.56,0.8,156.97,783.59,4,1
830.65,0.4,195.14,635.51,2,1
1031.3,1.2,122.32,908.97,6,1
702.87,0.4,90.05,612.82,2,1
770.2,0.4,149.81,620.38,2,1
545.12,0.0,72.81,472.31,0,1
827.39,0.4,214.57,612.82,2,1
811.04,0.6,112.84,698.21,3,1
593.79,0.0,106.35,487.44,0,1
937.55,0.8,131.27,806.28,4,1
757.04,0.4,98.84,658.21,2,1
506.78,0.0,64.73,442.05,0,1
1067.87,1.0,214.03,853.85,5,1
762.13,0.4,119.05,643.08,2,1
745.26,0.4,140.0,605.26,2,1
486.27,0.0,44.22,442.05,0,1
767.24,0.4,124.16,643.08,2,1
653.9,0.2,126.46,527.44,1,1
985.1,1.0,161.51,823.59,5,1
807.02,0.6,116.38,690.64,3,1
467.19,0.0,32.7,434.49,0,1
766.91,0.6,83.84,683.08,3,1
937.47,0.8,138.76,798.72,4,1
873.25,0.8,112.35,760.9,4,1
596.51,0.2,61.51,535.0,1,1
694.15,0.4,96.46,597.69,2,1
814.93,0.4,141.59,673.33,2,1
594.34,0.2,97.16,497.18,1,1
1101.63,1.2,147.27,954.36,6,1
877.3,0.6,141.27,736.03,3,1
825.39,0.6,112.05,713.33,3,1
633.97,0.2,83.84,550.13,1,1
454.76,0.0,35.41,419.36,0,1
627.65,0.4,60.22,567.44,2,1
1031.59,1.0,155.05,876.54,5,1
739.51,0.6,64.0,675.51,3,1
800.75,0.4,150.11,650.64,2,1
874.51,0.6,191.43,683.08,3,1
839.04,0.8,100.84,738.21,4,1
678.19,0.2,143.19,535.0,1,1
743.36,0.4,138.11,605.26,2,1
820.15,0.8,81.95,738.21,4,1
561.45,0.0,104.27,457.18,0,1
713.17,0.4,100.35,612.82,2,1
712.39,0.4,107.14,605.26,2,1
1068.84,1.2,152.3,916.54,6,1
590.41,0.2,70.54,519.87,1,1
541.99,0.2,44.81,497.18,1,1
1061.72,1.0,162.49,899.23,5,1
818.61,0.6,127.97,690.64,3,1
1031.17,1.0,177.32,853.85,5,1
529.02,0.0,71.84,457.18,0,1
539.04,0.0,66.73,472.31,0,1
728.16,0.4,92.65,635.51,2,1
481.3,0.0,46.81,434.49,0,1
526.1,0.0,68.92,457.18,0,1
789.57,0.4,214.57,575.0,2,1
473.25,0.0,46.32,426.92,0,1
813.12,0.6,107.35,705.77,3,1
645.58,0.2,80.32,565.26,1,1
643.48,0.2,93.35,550.13,1,1
758.52,0.4,130.57,627.95,2,1
951.52,0.8,137.68,813.85,4,1
940.33,0.8,111.35,828.97,4,1
948.54,0.8,172.51,776.03,4,1
745.38,0.4,109.86,635.51,2,1
725.93,0.4,105.54,620.38,2,1
970.8,0.8,164.51,806.28,4,1
966.55,1.0,120.27,846.28,5,1
886.5,0.8,133.16,753.33,4,1
784.3,0.6,116.35,667.95,3,1
1303.62,1.6,193.62,1110.0,8,1
1133.45,1.4,108.84,1024.62,7,1
871.07,0.6,119.92,751.15,3,1
1381.09,1.4,341.35,1039.74,7,1
858.84,0.6,137.95,720.9,3,1
535.37,0.0,70.62,464.74,0,1
790.75,0.6,92.54,698.21,3,1
807.58,0.6,94.24,713.33,3,1
807.18,0.4,148.97,658.21,2,1
716.13,0.4,126.0,590.13,2,1
936.43,0.6,200.41,736.03,3,1
868.37,0.8,130.16,738.21,4,1
704.98,0.4,77.03,627.95,2,1
1141.76,1.2,187.41,954.36,6,1
838.91,0.4,180.7,658.21,2,1
868.15,0.6,162.38,705.77,3,1
861.72,0.6,163.51,698.21,3,1
646.65,0.2,111.65,535.0,1,1
991.48,1.0,114.95,876.54,5,1
938.02,0.6,194.43,743.59,3,1
766.63,0.4,153.81,612.82,2,1
827.22,0.6,98.76,728.46,3,1
1097.15,1.0,197.92,899.23,5,1
1011.65,0.8,175.11,836.54,4,1
784.73,0.4,149.22,635.51,2,1
545.13,0.0,87.95,457.18,0,1
696.72,0.4,91.46,605.26,2,1
980.79,0.8,159.38,821.41,4,1
528.52,0.0,56.22,472.31,0,1
575.65,0.2,48.22,527.44,1,1
837.52,0.6,109.05,728.46,3,1
591.72,0.0,142.11,449.62,0,1
596.55,0.2,84.24,512.31,1,1
692.42,0.4,87.16,605.26,2,1
652.29,0.4,69.73,582.56,2,1
795.15,0.6,96.95,698.21,3,1
853.52,0.6,125.05,728.46,3,1
860.42,0.6,169.78,690.64,3,1
799.8,0.6,109.16,690.64,3,1
711.04,0.4,105.78,605.26,2,1
790.07,0.6,99.43,690.64,3,1
746.05,0.4,110.54,635.51,2,1
918.75,0.8,135.16,783.59,4,1
714.8,0.2,157.11,557.69,1,1
547.02,0.0,104.97,442.05,0,1
785.44,0.4,172.62,612.82,2,1
688.32,0.2,153.32,535.0,1,1
778.3,0.4,142.78,635.51,2,1
1021.49,1.0,107.14,914.36,5,1
768.07,0.4,109.86,658.21,2,1
537.31,0.0,80.14,457.18,0,1
912.47,0.8,166.7,745.77,4,1
501.64,0.0,52.03,449.62,0,1
461.03,0.0,34.11,426.92,0,1
796.42,0.4,145.78,650.64,2,1
674.47,0.2,101.65,572.82,1,1
582.09,0.2,77.35,504.74,1,1
665.34,0.2,107.65,557.69,1,1
739.42,0.2,181.73,557.69,1,1
660.44,0.2,133.0,527.44,1,1
537.21,0.0,80.03,457.18,0,1
529.66,0.0,64.92,464.74,0,1
702.04,0.2,136.78,565.26,1,1
992.05,1.0,160.89,831.15,5,1
1023.19,1.0,161.78,861.41,5,1
737.46,0.4,101.95,635.51,2,1
496.43,0.0,46.81,449.62,0,1
825.19,0.6,96.73,728.46,3,1
793.97,0.6,118.46,675.51,3,1
970.86,1.0,147.27,823.59,5,1
650.12,0.2,92.43,557.69,1,1
1109.04,1.4,122.24,986.79,7,1
583.88,0.0,111.57,472.31,0,1
874.17,0.6,153.27,720.9,3,1
519.71,0.0,47.41,472.31,0,1
734.81,0.4,91.73,643.08,2,1
568.34,0.0,111.16,457.18,0,1
1109.51,1.2,132.46,977.05,6,1
882.54,0.6,154.08,728.46,3,1
817.75,0.6,119.54,698.21,3,1
542.21,0.0,85.03,457.18,0,1
749.57,0.4,114.05,635.51,2,1
898.63,0.8,92.35,806.28,4,1
911.21,0.8,120.05,791.15,4,1
862.97,0.6,172.32,690.64,3,1
595.03,0.2,60.03,535.0,1,1
708.96,0.2,143.7,565.26,1,1
762.3,0.4,126.78,635.51,2,1
614.14,0.0,134.27,479.87,0,1
778.46,0.6,102.95,675.51,3,1
518.24,0.0,68.62,449.62,0,1
530.58,0.0,73.41,457.18,0,1
688.87,0.2,116.05,572.82,1,1
653.94,0.2,96.24,557.69,1,1
617.71,0.2,97.84,519.87,1,1
1054.5,1.0,155.27,899.23,5,1
1001.54,1.0,132.57,868.97,5,1
580.86,0.0,123.68,457.18,0,1
895.19,0.6,174.3,720.9,3,1
792.31,0.6,86.54,705.77,3,1
566.45,0.0,109.27,457.18,0,1
707.38,0.4,79.43,627.95,2,1
895.4,0.8,104.24,791.15,4,1
725.16,0.4,142.59,582.56,2,1
674.7,0.2,139.7,535.0,1,1
584.65,0.2,57.22,527.44,1,1
651.6,0.2,139.3,512.31,1,1
551.13,0.0,93.95,457.18,0,1
772.71,0.6,104.76,667.95,3,1
782.51,0.4,147.0,635.51,2,1
828.11,0.6,99.65,728.46,3,1
802.38,0.6,142.0,660.38,3,1
584.79,0.2,64.92,519.87,1,1
469.03,0.0,42.11,426.92,0,1
581.0,0.2,46.0,535.0,1,1
545.28,0.0,65.41,479.87,0,1
687.93,0.2,175.62,512.31,1,1
687.66,0.2,114.84,572.82,1,1
904.92,0.8,136.46,768.46,4,1
658.88,0.2,93.62,565.26,1,1
592.74,0.0,112.86,479.87,0,1
679.91,0.4,82.22,597.69,2,1
923.81,0.8,147.78,776.03,4,1
1075.17,1.2,181.32,893.85,6,1
831.28,0.6,117.95,713.33,3,1
665.63,0.4,52.81,612.82,2,1
750.51,0.6,67.43,683.08,3,1
783.72,0.4,133.08,650.64,2,1
535.25,0.0,115.89,419.36,0,1
611.24,0.2,76.24,535.0,1,1
819.22,0.4,198.84,620.38,2,1
628.34,0.2,78.22,550.13,1,1
628.35,0.0,133.35,495.0,0,1
950.5,0.8,151.78,798.72,4,1
798.91,0.6,108.27,690.64,3,1
729.35,0.4,93.84,635.51,2,1
863.99,0.6,158.22,705.77,3,1
989.14,1.0,120.16,868.97,5,1
876.61,0.6,125.46,751.15,3,1
659.48,0.2,109.35,550.13,1,1
528.05,0.0,93.57,434.49,0,1
691.27,0.4,63.32,627.95,2,1
975.2,1.0,121.35,853.85,5,1
728.6,0.4,100.65,627.95,2,1
819.88,0.6,129.24,690.64,3,1
838.98,0.6,125.65,713.33,3,1
656.77,0.4,51.51,605.26,2,1
650.91,0.4,53.22,597.69,2,1
1047.4,1.0,163.3,884.1,5,1
757.08,0.4,121.57,635.51,2,1
494.0,0.0,59.51,434.49,0,1
534.81,0.0,92.76,442.05,0,1
670.57,0.2,135.57,535.0,1,1
750.03,0.4,122.08,627.95,2,1
721.26,0.4,123.57,597.69,2,1
469.02,0.0,19.41,449.62,0,1
676.54,0.2,133.97,542.56,1,1
540.61,0.0,83.43,457.18,0,1
831.3,0.6,170.92,660.38,3,1
680.88,0.4,75.62,605.26,2,1
1005.75,1.0,121.65,884.1,5,1
735.65,0.4,100.14,635.51,2,1
507.35,0.0,57.73,449.62,0,1
990.61,1.0,151.89,838.72,5,1
532.93,0.0,60.62,472.31,0,1
867.51,0.8,83.92,783.59,4,1
612.89,0.2,70.32,542.56,1,1
509.83,0.0,60.22,449.62,0,1
731.45,0.4,126.19,605.26,2,1
863.1,0.8,132.46,730.64,4,1
1051.74,1.2,104.95,946.79,6,1
658.99,0.2,108.86,550.13,1,1
473.7,0.0,39.22,434.49,0,1
727.85,0.6,75.03,652.82,3,1
