"Total_Cost","Ratio_Reloc_Prod","Horiz_Cost","Vert_Cost","nReloc","non_Optimal"
223081.05,0.4373,32206.76,190874.27,656,300
621.72,0.2,64.03,557.69,1,1
906.22,0.6,185.32,720.9,3,1
778.68,0.4,105.35,673.33,2,1
670.01,0.2,104.76,565.26,1,1
803.27,0.4,175.32,627.95,2,1
965.45,0.8,174.3,791.15,4,1
514.79,0.0,34.92,479.87,0,1
1039.32,0.8,248.16,791.15,4,1
507.83,0.0,58.22,449.62,0,1
815.53,0.6,109.76,705.77,3,1
849.36,0.6,128.46,720.9,3,1
514.74,0.0,50.0,464.74,0,1
704.71,0.4,84.32,620.38,2,1
611.14,0.2,76.14,535.0,1,1
533.66,0.0,68.92,464.74,0,1
823.0,0.6,94.54,728.46,3,1
1012.28,1.0,150.86,861.41,5,1
738.36,0.4,117.97,620.38,2,1
624.29,0.2,81.73,542.56,1,1
717.68,0.4,89.73,627.95,2,1
869.69,0.6,171.49,698.21,3,1
910.75,0.8,127.16,783.59,4,1
675.41,0.2,95.03,580.38,1,1
522.75,0.0,73.14,449.62,0,1
686.61,0.4,81.35,605.26,2,1
888.69,0.8,97.54,791.15,4,1
1029.5,1.0,130.27,899.23,5,1
748.11,0.4,120.16,627.95,2,1
556.12,0.2,43.81,512.31,1,1
1184.5,1.4,197.7,986.79,7,1
1103.66,1.0,257.38,846.28,5,1
720.11,0.4,92.16,627.95,2,1
605.7,0.2,70.7,535.0,1,1
513.99,0.0,56.81,457.18,0,1
854.19,0.6,171.11,683.08,3,1
630.21,0.2,72.51,557.69,1,1
846.35,0.8,123.27,723.08,4,1
923.97,0.8,140.38,783.59,4,1
928.09,0.6,214.76,713.33,3,1
729.95,0.4,94.43,635.51,2,1
481.3,0.0,46.81,434.49,0,1
521.61,0.0,64.43,457.18,0,1
614.27,0.2,71.7,542.56,1,1
516.43,0.0,81.95,434.49,0,1
797.93,0.6,99.73,698.21,3,1
646.69,0.2,89.0,557.69,1,1
1002.12,0.8,195.84,806.28,4,1
463.36,0.0,44.0,419.36,0,1
873.87,0.6,152.97,720.9,3,1
846.62,0.6,171.11,675.51,3,1
855.65,0.8,79.62,776.03,4,1
627.94,0.2,77.81,550.13,1,1
807.71,0.6,139.76,667.95,3,1
818.28,0.6,104.95,713.33,3,1
794.71,0.6,126.76,667.95,3,1
959.92,0.8,183.89,776.03,4,1
784.84,0.4,156.89,627.95,2,1
936.91,1.0,113.32,823.59,5,1
766.3,0.4,130.78,635.51,2,1
644.52,0.2,117.08,527.44,1,1
578.93,0.0,99.05,479.87,0,1
819.28,0.4,206.46,612.82,2,1
797.23,0.6,99.03,698.21,3,1
538.52,0.0,66.22,472.31,0,1
945.41,0.8,131.57,813.85,4,1
730.81,0.4,87.73,643.08,2,1
537.18,0.0,72.43,464.74,0,1
1008.01,1.0,154.16,853.85,5,1
721.03,0.4,85.51,635.51,2,1
747.15,0.4,141.89,605.26,2,1
443.79,0.0,32.0,411.79,0,1
759.37,0.4,108.73,650.64,2,1
879.63,0.8,133.86,745.77,4,1
1118.77,1.4,131.97,986.79,7,1
751.05,0.6,75.54,675.51,3,1
613.4,0.2,70.84,542.56,1,1
791.64,0.6,93.43,698.21,3,1
919.66,0.8,120.95,798.72,4,1
915.19,0.8,139.16,776.03,4,1
531.77,0.0,67.03,464.74,0,1
679.73,0.4,97.16,582.56,2,1
776.98,0.4,103.65,673.33,2,1
735.22,0.4,114.84,620.38,2,1
1138.14,1.4,128.65,1009.49,7,1
847.67,0.6,111.65,736.03,3,1
850.62,0.6,107.03,743.59,3,1
620.4,0.2,77.84,542.56,1,1
455.47,0.0,36.11,419.36,0,1
563.01,0.2,50.7,512.31,1,1
1076.96,1.2,137.73,939.23,6,1
773.56,0.6,82.92,690.64,3,1
651.1,0.2,100.97,550.13,1,1
872.43,0.6,189.35,683.08,3,1
775.26,0.6,84.62,690.64,3,1
658.16,0.2,123.16,535.0,1,1
915.83,0.8,177.62,738.21,4,1
769.86,0.4,126.78,643.08,2,1
593.86,0.0,136.68,457.18,0,1
836.8,0.8,106.16,730.64,4,1
609.27,0.2,81.84,527.44,1,1
1231.1,1.6,166.49,1064.62,8,1
770.27,0.6,94.76,675.51,3,1
517.16,0.2,35.11,482.05,1,1
1001.76,0.8,172.78,828.97,4,1
709.69,0.4,96.86,612.82,2,1
861.93,0.6,148.59,713.33,3,1
543.23,0.0,70.92,472.31,0,1
514.35,0.0,64.73,449.62,0,1
845.17,0.6,124.27,720.9,3,1
454.06,0.0,34.7,419.36,0,1
541.66,0.0,76.92,464.74,0,1
634.42,0.2,129.68,504.74,1,1
554.15,0.2,49.41,504.74,1,1
958.58,1.0,104.73,853.85,5,1
699.16,0.4,71.22,627.95,2,1
638.07,0.2,87.95,550.13,1,1
730.79,0.4,102.84,627.95,2,1
1176.07,1.2,183.89,992.18,6,1
1169.72,1.2,185.11,984.62,6,1
841.59,0.8,126.08,715.51,4,1
861.52,0.6,148.19,713.33,3,1
646.92,0.4,71.92,575.0,2,1
1102.66,1.0,203.43,899.23,5,1
1063.5,1.2,124.27,939.23,6,1
746.25,0.4,125.86,620.38,2,1
806.97,0.6,131.46,675.51,3,1
911.42,0.8,120.27,791.15,4,1
1219.61,1.6,139.86,1079.74,8,1
799.39,0.6,93.62,705.77,3,1
1247.07,1.2,307.84,939.23,6,1
667.58,0.2,102.32,565.26,1,1
568.98,0.2,49.11,519.87,1,1
806.56,0.6,108.35,698.21,3,1
616.89,0.2,74.32,542.56,1,1
918.15,0.8,119.43,798.72,4,1
728.74,0.4,123.49,605.26,2,1
964.61,0.8,218.84,745.77,4,1
846.58,0.8,93.24,753.33,4,1
716.79,0.4,88.84,627.95,2,1
1116.39,1.4,137.16,979.23,7,1
631.86,0.2,81.73,550.13,1,1
831.48,0.6,148.41,683.08,3,1
1006.57,0.8,177.59,828.97,4,1
551.67,0.0,102.05,449.62,0,1
828.78,0.6,77.62,751.15,3,1
937.1,0.8,138.38,798.72,4,1
635.51,0.2,92.95,542.56,1,1
883.05,0.8,99.46,783.59,4,1
1058.65,1.0,182.11,876.54,5,1
799.88,0.4,141.68,658.21,2,1
778.64,0.4,135.57,643.08,2,1
490.16,0.0,48.11,442.05,0,1
703.85,0.4,91.03,612.82,2,1
1083.9,1.0,161.97,921.92,5,1
498.53,0.0,48.92,449.62,0,1
595.35,0.2,67.92,527.44,1,1
840.57,0.6,104.54,736.03,3,1
601.07,0.0,143.89,457.18,0,1
625.55,0.4,73.24,552.31,2,1
652.59,0.4,70.03,582.56,2,1
663.64,0.2,105.95,557.69,1,1
729.97,0.4,94.46,635.51,2,1
872.35,0.6,128.76,743.59,3,1
709.91,0.2,159.78,550.13,1,1
551.94,0.0,94.76,457.18,0,1
626.9,0.2,99.46,527.44,1,1
807.56,0.6,109.35,698.21,3,1
633.65,0.2,98.65,535.0,1,1
785.43,0.6,102.35,683.08,3,1
932.7,0.8,103.73,828.97,4,1
711.55,0.4,91.16,620.38,2,1
665.78,0.2,130.78,535.0,1,1
857.78,0.6,167.14,690.64,3,1
650.05,0.2,115.05,535.0,1,1
917.28,0.8,103.43,813.85,4,1
751.19,0.4,115.68,635.51,2,1
610.19,0.2,67.62,542.56,1,1
709.29,0.4,119.16,590.13,2,1
495.27,0.0,53.22,442.05,0,1
498.59,0.0,56.54,442.05,0,1
800.08,0.4,157.0,643.08,2,1
668.58,0.2,95.76,572.82,1,1
511.84,0.0,77.35,434.49,0,1
530.86,0.0,81.24,449.62,0,1
810.98,0.6,97.65,713.33,3,1
677.14,0.2,149.7,527.44,1,1
549.04,0.0,76.73,472.31,0,1
704.78,0.4,61.7,643.08,2,1
672.7,0.2,122.57,550.13,1,1
971.27,0.8,195.24,776.03,4,1
865.95,0.6,137.49,728.46,3,1
678.58,0.2,105.76,572.82,1,1
543.82,0.0,71.51,472.31,0,1
842.65,0.6,121.76,720.9,3,1
608.52,0.2,88.65,519.87,1,1
769.97,0.4,126.89,643.08,2,1
509.57,0.0,82.65,426.92,0,1
830.81,0.6,102.35,728.46,3,1
661.2,0.2,95.95,565.26,1,1
754.51,0.4,111.43,643.08,2,1
528.26,0.0,63.51,464.74,0,1
568.33,0.0,96.03,472.31,0,1
748.79,0.4,135.97,612.82,2,1
704.47,0.4,91.65,612.82,2,1
593.02,0.0,143.41,449.62,0,1
745.54,0.4,110.03,635.51,2,1
549.31,0.0,77.0,472.31,0,1
923.47,0.8,124.76,798.72,4,1
795.28,0.6,81.95,713.33,3,1
830.7,0.6,102.24,728.46,3,1
858.7,0.6,175.62,683.08,3,1
664.31,0.2,99.05,565.26,1,1
644.62,0.2,102.05,542.56,1,1
771.21,0.4,120.57,650.64,2,1
763.03,0.4,135.08,627.95,2,1
685.55,0.4,72.73,612.82,2,1
522.21,0.0,65.03,457.18,0,1
709.46,0.4,81.51,627.95,2,1
753.57,0.4,118.05,635.51,2,1
679.82,0.2,99.43,580.38,1,1
545.55,0.2,40.81,504.74,1,1
914.98,0.8,101.14,813.85,4,1
895.01,0.6,189.24,705.77,3,1
773.39,0.4,100.05,673.33,2,1
605.51,0.2,70.51,535.0,1,1
605.75,0.2,55.62,550.13,1,1
545.18,0.0,80.43,464.74,0,1
579.22,0.0,99.35,479.87,0,1
935.01,0.8,121.16,813.85,4,1
900.01,0.8,93.73,806.28,4,1
640.12,0.2,82.43,557.69,1,1
475.41,0.0,40.92,434.49,0,1
881.41,0.6,213.46,667.95,3,1
449.36,0.0,30.0,419.36,0,1
779.62,0.4,144.11,635.51,2,1
706.1,0.2,148.41,557.69,1,1
699.3,0.4,78.92,620.38,2,1
714.79,0.4,86.84,627.95,2,1
427.93,0.0,23.7,404.23,0,1
514.43,0.0,64.81,449.62,0,1
593.32,0.2,58.32,535.0,1,1
543.87,0.0,64.0,479.87,0,1
548.26,0.0,98.65,449.62,0,1
556.58,0.0,137.22,419.36,0,1
730.07,0.2,164.81,565.26,1,1
606.53,0.2,56.41,550.13,1,1
842.19,0.8,73.73,768.46,4,1
608.37,0.2,65.81,542.56,1,1
963.87,0.8,142.46,821.41,4,1
782.36,0.6,121.97,660.38,3,1
978.64,0.8,126.97,851.67,4,1
777.22,0.4,141.7,635.51,2,1
712.76,0.4,77.24,635.51,2,1
955.79,0.8,134.38,821.41,4,1
573.85,0.2,61.54,512.31,1,1
802.9,0.6,97.14,705.77,3,1
978.45,1.0,147.3,831.15,5,1
714.7,0.4,71.62,643.08,2,1
591.72,0.0,126.97,464.74,0,1
778.82,0.4,113.05,665.77,2,1
798.58,0.6,85.24,713.33,3,1
661.5,0.2,96.24,565.26,1,1
841.66,0.6,135.89,705.77,3,1
796.37,0.4,138.16,658.21,2,1
929.4,1.0,98.24,831.15,5,1
707.47,0.6,62.22,645.26,3,1
515.08,0.0,73.03,442.05,0,1
732.85,0.6,80.03,652.82,3,1
809.23,0.6,103.46,705.77,3,1
877.88,0.8,86.73,791.15,4,1
954.95,0.8,133.54,821.41,4,1
743.81,0.4,115.86,627.95,2,1
681.56,0.4,91.43,590.13,2,1
656.56,0.4,66.43,590.13,2,1
888.02,0.8,104.43,783.59,4,1
690.85,0.4,78.03,612.82,2,1
473.58,0.0,54.22,419.36,0,1
631.51,0.2,88.95,542.56,1,1
845.57,0.6,177.62,667.95,3,1
591.06,0.2,78.76,512.31,1,1
872.77,0.8,119.43,753.33,4,1
496.85,0.0,32.11,464.74,0,1
693.28,0.4,88.03,605.26,2,1
639.73,0.2,97.16,542.56,1,1
914.08,0.6,185.62,728.46,3,1
727.42,0.4,69.22,658.21,2,1
562.49,0.0,82.62,479.87,0,1
984.17,1.0,122.76,861.41,5,1
502.62,0.0,68.14,434.49,0,1
859.7,0.8,91.24,768.46,4,1
539.33,0.0,67.03,472.31,0,1
850.35,0.8,74.32,776.03,4,1
762.7,0.6,79.62,683.08,3,1
633.76,0.2,98.76,535.0,1,1
708.82,0.4,103.57,605.26,2,1
861.35,0.8,85.32,776.03,4,1
713.08,0.4,85.14,627.95,2,1
681.07,0.2,123.38,557.69,1,1
702.82,0.4,82.43,620.38,2,1
561.51,0.0,111.89,449.62,0,1
