"Total_Cost","Ratio_Reloc_Prod","Horiz_Cost","Vert_Cost","nReloc","non_Optimal"
260445.99,0.788,48009.78,212436.12,1182,0
637.79,0.4,77.92,559.87,2,0
765.64,0.4,175.51,590.13,2,0
769.67,0.6,131.97,637.69,3,0
444.32,0.0,55.22,389.1,0,0
471.71,0.0,59.92,411.79,0,0
906.52,1.0,173.7,732.82,5,0
716.47,0.4,156.59,559.87,2,0
1068.43,1.2,212.41,856.03,6,0
753.02,0.6,115.32,637.69,3,0
931.01,0.8,245.76,685.26,4,0
810.53,0.6,180.41,630.13,3,0
511.42,0.0,99.62,411.79,0,0
725.39,0.4,173.08,552.31,2,0
603.13,0.2,105.95,497.18,1,0
737.32,0.4,147.19,590.13,2,0
823.67,0.6,193.54,630.13,3,0
655.15,0.4,102.84,552.31,2,0
480.75,0.0,91.65,389.1,0,0
715.63,0.6,62.81,652.82,3,0
643.84,0.2,123.97,519.87,1,0
922.32,1.0,159.24,763.08,5,0
999.96,1.0,274.7,725.26,5,0
808.02,0.6,177.89,630.13,3,0
856.44,0.8,148.49,707.95,4,0
542.15,0.2,90.35,451.79,1,0
684.72,0.4,139.97,544.74,2,0
560.94,0.2,71.32,489.62,1,0
720.08,0.6,112.65,607.44,3,0
727.56,0.6,97.43,630.13,3,0
694.46,0.6,87.03,607.44,3,0
1026.35,1.0,263.27,763.08,5,0
1234.87,1.4,285.89,948.97,7,0
588.5,0.2,83.76,504.74,1,0
928.24,0.8,212.73,715.51,4,0
770.34,0.6,132.65,637.69,3,0
795.35,0.8,87.41,707.95,4,0
502.39,0.0,83.03,419.36,0,0
723.46,0.4,148.46,575.0,2,0
1183.02,1.2,304.3,878.72,6,0
1443.89,2.2,213.89,1230.0,11,0
498.61,0.0,101.95,396.67,0,0
1151.32,1.4,247.73,903.59,7,0
519.71,0.0,107.92,411.79,0,0
1075.68,1.2,227.22,848.46,6,0
987.6,1.0,186.7,800.9,5,0
749.46,0.6,81.51,667.95,3,0
780.58,0.6,127.76,652.82,3,0
910.98,1.0,117.65,793.33,5,0
945.08,1.0,189.57,755.51,5,0
880.4,0.8,164.89,715.51,4,0
994.0,1.0,230.92,763.08,5,0
626.37,0.4,81.62,544.74,2,0
642.87,0.4,75.43,567.44,2,0
1075.45,1.4,111.35,964.1,7,0
776.82,0.6,131.57,645.26,3,0
702.78,0.4,120.22,582.56,2,0
907.8,1.0,137.16,770.64,5,0
776.66,0.6,123.84,652.82,3,0
921.06,0.8,228.24,692.82,4,0
1027.28,1.0,233.95,793.33,5,0
881.82,0.8,189.0,692.82,4,0
753.35,0.6,130.78,622.56,3,0
852.42,0.8,106.65,745.77,4,0
478.35,0.0,89.24,389.1,0,0
744.09,0.6,98.84,645.26,3,0
964.95,1.0,156.49,808.46,5,0
745.11,0.6,84.73,660.38,3,0
750.61,0.6,120.49,630.13,3,0
594.76,0.2,120.27,474.49,1,0
779.93,0.6,134.68,645.26,3,0
526.07,0.0,114.27,411.79,0,0
491.53,0.0,94.86,396.67,0,0
902.17,1.0,108.84,793.33,5,0
789.21,0.6,159.08,630.13,3,0
691.16,0.4,116.16,575.0,2,0
1508.82,2.0,341.51,1167.31,10,0
935.21,1.0,164.57,770.64,5,0
795.8,0.6,158.11,637.69,3,0
945.14,0.8,191.81,753.33,4,0
978.31,1.0,200.11,778.21,5,0
1219.28,1.6,237.86,981.41,8,0
600.64,0.2,103.46,497.18,1,0
1118.29,1.4,154.19,964.1,7,0
1012.04,1.0,218.7,793.33,5,0
1017.22,1.0,276.84,740.38,5,0
1059.05,1.2,187.89,871.15,6,0
921.39,0.8,183.19,738.21,4,0
677.72,0.4,132.97,544.74,2,0
1008.25,1.2,167.35,840.9,6,0
524.93,0.0,105.57,419.36,0,0
1197.1,1.6,177.86,1019.23,8,0
943.38,0.8,227.86,715.51,4,0
1121.06,1.4,179.65,941.41,7,0
1118.42,1.4,199.7,918.72,7,0
870.25,0.6,217.43,652.82,3,0
752.28,0.6,107.03,645.26,3,0
736.14,0.4,176.27,559.87,2,0
691.03,0.4,131.16,559.87,2,0
719.59,0.4,144.59,575.0,2,0
746.64,0.4,209.46,537.18,2,0
1037.14,1.0,236.24,800.9,5,0
926.12,1.0,147.92,778.21,5,0
1041.26,1.2,154.97,886.28,6,0
882.06,0.8,174.11,707.95,4,0
760.66,0.6,107.84,652.82,3,0
804.6,0.8,104.22,700.38,4,0
662.72,0.4,117.97,544.74,2,0
525.38,0.0,98.46,426.92,0,0
757.72,0.6,112.46,645.26,3,0
901.0,1.0,92.54,808.46,5,0
870.71,0.8,117.38,753.33,4,0
838.36,0.8,137.97,700.38,4,0
1312.43,1.6,262.95,1049.49,8,0
806.8,0.8,136.68,670.13,4,0
1735.24,2.6,349.59,1385.64,13,0
1191.54,1.6,142.05,1049.49,8,0
1189.89,1.4,240.92,948.97,7,0
544.68,0.2,85.32,459.36,1,0
842.81,0.8,119.73,723.08,4,0
633.37,0.4,88.62,544.74,2,0
602.57,0.2,128.08,474.49,1,0
482.77,0.0,78.54,404.23,0,0
924.05,0.8,193.41,730.64,4,0
925.43,0.8,209.92,715.51,4,0
963.15,1.0,177.38,785.77,5,0
621.67,0.2,139.62,482.05,1,0
1364.24,1.8,274.76,1089.49,9,0
1243.2,1.6,216.41,1026.79,8,0
848.6,0.6,188.22,660.38,3,0
826.33,0.6,173.51,652.82,3,0
949.91,0.8,264.65,685.26,4,0
1002.84,1.0,247.32,755.51,5,0
1119.87,1.4,178.46,941.41,7,0
586.03,0.2,111.54,474.49,1,0
1139.76,1.2,283.73,856.03,6,0
832.17,0.8,78.84,753.33,4,0
809.4,0.6,171.7,637.69,3,0
1200.09,1.6,158.16,1041.92,8,0
820.24,0.6,190.11,630.13,3,0
1039.75,1.2,176.16,863.59,6,0
929.38,1.0,113.35,816.03,5,0
940.54,0.8,217.46,723.08,4,0
633.53,0.4,96.35,537.18,2,0
717.81,0.6,102.81,615.0,3,0
755.8,0.6,110.54,645.26,3,0
885.06,0.8,124.16,760.9,4,0
719.23,0.4,166.92,552.31,2,0
1373.97,1.8,269.35,1104.62,9,0
1105.77,1.2,227.05,878.72,6,0
458.4,0.0,61.73,396.67,0,0
741.17,0.6,88.35,652.82,3,0
698.05,0.4,176.0,522.05,2,0
929.4,0.8,206.32,723.08,4,0
1223.28,1.6,196.49,1026.79,8,0
814.56,0.6,192.0,622.56,3,0
733.01,0.4,180.7,552.31,2,0
763.88,0.6,171.57,592.31,3,0
1052.69,1.0,274.49,778.21,5,0
1327.58,1.8,215.41,1112.18,9,0
1012.77,1.0,219.43,793.33,5,0
1022.75,1.0,244.54,778.21,5,0
1165.32,1.4,201.22,964.1,7,0
1312.3,1.8,230.38,1081.92,9,0
964.3,1.0,208.78,755.51,5,0
596.85,0.2,84.54,512.31,1,0
574.35,0.2,99.86,474.49,1,0
680.11,0.2,205.62,474.49,1,0
1368.4,1.8,271.35,1097.05,9,0
1040.74,1.2,146.89,893.85,6,0
1305.07,1.8,192.89,1112.18,9,0
464.24,0.0,75.14,389.1,0,0
525.41,0.0,106.05,419.36,0,0
786.14,0.4,211.14,575.0,2,0
1039.41,1.0,238.51,800.9,5,0
722.72,0.4,193.11,529.62,2,0
641.66,0.2,182.3,459.36,1,0
771.1,0.6,140.97,630.13,3,0
762.12,0.4,202.24,559.87,2,0
1412.04,1.8,352.81,1059.23,9,0
1295.73,1.6,314.32,981.41,8,0
951.47,0.8,266.22,685.26,4,0
872.43,0.8,149.35,723.08,4,0
632.21,0.4,95.03,537.18,2,0
1139.88,1.6,120.65,1019.23,8,0
1003.83,1.0,240.76,763.08,5,0
1173.33,1.4,224.35,948.97,7,0
1051.29,1.2,187.7,863.59,6,0
904.36,1.0,111.03,793.33,5,0
739.84,0.6,64.32,675.51,3,0
1010.46,1.0,262.51,747.95,5,0
995.12,1.0,201.78,793.33,5,0
713.03,0.6,98.03,615.0,3,0
774.28,0.6,121.46,652.82,3,0
1050.25,1.2,148.84,901.41,6,0
959.14,1.0,150.68,808.46,5,0
742.02,0.6,119.46,622.56,3,0
716.33,0.4,148.89,567.44,2,0
827.39,0.6,227.51,599.87,3,0
760.92,0.6,138.35,622.56,3,0
769.2,0.6,123.95,645.26,3,0
757.66,0.6,104.84,652.82,3,0
1224.87,1.6,182.95,1041.92,8,0
788.43,0.6,165.86,622.56,3,0
742.08,0.6,134.65,607.44,3,0
806.33,0.8,105.95,700.38,4,0
1159.43,1.4,202.89,956.54,7,0
481.66,0.0,77.43,404.23,0,0
928.81,0.8,220.86,707.95,4,0
598.4,0.2,116.35,482.05,1,0
1239.69,1.6,212.89,1026.79,8,0
559.9,0.2,100.54,459.36,1,0
998.08,1.0,235.0,763.08,5,0
672.1,0.4,89.54,582.56,2,0
1323.86,1.8,226.81,1097.05,9,0
546.84,0.2,72.35,474.49,1,0
801.52,0.6,148.7,652.82,3,0
783.65,0.6,123.27,660.38,3,0
909.44,0.8,156.11,753.33,4,0
506.85,0.0,95.05,411.79,0,0
662.76,0.4,95.32,567.44,2,0
1434.24,2.0,229.11,1205.13,10,0
895.35,0.8,187.41,707.95,4,0
872.88,0.8,134.68,738.21,4,0
1446.45,1.8,402.35,1044.1,9,0
907.12,0.8,229.43,677.69,4,0
736.5,0.6,91.24,645.26,3,0
917.42,0.8,186.78,730.64,4,0
1062.78,1.2,191.62,871.15,6,0
1390.33,1.8,315.97,1074.36,9,0
1028.11,1.2,172.08,856.03,6,0
473.42,0.0,61.62,411.79,0,0
1127.84,1.4,178.86,948.97,7,0
804.62,0.8,81.54,723.08,4,0
1159.59,1.4,256.0,903.59,7,0
523.25,0.0,111.46,411.79,0,0
895.09,0.8,194.7,700.38,4,0
471.95,0.0,45.03,426.92,0,0
730.49,0.6,70.11,660.38,3,0
1140.47,1.4,153.68,986.79,7,0
761.31,0.6,169.0,592.31,3,0
1061.7,1.2,145.16,916.54,6,0
1015.93,1.2,129.65,886.28,6,0
656.42,0.4,119.24,537.18,2,0
779.53,0.6,134.27,645.26,3,0
1149.59,1.2,233.05,916.54,6,0
632.27,0.2,157.78,474.49,1,0
1029.85,1.2,143.57,886.28,6,0
674.71,0.4,107.27,567.44,2,0
477.2,0.0,65.41,411.79,0,0
839.81,0.8,131.86,707.95,4,0
841.14,0.8,140.76,700.38,4,0
696.48,0.4,159.3,537.18,2,0
956.36,1.0,155.46,800.9,5,0
860.95,0.8,160.57,700.38,4,0
466.45,0.0,62.22,404.23,0,0
838.86,0.8,123.35,715.51,4,0
1284.74,1.6,250.38,1034.36,8,0
1046.4,1.2,190.38,856.03,6,0
835.36,0.8,134.97,700.38,4,0
958.04,0.8,280.35,677.69,4,0
1040.72,1.2,169.57,871.15,6,0
633.53,0.4,96.35,537.18,2,0
959.05,0.8,183.03,776.03,4,0
483.79,0.0,72.0,411.79,0,0
835.19,0.6,212.62,622.56,3,0
1184.75,1.6,173.08,1011.67,8,0
773.3,0.6,105.35,667.95,3,0
768.79,0.6,100.84,667.95,3,0
1139.04,1.4,205.19,933.85,7,0
579.24,0.2,89.62,489.62,1,0
736.09,0.6,90.84,645.26,3,0
1088.83,1.4,124.73,964.1,7,0
910.82,0.8,210.43,700.38,4,0
1202.44,1.4,276.16,926.28,7,0
476.49,0.0,42.0,434.49,0,0
734.87,0.6,66.92,667.95,3,0
1058.33,1.2,164.49,893.85,6,0
947.14,1.0,138.68,808.46,5,0
859.22,0.8,151.27,707.95,4,0
754.85,0.6,117.16,637.69,3,0
496.53,0.0,107.43,389.1,0,0
730.68,0.6,62.73,667.95,3,0
1065.7,1.2,202.11,863.59,6,0
717.41,0.6,117.54,599.87,3,0
981.22,1.2,132.76,848.46,6,0
1002.79,1.0,254.84,747.95,5,0
947.66,1.0,169.46,778.21,5,0
1313.66,1.8,178.78,1134.87,9,0
1003.7,1.0,187.68,816.03,5,0
1422.87,1.8,333.38,1089.49,9,0
511.88,0.0,107.65,404.23,0,0
1080.06,1.2,186.22,893.85,6,0
846.65,0.8,184.08,662.56,4,0
734.38,0.6,126.95,607.44,3,0
580.72,0.2,83.54,497.18,1,0
589.14,0.2,129.78,459.36,1,0
1386.09,1.8,266.35,1119.74,9,0
799.53,0.6,169.41,630.13,3,0
963.28,1.0,162.38,800.9,5,0
1113.73,1.2,212.32,901.41,6,0
