"Total_Cost","Ratio_Reloc_Prod","Horiz_Cost","Vert_Cost","nReloc","non_Optimal"
222646.13,0.4413,31305.01,191341.2,662,150
1290.25,0.2,167.3,1122.95,2,1
1941.16,1.0,188.08,1753.08,10,1
1142.88,0.1,135.57,1007.31,1,1
2007.59,0.8,395.03,1612.56,8,1
1336.67,0.3,166.16,1170.51,3,1
2031.27,0.8,418.7,1612.56,8,1
1416.01,0.4,175.24,1240.77,4,1
1850.83,0.9,243.65,1607.18,9,1
1391.15,0.4,165.51,1225.64,4,1
1219.62,0.2,142.05,1077.56,2,1
2134.09,1.1,250.24,1883.85,11,1
1219.83,0.1,182.27,1037.56,1,1
1547.98,0.5,244.51,1303.46,5,1
1875.3,0.9,245.43,1629.87,9,1
1326.73,0.3,163.78,1162.95,3,1
1267.78,0.2,190.22,1077.56,2,1
1322.19,0.3,204.62,1117.56,3,1
1467.41,0.4,219.08,1248.33,4,1
1497.19,0.4,233.73,1263.46,4,1
1057.3,0.1,140.76,916.54,1,1
1424.73,0.3,246.65,1178.08,3,1
1079.03,0.0,164.68,914.36,0,1
1428.64,0.4,203.0,1225.64,4,1
1263.27,0.3,153.27,1110.0,3,1
1827.69,0.7,285.38,1542.31,7,1
1771.01,0.8,196.27,1574.74,8,1
1925.01,0.9,242.19,1682.82,9,1
1495.27,0.5,191.81,1303.46,5,1
1430.39,0.4,197.19,1233.21,4,1
1288.94,0.3,171.38,1117.56,3,1
1509.42,0.6,128.14,1381.28,6,1
1925.7,0.9,280.7,1645.0,9,1
1280.38,0.3,117.43,1162.95,3,1
1246.76,0.2,176.76,1070.0,2,1
1636.03,0.6,186.68,1449.36,6,1
966.86,0.0,90.32,876.54,0,1
1311.87,0.3,164.05,1147.82,3,1
1604.37,0.5,217.7,1386.67,5,1
1480.11,0.5,169.08,1311.03,5,1
1508.39,0.6,195.19,1313.21,6,1
1484.92,0.5,189.03,1295.9,5,1
1649.8,0.5,263.14,1386.67,5,1
1370.29,0.3,177.08,1193.21,3,1
1592.74,0.6,219.03,1373.72,6,1
1387.06,0.3,239.24,1147.82,3,1
1717.91,0.6,291.24,1426.67,6,1
1477.45,0.4,198.86,1278.59,4,1
1511.16,0.4,240.14,1271.03,4,1
1117.13,0.1,124.95,992.18,1,1
1167.87,0.2,158.38,1009.49,2,1
1154.96,0.1,147.65,1007.31,1,1
1397.48,0.4,171.84,1225.64,4,1
1604.86,0.5,286.27,1318.59,5,1
1483.08,0.6,132.05,1351.03,6,1
1948.93,0.8,313.68,1635.26,8,1
1657.65,0.7,221.24,1436.41,7,1
1590.66,0.4,289.38,1301.28,4,1
1350.25,0.2,242.43,1107.82,2,1
1396.14,0.4,140.24,1255.9,4,1
1507.81,0.4,236.78,1271.03,4,1
999.61,0.0,107.95,891.67,0,1
1138.91,0.1,146.73,992.18,1,1
1504.66,0.4,271.46,1233.21,4,1
1491.4,0.4,212.81,1278.59,4,1
1728.33,0.6,339.49,1388.85,6,1
1246.58,0.3,106.32,1140.26,3,1
1213.56,0.2,136.0,1077.56,2,1
1843.55,0.7,301.24,1542.31,7,1
1464.57,0.4,201.11,1263.46,4,1
2026.47,0.9,336.08,1690.38,9,1
1581.76,0.5,217.78,1363.97,5,1
1445.45,0.4,219.81,1225.64,4,1
1419.4,0.3,241.32,1178.08,3,1
1486.58,0.3,278.24,1208.33,3,1
1280.12,0.3,147.43,1132.69,3,1
1335.96,0.2,235.7,1100.26,2,1
1646.79,0.6,189.86,1456.92,6,1
1267.28,0.1,259.97,1007.31,1,1
1140.21,0.2,123.16,1017.05,2,1
1327.79,0.3,179.97,1147.82,3,1
1593.55,0.6,212.27,1381.28,6,1
1447.44,0.4,199.11,1248.33,4,1
1419.19,0.3,241.11,1178.08,3,1
1924.0,0.9,279.0,1645.0,9,1
1177.52,0.2,122.65,1054.87,2,1
1374.18,0.3,188.54,1185.64,3,1
1539.11,0.5,235.65,1303.46,5,1
1423.29,0.4,190.08,1233.21,4,1
1454.48,0.4,228.84,1225.64,4,1
1307.1,0.3,181.97,1125.13,3,1
1070.62,0.1,101.14,969.49,1,1
1192.22,0.2,137.35,1054.87,2,1
1732.05,0.6,260.0,1472.05,6,1
1016.15,0.0,116.92,899.23,0,1
1909.1,0.8,349.49,1559.62,8,1
1304.18,0.2,203.92,1100.26,2,1
1297.34,0.2,204.65,1092.69,2,1
1253.43,0.3,143.43,1110.0,3,1
1572.35,0.6,221.32,1351.03,6,1
1698.78,0.6,219.16,1479.62,6,1
1660.86,0.6,249.32,1411.54,6,1
2083.05,1.1,282.41,1800.64,11,1
1234.44,0.2,126.62,1107.82,2,1
1575.75,0.4,297.16,1278.59,4,1
1590.66,0.5,256.95,1333.72,5,1
1174.82,0.2,127.51,1047.31,2,1
1721.28,0.6,271.92,1449.36,6,1
1167.23,0.1,167.49,999.74,1,1
1278.45,0.2,178.19,1100.26,2,1
1511.51,0.5,185.35,1326.15,5,1
1980.19,0.9,335.19,1645.0,9,1
1831.69,0.6,329.38,1502.31,6,1
1815.27,0.8,210.27,1605.0,8,1
1423.19,0.4,152.16,1271.03,4,1
1387.32,0.4,161.68,1225.64,4,1
1697.2,0.7,222.97,1474.23,7,1
1245.25,0.2,190.38,1054.87,2,1
1552.58,0.5,218.86,1333.72,5,1
1460.53,0.5,194.89,1265.64,5,1
1617.58,0.7,196.3,1421.28,7,1
1130.32,0.1,153.27,977.05,1,1
1836.12,0.7,301.38,1534.74,7,1
1135.86,0.1,151.24,984.62,1,1
1550.13,0.5,239.11,1311.03,5,1
1683.91,0.7,224.81,1459.1,7,1
1662.57,0.6,251.03,1411.54,6,1
1194.55,0.2,147.24,1047.31,2,1
1519.76,0.5,216.3,1303.46,5,1
2261.84,1.1,423.38,1838.46,11,1
1322.6,0.3,227.73,1094.87,3,1
1236.7,0.3,119.14,1117.56,3,1
1533.37,0.3,347.73,1185.64,3,1
1547.68,0.5,191.27,1356.41,5,1
1583.56,0.6,217.41,1366.15,6,1
1524.15,0.5,182.86,1341.28,5,1
1840.49,0.8,235.49,1605.0,8,1
1149.93,0.2,102.62,1047.31,2,1
1858.33,0.9,236.03,1622.31,9,1
1628.2,0.7,138.84,1489.36,7,1
1259.96,0.3,112.14,1147.82,3,1
1421.22,0.4,165.32,1255.9,4,1
1187.47,0.2,140.16,1047.31,2,1
1887.44,0.7,337.57,1549.87,7,1
1644.91,0.6,225.81,1419.1,6,1
1345.79,0.3,190.41,1155.38,3,1
1260.22,0.3,157.78,1102.44,3,1
1271.93,0.2,171.68,1100.26,2,1
1470.27,0.5,227.32,1242.95,5,1
1406.75,0.3,274.05,1132.69,3,1
1670.94,0.7,219.41,1451.54,7,1
