"Total_Cost","Ratio_Reloc_Prod","Horiz_Cost","Vert_Cost","nReloc","non_Optimal"
224820.86,0.4513,32857.06,191963.84,677,150
1296.25,0.2,173.3,1122.95,2,1
1961.13,1.0,200.49,1760.64,10,1
1149.39,0.1,142.08,1007.31,1,1
2017.7,0.8,405.14,1612.56,8,1
1349.3,0.3,178.78,1170.51,3,1
1948.47,0.8,366.16,1582.31,8,1
1446.09,0.4,190.19,1255.9,4,1
1864.69,0.9,249.95,1614.74,9,1
1461.41,0.5,165.51,1295.9,5,1
1239.68,0.2,169.68,1070.0,2,1
2104.21,1.1,243.05,1861.15,11,1
1193.76,0.1,178.89,1014.87,1,1
1571.1,0.5,252.51,1318.59,5,1
1903.6,0.9,266.16,1637.44,9,1
1385.05,0.3,214.54,1170.51,3,1
1408.6,0.3,245.65,1162.95,3,1
1350.21,0.3,232.65,1117.56,3,1
1488.29,0.4,262.65,1225.64,4,1
1467.66,0.4,219.32,1248.33,4,1
1073.56,0.1,149.46,924.1,1,1
1492.99,0.3,299.78,1193.21,3,1
1088.44,0.0,174.08,914.36,0,1
1335.55,0.3,195.3,1140.26,3,1
1216.42,0.2,176.68,1039.74,2,1
1846.87,0.8,249.43,1597.44,8,1
1927.61,0.9,259.92,1667.69,9,1
2095.83,1.0,335.19,1760.64,10,1
1448.15,0.4,214.95,1233.21,4,1
1433.74,0.4,192.97,1240.77,4,1
1311.26,0.3,178.57,1132.69,3,1
1461.7,0.6,118.24,1343.46,6,1
1941.7,0.9,289.14,1652.56,9,1
1375.23,0.3,174.46,1200.77,3,1
1225.14,0.2,170.27,1054.87,2,1
1657.0,0.6,200.08,1456.92,6,1
1102.65,0.2,100.73,1001.92,2,1
1397.35,0.5,146.84,1250.51,5,1
1640.27,0.6,228.73,1411.54,6,1
1495.69,0.5,169.54,1326.15,5,1
1503.62,0.5,200.16,1303.46,5,1
1644.67,0.6,278.51,1366.15,6,1
1619.17,0.4,302.76,1316.41,4,1
1372.05,0.4,153.97,1218.08,4,1
1482.33,0.4,226.43,1255.9,4,1
1434.23,0.4,253.97,1180.26,4,1
1805.22,0.6,340.73,1464.49,6,1
1281.14,0.2,165.76,1115.38,2,1
1708.39,0.7,226.59,1481.79,7,1
1204.71,0.2,142.27,1062.44,2,1
1088.12,0.0,181.32,906.79,0,1
1047.23,0.0,155.57,891.67,0,1
1478.01,0.4,222.11,1255.9,4,1
1669.64,0.6,250.54,1419.1,6,1
1366.13,0.4,148.05,1218.08,4,1
2032.87,1.0,302.49,1730.38,10,1
1171.18,0.1,186.57,984.62,1,1
1476.77,0.3,276.0,1200.77,3,1
1626.89,0.5,323.43,1303.46,5,1
1666.87,0.7,169.95,1496.92,7,1
1357.74,0.2,249.92,1107.82,2,1
1103.03,0.1,148.68,954.36,1,1
1233.2,0.3,138.32,1094.87,3,1
1277.57,0.3,167.57,1110.0,3,1
1528.31,0.5,194.59,1333.72,5,1
2044.61,0.8,409.35,1635.26,8,1
1297.03,0.3,141.65,1155.38,3,1
1110.58,0.1,118.41,992.18,1,1
1836.15,0.7,308.97,1527.18,7,1
1346.47,0.3,206.22,1140.26,3,1
1655.51,0.5,283.97,1371.54,5,1
1509.68,0.5,206.22,1303.46,5,1
1366.87,0.3,203.92,1162.95,3,1
1294.56,0.2,217.0,1077.56,2,1
1570.11,0.4,299.08,1271.03,4,1
1270.15,0.2,177.46,1092.69,2,1
1444.24,0.3,266.16,1178.08,3,1
2001.74,1.0,286.49,1715.26,10,1
1193.27,0.0,263.78,929.49,0,1
1260.55,0.3,112.73,1147.82,3,1
1425.37,0.4,192.16,1233.21,4,1
1585.98,0.6,189.57,1396.41,6,1
1451.85,0.4,203.51,1248.33,4,1
1749.21,0.7,282.54,1466.67,7,1
2112.93,1.0,390.11,1722.82,10,1
1208.14,0.2,138.14,1070.0,2,1
1424.74,0.4,183.97,1240.77,4,1
1584.18,0.6,218.03,1366.15,6,1
1423.75,0.3,238.11,1185.64,3,1
1779.38,0.7,282.46,1496.92,7,1
1758.25,0.8,228.89,1529.36,8,1
1223.42,0.2,176.11,1047.31,2,1
1535.24,0.5,224.22,1311.03,5,1
2006.47,1.0,276.08,1730.38,10,1
960.86,0.0,84.32,876.54,0,1
1470.27,0.3,360.27,1110.0,3,1
1484.48,0.3,291.27,1193.21,3,1
1279.65,0.2,217.22,1062.44,2,1
1181.28,0.3,101.54,1079.74,3,1
1611.5,0.5,277.78,1333.72,5,1
1659.16,0.6,194.68,1464.49,6,1
1358.93,0.2,258.68,1100.26,2,1
2034.82,0.9,352.0,1682.82,9,1
1516.93,0.4,208.08,1308.85,4,1
1925.09,0.8,350.35,1574.74,8,1
1604.77,0.5,255.92,1348.85,5,1
1222.76,0.2,152.76,1070.0,2,1
1881.91,0.9,274.73,1607.18,9,1
1128.84,0.1,151.78,977.05,1,1
1460.82,0.4,204.92,1255.9,4,1
1517.77,0.5,184.05,1333.72,5,1
1955.46,0.8,358.03,1597.44,8,1
1725.49,0.6,276.14,1449.36,6,1
1722.09,0.6,219.78,1502.31,6,1
1318.17,0.3,162.78,1155.38,3,1
1466.36,0.5,185.59,1280.77,5,1
1493.56,0.4,214.97,1278.59,4,1
1339.82,0.3,192.0,1147.82,3,1
1432.75,0.4,207.11,1225.64,4,1
1414.78,0.4,196.7,1218.08,4,1
1817.8,0.8,250.62,1567.18,8,1
1227.02,0.2,149.46,1077.56,2,1
1365.29,0.2,272.59,1092.69,2,1
1154.09,0.1,154.35,999.74,1,1
1359.3,0.3,203.92,1155.38,3,1
1461.3,0.5,150.27,1311.03,5,1
1603.63,0.6,214.78,1388.85,6,1
1492.05,0.4,221.03,1271.03,4,1
1537.77,0.5,249.43,1288.33,5,1
1987.36,0.8,397.49,1589.87,8,1
1627.65,0.8,151.24,1476.41,8,1
1270.07,0.3,144.95,1125.13,3,1
1581.9,0.4,341.14,1240.77,4,1
1662.32,0.6,243.22,1419.1,6,1
1594.71,0.7,165.86,1428.85,7,1
1251.02,0.2,173.46,1077.56,2,1
1702.36,0.7,213.0,1489.36,7,1
1041.28,0.1,86.92,954.36,1,1
1509.25,0.5,220.92,1288.33,5,1
1284.27,0.2,153.76,1130.51,2,1
1229.07,0.2,143.95,1085.13,2,1
1351.65,0.4,156.27,1195.38,4,1
1241.02,0.2,163.46,1077.56,2,1
1884.09,0.9,307.16,1576.92,9,1
1606.21,0.6,240.05,1366.15,6,1
1502.18,0.5,168.46,1333.72,5,1
1406.01,0.4,165.24,1240.77,4,1
1432.4,0.5,181.89,1250.51,5,1
1314.54,0.3,212.11,1102.44,3,1
1520.13,0.4,294.49,1225.64,4,1
1811.54,0.9,219.49,1592.05,9,1
