"Total_Cost","Ratio_Reloc_Prod","Horiz_Cost","Vert_Cost","nReloc","non_Optimal"
225450.81,0.4587,33077.3,192373.62,688,300
727.84,0.4,92.32,635.51,2,1
839.39,0.6,126.05,713.33,3,1
850.93,0.4,192.73,658.21,2,1
862.31,0.6,96.03,766.28,3,1
640.36,0.2,67.54,572.82,1,1
519.71,0.0,47.41,472.31,0,1
876.91,0.6,125.76,751.15,3,1
785.88,0.6,80.11,705.77,3,1
506.69,0.0,49.51,457.18,0,1
675.48,0.2,125.35,550.13,1,1
767.1,0.4,116.46,650.64,2,1
862.68,0.6,141.78,720.9,3,1
638.94,0.2,81.24,557.69,1,1
813.19,0.4,170.11,643.08,2,1
724.49,0.2,144.11,580.38,1,1
854.49,0.6,118.46,736.03,3,1
734.29,0.4,83.65,650.64,2,1
620.47,0.2,55.22,565.26,1,1
540.09,0.0,75.35,464.74,0,1
769.63,0.4,156.81,612.82,2,1
698.54,0.4,63.03,635.51,2,1
762.42,0.6,64.22,698.21,3,1
741.87,0.4,129.05,612.82,2,1
624.84,0.2,89.84,535.0,1,1
706.79,0.4,78.84,627.95,2,1
874.89,0.8,106.43,768.46,4,1
621.47,0.2,56.22,565.26,1,1
957.82,1.0,96.41,861.41,5,1
767.35,0.4,124.27,643.08,2,1
772.86,0.6,97.35,675.51,3,1
736.95,0.4,101.43,635.51,2,1
966.87,0.8,137.89,828.97,4,1
596.99,0.0,139.81,457.18,0,1
1083.33,1.0,221.92,861.41,5,1
690.72,0.2,125.46,565.26,1,1
818.23,0.6,112.46,705.77,3,1
675.97,0.2,140.97,535.0,1,1
864.52,0.8,96.05,768.46,4,1
1041.2,1.0,126.84,914.36,5,1
816.25,0.6,102.92,713.33,3,1
651.27,0.2,116.27,535.0,1,1
627.31,0.2,69.62,557.69,1,1
857.83,0.6,114.24,743.59,3,1
643.88,0.2,131.57,512.31,1,1
831.54,0.4,196.03,635.51,2,1
690.45,0.2,125.19,565.26,1,1
907.15,0.8,108.43,798.72,4,1
591.37,0.2,48.81,542.56,1,1
860.17,0.6,139.27,720.9,3,1
815.5,0.4,157.3,658.21,2,1
968.0,0.8,199.54,768.46,4,1
811.21,0.6,120.57,690.64,3,1
767.75,0.4,124.68,643.08,2,1
818.34,0.4,167.7,650.64,2,1
688.42,0.4,90.73,597.69,2,1
863.44,0.6,150.11,713.33,3,1
918.2,0.8,111.92,806.28,4,1
731.86,0.4,96.35,635.51,2,1
638.37,0.4,55.81,582.56,2,1
655.39,0.2,90.14,565.26,1,1
864.32,0.6,128.3,736.03,3,1
891.64,0.6,193.43,698.21,3,1
937.47,0.6,224.14,713.33,3,1
656.12,0.2,98.43,557.69,1,1
724.48,0.4,81.41,643.08,2,1
456.06,0.0,36.7,419.36,0,1
622.76,0.2,87.76,535.0,1,1
528.48,0.0,86.43,442.05,0,1
840.31,0.6,134.54,705.77,3,1
479.98,0.0,60.62,419.36,0,1
579.71,0.0,99.84,479.87,0,1
619.7,0.2,77.14,542.56,1,1
690.41,0.4,70.03,620.38,2,1
622.03,0.2,87.03,535.0,1,1
841.93,0.8,96.16,745.77,4,1
836.2,0.6,122.86,713.33,3,1
910.43,0.6,174.41,736.03,3,1
671.72,0.2,106.46,565.26,1,1
662.64,0.2,104.95,557.69,1,1
619.93,0.2,100.05,519.87,1,1
520.19,0.0,78.14,442.05,0,1
1167.21,1.2,250.68,916.54,6,1
957.42,1.0,126.27,831.15,5,1
813.26,0.8,82.62,730.64,4,1
545.31,0.2,33.0,512.31,1,1
836.71,0.8,75.81,760.9,4,1
776.05,0.6,85.41,690.64,3,1
913.42,0.8,122.27,791.15,4,1
602.43,0.2,67.43,535.0,1,1
495.81,0.0,61.32,434.49,0,1
508.92,0.0,74.43,434.49,0,1
465.39,0.0,46.03,419.36,0,1
923.32,0.8,132.16,791.15,4,1
677.2,0.4,56.81,620.38,2,1
1038.14,1.0,176.73,861.41,5,1
709.99,0.4,119.86,590.13,2,1
617.79,0.2,90.35,527.44,1,1
538.81,0.0,96.76,442.05,0,1
1040.54,1.0,164.0,876.54,5,1
899.13,0.8,115.54,783.59,4,1
459.33,0.0,32.41,426.92,0,1
1181.17,1.4,133.86,1047.31,7,1
567.76,0.0,80.32,487.44,0,1
592.65,0.2,65.22,527.44,1,1
592.04,0.0,127.3,464.74,0,1
899.55,0.6,186.22,713.33,3,1
698.91,0.4,93.65,605.26,2,1
991.15,0.8,192.43,798.72,4,1
821.6,0.6,108.27,713.33,3,1
466.6,0.0,32.11,434.49,0,1
722.98,0.4,95.03,627.95,2,1
490.0,0.0,55.51,434.49,0,1
551.78,0.0,102.16,449.62,0,1
596.63,0.0,116.76,479.87,0,1
1007.84,1.0,138.86,868.97,5,1
599.95,0.2,72.51,527.44,1,1
670.39,0.2,105.14,565.26,1,1
823.3,0.6,147.78,675.51,3,1
489.86,0.0,47.81,442.05,0,1
556.44,0.0,84.14,472.31,0,1
775.66,0.4,117.46,658.21,2,1
636.56,0.2,86.43,550.13,1,1
990.85,0.8,177.0,813.85,4,1
572.25,0.2,44.81,527.44,1,1
527.05,0.0,77.43,449.62,0,1
513.03,0.0,78.54,434.49,0,1
607.09,0.4,47.22,559.87,2,1
788.75,0.4,145.68,643.08,2,1
936.81,0.6,193.22,743.59,3,1
895.56,0.6,151.97,743.59,3,1
800.75,0.6,102.54,698.21,3,1
1111.84,1.2,142.35,969.49,6,1
995.5,0.8,189.22,806.28,4,1
737.89,0.4,109.95,627.95,2,1
616.19,0.2,73.62,542.56,1,1
522.69,0.0,65.51,457.18,0,1
784.59,0.6,93.95,690.64,3,1
767.61,0.4,101.84,665.77,2,1
812.35,0.6,129.27,683.08,3,1
539.51,0.0,97.46,442.05,0,1
735.16,0.6,67.22,667.95,3,1
1034.18,1.0,150.08,884.1,5,1
978.53,0.8,179.81,798.72,4,1
812.38,0.4,184.43,627.95,2,1
544.69,0.0,79.95,464.74,0,1
610.85,0.2,98.54,512.31,1,1
459.47,0.0,40.11,419.36,0,1
688.88,0.4,98.76,590.13,2,1
459.36,0.0,40.0,419.36,0,1
983.14,0.8,222.24,760.9,4,1
683.86,0.4,93.73,590.13,2,1
489.0,0.0,54.51,434.49,0,1
740.75,0.2,190.62,550.13,1,1
451.9,0.0,40.11,411.79,0,1
904.63,0.8,151.3,753.33,4,1
944.29,0.8,145.57,798.72,4,1
469.36,0.0,50.0,419.36,0,1
1056.07,1.0,217.35,838.72,5,1
672.72,0.2,107.46,565.26,1,1
1242.35,1.4,217.73,1024.62,7,1
750.04,0.4,91.84,658.21,2,1
756.61,0.4,90.84,665.77,2,1
655.31,0.4,57.62,597.69,2,1
528.1,0.0,70.92,457.18,0,1
569.47,0.0,97.16,472.31,0,1
840.26,0.6,134.49,705.77,3,1
485.6,0.0,51.11,434.49,0,1
980.04,1.0,133.76,846.28,5,1
909.51,0.8,118.35,791.15,4,1
582.39,0.2,62.51,519.87,1,1
971.69,0.8,165.41,806.28,4,1
889.23,0.6,138.08,751.15,3,1
772.28,0.4,151.89,620.38,2,1
487.05,0.0,45.0,442.05,0,1
680.34,0.4,82.65,597.69,2,1
874.58,0.8,121.24,753.33,4,1
638.28,0.2,73.03,565.26,1,1
699.43,0.4,63.92,635.51,2,1
826.77,0.6,113.43,713.33,3,1
1037.37,1.0,153.27,884.1,5,1
511.72,0.0,62.11,449.62,0,1
760.86,0.4,125.35,635.51,2,1
705.91,0.4,115.78,590.13,2,1
507.78,0.0,65.73,442.05,0,1
892.67,0.8,116.65,776.03,4,1
490.67,0.0,48.62,442.05,0,1
717.79,0.4,89.84,627.95,2,1
635.37,0.2,85.24,550.13,1,1
656.89,0.4,74.32,582.56,2,1
595.57,0.4,35.7,559.87,2,1
778.37,0.6,87.73,690.64,3,1
644.97,0.2,94.84,550.13,1,1
466.76,0.0,47.41,419.36,0,1
557.72,0.0,100.54,457.18,0,1
914.21,0.8,176.0,738.21,4,1
483.03,0.0,56.11,426.92,0,1
930.35,1.0,106.76,823.59,5,1
940.74,0.8,134.46,806.28,4,1
846.01,0.8,100.24,745.77,4,1
486.86,0.0,44.81,442.05,0,1
1016.71,1.2,122.86,893.85,6,1
923.44,0.8,170.11,753.33,4,1
691.59,0.4,101.46,590.13,2,1
812.01,0.6,106.24,705.77,3,1
1027.15,1.0,188.43,838.72,5,1
896.84,0.8,135.95,760.9,4,1
755.64,0.4,97.43,658.21,2,1
706.52,0.4,86.14,620.38,2,1
729.99,0.4,132.3,597.69,2,1
686.23,0.2,120.97,565.26,1,1
1211.87,1.4,209.95,1001.92,7,1
631.62,0.2,89.05,542.56,1,1
1158.39,1.2,204.03,954.36,6,1
850.95,0.6,183.0,667.95,3,1
699.31,0.4,94.05,605.26,2,1
602.91,0.0,153.3,449.62,0,1
714.58,0.4,101.76,612.82,2,1
924.81,0.8,148.78,776.03,4,1
571.91,0.2,74.73,497.18,1,1
1050.23,1.4,139.08,911.15,7,1
478.14,0.0,51.22,426.92,0,1
570.06,0.0,97.76,472.31,0,1
1048.3,1.2,131.76,916.54,6,1
707.16,0.2,164.59,542.56,1,1
803.26,0.4,205.57,597.69,2,1
812.38,0.6,152.0,660.38,3,1
646.06,0.2,126.19,519.87,1,1
625.84,0.2,90.84,535.0,1,1
648.47,0.4,43.22,605.26,2,1
797.45,0.6,99.24,698.21,3,1
639.0,0.2,96.43,542.56,1,1
538.58,0.2,41.41,497.18,1,1
517.19,0.0,75.14,442.05,0,1
780.24,0.6,104.73,675.51,3,1
1132.43,1.4,122.95,1009.49,7,1
1035.0,1.0,173.59,861.41,5,1
981.84,1.0,165.81,816.03,5,1
886.07,0.6,195.43,690.64,3,1
851.72,0.8,105.95,745.77,4,1
832.64,0.8,94.43,738.21,4,1
533.88,0.0,69.14,464.74,0,1
957.34,1.0,111.05,846.28,5,1
839.74,0.8,86.41,753.33,4,1
525.24,0.0,90.76,434.49,0,1
808.87,0.6,148.49,660.38,3,1
987.31,1.0,133.46,853.85,5,1
700.44,0.4,87.62,612.82,2,1
665.64,0.2,107.95,557.69,1,1
732.19,0.4,104.24,627.95,2,1
1149.54,1.2,187.62,961.92,6,1
591.49,0.2,71.62,519.87,1,1
629.42,0.2,71.73,557.69,1,1
709.47,0.4,96.65,612.82,2,1
787.48,0.6,96.84,690.64,3,1
726.35,0.4,90.84,635.51,2,1
687.8,0.4,82.54,605.26,2,1
771.24,0.4,128.16,643.08,2,1
805.68,0.6,145.3,660.38,3,1
883.16,0.8,107.14,776.03,4,1
874.71,0.6,161.38,713.33,3,1
733.15,0.4,127.89,605.26,2,1
684.16,0.4,109.16,575.0,2,1
920.56,0.8,121.84,798.72,4,1
883.43,0.8,99.84,783.59,4,1
536.48,0.2,54.43,482.05,1,1
719.89,0.4,91.95,627.95,2,1
725.43,0.4,89.92,635.51,2,1
948.03,0.8,187.14,760.9,4,1
833.29,0.8,102.65,730.64,4,1
891.01,0.6,170.11,720.9,3,1
992.2,1.0,153.49,838.72,5,1
819.44,0.6,106.11,713.33,3,1
806.04,0.4,140.27,665.77,2,1
793.06,0.4,165.11,627.95,2,1
675.66,0.4,62.84,612.82,2,1
537.57,0.0,110.65,426.92,0,1
796.24,0.4,145.59,650.64,2,1
1011.66,1.0,165.38,846.28,5,1
732.81,0.4,104.86,627.95,2,1
702.3,0.4,81.92,620.38,2,1
1036.61,1.0,190.32,846.28,5,1
938.88,1.0,107.73,831.15,5,1
874.95,0.8,114.05,760.9,4,1
926.56,1.0,87.84,838.72,5,1
503.62,0.0,54.0,449.62,0,1
887.21,0.6,151.19,736.03,3,1
525.74,0.0,61.0,464.74,0,1
524.18,0.0,67.0,457.18,0,1
789.82,0.4,124.05,665.77,2,1
511.17,0.0,84.24,426.92,0,1
730.55,0.4,110.16,620.38,2,1
756.45,0.4,151.19,605.26,2,1
772.17,0.6,66.41,705.77,3,1
675.82,0.4,63.0,612.82,2,1
694.36,0.4,81.54,612.82,2,1
873.83,0.8,90.24,783.59,4,1
904.72,0.8,121.14,783.59,4,1
886.14,0.8,125.24,760.9,4,1
776.07,0.6,85.43,690.64,3,1
753.84,0.4,118.32,635.51,2,1
