"Total_Cost","Ratio_Reloc_Prod","Horiz_Cost","Vert_Cost","nReloc","non_Optimal"
224671.89,0.452,32940.33,191731.44,678,300
727.84,0.4,92.32,635.51,2,1
839.39,0.6,126.05,713.33,3,1
850.93,0.4,192.73,658.21,2,1
862.31,0.6,96.03,766.28,3,1
640.36,0.2,67.54,572.82,1,1
519.71,0.0,47.41,472.31,0,1
876.91,0.6,125.76,751.15,3,1
787.88,0.6,82.11,705.77,3,1
506.69,0.0,49.51,457.18,0,1
675.48,0.2,125.35,550.13,1,1
767.1,0.4,116.46,650.64,2,1
862.68,0.6,141.78,720.9,3,1
638.94,0.2,81.24,557.69,1,1
813.19,0.4,170.11,643.08,2,1
724.49,0.2,144.11,580.38,1,1
854.49,0.6,118.46,736.03,3,1
734.29,0.4,83.65,650.64,2,1
620.47,0.2,55.22,565.26,1,1
538.09,0.0,73.35,464.74,0,1
769.63,0.4,156.81,612.82,2,1
698.54,0.4,63.03,635.51,2,1
762.42,0.6,64.22,698.21,3,1
741.87,0.4,129.05,612.82,2,1
624.84,0.2,89.84,535.0,1,1
706.79,0.4,78.84,627.95,2,1
874.89,0.8,106.43,768.46,4,1
621.47,0.2,56.22,565.26,1,1
957.82,1.0,96.41,861.41,5,1
767.35,0.4,124.27,643.08,2,1
772.86,0.6,97.35,675.51,3,1
736.95,0.4,101.43,635.51,2,1
966.87,0.8,137.89,828.97,4,1
596.99,0.0,139.81,457.18,0,1
1083.33,1.0,221.92,861.41,5,1
690.72,0.2,125.46,565.26,1,1
818.23,0.6,112.46,705.77,3,1
673.78,0.2,138.78,535.0,1,1
860.52,0.8,92.05,768.46,4,1
1041.2,1.0,126.84,914.36,5,1
816.25,0.6,102.92,713.33,3,1
651.27,0.2,116.27,535.0,1,1
627.31,0.2,69.62,557.69,1,1
857.83,0.6,114.24,743.59,3,1
643.88,0.2,131.57,512.31,1,1
831.54,0.4,196.03,635.51,2,1
691.34,0.2,126.08,565.26,1,1
907.15,0.8,108.43,798.72,4,1
591.37,0.2,48.81,542.56,1,1
860.17,0.6,139.27,720.9,3,1
814.21,0.4,156.0,658.21,2,1
968.0,0.8,199.54,768.46,4,1
811.21,0.6,120.57,690.64,3,1
780.32,0.4,129.68,650.64,2,1
818.34,0.4,167.7,650.64,2,1
688.42,0.4,90.73,597.69,2,1
863.44,0.6,150.11,713.33,3,1
918.2,0.8,111.92,806.28,4,1
731.86,0.4,96.35,635.51,2,1
638.37,0.4,55.81,582.56,2,1
655.39,0.2,90.14,565.26,1,1
864.32,0.6,128.3,736.03,3,1
891.64,0.6,193.43,698.21,3,1
921.04,0.6,222.84,698.21,3,1
624.89,0.2,82.32,542.56,1,1
710.32,0.4,74.81,635.51,2,1
456.06,0.0,36.7,419.36,0,1
622.76,0.2,87.76,535.0,1,1
547.45,0.0,97.84,449.62,0,1
844.53,0.6,138.76,705.77,3,1
480.28,0.0,60.92,419.36,0,1
579.71,0.0,99.84,479.87,0,1
623.4,0.2,80.84,542.56,1,1
681.74,0.4,68.92,612.82,2,1
609.46,0.2,82.03,527.44,1,1
853.5,0.8,100.16,753.33,4,1
832.2,0.6,118.86,713.33,3,1
955.15,0.8,164.0,791.15,4,1
671.72,0.2,106.46,565.26,1,1
662.64,0.2,104.95,557.69,1,1
615.93,0.2,96.05,519.87,1,1
480.6,0.0,61.24,419.36,0,1
1160.11,1.2,243.57,916.54,6,1
968.99,1.0,130.27,838.72,5,1
813.26,0.8,82.62,730.64,4,1
468.75,0.0,26.7,442.05,0,1
836.71,0.8,75.81,760.9,4,1
776.05,0.6,85.41,690.64,3,1
913.42,0.8,122.27,791.15,4,1
601.32,0.2,66.32,535.0,1,1
495.11,0.0,60.62,434.49,0,1
508.92,0.0,74.43,434.49,0,1
480.73,0.0,53.81,426.92,0,1
923.32,0.8,132.16,791.15,4,1
677.2,0.4,56.81,620.38,2,1
1043.55,1.0,182.14,861.41,5,1
709.99,0.4,119.86,590.13,2,1
679.32,0.4,96.76,582.56,2,1
538.81,0.0,96.76,442.05,0,1
1044.24,1.0,167.7,876.54,5,1
899.13,0.8,115.54,783.59,4,1
459.33,0.0,32.41,426.92,0,1
1181.17,1.4,133.86,1047.31,7,1
556.2,0.0,76.32,479.87,0,1
608.22,0.2,73.22,535.0,1,1
592.04,0.0,127.3,464.74,0,1
900.85,0.6,187.51,713.33,3,1
700.96,0.4,103.27,597.69,2,1
901.33,0.6,180.43,720.9,3,1
755.05,0.4,111.97,643.08,2,1
445.47,0.0,26.11,419.36,0,1
720.16,0.4,92.22,627.95,2,1
477.03,0.0,50.11,426.92,0,1
497.62,0.0,63.14,434.49,0,1
605.49,0.0,118.05,487.44,0,1
1007.84,1.0,138.86,868.97,5,1
599.95,0.2,72.51,527.44,1,1
661.83,0.2,104.14,557.69,1,1
823.0,0.6,147.49,675.51,3,1
489.86,0.0,47.81,442.05,0,1
566.96,0.0,94.65,472.31,0,1
736.78,0.4,86.14,650.64,2,1
621.29,0.2,78.73,542.56,1,1
902.48,0.6,158.89,743.59,3,1
580.41,0.2,45.41,535.0,1,1
536.05,0.0,86.43,449.62,0,1
510.33,0.0,75.84,434.49,0,1
607.09,0.4,47.22,559.87,2,1
788.75,0.4,145.68,643.08,2,1
857.14,0.4,183.81,673.33,2,1
893.0,0.6,156.97,736.03,3,1
745.32,0.4,102.24,643.08,2,1
1109.33,1.2,139.84,969.49,6,1
1008.14,1.0,139.16,868.97,5,1
757.08,0.4,121.57,635.51,2,1
620.89,0.2,78.32,542.56,1,1
494.05,0.0,52.0,442.05,0,1
783.92,0.6,115.97,667.95,3,1
778.87,0.4,105.54,673.33,2,1
627.82,0.2,107.95,519.87,1,1
496.27,0.0,54.22,442.05,0,1
760.6,0.6,92.65,667.95,3,1
967.65,0.8,138.68,828.97,4,1
971.12,0.8,172.41,798.72,4,1
812.38,0.4,184.43,627.95,2,1
543.02,0.0,85.84,457.18,0,1
679.4,0.4,96.84,582.56,2,1
462.33,0.0,35.41,426.92,0,1
564.12,0.0,84.24,479.87,0,1
460.76,0.0,41.41,419.36,0,1
1125.0,1.2,216.03,908.97,6,1
763.11,0.6,102.73,660.38,3,1
471.6,0.0,37.11,434.49,0,1
758.02,0.2,215.46,542.56,1,1
495.75,0.0,53.7,442.05,0,1
696.32,0.2,146.19,550.13,1,1
831.36,0.6,118.03,713.33,3,1
496.0,0.0,61.51,434.49,0,1
976.27,0.8,200.24,776.03,4,1
661.45,0.2,103.76,557.69,1,1
1088.83,1.0,204.73,884.1,5,1
738.78,0.4,88.14,650.64,2,1
764.72,0.4,98.95,665.77,2,1
714.44,0.6,61.62,652.82,3,1
557.93,0.0,85.62,472.31,0,1
765.51,0.4,114.86,650.64,2,1
738.71,0.4,110.76,627.95,2,1
525.18,0.0,68.0,457.18,0,1
1011.12,1.0,172.41,838.72,5,1
922.34,0.8,116.05,806.28,4,1
637.32,0.4,62.32,575.0,2,1
870.4,0.6,134.38,736.03,3,1
912.96,0.8,114.24,798.72,4,1
823.38,0.4,195.43,627.95,2,1
490.97,0.0,48.92,442.05,0,1
785.33,0.6,117.38,667.95,3,1
890.7,0.8,122.24,768.46,4,1
611.16,0.2,61.03,550.13,1,1
700.73,0.4,65.22,635.51,2,1
856.06,0.8,102.73,753.33,4,1
969.68,0.8,148.27,821.41,4,1
501.05,0.0,59.0,442.05,0,1
749.7,0.4,106.62,643.08,2,1
574.09,0.2,54.22,519.87,1,1
544.47,0.0,79.73,464.74,0,1
750.43,0.4,107.35,643.08,2,1
772.25,0.6,111.86,660.38,3,1
776.0,0.6,108.05,667.95,3,1
709.63,0.4,89.24,620.38,2,1
678.99,0.4,73.73,605.26,2,1
597.28,0.4,37.41,559.87,2,1
799.61,0.6,93.84,705.77,3,1
640.86,0.2,90.73,550.13,1,1
474.98,0.0,55.62,419.36,0,1
688.35,0.4,113.35,575.0,2,1
802.65,0.6,127.14,675.51,3,1
494.0,0.0,59.51,434.49,0,1
948.75,1.0,125.16,823.59,5,1
870.35,0.6,126.76,743.59,3,1
858.58,0.8,105.24,753.33,4,1
484.16,0.0,42.11,442.05,0,1
937.62,1.0,129.16,808.46,5,1
875.72,0.6,177.51,698.21,3,1
635.55,0.2,115.68,519.87,1,1
641.32,0.2,98.76,542.56,1,1
854.02,0.8,123.38,730.64,4,1
915.92,0.8,147.46,768.46,4,1
808.31,0.6,102.54,705.77,3,1
551.29,0.2,54.11,497.18,1,1
758.47,0.4,153.22,605.26,2,1
684.53,0.2,119.27,565.26,1,1
1271.29,1.6,214.24,1057.05,8,1
861.5,0.8,108.16,753.33,4,1
934.07,0.6,182.92,751.15,3,1
872.51,0.6,197.0,675.51,3,1
691.91,0.4,86.65,605.26,2,1
614.34,0.0,149.59,464.74,0,1
552.39,0.0,87.65,464.74,0,1
814.95,0.6,147.0,667.95,3,1
466.63,0.0,39.7,426.92,0,1
905.38,0.8,129.35,776.03,4,1
651.94,0.2,94.24,557.69,1,1
492.05,0.0,50.0,442.05,0,1
1045.84,1.2,136.86,908.97,6,1
826.05,0.4,175.41,650.64,2,1
912.0,0.6,236.49,675.51,3,1
815.2,0.6,154.81,660.38,3,1
684.22,0.4,116.78,567.44,2,1
635.65,0.2,100.65,535.0,1,1
654.07,0.4,48.81,605.26,2,1
641.16,0.2,91.03,550.13,1,1
578.09,0.2,58.22,519.87,1,1
538.58,0.2,41.41,497.18,1,1
533.72,0.0,76.54,457.18,0,1
778.51,0.6,95.43,683.08,3,1
894.54,0.8,110.95,783.59,4,1
1000.17,1.0,153.89,846.28,5,1
1051.44,1.2,157.59,893.85,6,1
831.97,0.6,148.89,683.08,3,1
867.89,0.8,99.43,768.46,4,1
773.62,0.6,90.54,683.08,3,1
557.82,0.2,45.51,512.31,1,1
893.21,0.8,102.05,791.15,4,1
691.09,0.4,70.7,620.38,2,1
543.4,0.0,101.35,442.05,0,1
824.49,0.6,148.97,675.51,3,1
992.9,0.8,186.62,806.28,4,1
1017.42,1.0,178.7,838.72,5,1
766.75,0.4,123.68,643.08,2,1
706.61,0.4,101.35,605.26,2,1
1222.45,1.4,182.7,1039.74,7,1
510.4,0.0,53.22,457.18,0,1
530.96,0.0,66.22,464.74,0,1
848.23,0.8,102.46,745.77,4,1
730.95,0.4,110.57,620.38,2,1
705.87,0.4,77.92,627.95,2,1
619.61,0.2,61.92,557.69,1,1
817.21,0.6,126.57,690.64,3,1
799.16,0.6,123.65,675.51,3,1
845.36,0.6,124.46,720.9,3,1
878.28,0.6,157.38,720.9,3,1
740.55,0.4,135.3,605.26,2,1
803.16,0.6,127.65,675.51,3,1
986.17,1.0,132.32,853.85,5,1
895.69,0.8,104.54,791.15,4,1
569.12,0.2,56.81,512.31,1,1
516.86,0.0,74.81,442.05,0,1
747.54,0.6,72.03,675.51,3,1
955.98,0.8,202.65,753.33,4,1
786.48,0.6,95.84,690.64,3,1
893.55,0.6,180.22,713.33,3,1
848.01,0.6,134.68,713.33,3,1
728.32,0.4,92.81,635.51,2,1
675.15,0.2,117.46,557.69,1,1
902.38,0.8,141.49,760.9,4,1
731.13,0.6,55.62,675.51,3,1
884.72,0.6,186.51,698.21,3,1
869.73,0.6,141.27,728.46,3,1
996.69,1.0,157.97,838.72,5,1
816.98,0.6,103.65,713.33,3,1
661.91,0.4,64.22,597.69,2,1
1097.4,1.0,205.73,891.67,5,1
871.06,0.8,117.73,753.33,4,1
873.95,0.8,113.05,760.9,4,1
793.4,0.6,102.76,690.64,3,1
492.0,0.0,57.51,434.49,0,1
811.85,0.4,146.08,665.77,2,1
651.74,0.2,78.92,572.82,1,1
514.35,0.0,64.73,449.62,0,1
787.82,0.4,122.05,665.77,2,1
686.24,0.4,103.68,582.56,2,1
727.14,0.4,106.76,620.38,2,1
1110.12,1.2,170.89,939.23,6,1
739.45,0.6,48.81,690.64,3,1
485.54,0.0,58.62,426.92,0,1
572.77,0.2,68.03,504.74,1,1
890.89,0.8,114.86,776.03,4,1
889.81,0.8,121.35,768.46,4,1
751.81,0.4,108.73,643.08,2,1
846.77,0.8,93.43,753.33,4,1
1274.55,1.4,234.81,1039.74,7,1
