"Total_Cost","Ratio_Reloc_Prod","Horiz_Cost","Vert_Cost","nReloc","non_Optimal"
268761.06,0.446,75952.34,192808.86,669,213
769.53,0.4,103.76,665.77,2,0
698.0,0.4,54.92,643.08,2,0
1026.09,0.8,204.68,821.41,4,1
1014.98,0.6,294.08,720.9,3,1
792.44,0.2,219.62,572.82,1,0
992.69,0.6,241.54,751.15,3,0
806.67,0.4,163.59,643.08,2,1
523.28,0.0,58.54,464.74,0,1
822.26,0.6,116.49,705.77,3,1
1165.67,0.6,490.16,675.51,3,1
534.14,0.0,46.7,487.44,0,1
502.88,0.0,45.7,457.18,0,0
2070.23,1.0,1276.89,793.33,5,1
802.05,0.6,118.97,683.08,3,1
492.72,0.0,43.11,449.62,0,0
553.94,0.0,96.76,457.18,0,0
486.6,0.0,52.11,434.49,0,0
650.51,0.2,107.95,542.56,1,0
693.33,0.4,80.51,612.82,2,1
808.83,0.6,125.76,683.08,3,1
755.1,0.4,112.03,643.08,2,1
659.92,0.2,132.49,527.44,1,1
1161.28,0.8,468.46,692.82,4,1
930.31,0.4,256.97,673.33,2,1
974.96,0.8,183.81,791.15,4,1
1219.99,0.8,481.78,738.21,4,1
646.69,0.2,81.43,565.26,1,1
730.1,0.4,87.03,643.08,2,1
768.47,0.4,163.22,605.26,2,1
1220.18,1.2,235.57,984.62,6,1
628.43,0.2,93.43,535.0,1,1
1009.18,1.0,117.51,891.67,5,1
696.33,0.2,176.46,519.87,1,1
1123.28,1.0,208.92,914.36,5,1
752.63,0.2,232.76,519.87,1,0
1149.87,0.4,590.0,559.87,2,1
524.71,0.0,52.41,472.31,0,0
1736.0,1.2,774.08,961.92,6,1
549.25,0.0,76.95,472.31,0,0
1251.58,0.4,714.41,537.18,2,1
828.84,0.4,200.89,627.95,2,1
1297.53,0.8,491.24,806.28,4,0
1259.96,0.8,400.73,859.23,4,1
746.93,0.4,141.68,605.26,2,1
636.92,0.2,94.35,542.56,1,0
659.87,0.2,132.43,527.44,1,1
829.61,0.2,271.92,557.69,1,1
1230.97,0.8,500.32,730.64,4,1
1530.65,0.8,762.19,768.46,4,1
1175.18,1.0,223.0,952.18,5,0
1093.72,0.8,310.14,783.59,4,1
795.01,0.4,182.19,612.82,2,1
555.56,0.0,105.95,449.62,0,1
1221.29,1.0,329.62,891.67,5,1
1330.28,0.8,524.0,806.28,4,1
1114.13,0.8,330.54,783.59,4,1
528.43,0.0,93.95,434.49,0,0
644.02,0.2,86.32,557.69,1,1
519.88,0.0,62.7,457.18,0,1
1745.9,1.4,812.05,933.85,7,1
1118.77,0.6,344.92,773.85,3,1
915.27,0.4,279.76,635.51,2,1
1230.46,1.2,329.05,901.41,6,1
972.89,0.6,244.43,728.46,3,0
794.61,0.2,229.35,565.26,1,1
934.54,0.4,291.46,643.08,2,0
704.12,0.2,138.86,565.26,1,1
1035.09,0.4,369.32,665.77,2,0
900.53,0.4,310.41,590.13,2,1
602.67,0.0,145.49,457.18,0,1
724.22,0.4,103.84,620.38,2,1
744.72,0.4,139.46,605.26,2,1
473.36,0.0,54.0,419.36,0,1
500.6,0.2,26.11,474.49,1,1
504.11,0.0,69.62,434.49,0,1
1477.98,0.6,825.16,652.82,3,1
876.77,0.2,364.46,512.31,1,1
1304.25,1.0,503.35,800.9,5,1
762.38,0.2,182.0,580.38,1,0
894.79,0.6,166.32,728.46,3,1
728.53,0.4,130.84,597.69,2,1
788.94,0.4,145.86,643.08,2,1
774.64,0.4,116.43,658.21,2,1
1245.51,0.8,401.41,844.1,4,1
546.07,0.0,96.46,449.62,0,0
836.08,0.4,193.0,643.08,2,1
701.22,0.2,181.35,519.87,1,0
976.41,0.6,255.51,720.9,3,1
1213.28,1.0,351.86,861.41,5,1
626.66,0.0,161.92,464.74,0,1
777.92,0.4,149.97,627.95,2,1
974.71,0.6,306.76,667.95,3,1
619.87,0.2,92.43,527.44,1,1
1164.75,0.8,381.16,783.59,4,1
995.27,0.6,259.24,736.03,3,1
810.61,0.4,205.35,605.26,2,1
1036.57,0.6,300.54,736.03,3,1
980.61,0.6,221.89,758.72,3,1
776.82,0.4,111.05,665.77,2,1
809.65,0.4,181.7,627.95,2,0
672.65,0.2,130.08,542.56,1,1
515.03,0.0,80.54,434.49,0,1
741.4,0.4,151.27,590.13,2,1
1332.06,0.8,510.65,821.41,4,1
1405.6,1.0,551.76,853.85,5,1
1003.64,0.6,244.92,758.72,3,0
971.4,0.2,428.84,542.56,1,1
1640.88,1.0,855.11,785.77,5,1
902.98,0.6,129.14,773.85,3,0
541.44,0.0,69.14,472.31,0,0
798.88,0.6,93.11,705.77,3,1
531.99,0.0,67.24,464.74,0,0
535.88,0.0,78.7,457.18,0,0
943.74,0.6,230.41,713.33,3,0
928.84,0.6,200.38,728.46,3,1
926.31,0.4,268.11,658.21,2,0
698.65,0.2,156.08,542.56,1,1
1130.36,0.8,308.95,821.41,4,1
559.28,0.0,94.54,464.74,0,1
1119.53,0.4,521.84,597.69,2,1
583.31,0.0,118.57,464.74,0,0
667.76,0.2,132.76,535.0,1,1
1131.47,1.0,277.62,853.85,5,1
929.52,0.6,201.05,728.46,3,1
515.28,0.0,95.92,419.36,0,0
696.07,0.2,138.38,557.69,1,1
1619.5,1.0,833.73,785.77,5,1
731.32,0.2,181.19,550.13,1,0
722.64,0.2,172.51,550.13,1,1
1010.23,0.6,312.03,698.21,3,1
716.07,0.2,150.81,565.26,1,1
646.94,0.2,89.24,557.69,1,1
700.93,0.2,135.68,565.26,1,1
1401.36,1.0,615.59,785.77,5,1
1312.88,0.6,614.68,698.21,3,1
810.91,0.4,160.27,650.64,2,1
587.01,0.0,122.27,464.74,0,0
927.81,0.4,299.86,627.95,2,1
710.84,0.2,130.46,580.38,1,1
818.82,0.6,113.05,705.77,3,1
894.36,0.6,188.59,705.77,3,1
687.39,0.2,122.14,565.26,1,1
769.79,0.2,257.49,512.31,1,1
1905.22,1.2,1064.32,840.9,6,1
732.84,0.2,205.41,527.44,1,0
1027.18,0.4,421.92,605.26,2,1
939.73,0.4,304.22,635.51,2,1
643.62,0.2,108.62,535.0,1,1
826.66,0.2,306.78,519.87,1,0
509.89,0.2,35.41,474.49,1,1
821.35,0.4,178.27,643.08,2,1
686.88,0.2,189.7,497.18,1,0
1056.04,0.6,297.32,758.72,3,0
794.53,0.4,128.76,665.77,2,1
636.28,0.2,71.03,565.26,1,0
921.71,0.4,301.32,620.38,2,1
1098.0,1.0,281.97,816.03,5,1
1064.57,0.8,296.11,768.46,4,1
640.98,0.2,128.68,512.31,1,0
754.67,0.4,119.16,635.51,2,1
727.67,0.2,169.97,557.69,1,0
761.24,0.4,118.16,643.08,2,1
554.21,0.0,97.03,457.18,0,0
503.62,0.0,54.0,449.62,0,0
619.0,0.2,84.0,535.0,1,1
739.26,0.4,141.57,597.69,2,1
619.11,0.2,84.11,535.0,1,1
495.18,0.0,38.0,457.18,0,0
820.2,0.4,199.81,620.38,2,0
567.02,0.0,109.84,457.18,0,0
1384.21,1.0,568.19,816.03,5,1
626.68,0.0,139.24,487.44,0,0
673.91,0.2,108.65,565.26,1,1
1560.88,0.8,815.11,745.77,4,1
1321.65,1.0,392.16,929.49,5,1
1406.53,1.0,522.43,884.1,5,1
1105.33,0.6,384.43,720.9,3,1
666.41,0.2,86.03,580.38,1,1
650.18,0.2,84.92,565.26,1,1
960.21,0.8,169.05,791.15,4,1
792.64,0.4,149.57,643.08,2,0
1075.18,0.8,284.03,791.15,4,1
892.04,0.6,186.27,705.77,3,1
806.04,0.4,147.84,658.21,2,0
969.72,0.4,303.95,665.77,2,0
665.23,0.2,107.54,557.69,1,0
647.09,0.2,81.84,565.26,1,0
928.32,0.6,252.81,675.51,3,1
1507.86,1.2,523.24,984.62,6,1
541.75,0.0,84.57,457.18,0,0
1145.7,0.4,555.57,590.13,2,1
707.33,0.2,126.95,580.38,1,1
561.75,0.0,112.14,449.62,0,0
636.4,0.4,38.7,597.69,2,1
530.92,0.0,96.43,434.49,0,1
1250.19,0.8,489.3,760.9,4,1
891.06,0.4,210.16,680.9,2,0
819.4,0.4,176.32,643.08,2,0
719.59,0.2,177.03,542.56,1,1
517.52,0.0,98.16,419.36,0,1
439.9,0.0,28.11,411.79,0,1
858.16,0.8,89.7,768.46,4,1
633.97,0.2,98.97,535.0,1,1
478.69,0.0,74.46,404.23,0,1
1190.8,0.4,600.68,590.13,2,1
719.68,0.2,184.68,535.0,1,1
618.07,0.0,168.46,449.62,0,1
1449.39,1.0,656.05,793.33,5,1
538.2,0.0,58.32,479.87,0,1
1259.33,0.4,638.95,620.38,2,1
1072.23,0.8,273.51,798.72,4,1
642.77,0.2,77.51,565.26,1,0
991.91,0.6,248.32,743.59,3,1
1260.0,1.0,391.03,868.97,5,1
2159.21,1.4,1066.51,1092.69,7,1
849.07,0.4,198.43,650.64,2,1
582.18,0.0,117.43,464.74,0,0
2254.31,1.4,1267.51,986.79,7,1
652.83,0.2,95.14,557.69,1,0
573.66,0.0,108.92,464.74,0,0
709.2,0.6,48.81,660.38,3,1
1197.81,0.8,429.35,768.46,4,1
725.58,0.4,112.76,612.82,2,0
544.58,0.0,79.84,464.74,0,1
982.0,0.4,346.49,635.51,2,1
1841.79,1.0,1033.32,808.46,5,1
980.77,0.4,307.43,673.33,2,1
875.94,0.6,185.3,690.64,3,1
1189.29,0.6,445.7,743.59,3,0
798.15,0.4,139.95,658.21,2,1
849.6,0.4,229.22,620.38,2,1
708.93,0.2,143.68,565.26,1,1
1331.85,0.8,472.62,859.23,4,0
805.92,0.6,85.03,720.9,3,1
668.2,0.2,102.95,565.26,1,0
896.52,0.4,283.7,612.82,2,1
1109.58,0.8,295.73,813.85,4,1
1810.91,1.8,630.65,1180.26,9,1
617.81,0.0,130.38,487.44,0,0
693.42,0.2,128.16,565.26,1,1
1437.3,1.4,374.86,1062.44,7,1
964.91,0.8,173.76,791.15,4,1
634.39,0.2,69.14,565.26,1,0
1252.54,1.0,376.0,876.54,5,1
904.47,0.6,183.57,720.9,3,1
1585.24,1.0,814.59,770.64,5,1
1004.91,0.6,306.7,698.21,3,1
1374.29,1.0,490.19,884.1,5,1
1040.2,0.4,427.38,612.82,2,1
849.07,0.4,190.86,658.21,2,1
562.69,0.0,97.95,464.74,0,0
598.42,0.0,133.68,464.74,0,1
500.87,0.0,81.51,419.36,0,0
561.21,0.2,64.03,497.18,1,1
615.22,0.2,80.22,535.0,1,0
1047.11,0.6,439.68,607.44,3,1
863.0,0.4,219.92,643.08,2,0
713.26,0.2,148.0,565.26,1,1
788.76,0.4,160.81,627.95,2,0
864.6,0.4,236.65,627.95,2,1
1161.53,1.0,315.24,846.28,5,1
1230.18,0.8,370.95,859.23,4,0
1771.99,1.4,807.89,964.1,7,1
881.96,0.2,309.14,572.82,1,1
869.23,0.4,211.03,658.21,2,0
555.37,0.0,90.62,464.74,0,0
987.91,0.8,249.7,738.21,4,1
793.94,0.4,150.86,643.08,2,0
575.2,0.0,95.32,479.87,0,0
823.32,0.4,180.24,643.08,2,1
995.39,0.2,483.08,512.31,1,1
682.65,0.2,140.08,542.56,1,1
936.5,0.8,183.16,753.33,4,1
1365.89,0.8,582.3,783.59,4,1
553.24,0.0,118.76,434.49,0,0
718.56,0.4,120.86,597.69,2,0
1562.92,1.0,762.03,800.9,5,1
702.93,0.2,122.54,580.38,1,1
639.0,0.2,96.43,542.56,1,1
1323.58,1.0,409.22,914.36,5,1
1176.32,0.8,392.73,783.59,4,1
709.61,0.2,144.35,565.26,1,0
790.36,0.2,225.11,565.26,1,0
963.16,0.6,227.14,736.03,3,0
717.47,0.2,137.08,580.38,1,1
659.48,0.2,116.92,542.56,1,1
877.24,0.6,133.65,743.59,3,0
741.83,0.2,184.14,557.69,1,0
929.25,0.6,215.92,713.33,3,1
1029.02,0.4,378.38,650.64,2,1
1088.77,0.8,237.11,851.67,4,1
1651.05,1.0,887.97,763.08,5,1
591.77,0.0,119.46,472.31,0,0
798.06,0.4,170.11,627.95,2,1
844.74,0.4,178.97,665.77,2,1
849.41,0.6,136.08,713.33,3,0
654.11,0.2,126.68,527.44,1,0
548.96,0.0,84.22,464.74,0,1
1300.86,0.8,577.78,723.08,4,1
766.47,0.4,93.14,673.33,2,0
