"Total_Cost","Ratio_Reloc_Prod","Horiz_Cost","Vert_Cost","nReloc","non_Optimal"
267566.58,0.4413,75779.07,191787.43,662,218
1053.62,1.0,124.14,929.49,5,1
1024.6,0.8,195.62,828.97,4,1
662.11,0.2,81.73,580.38,1,0
1665.02,1.4,632.84,1032.18,7,1
864.0,0.4,228.49,635.51,2,1
602.4,0.0,99.84,502.56,0,0
968.07,0.8,161.78,806.28,4,1
623.02,0.2,65.32,557.69,1,1
529.16,0.0,79.54,449.62,0,0
1290.68,1.0,429.27,861.41,5,1
906.46,0.6,170.43,736.03,3,1
1076.0,1.0,207.03,868.97,5,1
834.65,0.4,214.27,620.38,2,1
796.55,0.6,83.22,713.33,3,1
824.98,0.4,197.03,627.95,2,0
851.77,0.6,153.57,698.21,3,1
676.13,0.2,133.57,542.56,1,0
677.23,0.4,64.41,612.82,2,1
768.57,0.4,148.19,620.38,2,0
579.1,0.0,129.49,449.62,0,1
728.56,0.4,130.86,597.69,2,0
503.15,0.0,38.41,464.74,0,0
829.27,0.4,186.19,643.08,2,1
869.5,0.6,156.16,713.33,3,1
588.14,0.2,60.7,527.44,1,0
831.33,0.6,110.43,720.9,3,1
715.25,0.4,102.43,612.82,2,1
1003.96,0.8,197.68,806.28,4,1
635.16,0.0,185.54,449.62,0,1
875.37,0.4,232.3,643.08,2,1
926.67,0.6,236.03,690.64,3,1
1475.95,1.4,405.95,1070.0,7,1
1103.7,0.6,360.11,743.59,3,1
892.35,0.6,209.27,683.08,3,1
1452.99,1.2,513.76,939.23,6,1
1528.8,1.2,642.51,886.28,6,1
940.22,0.4,251.76,688.46,2,1
1468.6,0.8,707.7,760.9,4,1
633.52,0.0,146.08,487.44,0,1
633.36,0.2,68.11,565.26,1,1
901.11,0.6,180.22,720.9,3,1
1667.53,1.0,821.24,846.28,5,1
937.28,0.6,231.51,705.77,3,1
665.03,0.2,137.59,527.44,1,0
732.74,0.4,112.35,620.38,2,1
625.07,0.2,59.81,565.26,1,1
1540.82,1.4,599.41,941.41,7,1
751.11,0.2,163.16,587.95,1,1
648.04,0.2,90.35,557.69,1,0
849.26,0.6,143.49,705.77,3,1
1091.23,0.8,284.95,806.28,4,1
764.58,0.4,91.24,673.33,2,0
719.96,0.2,154.7,565.26,1,1
975.07,0.4,324.43,650.64,2,0
882.46,0.4,246.95,635.51,2,1
1027.97,0.8,183.86,844.1,4,0
828.01,0.6,122.24,705.77,3,0
782.54,0.4,139.46,643.08,2,0
537.18,0.0,80.0,457.18,0,1
923.07,0.6,224.86,698.21,3,1
548.74,0.0,84.0,464.74,0,0
1328.23,1.4,288.49,1039.74,7,1
652.91,0.2,87.65,565.26,1,0
927.33,0.4,314.51,612.82,2,1
1238.07,1.2,245.89,992.18,6,1
778.58,0.2,220.89,557.69,1,1
775.88,0.4,125.24,650.64,2,0
515.62,0.0,66.0,449.62,0,1
582.58,0.2,85.41,497.18,1,1
545.23,0.0,88.05,457.18,0,0
1376.33,0.6,655.43,720.9,3,1
823.37,0.2,265.68,557.69,1,1
1745.6,0.8,992.27,753.33,4,1
766.92,0.2,178.97,587.95,1,0
1105.78,0.4,530.78,575.0,2,1
878.54,0.6,150.08,728.46,3,1
957.27,0.4,314.19,643.08,2,1
729.88,0.2,164.62,565.26,1,0
839.91,0.4,196.84,643.08,2,0
770.02,0.2,227.46,542.56,1,0
717.72,0.2,167.59,550.13,1,0
750.12,0.4,144.86,605.26,2,0
736.46,0.4,100.95,635.51,2,1
778.59,0.4,127.95,650.64,2,1
693.88,0.2,143.76,550.13,1,0
867.23,0.6,153.89,713.33,3,1
1711.47,1.2,764.68,946.79,6,1
645.55,0.2,72.73,572.82,1,0
1116.47,0.4,496.08,620.38,2,1
744.14,0.2,163.76,580.38,1,1
1071.66,0.6,358.32,713.33,3,0
683.52,0.2,156.08,527.44,1,0
704.37,0.2,161.81,542.56,1,1
652.26,0.2,102.14,550.13,1,1
966.21,0.4,323.14,643.08,2,1
713.89,0.2,178.89,535.0,1,0
535.05,0.2,53.0,482.05,1,1
828.24,0.4,177.59,650.64,2,1
628.24,0.2,78.11,550.13,1,0
680.64,0.0,223.46,457.18,0,1
799.52,0.4,171.57,627.95,2,1
603.0,0.2,68.0,535.0,1,1
902.56,0.2,344.86,557.69,1,0
932.07,0.2,366.81,565.26,1,0
729.74,0.2,164.49,565.26,1,1
1201.69,0.8,402.97,798.72,4,1
444.61,0.0,32.81,411.79,0,1
742.07,0.2,184.38,557.69,1,0
909.37,0.8,110.65,798.72,4,1
745.67,0.4,110.16,635.51,2,1
847.49,0.4,227.11,620.38,2,1
1031.65,0.4,449.08,582.56,2,1
714.31,0.2,141.49,572.82,1,1
671.7,0.2,129.14,542.56,1,0
697.63,0.2,132.38,565.26,1,0
553.05,0.0,103.43,449.62,0,0
478.11,0.0,43.62,434.49,0,1
736.67,0.4,138.97,597.69,2,1
1003.51,0.4,428.51,575.0,2,1
831.79,0.4,158.46,673.33,2,1
719.05,0.2,176.49,542.56,1,1
655.2,0.2,89.95,565.26,1,1
1291.06,0.2,771.19,519.87,1,1
868.94,0.4,218.3,650.64,2,1
994.56,0.6,250.97,743.59,3,1
1015.89,0.6,287.43,728.46,3,1
679.75,0.2,122.05,557.69,1,1
620.16,0.2,85.16,535.0,1,1
788.91,0.4,138.27,650.64,2,1
1006.97,0.4,363.89,643.08,2,1
554.43,0.0,119.95,434.49,0,1
448.61,0.0,36.81,411.79,0,1
897.8,0.4,247.16,650.64,2,0
537.24,0.0,87.62,449.62,0,0
728.46,0.2,185.89,542.56,1,0
647.88,0.2,82.62,565.26,1,0
1051.72,0.6,353.51,698.21,3,1
811.96,0.4,206.7,605.26,2,1
538.94,0.0,81.76,457.18,0,0
956.69,0.4,359.0,597.69,2,1
1052.93,0.8,254.22,798.72,4,1
718.37,0.2,175.81,542.56,1,0
721.56,0.2,179.0,542.56,1,1
647.22,0.4,72.22,575.0,2,1
996.5,0.4,323.16,673.33,2,0
597.55,0.0,117.68,479.87,0,0
1000.15,0.6,301.95,698.21,3,1
737.92,0.2,195.35,542.56,1,1
493.24,0.0,43.62,449.62,0,1
1011.98,0.6,298.65,713.33,3,1
680.91,0.2,115.65,565.26,1,0
1002.91,0.4,412.78,590.13,2,1
866.78,0.4,231.27,635.51,2,1
536.7,0.0,94.65,442.05,0,0
1028.42,0.6,269.7,758.72,3,1
712.69,0.2,139.86,572.82,1,1
541.97,0.0,92.35,449.62,0,0
965.98,0.4,338.03,627.95,2,1
1573.67,0.8,858.16,715.51,4,1
573.27,0.0,85.84,487.44,0,0
851.43,0.6,107.84,743.59,3,1
684.18,0.2,118.92,565.26,1,0
736.18,0.2,170.92,565.26,1,1
1295.32,1.2,363.65,931.67,6,1
977.18,0.8,193.59,783.59,4,1
793.86,0.4,150.78,643.08,2,1
1280.46,0.8,459.05,821.41,4,1
712.97,0.2,170.41,542.56,1,0
1502.88,1.0,671.73,831.15,5,1
1384.8,0.8,646.59,738.21,4,1
604.65,0.0,109.65,495.0,0,0
931.06,0.6,217.73,713.33,3,1
979.92,0.6,311.97,667.95,3,1
822.73,0.4,255.3,567.44,2,1
896.87,0.4,268.92,627.95,2,1
699.87,0.2,127.05,572.82,1,0
1134.03,0.8,418.51,715.51,4,1
603.6,0.0,131.3,472.31,0,0
817.04,0.2,251.78,565.26,1,1
831.67,0.4,241.54,590.13,2,1
1632.39,1.6,537.51,1094.87,8,1
1090.87,0.6,362.41,728.46,3,1
1646.74,1.0,860.97,785.77,5,1
1227.43,0.6,604.86,622.56,3,1
1386.44,1.4,324.0,1062.44,7,1
880.09,0.6,166.76,713.33,3,1
937.66,0.6,231.89,705.77,3,0
560.38,0.0,125.89,434.49,0,1
1204.03,1.0,335.05,868.97,5,1
1266.73,0.6,583.65,683.08,3,1
964.84,0.2,437.41,527.44,1,1
725.82,0.2,153.0,572.82,1,0
661.41,0.2,133.97,527.44,1,0
1249.66,1.0,342.86,906.79,5,1
1303.96,1.0,525.76,778.21,5,1
651.61,0.2,86.35,565.26,1,0
966.66,0.6,253.32,713.33,3,1
609.77,0.2,44.51,565.26,1,0
1351.71,0.4,799.41,552.31,2,1
915.99,0.2,411.24,504.74,1,1
715.06,0.2,134.68,580.38,1,1
558.94,0.0,101.76,457.18,0,1
582.37,0.0,132.76,449.62,0,0
568.51,0.2,33.51,535.0,1,1
1430.6,1.4,428.68,1001.92,7,1
735.52,0.2,162.7,572.82,1,1
580.1,0.0,130.49,449.62,0,1
1038.93,0.6,340.73,698.21,3,1
771.54,0.4,136.03,635.51,2,0
691.5,0.2,126.24,565.26,1,1
767.39,0.2,202.14,565.26,1,1
1053.73,0.8,277.7,776.03,4,1
501.3,0.0,81.95,419.36,0,0
653.27,0.2,118.27,535.0,1,1
1377.48,1.0,553.89,823.59,5,1
1349.47,1.2,349.73,999.74,6,1
918.18,0.2,352.92,565.26,1,1
795.7,0.4,145.05,650.64,2,1
520.26,0.0,55.51,464.74,0,0
1410.94,0.8,687.86,723.08,4,1
546.98,0.0,67.11,479.87,0,0
661.94,0.2,119.38,542.56,1,1
1462.8,0.8,732.16,730.64,4,1
1311.52,0.6,598.19,713.33,3,1
938.38,0.6,209.92,728.46,3,1
542.69,0.0,85.51,457.18,0,0
560.49,0.0,126.0,434.49,0,0
1535.96,0.8,790.19,745.77,4,1
974.9,0.4,309.14,665.77,2,1
1213.45,1.0,389.86,823.59,5,1
696.58,0.2,138.89,557.69,1,1
1105.06,0.6,384.16,720.9,3,1
709.35,0.2,166.78,542.56,1,1
729.26,0.2,171.57,557.69,1,1
1476.01,1.0,629.73,846.28,5,1
731.93,0.2,166.68,565.26,1,0
862.12,0.6,216.86,645.26,3,1
719.8,0.2,162.11,557.69,1,1
628.46,0.2,93.46,535.0,1,1
562.99,0.0,98.24,464.74,0,0
816.51,0.2,281.51,535.0,1,1
1225.65,1.2,309.11,916.54,6,1
888.74,0.2,323.49,565.26,1,1
592.61,0.0,127.86,464.74,0,0
509.39,0.0,90.03,419.36,0,1
725.93,0.4,173.62,552.31,2,0
609.84,0.2,142.92,466.92,1,1
1283.1,1.0,459.51,823.59,5,1
1370.51,0.4,780.38,590.13,2,1
1215.0,0.6,471.41,743.59,3,1
876.79,0.6,163.46,713.33,3,1
543.66,0.0,78.92,464.74,0,0
729.96,0.2,172.27,557.69,1,1
896.77,0.6,191.0,705.77,3,0
1001.93,0.4,336.16,665.77,2,1
849.43,0.6,166.35,683.08,3,1
556.78,0.0,107.16,449.62,0,0
698.67,0.4,108.54,590.13,2,1
694.23,0.4,96.54,597.69,2,1
902.42,0.2,397.68,504.74,1,1
994.39,0.8,241.05,753.33,4,1
910.3,0.6,174.27,736.03,3,1
677.91,0.2,112.65,565.26,1,0
654.69,0.2,89.43,565.26,1,0
1846.15,1.4,935.0,911.15,7,1
1437.35,0.8,721.84,715.51,4,1
705.03,0.2,124.65,580.38,1,0
1093.3,0.6,432.92,660.38,3,1
813.02,0.4,162.38,650.64,2,1
1863.59,1.6,798.97,1064.62,8,1
733.18,0.2,175.49,557.69,1,1
712.34,0.2,147.08,565.26,1,1
520.11,0.0,85.62,434.49,0,1
1426.8,1.2,555.65,871.15,6,1
779.61,0.2,229.49,550.13,1,1
1184.34,1.0,285.11,899.23,5,1
971.63,0.8,210.73,760.9,4,1
717.83,0.2,167.7,550.13,1,0
598.6,0.0,164.11,434.49,0,1
462.23,0.0,50.43,411.79,0,1
897.13,0.2,354.57,542.56,1,1
670.74,0.2,158.43,512.31,1,0
648.75,0.2,91.05,557.69,1,1
1181.87,0.6,521.49,660.38,3,1
1352.78,1.4,335.73,1017.05,7,1
1168.67,0.6,417.51,751.15,3,0
1281.63,0.8,535.86,745.77,4,1
1647.97,1.2,739.0,908.97,6,1
1840.44,1.2,946.59,893.85,6,1
955.34,0.4,304.7,650.64,2,1
744.49,0.2,164.11,580.38,1,1
652.58,0.2,87.32,565.26,1,1
1168.21,1.0,291.68,876.54,5,1
1173.82,1.0,319.97,853.85,5,1
926.86,0.4,344.3,582.56,2,1
1013.49,0.8,237.46,776.03,4,1
907.27,0.6,163.68,743.59,3,1
1367.15,1.0,520.86,846.28,5,1
814.1,0.4,216.41,597.69,2,0
572.94,0.0,130.89,442.05,0,0
