"Total_Cost","Ratio_Reloc_Prod","Horiz_Cost","Vert_Cost","nReloc","non_Optimal"
251503.99,0.4367,58332.48,193171.59,655,300
799.2,0.4,125.86,673.33,2,1
1096.82,1.0,182.46,914.36,5,1
1098.22,1.0,176.3,921.92,5,1
715.91,0.4,72.84,643.08,2,1
779.42,0.6,81.22,698.21,3,1
644.07,0.2,93.95,550.13,1,1
906.44,0.6,185.54,720.9,3,1
664.75,0.2,107.05,557.69,1,1
740.62,0.4,97.54,643.08,2,1
1105.92,1.0,236.95,868.97,5,1
828.68,0.6,115.35,713.33,3,1
729.79,0.4,101.84,627.95,2,1
679.02,0.4,81.32,597.69,2,1
1062.68,1.0,193.7,868.97,5,1
796.88,0.6,91.11,705.77,3,1
536.15,0.0,71.41,464.74,0,1
807.14,0.4,194.32,612.82,2,1
1095.02,0.8,303.86,791.15,4,1
818.83,0.6,135.76,683.08,3,1
862.33,0.4,234.38,627.95,2,1
1140.43,0.8,311.46,828.97,4,1
952.15,0.6,201.0,751.15,3,1
746.64,0.4,103.57,643.08,2,1
874.36,0.6,168.59,705.77,3,1
783.67,0.4,148.16,635.51,2,1
1122.58,0.6,356.3,766.28,3,1
864.8,0.4,259.54,605.26,2,1
761.19,0.2,218.62,542.56,1,1
834.97,0.4,191.89,643.08,2,1
1130.02,0.6,386.43,743.59,3,1
592.91,0.0,128.16,464.74,0,1
562.21,0.0,105.03,457.18,0,1
839.53,0.4,188.89,650.64,2,1
713.15,0.2,147.89,565.26,1,1
1170.12,0.8,371.41,798.72,4,1
1124.95,0.8,303.54,821.41,4,1
1268.66,0.8,462.38,806.28,4,1
1050.78,0.6,314.76,736.03,3,1
587.51,0.0,137.89,449.62,0,1
847.88,0.4,189.68,658.21,2,1
675.07,0.2,124.95,550.13,1,1
652.88,0.2,87.62,565.26,1,1
543.18,0.0,78.43,464.74,0,1
842.14,0.6,181.76,660.38,3,1
833.29,0.4,175.08,658.21,2,1
629.81,0.2,94.81,535.0,1,1
1164.74,0.8,358.46,806.28,4,1
630.32,0.2,87.76,542.56,1,1
758.11,0.4,130.16,627.95,2,1
726.78,0.4,144.22,582.56,2,1
1447.22,1.2,477.73,969.49,6,1
1178.95,0.8,365.11,813.85,4,1
687.31,0.2,122.05,565.26,1,1
638.66,0.0,173.92,464.74,0,1
622.51,0.0,172.89,449.62,0,1
673.75,0.2,116.05,557.69,1,1
511.51,0.0,77.03,434.49,0,1
662.05,0.2,119.49,542.56,1,1
717.88,0.2,160.19,557.69,1,1
576.56,0.0,119.38,457.18,0,1
764.33,0.2,236.89,527.44,1,1
881.48,0.4,238.41,643.08,2,1
640.41,0.2,105.41,535.0,1,1
536.21,0.0,79.03,457.18,0,1
872.81,0.4,237.3,635.51,2,1
1185.56,0.6,426.84,758.72,3,1
686.8,0.2,121.54,565.26,1,1
936.94,0.6,200.92,736.03,3,1
750.45,0.2,200.32,550.13,1,1
682.61,0.4,77.35,605.26,2,1
941.71,0.6,220.81,720.9,3,1
475.36,0.0,56.0,419.36,0,1
736.34,0.2,186.22,550.13,1,1
636.07,0.2,70.81,565.26,1,1
659.07,0.4,53.81,605.26,2,1
437.2,0.0,25.41,411.79,0,1
811.49,0.6,83.03,728.46,3,1
557.14,0.2,82.65,474.49,1,1
814.32,0.4,178.81,635.51,2,1
830.1,0.2,279.97,550.13,1,1
912.67,0.4,277.16,635.51,2,1
761.95,0.2,234.51,527.44,1,1
483.3,0.0,48.81,434.49,0,1
446.31,0.0,34.51,411.79,0,1
1131.76,1.2,222.78,908.97,6,1
1196.14,1.2,226.65,969.49,6,1
550.67,0.0,101.05,449.62,0,1
648.9,0.2,121.46,527.44,1,1
1182.68,0.8,361.27,821.41,4,1
709.26,0.2,151.57,557.69,1,1
1281.5,1.0,374.7,906.79,5,1
1216.28,1.0,301.92,914.36,5,1
685.35,0.2,142.78,542.56,1,1
1339.0,0.8,517.59,821.41,4,1
569.55,0.0,104.81,464.74,0,1
981.98,0.6,215.7,766.28,3,1
549.83,0.0,92.65,457.18,0,1
1557.78,1.2,573.16,984.62,6,1
541.54,0.0,107.05,434.49,0,1
909.87,0.4,289.49,620.38,2,1
993.08,0.8,209.49,783.59,4,1
494.59,0.0,52.54,442.05,0,1
867.11,0.6,138.65,728.46,3,1
700.88,0.4,95.62,605.26,2,1
1027.88,0.6,322.11,705.77,3,1
521.62,0.0,72.0,449.62,0,1
614.56,0.2,72.0,542.56,1,1
796.4,0.4,153.32,643.08,2,1
1019.23,0.6,260.51,758.72,3,1
903.62,0.6,175.16,728.46,3,1
821.41,0.4,193.46,627.95,2,1
1362.68,1.6,328.32,1034.36,8,1
1510.23,1.0,611.0,899.23,5,1
709.59,0.2,159.46,550.13,1,1
1094.5,0.6,335.78,758.72,3,1
737.47,0.2,172.22,565.26,1,1
551.83,0.0,94.65,457.18,0,1
824.05,0.6,140.97,683.08,3,1
606.56,0.2,64.0,542.56,1,1
893.27,0.6,225.32,667.95,3,1
900.35,0.4,264.84,635.51,2,1
1014.27,0.4,378.76,635.51,2,1
906.95,0.4,286.57,620.38,2,1
963.58,0.6,204.86,758.72,3,1
798.7,0.4,163.19,635.51,2,1
1039.52,1.0,185.68,853.85,5,1
774.19,0.6,106.24,667.95,3,1
923.96,0.8,132.81,791.15,4,1
490.22,0.0,55.73,434.49,0,1
1188.4,1.0,372.38,816.03,5,1
700.24,0.2,150.11,550.13,1,1
1378.11,1.0,509.14,868.97,5,1
979.05,0.8,195.46,783.59,4,1
634.18,0.2,68.92,565.26,1,1
589.67,0.2,47.11,542.56,1,1
1064.18,0.6,365.97,698.21,3,1
997.7,0.6,307.05,690.64,3,1
697.03,0.2,169.59,527.44,1,1
587.22,0.2,52.22,535.0,1,1
581.36,0.0,109.05,472.31,0,1
583.73,0.0,141.68,442.05,0,1
736.15,0.4,138.46,597.69,2,1
940.91,0.6,250.27,690.64,3,1
798.73,0.4,163.22,635.51,2,1
1146.29,0.8,355.14,791.15,4,1
703.31,0.4,98.05,605.26,2,1
552.58,0.0,87.84,464.74,0,1
796.2,0.6,135.81,660.38,3,1
1007.21,0.8,231.19,776.03,4,1
607.07,0.2,102.32,504.74,1,1
1277.5,1.0,378.27,899.23,5,1
1295.1,1.0,395.86,899.23,5,1
838.1,0.4,195.03,643.08,2,1
1173.9,0.8,360.05,813.85,4,1
741.76,0.2,214.32,527.44,1,1
726.99,0.2,169.3,557.69,1,1
689.32,0.2,139.19,550.13,1,1
1037.86,0.6,301.84,736.03,3,1
1389.18,1.2,404.57,984.62,6,1
706.88,0.2,156.76,550.13,1,1
974.15,0.8,167.86,806.28,4,1
508.27,0.0,81.35,426.92,0,1
987.78,1.0,164.19,823.59,5,1
632.38,0.2,97.38,535.0,1,1
743.85,0.4,146.16,597.69,2,1
543.69,0.0,78.95,464.74,0,1
611.55,0.0,146.81,464.74,0,1
972.68,0.6,244.22,728.46,3,1
569.83,0.0,112.65,457.18,0,1
937.03,0.8,115.62,821.41,4,1
1245.35,1.0,376.38,868.97,5,1
743.43,0.2,193.3,550.13,1,1
724.45,0.4,126.76,597.69,2,1
894.15,0.4,235.95,658.21,2,1
886.59,0.4,251.08,635.51,2,1
568.43,0.0,133.95,434.49,0,1
848.44,0.4,220.49,627.95,2,1
1166.11,1.0,297.14,868.97,5,1
698.85,0.2,141.16,557.69,1,1
1141.29,1.0,249.62,891.67,5,1
984.01,0.6,263.11,720.9,3,1
671.86,0.2,121.73,550.13,1,1
599.0,0.2,64.0,535.0,1,1
847.99,0.4,189.78,658.21,2,1
1084.98,0.6,371.65,713.33,3,1
857.58,0.4,252.32,605.26,2,1
1365.68,1.4,303.24,1062.44,7,1
1021.23,0.6,315.46,705.77,3,1
826.49,0.4,198.54,627.95,2,1
963.48,0.6,219.89,743.59,3,1
687.86,0.2,145.3,542.56,1,1
800.82,0.2,235.57,565.26,1,1
921.24,0.6,230.59,690.64,3,1
1069.31,1.0,223.03,846.28,5,1
1008.62,0.8,232.59,776.03,4,1
641.17,0.2,113.73,527.44,1,1
648.47,0.0,183.73,464.74,0,1
846.69,0.4,188.49,658.21,2,1
669.8,0.2,104.54,565.26,1,1
601.77,0.0,144.59,457.18,0,1
535.62,0.0,101.14,434.49,0,1
1198.52,0.6,477.62,720.9,3,1
658.0,0.2,130.57,527.44,1,1
1139.28,0.8,325.43,813.85,4,1
694.07,0.2,136.38,557.69,1,1
702.54,0.2,159.97,542.56,1,1
806.27,0.4,170.76,635.51,2,1
1181.75,1.0,290.08,891.67,5,1
747.54,0.2,212.54,535.0,1,1
809.18,0.4,158.54,650.64,2,1
542.86,0.0,93.24,449.62,0,1
949.35,0.6,220.89,728.46,3,1
713.77,0.2,156.08,557.69,1,1
525.73,0.0,91.24,434.49,0,1
661.04,0.2,103.35,557.69,1,1
728.96,0.2,171.27,557.69,1,1
1158.93,1.0,244.57,914.36,5,1
1413.48,1.2,421.3,992.18,6,1
1168.8,0.8,317.14,851.67,4,1
736.88,0.2,171.62,565.26,1,1
1088.51,0.8,244.41,844.1,4,1
1247.84,1.2,285.92,961.92,6,1
1171.4,1.0,287.3,884.1,5,1
1234.22,1.0,319.86,914.36,5,1
760.51,0.4,117.43,643.08,2,1
637.65,0.2,102.65,535.0,1,1
969.97,0.6,226.38,743.59,3,1
534.5,0.0,77.32,457.18,0,1
733.6,0.4,120.78,612.82,2,1
737.53,0.2,179.84,557.69,1,1
932.04,0.6,218.7,713.33,3,1
937.83,0.4,279.62,658.21,2,1
768.82,0.4,103.05,665.77,2,1
447.36,0.0,28.0,419.36,0,1
631.75,0.2,81.62,550.13,1,1
806.16,0.4,170.65,635.51,2,1
675.85,0.2,118.16,557.69,1,1
442.5,0.0,30.7,411.79,0,1
658.94,0.2,101.24,557.69,1,1
641.46,0.2,114.03,527.44,1,1
711.18,0.2,214.0,497.18,1,1
825.19,0.4,197.24,627.95,2,1
1099.88,0.8,301.16,798.72,4,1
858.22,0.4,222.7,635.51,2,1
581.83,0.0,124.65,457.18,0,1
1133.13,1.0,256.59,876.54,5,1
682.53,0.2,124.84,557.69,1,1
1036.74,0.6,315.84,720.9,3,1
925.64,0.4,267.43,658.21,2,1
761.36,0.2,196.11,565.26,1,1
1167.79,1.0,261.0,906.79,5,1
802.82,0.2,237.57,565.26,1,1
684.63,0.2,119.38,565.26,1,1
689.91,0.2,124.65,565.26,1,1
1105.55,0.4,485.16,620.38,2,1
749.98,0.2,230.11,519.87,1,1
840.6,0.6,112.14,728.46,3,1
1016.81,0.6,273.22,743.59,3,1
1020.02,0.8,221.3,798.72,4,1
676.88,0.2,126.76,550.13,1,1
748.27,0.2,205.7,542.56,1,1
729.51,0.4,94.0,635.51,2,1
1309.62,1.0,425.51,884.1,5,1
644.21,0.0,187.03,457.18,0,1
456.76,0.0,37.41,419.36,0,1
966.29,0.8,167.57,798.72,4,1
494.92,0.0,68.0,426.92,0,1
691.02,0.4,93.32,597.69,2,1
724.87,0.4,96.92,627.95,2,1
644.53,0.2,86.84,557.69,1,1
1125.32,0.8,281.22,844.1,4,1
1704.84,1.4,649.97,1054.87,7,1
932.92,0.6,212.03,720.9,3,1
660.9,0.2,133.46,527.44,1,1
803.45,0.6,112.81,690.64,3,1
554.05,0.0,112.0,442.05,0,1
473.79,0.0,54.43,419.36,0,1
901.58,0.4,235.81,665.77,2,1
586.8,0.0,122.05,464.74,0,1
1136.51,0.6,453.43,683.08,3,1
871.11,0.6,195.59,675.51,3,1
894.0,0.6,210.92,683.08,3,1
1372.46,1.0,511.05,861.41,5,1
789.51,0.4,154.0,635.51,2,1
906.52,0.6,193.19,713.33,3,1
492.01,0.0,72.65,419.36,0,1
438.9,0.0,27.11,411.79,0,1
984.93,0.4,326.73,658.21,2,1
1285.7,1.0,401.59,884.1,5,1
643.05,0.2,108.05,535.0,1,1
956.48,0.6,265.84,690.64,3,1
562.74,0.2,58.0,504.74,1,1
600.67,0.2,58.11,542.56,1,1
1048.39,0.4,390.19,658.21,2,1
665.32,0.2,122.76,542.56,1,1
875.59,0.6,139.57,736.03,3,1
710.25,0.2,190.38,519.87,1,1
905.83,0.4,247.62,658.21,2,1
851.94,0.6,168.86,683.08,3,1
930.33,0.8,177.0,753.33,4,1
