"Total_Cost","Ratio_Reloc_Prod","Horiz_Cost","Vert_Cost","nReloc","non_Optimal"
242450.74,0.4013,54848.42,187602.35,602,214
1057.41,1.0,143.05,914.36,5,1
1147.81,1.0,278.84,868.97,5,1
854.9,0.6,141.57,713.33,3,0
659.99,0.2,94.73,565.26,1,0
1178.42,1.2,178.68,999.74,6,1
2204.46,1.8,1114.97,1089.49,9,1
824.58,0.4,151.24,673.33,2,1
1521.17,1.0,674.89,846.28,5,1
608.6,0.0,121.16,487.44,0,0
732.44,0.4,119.62,612.82,2,0
552.66,0.0,80.35,472.31,0,1
750.87,0.4,130.49,620.38,2,1
1030.85,1.0,177.0,853.85,5,1
619.36,0.2,54.11,565.26,1,1
615.31,0.2,57.62,557.69,1,1
503.55,0.0,38.81,464.74,0,0
932.87,0.8,164.41,768.46,4,1
909.51,0.6,165.92,743.59,3,1
634.32,0.2,91.76,542.56,1,1
619.58,0.2,54.32,565.26,1,1
736.55,0.4,116.16,620.38,2,1
809.06,0.6,95.73,713.33,3,1
666.23,0.2,108.54,557.69,1,0
846.85,0.6,141.08,705.77,3,1
1015.82,0.8,194.41,821.41,4,1
602.22,0.2,67.22,535.0,1,1
836.09,0.6,122.76,713.33,3,1
742.81,0.4,114.86,627.95,2,1
581.35,0.0,139.3,442.05,0,1
839.51,0.6,148.86,690.64,3,1
891.82,0.8,130.92,760.9,4,1
831.52,0.4,158.19,673.33,2,0
1488.07,0.8,749.86,738.21,4,1
830.58,0.4,172.38,658.21,2,1
818.27,0.4,182.76,635.51,2,1
951.61,0.8,160.46,791.15,4,1
1817.39,1.6,843.54,973.85,8,1
618.61,0.2,60.92,557.69,1,1
607.56,0.2,65.0,542.56,1,0
686.94,0.2,144.38,542.56,1,0
550.57,0.0,70.7,479.87,0,1
639.18,0.2,73.92,565.26,1,1
832.66,0.6,119.32,713.33,3,1
877.45,0.4,219.24,658.21,2,0
834.74,0.6,113.84,720.9,3,1
1100.96,0.8,294.68,806.28,4,1
726.43,0.2,191.43,535.0,1,1
580.58,0.0,115.84,464.74,0,1
725.11,0.2,190.11,535.0,1,0
1065.75,0.8,274.59,791.15,4,1
1088.28,0.8,282.0,806.28,4,1
959.21,0.8,168.05,791.15,4,1
746.95,0.4,111.43,635.51,2,1
694.24,0.4,104.11,590.13,2,1
694.45,0.4,96.76,597.69,2,0
828.43,0.4,192.92,635.51,2,1
785.27,0.4,149.76,635.51,2,0
766.1,0.4,123.03,643.08,2,1
855.06,0.6,134.16,720.9,3,1
1025.84,0.2,505.97,519.87,1,1
615.5,0.0,143.19,472.31,0,1
1605.21,1.0,827.0,778.21,5,1
1192.13,1.2,260.46,931.67,6,1
1179.14,1.2,224.78,954.36,6,1
663.22,0.2,82.84,580.38,1,0
1143.41,1.2,181.49,961.92,6,1
769.72,0.4,103.95,665.77,2,1
574.55,0.0,102.24,472.31,0,0
673.85,0.2,116.16,557.69,1,0
723.66,0.2,158.41,565.26,1,0
724.66,0.2,159.41,565.26,1,1
810.56,0.4,167.49,643.08,2,1
568.37,0.0,103.62,464.74,0,0
526.98,0.0,100.05,426.92,0,1
941.61,0.8,150.46,791.15,4,1
649.1,0.2,106.54,542.56,1,1
991.01,0.6,277.68,713.33,3,0
564.66,0.0,99.92,464.74,0,1
1080.96,0.8,282.24,798.72,4,1
722.89,0.2,134.95,587.95,1,0
670.5,0.2,105.24,565.26,1,1
682.8,0.2,117.54,565.26,1,0
1039.07,0.8,232.78,806.28,4,1
746.14,0.4,125.76,620.38,2,1
702.59,0.4,112.46,590.13,2,1
751.67,0.4,153.97,597.69,2,1
1213.78,0.6,598.78,615.0,3,1
820.82,0.6,99.92,720.9,3,1
594.53,0.0,129.78,464.74,0,0
686.48,0.2,128.78,557.69,1,1
535.58,0.0,70.84,464.74,0,1
558.51,0.0,108.89,449.62,0,0
486.28,0.0,66.92,419.36,0,1
493.29,0.0,36.11,457.18,0,1
464.06,0.0,44.7,419.36,0,0
1065.59,1.0,181.49,884.1,5,1
1177.56,1.0,346.41,831.15,5,1
1145.79,1.0,239.0,906.79,5,1
1053.17,0.8,186.38,866.79,4,0
1184.64,1.2,260.54,924.1,6,1
556.63,0.0,84.32,472.31,0,1
1053.64,0.6,363.0,690.64,3,1
1122.38,0.8,300.97,821.41,4,1
674.66,0.2,101.84,572.82,1,1
891.43,0.6,162.97,728.46,3,1
676.17,0.2,103.35,572.82,1,0
825.85,0.6,127.65,698.21,3,1
726.68,0.4,98.73,627.95,2,1
737.93,0.2,172.68,565.26,1,1
698.07,0.4,107.95,590.13,2,1
921.63,0.6,200.73,720.9,3,1
872.08,0.4,236.57,635.51,2,0
743.64,0.4,85.43,658.21,2,0
779.45,0.4,121.24,658.21,2,1
717.53,0.2,152.27,565.26,1,1
924.13,0.8,140.54,783.59,4,1
679.25,0.2,151.81,527.44,1,1
1468.45,1.0,629.73,838.72,5,1
579.06,0.0,106.76,472.31,0,1
1052.58,1.0,206.3,846.28,5,1
846.66,0.4,180.89,665.77,2,1
549.07,0.0,84.32,464.74,0,0
654.36,0.2,89.11,565.26,1,1
541.96,0.0,77.22,464.74,0,0
961.69,0.6,202.97,758.72,3,0
844.9,0.4,171.57,673.33,2,1
607.75,0.2,57.62,550.13,1,1
826.07,0.4,160.3,665.77,2,0
659.08,0.4,76.51,582.56,2,1
1559.13,1.4,587.46,971.67,7,1
679.55,0.2,99.16,580.38,1,1
571.39,0.0,106.65,464.74,0,0
798.74,0.4,185.92,612.82,2,1
773.76,0.4,138.24,635.51,2,1
805.85,0.4,140.08,665.77,2,0
732.44,0.4,112.05,620.38,2,1
550.13,0.0,92.95,457.18,0,1
829.96,0.6,124.19,705.77,3,1
559.34,0.0,102.16,457.18,0,0
1526.54,1.4,570.0,956.54,7,1
878.01,0.4,197.11,680.9,2,1
796.51,0.4,161.0,635.51,2,1
753.83,0.4,110.76,643.08,2,1
656.18,0.2,106.05,550.13,1,1
773.16,0.4,137.65,635.51,2,0
1230.62,0.4,648.05,582.56,2,1
893.3,0.6,157.27,736.03,3,1
1102.12,0.6,396.35,705.77,3,1
945.28,0.2,425.41,519.87,1,1
729.77,0.2,164.51,565.26,1,1
990.8,0.4,400.68,590.13,2,1
797.79,0.4,124.46,673.33,2,1
595.67,0.2,53.11,542.56,1,0
603.72,0.0,138.97,464.74,0,1
581.61,0.0,116.86,464.74,0,1
807.17,0.4,194.35,612.82,2,1
658.39,0.2,93.14,565.26,1,0
1378.26,0.4,773.0,605.26,2,1
655.99,0.2,105.86,550.13,1,0
1298.65,0.8,537.76,760.9,4,1
1380.35,0.6,712.41,667.95,3,1
597.92,0.0,95.35,502.56,0,0
1124.88,0.2,627.7,497.18,1,1
809.98,0.4,129.08,680.9,2,1
784.03,0.4,148.51,635.51,2,0
654.78,0.2,104.65,550.13,1,1
772.85,0.4,114.65,658.21,2,1
894.71,0.6,173.81,720.9,3,1
979.12,0.8,165.27,813.85,4,1
841.7,0.4,198.62,643.08,2,1
1251.94,0.4,654.24,597.69,2,1
540.63,0.0,68.32,472.31,0,0
938.99,0.4,280.78,658.21,2,1
571.88,0.0,99.57,472.31,0,0
592.65,0.0,97.65,495.0,0,0
546.37,0.0,81.62,464.74,0,0
653.61,0.2,88.35,565.26,1,1
771.58,0.4,166.32,605.26,2,1
577.72,0.0,120.54,457.18,0,0
676.07,0.2,110.81,565.26,1,1
1193.48,0.6,495.27,698.21,3,1
598.38,0.0,110.95,487.44,0,0
622.74,0.0,158.0,464.74,0,0
823.02,0.4,179.95,643.08,2,1
635.77,0.0,171.03,464.74,0,0
550.26,0.0,85.51,464.74,0,0
1227.23,0.6,581.97,645.26,3,1
866.76,0.6,145.86,720.9,3,0
653.63,0.2,80.81,572.82,1,1
792.62,0.4,164.68,627.95,2,1
694.31,0.2,129.05,565.26,1,1
918.47,0.6,205.14,713.33,3,1
705.17,0.2,132.35,572.82,1,1
1035.84,1.0,219.81,816.03,5,1
823.77,0.6,110.43,713.33,3,1
823.86,0.4,173.22,650.64,2,1
824.58,0.6,111.24,713.33,3,1
530.58,0.0,65.84,464.74,0,1
629.14,0.2,101.7,527.44,1,0
610.51,0.0,160.89,449.62,0,1
888.84,0.6,160.38,728.46,3,1
563.09,0.0,83.22,479.87,0,0
687.68,0.2,160.24,527.44,1,0
581.49,0.2,61.62,519.87,1,1
851.77,0.4,186.0,665.77,2,1
517.56,0.0,75.51,442.05,0,0
790.99,0.4,125.22,665.77,2,1
1004.01,0.4,391.19,612.82,2,1
668.8,0.4,71.11,597.69,2,1
552.72,0.0,95.54,457.18,0,1
665.15,0.2,107.46,557.69,1,0
546.64,0.0,89.46,457.18,0,0
523.08,0.0,81.03,442.05,0,1
850.29,0.6,167.22,683.08,3,1
589.22,0.2,54.22,535.0,1,1
512.11,0.0,77.62,434.49,0,0
750.11,0.4,122.16,627.95,2,1
441.2,0.0,29.41,411.79,0,1
605.32,0.2,70.32,535.0,1,0
517.95,0.0,83.46,434.49,0,1
1183.06,1.4,188.7,994.36,7,1
1104.46,1.0,227.92,876.54,5,1
614.64,0.0,149.89,464.74,0,0
1114.02,1.0,229.92,884.1,5,1
566.44,0.0,94.14,472.31,0,0
654.9,0.2,127.46,527.44,1,1
646.46,0.2,111.46,535.0,1,0
616.4,0.2,73.84,542.56,1,1
812.84,0.6,91.95,720.9,3,1
891.39,0.8,153.19,738.21,4,1
512.24,0.0,62.62,449.62,0,1
995.51,0.8,211.92,783.59,4,1
807.28,0.6,146.89,660.38,3,1
1313.84,0.8,552.95,760.9,4,1
568.17,0.0,80.73,487.44,0,0
737.47,0.2,172.22,565.26,1,0
1420.34,0.8,689.7,730.64,4,1
738.31,0.2,165.49,572.82,1,1
675.98,0.2,103.16,572.82,1,0
904.29,0.8,113.14,791.15,4,1
765.91,0.2,200.65,565.26,1,1
913.12,0.6,214.92,698.21,3,1
663.5,0.2,98.24,565.26,1,1
1279.64,0.8,556.57,723.08,4,1
974.73,0.6,246.27,728.46,3,1
678.01,0.2,112.76,565.26,1,1
669.8,0.2,104.54,565.26,1,0
660.77,0.2,95.51,565.26,1,0
548.74,0.0,84.0,464.74,0,0
1017.77,1.0,179.05,838.72,5,1
725.58,0.2,152.76,572.82,1,0
664.88,0.2,99.62,565.26,1,1
1366.05,0.8,635.41,730.64,4,1
582.01,0.0,102.14,479.87,0,0
748.15,0.4,142.89,605.26,2,1
707.37,0.4,117.24,590.13,2,1
508.16,0.0,66.11,442.05,0,0
540.62,0.0,98.57,442.05,0,1
511.14,0.0,76.65,434.49,0,0
943.73,0.4,308.22,635.51,2,1
663.04,0.2,90.22,572.82,1,0
580.1,0.0,130.49,449.62,0,0
803.3,0.6,135.35,667.95,3,1
720.07,0.2,154.81,565.26,1,0
921.64,0.8,191.0,730.64,4,1
1060.82,1.0,199.41,861.41,5,1
1163.12,1.4,168.76,994.36,7,1
700.96,0.2,143.27,557.69,1,0
537.18,0.0,72.43,464.74,0,0
508.89,0.0,66.84,442.05,0,0
557.81,0.0,115.76,442.05,0,1
802.77,0.4,197.51,605.26,2,1
789.75,0.6,91.54,698.21,3,1
766.31,0.2,208.62,557.69,1,1
838.03,0.4,202.51,635.51,2,1
868.65,0.6,147.76,720.9,3,1
1177.19,0.8,454.11,723.08,4,1
959.16,0.6,230.7,728.46,3,1
805.83,0.6,122.76,683.08,3,1
801.4,0.4,165.89,635.51,2,1
677.42,0.2,112.16,565.26,1,0
621.99,0.0,164.81,457.18,0,0
528.49,0.2,54.0,474.49,1,1
864.87,0.8,96.41,768.46,4,1
642.75,0.0,193.14,449.62,0,0
541.62,0.0,99.57,442.05,0,1
562.37,0.0,112.76,449.62,0,1
777.55,0.6,117.16,660.38,3,1
1144.13,0.8,428.62,715.51,4,1
855.77,0.6,157.57,698.21,3,0
553.66,0.0,88.92,464.74,0,0
627.32,0.2,92.32,535.0,1,1
1384.94,1.2,460.84,924.1,6,1
778.99,0.6,73.22,705.77,3,1
934.03,0.6,213.14,720.9,3,1
921.43,0.4,278.35,643.08,2,1
741.79,0.4,128.97,612.82,2,0
778.0,0.4,150.05,627.95,2,0
823.2,0.4,202.81,620.38,2,1
631.52,0.2,111.65,519.87,1,0
