"Total_Cost","Ratio_Reloc_Prod","Horiz_Cost","Vert_Cost","nReloc","non_Optimal"
223403.82,0.4487,32409.29,190994.44,673,250
744.17,0.1667,70.84,673.33,1,1
650.93,0.0,70.54,580.38,0,1
891.25,0.3333,162.78,728.46,2,1
785.68,0.1667,112.35,673.33,1,1
835.84,0.3333,114.95,720.9,2,1
696.4,0.1667,53.32,643.08,1,1
1038.8,0.6667,139.57,899.23,4,1
1388.9,1.3333,201.08,1187.82,8,1
1422.7,1.3333,257.57,1165.13,8,1
1221.35,1.0,204.3,1017.05,6,1
738.5,0.1667,72.73,665.77,1,1
944.23,0.5,153.08,791.15,3,1
631.26,0.0,66.0,565.26,0,1
966.97,0.6667,98.0,868.97,4,1
1001.81,0.6667,132.84,868.97,4,1
1119.82,1.0,125.46,994.36,6,1
812.69,0.1667,154.49,658.21,1,1
977.48,0.6667,153.89,823.59,4,1
1109.55,0.8333,155.19,954.36,5,1
629.97,0.0,79.84,550.13,0,1
1103.17,0.8333,156.38,946.79,5,1
876.75,0.3333,133.16,743.59,2,1
1078.49,0.8333,116.57,961.92,5,1
772.05,0.1667,128.97,643.08,1,1
661.75,0.1667,71.62,590.13,1,1
594.0,0.0,59.0,535.0,0,1
1197.03,0.8333,227.54,969.49,5,1
1100.58,0.6667,186.22,914.36,4,1
690.39,0.0,170.51,519.87,0,1
1004.85,0.6667,105.62,899.23,4,1
617.06,0.0,89.62,527.44,0,1
945.49,0.5,184.59,760.9,3,1
679.09,0.1667,73.84,605.26,1,1
810.1,0.3333,119.46,690.64,2,1
641.95,0.0,106.95,535.0,0,1
765.23,0.1667,107.03,658.21,1,1
870.33,0.3333,141.86,728.46,2,1
1085.31,0.8333,146.08,939.23,5,1
968.3,0.5,131.76,836.54,3,1
1035.99,0.6667,136.76,899.23,4,1
802.54,0.3333,119.46,683.08,2,1
721.64,0.0,171.51,550.13,0,1
941.46,0.5,173.0,768.46,3,1
577.22,0.0,42.22,535.0,0,1
949.88,0.6667,111.16,838.72,4,1
883.84,0.3333,155.38,728.46,2,1
914.3,0.5,153.41,760.9,3,1
771.7,0.1667,136.19,635.51,1,1
846.22,0.5,85.32,760.9,3,1
841.67,0.3333,105.65,736.03,2,1
1015.57,0.5,186.59,828.97,3,1
1002.88,0.6667,103.65,899.23,4,1
943.44,0.5,137.16,806.28,3,1
817.8,0.1667,159.59,658.21,1,1
874.94,0.3333,131.35,743.59,2,1
901.37,0.5,110.22,791.15,3,1
879.97,0.5,103.95,776.03,3,1
580.49,0.0,60.62,519.87,0,1
821.18,0.3333,122.97,698.21,2,1
872.04,0.3333,158.7,713.33,2,1
1033.57,0.6667,164.59,868.97,4,1
844.79,0.3333,116.32,728.46,2,1
731.89,0.1667,88.81,643.08,1,1
868.31,0.3333,154.97,713.33,2,1
1001.03,0.6667,132.05,868.97,4,1
858.76,0.3333,137.86,720.9,2,1
800.85,0.3333,102.65,698.21,2,1
1178.62,1.0,154.0,1024.62,6,1
619.42,0.0,61.73,557.69,0,1
796.15,0.1667,130.38,665.77,1,1
1044.43,0.5,275.97,768.46,3,1
780.02,0.1667,129.38,650.64,1,1
786.04,0.3333,72.7,713.33,2,1
707.36,0.1667,94.54,612.82,1,1
1005.4,0.6667,113.73,891.67,4,1
997.61,0.6667,105.95,891.67,4,1
648.34,0.1667,58.22,590.13,1,1
1227.4,1.0,195.22,1032.18,6,1
1097.49,0.8333,135.57,961.92,5,1
849.95,0.3333,129.05,720.9,2,1
875.88,0.5,84.73,791.15,3,1
1313.1,1.1667,187.97,1125.13,7,1
804.57,0.3333,76.11,728.46,2,1
739.11,0.1667,111.16,627.95,1,1
1045.61,0.8333,113.95,931.67,5,1
696.7,0.1667,53.62,643.08,1,1
906.32,0.5,122.73,783.59,3,1
900.87,0.5,139.97,760.9,3,1
633.55,0.0,113.68,519.87,0,1
908.64,0.3333,157.49,751.15,2,1
1064.45,0.8333,132.78,931.67,5,1
773.8,0.1667,123.16,650.64,1,1
894.45,0.5,110.86,783.59,3,1
1000.52,0.6667,146.68,853.85,4,1
682.2,0.1667,61.81,620.38,1,1
797.34,0.3333,99.14,698.21,2,1
1139.96,0.6667,233.16,906.79,4,1
1120.3,0.8333,158.38,961.92,5,1
766.41,0.3333,98.46,667.95,2,1
814.3,0.1667,193.92,620.38,1,1
702.63,0.1667,82.24,620.38,1,1
624.6,0.0,97.16,527.44,0,1
1110.18,0.6667,210.95,899.23,4,1
1092.48,0.6667,215.95,876.54,4,1
993.97,0.6667,109.86,884.1,4,1
799.22,0.3333,78.32,720.9,2,1
650.81,0.0,108.24,542.56,0,1
823.68,0.3333,110.35,713.33,2,1
1066.5,0.6667,159.7,906.79,4,1
637.7,0.0,95.14,542.56,0,1
724.84,0.1667,89.32,635.51,1,1
784.64,0.3333,86.43,698.21,2,1
996.94,0.5,145.27,851.67,3,1
1129.87,0.8333,160.38,969.49,5,1
1362.13,1.0,329.95,1032.18,6,1
1148.62,1.0,131.57,1017.05,6,1
1199.38,0.8333,237.46,961.92,5,1
760.87,0.1667,140.49,620.38,1,1
909.41,0.3333,188.51,720.9,2,1
904.01,0.3333,183.11,720.9,2,1
720.98,0.0,193.54,527.44,0,1
865.0,0.3333,136.54,728.46,2,1
1125.61,0.6667,233.95,891.67,4,1
933.24,0.5,149.65,783.59,3,1
727.0,0.1667,99.05,627.95,1,1
717.24,0.1667,81.73,635.51,1,1
1177.94,0.8333,193.32,984.62,5,1
1133.34,0.8333,141.16,992.18,5,1
716.35,0.1667,88.41,627.95,1,1
883.2,0.3333,116.92,766.28,2,1
701.49,0.1667,81.11,620.38,1,1
789.46,0.3333,113.95,675.51,2,1
985.29,0.5,194.14,791.15,3,1
732.7,0.1667,89.62,643.08,1,1
711.28,0.3333,66.03,645.26,2,1
655.83,0.1667,65.7,590.13,1,1
693.8,0.1667,88.54,605.26,1,1
935.22,0.5,106.24,828.97,3,1
669.28,0.1667,64.03,605.26,1,1
1056.16,0.8333,132.05,924.1,5,1
883.76,0.5,122.86,760.9,3,1
689.1,0.3333,51.41,637.69,2,1
953.33,0.5,124.35,828.97,3,1
841.34,0.3333,150.7,690.64,2,1
621.97,0.0,79.41,542.56,0,1
1445.4,1.5,240.27,1205.13,9,1
854.81,0.5,71.22,783.59,3,1
780.69,0.3333,74.92,705.77,2,1
616.08,0.0,73.51,542.56,0,1
1074.54,0.8333,112.62,961.92,5,1
836.63,0.3333,130.86,705.77,2,1
679.33,0.1667,66.51,612.82,1,1
1021.69,0.6667,130.03,891.67,4,1
616.27,0.0,88.84,527.44,0,1
582.93,0.0,70.62,512.31,0,1
929.97,0.3333,186.38,743.59,2,1
1005.14,0.6667,136.16,868.97,4,1
1344.21,1.1667,211.51,1132.69,7,1
718.7,0.1667,75.62,643.08,1,1
1067.07,0.6667,160.27,906.79,4,1
973.95,0.6667,112.54,861.41,4,1
744.49,0.3333,76.54,667.95,2,1
718.38,0.1667,90.43,627.95,1,1
705.85,0.1667,108.16,597.69,1,1
884.74,0.1667,271.92,612.82,1,1
1088.65,0.8333,126.73,961.92,5,1
1403.09,1.0,363.35,1039.74,6,1
1292.26,1.0,207.14,1085.13,6,1
1178.4,0.8333,186.22,992.18,5,1
1002.73,0.6667,133.76,868.97,4,1
992.84,0.5,163.86,828.97,3,1
867.81,0.5,84.22,783.59,3,1
1154.67,0.8333,162.49,992.18,5,1
631.6,0.0,104.16,527.44,0,1
805.95,0.3333,92.62,713.33,2,1
584.6,0.0,64.73,519.87,0,1
626.34,0.0,76.22,550.13,0,1
900.62,0.5,117.03,783.59,3,1
1138.94,0.8333,146.76,992.18,5,1
858.82,0.5,113.05,745.77,3,1
902.14,0.5,133.68,768.46,3,1
878.3,0.3333,142.27,736.03,2,1
984.18,0.5,193.03,791.15,3,1
1027.08,0.6667,158.11,868.97,4,1
592.08,0.0,49.51,542.56,0,1
924.26,0.5,117.97,806.28,3,1
1105.72,0.6667,214.05,891.67,4,1
744.02,0.1667,100.95,643.08,1,1
708.85,0.1667,111.16,597.69,1,1
745.08,0.1667,109.57,635.51,1,1
603.59,0.0,61.03,542.56,0,1
722.63,0.3333,69.81,652.82,2,1
688.77,0.1667,83.51,605.26,1,1
572.33,0.0,60.03,512.31,0,1
756.74,0.3333,96.35,660.38,2,1
804.31,0.5,66.11,738.21,3,1
586.57,0.0,66.7,519.87,0,1
931.73,0.5,155.7,776.03,3,1
756.47,0.1667,136.08,620.38,1,1
903.67,0.5,112.51,791.15,3,1
629.59,0.0,87.03,542.56,0,1
1070.62,0.8333,154.08,916.54,5,1
810.01,0.3333,104.24,705.77,2,1
955.55,0.6667,94.14,861.41,4,1
983.95,0.5,154.97,828.97,3,1
896.83,0.5,113.24,783.59,3,1
907.03,0.5,138.57,768.46,3,1
1047.31,0.6667,148.08,899.23,4,1
878.57,0.5,102.54,776.03,3,1
985.47,0.6667,146.76,838.72,4,1
887.7,0.3333,151.68,736.03,2,1
1203.92,1.0,141.49,1062.44,6,1
1334.28,1.3333,146.46,1187.82,8,1
1160.06,0.8333,205.7,954.36,5,1
785.57,0.3333,110.05,675.51,2,1
1102.3,0.6667,225.76,876.54,4,1
918.1,0.5,126.95,791.15,3,1
644.42,0.0,86.73,557.69,0,1
1633.94,1.6667,275.35,1358.59,10,1
873.51,0.3333,122.35,751.15,2,1
1032.21,0.6667,155.68,876.54,4,1
1150.92,0.8333,173.86,977.05,5,1
885.82,0.3333,172.49,713.33,2,1
827.5,0.3333,114.16,713.33,2,1
761.19,0.3333,78.11,683.08,2,1
1116.41,1.0,122.05,994.36,6,1
649.8,0.1667,52.11,597.69,1,1
1235.21,1.1667,170.59,1064.62,7,1
1123.74,0.8333,169.38,954.36,5,1
1155.61,0.8333,223.95,931.67,5,1
753.4,0.1667,102.76,650.64,1,1
878.6,0.5,125.27,753.33,3,1
725.76,0.1667,90.24,635.51,1,1
1134.12,0.8333,187.32,946.79,5,1
963.18,0.5,179.59,783.59,3,1
793.59,0.3333,102.95,690.64,2,1
639.78,0.1667,57.22,582.56,1,1
943.87,0.5,175.41,768.46,3,1
558.12,0.0,45.81,512.31,0,1
791.46,0.1667,148.38,643.08,1,1
1400.49,1.3333,205.11,1195.38,8,1
885.22,0.6667,84.32,800.9,4,1
1028.73,0.6667,152.19,876.54,4,1
1073.81,0.6667,189.7,884.1,4,1
1016.35,0.6667,147.38,868.97,4,1
581.65,0.0,54.22,527.44,0,1
1009.41,0.6667,148.0,861.41,4,1
731.25,0.1667,110.86,620.38,1,1
821.76,0.3333,153.81,667.95,2,1
795.16,0.3333,112.08,683.08,2,1
