"Total_Cost","Ratio_Reloc_Prod","Horiz_Cost","Vert_Cost","nReloc","non_Optimal"
220832.08,0.4413,30262.5,190569.67,662,150
1320.48,0.2,182.41,1138.08,2,1
1537.21,0.5,150.54,1386.67,5,1
1442.03,0.4,178.57,1263.46,4,1
1851.82,0.8,216.57,1635.26,8,1
2095.61,0.9,420.35,1675.26,9,1
1781.26,0.8,214.08,1567.18,8,1
1233.72,0.2,148.59,1085.13,2,1
1498.47,0.4,197.19,1301.28,4,1
1219.63,0.2,157.19,1062.44,2,1
1270.44,0.3,168.0,1102.44,3,1
1247.88,0.2,162.76,1085.13,2,1
1553.68,0.5,250.22,1303.46,5,1
1350.46,0.4,139.95,1210.51,4,1
1770.75,0.8,218.7,1552.05,8,1
1303.93,0.3,148.54,1155.38,3,1
1895.03,1.0,217.59,1677.44,10,1
2101.69,1.0,325.92,1775.77,10,1
1076.31,0.0,169.51,906.79,0,1
1317.33,0.3,161.95,1155.38,3,1
1543.9,0.3,328.0,1215.9,3,1
1491.18,0.5,157.46,1333.72,5,1
1232.04,0.1,224.73,1007.31,1,1
1764.32,0.7,244.7,1519.62,7,1
1351.47,0.4,156.08,1195.38,4,1
1785.1,0.7,257.92,1527.18,7,1
1613.57,0.5,242.03,1371.54,5,1
1293.42,0.2,185.59,1107.82,2,1
1305.52,0.3,142.57,1162.95,3,1
1795.11,0.8,258.19,1536.92,8,1
1500.53,0.3,299.76,1200.77,3,1
2178.28,1.2,307.38,1870.9,12,1
1726.6,0.7,237.24,1489.36,7,1
1490.4,0.5,179.38,1311.03,5,1
1468.06,0.4,212.16,1255.9,4,1
1440.29,0.4,207.08,1233.21,4,1
1301.63,0.3,161.38,1140.26,3,1
1343.35,0.3,165.27,1178.08,3,1
1258.72,0.3,126.03,1132.69,3,1
1677.34,0.7,203.11,1474.23,7,1
986.35,0.0,102.24,884.1,0,1
1489.99,0.5,216.78,1273.21,5,1
1527.85,0.6,146.57,1381.28,6,1
1323.49,0.2,261.05,1062.44,2,1
1083.49,0.1,129.14,954.36,1,1
1507.48,0.6,141.32,1366.15,6,1
1237.02,0.1,244.84,992.18,1,1
1531.56,0.6,157.84,1373.72,6,1
1634.85,0.7,213.57,1421.28,7,1
1749.75,0.6,323.08,1426.67,6,1
1470.17,0.4,229.41,1240.77,4,1
1543.81,0.6,192.78,1351.03,6,1
1502.23,0.5,160.95,1341.28,5,1
1492.64,0.5,174.05,1318.59,5,1
1159.05,0.1,189.57,969.49,1,1
1698.19,0.6,241.27,1456.92,6,1
1278.45,0.2,178.19,1100.26,2,1
1436.94,0.3,258.86,1178.08,3,1
1583.05,0.5,264.46,1318.59,5,1
1485.24,0.5,219.59,1265.64,5,1
1251.42,0.3,118.73,1132.69,3,1
1883.94,0.9,216.24,1667.69,9,1
1555.29,0.6,181.57,1373.72,6,1
1396.37,0.4,178.3,1218.08,4,1
1615.77,0.6,242.05,1373.72,6,1
1682.76,0.7,246.35,1436.41,7,1
1591.32,0.6,179.78,1411.54,6,1
1261.94,0.3,129.24,1132.69,3,1
1194.01,0.2,139.14,1054.87,2,1
1631.69,0.6,265.54,1366.15,6,1
1147.78,0.2,123.16,1024.62,2,1
1612.39,0.5,278.68,1333.72,5,1
1764.68,0.8,235.32,1529.36,8,1
1437.72,0.4,212.08,1225.64,4,1
1577.96,0.6,211.81,1366.15,6,1
1716.63,0.6,274.84,1441.79,6,1
1352.32,0.2,221.81,1130.51,2,1
1046.54,0.0,124.62,921.92,0,1
1238.14,0.2,168.14,1070.0,2,1
1382.49,0.2,259.54,1122.95,2,1
1294.58,0.2,201.89,1092.69,2,1
1924.84,1.0,292.78,1632.05,10,1
1573.19,0.6,161.65,1411.54,6,1
1252.56,0.3,127.43,1125.13,3,1
1892.72,0.9,285.54,1607.18,9,1
1615.34,0.6,188.68,1426.67,6,1
1270.82,0.2,170.57,1100.26,2,1
1366.53,0.4,133.32,1233.21,4,1
1806.89,0.8,254.84,1552.05,8,1
1027.74,0.0,120.95,906.79,0,1
1367.78,0.4,157.27,1210.51,4,1
1819.23,0.8,305.0,1514.23,8,1
1567.76,0.5,203.78,1363.97,5,1
1395.8,0.3,202.59,1193.21,3,1
1874.98,0.8,285.11,1589.87,8,1
1352.37,0.3,174.3,1178.08,3,1
1500.53,0.3,299.76,1200.77,3,1
1298.88,0.3,166.19,1132.69,3,1
1132.37,0.1,147.76,984.62,1,1
1215.58,0.1,223.41,992.18,1,1
1296.99,0.3,156.73,1140.26,3,1
1340.03,0.3,177.08,1162.95,3,1
1831.69,0.9,209.38,1622.31,9,1
1885.35,0.9,232.78,1652.56,9,1
1790.85,0.7,301.49,1489.36,7,1
1151.63,0.1,136.76,1014.87,1,1
1130.07,0.2,90.32,1039.74,2,1
1511.77,0.5,178.05,1333.72,5,1
1513.0,0.5,194.41,1318.59,5,1
1524.7,0.4,261.24,1263.46,4,1
1445.14,0.4,181.68,1263.46,4,1
1580.57,0.6,184.16,1396.41,6,1
1371.25,0.3,208.3,1162.95,3,1
1338.32,0.3,160.24,1178.08,3,1
1338.65,0.4,143.27,1195.38,4,1
1636.44,0.7,154.65,1481.79,7,1
1000.7,0.0,131.73,868.97,0,1
1384.15,0.4,150.95,1233.21,4,1
1454.65,0.5,158.76,1295.9,5,1
1787.1,0.7,259.92,1527.18,7,1
1492.44,0.4,289.49,1202.95,4,1
1201.85,0.1,202.11,999.74,1,1
1590.41,0.6,201.57,1388.85,6,1
1319.26,0.3,186.57,1132.69,3,1
1550.03,0.5,254.14,1295.9,5,1
1555.44,0.4,314.68,1240.77,4,1
1541.73,0.5,177.76,1363.97,5,1
1494.11,0.4,223.08,1271.03,4,1
1695.93,0.7,206.57,1489.36,7,1
1077.74,0.1,130.95,946.79,1,1
1405.45,0.5,132.24,1273.21,5,1
1204.0,0.2,141.57,1062.44,2,1
1488.8,0.6,175.59,1313.21,6,1
1410.98,0.4,162.65,1248.33,4,1
1453.2,0.3,252.43,1200.77,3,1
1464.25,0.4,215.92,1248.33,4,1
1623.63,0.6,227.22,1396.41,6,1
1230.6,0.3,135.73,1094.87,3,1
1752.88,0.7,278.65,1474.23,7,1
1236.41,0.1,213.97,1022.44,1,1
1404.01,0.3,203.24,1200.77,3,1
1246.27,0.3,136.27,1110.0,3,1
1726.6,0.7,222.11,1504.49,7,1
1478.5,0.4,237.73,1240.77,4,1
1844.63,0.8,262.32,1582.31,8,1
1219.26,0.2,134.14,1085.13,2,1
1544.44,0.3,343.68,1200.77,3,1
1294.59,0.3,169.46,1125.13,3,1
1477.27,0.4,213.81,1263.46,4,1
1034.74,0.1,95.51,939.23,1,1
1417.77,0.4,169.43,1248.33,4,1
