"Total_Cost","Ratio_Reloc_Prod","Horiz_Cost","Vert_Cost","nReloc","non_Optimal"
250314.16,0.502,55529.68,194784.53,753,247
811.13,0.6,75.11,736.03,3,1
556.04,0.0,83.73,472.31,0,0
603.19,0.0,100.62,502.56,0,0
711.93,0.2,146.68,565.26,1,1
526.95,0.0,92.46,434.49,0,1
765.16,0.6,89.65,675.51,3,1
680.04,0.4,67.22,612.82,2,1
538.09,0.0,73.35,464.74,0,0
1674.21,1.0,903.57,770.64,5,1
747.89,0.4,119.95,627.95,2,0
838.92,0.6,118.03,720.9,3,1
815.39,0.6,102.05,713.33,3,1
673.76,0.4,45.81,627.95,2,1
930.97,0.6,187.38,743.59,3,1
1287.78,1.6,162.65,1125.13,8,1
634.36,0.2,61.54,572.82,1,1
530.85,0.0,66.11,464.74,0,0
737.03,0.4,116.65,620.38,2,1
938.23,1.0,99.51,838.72,5,1
478.65,0.0,51.73,426.92,0,1
538.85,0.0,74.11,464.74,0,0
1019.17,0.8,205.32,813.85,4,1
794.5,0.6,141.68,652.82,3,1
1543.58,1.0,750.24,793.33,5,1
839.51,0.6,148.86,690.64,3,1
1032.83,0.8,234.11,798.72,4,1
1334.58,0.6,689.32,645.26,3,1
927.34,0.8,121.05,806.28,4,1
573.09,0.0,108.35,464.74,0,0
850.98,0.6,137.65,713.33,3,1
675.75,0.2,118.05,557.69,1,0
724.15,0.2,158.89,565.26,1,1
636.99,0.2,71.73,565.26,1,1
869.76,0.6,148.86,720.9,3,1
777.56,0.6,86.92,690.64,3,1
814.1,0.6,123.46,690.64,3,1
665.8,0.2,100.54,565.26,1,0
495.67,0.0,53.62,442.05,0,1
640.56,0.2,90.43,550.13,1,1
658.52,0.2,131.08,527.44,1,1
579.89,0.0,130.27,449.62,0,1
1868.6,1.8,726.16,1142.44,9,1
573.52,0.0,101.22,472.31,0,1
1228.94,0.6,598.81,630.13,3,1
660.38,0.2,72.43,587.95,1,0
623.95,0.2,88.95,535.0,1,1
606.84,0.4,39.41,567.44,2,1
1142.53,1.4,170.86,971.67,7,1
636.24,0.2,86.11,550.13,1,1
676.93,0.2,111.68,565.26,1,1
814.85,0.6,116.65,698.21,3,1
897.95,0.8,137.05,760.9,4,1
752.79,0.6,84.84,667.95,3,1
708.51,0.4,73.0,635.51,2,1
748.63,0.4,128.24,620.38,2,1
896.73,0.6,160.7,736.03,3,1
1420.74,0.8,727.92,692.82,4,1
634.23,0.2,76.54,557.69,1,0
827.76,0.6,91.73,736.03,3,1
460.06,0.0,40.7,419.36,0,0
1046.21,0.8,270.19,776.03,4,1
1067.44,1.2,173.59,893.85,6,1
899.79,0.8,146.46,753.33,4,1
950.97,0.8,167.38,783.59,4,1
700.77,0.4,87.95,612.82,2,0
1017.09,1.0,155.68,861.41,5,1
990.19,1.0,113.65,876.54,5,1
663.15,0.2,158.41,504.74,1,1
571.77,0.0,99.46,472.31,0,1
645.44,0.2,125.57,519.87,1,1
739.55,0.4,126.73,612.82,2,1
442.23,0.0,38.0,404.23,0,1
617.65,0.4,50.22,567.44,2,1
888.34,0.8,142.57,745.77,4,1
482.05,0.0,40.0,442.05,0,1
890.55,0.8,129.65,760.9,4,1
923.37,0.8,192.73,730.64,4,1
984.06,1.0,175.59,808.46,5,1
898.06,0.8,137.16,760.9,4,1
763.5,0.4,150.68,612.82,2,1
2043.5,1.8,923.76,1119.74,9,1
889.95,0.6,169.05,720.9,3,1
974.27,0.6,230.68,743.59,3,1
1024.67,1.0,193.51,831.15,5,1
920.05,0.6,244.54,675.51,3,1
506.05,0.0,64.0,442.05,0,0
779.54,0.6,104.03,675.51,3,1
824.06,0.4,211.24,612.82,2,1
466.87,0.0,47.51,419.36,0,1
2081.82,1.0,1296.05,785.77,5,1
909.4,0.6,158.24,751.15,3,1
656.05,0.2,105.92,550.13,1,0
663.63,0.4,50.81,612.82,2,1
672.59,0.2,122.46,550.13,1,1
967.92,0.4,332.41,635.51,2,1
845.87,0.6,177.92,667.95,3,1
534.47,0.0,69.73,464.74,0,0
903.71,0.6,190.38,713.33,3,1
878.96,0.6,173.19,705.77,3,0
1541.81,0.8,879.24,662.56,4,1
727.43,0.4,91.92,635.51,2,1
949.15,0.8,150.43,798.72,4,1
819.15,0.6,120.95,698.21,3,1
566.13,0.0,108.95,457.18,0,0
743.9,0.6,83.51,660.38,3,1
602.56,0.2,60.0,542.56,1,0
655.64,0.2,105.51,550.13,1,0
846.01,0.6,193.19,652.82,3,1
765.21,0.2,207.51,557.69,1,0
685.02,0.4,87.32,597.69,2,1
1049.21,0.6,411.51,637.69,3,1
741.37,0.4,90.73,650.64,2,1
440.2,0.0,28.41,411.79,0,1
437.9,0.0,26.11,411.79,0,0
830.23,0.4,224.97,605.26,2,1
705.37,0.4,107.68,597.69,2,1
452.06,0.0,32.7,419.36,0,0
441.31,0.0,29.51,411.79,0,0
1294.19,1.2,377.65,916.54,6,1
569.85,0.0,97.54,472.31,0,0
736.92,0.4,169.49,567.44,2,1
780.2,0.6,127.38,652.82,3,1
1013.66,1.2,127.38,886.28,6,1
498.78,0.0,56.73,442.05,0,0
705.2,0.2,192.89,512.31,1,1
758.27,0.4,175.7,582.56,2,1
783.25,0.4,162.86,620.38,2,1
1298.35,1.6,233.73,1064.62,8,1
1672.03,1.2,823.57,848.46,6,1
1065.24,0.8,289.22,776.03,4,1
833.56,0.4,182.92,650.64,2,1
818.96,0.6,120.76,698.21,3,1
559.2,0.0,79.32,479.87,0,0
687.02,0.4,89.32,597.69,2,1
892.24,0.8,108.65,783.59,4,1
1016.69,1.2,137.97,878.72,6,1
953.59,0.8,170.0,783.59,4,1
500.27,0.0,73.35,426.92,0,1
708.44,0.4,95.62,612.82,2,1
772.2,0.4,159.38,612.82,2,1
552.66,0.0,133.3,419.36,0,0
551.67,0.0,102.05,449.62,0,1
648.57,0.2,113.57,535.0,1,1
887.08,0.8,111.05,776.03,4,1
752.96,0.6,100.14,652.82,3,1
805.33,0.6,84.43,720.9,3,1
521.05,0.0,71.43,449.62,0,0
927.67,0.8,197.03,730.64,4,1
804.87,0.6,144.49,660.38,3,1
662.42,0.2,150.11,512.31,1,1
824.15,0.4,226.46,597.69,2,1
1152.47,1.4,165.68,986.79,7,1
1111.09,1.0,257.24,853.85,5,1
813.67,0.6,123.03,690.64,3,1
778.21,0.6,95.14,683.08,3,1
632.48,0.2,89.92,542.56,1,1
691.53,0.6,61.41,630.13,3,1
1108.79,1.2,214.95,893.85,6,1
756.57,0.6,88.62,667.95,3,0
951.91,0.6,208.32,743.59,3,1
649.29,0.2,106.73,542.56,1,0
609.98,0.0,137.68,472.31,0,1
763.27,0.4,127.76,635.51,2,1
680.5,0.2,115.24,565.26,1,0
1047.6,1.0,186.19,861.41,5,1
1205.22,1.2,243.3,961.92,6,1
988.44,0.6,267.54,720.9,3,1
1178.29,1.0,339.57,838.72,5,1
1010.92,0.8,189.51,821.41,4,1
769.3,0.4,133.78,635.51,2,1
795.85,0.6,97.65,698.21,3,1
1046.59,1.0,162.49,884.1,5,1
932.19,0.8,156.16,776.03,4,1
1792.85,1.0,1014.65,778.21,5,1
1096.09,1.0,189.3,906.79,5,1
731.33,0.4,110.95,620.38,2,0
982.62,1.0,113.65,868.97,5,1
588.66,0.2,83.92,504.74,1,1
611.35,0.2,83.92,527.44,1,1
1269.9,1.2,376.05,893.85,6,1
632.28,0.2,67.03,565.26,1,1
733.04,0.4,127.78,605.26,2,1
692.91,0.4,87.65,605.26,2,1
649.57,0.2,114.57,535.0,1,1
587.88,0.0,115.57,472.31,0,0
779.51,0.6,96.43,683.08,3,1
832.06,0.6,164.11,667.95,3,1
840.19,0.8,71.73,768.46,4,1
510.96,0.0,46.22,464.74,0,0
1312.27,1.0,564.32,747.95,5,1
678.72,0.2,113.46,565.26,1,1
1075.5,1.0,176.27,899.23,5,1
808.94,0.6,125.86,683.08,3,1
931.61,0.8,140.46,791.15,4,1
1738.41,1.4,797.0,941.41,7,1
562.47,0.0,90.16,472.31,0,1
1026.92,1.0,165.51,861.41,5,1
800.2,0.6,94.43,705.77,3,1
991.56,0.8,200.41,791.15,4,1
607.65,0.2,80.22,527.44,1,0
838.9,0.6,125.57,713.33,3,1
1631.33,1.2,782.86,848.46,6,1
1369.18,0.6,731.49,637.69,3,1
853.2,0.6,139.86,713.33,3,1
572.15,0.0,99.84,472.31,0,0
941.37,0.8,157.78,783.59,4,1
1174.74,1.2,235.51,939.23,6,1
825.55,0.4,159.78,665.77,2,1
1324.85,0.6,687.16,637.69,3,1
864.36,0.6,143.46,720.9,3,1
558.66,0.0,93.92,464.74,0,1
776.95,0.4,156.57,620.38,2,0
1180.92,0.4,598.35,582.56,2,1
607.79,0.0,135.49,472.31,0,0
619.82,0.2,99.95,519.87,1,1
831.35,0.6,148.27,683.08,3,1
884.6,0.6,216.65,667.95,3,1
736.7,0.4,146.57,590.13,2,1
533.82,0.0,61.51,472.31,0,0
857.6,0.8,89.14,768.46,4,1
669.47,0.2,96.65,572.82,1,1
649.2,0.2,83.95,565.26,1,1
950.32,0.8,174.3,776.03,4,1
685.5,0.4,87.81,597.69,2,1
579.13,0.2,81.95,497.18,1,1
450.31,0.0,38.51,411.79,0,1
687.96,0.4,75.14,612.82,2,1
458.98,0.0,39.62,419.36,0,0
963.75,1.0,140.16,823.59,5,1
681.98,0.2,109.16,572.82,1,0
745.25,0.4,124.86,620.38,2,1
990.97,0.8,214.95,776.03,4,1
715.66,0.4,102.84,612.82,2,1
1819.31,1.0,1033.54,785.77,5,1
556.07,0.0,91.32,464.74,0,0
781.67,0.6,91.03,690.64,3,1
715.42,0.4,110.16,605.26,2,1
682.77,0.2,178.03,504.74,1,1
850.14,0.8,142.19,707.95,4,1
809.99,0.8,64.22,745.77,4,1
623.24,0.2,73.11,550.13,1,0
798.39,0.6,145.57,652.82,3,0
994.47,0.6,288.7,705.77,3,1
1267.76,1.0,512.24,755.51,5,1
747.12,0.4,88.92,658.21,2,1
660.84,0.4,85.84,575.0,2,1
563.83,0.0,106.65,457.18,0,1
1451.78,0.8,721.14,730.64,4,1
943.59,0.8,167.57,776.03,4,1
980.08,1.0,103.54,876.54,5,1
986.21,0.8,210.19,776.03,4,1
814.52,0.6,146.57,667.95,3,0
680.7,0.2,130.57,550.13,1,1
861.93,0.8,123.73,738.21,4,1
775.26,0.4,170.0,605.26,2,1
982.98,0.4,423.11,559.87,2,1
856.19,0.6,173.11,683.08,3,1
668.8,0.4,71.11,597.69,2,1
791.69,0.4,186.43,605.26,2,1
852.72,0.8,106.95,745.77,4,1
455.17,0.0,35.81,419.36,0,0
705.33,0.2,193.03,512.31,1,1
733.61,0.4,75.41,658.21,2,1
1148.67,1.0,317.51,831.15,5,1
748.68,0.2,213.68,535.0,1,1
1578.32,0.6,963.32,615.0,3,1
1288.04,0.6,635.22,652.82,3,1
573.82,0.2,61.51,512.31,1,1
930.8,0.8,139.65,791.15,4,1
737.38,0.4,109.43,627.95,2,0
499.62,0.0,65.14,434.49,0,1
660.94,0.2,118.38,542.56,1,1
775.47,0.4,155.08,620.38,2,1
607.32,0.0,157.7,449.62,0,0
575.94,0.2,78.76,497.18,1,1
846.0,0.4,218.05,627.95,2,1
671.13,0.2,128.57,542.56,1,1
891.4,0.8,100.24,791.15,4,1
725.0,0.4,81.92,643.08,2,1
505.68,0.0,78.76,426.92,0,1
824.17,0.6,110.84,713.33,3,1
450.76,0.0,31.41,419.36,0,0
800.21,0.6,117.14,683.08,3,1
1074.63,0.4,522.32,552.31,2,1
729.19,0.4,86.11,643.08,2,1
576.64,0.2,87.03,489.62,1,1
1682.34,0.8,936.57,745.77,4,1
682.72,0.2,117.46,565.26,1,0
887.79,0.8,134.46,753.33,4,1
736.18,0.4,138.49,597.69,2,1
947.95,0.6,234.62,713.33,3,1
1305.41,1.0,436.43,868.97,5,1
733.23,0.2,160.41,572.82,1,1
1088.95,1.0,235.11,853.85,5,1
607.73,0.2,72.73,535.0,1,1
701.0,0.2,166.0,535.0,1,0
1045.26,1.0,161.16,884.1,5,1
722.27,0.2,179.7,542.56,1,1
1007.25,0.8,193.41,813.85,4,1
547.07,0.0,82.32,464.74,0,0
