"Total_Cost","Ratio_Reloc_Prod","Horiz_Cost","Vert_Cost","nReloc","non_Optimal"
280398.35,0.788,67266.2,213131.96,1182,208
1314.34,1.4,395.62,918.72,7,1
512.28,0.0,100.49,411.79,0,0
686.91,0.4,157.3,529.62,2,1
426.62,0.0,37.51,389.1,0,0
632.07,0.4,102.46,529.62,2,0
514.98,0.0,88.05,426.92,0,0
438.81,0.0,49.7,389.1,0,0
827.89,0.8,119.95,707.95,4,1
801.99,0.8,131.86,670.13,4,1
804.0,0.8,141.43,662.56,4,1
807.55,0.6,162.3,645.26,3,1
571.93,0.2,120.14,451.79,1,0
821.81,0.6,214.38,607.44,3,1
1247.47,1.2,406.57,840.9,6,1
687.67,0.4,150.49,537.18,2,0
477.71,0.0,65.92,411.79,0,0
859.21,0.8,189.08,670.13,4,1
739.2,0.6,146.89,592.31,3,1
610.06,0.2,82.62,527.44,1,0
1243.81,1.4,347.78,896.03,7,1
798.51,0.6,183.51,615.0,3,0
625.46,0.2,143.41,482.05,1,0
831.47,0.8,138.65,692.82,4,1
845.48,0.8,167.78,677.69,4,1
831.79,0.8,138.97,692.82,4,1
634.11,0.4,112.05,522.05,2,0
578.11,0.2,96.05,482.05,1,0
924.26,1.0,146.05,778.21,5,1
597.29,0.2,107.68,489.62,1,0
1501.01,1.8,434.22,1066.79,9,1
900.74,0.8,154.97,745.77,4,1
488.71,0.0,76.92,411.79,0,0
1399.71,1.4,465.86,933.85,7,1
1015.01,1.2,181.68,833.33,6,1
896.06,0.8,188.11,707.95,4,1
872.31,0.6,219.49,652.82,3,1
902.22,0.8,194.27,707.95,4,1
918.22,0.8,217.84,700.38,4,1
783.48,0.6,145.78,637.69,3,0
506.85,0.0,95.05,411.79,0,0
763.51,0.6,133.38,630.13,3,1
1064.66,1.0,278.89,785.77,5,1
749.45,0.6,111.76,637.69,3,0
862.52,0.6,209.7,652.82,3,1
1846.25,2.0,618.43,1227.82,10,1
681.74,0.4,129.43,552.31,2,0
520.18,0.0,115.95,404.23,0,0
1064.62,1.2,201.03,863.59,6,1
679.51,0.4,96.95,582.56,2,1
493.07,0.0,88.84,404.23,0,0
1016.11,1.2,167.65,848.46,6,1
678.25,0.4,125.95,552.31,2,1
1053.65,0.8,345.7,707.95,4,1
506.17,0.0,86.81,419.36,0,0
834.8,0.8,149.54,685.26,4,1
808.0,0.6,185.43,622.56,3,0
966.37,1.0,203.3,763.08,5,1
2186.65,1.4,1184.73,1001.92,7,1
501.04,0.0,89.24,411.79,0,1
1108.25,1.4,174.41,933.85,7,1
748.67,0.4,211.49,537.18,2,1
1424.5,1.8,312.32,1112.18,9,1
644.73,0.4,69.73,575.0,2,0
630.09,0.4,70.22,559.87,2,0
1038.93,1.2,205.59,833.33,6,1
1750.89,1.2,834.35,916.54,6,1
1221.12,0.8,467.78,753.33,4,1
764.88,0.6,172.57,592.31,3,0
697.16,0.4,167.54,529.62,2,0
697.09,0.2,177.22,519.87,1,0
613.64,0.2,116.46,497.18,1,0
1357.7,1.8,268.22,1089.49,9,1
832.61,0.8,147.35,685.26,4,1
781.56,0.6,143.86,637.69,3,0
907.5,1.0,121.73,785.77,5,1
860.14,0.8,152.19,707.95,4,1
931.9,1.0,138.57,793.33,5,0
1366.95,1.8,285.03,1081.92,9,1
1288.34,1.6,216.16,1072.18,8,1
758.25,0.6,105.43,652.82,3,0
1440.96,1.8,374.16,1066.79,9,1
852.86,0.8,122.22,730.64,4,1
1843.95,1.2,889.59,954.36,6,1
1070.45,1.2,199.3,871.15,6,1
1518.58,1.8,398.84,1119.74,9,1
834.43,0.8,111.35,723.08,4,1
1134.73,1.2,286.27,848.46,6,1
874.47,0.8,174.08,700.38,4,1
553.11,0.2,78.62,474.49,1,0
493.85,0.0,82.05,411.79,0,1
472.72,0.0,76.05,396.67,0,0
950.17,1.0,164.41,785.77,5,1
594.42,0.2,97.24,497.18,1,0
2621.54,1.4,1619.62,1001.92,7,1
1079.13,1.2,223.11,856.03,6,1
1316.67,1.6,259.62,1057.05,8,1
712.59,0.4,122.46,590.13,2,0
1323.15,0.8,532.0,791.15,4,1
1658.96,1.0,827.81,831.15,5,1
982.67,1.2,172.03,810.64,6,1
1084.62,1.2,236.16,848.46,6,1
1192.81,1.0,429.73,763.08,5,1
772.32,0.6,149.76,622.56,3,1
988.37,1.2,117.22,871.15,6,1
1028.07,1.2,149.35,878.72,6,1
477.05,0.0,87.95,389.1,0,0
725.79,0.4,165.92,559.87,2,1
794.49,0.6,194.62,599.87,3,1
1359.13,0.6,668.49,690.64,3,1
1167.85,1.4,234.0,933.85,7,1
882.84,0.8,174.89,707.95,4,1
1968.65,2.2,632.76,1335.9,11,1
673.0,0.4,90.43,582.56,2,1
997.12,1.0,218.92,778.21,5,1
950.93,0.8,258.11,692.82,4,1
1655.76,1.0,847.3,808.46,5,1
622.61,0.2,170.81,451.79,1,0
1319.38,1.6,330.41,988.97,8,1
945.07,1.0,166.86,778.21,5,1
515.39,0.0,111.16,404.23,0,0
929.2,1.0,135.86,793.33,5,1
944.51,1.0,120.92,823.59,5,1
495.23,0.0,98.57,396.67,0,0
727.09,0.6,81.84,645.26,3,1
840.81,0.6,165.3,675.51,3,1
650.88,0.4,106.14,544.74,2,0
543.46,0.2,61.41,482.05,1,0
1187.6,1.4,253.76,933.85,7,1
528.09,0.2,68.73,459.36,1,0
512.92,0.0,86.0,426.92,0,0
664.47,0.4,119.73,544.74,2,0
546.27,0.2,64.22,482.05,1,0
667.12,0.4,107.24,559.87,2,1
764.98,0.6,112.16,652.82,3,0
915.2,1.0,129.43,785.77,5,1
585.57,0.2,118.65,466.92,1,0
627.27,0.4,44.7,582.56,2,0
1558.84,2.2,283.46,1275.38,11,1
1058.65,1.0,257.76,800.9,5,1
1016.8,1.0,231.03,785.77,5,1
853.37,0.8,115.16,738.21,4,1
1043.11,1.2,187.08,856.03,6,1
584.19,0.2,102.14,482.05,1,0
662.36,0.4,110.05,552.31,2,0
591.24,0.2,116.76,474.49,1,0
779.67,0.6,141.97,637.69,3,0
986.8,1.0,201.03,785.77,5,1
874.72,0.8,144.08,730.64,4,1
801.73,0.6,179.16,622.56,3,0
609.24,0.2,134.76,474.49,1,1
1325.54,1.6,283.62,1041.92,8,1
634.35,0.4,66.92,567.44,2,0
1015.0,1.2,158.97,856.03,6,1
1009.5,1.0,170.78,838.72,5,1
865.46,0.6,258.03,607.44,3,1
877.38,0.8,161.86,715.51,4,1
475.45,0.0,71.22,404.23,0,0
768.7,0.6,138.57,630.13,3,1
1125.93,1.4,199.65,926.28,7,1
891.79,1.0,83.32,808.46,5,1
453.77,0.0,57.11,396.67,0,0
650.08,0.4,67.51,582.56,2,0
485.42,0.0,73.62,411.79,0,0
858.56,0.8,120.35,738.21,4,1
1099.5,1.4,112.7,986.79,7,1
858.15,0.8,180.46,677.69,4,0
1177.47,1.4,243.62,933.85,7,1
945.37,1.0,167.16,778.21,5,1
1390.94,1.4,426.84,964.1,7,1
488.66,0.0,84.43,404.23,0,0
466.45,0.0,62.22,404.23,0,0
998.23,1.0,212.46,785.77,5,1
615.55,0.2,156.19,459.36,1,0
888.1,0.8,157.46,730.64,4,1
2108.29,1.2,1176.62,931.67,6,1
873.16,0.8,210.59,662.56,4,1
1440.64,1.8,320.89,1119.74,9,1
1230.88,1.6,204.08,1026.79,8,1
778.61,0.6,133.35,645.26,3,1
1064.38,1.2,215.92,848.46,6,1
757.55,0.6,97.16,660.38,3,1
795.74,0.6,135.35,660.38,3,1
891.13,0.8,228.57,662.56,4,1
788.27,0.6,165.7,622.56,3,1
803.6,0.6,135.65,667.95,3,1
1100.91,1.2,222.19,878.72,6,1
573.76,0.2,99.27,474.49,1,1
600.94,0.2,118.89,482.05,1,0
940.37,0.8,209.73,730.64,4,1
736.59,0.6,106.46,630.13,3,1
774.6,0.6,182.3,592.31,3,1
1119.24,1.2,202.7,916.54,6,1
1038.36,1.2,197.46,840.9,6,1
536.15,0.2,84.35,451.79,1,0
1193.48,1.4,236.95,956.54,7,1
2158.64,1.4,1118.89,1039.74,7,1
1133.01,1.4,199.16,933.85,7,1
750.57,0.6,135.57,615.0,3,1
1045.2,1.2,151.35,893.85,6,1
716.51,0.4,133.95,582.56,2,1
619.37,0.4,74.62,544.74,2,0
700.18,0.6,54.92,645.26,3,0
701.14,0.6,86.14,615.0,3,1
867.76,0.8,152.24,715.51,4,1
920.6,0.8,212.65,707.95,4,1
747.31,0.6,102.05,645.26,3,0
878.2,0.8,177.81,700.38,4,1
973.57,1.0,165.11,808.46,5,1
777.49,0.6,162.49,615.0,3,1
2482.72,1.8,1241.95,1240.77,9,1
736.98,0.4,169.54,567.44,2,1
1077.96,1.4,159.24,918.72,7,1
795.37,0.6,157.68,637.69,3,1
913.11,0.8,212.73,700.38,4,1
1792.7,1.2,876.16,916.54,6,1
775.08,0.6,167.65,607.44,3,1
867.76,0.8,167.38,700.38,4,1
828.67,0.8,98.03,730.64,4,1
796.14,0.8,103.32,692.82,4,0
450.51,0.0,61.41,389.1,0,0
897.09,0.8,196.7,700.38,4,1
861.97,0.8,146.46,715.51,4,0
1067.11,1.2,211.08,856.03,6,1
1437.95,1.0,568.97,868.97,5,1
1360.33,1.2,466.49,893.85,6,1
919.23,0.8,165.89,753.33,4,1
761.02,0.6,138.46,622.56,3,1
844.26,0.8,159.0,685.26,4,1
1375.19,1.6,318.14,1057.05,8,1
1490.17,1.0,643.89,846.28,5,1
1106.41,1.2,205.0,901.41,6,1
1073.65,1.4,132.24,941.41,7,1
582.79,0.2,115.86,466.92,1,0
577.98,0.2,111.05,466.92,1,0
746.96,0.6,94.14,652.82,3,1
857.69,0.8,164.86,692.82,4,1
675.64,0.4,85.51,590.13,2,1
573.78,0.2,91.73,482.05,1,0
3251.61,2.8,1576.35,1675.26,14,1
455.64,0.0,66.54,389.1,0,0
869.36,0.8,168.97,700.38,4,1
749.74,0.4,197.43,552.31,2,0
2145.36,1.4,1158.57,986.79,7,1
853.82,0.6,201.0,652.82,3,0
604.83,0.4,75.22,529.62,2,0
602.57,0.2,82.7,519.87,1,0
1115.55,1.4,189.27,926.28,7,1
692.95,0.4,117.95,575.0,2,1
799.65,0.6,177.08,622.56,3,0
1079.14,1.0,285.81,793.33,5,1
654.57,0.4,87.14,567.44,2,1
866.48,0.8,188.78,677.69,4,1
911.46,1.0,148.38,763.08,5,1
641.31,0.4,104.14,537.18,2,0
1061.78,1.2,190.62,871.15,6,1
603.98,0.2,152.19,451.79,1,0
486.97,0.0,44.92,442.05,0,0
1265.82,1.6,239.03,1026.79,8,1
632.47,0.4,87.73,544.74,2,0
939.76,1.0,199.38,740.38,5,1
2156.8,1.8,984.11,1172.69,9,1
983.6,1.0,182.7,800.9,5,1
1067.6,1.2,226.7,840.9,6,1
705.06,0.4,152.76,552.31,2,0
1091.21,1.4,180.05,911.15,7,1
1099.74,1.2,221.03,878.72,6,1
2112.91,1.4,1088.3,1024.62,7,1
906.9,0.8,206.51,700.38,4,1
1059.84,1.2,203.81,856.03,6,1
704.32,0.4,174.7,529.62,2,0
1178.69,1.4,267.54,911.15,7,1
1195.58,1.6,176.35,1019.23,8,1
1134.22,1.4,200.38,933.85,7,1
1479.14,2.0,296.7,1182.44,10,1
824.53,0.8,146.84,677.69,4,1
1511.02,1.6,438.84,1072.18,8,1
748.38,0.6,133.38,615.0,3,1
1766.42,0.8,1028.22,738.21,4,1
1357.87,1.8,275.95,1081.92,9,1
966.42,1.0,195.78,770.64,5,1
1409.33,1.6,367.41,1041.92,8,1
1011.46,1.2,110.05,901.41,6,1
719.54,0.4,136.97,582.56,2,0
596.67,0.2,107.05,489.62,1,0
934.96,0.8,242.14,692.82,4,1
649.98,0.4,82.54,567.44,2,0
779.63,0.6,134.38,645.26,3,1
829.84,0.8,114.32,715.51,4,1
649.63,0.4,97.32,552.31,2,1
890.66,0.8,144.89,745.77,4,1
1774.91,1.2,843.24,931.67,6,1
660.07,0.4,130.46,529.62,2,1
1407.15,1.6,395.49,1011.67,8,1
817.74,0.8,117.35,700.38,4,1
505.85,0.0,94.05,411.79,0,0
751.02,0.6,113.32,637.69,3,1
655.73,0.4,80.73,575.0,2,0
697.77,0.4,145.46,552.31,2,1
520.28,0.0,116.05,404.23,0,0
992.68,1.0,191.78,800.9,5,1
