"Total_Cost","Ratio_Reloc_Prod","Horiz_Cost","Vert_Cost","nReloc","non_Optimal"
254976.49,0.7487,46761.07,208215.43,1123,5
429.51,0.0,40.41,389.1,0,0
563.18,0.2,66.0,497.18,1,0
597.51,0.2,115.46,482.05,1,0
719.19,0.6,111.76,607.44,3,0
472.28,0.0,68.05,404.23,0,0
722.68,0.6,115.24,607.44,3,0
890.52,1.0,150.14,740.38,5,0
570.86,0.2,88.81,482.05,1,0
718.69,0.6,133.95,584.74,3,0
1222.06,1.6,248.22,973.85,8,0
464.51,0.0,75.41,389.1,0,0
687.45,0.4,150.27,537.18,2,0
925.52,0.8,225.14,700.38,4,0
870.83,0.8,147.76,723.08,4,0
1065.7,1.2,202.11,863.59,6,0
620.49,0.2,146.0,474.49,1,0
936.11,1.0,180.59,755.51,5,0
567.14,0.2,92.65,474.49,1,0
758.61,0.6,113.35,645.26,3,0
780.47,0.6,180.59,599.87,3,0
1112.46,1.4,224.0,888.46,7,0
590.65,0.2,116.16,474.49,1,0
771.8,0.6,141.68,630.13,3,0
583.51,0.2,109.03,474.49,1,0
1018.22,1.2,169.76,848.46,6,0
810.34,0.6,180.22,630.13,3,0
917.39,1.0,184.57,732.82,5,0
579.24,0.0,137.19,442.05,0,0
522.49,0.0,88.0,434.49,0,0
634.91,0.2,130.16,504.74,1,0
507.34,0.0,95.54,411.79,0,0
534.16,0.0,92.11,442.05,0,0
975.64,1.0,205.0,770.64,5,0
1110.34,1.2,284.57,825.77,6,0
778.54,0.6,155.97,622.56,3,0
1102.96,1.4,176.68,926.28,7,0
460.02,0.0,70.92,389.1,0,0
687.66,0.4,135.35,552.31,2,0
863.35,0.8,140.27,723.08,4,0
691.77,0.4,139.46,552.31,2,0
772.58,0.6,119.76,652.82,3,0
697.3,0.4,129.86,567.44,2,0
606.16,0.2,131.68,474.49,1,0
961.96,0.8,269.14,692.82,4,0
903.02,0.6,280.46,622.56,3,0
1039.04,1.0,253.27,785.77,5,0
1071.19,1.0,255.16,816.03,5,0
574.58,0.0,162.78,411.79,0,0
623.87,0.2,149.38,474.49,1,0
1041.77,1.2,155.49,886.28,6,0
836.84,0.8,136.46,700.38,4,0
658.3,0.4,98.43,559.87,2,0
479.09,0.0,59.73,419.36,0,0
800.08,0.6,124.57,675.51,3,0
761.67,0.6,123.97,637.69,3,0
713.64,0.6,75.95,637.69,3,0
944.88,1.0,159.11,785.77,5,0
1038.03,1.2,182.0,856.03,6,0
1200.31,1.6,181.08,1019.23,8,0
643.79,0.4,83.92,559.87,2,0
808.82,0.6,156.0,652.82,3,0
1174.64,1.4,271.05,903.59,7,0
1268.81,1.6,279.84,988.97,8,0
666.55,0.4,106.68,559.87,2,0
961.76,1.0,206.24,755.51,5,0
785.45,0.6,140.19,645.26,3,0
891.92,0.8,176.41,715.51,4,0
675.03,0.4,100.03,575.0,2,0
868.42,1.0,90.22,778.21,5,0
517.28,0.0,113.05,404.23,0,0
1105.17,1.4,178.89,926.28,7,0
917.53,1.0,131.76,785.77,5,0
680.74,0.4,120.86,559.87,2,0
761.59,0.6,131.46,630.13,3,0
1272.83,1.6,268.73,1004.1,8,0
579.79,0.2,112.86,466.92,1,0
687.17,0.4,134.86,552.31,2,0
571.81,0.2,97.32,474.49,1,0
478.49,0.0,44.0,434.49,0,0
735.99,0.6,90.73,645.26,3,0
836.73,0.6,214.16,622.56,3,0
1123.51,1.2,267.49,856.03,6,0
521.91,0.0,117.68,404.23,0,0
671.27,0.4,103.84,567.44,2,0
961.0,1.0,144.97,816.03,5,0
906.14,1.0,105.24,800.9,5,0
1011.28,1.0,217.95,793.33,5,0
702.27,0.4,127.27,575.0,2,0
496.71,0.0,77.35,419.36,0,0
686.2,0.4,133.89,552.31,2,0
719.55,0.6,66.73,652.82,3,0
696.29,0.4,106.16,590.13,2,0
946.88,0.8,216.24,730.64,4,0
516.64,0.0,119.97,396.67,0,0
658.56,0.4,68.43,590.13,2,0
1335.79,1.8,200.92,1134.87,9,0
1425.91,2.0,213.22,1212.69,10,0
539.03,0.0,112.11,426.92,0,0
769.8,0.6,124.54,645.26,3,0
1039.96,1.0,261.76,778.21,5,0
952.83,1.0,129.24,823.59,5,0
756.4,0.6,126.27,630.13,3,0
738.27,0.4,155.7,582.56,2,0
1022.83,1.0,199.24,823.59,5,0
562.7,0.2,80.65,482.05,1,0
805.03,0.6,190.03,615.0,3,0
1018.25,1.2,169.78,848.46,6,0
448.06,0.0,28.7,419.36,0,0
908.39,0.8,170.19,738.21,4,0
955.97,1.0,192.89,763.08,5,0
914.95,0.8,199.43,715.51,4,0
715.37,0.4,170.62,544.74,2,0
1033.99,1.2,155.27,878.72,6,0
994.61,1.0,216.41,778.21,5,0
757.54,0.6,134.97,622.56,3,0
1595.29,2.2,342.59,1252.69,11,0
763.32,0.6,80.24,683.08,3,1
745.77,0.6,92.95,652.82,3,0
790.31,0.6,145.05,645.26,3,0
519.91,0.0,123.24,396.67,0,0
1088.6,1.2,240.14,848.46,6,0
1027.03,1.0,226.14,800.9,5,0
818.74,0.6,173.49,645.26,3,0
498.13,0.0,101.46,396.67,0,0
528.7,0.0,139.59,389.1,0,0
871.82,0.8,126.05,745.77,4,0
1024.3,1.2,168.27,856.03,6,0
960.62,1.0,152.16,808.46,5,0
1380.15,1.8,252.84,1127.31,9,0
744.35,0.4,176.92,567.44,2,0
856.68,0.6,249.24,607.44,3,0
766.99,0.4,237.38,529.62,2,0
1206.94,1.6,195.27,1011.67,8,0
589.98,0.2,138.19,451.79,1,0
661.57,0.4,94.14,567.44,2,0
545.12,0.0,125.76,419.36,0,0
829.0,0.8,105.92,723.08,4,0
1211.14,1.6,176.78,1034.36,8,0
706.56,0.4,108.86,597.69,2,0
476.0,0.0,41.51,434.49,0,1
547.53,0.0,143.3,404.23,0,0
1165.66,1.4,171.3,994.36,7,0
1320.63,1.8,185.76,1134.87,9,0
952.44,1.0,166.68,785.77,5,0
910.83,1.0,87.24,823.59,5,0
941.08,1.0,125.05,816.03,5,0
901.75,0.8,171.11,730.64,4,0
927.82,1.0,142.05,785.77,5,0
751.01,0.4,198.7,552.31,2,0
659.16,0.4,144.68,514.49,2,0
1527.82,2.2,252.43,1275.38,11,0
1135.34,1.4,163.68,971.67,7,0
543.56,0.2,61.51,482.05,1,0
558.29,0.2,76.24,482.05,1,1
701.66,0.4,141.78,559.87,2,0
502.83,0.0,106.16,396.67,0,0
654.38,0.4,86.95,567.44,2,0
758.8,0.4,214.05,544.74,2,0
677.61,0.4,132.86,544.74,2,0
627.56,0.4,97.95,529.62,2,0
848.94,0.8,186.38,662.56,4,0
1166.24,1.4,209.7,956.54,7,0
843.64,0.8,113.0,730.64,4,0
1109.68,1.4,175.84,933.85,7,0
569.71,0.2,57.41,512.31,1,0
844.01,0.8,98.24,745.77,4,0
915.29,0.8,192.22,723.08,4,0
1066.76,1.2,210.73,856.03,6,0
821.93,0.8,136.68,685.26,4,0
880.11,0.8,164.59,715.51,4,0
590.79,0.2,139.0,451.79,1,0
868.44,0.8,168.05,700.38,4,0
831.56,0.8,100.92,730.64,4,0
1192.79,1.6,211.38,981.41,8,0
479.43,0.0,29.81,449.62,0,0
666.62,0.4,91.62,575.0,2,0
1068.07,1.2,181.78,886.28,6,0
752.3,0.6,91.92,660.38,3,0
544.99,0.2,47.81,497.18,1,0
598.49,0.2,131.57,466.92,1,0
930.6,0.8,230.22,700.38,4,0
791.67,0.6,116.16,675.51,3,1
1051.09,1.2,149.68,901.41,6,0
576.92,0.2,94.86,482.05,1,0
661.57,0.4,94.14,567.44,2,0
622.55,0.4,77.81,544.74,2,0
1051.81,1.2,135.27,916.54,6,0
825.16,0.8,109.65,715.51,4,0
1299.81,1.6,242.76,1057.05,8,0
1200.25,1.4,258.84,941.41,7,0
958.64,1.0,188.0,770.64,5,0
1337.43,1.8,247.95,1089.49,9,0
801.57,0.6,141.19,660.38,3,0
1243.04,1.6,223.81,1019.23,8,0
1644.9,2.4,284.14,1360.77,12,0
547.1,0.2,49.92,497.18,1,0
777.64,0.4,240.46,537.18,2,0
1418.25,2.0,235.81,1182.44,10,0
1155.71,1.4,214.3,941.41,7,0
610.2,0.2,158.41,451.79,1,0
1074.49,1.2,173.08,901.41,6,0
860.33,0.8,152.38,707.95,4,0
676.01,0.4,131.27,544.74,2,0
917.21,1.0,93.62,823.59,5,0
677.76,0.4,102.76,575.0,2,0
790.14,0.8,97.32,692.82,4,0
470.49,0.0,36.0,434.49,0,0
1377.84,1.8,242.97,1134.87,9,0
1057.88,1.0,279.68,778.21,5,0
874.79,0.8,174.41,700.38,4,0
802.55,0.8,109.73,692.82,4,0
834.56,0.6,204.43,630.13,3,1
880.8,0.8,142.59,738.21,4,0
730.33,0.4,162.89,567.44,2,0
496.24,0.0,107.14,389.1,0,0
1597.01,2.4,228.68,1368.33,12,0
721.66,0.4,161.78,559.87,2,0
1059.27,1.2,210.81,848.46,6,0
1299.64,1.8,187.46,1112.18,9,0
839.18,0.8,161.49,677.69,4,0
836.11,0.8,128.16,707.95,4,0
539.43,0.0,150.32,389.1,0,0
961.86,0.8,246.35,715.51,4,0
932.42,1.0,154.22,778.21,5,0
736.09,0.6,75.7,660.38,3,0
1084.55,1.4,143.14,941.41,7,0
740.14,0.6,87.32,652.82,3,0
821.85,0.6,176.59,645.26,3,0
847.91,0.8,124.84,723.08,4,0
825.75,0.6,195.62,630.13,3,0
703.4,0.4,173.78,529.62,2,0
967.04,1.0,173.7,793.33,5,0
859.8,0.6,214.54,645.26,3,0
1061.0,1.2,144.46,916.54,6,0
874.51,0.8,159.0,715.51,4,0
816.27,0.4,241.27,575.0,2,0
732.7,0.6,102.57,630.13,3,0
762.4,0.6,132.27,630.13,3,0
842.41,0.8,134.46,707.95,4,0
1153.71,1.2,259.86,893.85,6,0
759.19,0.6,144.19,615.0,3,0
664.98,0.4,97.54,567.44,2,0
940.75,0.8,263.05,677.69,4,0
480.58,0.0,76.35,404.23,0,0
906.31,1.0,120.54,785.77,5,0
551.55,0.2,46.81,504.74,1,0
674.1,0.4,91.54,582.56,2,0
1040.56,1.2,176.97,863.59,6,0
1146.63,1.2,260.35,886.28,6,0
910.9,0.8,218.08,692.82,4,0
690.72,0.4,145.97,544.74,2,0
969.13,1.2,105.54,863.59,6,0
1128.53,1.4,156.86,971.67,7,0
964.45,1.0,140.86,823.59,5,0
1001.5,1.0,215.73,785.77,5,0
848.22,0.8,140.27,707.95,4,0
645.22,0.4,70.22,575.0,2,0
913.14,0.8,220.32,692.82,4,0
687.58,0.4,150.41,537.18,2,0
953.61,1.0,175.41,778.21,5,0
1288.65,1.6,299.68,988.97,8,0
859.0,0.8,143.49,715.51,4,0
943.44,0.8,243.05,700.38,4,0
815.25,0.8,114.86,700.38,4,0
596.08,0.2,114.03,482.05,1,0
674.96,0.4,122.65,552.31,2,0
607.45,0.2,110.27,497.18,1,0
743.14,0.6,90.32,652.82,3,0
779.69,0.4,234.95,544.74,2,0
891.69,0.8,206.43,685.26,4,0
1291.04,1.6,264.24,1026.79,8,0
530.55,0.0,118.76,411.79,0,0
784.57,0.6,169.57,615.0,3,0
1130.96,1.2,252.24,878.72,6,0
1070.52,1.2,169.11,901.41,6,0
492.01,0.0,72.65,419.36,0,0
823.71,0.8,115.76,707.95,4,0
1343.81,1.8,254.32,1089.49,9,0
665.89,0.4,136.27,529.62,2,0
1021.97,1.2,158.38,863.59,6,0
903.91,0.8,226.22,677.69,4,0
973.31,1.2,87.03,886.28,6,0
1087.97,1.2,179.0,908.97,6,0
1090.06,1.2,196.22,893.85,6,0
1141.53,1.4,169.86,971.67,7,0
1037.15,1.0,258.95,778.21,5,0
1587.34,2.2,334.65,1252.69,11,0
909.52,0.8,216.7,692.82,4,0
762.63,0.6,155.19,607.44,3,0
724.86,0.6,94.73,630.13,3,0
1016.34,1.2,130.05,886.28,6,0
734.75,0.4,205.14,529.62,2,0
1274.97,1.6,270.86,1004.1,8,0
1085.45,1.2,214.3,871.15,6,0
560.07,0.0,163.41,396.67,0,0
909.62,0.8,186.54,723.08,4,0
1016.97,1.2,100.43,916.54,6,0
1239.35,1.4,290.38,948.97,7,0
950.42,1.0,179.78,770.64,5,0
697.62,0.4,168.0,529.62,2,0
