"Total_Cost","Ratio_Reloc_Prod","Horiz_Cost","Vert_Cost","nReloc","non_Optimal"
223791.18,0.442,34868.53,188922.8,663,135
657.95,0.2,62.43,595.51,1,0
782.46,0.2,239.89,542.56,1,1
661.79,0.2,73.84,587.95,1,0
910.53,0.8,104.24,806.28,4,1
524.83,0.0,67.65,457.18,0,0
941.79,0.8,127.95,813.85,4,1
718.97,0.4,68.32,650.64,2,0
1147.05,1.2,162.43,984.62,6,1
1066.55,0.8,260.27,806.28,4,0
1062.24,1.0,185.7,876.54,5,1
1035.99,1.0,151.89,884.1,5,1
864.91,0.6,166.7,698.21,3,1
561.25,0.0,88.95,472.31,0,1
695.08,0.4,52.0,643.08,2,1
574.63,0.0,94.76,479.87,0,1
876.46,0.6,148.0,728.46,3,0
645.5,0.2,80.24,565.26,1,0
591.18,0.2,101.57,489.62,1,0
684.08,0.4,109.08,575.0,2,1
556.96,0.2,52.22,504.74,1,0
653.97,0.2,103.84,550.13,1,0
632.0,0.2,89.43,542.56,1,0
652.01,0.2,86.76,565.26,1,1
752.93,0.4,147.68,605.26,2,0
703.8,0.4,98.54,605.26,2,1
692.09,0.4,86.84,605.26,2,0
729.5,0.4,116.68,612.82,2,0
866.11,0.8,97.65,768.46,4,0
614.78,0.2,72.22,542.56,1,0
681.44,0.4,68.62,612.82,2,1
1025.51,1.2,116.54,908.97,6,1
919.65,1.0,118.76,800.9,5,1
962.26,1.0,123.54,838.72,5,0
1292.17,1.4,229.73,1062.44,7,0
617.71,0.0,145.41,472.31,0,1
443.9,0.0,32.11,411.79,0,1
628.97,0.2,78.84,550.13,1,1
739.38,0.4,111.43,627.95,2,1
904.58,0.4,246.38,658.21,2,0
726.74,0.2,161.49,565.26,1,1
695.13,0.4,59.62,635.51,2,1
1510.33,0.8,809.95,700.38,4,1
534.18,0.0,69.43,464.74,0,0
692.05,0.2,149.49,542.56,1,1
774.07,0.4,115.86,658.21,2,1
1003.12,1.0,149.27,853.85,5,0
525.97,0.0,76.35,449.62,0,1
872.2,0.8,118.86,753.33,4,1
734.14,0.4,113.76,620.38,2,1
984.43,0.6,248.41,736.03,3,0
651.6,0.2,71.22,580.38,1,0
1167.88,1.2,228.65,939.23,6,1
558.57,0.0,71.14,487.44,0,0
795.66,0.6,97.46,698.21,3,0
720.16,0.6,52.22,667.95,3,1
731.46,0.4,95.95,635.51,2,0
1170.51,1.4,206.41,964.1,7,0
650.08,0.4,67.51,582.56,2,0
811.28,0.4,145.51,665.77,2,1
647.35,0.0,197.73,449.62,0,0
972.18,0.8,181.03,791.15,4,0
988.26,0.8,189.54,798.72,4,0
875.73,0.8,107.27,768.46,4,1
798.69,0.4,140.49,658.21,2,0
522.29,0.0,80.24,442.05,0,1
686.77,0.4,81.51,605.26,2,0
863.67,0.6,127.65,736.03,3,0
611.48,0.0,154.3,457.18,0,1
873.87,0.6,152.97,720.9,3,1
793.97,0.6,118.46,675.51,3,1
923.63,1.0,137.86,785.77,5,1
481.72,0.0,32.11,449.62,0,0
636.16,0.2,101.16,535.0,1,0
519.66,0.0,54.92,464.74,0,0
456.17,0.0,36.81,419.36,0,0
541.53,0.2,51.92,489.62,1,0
917.23,0.8,179.03,738.21,4,0
775.83,0.6,92.76,683.08,3,1
786.04,0.6,87.84,698.21,3,0
489.19,0.0,54.7,434.49,0,1
843.95,0.6,123.05,720.9,3,0
588.58,0.2,83.84,504.74,1,1
658.91,0.4,61.22,597.69,2,0
912.39,0.8,98.54,813.85,4,1
858.0,0.6,174.92,683.08,3,1
699.22,0.2,164.22,535.0,1,0
540.19,0.2,58.14,482.05,1,1
619.29,0.2,76.73,542.56,1,0
456.76,0.0,37.41,419.36,0,0
1219.23,1.6,139.49,1079.74,8,1
651.15,0.2,93.46,557.69,1,0
569.69,0.0,157.89,411.79,0,0
683.37,0.2,125.68,557.69,1,0
539.56,0.0,89.95,449.62,0,1
1033.6,1.2,185.14,848.46,6,1
639.1,0.2,96.54,542.56,1,1
916.32,0.8,125.16,791.15,4,0
821.3,0.4,200.92,620.38,2,0
632.19,0.2,104.76,527.44,1,0
1242.18,0.8,511.54,730.64,4,1
632.04,0.0,159.73,472.31,0,1
892.79,1.0,84.32,808.46,5,0
738.27,0.6,70.32,667.95,3,0
775.86,0.4,132.78,643.08,2,1
733.82,0.6,73.43,660.38,3,0
999.12,1.0,145.27,853.85,5,1
773.09,0.4,160.27,612.82,2,0
510.72,0.0,61.11,449.62,0,1
578.33,0.2,66.03,512.31,1,0
1090.2,1.2,135.84,954.36,6,1
815.77,0.6,102.43,713.33,3,0
710.01,0.2,137.19,572.82,1,1
758.8,0.2,193.54,565.26,1,1
764.56,0.4,106.35,658.21,2,1
651.32,0.2,108.76,542.56,1,1
679.32,0.2,144.32,535.0,1,1
595.37,0.2,90.62,504.74,1,0
925.91,1.0,94.76,831.15,5,1
761.4,0.4,110.76,650.64,2,0
551.79,0.0,71.92,479.87,0,0
825.21,0.8,102.14,723.08,4,1
1182.88,1.4,196.08,986.79,7,0
693.87,0.2,121.05,572.82,1,0
614.76,0.2,87.32,527.44,1,0
842.69,0.6,144.49,698.21,3,1
648.15,0.2,143.41,504.74,1,0
792.76,0.4,164.81,627.95,2,0
491.67,0.0,49.62,442.05,0,0
635.82,0.2,131.08,504.74,1,1
720.3,0.4,92.35,627.95,2,0
808.08,0.6,132.57,675.51,3,1
788.28,0.2,215.46,572.82,1,1
517.45,0.0,52.7,464.74,0,1
952.69,1.0,166.92,785.77,5,0
621.37,0.2,78.81,542.56,1,0
751.63,0.6,98.81,652.82,3,1
839.41,0.6,179.03,660.38,3,0
853.47,0.6,147.7,705.77,3,1
551.02,0.0,108.97,442.05,0,0
708.07,0.6,77.95,630.13,3,1
703.58,0.2,145.89,557.69,1,0
915.38,0.8,154.49,760.9,4,1
870.95,0.8,110.05,760.9,4,1
880.87,0.8,119.97,760.9,4,1
484.14,0.0,57.22,426.92,0,0
855.52,0.6,127.05,728.46,3,0
884.77,0.6,179.0,705.77,3,0
502.86,0.0,60.81,442.05,0,1
705.78,0.4,115.65,590.13,2,0
1016.97,1.0,148.0,868.97,5,0
878.51,0.6,142.49,736.03,3,0
648.26,0.2,98.14,550.13,1,0
454.06,0.0,34.7,419.36,0,0
736.03,0.4,115.65,620.38,2,1
696.77,0.2,123.95,572.82,1,0
536.78,0.2,54.73,482.05,1,1
610.14,0.2,75.14,535.0,1,1
775.79,0.4,155.41,620.38,2,1
653.58,0.2,88.32,565.26,1,0
846.98,0.8,78.51,768.46,4,1
808.47,0.6,163.22,645.26,3,1
856.19,0.8,87.73,768.46,4,0
605.69,0.2,100.95,504.74,1,1
569.22,0.0,89.35,479.87,0,1
509.18,0.0,52.0,457.18,0,1
708.73,0.4,141.3,567.44,2,1
744.75,0.4,86.54,658.21,2,0
930.99,0.6,232.78,698.21,3,0
829.76,0.6,93.73,736.03,3,1
760.91,0.6,77.84,683.08,3,0
643.88,0.2,78.62,565.26,1,0
506.97,0.0,64.92,442.05,0,1
849.19,0.6,113.16,736.03,3,0
649.2,0.2,83.95,565.26,1,0
633.39,0.4,73.51,559.87,2,0
846.51,0.8,115.86,730.64,4,0
494.17,0.0,67.24,426.92,0,0
530.4,0.0,88.35,442.05,0,0
658.94,0.4,68.81,590.13,2,1
602.89,0.2,60.32,542.56,1,0
1034.21,1.2,170.62,863.59,6,0
594.8,0.2,90.05,504.74,1,0
642.4,0.2,99.84,542.56,1,1
918.59,0.8,142.57,776.03,4,0
637.81,0.2,95.24,542.56,1,0
647.42,0.2,89.73,557.69,1,0
1145.4,1.2,168.35,977.05,6,0
936.8,0.8,145.65,791.15,4,0
530.21,0.0,88.16,442.05,0,1
872.78,0.8,96.76,776.03,4,1
945.57,0.8,177.11,768.46,4,0
884.78,0.8,108.76,776.03,4,0
791.52,0.4,178.7,612.82,2,0
575.79,0.2,55.92,519.87,1,0
638.46,0.4,71.03,567.44,2,0
882.63,0.8,136.86,745.77,4,0
954.83,1.0,131.24,823.59,5,1
512.48,0.0,70.43,442.05,0,0
456.76,0.0,37.41,419.36,0,0
651.88,0.2,101.76,550.13,1,1
730.32,0.6,54.81,675.51,3,1
703.85,0.4,106.16,597.69,2,0
840.42,0.6,149.78,690.64,3,1
1231.5,1.4,199.32,1032.18,7,0
975.5,1.0,136.78,838.72,5,0
1184.24,1.4,167.19,1017.05,7,0
805.1,0.4,146.89,658.21,2,0
753.35,0.6,77.84,675.51,3,1
483.16,0.0,41.11,442.05,0,1
715.87,0.4,103.05,612.82,2,1
537.31,0.0,65.0,472.31,0,1
540.69,0.2,43.51,497.18,1,1
483.36,0.0,56.43,426.92,0,1
805.5,0.4,147.3,658.21,2,1
880.84,0.8,119.95,760.9,4,1
978.73,0.8,210.27,768.46,4,0
942.8,1.0,111.65,831.15,5,1
666.2,0.2,100.95,565.26,1,0
917.88,0.8,126.73,791.15,4,0
853.5,0.8,107.73,745.77,4,1
1058.69,1.2,172.41,886.28,6,1
732.08,0.4,149.51,582.56,2,1
767.56,0.6,76.92,690.64,3,1
542.38,0.0,100.32,442.05,0,0
773.4,0.4,137.89,635.51,2,1
442.01,0.0,30.22,411.79,0,1
520.45,0.0,70.84,449.62,0,1
631.75,0.2,81.62,550.13,1,1
721.46,0.4,85.95,635.51,2,0
914.7,1.0,106.24,808.46,5,1
475.19,0.0,40.7,434.49,0,0
482.95,0.0,56.03,426.92,0,0
492.05,0.0,50.0,442.05,0,0
690.41,0.4,70.03,620.38,2,0
602.15,0.2,89.84,512.31,1,0
649.8,0.4,52.11,597.69,2,0
1119.05,1.2,202.51,916.54,6,1
1091.94,1.0,207.84,884.1,5,1
936.68,0.6,223.35,713.33,3,0
798.35,0.4,170.41,627.95,2,0
533.66,0.0,68.92,464.74,0,0
637.68,0.2,110.24,527.44,1,0
936.23,1.0,142.89,793.33,5,1
597.92,0.2,62.92,535.0,1,0
611.35,0.2,76.35,535.0,1,1
670.45,0.2,112.76,557.69,1,0
826.06,0.6,105.16,720.9,3,0
544.21,0.0,87.03,457.18,0,0
802.37,0.4,159.3,643.08,2,1
795.72,0.4,145.08,650.64,2,0
796.85,0.6,98.65,698.21,3,0
608.73,0.2,73.73,535.0,1,0
703.37,0.2,145.68,557.69,1,1
568.28,0.0,103.54,464.74,0,1
603.38,0.2,75.95,527.44,1,0
1139.39,1.4,160.16,979.23,7,1
619.61,0.2,61.92,557.69,1,1
541.04,0.0,68.73,472.31,0,0
559.47,0.0,94.73,464.74,0,1
764.67,0.4,129.16,635.51,2,1
480.65,0.0,53.73,426.92,0,0
526.05,0.0,76.43,449.62,0,0
637.61,0.0,180.43,457.18,0,1
973.94,1.0,142.78,831.15,5,0
629.86,0.2,79.73,550.13,1,1
951.77,1.0,97.92,853.85,5,0
978.51,0.8,194.92,783.59,4,1
798.46,0.4,155.38,643.08,2,0
623.1,0.2,80.54,542.56,1,0
652.23,0.2,94.54,557.69,1,0
843.96,0.6,138.19,705.77,3,0
899.5,0.8,161.3,738.21,4,1
996.44,1.2,95.03,901.41,6,0
593.19,0.2,50.62,542.56,1,0
687.76,0.2,160.32,527.44,1,1
710.27,0.2,167.7,542.56,1,1
548.78,0.2,66.73,482.05,1,1
926.91,0.8,135.76,791.15,4,0
610.8,0.2,106.05,504.74,1,0
764.49,0.6,96.54,667.95,3,1
783.33,0.6,115.38,667.95,3,0
816.84,0.6,148.89,667.95,3,0
942.94,0.8,151.78,791.15,4,0
847.99,0.8,117.35,730.64,4,1
814.48,0.8,83.84,730.64,4,0
707.27,0.2,164.7,542.56,1,0
858.79,0.6,130.32,728.46,3,0
849.16,0.6,113.14,736.03,3,0
605.89,0.2,63.32,542.56,1,1
580.98,0.2,61.11,519.87,1,0
770.44,0.4,142.49,627.95,2,0
715.55,0.2,135.16,580.38,1,0
807.79,0.4,134.46,673.33,2,1
459.36,0.0,40.0,419.36,0,0
556.78,0.0,107.16,449.62,0,0
772.8,0.4,122.16,650.64,2,1
538.46,0.2,56.41,482.05,1,0
565.58,0.2,60.84,504.74,1,1
842.37,0.8,111.73,730.64,4,0
687.23,0.4,74.41,612.82,2,1
