"Total_Cost","Ratio_Reloc_Prod","Horiz_Cost","Vert_Cost","nReloc","non_Optimal"
229289.05,0.486,35804.98,193484.07,729,133
562.56,0.0,60.0,502.56,0,0
1046.57,1.0,177.59,868.97,5,1
829.35,0.6,93.32,736.03,3,0
555.88,0.0,83.57,472.31,0,0
791.18,0.6,100.54,690.64,3,0
763.45,0.4,158.19,605.26,2,0
1144.93,1.2,190.57,954.36,6,0
614.5,0.2,56.81,557.69,1,0
941.28,0.6,227.95,713.33,3,0
653.37,0.2,110.81,542.56,1,1
1187.54,1.4,125.11,1062.44,7,0
710.63,0.4,90.24,620.38,2,1
894.37,0.8,95.65,798.72,4,0
1012.0,1.0,135.46,876.54,5,0
620.98,0.2,108.68,512.31,1,1
643.88,0.2,93.76,550.13,1,0
812.34,0.4,161.7,650.64,2,1
741.01,0.6,80.62,660.38,3,0
1055.66,1.2,116.43,939.23,6,0
1306.68,1.4,244.24,1062.44,7,0
901.8,0.6,196.03,705.77,3,0
787.72,0.4,137.08,650.64,2,0
802.2,0.4,128.86,673.33,2,1
902.9,0.6,197.14,705.77,3,0
803.29,0.4,145.08,658.21,2,0
488.46,0.0,46.41,442.05,0,0
804.39,0.4,146.19,658.21,2,0
761.81,0.4,133.86,627.95,2,0
670.83,0.4,80.7,590.13,2,0
521.29,0.0,64.11,457.18,0,1
714.93,0.4,94.54,620.38,2,1
819.02,0.8,95.95,723.08,4,1
557.7,0.2,22.7,535.0,1,0
809.26,0.8,78.62,730.64,4,1
793.32,0.6,110.24,683.08,3,0
629.69,0.4,32.0,597.69,2,1
954.87,1.0,101.03,853.85,5,0
742.19,0.4,114.24,627.95,2,0
624.94,0.2,67.24,557.69,1,0
440.06,0.0,20.7,419.36,0,0
932.06,0.8,163.59,768.46,4,0
519.41,0.0,100.05,419.36,0,0
804.01,0.6,98.24,705.77,3,1
1019.54,1.0,150.57,868.97,5,0
739.3,0.6,78.92,660.38,3,1
887.79,0.6,113.95,773.85,3,0
933.28,0.8,111.86,821.41,4,0
442.76,0.0,23.41,419.36,0,0
695.96,0.2,138.27,557.69,1,1
470.92,0.0,44.0,426.92,0,0
768.43,0.6,85.35,683.08,3,1
840.68,0.6,119.78,720.9,3,0
954.38,0.8,185.92,768.46,4,0
743.06,0.4,130.24,612.82,2,0
589.39,0.2,69.51,519.87,1,1
739.82,0.4,134.57,605.26,2,1
521.45,0.0,56.7,464.74,0,0
627.81,0.2,85.24,542.56,1,1
749.77,0.4,136.95,612.82,2,1
831.46,0.6,163.51,667.95,3,0
594.59,0.2,52.03,542.56,1,1
448.06,0.0,28.7,419.36,0,0
454.06,0.0,34.7,419.36,0,0
1059.3,1.0,190.32,868.97,5,1
700.41,0.4,80.03,620.38,2,1
643.08,0.4,60.51,582.56,2,0
719.58,0.4,106.76,612.82,2,1
519.74,0.0,55.0,464.74,0,0
633.1,0.4,35.41,597.69,2,0
580.37,0.2,75.62,504.74,1,1
492.63,0.0,80.84,411.79,0,1
571.98,0.2,52.11,519.87,1,1
638.91,0.2,81.22,557.69,1,0
461.58,0.0,42.22,419.36,0,0
1723.73,0.8,1000.65,723.08,4,1
694.11,0.4,73.73,620.38,2,1
577.23,0.2,64.92,512.31,1,0
832.45,0.8,94.24,738.21,4,1
1042.86,1.2,118.76,924.1,6,0
818.81,0.6,143.3,675.51,3,0
794.91,0.4,144.27,650.64,2,0
788.95,0.6,75.62,713.33,3,1
955.41,0.8,141.57,813.85,4,0
798.37,0.6,107.73,690.64,3,0
1140.19,1.2,178.27,961.92,6,0
747.13,0.4,104.05,643.08,2,1
534.8,0.0,77.62,457.18,0,0
601.04,0.2,103.86,497.18,1,0
718.03,0.4,97.65,620.38,2,1
1044.13,0.8,252.97,791.15,4,1
829.83,0.6,139.19,690.64,3,1
586.98,0.0,114.68,472.31,0,0
871.32,0.8,140.68,730.64,4,1
867.13,0.6,123.54,743.59,3,1
496.83,0.0,47.22,449.62,0,0
1221.26,1.4,189.08,1032.18,7,1
554.53,0.0,97.35,457.18,0,0
957.34,0.8,166.19,791.15,4,0
684.41,0.2,104.03,580.38,1,1
867.39,0.6,169.19,698.21,3,1
821.23,0.6,115.46,705.77,3,0
836.15,0.6,130.38,705.77,3,0
849.74,0.8,88.84,760.9,4,0
983.5,1.0,144.78,838.72,5,0
692.25,0.2,111.86,580.38,1,0
488.86,0.0,46.81,442.05,0,0
772.32,0.6,89.24,683.08,3,0
758.45,0.4,100.24,658.21,2,1
910.62,0.8,142.16,768.46,4,0
671.91,0.2,121.78,550.13,1,0
723.82,0.6,63.43,660.38,3,0
576.98,0.2,57.11,519.87,1,1
1013.59,0.8,222.43,791.15,4,0
857.62,0.6,129.16,728.46,3,0
660.88,0.2,110.76,550.13,1,0
533.86,0.0,84.24,449.62,0,0
982.13,1.0,150.97,831.15,5,1
1063.32,1.2,146.78,916.54,6,1
1148.29,1.0,324.7,823.59,5,1
783.23,0.6,85.03,698.21,3,1
770.48,0.6,79.84,690.64,3,0
884.24,0.8,100.65,783.59,4,0
719.36,0.4,106.54,612.82,2,0
505.24,0.0,55.62,449.62,0,0
579.74,0.0,107.43,472.31,0,1
770.1,0.6,87.03,683.08,3,1
1083.71,1.0,229.86,853.85,5,1
751.4,0.4,100.76,650.64,2,0
844.5,0.6,146.3,698.21,3,1
492.97,0.0,50.92,442.05,0,0
484.11,0.0,49.62,434.49,0,0
716.31,0.4,111.05,605.26,2,1
848.9,0.8,103.14,745.77,4,1
766.19,0.6,98.24,667.95,3,1
698.7,0.4,55.62,643.08,2,0
652.21,0.4,54.51,597.69,2,1
816.96,0.6,118.76,698.21,3,1
650.13,0.2,107.57,542.56,1,0
625.01,0.2,120.27,504.74,1,0
902.81,0.6,166.78,736.03,3,0
810.32,0.8,87.24,723.08,4,1
499.3,0.0,79.95,419.36,0,0
535.72,0.0,78.54,457.18,0,0
446.34,0.0,42.11,404.23,0,1
1012.96,0.6,367.7,645.26,3,1
1171.14,1.6,121.65,1049.49,8,1
990.38,1.0,113.84,876.54,5,1
660.59,0.4,78.03,582.56,2,0
662.41,0.2,134.97,527.44,1,0
1254.54,1.4,245.05,1009.49,7,0
547.68,0.0,67.81,479.87,0,0
673.91,0.4,76.22,597.69,2,1
763.89,0.4,128.38,635.51,2,0
939.65,0.8,171.19,768.46,4,0
853.37,0.8,115.16,738.21,4,1
691.56,0.6,61.43,630.13,3,1
566.97,0.0,132.49,434.49,0,0
883.19,0.8,107.16,776.03,4,0
642.6,0.2,62.22,580.38,1,0
742.43,0.6,66.92,675.51,3,1
709.11,0.4,88.73,620.38,2,0
778.34,0.6,80.14,698.21,3,1
562.64,0.0,105.46,457.18,0,1
582.87,0.2,108.38,474.49,1,0
478.61,0.0,66.81,411.79,0,0
665.83,0.2,123.27,542.56,1,0
491.86,0.0,49.81,442.05,0,0
949.8,0.8,151.08,798.72,4,0
910.35,0.6,181.89,728.46,3,0
991.8,0.2,487.05,504.74,1,1
870.32,0.6,194.81,675.51,3,1
798.2,0.4,124.86,673.33,2,0
721.74,0.2,141.35,580.38,1,0
532.69,0.0,75.51,457.18,0,0
751.74,0.4,146.49,605.26,2,1
752.08,0.4,169.51,582.56,2,1
453.47,0.0,34.11,419.36,0,1
613.43,0.2,78.43,535.0,1,0
678.47,0.4,73.22,605.26,2,0
602.67,0.2,60.11,542.56,1,0
786.78,0.6,96.14,690.64,3,0
581.98,0.2,62.11,519.87,1,1
749.93,0.6,89.54,660.38,3,0
473.47,0.0,54.11,419.36,0,0
901.16,1.0,92.7,808.46,5,1
857.32,0.6,113.73,743.59,3,1
690.03,0.2,109.65,580.38,1,0
693.4,0.4,103.27,590.13,2,1
924.54,1.0,100.95,823.59,5,1
507.53,0.0,57.92,449.62,0,0
1084.23,0.2,579.49,504.74,1,1
748.88,0.6,103.62,645.26,3,1
914.08,0.8,138.05,776.03,4,1
789.26,0.4,199.14,590.13,2,0
787.56,0.6,96.92,690.64,3,1
893.69,0.8,102.54,791.15,4,0
759.5,0.6,114.24,645.26,3,1
876.32,0.8,160.81,715.51,4,1
1059.09,1.2,157.68,901.41,6,0
811.59,0.4,168.51,643.08,2,1
915.98,0.8,162.65,753.33,4,1
516.78,0.0,74.73,442.05,0,0
874.79,0.6,153.89,720.9,3,0
639.75,0.2,89.62,550.13,1,0
719.1,0.2,161.41,557.69,1,1
1067.92,1.0,251.89,816.03,5,0
653.52,0.2,73.14,580.38,1,0
851.53,0.6,160.89,690.64,3,0
644.7,0.2,102.14,542.56,1,1
1068.0,1.0,199.03,868.97,5,1
803.13,0.6,120.05,683.08,3,1
632.88,0.2,67.62,565.26,1,0
676.8,0.2,126.68,550.13,1,1
683.79,0.4,63.41,620.38,2,1
910.28,0.8,149.38,760.9,4,0
831.38,0.6,155.86,675.51,3,0
476.06,0.0,56.7,419.36,0,1
913.89,1.0,105.43,808.46,5,0
537.88,0.0,73.14,464.74,0,1
844.67,0.8,114.03,730.64,4,0
1086.05,1.2,154.38,931.67,6,1
841.38,0.6,173.43,667.95,3,0
701.25,0.4,88.43,612.82,2,1
862.62,0.6,179.54,683.08,3,1
898.14,0.6,169.68,728.46,3,0
941.23,0.8,150.08,791.15,4,0
1268.46,1.6,211.41,1057.05,8,0
637.67,0.2,87.54,550.13,1,1
694.91,0.2,144.78,550.13,1,1
614.08,0.0,126.65,487.44,0,1
866.77,0.8,128.57,738.21,4,0
627.8,0.4,83.05,544.74,2,0
996.91,1.0,105.24,891.67,5,1
670.61,0.2,105.35,565.26,1,1
637.7,0.2,95.14,542.56,1,0
692.01,0.4,71.62,620.38,2,1
748.88,0.4,151.19,597.69,2,0
711.79,0.4,83.84,627.95,2,0
623.02,0.2,65.32,557.69,1,0
744.48,0.2,194.35,550.13,1,1
936.3,1.0,120.27,816.03,5,1
676.86,0.4,101.86,575.0,2,1
999.17,1.0,137.76,861.41,5,1
884.55,0.6,171.22,713.33,3,0
1033.89,1.2,117.35,916.54,6,1
671.58,0.2,98.76,572.82,1,1
603.57,0.2,76.14,527.44,1,0
781.05,0.6,105.54,675.51,3,1
886.0,0.8,117.54,768.46,4,0
487.3,0.0,52.81,434.49,0,1
653.02,0.4,55.32,597.69,2,1
708.88,0.6,63.62,645.26,3,0
533.66,0.0,68.92,464.74,0,0
668.67,0.4,78.54,590.13,2,1
834.9,0.8,89.14,745.77,4,0
670.94,0.2,113.24,557.69,1,0
462.06,0.0,42.7,419.36,0,0
677.64,0.4,79.95,597.69,2,1
707.94,0.4,110.24,597.69,2,1
887.3,0.8,118.84,768.46,4,1
879.97,0.8,103.95,776.03,4,1
820.35,0.6,137.27,683.08,3,0
506.43,0.0,71.95,434.49,0,0
468.98,0.0,49.62,419.36,0,0
1103.38,1.2,194.41,908.97,6,0
740.37,0.4,89.73,650.64,2,1
570.31,0.2,58.0,512.31,1,1
1014.58,1.0,168.3,846.28,5,0
642.42,0.2,84.73,557.69,1,0
641.36,0.2,121.49,519.87,1,1
576.7,0.0,127.08,449.62,0,1
508.38,0.0,66.32,442.05,0,0
998.01,1.0,144.16,853.85,5,0
630.88,0.2,118.57,512.31,1,0
500.86,0.0,58.81,442.05,0,0
825.08,0.6,149.57,675.51,3,1
1120.96,1.4,134.16,986.79,7,1
995.45,1.0,164.3,831.15,5,0
581.39,0.2,76.65,504.74,1,1
1041.81,1.2,132.84,908.97,6,1
777.05,0.6,101.54,675.51,3,1
705.95,0.4,78.0,627.95,2,0
821.46,0.8,105.95,715.51,4,1
978.89,1.0,155.3,823.59,5,0
622.76,0.2,95.32,527.44,1,0
850.97,0.6,114.95,736.03,3,0
1025.19,1.0,163.78,861.41,5,1
950.79,0.8,182.32,768.46,4,1
819.67,0.6,144.16,675.51,3,0
968.66,1.0,182.89,785.77,5,1
907.75,0.2,425.7,482.05,1,1
565.63,0.2,53.32,512.31,1,0
846.08,0.6,178.14,667.95,3,1
645.69,0.2,148.51,497.18,1,0
709.2,0.4,103.95,605.26,2,1
931.5,1.0,85.22,846.28,5,0
606.36,0.2,94.05,512.31,1,0
501.0,0.0,66.51,434.49,0,1
1068.18,1.2,144.08,924.1,6,1
600.93,0.0,121.05,479.87,0,1
