"Total_Cost","Ratio_Reloc_Prod","Horiz_Cost","Vert_Cost","nReloc","non_Optimal"
268450.44,0.7967,55229.63,213220.87,1195,194
442.37,0.0,45.7,396.67,0,0
951.47,1.2,118.14,833.33,6,1
595.24,0.4,65.62,529.62,2,0
540.08,0.2,58.03,482.05,1,0
572.59,0.2,90.54,482.05,1,0
859.2,0.8,166.38,692.82,4,1
697.69,0.4,145.38,552.31,2,0
697.12,0.6,97.24,599.87,3,0
764.99,0.6,134.86,630.13,3,1
485.18,0.0,80.95,404.23,0,0
538.63,0.2,71.7,466.92,1,0
565.46,0.2,98.54,466.92,1,0
1102.74,1.2,261.84,840.9,6,1
730.83,0.6,93.14,637.69,3,0
491.86,0.0,102.76,389.1,0,0
993.95,1.0,200.62,793.33,5,1
710.9,0.6,111.03,599.87,3,0
1850.02,1.2,971.3,878.72,6,1
573.89,0.2,91.84,482.05,1,0
1089.1,1.4,170.38,918.72,7,1
851.18,0.8,120.54,730.64,4,1
1097.04,1.4,178.32,918.72,7,1
845.43,0.8,175.3,670.13,4,1
1035.61,1.2,217.41,818.21,6,1
652.41,0.4,92.54,559.87,2,0
958.52,1.0,210.57,747.95,5,0
852.14,0.8,151.76,700.38,4,0
791.32,0.6,161.19,630.13,3,1
776.96,0.6,139.27,637.69,3,1
568.01,0.2,116.22,451.79,1,0
919.61,0.6,274.35,645.26,3,1
697.34,0.4,152.59,544.74,2,0
1132.42,1.4,213.7,918.72,7,1
594.69,0.2,97.51,497.18,1,0
1096.53,1.2,278.32,818.21,6,1
727.9,0.4,175.59,552.31,2,0
694.58,0.4,142.27,552.31,2,1
797.38,0.8,89.43,707.95,4,1
774.49,0.6,106.54,667.95,3,0
768.99,0.6,138.86,630.13,3,1
888.64,1.0,110.43,778.21,5,1
1119.32,1.2,255.73,863.59,6,1
561.0,0.2,78.95,482.05,1,0
1222.47,1.4,303.76,918.72,7,1
1085.97,1.0,322.89,763.08,5,1
1216.38,1.6,227.41,988.97,8,1
681.25,0.4,121.38,559.87,2,1
521.58,0.2,24.41,497.18,1,0
1049.12,1.0,255.78,793.33,5,1
777.77,0.6,140.08,637.69,3,0
487.14,0.0,60.22,426.92,0,0
1059.34,1.2,188.19,871.15,6,1
620.25,0.4,52.81,567.44,2,0
1025.59,1.2,162.0,863.59,6,1
899.36,1.0,106.03,793.33,5,1
1244.44,1.4,310.59,933.85,7,1
956.16,1.0,193.08,763.08,5,1
797.35,0.6,189.92,607.44,3,1
817.0,0.6,194.43,622.56,3,1
649.81,0.2,175.32,474.49,1,1
882.57,0.8,182.19,700.38,4,1
1962.78,1.2,985.73,977.05,6,1
773.99,0.6,143.86,630.13,3,0
767.66,0.6,114.84,652.82,3,0
916.67,0.8,186.03,730.64,4,1
1662.19,2.2,371.68,1290.51,11,1
701.9,0.6,94.46,607.44,3,0
1221.73,1.2,365.7,856.03,6,1
738.52,0.6,78.14,660.38,3,0
823.79,0.8,115.84,707.95,4,1
900.26,1.0,129.62,770.64,5,1
768.64,0.6,130.95,637.69,3,0
998.39,1.0,220.19,778.21,5,1
495.49,0.0,61.0,434.49,0,0
1304.6,1.8,169.73,1134.87,9,1
833.0,0.6,225.57,607.44,3,1
756.24,0.6,133.68,622.56,3,0
1177.67,1.2,314.08,863.59,6,1
668.83,0.4,131.65,537.18,2,0
1163.85,1.6,144.62,1019.23,8,1
913.0,1.0,157.49,755.51,5,1
823.68,0.8,115.73,707.95,4,1
666.89,0.4,137.27,529.62,2,0
593.4,0.2,111.35,482.05,1,0
1033.2,1.2,154.49,878.72,6,1
1023.59,1.0,200.0,823.59,5,1
958.36,1.0,157.46,800.9,5,1
695.15,0.4,150.41,544.74,2,0
903.18,1.0,124.97,778.21,5,1
966.95,1.0,166.05,800.9,5,1
660.11,0.4,138.05,522.05,2,0
1449.92,1.8,368.0,1081.92,9,1
1611.15,1.8,544.35,1066.79,9,1
858.24,0.8,135.16,723.08,4,1
940.9,1.0,147.57,793.33,5,1
899.87,1.0,91.41,808.46,5,1
1141.28,1.2,247.43,893.85,6,1
832.29,0.6,209.73,622.56,3,0
970.76,1.0,222.81,747.95,5,1
1048.68,1.2,147.27,901.41,6,1
848.68,0.8,148.3,700.38,4,1
708.1,0.4,117.97,590.13,2,0
755.16,0.6,140.16,615.0,3,1
787.8,0.6,157.68,630.13,3,1
693.94,0.4,111.38,582.56,2,0
1067.24,1.0,311.73,755.51,5,1
920.22,1.0,119.32,800.9,5,1
1109.41,1.4,175.57,933.85,7,1
967.26,0.8,236.62,730.64,4,1
1219.05,1.4,315.46,903.59,7,1
681.4,0.4,98.84,582.56,2,1
475.96,0.0,71.73,404.23,0,0
1030.19,1.2,174.16,856.03,6,1
772.21,0.6,89.14,683.08,3,1
1004.08,1.0,195.62,808.46,5,1
526.1,0.0,137.0,389.1,0,0
483.41,0.0,48.92,434.49,0,0
810.14,0.8,109.76,700.38,4,1
768.01,0.6,122.76,645.26,3,1
799.97,0.6,124.46,675.51,3,1
804.21,0.6,174.08,630.13,3,0
959.79,1.0,158.89,800.9,5,1
791.32,0.6,176.32,615.0,3,1
691.5,0.4,139.19,552.31,2,1
491.15,0.0,79.35,411.79,0,0
1036.53,1.2,165.38,871.15,6,1
867.26,0.6,229.57,637.69,3,1
865.05,0.8,141.97,723.08,4,1
688.48,0.4,158.86,529.62,2,0
2829.71,2.0,1594.32,1235.38,10,1
476.24,0.0,87.14,389.1,0,0
1085.82,1.2,184.41,901.41,6,1
1109.86,1.2,253.84,856.03,6,1
926.61,0.8,180.84,745.77,4,0
825.9,0.6,226.03,599.87,3,1
689.24,0.4,167.19,522.05,2,0
950.28,0.8,265.03,685.26,4,1
1135.58,1.6,116.35,1019.23,8,1
832.03,0.8,131.65,700.38,4,0
896.09,0.8,195.7,700.38,4,1
982.37,0.8,259.3,723.08,4,1
1208.48,1.4,297.32,911.15,7,1
1058.78,1.2,202.76,856.03,6,1
962.98,1.0,162.08,800.9,5,1
757.38,0.6,142.38,615.0,3,0
1081.75,1.0,318.68,763.08,5,1
901.49,0.8,201.11,700.38,4,1
777.84,0.6,170.41,607.44,3,0
1243.14,1.6,201.22,1041.92,8,1
821.81,0.8,98.73,723.08,4,1
795.35,0.6,172.78,622.56,3,1
996.87,1.0,188.41,808.46,5,1
939.8,0.8,254.54,685.26,4,0
691.74,0.4,131.86,559.87,2,0
887.14,0.8,179.19,707.95,4,1
1153.16,1.2,304.7,848.46,6,1
724.99,0.4,180.24,544.74,2,0
964.83,1.0,194.19,770.64,5,1
756.77,0.4,212.03,544.74,2,0
925.67,0.8,255.54,670.13,4,1
541.61,0.0,137.38,404.23,0,0
1147.95,1.4,198.97,948.97,7,1
1386.81,1.6,329.76,1057.05,8,1
1194.13,1.4,298.11,896.03,7,1
1213.85,1.0,420.51,793.33,5,1
821.13,0.8,98.05,723.08,4,1
775.74,0.6,175.86,599.87,3,1
489.05,0.0,99.95,389.1,0,0
1407.07,2.2,161.95,1245.13,11,1
723.77,0.6,78.51,645.26,3,0
547.99,0.2,50.81,497.18,1,0
644.91,0.2,155.3,489.62,1,0
1122.03,1.2,266.0,856.03,6,1
1119.51,1.4,162.97,956.54,7,1
835.75,0.8,97.54,738.21,4,1
546.49,0.2,87.14,459.36,1,0
755.3,0.6,94.92,660.38,3,0
714.84,0.4,154.97,559.87,2,1
627.43,0.2,145.38,482.05,1,0
746.3,0.6,85.92,660.38,3,1
1173.04,1.2,279.19,893.85,6,1
840.49,0.8,132.54,707.95,4,1
649.3,0.4,89.43,559.87,2,0
996.59,1.0,233.51,763.08,5,1
1112.55,1.2,286.78,825.77,6,1
844.98,0.6,184.59,660.38,3,1
857.47,0.8,157.08,700.38,4,1
900.21,1.0,76.62,823.59,5,1
709.63,0.6,56.81,652.82,3,0
543.86,0.2,61.81,482.05,1,0
1044.77,1.2,166.05,878.72,6,1
786.79,0.6,133.97,652.82,3,0
897.74,0.8,212.49,685.26,4,0
656.93,0.4,104.62,552.31,2,0
790.87,0.6,183.43,607.44,3,1
883.08,0.8,160.0,723.08,4,1
567.46,0.2,100.54,466.92,1,0
1465.12,1.6,438.32,1026.79,8,1
469.9,0.0,58.11,411.79,0,0
867.44,0.8,159.49,707.95,4,0
890.19,0.8,174.68,715.51,4,1
729.84,0.6,114.84,615.0,3,1
1141.33,1.4,207.49,933.85,7,1
1072.31,1.2,193.59,878.72,6,1
769.36,0.6,116.54,652.82,3,1
663.08,0.4,95.65,567.44,2,1
846.96,0.8,154.14,692.82,4,1
467.3,0.0,32.81,434.49,0,0
1194.31,1.4,207.51,986.79,7,1
1219.96,1.4,240.73,979.23,7,1
813.29,0.6,183.16,630.13,3,1
615.93,0.4,63.62,552.31,2,0
825.31,0.6,187.62,637.69,3,1
798.56,0.6,100.35,698.21,3,1
761.41,0.6,153.97,607.44,3,1
472.05,0.0,30.0,442.05,0,0
1433.84,1.8,283.84,1150.0,9,1
950.0,1.0,133.97,816.03,5,1
863.22,0.8,162.84,700.38,4,1
805.18,0.6,167.49,637.69,3,1
794.56,0.6,172.0,622.56,3,1
1255.78,1.6,251.68,1004.1,8,1
765.27,0.6,150.27,615.0,3,0
594.56,0.2,104.95,489.62,1,0
846.5,0.8,153.68,692.82,4,1
813.01,0.6,160.19,652.82,3,0
1078.0,1.2,274.92,803.08,6,1
747.58,0.6,94.76,652.82,3,0
1520.07,1.8,407.89,1112.18,9,1
683.94,0.6,53.81,630.13,3,0
859.67,0.8,144.16,715.51,4,1
754.34,0.6,116.65,637.69,3,1
611.05,0.2,136.57,474.49,1,1
921.19,1.0,112.73,808.46,5,1
759.58,0.6,106.76,652.82,3,0
983.43,1.0,174.97,808.46,5,1
1446.53,1.6,366.78,1079.74,8,1
682.22,0.4,122.35,559.87,2,0
910.29,0.8,232.59,677.69,4,1
734.37,0.6,111.81,622.56,3,1
903.29,0.8,165.08,738.21,4,1
992.66,1.0,206.89,785.77,5,1
730.35,0.6,62.41,667.95,3,0
570.74,0.2,66.0,504.74,1,0
1134.52,1.4,193.11,941.41,7,1
1136.64,1.2,265.49,871.15,6,1
512.99,0.0,108.76,404.23,0,1
1007.82,1.0,206.92,800.9,5,1
702.17,0.4,149.86,552.31,2,1
820.63,0.8,135.38,685.26,4,1
967.04,1.0,173.7,793.33,5,1
1416.14,2.0,233.7,1182.44,10,1
801.86,0.6,179.3,622.56,3,0
958.38,1.0,142.35,816.03,5,1
528.65,0.2,61.73,466.92,1,0
1383.41,1.8,248.54,1134.87,9,1
977.8,1.0,192.03,785.77,5,1
693.81,0.4,126.38,567.44,2,0
922.66,1.0,144.46,778.21,5,0
1638.12,1.8,518.38,1119.74,9,1
1039.88,1.0,269.24,770.64,5,1
680.69,0.4,135.95,544.74,2,0
756.52,0.6,96.14,660.38,3,1
847.57,0.8,132.05,715.51,4,0
998.71,1.2,112.43,886.28,6,1
515.92,0.0,81.43,434.49,0,0
1177.26,1.6,97.51,1079.74,8,1
734.01,0.6,73.62,660.38,3,1
893.89,0.6,278.89,615.0,3,0
623.28,0.2,163.92,459.36,1,0
865.69,0.8,188.0,677.69,4,1
650.2,0.4,105.46,544.74,2,0
763.31,0.6,118.05,645.26,3,1
1097.94,1.2,241.92,856.03,6,1
1305.17,1.2,418.89,886.28,6,1
755.38,0.6,95.0,660.38,3,0
808.61,0.6,178.49,630.13,3,1
969.39,1.0,130.68,838.72,5,1
503.68,0.0,84.32,419.36,0,0
803.1,0.6,172.97,630.13,3,1
715.64,0.4,170.89,544.74,2,0
616.03,0.2,156.68,459.36,1,0
755.21,0.6,132.65,622.56,3,1
741.59,0.6,119.03,622.56,3,0
1267.81,1.6,218.32,1049.49,8,1
1114.98,1.4,181.14,933.85,7,1
1690.51,1.8,532.95,1157.56,9,1
972.98,1.2,124.51,848.46,6,1
1212.22,1.6,177.86,1034.36,8,1
607.92,0.2,125.86,482.05,1,0
1612.04,2.0,384.22,1227.82,10,1
683.44,0.4,123.57,559.87,2,0
1036.13,1.2,172.54,863.59,6,1
812.83,0.8,135.14,677.69,4,0
3376.61,2.2,2070.97,1305.64,11,1
956.13,1.0,193.05,763.08,5,1
603.29,0.2,113.68,489.62,1,0
831.13,0.6,201.0,630.13,3,1
728.53,0.6,90.84,637.69,3,0
921.8,1.0,151.16,770.64,5,1
