"Total_Cost","Ratio_Reloc_Prod","Horiz_Cost","Vert_Cost","nReloc","non_Optimal"
223732.62,0.406,35298.02,188434.43,609,375
517.29,0.25,60.11,457.18,1,1
853.74,1.0,147.97,705.77,4,1
698.12,0.5,132.86,565.26,2,1
702.74,0.5,190.43,512.31,2,1
606.27,0.25,164.22,442.05,1,1
785.54,0.75,157.59,627.95,3,1
681.15,0.5,123.46,557.69,2,1
572.73,0.25,77.73,495.0,1,1
614.67,0.5,64.54,550.13,2,1
975.52,1.25,161.68,813.85,5,1
762.49,0.75,142.11,620.38,3,1
565.18,0.5,60.43,504.74,2,1
902.43,1.25,133.97,768.46,5,1
711.97,0.75,61.32,650.64,3,1
416.5,0.0,44.7,371.79,0,1
690.73,0.75,108.16,582.56,3,1
662.2,0.5,149.89,512.31,2,1
430.12,0.0,58.32,371.79,0,1
877.44,1.0,164.11,713.33,4,1
677.9,0.5,105.08,572.82,2,1
991.34,1.5,145.05,846.28,6,1
687.16,0.5,144.59,542.56,2,1
607.01,0.5,87.14,519.87,2,1
562.04,0.25,104.86,457.18,1,1
386.07,0.0,29.41,356.67,0,1
562.34,0.25,105.16,457.18,1,1
744.49,0.75,108.97,635.51,3,1
676.71,0.75,56.32,620.38,3,1
645.97,0.5,110.97,535.0,2,1
344.11,0.0,17.7,326.41,0,1
534.77,0.25,70.03,464.74,1,1
501.7,0.25,67.22,434.49,1,1
678.17,0.5,105.35,572.82,2,1
988.98,1.5,127.57,861.41,6,1
440.44,0.0,68.65,371.79,0,1
734.55,0.75,114.16,620.38,3,1
693.56,0.5,151.0,542.56,2,1
396.99,0.0,40.32,356.67,0,1
677.83,0.75,80.14,597.69,3,1
420.61,0.0,48.81,371.79,0,1
617.91,0.5,113.16,504.74,2,1
491.32,0.25,41.7,449.62,1,1
465.2,0.0,100.97,364.23,0,1
449.23,0.0,77.43,371.79,0,1
684.06,0.75,56.11,627.95,3,1
452.5,0.0,88.27,364.23,0,1
555.45,0.5,65.84,489.62,2,1
407.4,0.0,50.73,356.67,0,1
620.19,0.5,92.76,527.44,2,1
653.61,0.75,55.92,597.69,3,1
609.43,0.25,174.95,434.49,1,1
673.94,0.5,131.38,542.56,2,1
773.97,0.75,138.46,635.51,3,1
420.06,0.0,40.7,379.36,0,1
534.67,0.25,85.05,449.62,1,1
752.02,0.75,93.81,658.21,3,1
544.3,0.25,64.43,479.87,1,1
738.24,0.75,102.73,635.51,3,1
666.31,0.25,201.57,464.74,1,1
835.14,0.75,214.76,620.38,3,1
732.04,0.75,126.78,605.26,3,1
678.19,0.5,90.24,587.95,2,1
422.61,0.0,50.81,371.79,0,1
643.15,0.25,170.84,472.31,1,1
877.54,1.0,149.08,728.46,4,1
672.8,0.5,107.54,565.26,2,1
976.07,1.25,184.92,791.15,5,1
831.93,1.0,126.16,705.77,4,1
557.66,0.25,85.35,472.31,1,1
703.24,0.5,153.11,550.13,2,1
401.04,0.0,36.81,364.23,0,1
552.46,0.25,117.97,434.49,1,1
386.88,0.0,30.22,356.67,0,1
468.44,0.25,41.51,426.92,1,1
575.77,0.25,103.46,472.31,1,1
910.26,1.25,111.54,798.72,5,1
546.87,0.25,59.43,487.44,1,1
639.86,0.5,89.73,550.13,2,1
427.33,0.0,40.41,386.92,0,1
403.45,0.0,39.22,364.23,0,1
405.43,0.0,56.32,349.1,0,1
347.82,0.0,21.41,326.41,0,1
446.83,0.0,90.16,356.67,0,1
406.53,0.0,57.43,349.1,0,1
389.1,0.0,40.0,349.1,0,1
591.17,0.5,63.73,527.44,2,1
578.9,0.5,59.03,519.87,2,1
435.04,0.0,70.81,364.23,0,1
505.32,0.25,55.7,449.62,1,1
384.51,0.0,35.41,349.1,0,1
406.56,0.0,42.32,364.23,0,1
383.65,0.0,42.11,341.54,0,1
573.01,0.25,108.27,464.74,1,1
622.24,0.5,72.11,550.13,2,1
727.0,0.75,99.05,627.95,3,1
398.67,0.0,42.0,356.67,0,1
616.2,0.25,143.89,472.31,1,1
705.2,0.75,99.95,605.26,3,1
641.02,0.5,98.46,542.56,2,1
485.91,0.0,136.81,349.1,0,1
542.58,0.25,77.84,464.74,1,1
1087.74,1.5,188.51,899.23,6,1
897.69,1.25,91.41,806.28,5,1
660.35,0.5,117.78,542.56,2,1
402.45,0.0,38.22,364.23,0,1
733.51,0.5,190.95,542.56,2,1
516.38,0.25,74.32,442.05,1,1
531.01,0.25,58.7,472.31,1,1
384.24,0.0,42.7,341.54,0,1
706.93,0.5,141.68,565.26,2,1
425.03,0.0,38.11,386.92,0,1
426.28,0.0,46.92,379.36,0,1
531.12,0.25,58.81,472.31,1,1
378.54,0.0,37.0,341.54,0,1
379.54,0.0,38.0,341.54,0,1
1056.31,1.5,210.03,846.28,6,1
655.73,0.5,113.16,542.56,2,1
616.43,0.5,81.43,535.0,2,1
834.97,0.75,184.32,650.64,3,1
584.14,0.25,104.27,479.87,1,1
884.32,1.0,201.24,683.08,4,1
505.49,0.0,118.57,386.92,0,1
607.69,0.5,50.0,557.69,2,1
595.66,0.25,115.78,479.87,1,1
568.31,0.25,103.57,464.74,1,1
566.01,0.25,86.14,479.87,1,1
641.48,0.5,144.3,497.18,2,1
651.83,0.5,109.27,542.56,2,1
772.1,0.75,121.46,650.64,3,1
557.97,0.25,108.35,449.62,1,1
398.23,0.0,34.0,364.23,0,1
368.05,0.0,26.51,341.54,0,1
393.21,0.0,44.11,349.1,0,1
699.34,0.5,134.08,565.26,2,1
698.57,0.75,70.62,627.95,3,1
607.17,0.5,79.73,527.44,2,1
586.61,0.25,121.86,464.74,1,1
528.74,0.25,64.0,464.74,1,1
415.64,0.0,51.41,364.23,0,1
877.34,1.25,131.57,745.77,5,1
683.61,0.5,133.49,550.13,2,1
654.85,0.5,150.11,504.74,2,1
574.9,0.25,95.03,479.87,1,1
791.99,1.0,101.35,690.64,4,1
420.12,0.0,48.32,371.79,0,1
379.65,0.0,38.11,341.54,0,1
599.9,0.5,80.03,519.87,2,1
494.92,0.25,60.43,434.49,1,1
440.54,0.0,53.62,386.92,0,1
501.38,0.0,114.46,386.92,0,1
552.26,0.25,102.65,449.62,1,1
421.15,0.0,56.92,364.23,0,1
466.6,0.25,32.11,434.49,1,1
683.23,0.75,85.54,597.69,3,1
534.28,0.0,154.92,379.36,0,1
429.07,0.0,64.84,364.23,0,1
704.57,0.75,76.62,627.95,3,1
887.34,1.0,189.14,698.21,4,1
808.8,1.0,103.03,705.77,4,1
388.67,0.0,32.0,356.67,0,1
713.07,0.75,122.95,590.13,3,1
641.04,0.5,68.22,572.82,2,1
704.92,0.75,69.41,635.51,3,1
666.7,0.5,116.57,550.13,2,1
828.88,1.0,130.68,698.21,4,1
784.18,0.75,125.97,658.21,3,1
799.01,0.75,178.62,620.38,3,1
573.93,0.25,94.05,479.87,1,1
452.71,0.0,73.35,379.36,0,1
810.23,1.0,104.46,705.77,4,1
612.94,0.5,62.81,550.13,2,1
520.07,0.25,55.32,464.74,1,1
660.54,0.5,117.97,542.56,2,1
577.36,0.25,105.05,472.31,1,1
511.29,0.0,154.62,356.67,0,1
363.54,0.0,22.0,341.54,0,1
351.92,0.0,25.51,326.41,0,1
362.38,0.0,28.41,333.97,0,1
567.44,0.5,40.0,527.44,2,1
596.61,0.5,91.86,504.74,2,1
632.3,0.5,104.86,527.44,2,1
459.55,0.0,87.76,371.79,0,1
457.92,0.0,116.38,341.54,0,1
616.78,0.5,74.22,542.56,2,1
510.19,0.25,68.14,442.05,1,1
983.57,1.5,175.11,808.46,6,1
907.12,1.25,153.78,753.33,5,1
458.49,0.0,64.0,394.49,0,1
401.64,0.0,37.41,364.23,0,1
847.29,1.0,149.08,698.21,4,1
379.91,0.0,30.81,349.1,0,1
577.53,0.25,112.78,464.74,1,1
600.43,0.25,150.81,449.62,1,1
614.84,0.5,79.84,535.0,2,1
826.46,1.0,143.38,683.08,4,1
524.71,0.0,152.92,371.79,0,1
519.94,0.25,70.32,449.62,1,1
656.39,0.5,91.14,565.26,2,1
736.55,0.75,116.16,620.38,3,1
644.92,0.5,102.35,542.56,2,1
583.19,0.25,95.76,487.44,1,1
844.19,1.0,161.11,683.08,4,1
573.12,0.25,93.24,479.87,1,1
408.4,0.0,51.73,356.67,0,1
397.1,0.0,48.0,349.1,0,1
433.37,0.0,69.14,364.23,0,1
891.9,1.0,186.14,705.77,4,1
460.38,0.0,73.46,386.92,0,1
375.1,0.0,26.0,349.1,0,1
429.96,0.0,65.73,364.23,0,1
642.77,0.5,130.46,512.31,2,1
507.89,0.25,65.84,442.05,1,1
837.88,1.0,139.68,698.21,4,1
660.48,0.5,110.35,550.13,2,1
556.55,0.25,84.24,472.31,1,1
745.92,0.75,117.97,627.95,3,1
449.74,0.0,77.95,371.79,0,1
458.43,0.0,116.89,341.54,0,1
633.66,0.5,68.41,565.26,2,1
695.61,0.5,145.49,550.13,2,1
456.82,0.25,45.03,411.79,1,1
753.32,0.75,178.32,575.0,3,1
890.59,1.0,154.57,736.03,4,1
609.09,0.25,136.78,472.31,1,1
557.94,0.25,100.76,457.18,1,1
748.6,0.5,168.22,580.38,2,1
570.68,0.5,50.81,519.87,2,1
709.15,0.75,111.46,597.69,3,1
622.24,0.5,72.11,550.13,2,1
519.85,0.25,55.11,464.74,1,1
615.94,0.5,133.89,482.05,2,1
513.45,0.25,63.84,449.62,1,1
954.32,1.5,123.16,831.15,6,1
589.5,0.25,117.19,472.31,1,1
908.24,1.0,225.16,683.08,4,1
415.01,0.0,43.22,371.79,0,1
635.18,0.5,69.92,565.26,2,1
644.23,0.5,86.54,557.69,2,1
450.94,0.0,94.27,356.67,0,1
537.58,0.25,72.84,464.74,1,1
399.67,0.0,58.14,341.54,0,1
451.56,0.25,47.32,404.23,1,1
752.25,0.75,131.86,620.38,3,1
586.57,0.5,59.14,527.44,2,1
390.04,0.0,25.81,364.23,0,1
660.87,0.5,141.0,519.87,2,1
534.4,0.25,92.35,442.05,1,1
784.2,0.75,163.81,620.38,3,1
454.01,0.0,74.65,379.36,0,1
710.85,1.0,58.03,652.82,4,1
977.1,1.5,138.38,838.72,6,1
370.67,0.0,14.0,356.67,0,1
784.9,0.75,164.51,620.38,3,1
398.67,0.0,42.0,356.67,0,1
548.33,0.25,76.03,472.31,1,1
581.3,0.5,61.43,519.87,2,1
654.36,0.5,134.49,519.87,2,1
418.61,0.0,61.95,356.67,0,1
424.17,0.0,44.81,379.36,0,1
523.81,0.25,81.76,442.05,1,1
481.69,0.0,117.46,364.23,0,1
886.16,1.25,110.14,776.03,5,1
444.67,0.0,95.57,349.1,0,1
511.16,0.25,61.54,449.62,1,1
674.71,0.75,107.27,567.44,3,1
425.91,0.0,69.24,356.67,0,1
488.03,0.25,61.11,426.92,1,1
536.09,0.25,56.22,479.87,1,1
447.79,0.0,68.43,379.36,0,1
611.64,0.5,61.51,550.13,2,1
600.43,0.5,65.43,535.0,2,1
519.98,0.25,93.05,426.92,1,1
569.8,0.25,105.05,464.74,1,1
398.77,0.0,42.11,356.67,0,1
698.77,0.75,85.95,612.82,3,1
485.01,0.25,65.65,419.36,1,1
721.21,0.5,163.51,557.69,2,1
630.3,0.5,102.86,527.44,2,1
764.02,0.75,166.32,597.69,3,1
506.24,0.25,56.62,449.62,1,1
565.44,0.25,93.14,472.31,1,1
831.96,1.0,126.19,705.77,4,1
637.46,0.5,102.46,535.0,2,1
446.07,0.0,81.84,364.23,0,1
699.09,0.5,126.27,572.82,2,1
738.42,0.75,125.59,612.82,3,1
1187.97,2.0,223.86,964.1,8,1
543.65,0.25,56.22,487.44,1,1
449.25,0.0,77.46,371.79,0,1
613.96,0.5,101.65,512.31,2,1
846.56,1.25,108.35,738.21,5,1
424.37,0.0,60.14,364.23,0,1
639.75,0.5,89.62,550.13,2,1
698.46,0.5,171.03,527.44,2,1
453.64,0.0,96.97,356.67,0,1
824.39,1.0,111.05,713.33,4,1
492.44,0.25,65.51,426.92,1,1
494.83,0.25,45.22,449.62,1,1
617.22,0.5,82.22,535.0,2,1
348.68,0.0,14.7,333.97,0,1
562.22,0.25,82.35,479.87,1,1
430.82,0.0,59.03,371.79,0,1
422.21,0.0,65.54,356.67,0,1
793.77,0.75,180.95,612.82,3,1
493.72,0.25,44.11,449.62,1,1
616.77,0.5,104.46,512.31,2,1
433.71,0.0,61.92,371.79,0,1
459.33,0.25,32.41,426.92,1,1
619.78,0.5,77.22,542.56,2,1
521.0,0.25,78.95,442.05,1,1
676.57,0.5,141.57,535.0,2,1
430.71,0.0,58.92,371.79,0,1
1176.0,1.75,259.46,916.54,7,1
528.46,0.25,93.97,434.49,1,1
555.18,0.5,58.0,497.18,2,1
499.22,0.25,64.73,434.49,1,1
461.9,0.0,82.54,379.36,0,1
969.03,1.25,193.0,776.03,5,1
635.5,0.5,77.81,557.69,2,1
570.88,0.25,98.57,472.31,1,1
660.83,0.5,103.14,557.69,2,1
493.19,0.25,51.14,442.05,1,1
622.83,0.25,173.22,449.62,1,1
377.54,0.0,36.0,341.54,0,1
711.17,0.75,98.35,612.82,3,1
625.77,0.5,128.59,497.18,2,1
643.12,0.5,85.43,557.69,2,1
561.61,0.25,96.86,464.74,1,1
727.89,1.0,44.81,683.08,4,1
855.52,1.0,127.05,728.46,4,1
538.39,0.25,73.65,464.74,1,1
785.34,0.75,127.14,658.21,3,1
537.09,0.25,72.35,464.74,1,1
705.95,0.75,70.43,635.51,3,1
771.8,0.75,174.11,597.69,3,1
558.82,0.25,78.95,479.87,1,1
674.96,0.5,117.27,557.69,2,1
515.5,0.25,58.32,457.18,1,1
383.1,0.0,34.0,349.1,0,1
686.48,0.75,96.35,590.13,3,1
446.87,0.0,67.51,379.36,0,1
701.39,0.5,128.57,572.82,2,1
453.14,0.0,66.22,386.92,0,1
595.34,0.5,45.22,550.13,2,1
406.38,0.0,64.84,341.54,0,1
387.32,0.0,38.22,349.1,0,1
797.99,1.25,52.22,745.77,5,1
602.22,0.25,167.73,434.49,1,1
569.31,0.25,104.57,464.74,1,1
550.63,0.25,78.32,472.31,1,1
450.44,0.0,78.65,371.79,0,1
409.74,0.0,45.51,364.23,0,1
557.26,0.25,107.65,449.62,1,1
575.7,0.25,126.08,449.62,1,1
538.5,0.25,81.32,457.18,1,1
440.66,0.0,76.43,364.23,0,1
683.48,0.75,93.35,590.13,3,1
484.81,0.25,50.32,434.49,1,1
622.59,0.5,80.03,542.56,2,1
629.37,0.25,164.62,464.74,1,1
455.14,0.0,68.22,386.92,0,1
680.21,0.75,82.51,597.69,3,1
480.03,0.25,53.11,426.92,1,1
424.61,0.0,52.81,371.79,0,1
486.37,0.0,129.7,356.67,0,1
393.91,0.0,44.81,349.1,0,1
915.75,1.25,132.16,783.59,5,1
550.61,0.25,138.81,411.79,1,1
698.29,0.75,108.16,590.13,3,1
572.01,0.0,192.65,379.36,0,1
471.15,0.0,114.49,356.67,0,1
696.15,0.75,98.46,597.69,3,1
444.72,0.0,88.05,356.67,0,1
511.46,0.0,116.97,394.49,0,1
574.68,0.5,54.81,519.87,2,1
