"Total_Cost","Ratio_Reloc_Prod","Horiz_Cost","Vert_Cost","nReloc","non_Optimal"
222825.16,0.4307,31791.26,191034.04,646,250
1140.96,0.8333,133.65,1007.31,5,1
1424.28,1.1667,329.41,1094.87,7,1
873.97,0.3333,137.95,736.03,2,1
1277.39,1.0,169.57,1107.82,6,1
1471.01,1.5,182.68,1288.33,9,1
1009.53,0.5,157.86,851.67,3,1
1043.34,0.6667,151.68,891.67,4,1
761.76,0.1667,126.24,635.51,1,1
720.59,0.1667,77.51,643.08,1,1
1010.23,0.5,203.95,806.28,3,1
1037.73,0.8333,128.76,908.97,5,1
764.74,0.1667,83.84,680.9,1,1
669.06,0.1667,41.11,627.95,1,1
964.95,0.6667,103.54,861.41,4,1
927.03,0.5,98.05,828.97,3,1
691.93,0.1667,71.54,620.38,1,1
715.26,0.1667,64.62,650.64,1,1
743.52,0.1667,115.57,627.95,1,1
1039.51,0.6667,162.97,876.54,4,1
939.91,0.5,141.19,798.72,3,1
1070.63,0.6667,156.27,914.36,4,1
788.39,0.3333,82.62,705.77,2,1
1013.22,0.8333,104.24,908.97,5,1
811.44,0.1667,145.68,665.77,1,1
900.04,0.5,146.7,753.33,3,1
814.14,0.3333,93.24,720.9,2,1
773.34,0.3333,75.14,698.21,2,1
1006.49,0.6667,92.14,914.36,4,1
1010.53,0.5,211.81,798.72,3,1
1053.08,0.6667,168.97,884.1,4,1
1259.92,1.1667,142.35,1117.56,7,1
818.68,0.3333,90.22,728.46,2,1
729.13,0.1667,93.62,635.51,1,1
758.57,0.1667,123.05,635.51,1,1
687.2,0.1667,66.81,620.38,1,1
872.35,0.5,96.32,776.03,3,1
899.88,0.3333,194.11,705.77,2,1
1048.85,0.6667,142.05,906.79,4,1
959.74,0.5,198.84,760.9,3,1
582.14,0.0,54.7,527.44,0,1
987.02,0.5,203.43,783.59,3,1
1386.0,1.3333,243.57,1142.44,8,1
968.02,0.5,169.3,798.72,3,1
1147.61,0.8333,155.43,992.18,5,1
560.74,0.0,56.0,504.74,0,1
1013.88,0.6667,114.65,899.23,4,1
761.77,0.1667,96.0,665.77,1,1
848.79,0.3333,135.46,713.33,2,1
887.86,0.6667,56.7,831.15,4,1
1109.64,0.6667,210.41,899.23,4,1
761.79,0.0,181.41,580.38,0,1
1010.57,0.6667,149.16,861.41,4,1
1443.43,1.3333,232.92,1210.51,8,1
822.4,0.3333,78.81,743.59,2,1
1125.66,0.8333,118.35,1007.31,5,1
844.64,0.3333,85.92,758.72,2,1
867.57,0.5,91.54,776.03,3,1
849.67,0.3333,113.65,736.03,2,1
636.81,0.0,94.24,542.56,0,1
783.21,0.1667,132.57,650.64,1,1
557.01,0.0,44.7,512.31,0,1
1059.42,0.8333,127.76,931.67,5,1
1009.18,0.6667,109.95,899.23,4,1
931.33,0.3333,210.43,720.9,2,1
902.67,0.5,126.65,776.03,3,1
1248.36,1.0,193.49,1054.87,6,1
773.42,0.1667,107.65,665.77,1,1
1019.51,0.6667,142.97,876.54,4,1
878.62,0.5,110.16,768.46,3,1
844.6,0.3333,131.27,713.33,2,1
868.45,0.3333,177.81,690.64,2,1
826.2,0.3333,120.43,705.77,2,1
1084.63,0.8333,130.27,954.36,5,1
850.7,0.3333,122.24,728.46,2,1
931.05,0.5,139.89,791.15,3,1
672.39,0.1667,67.14,605.26,1,1
773.44,0.1667,160.62,612.82,1,1
635.64,0.1667,45.51,590.13,1,1
566.63,0.0,54.32,512.31,0,1
1022.42,0.6667,130.76,891.67,4,1
1204.31,1.0,157.0,1047.31,6,1
1281.33,1.0,218.89,1062.44,6,1
1396.87,1.1667,249.05,1147.82,7,1
737.97,0.1667,102.46,635.51,1,1
946.63,0.5,132.78,813.85,3,1
1010.47,0.5,211.76,798.72,3,1
873.64,0.3333,114.92,758.72,2,1
816.56,0.3333,118.35,698.21,2,1
758.73,0.1667,115.65,643.08,1,1
1030.22,0.5,208.81,821.41,3,1
864.44,0.3333,158.68,705.77,2,1
818.17,0.1667,152.41,665.77,1,1
966.76,0.5,137.78,828.97,3,1
1206.94,1.0,182.32,1024.62,6,1
836.02,0.3333,92.43,743.59,2,1
786.03,0.1667,158.08,627.95,1,1
912.65,0.6667,111.76,800.9,4,1
885.27,0.3333,141.68,743.59,2,1
1106.9,0.8333,144.97,961.92,5,1
904.45,0.5,120.86,783.59,3,1
1011.32,0.6667,119.65,891.67,4,1
717.03,0.1667,96.65,620.38,1,1
801.33,0.3333,80.43,720.9,2,1
854.53,0.3333,95.81,758.72,2,1
771.12,0.1667,105.35,665.77,1,1
939.83,0.5,148.68,791.15,3,1
702.84,0.1667,67.32,635.51,1,1
1140.25,1.0,145.89,994.36,6,1
843.65,0.1667,223.27,620.38,1,1
593.08,0.0,50.51,542.56,0,1
968.49,0.6667,114.65,853.85,4,1
849.92,0.3333,121.46,728.46,2,1
1030.94,0.6667,139.27,891.67,4,1
603.54,0.0,68.54,535.0,0,1
794.05,0.3333,58.03,736.03,2,1
768.65,0.3333,108.27,660.38,2,1
952.09,0.5,130.68,821.41,3,1
972.15,0.3333,213.43,758.72,2,1
846.74,0.3333,140.97,705.77,2,1
929.06,0.6667,75.22,853.85,4,1
884.87,0.5,131.54,753.33,3,1
1065.91,0.6667,166.68,899.23,4,1
888.62,0.5,120.16,768.46,3,1
736.37,0.1667,85.73,650.64,1,1
805.8,0.1667,147.59,658.21,1,1
708.59,0.1667,65.51,643.08,1,1
742.83,0.1667,84.62,658.21,1,1
851.65,0.3333,115.62,736.03,2,1
668.94,0.0,126.38,542.56,0,1
887.4,0.5,111.38,776.03,3,1
557.77,0.0,53.03,504.74,0,1
1044.1,0.6667,144.86,899.23,4,1
1230.32,1.1667,112.76,1117.56,7,1
902.55,0.3333,136.27,766.28,2,1
726.57,0.3333,58.62,667.95,2,1
957.26,0.3333,198.54,758.72,2,1
1006.7,0.6667,130.16,876.54,4,1
815.23,0.3333,109.46,705.77,2,1
1258.21,1.1667,140.65,1117.56,7,1
910.21,0.3333,174.19,736.03,2,1
782.23,0.1667,124.03,658.21,1,1
1094.33,0.8333,124.84,969.49,5,1
1009.54,0.6667,140.57,868.97,4,1
851.67,0.3333,115.65,736.03,2,1
922.92,0.5,146.89,776.03,3,1
659.64,0.0,101.95,557.69,0,1
666.29,0.0,116.16,550.13,0,1
911.84,0.3333,175.81,736.03,2,1
851.8,0.3333,153.59,698.21,2,1
637.26,0.0,87.14,550.13,0,1
947.28,0.5,125.86,821.41,3,1
967.0,0.5,130.46,836.54,3,1
723.09,0.1667,110.27,612.82,1,1
1190.8,0.6667,299.14,891.67,4,1
565.44,0.0,38.0,527.44,0,1
786.53,0.3333,88.32,698.21,2,1
976.04,0.5,109.24,866.79,3,1
948.53,0.5,157.38,791.15,3,1
1093.32,0.6667,156.27,937.05,4,1
642.28,0.0,77.03,565.26,0,1
760.26,0.3333,69.62,690.64,2,1
1094.05,0.8333,124.57,969.49,5,1
1126.06,0.6667,204.14,921.92,4,1
857.05,0.3333,113.46,743.59,2,1
714.44,0.1667,94.05,620.38,1,1
757.83,0.1667,114.76,643.08,1,1
1084.95,0.6667,155.46,929.49,4,1
748.78,0.1667,98.14,650.64,1,1
770.34,0.1667,112.14,658.21,1,1
785.47,0.3333,79.7,705.77,2,1
901.39,0.3333,142.68,758.72,2,1
762.35,0.3333,86.84,675.51,2,1
892.14,0.3333,178.81,713.33,2,1
1103.16,0.8333,133.68,969.49,5,1
729.1,0.1667,86.03,643.08,1,1
858.63,0.3333,145.3,713.33,2,1
646.1,0.1667,48.41,597.69,1,1
996.41,0.6667,127.43,868.97,4,1
640.07,0.0,74.81,565.26,0,1
584.52,0.0,72.22,512.31,0,1
910.41,0.5,89.0,821.41,3,1
674.63,0.1667,61.81,612.82,1,1
621.37,0.0,78.81,542.56,0,1
1244.72,1.0,212.54,1032.18,6,1
1048.24,0.6667,171.7,876.54,4,1
1060.74,0.6667,146.38,914.36,4,1
763.23,0.3333,65.03,698.21,2,1
853.19,0.3333,117.16,736.03,2,1
741.83,0.1667,98.76,643.08,1,1
1031.27,0.5,194.73,836.54,3,1
671.48,0.0,121.35,550.13,0,1
817.43,0.5,94.35,723.08,3,1
765.97,0.3333,75.32,690.64,2,1
759.98,0.1667,139.59,620.38,1,1
1219.01,1.0,171.7,1047.31,6,1
733.02,0.1667,89.95,643.08,1,1
922.38,0.3333,193.92,728.46,2,1
1082.91,0.8333,143.68,939.23,5,1
1015.49,0.6667,154.08,861.41,4,1
1310.8,1.1667,178.11,1132.69,7,1
862.09,0.3333,141.19,720.9,2,1
770.61,0.1667,119.97,650.64,1,1
934.41,0.5,120.57,813.85,3,1
945.07,0.5,138.78,806.28,3,1
1075.13,0.5,231.03,844.1,3,1
937.26,0.3333,186.11,751.15,2,1
715.46,0.3333,47.51,667.95,2,1
952.36,0.6667,90.95,861.41,4,1
1168.27,0.8333,191.22,977.05,5,1
819.79,0.3333,91.32,728.46,2,1
1045.93,0.5,186.7,859.23,3,1
583.92,0.0,48.92,535.0,0,1
831.83,0.3333,141.19,690.64,2,1
616.59,0.0,74.03,542.56,0,1
716.68,0.1667,88.73,627.95,1,1
711.27,0.1667,83.32,627.95,1,1
1106.12,0.8333,166.89,939.23,5,1
636.64,0.0,86.51,550.13,0,1
648.83,0.0,106.27,542.56,0,1
684.38,0.0,149.38,535.0,0,1
808.22,0.3333,87.32,720.9,2,1
1572.42,1.6667,251.65,1320.77,10,1
1069.32,0.8333,152.78,916.54,5,1
540.42,0.0,28.11,512.31,0,1
836.23,0.1667,178.03,658.21,1,1
830.39,0.3333,117.05,713.33,2,1
676.88,0.0,126.76,550.13,0,1
805.17,0.3333,91.84,713.33,2,1
751.18,0.1667,100.54,650.64,1,1
989.62,0.6667,120.65,868.97,4,1
829.68,0.3333,101.22,728.46,2,1
886.85,0.5,88.14,798.72,3,1
949.57,0.5,181.11,768.46,3,1
795.88,0.3333,90.11,705.77,2,1
753.21,0.1667,110.14,643.08,1,1
760.12,0.1667,101.92,658.21,1,1
778.17,0.3333,72.41,705.77,2,1
836.24,0.3333,145.59,690.64,2,1
768.7,0.1667,118.05,650.64,1,1
596.9,0.0,77.03,519.87,0,1
902.36,0.3333,189.03,713.33,2,1
802.28,0.3333,88.95,713.33,2,1
575.68,0.0,55.81,519.87,0,1
1261.13,1.0,228.95,1032.18,6,1
1058.58,0.8333,119.35,939.23,5,1
1002.32,0.6667,110.65,891.67,4,1
932.93,0.3333,227.16,705.77,2,1
967.36,0.5,161.08,806.28,3,1
1005.37,0.6667,121.27,884.1,4,1
988.23,0.5,136.57,851.67,3,1
