"Total_Cost","Ratio_Reloc_Prod","Horiz_Cost","Vert_Cost","nReloc","non_Optimal"
225188.84,0.4627,33558.59,191630.33,694,300
569.89,0.0,67.32,502.56,0,1
1068.46,1.0,191.92,876.54,5,1
822.35,0.6,86.32,736.03,3,1
560.77,0.0,88.46,472.31,0,1
808.29,0.6,117.65,690.64,3,1
855.99,0.4,258.3,597.69,2,1
1136.93,1.2,182.57,954.36,6,1
604.24,0.2,54.11,550.13,1,1
934.87,0.6,221.54,713.33,3,1
653.54,0.2,118.54,535.0,1,1
1164.42,1.4,117.11,1047.31,7,1
695.66,0.4,82.84,612.82,2,1
892.26,0.8,93.54,798.72,4,1
1012.0,1.0,135.46,876.54,5,1
633.66,0.2,113.78,519.87,1,1
555.8,0.0,91.05,464.74,0,1
806.08,0.4,163.0,643.08,2,1
757.13,0.6,81.62,675.51,3,1
1083.36,1.2,121.43,961.92,6,1
1306.68,1.4,244.24,1062.44,7,1
983.62,0.8,200.03,783.59,4,1
790.42,0.4,139.78,650.64,2,1
777.63,0.4,111.86,665.77,2,1
920.17,0.6,206.84,713.33,3,1
798.99,0.4,140.78,658.21,2,1
484.86,0.0,42.81,442.05,0,1
800.69,0.4,142.49,658.21,2,1
740.95,0.4,120.57,620.38,2,1
655.27,0.4,72.7,582.56,2,1
513.29,0.0,56.11,457.18,0,1
694.36,0.4,81.54,612.82,2,1
818.21,0.8,95.14,723.08,4,1
629.96,0.4,24.7,605.26,2,1
821.99,0.8,76.22,745.77,4,1
767.3,0.6,99.35,667.95,3,1
633.8,0.4,36.11,597.69,2,1
954.87,1.0,101.03,853.85,5,1
718.33,0.4,97.95,620.38,2,1
704.74,0.4,84.35,620.38,2,1
467.49,0.0,33.0,434.49,0,1
937.06,0.8,168.59,768.46,4,1
540.86,0.0,91.24,449.62,0,1
718.89,0.4,90.95,627.95,2,1
974.8,0.8,176.08,798.72,4,1
696.25,0.4,83.43,612.82,2,1
915.36,0.6,149.08,766.28,3,1
999.73,0.8,178.32,821.41,4,1
462.05,0.0,20.0,442.05,0,1
779.7,0.4,144.19,635.51,2,1
467.03,0.0,40.11,426.92,0,1
786.53,0.6,88.32,698.21,3,1
913.51,0.8,137.49,776.03,4,1
956.08,0.8,187.62,768.46,4,1
744.82,0.4,139.57,605.26,2,1
579.01,0.2,66.7,512.31,1,1
778.38,0.4,158.0,620.38,2,1
586.33,0.0,106.46,479.87,0,1
624.22,0.2,89.22,535.0,1,1
727.67,0.4,129.97,597.69,2,1
791.55,0.6,146.3,645.26,3,1
608.34,0.2,58.22,550.13,1,1
473.62,0.0,24.0,449.62,0,1
454.17,0.0,34.81,419.36,0,1
1056.44,1.0,195.03,861.41,5,1
720.28,0.4,107.46,612.82,2,1
713.26,0.4,115.57,597.69,2,1
707.42,0.4,102.16,605.26,2,1
509.45,0.0,44.7,464.74,0,1
654.93,0.4,42.11,612.82,2,1
615.06,0.2,87.62,527.44,1,1
502.22,0.0,67.73,434.49,0,1
592.32,0.2,57.32,535.0,1,1
614.48,0.2,71.92,542.56,1,1
472.84,0.0,45.92,426.92,0,1
690.18,0.4,100.05,590.13,2,1
677.28,0.4,72.03,605.26,2,1
616.05,0.2,65.92,550.13,1,1
817.3,0.6,141.78,675.51,3,1
1060.39,1.2,121.16,939.23,6,1
768.95,0.4,141.0,627.95,2,1
842.83,0.6,152.19,690.64,3,1
815.03,0.6,94.14,720.9,3,1
1052.75,1.0,161.08,891.67,5,1
813.5,0.6,107.73,705.77,3,1
1214.7,1.4,190.08,1024.62,7,1
682.17,0.2,109.35,572.82,1,1
513.43,0.0,63.81,449.62,0,1
567.72,0.2,70.54,497.18,1,1
841.15,0.6,135.38,705.77,3,1
1066.32,1.0,182.22,884.1,5,1
553.67,0.0,104.05,449.62,0,1
596.55,0.0,116.68,479.87,0,1
849.04,0.6,143.27,705.77,3,1
883.75,0.6,140.16,743.59,3,1
526.47,0.0,61.73,464.74,0,1
1270.47,1.6,183.16,1087.31,8,1
544.8,0.0,87.62,457.18,0,1
1018.19,1.0,156.78,861.41,5,1
606.95,0.0,127.08,479.87,0,1
1094.05,1.2,162.38,931.67,6,1
826.21,0.6,135.57,690.64,3,1
556.83,0.0,99.65,457.18,0,1
907.02,1.0,83.43,823.59,5,1
975.53,1.0,144.38,831.15,5,1
565.01,0.0,85.14,479.87,0,1
495.3,0.0,60.81,434.49,0,1
826.25,0.6,105.35,720.9,3,1
848.62,0.6,120.16,728.46,3,1
827.04,0.4,161.27,665.77,2,1
638.52,0.2,111.08,527.44,1,1
654.02,0.4,56.32,597.69,2,1
606.81,0.2,71.81,535.0,1,1
1007.83,0.8,224.24,783.59,4,1
868.05,0.6,124.46,743.59,3,1
725.58,0.4,112.76,612.82,2,1
564.8,0.0,100.05,464.74,0,1
1172.81,1.4,170.89,1001.92,7,1
1006.12,1.0,152.27,853.85,5,1
724.98,0.4,112.16,612.82,2,1
775.91,0.6,92.84,683.08,3,1
907.4,0.8,131.38,776.03,4,1
849.01,0.6,135.68,713.33,3,1
781.24,0.6,105.73,675.51,3,1
645.83,0.2,88.14,557.69,1,1
551.77,0.0,87.03,464.74,0,1
912.93,0.8,106.65,806.28,4,1
1053.47,1.0,214.76,838.72,5,1
708.74,0.4,88.35,620.38,2,1
756.59,0.4,121.08,635.51,2,1
487.06,0.0,60.14,426.92,0,1
459.17,0.0,39.81,419.36,0,1
755.97,0.4,120.46,635.51,2,1
563.4,0.0,121.35,442.05,0,1
771.22,0.6,103.27,667.95,3,1
674.83,0.4,77.14,597.69,2,1
481.92,0.0,55.0,426.92,0,1
571.17,0.0,98.86,472.31,0,1
663.57,0.2,128.57,535.0,1,1
685.73,0.4,110.73,575.0,2,1
762.92,0.4,134.97,627.95,2,1
595.98,0.2,68.54,527.44,1,1
645.54,0.2,110.54,535.0,1,1
697.75,0.4,100.05,597.69,2,1
697.6,0.4,77.22,620.38,2,1
671.92,0.2,129.35,542.56,1,1
713.77,0.4,100.95,612.82,2,1
860.68,0.8,107.35,753.33,4,1
715.39,0.4,102.57,612.82,2,1
715.15,0.4,117.46,597.69,2,1
1311.65,1.6,194.08,1117.56,8,1
604.78,0.2,62.22,542.56,1,1
686.28,0.4,81.03,605.26,2,1
833.88,0.6,135.68,698.21,3,1
901.93,0.8,148.59,753.33,4,1
668.83,0.2,126.27,542.56,1,1
566.31,0.2,69.14,497.18,1,1
910.99,0.6,220.35,690.64,3,1
1014.19,1.0,152.78,861.41,5,1
656.77,0.2,83.95,572.82,1,1
621.43,0.2,86.43,535.0,1,1
770.67,0.6,80.03,690.64,3,1
799.69,0.6,93.92,705.77,3,1
723.23,0.4,117.97,605.26,2,1
532.41,0.0,105.49,426.92,0,1
564.1,0.0,106.92,457.18,0,1
661.73,0.2,134.3,527.44,1,1
608.43,0.2,73.43,535.0,1,1
874.52,0.6,161.19,713.33,3,1
948.64,0.8,157.49,791.15,4,1
672.81,0.4,90.24,582.56,2,1
1048.36,1.0,194.51,853.85,5,1
680.93,0.2,115.68,565.26,1,1
886.41,0.8,117.95,768.46,4,1
509.94,0.0,60.32,449.62,0,1
791.99,0.6,86.22,705.77,3,1
933.71,0.8,172.81,760.9,4,1
506.43,0.0,56.81,449.62,0,1
584.93,0.2,72.62,512.31,1,1
695.82,0.4,75.43,620.38,2,1
459.36,0.0,40.0,419.36,0,1
722.08,0.4,94.14,627.95,2,1
567.26,0.2,62.51,504.74,1,1
686.34,0.4,88.65,597.69,2,1
480.92,0.0,54.0,426.92,0,1
784.21,0.4,141.14,643.08,2,1
970.95,0.8,149.54,821.41,4,1
564.55,0.0,92.24,472.31,0,1
838.64,0.6,148.0,690.64,3,1
695.29,0.4,105.16,590.13,2,1
469.89,0.0,35.41,434.49,0,1
613.41,0.2,93.54,519.87,1,1
733.23,0.4,127.97,605.26,2,1
709.36,0.4,96.54,612.82,2,1
700.44,0.2,173.0,527.44,1,1
626.59,0.2,84.03,542.56,1,1
1057.42,1.2,125.76,931.67,6,1
1055.62,1.2,146.65,908.97,6,1
929.48,0.8,145.89,783.59,4,1
1066.98,1.0,213.14,853.85,5,1
972.86,1.0,149.27,823.59,5,1
801.01,0.4,180.62,620.38,2,1
538.77,0.0,74.03,464.74,0,1
897.59,0.8,121.57,776.03,4,1
633.0,0.2,105.57,527.44,1,1
604.55,0.0,139.81,464.74,0,1
1058.69,1.2,172.41,886.28,6,1
864.24,0.6,120.65,743.59,3,1
776.51,0.4,125.86,650.64,2,1
870.35,0.6,134.32,736.03,3,1
1028.74,1.0,174.89,853.85,5,1
879.76,0.8,103.73,776.03,4,1
616.08,0.2,73.51,542.56,1,1
637.13,0.2,94.57,542.56,1,1
567.71,0.2,55.41,512.31,1,1
966.17,0.8,144.76,821.41,4,1
662.54,0.2,119.97,542.56,1,1
705.9,0.4,85.51,620.38,2,1
970.47,1.0,116.62,853.85,5,1
532.26,0.0,67.51,464.74,0,1
690.94,0.4,93.24,597.69,2,1
846.44,0.6,125.54,720.9,3,1
976.07,1.0,137.35,838.72,5,1
680.58,0.4,75.32,605.26,2,1
610.9,0.0,138.59,472.31,0,1
997.89,1.0,174.3,823.59,5,1
883.04,0.8,137.27,745.77,4,1
984.84,0.8,223.95,760.9,4,1
633.65,0.2,98.65,535.0,1,1
777.83,0.4,134.76,643.08,2,1
660.29,0.2,110.16,550.13,1,1
730.69,0.4,117.86,612.82,2,1
531.03,0.0,111.68,419.36,0,1
855.77,0.8,117.57,738.21,4,1
610.46,0.2,83.03,527.44,1,1
804.13,0.6,121.05,683.08,3,1
509.48,0.0,67.43,442.05,0,1
796.36,0.6,151.11,645.26,3,1
681.96,0.4,69.14,612.82,2,1
616.02,0.2,58.32,557.69,1,1
714.26,0.4,116.57,597.69,2,1
614.74,0.2,94.86,519.87,1,1
595.52,0.2,75.65,519.87,1,1
912.5,1.0,119.16,793.33,5,1
1081.48,1.2,157.38,924.1,6,1
808.69,0.8,62.92,745.77,4,1
693.85,0.4,81.03,612.82,2,1
619.01,0.2,99.14,519.87,1,1
737.25,0.6,84.43,652.82,3,1
585.67,0.0,128.49,457.18,0,1
476.63,0.0,49.7,426.92,0,1
615.92,0.2,80.92,535.0,1,1
733.3,0.4,105.35,627.95,2,1
548.75,0.0,99.14,449.62,0,1
706.78,0.4,116.65,590.13,2,1
700.44,0.4,87.62,612.82,2,1
722.39,0.4,109.57,612.82,2,1
493.51,0.0,59.03,434.49,0,1
655.69,0.4,58.0,597.69,2,1
825.42,0.6,119.65,705.77,3,1
781.03,0.6,105.51,675.51,3,1
736.71,0.4,108.76,627.95,2,1
636.95,0.2,101.95,535.0,1,1
751.5,0.6,106.24,645.26,3,1
483.14,0.0,56.22,426.92,0,1
876.93,0.8,131.16,745.77,4,1
908.96,0.8,110.24,798.72,4,1
666.86,0.4,76.73,590.13,2,1
1006.02,0.8,222.43,783.59,4,1
768.48,0.6,85.41,683.08,3,1
835.48,0.6,137.27,698.21,3,1
1053.37,1.0,169.27,884.1,5,1
482.43,0.0,32.81,449.62,0,1
879.32,0.8,95.73,783.59,4,1
895.09,0.8,88.81,806.28,4,1
505.97,0.0,63.92,442.05,0,1
645.59,0.2,103.03,542.56,1,1
931.7,0.8,155.68,776.03,4,1
1077.09,1.0,223.24,853.85,5,1
628.24,0.2,93.24,535.0,1,1
791.41,0.6,123.46,667.95,3,1
898.94,1.0,82.92,816.03,5,1
593.92,0.2,58.92,535.0,1,1
712.45,0.4,114.76,597.69,2,1
796.19,0.6,113.11,683.08,3,1
905.28,0.8,144.38,760.9,4,1
658.53,0.2,100.84,557.69,1,1
1152.15,1.4,180.49,971.67,7,1
806.99,0.4,148.78,658.21,2,1
680.82,0.2,168.51,512.31,1,1
890.91,0.8,160.27,730.64,4,1
724.63,0.4,119.38,605.26,2,1
446.06,0.0,26.7,419.36,0,1
659.22,0.2,131.78,527.44,1,1
832.96,0.6,180.14,652.82,3,1
510.35,0.0,60.73,449.62,0,1
836.43,0.8,113.35,723.08,4,1
755.79,0.6,87.84,667.95,3,1
493.02,0.0,43.41,449.62,0,1
1033.11,1.0,156.57,876.54,5,1
661.88,0.2,111.76,550.13,1,1
