"Total_Cost","Ratio_Reloc_Prod","Horiz_Cost","Vert_Cost","nReloc","non_Optimal"
227349.91,0.482,32918.29,194431.62,723,300
569.89,0.0,67.32,502.56,0,1
1068.46,1.0,191.92,876.54,5,1
822.35,0.6,86.32,736.03,3,1
555.88,0.0,83.57,472.31,0,1
810.75,0.6,112.54,698.21,3,1
755.88,0.4,158.19,597.69,2,1
1129.25,1.2,182.46,946.79,6,1
595.97,0.2,53.41,542.56,1,1
934.87,0.6,221.54,713.33,3,1
654.1,0.2,111.54,542.56,1,1
1151.85,1.4,112.11,1039.74,7,1
709.33,0.4,88.95,620.38,2,1
890.37,0.8,91.65,798.72,4,1
1027.13,1.0,135.46,891.67,5,1
620.98,0.2,108.68,512.31,1,1
554.5,0.0,89.76,464.74,0,1
810.34,0.4,159.7,650.64,2,1
759.84,0.6,84.32,675.51,3,1
1055.66,1.2,116.43,939.23,6,1
1306.68,1.4,244.24,1062.44,7,1
983.62,0.8,200.03,783.59,4,1
790.42,0.4,139.78,650.64,2,1
782.04,0.4,116.27,665.77,2,1
889.93,0.6,191.73,698.21,3,1
798.99,0.4,140.78,658.21,2,1
484.86,0.0,42.81,442.05,0,1
804.39,0.4,146.19,658.21,2,1
759.22,0.4,131.27,627.95,2,1
651.83,0.4,61.7,590.13,2,1
513.29,0.0,56.11,457.18,0,1
749.29,0.4,106.22,643.08,2,1
819.02,0.8,95.95,723.08,4,1
629.96,0.4,24.7,605.26,2,1
817.12,0.8,78.92,738.21,4,1
783.86,0.6,108.35,675.51,3,1
624.4,0.4,26.7,597.69,2,1
954.87,1.0,101.03,853.85,5,1
731.89,0.4,103.95,627.95,2,1
691.63,0.4,71.24,620.38,2,1
464.6,0.0,30.11,434.49,0,1
946.87,0.8,178.41,768.46,4,1
541.56,0.0,91.95,449.62,0,1
834.0,0.6,105.54,728.46,3,1
956.53,0.8,165.38,791.15,4,1
725.21,0.4,82.14,643.08,2,1
882.93,0.6,116.65,766.28,3,1
933.28,0.8,111.86,821.41,4,1
442.76,0.0,23.41,419.36,0,1
785.19,0.4,149.68,635.51,2,1
479.65,0.0,52.73,426.92,0,1
751.15,0.6,60.51,690.64,3,1
901.7,0.8,125.68,776.03,4,1
852.43,0.6,176.92,675.51,3,1
730.31,0.4,125.05,605.26,2,1
581.28,0.2,61.41,519.87,1,1
711.26,0.4,113.57,597.69,2,1
532.23,0.0,59.92,472.31,0,1
642.1,0.2,99.54,542.56,1,1
733.23,0.4,127.97,605.26,2,1
817.06,0.6,149.11,667.95,3,1
619.69,0.2,62.0,557.69,1,1
440.06,0.0,20.7,419.36,0,1
459.33,0.0,32.41,426.92,0,1
984.54,0.8,200.95,783.59,4,1
707.38,0.4,79.43,627.95,2,1
580.25,0.2,52.81,527.44,1,1
730.44,0.4,110.05,620.38,2,1
561.01,0.2,48.7,512.31,1,1
634.5,0.4,36.81,597.69,2,1
593.04,0.2,80.73,512.31,1,1
533.41,0.2,58.92,474.49,1,1
587.81,0.2,52.81,535.0,1,1
625.75,0.2,75.62,550.13,1,1
473.25,0.0,46.32,426.92,0,1
833.66,0.8,80.32,753.33,4,1
692.9,0.4,72.51,620.38,2,1
752.97,0.6,62.32,690.64,3,1
817.61,0.6,126.97,690.64,3,1
1084.63,1.2,130.27,954.36,6,1
763.38,0.4,143.0,620.38,2,1
861.6,0.6,148.27,713.33,3,1
832.51,0.6,88.92,743.59,3,1
997.33,1.0,128.35,868.97,5,1
813.5,0.6,107.73,705.77,3,1
1222.26,1.4,190.08,1032.18,7,1
682.93,0.2,102.54,580.38,1,1
536.88,0.0,72.14,464.74,0,1
626.58,0.2,114.27,512.31,1,1
848.28,0.8,94.95,753.33,4,1
1067.16,1.0,190.62,876.54,5,1
547.62,0.0,105.57,442.05,0,1
581.58,0.0,109.27,472.31,0,1
939.27,0.8,155.68,783.59,4,1
983.22,0.8,154.24,828.97,4,1
496.05,0.0,54.0,442.05,0,1
1182.64,1.4,150.46,1032.18,7,1
564.39,0.0,99.65,464.74,0,1
888.21,0.6,152.19,736.03,3,1
664.26,0.2,106.57,557.69,1,1
898.62,0.8,130.16,768.46,4,1
844.52,0.6,116.05,728.46,3,1
657.32,0.2,114.76,542.56,1,1
749.51,0.6,66.43,683.08,3,1
974.71,1.0,120.86,853.85,5,1
873.0,0.6,136.97,736.03,3,1
448.87,0.0,29.51,419.36,0,1
749.04,0.4,90.84,658.21,2,1
736.37,0.4,85.73,650.64,2,1
860.6,0.6,147.27,713.33,3,1
660.89,0.2,125.89,535.0,1,1
654.02,0.4,56.32,597.69,2,1
488.16,0.0,46.11,442.05,0,1
933.28,0.6,219.95,713.33,3,1
791.63,0.4,125.86,665.77,2,1
800.83,0.6,117.76,683.08,3,1
538.45,0.0,88.84,449.62,0,1
1144.25,1.4,149.89,994.36,7,1
866.87,0.8,113.54,753.33,4,1
657.45,0.2,99.76,557.69,1,1
789.5,0.6,83.73,705.77,3,1
770.18,0.6,79.54,690.64,3,1
826.14,0.6,105.24,720.9,3,1
731.41,0.4,111.03,620.38,2,1
496.92,0.0,62.43,434.49,0,1
514.48,0.0,72.43,442.05,0,1
941.71,1.0,95.43,846.28,5,1
1072.6,1.0,218.76,853.85,5,1
703.61,0.4,98.35,605.26,2,1
733.9,0.4,121.08,612.82,2,1
492.97,0.0,50.92,442.05,0,1
473.28,0.0,53.92,419.36,0,1
834.55,0.6,113.65,720.9,3,1
694.09,0.4,88.84,605.26,2,1
916.14,1.0,115.24,800.9,5,1
977.01,1.0,123.16,853.85,5,1
675.44,0.4,62.62,612.82,2,1
836.31,0.6,122.97,713.33,3,1
730.34,0.4,125.08,605.26,2,1
586.45,0.0,129.27,457.18,0,1
810.16,0.6,127.08,683.08,3,1
740.97,0.4,105.46,635.51,2,1
646.67,0.2,96.54,550.13,1,1
593.03,0.0,113.16,479.87,0,1
487.84,0.0,60.92,426.92,0,1
768.08,0.4,132.57,635.51,2,1
868.33,0.8,107.43,760.9,4,1
847.84,0.8,86.95,760.9,4,1
699.2,0.4,93.95,605.26,2,1
822.35,0.6,139.27,683.08,3,1
1072.53,1.0,226.24,846.28,5,1
467.0,0.0,32.51,434.49,0,1
689.8,0.4,84.54,605.26,2,1
678.07,0.2,120.38,557.69,1,1
826.3,0.6,150.78,675.51,3,1
623.9,0.2,96.46,527.44,1,1
486.51,0.0,52.03,434.49,0,1
819.59,0.6,144.08,675.51,3,1
841.14,0.6,112.68,728.46,3,1
716.02,0.4,57.81,658.21,2,1
692.6,0.4,72.22,620.38,2,1
713.52,0.4,93.14,620.38,2,1
879.57,0.8,103.54,776.03,4,1
795.38,0.6,119.86,675.51,3,1
533.14,0.0,113.78,419.36,0,1
607.3,0.2,87.43,519.87,1,1
662.33,0.2,134.89,527.44,1,1
519.02,0.0,61.84,457.18,0,1
1117.58,1.2,170.78,946.79,6,1
788.51,0.4,153.0,635.51,2,1
667.15,0.2,109.46,557.69,1,1
1021.95,1.0,168.11,853.85,5,1
872.02,0.6,120.86,751.15,3,1
821.23,0.6,115.46,705.77,3,1
498.53,0.0,48.92,449.62,0,1
651.05,0.2,116.05,535.0,1,1
729.03,0.4,108.65,620.38,2,1
577.68,0.2,57.81,519.87,1,1
638.71,0.4,78.84,559.87,2,1
592.35,0.2,64.92,527.44,1,1
469.73,0.0,42.81,426.92,0,1
730.24,0.4,94.73,635.51,2,1
615.98,0.4,56.11,559.87,2,1
662.02,0.4,64.32,597.69,2,1
463.01,0.0,51.22,411.79,0,1
903.3,0.6,182.41,720.9,3,1
1108.82,1.2,154.46,954.36,6,1
569.69,0.0,104.95,464.74,0,1
761.17,0.6,108.35,652.82,3,1
841.15,0.8,102.95,738.21,4,1
517.35,0.0,67.73,449.62,0,1
537.59,0.0,95.54,442.05,0,1
611.46,0.2,84.03,527.44,1,1
694.76,0.4,119.76,575.0,2,1
866.22,0.6,190.7,675.51,3,1
713.41,0.4,93.03,620.38,2,1
988.92,1.0,119.95,868.97,5,1
996.99,1.0,158.27,838.72,5,1
1056.99,1.0,172.89,884.1,5,1
1098.05,1.2,166.38,931.67,6,1
655.52,0.2,128.08,527.44,1,1
853.57,0.4,218.05,635.51,2,1
612.43,0.2,77.43,535.0,1,1
897.73,0.6,161.7,736.03,3,1
537.66,0.0,72.92,464.74,0,1
698.32,0.2,148.19,550.13,1,1
1251.58,1.4,264.78,986.79,7,1
851.78,0.6,100.62,751.15,3,1
679.51,0.2,129.38,550.13,1,1
808.23,0.4,142.46,665.77,2,1
763.74,0.4,150.92,612.82,2,1
827.68,0.6,114.35,713.33,3,1
644.69,0.2,79.43,565.26,1,1
653.83,0.2,111.27,542.56,1,1
594.37,0.2,51.81,542.56,1,1
825.34,0.6,119.57,705.77,3,1
957.11,0.8,181.08,776.03,4,1
605.98,0.2,86.11,519.87,1,1
997.36,1.2,95.95,901.41,6,1
527.5,0.0,70.32,457.18,0,1
866.82,0.8,105.92,760.9,4,1
1111.22,1.0,189.3,921.92,5,1
909.72,0.6,203.95,705.77,3,1
695.06,0.4,82.24,612.82,2,1
792.66,0.4,179.84,612.82,2,1
1022.95,1.0,153.97,868.97,5,1
920.16,0.8,136.57,783.59,4,1
988.48,1.0,164.89,823.59,5,1
620.29,0.2,77.73,542.56,1,1
660.75,0.2,103.05,557.69,1,1
561.04,0.0,103.86,457.18,0,1
700.13,0.4,117.57,582.56,2,1
785.27,0.6,109.76,675.51,3,1
900.93,0.8,94.65,806.28,4,1
598.71,0.2,78.84,519.87,1,1
628.9,0.4,69.03,559.87,2,1
697.82,0.4,77.43,620.38,2,1
871.51,0.6,188.43,683.08,3,1
699.08,0.4,71.14,627.95,2,1
691.49,0.4,71.11,620.38,2,1
780.33,0.4,167.51,612.82,2,1
790.99,0.6,100.35,690.64,3,1
688.2,0.4,82.95,605.26,2,1
969.21,1.0,138.05,831.15,5,1
1114.91,1.2,190.81,924.1,6,1
757.28,0.6,51.51,705.77,3,1
752.64,0.4,109.57,643.08,2,1
686.18,0.4,96.05,590.13,2,1
658.75,0.2,101.05,557.69,1,1
928.97,0.8,145.38,783.59,4,1
474.25,0.0,47.32,426.92,0,1
672.14,0.4,59.32,612.82,2,1
651.75,0.4,61.62,590.13,2,1
530.75,0.0,81.14,449.62,0,1
714.61,0.4,109.35,605.26,2,1
666.56,0.4,76.43,590.13,2,1
743.3,0.4,115.35,627.95,2,1
471.36,0.0,52.0,419.36,0,1
770.86,0.6,95.35,675.51,3,1
789.85,0.6,144.59,645.26,3,1
769.71,0.6,101.76,667.95,3,1
841.77,0.8,88.43,753.33,4,1
824.17,0.6,110.84,713.33,3,1
847.63,0.6,141.86,705.77,3,1
484.7,0.0,50.22,434.49,0,1
715.11,0.4,94.73,620.38,2,1
972.44,1.0,111.03,861.41,5,1
747.89,0.6,79.95,667.95,3,1
1148.83,1.2,224.73,924.1,6,1
779.72,0.6,81.51,698.21,3,1
825.32,0.6,149.81,675.51,3,1
770.33,0.4,157.51,612.82,2,1
507.05,0.0,65.0,442.05,0,1
719.96,0.4,122.27,597.69,2,1
658.41,0.2,130.97,527.44,1,1
517.29,0.0,75.24,442.05,0,1
932.91,0.8,141.76,791.15,4,1
1048.26,1.2,124.16,924.1,6,1
1074.35,1.2,165.38,908.97,6,1
653.64,0.2,95.95,557.69,1,1
847.39,0.6,134.05,713.33,3,1
802.18,0.6,111.54,690.64,3,1
710.99,0.4,105.73,605.26,2,1
817.76,0.8,102.24,715.51,4,1
935.59,0.8,152.0,783.59,4,1
752.71,0.4,124.76,627.95,2,1
707.63,0.4,87.24,620.38,2,1
800.24,0.6,117.16,683.08,3,1
880.06,0.8,119.16,760.9,4,1
938.11,0.8,177.22,760.9,4,1
883.5,0.8,145.3,738.21,4,1
765.83,0.4,122.76,643.08,2,1
549.66,0.2,44.92,504.74,1,1
734.04,0.4,128.78,605.26,2,1
1016.55,0.8,195.14,821.41,4,1
648.16,0.2,113.16,535.0,1,1
992.73,1.2,91.32,901.41,6,1
706.12,0.4,100.86,605.26,2,1
548.96,0.2,44.22,504.74,1,1
924.63,0.8,118.35,806.28,4,1
649.6,0.2,122.16,527.44,1,1
