"Total_Cost","Ratio_Reloc_Prod","Horiz_Cost","Vert_Cost","nReloc","non_Optimal"
225529.42,0.484,31560.17,193969.12,726,300
569.89,0.0,67.32,502.56,0,1
1065.75,1.0,189.22,876.54,5,1
796.68,0.6,68.22,728.46,3,1
555.88,0.0,83.57,472.31,0,1
825.5,0.6,119.73,705.77,3,1
757.88,0.4,160.19,597.69,2,1
1129.25,1.2,182.46,946.79,6,1
597.48,0.2,54.92,542.56,1,1
921.36,0.6,208.03,713.33,3,1
654.1,0.2,111.54,542.56,1,1
1164.42,1.4,117.11,1047.31,7,1
710.63,0.4,90.24,620.38,2,1
894.37,0.8,95.65,798.72,4,1
1012.0,1.0,135.46,876.54,5,1
620.98,0.2,108.68,512.31,1,1
554.5,0.0,89.76,464.74,0,1
801.72,0.4,151.08,650.64,2,1
767.95,0.6,92.43,675.51,3,1
1063.23,1.2,116.43,946.79,6,1
1287.71,1.4,232.84,1054.87,7,1
983.62,0.8,200.03,783.59,4,1
786.91,0.4,136.27,650.64,2,1
777.44,0.4,96.54,680.9,2,1
870.1,0.6,187.03,683.08,3,1
783.72,0.4,133.08,650.64,2,1
495.72,0.0,46.11,449.62,0,1
798.69,0.4,140.49,658.21,2,1
756.92,0.4,128.97,627.95,2,1
651.83,0.4,61.7,590.13,2,1
513.29,0.0,56.11,457.18,0,1
749.29,0.4,106.22,643.08,2,1
788.68,0.8,80.73,707.95,4,1
638.07,0.4,32.81,605.26,2,1
788.7,0.8,65.62,723.08,4,1
775.76,0.6,100.24,675.51,3,1
557.7,0.2,22.7,535.0,1,1
954.87,1.0,101.03,853.85,5,1
716.77,0.4,103.95,612.82,2,1
691.63,0.4,71.24,620.38,2,1
464.6,0.0,30.11,434.49,0,1
965.54,0.8,189.51,776.03,4,1
545.67,0.0,96.05,449.62,0,1
740.32,0.4,97.24,643.08,2,1
959.53,0.8,168.38,791.15,4,1
691.57,0.4,63.62,627.95,2,1
853.99,0.6,102.84,751.15,3,1
933.28,0.8,111.86,821.41,4,1
445.36,0.0,26.0,419.36,0,1
736.84,0.4,116.46,620.38,2,1
503.72,0.0,54.11,449.62,0,1
834.68,0.8,66.22,768.46,4,1
931.45,0.8,140.3,791.15,4,1
872.21,0.6,189.14,683.08,3,1
743.06,0.4,130.24,612.82,2,1
549.96,0.2,45.22,504.74,1,1
751.67,0.4,116.16,635.51,2,1
488.86,0.0,46.81,442.05,0,1
636.81,0.2,94.24,542.56,1,1
733.31,0.4,128.05,605.26,2,1
827.76,0.6,159.81,667.95,3,1
734.84,0.6,59.32,675.51,3,1
454.17,0.0,34.81,419.36,0,1
442.5,0.0,30.7,411.79,0,1
908.65,0.8,140.19,768.46,4,1
813.04,0.6,107.27,705.77,3,1
675.37,0.4,85.24,590.13,2,1
731.84,0.4,111.46,620.38,2,1
539.88,0.2,42.7,497.18,1,1
634.5,0.4,36.81,597.69,2,1
727.76,0.6,59.81,667.95,3,1
481.84,0.0,54.92,426.92,0,1
580.25,0.2,52.81,527.44,1,1
636.02,0.2,78.32,557.69,1,1
474.44,0.0,47.51,426.92,0,1
881.46,0.8,105.43,776.03,4,1
668.5,0.4,70.81,597.69,2,1
534.62,0.2,60.14,474.49,1,1
882.04,0.8,136.27,745.77,4,1
1069.66,1.2,122.86,946.79,6,1
771.25,0.4,143.3,627.95,2,1
664.52,0.2,137.08,527.44,1,1
796.52,0.6,75.62,720.9,3,1
1022.67,1.0,138.57,884.1,5,1
843.44,0.6,122.54,720.9,3,1
1234.42,1.4,194.68,1039.74,7,1
681.52,0.2,101.14,580.38,1,1
543.47,0.0,78.73,464.74,0,1
630.88,0.2,118.57,512.31,1,1
793.4,0.6,102.76,690.64,3,1
1138.85,1.4,144.49,994.36,7,1
610.84,0.2,75.84,535.0,1,1
559.96,0.0,87.65,472.31,0,1
908.54,0.8,124.95,783.59,4,1
742.76,0.4,107.24,635.51,2,1
488.05,0.0,46.0,442.05,0,1
1195.29,1.4,170.68,1024.62,7,1
569.99,0.0,105.24,464.74,0,1
869.25,0.6,140.78,728.46,3,1
692.39,0.2,119.57,572.82,1,1
911.27,0.8,127.68,783.59,4,1
834.39,0.6,121.05,713.33,3,1
611.5,0.0,139.19,472.31,0,1
788.61,0.6,82.84,705.77,3,1
912.79,0.8,151.89,760.9,4,1
735.67,0.4,100.16,635.51,2,1
478.0,0.0,43.51,434.49,0,1
733.78,0.4,83.14,650.64,2,1
893.74,0.8,95.03,798.72,4,1
962.31,0.8,148.46,813.85,4,1
656.89,0.2,121.89,535.0,1,1
654.02,0.4,56.32,597.69,2,1
488.16,0.0,46.11,442.05,0,1
1038.33,0.8,216.92,821.41,4,1
851.62,0.6,123.16,728.46,3,1
724.84,0.4,104.46,620.38,2,1
561.44,0.0,89.14,472.31,0,1
1096.69,1.2,149.89,946.79,6,1
884.13,0.8,100.54,783.59,4,1
837.51,0.6,162.0,675.51,3,1
734.51,0.4,91.43,643.08,2,1
843.38,0.8,74.92,768.46,4,1
749.78,0.4,99.14,650.64,2,1
622.22,0.2,102.35,519.87,1,1
494.27,0.0,52.22,442.05,0,1
522.05,0.0,72.43,449.62,0,1
776.67,0.6,86.03,690.64,3,1
1047.51,1.0,216.35,831.15,5,1
650.45,0.4,60.32,590.13,2,1
815.92,0.6,140.41,675.51,3,1
559.26,0.2,54.51,504.74,1,1
504.48,0.0,62.43,442.05,0,1
821.44,0.6,100.54,720.9,3,1
622.16,0.2,72.03,550.13,1,1
777.71,0.6,109.76,667.95,3,1
823.9,0.6,110.57,713.33,3,1
763.21,0.6,80.14,683.08,3,1
857.33,0.6,128.86,728.46,3,1
739.5,0.4,126.68,612.82,2,1
731.04,0.4,125.78,605.26,2,1
795.35,0.6,112.27,683.08,3,1
644.46,0.2,109.46,535.0,1,1
489.15,0.0,77.35,411.79,0,1
723.87,0.4,111.05,612.82,2,1
666.99,0.4,61.73,605.26,2,1
658.23,0.2,100.54,557.69,1,1
866.74,0.8,105.84,760.9,4,1
815.8,0.8,70.03,745.77,4,1
656.19,0.4,88.76,567.44,2,1
574.45,0.0,117.27,457.18,0,1
1376.47,1.6,236.22,1140.26,8,1
588.46,0.0,93.46,495.0,0,1
671.31,0.4,73.62,597.69,2,1
818.77,0.6,120.57,698.21,3,1
863.0,0.6,179.92,683.08,3,1
940.69,1.0,109.54,831.15,5,1
519.16,0.0,69.54,449.62,0,1
877.13,0.8,146.49,730.64,4,1
877.62,0.8,109.16,768.46,4,1
584.14,0.2,56.7,527.44,1,1
540.66,0.0,75.92,464.74,0,1
768.35,0.4,125.27,643.08,2,1
929.93,0.8,123.65,806.28,4,1
699.13,0.4,116.57,582.56,2,1
531.14,0.0,111.78,419.36,0,1
666.13,0.4,76.0,590.13,2,1
880.14,0.6,166.81,713.33,3,1
519.02,0.0,61.84,457.18,0,1
966.07,0.8,159.78,806.28,4,1
1074.43,1.0,197.89,876.54,5,1
551.13,0.0,93.95,457.18,0,1
963.15,1.0,116.86,846.28,5,1
623.05,0.2,72.92,550.13,1,1
878.46,0.8,102.43,776.03,4,1
592.39,0.2,72.51,519.87,1,1
911.94,0.8,128.35,783.59,4,1
676.78,0.4,86.65,590.13,2,1
488.46,0.0,46.41,442.05,0,1
494.87,0.0,67.95,426.92,0,1
602.48,0.2,59.92,542.56,1,1
468.33,0.0,41.41,426.92,0,1
837.61,0.8,91.84,745.77,4,1
491.05,0.0,49.0,442.05,0,1
662.02,0.4,64.32,597.69,2,1
486.03,0.0,59.11,426.92,0,1
895.51,0.8,104.35,791.15,4,1
926.07,0.8,127.35,798.72,4,1
549.61,0.0,92.43,457.18,0,1
756.08,0.4,120.57,635.51,2,1
675.95,0.4,48.0,627.95,2,1
454.06,0.0,34.7,419.36,0,1
614.52,0.2,94.65,519.87,1,1
881.6,0.8,113.14,768.46,4,1
666.4,0.2,116.27,550.13,1,1
878.08,0.6,210.14,667.95,3,1
780.81,0.6,97.73,683.08,3,1
1044.64,1.2,120.54,924.1,6,1
784.71,0.6,116.76,667.95,3,1
990.67,1.0,167.08,823.59,5,1
932.83,0.8,141.68,791.15,4,1
585.43,0.0,135.81,449.62,0,1
966.75,0.8,175.59,791.15,4,1
519.08,0.0,77.03,442.05,0,1
1046.1,1.0,162.0,884.1,5,1
715.3,0.4,94.92,620.38,2,1
655.73,0.2,113.16,542.56,1,1
1258.23,1.4,279.0,979.23,7,1
699.57,0.4,71.62,627.95,2,1
646.62,0.2,104.05,542.56,1,1
725.73,0.4,90.22,635.51,2,1
910.59,0.8,134.57,776.03,4,1
627.48,0.2,84.92,542.56,1,1
629.56,0.2,79.43,550.13,1,1
713.82,0.4,108.57,605.26,2,1
572.41,0.2,37.41,535.0,1,1
919.97,0.8,136.38,783.59,4,1
799.95,0.4,172.0,627.95,2,1
638.08,0.4,55.51,582.56,2,1
983.27,1.0,106.73,876.54,5,1
553.6,0.0,73.73,479.87,0,1
768.84,0.6,93.32,675.51,3,1
1196.67,1.4,164.49,1032.18,7,1
871.47,0.8,110.57,760.9,4,1
694.06,0.4,81.24,612.82,2,1
865.67,0.6,175.03,690.64,3,1
932.56,0.8,148.97,783.59,4,1
950.91,0.8,159.76,791.15,4,1
803.44,0.6,135.49,667.95,3,1
597.3,0.2,77.43,519.87,1,1
727.14,0.4,106.76,620.38,2,1
636.86,0.2,101.86,535.0,1,1
817.21,0.6,126.57,690.64,3,1
593.37,0.2,103.76,489.62,1,1
908.0,0.8,79.03,828.97,4,1
847.51,0.8,116.86,730.64,4,1
802.72,0.6,112.08,690.64,3,1
719.95,0.4,99.57,620.38,2,1
738.46,0.4,171.03,567.44,2,1
681.25,0.4,68.43,612.82,2,1
605.48,0.2,62.92,542.56,1,1
698.8,0.2,148.68,550.13,1,1
859.79,0.8,106.46,753.33,4,1
554.37,0.2,49.62,504.74,1,1
973.14,1.0,111.73,861.41,5,1
1041.46,1.0,172.49,868.97,5,1
918.13,0.8,126.97,791.15,4,1
657.04,0.2,99.35,557.69,1,1
516.78,0.0,74.73,442.05,0,1
734.95,0.4,99.43,635.51,2,1
939.91,1.0,108.76,831.15,5,1
482.16,0.0,40.11,442.05,0,1
641.8,0.4,44.11,597.69,2,1
652.64,0.4,62.51,590.13,2,1
505.38,0.0,63.32,442.05,0,1
686.64,0.4,88.95,597.69,2,1
828.99,0.8,83.22,745.77,4,1
735.58,0.4,122.76,612.82,2,1
457.58,0.0,38.22,419.36,0,1
637.42,0.2,79.73,557.69,1,1
710.49,0.4,135.49,575.0,2,1
847.85,0.8,109.65,738.21,4,1
909.81,1.0,86.22,823.59,5,1
671.54,0.4,96.54,575.0,2,1
1102.68,1.2,140.76,961.92,6,1
476.63,0.0,49.7,426.92,0,1
892.43,0.8,123.97,768.46,4,1
762.86,0.6,72.22,690.64,3,1
583.2,0.2,63.32,519.87,1,1
1144.25,1.4,157.46,986.79,7,1
709.16,0.4,81.22,627.95,2,1
642.76,0.2,107.76,535.0,1,1
678.35,0.2,135.78,542.56,1,1
462.87,0.0,43.51,419.36,0,1
1006.42,1.2,120.14,886.28,6,1
740.95,0.4,120.57,620.38,2,1
488.33,0.0,61.41,426.92,0,1
767.78,0.4,132.27,635.51,2,1
816.15,0.6,117.95,698.21,3,1
941.67,1.0,125.65,816.03,5,1
531.64,0.0,82.03,449.62,0,1
956.1,1.0,124.95,831.15,5,1
755.26,0.4,104.62,650.64,2,1
608.57,0.2,81.14,527.44,1,1
692.59,0.4,102.46,590.13,2,1
901.62,0.8,133.16,768.46,4,1
707.04,0.4,109.35,597.69,2,1
741.86,0.4,106.35,635.51,2,1
770.71,0.6,102.76,667.95,3,1
788.11,0.4,167.73,620.38,2,1
1008.37,1.0,177.22,831.15,5,1
1072.36,1.2,178.51,893.85,6,1
626.6,0.2,99.16,527.44,1,1
473.03,0.0,46.11,426.92,0,1
857.19,0.8,88.73,768.46,4,1
724.2,0.4,111.38,612.82,2,1
740.45,0.4,135.19,605.26,2,1
830.63,0.8,69.73,760.9,4,1
681.94,0.4,84.24,597.69,2,1
631.06,0.4,63.62,567.44,2,1
975.58,1.0,136.86,838.72,5,1
724.31,0.4,119.05,605.26,2,1
