"Total_Cost","Ratio_Reloc_Prod","Horiz_Cost","Vert_Cost","nReloc","non_Optimal"
244495.88,0.4827,50357.08,194138.8,724,144
797.86,0.4,154.78,643.08,2,0
853.02,0.4,194.81,658.21,2,1
1001.38,0.8,179.97,821.41,4,0
904.4,0.6,160.81,743.59,3,1
588.03,0.0,93.03,495.0,0,0
627.79,0.2,47.41,580.38,1,0
671.01,0.2,105.76,565.26,1,0
799.52,0.6,146.7,652.82,3,1
690.9,0.2,171.03,519.87,1,1
745.13,0.4,102.05,643.08,2,1
1200.8,1.4,176.19,1024.62,7,0
770.59,0.4,119.95,650.64,2,0
645.19,0.2,117.76,527.44,1,0
614.59,0.2,72.03,542.56,1,0
956.08,0.6,220.05,736.03,3,1
703.11,0.4,82.73,620.38,2,1
817.33,0.6,96.43,720.9,3,0
1529.45,0.8,851.76,677.69,4,1
845.63,0.6,139.86,705.77,3,1
690.0,0.2,102.05,587.95,1,0
1163.48,1.2,231.81,931.67,6,1
686.15,0.2,128.46,557.69,1,0
891.42,0.6,140.27,751.15,3,1
893.86,0.6,150.27,743.59,3,1
1026.01,0.8,212.16,813.85,4,0
683.51,0.2,133.38,550.13,1,0
1101.06,1.2,192.08,908.97,6,1
554.42,0.0,97.24,457.18,0,0
765.39,0.4,152.57,612.82,2,0
548.28,0.0,83.54,464.74,0,0
573.18,0.0,108.43,464.74,0,0
573.18,0.0,116.0,457.18,0,0
708.65,0.4,80.7,627.95,2,1
761.96,0.4,103.76,658.21,2,1
548.37,0.0,98.76,449.62,0,0
863.18,0.8,132.54,730.64,4,1
964.82,0.8,158.54,806.28,4,0
626.82,0.2,106.95,519.87,1,1
777.17,0.4,156.78,620.38,2,1
811.1,0.6,128.03,683.08,3,1
1032.64,1.0,148.54,884.1,5,1
502.49,0.0,68.0,434.49,0,0
563.88,0.2,66.7,497.18,1,0
856.58,0.8,110.81,745.77,4,1
462.82,0.0,51.03,411.79,0,0
675.27,0.4,100.27,575.0,2,0
636.02,0.2,93.46,542.56,1,0
682.93,0.4,70.11,612.82,2,1
766.98,0.4,146.59,620.38,2,0
964.34,1.0,133.19,831.15,5,1
508.05,0.0,58.43,449.62,0,0
680.51,0.2,130.38,550.13,1,0
720.87,0.4,108.05,612.82,2,1
784.92,0.4,149.41,635.51,2,1
530.19,0.0,103.27,426.92,0,0
961.4,1.0,145.38,816.03,5,1
756.67,0.4,106.03,650.64,2,0
1063.21,1.0,186.68,876.54,5,1
814.88,0.8,84.24,730.64,4,1
604.0,0.2,61.43,542.56,1,1
672.34,0.2,114.65,557.69,1,1
803.27,0.4,160.19,643.08,2,0
899.31,0.6,185.97,713.33,3,1
804.06,0.4,176.11,627.95,2,0
984.43,0.8,200.84,783.59,4,1
743.36,0.4,130.54,612.82,2,0
1065.63,0.8,304.73,760.9,4,1
911.78,0.6,221.14,690.64,3,0
565.34,0.0,108.16,457.18,0,0
620.2,0.2,115.46,504.74,1,0
439.9,0.0,28.11,411.79,0,0
1129.59,1.2,205.49,924.1,6,1
811.78,0.6,121.14,690.64,3,0
661.7,0.2,119.14,542.56,1,0
702.96,0.2,145.27,557.69,1,0
688.2,0.2,122.95,565.26,1,0
724.32,0.2,174.19,550.13,1,0
1280.94,1.0,449.78,831.15,5,1
642.36,0.2,69.54,572.82,1,0
722.79,0.2,149.97,572.82,1,0
1090.17,0.8,268.76,821.41,4,0
808.11,0.4,172.59,635.51,2,0
1288.27,0.8,572.76,715.51,4,1
736.72,0.2,179.03,557.69,1,0
863.24,0.6,180.16,683.08,3,1
801.86,0.4,158.78,643.08,2,0
856.23,0.4,198.03,658.21,2,0
1447.87,1.8,305.43,1142.44,9,1
665.34,0.2,107.65,557.69,1,0
557.18,0.0,92.43,464.74,0,0
724.14,0.6,71.32,652.82,3,0
668.42,0.2,110.73,557.69,1,0
831.27,0.6,148.19,683.08,3,0
716.81,0.4,141.81,575.0,2,0
929.23,0.8,175.89,753.33,4,1
704.34,0.2,154.22,550.13,1,0
1347.09,0.8,593.76,753.33,4,1
939.81,0.6,203.78,736.03,3,1
550.47,0.0,85.73,464.74,0,0
707.93,0.2,142.68,565.26,1,0
546.32,0.0,104.27,442.05,0,0
780.48,0.6,89.84,690.64,3,0
834.28,0.6,173.89,660.38,3,1
698.82,0.4,86.0,612.82,2,1
528.86,0.0,86.81,442.05,0,0
719.88,0.4,122.19,597.69,2,0
958.01,1.0,172.24,785.77,5,1
1150.46,1.0,273.92,876.54,5,1
669.25,0.2,96.43,572.82,1,0
829.94,0.2,279.81,550.13,1,0
590.22,0.2,55.22,535.0,1,0
620.41,0.2,85.41,535.0,1,1
694.44,0.4,81.62,612.82,2,1
847.13,0.6,156.49,690.64,3,1
990.93,1.0,144.65,846.28,5,1
690.33,0.4,77.51,612.82,2,1
899.51,0.6,163.49,736.03,3,1
743.95,0.4,176.51,567.44,2,1
813.32,0.4,177.81,635.51,2,1
789.28,0.4,168.89,620.38,2,1
437.9,0.0,26.11,411.79,0,0
692.26,0.4,102.14,590.13,2,1
661.64,0.2,103.95,557.69,1,0
670.83,0.2,128.27,542.56,1,1
452.61,0.0,40.81,411.79,0,0
976.63,0.8,283.81,692.82,4,1
1065.82,1.0,219.54,846.28,5,0
657.25,0.2,84.43,572.82,1,0
751.15,0.4,92.95,658.21,2,1
992.69,0.8,201.54,791.15,4,1
796.18,0.4,190.92,605.26,2,1
601.01,0.0,136.27,464.74,0,0
859.53,0.6,168.89,690.64,3,0
634.92,0.2,92.35,542.56,1,0
1931.53,1.8,811.78,1119.74,9,1
953.4,0.6,217.38,736.03,3,0
761.63,0.4,156.38,605.26,2,1
573.66,0.0,101.35,472.31,0,0
936.22,0.6,215.32,720.9,3,0
549.88,0.0,85.14,464.74,0,0
776.45,0.4,186.32,590.13,2,0
1028.84,1.2,119.86,908.97,6,1
512.54,0.0,78.05,434.49,0,0
659.04,0.2,101.35,557.69,1,0
631.67,0.2,81.54,550.13,1,1
482.44,0.0,55.51,426.92,0,0
957.86,0.8,174.27,783.59,4,1
559.87,0.0,125.38,434.49,0,0
475.89,0.0,41.41,434.49,0,0
976.86,0.6,225.7,751.15,3,0
1230.94,1.0,460.3,770.64,5,1
807.58,0.4,149.38,658.21,2,0
1181.72,0.8,390.57,791.15,4,1
541.18,0.0,91.57,449.62,0,0
1740.26,1.0,969.62,770.64,5,1
740.86,0.4,105.35,635.51,2,0
811.17,0.4,130.27,680.9,2,0
740.14,0.2,159.76,580.38,1,0
849.22,0.6,173.7,675.51,3,0
909.02,0.6,210.81,698.21,3,1
897.75,0.6,154.16,743.59,3,1
541.0,0.0,98.95,442.05,0,0
940.59,0.8,149.43,791.15,4,1
639.9,0.2,112.46,527.44,1,1
633.18,0.2,83.05,550.13,1,1
671.62,0.2,129.05,542.56,1,0
659.31,0.4,61.62,597.69,2,0
843.33,0.6,122.43,720.9,3,1
748.36,0.6,95.54,652.82,3,0
603.63,0.2,91.32,512.31,1,0
1060.82,1.0,199.41,861.41,5,1
774.95,0.6,99.43,675.51,3,0
658.32,0.2,115.76,542.56,1,1
794.83,0.4,197.14,597.69,2,1
581.87,0.2,62.0,519.87,1,0
986.97,0.8,210.95,776.03,4,1
804.79,0.6,151.97,652.82,3,1
678.16,0.2,143.16,535.0,1,0
658.71,0.4,98.84,559.87,2,1
1348.34,1.0,562.57,785.77,5,1
748.47,0.2,168.08,580.38,1,0
766.87,0.4,146.49,620.38,2,0
680.8,0.2,130.68,550.13,1,0
683.71,0.4,116.27,567.44,2,0
810.75,0.6,127.68,683.08,3,1
584.94,0.0,127.76,457.18,0,0
1311.76,1.4,302.27,1009.49,7,1
1533.43,0.8,764.97,768.46,4,1
760.94,0.4,117.86,643.08,2,1
742.57,0.2,207.57,535.0,1,0
807.19,0.4,164.11,643.08,2,0
831.01,0.8,85.24,745.77,4,1
724.27,0.4,96.32,627.95,2,0
561.15,0.0,96.41,464.74,0,0
887.68,0.6,166.78,720.9,3,1
884.71,0.6,171.38,713.33,3,1
1156.11,1.0,279.57,876.54,5,1
872.85,0.6,174.65,698.21,3,1
456.76,0.0,37.41,419.36,0,0
938.0,0.8,161.97,776.03,4,1
898.79,0.6,177.89,720.9,3,0
630.01,0.2,110.14,519.87,1,0
1031.29,1.2,152.57,878.72,6,1
738.79,0.6,70.84,667.95,3,1
502.39,0.0,83.03,419.36,0,0
566.4,0.2,84.35,482.05,1,1
910.06,0.8,149.16,760.9,4,1
675.53,0.2,117.84,557.69,1,0
491.84,0.0,64.92,426.92,0,0
1205.43,1.4,195.95,1009.49,7,1
819.35,0.6,151.41,667.95,3,1
850.87,0.8,150.49,700.38,4,1
989.82,0.8,228.92,760.9,4,1
745.45,0.4,140.19,605.26,2,1
624.28,0.4,79.54,544.74,2,1
899.64,0.6,216.57,683.08,3,1
595.06,0.2,82.76,512.31,1,0
603.84,0.2,68.84,535.0,1,0
1631.74,2.2,295.84,1335.9,11,1
803.46,0.4,175.51,627.95,2,0
844.31,0.6,130.97,713.33,3,1
746.2,0.4,133.38,612.82,2,0
756.51,0.4,113.43,643.08,2,1
715.75,0.4,133.19,582.56,2,0
629.8,0.2,140.19,489.62,1,0
582.41,0.2,62.54,519.87,1,0
765.05,0.6,150.05,615.0,3,0
826.97,0.6,143.89,683.08,3,1
955.48,0.8,171.89,783.59,4,0
874.49,0.6,138.46,736.03,3,0
779.96,0.4,174.7,605.26,2,0
715.54,0.4,132.97,582.56,2,1
810.1,0.4,159.46,650.64,2,0
964.7,0.8,196.24,768.46,4,0
1555.69,2.0,343.0,1212.69,10,1
698.64,0.4,48.0,650.64,2,0
983.5,0.8,230.16,753.33,4,1
946.53,0.8,140.24,806.28,4,1
1005.15,0.8,214.0,791.15,4,1
1029.91,0.8,238.76,791.15,4,1
750.17,0.4,137.35,612.82,2,0
1565.69,1.0,719.41,846.28,5,1
867.37,0.6,169.16,698.21,3,1
851.78,0.4,269.22,582.56,2,1
558.23,0.0,101.05,457.18,0,0
658.21,0.4,60.51,597.69,2,1
1581.47,0.8,881.08,700.38,4,1
793.12,0.2,235.43,557.69,1,0
966.03,0.6,298.08,667.95,3,1
910.02,0.8,179.38,730.64,4,1
805.98,0.4,178.03,627.95,2,0
1792.01,1.4,797.65,994.36,7,1
720.75,0.2,170.62,550.13,1,0
655.75,0.2,98.05,557.69,1,0
575.34,0.0,118.16,457.18,0,0
1007.34,1.0,176.19,831.15,5,1
936.72,0.8,198.51,738.21,4,1
583.18,0.0,133.57,449.62,0,0
1138.99,1.0,247.32,891.67,5,1
740.76,0.4,105.24,635.51,2,1
780.19,0.4,144.68,635.51,2,0
764.11,0.4,136.16,627.95,2,1
1277.67,1.2,293.05,984.62,6,0
537.44,0.0,65.14,472.31,0,0
800.33,0.6,132.38,667.95,3,1
826.32,0.6,143.24,683.08,3,1
745.75,0.4,163.19,582.56,2,0
622.25,0.2,109.95,512.31,1,0
708.38,0.4,133.38,575.0,2,1
1157.14,1.2,202.78,954.36,6,0
1876.15,1.4,957.43,918.72,7,1
671.43,0.2,128.86,542.56,1,0
1198.98,0.8,385.14,813.85,4,1
757.06,0.2,169.11,587.95,1,0
721.45,0.2,156.19,565.26,1,0
1391.4,1.4,313.84,1077.56,7,1
880.99,0.8,89.84,791.15,4,1
873.0,0.6,136.97,736.03,3,1
1256.75,1.4,239.7,1017.05,7,1
539.28,0.0,74.54,464.74,0,0
533.66,0.0,68.92,464.74,0,0
802.37,0.4,144.16,658.21,2,0
538.28,0.0,73.54,464.74,0,0
805.54,0.4,162.46,643.08,2,0
1021.06,0.8,207.22,813.85,4,1
842.37,0.6,144.16,698.21,3,1
618.63,0.2,98.76,519.87,1,0
439.31,0.0,27.51,411.79,0,0
728.61,0.2,170.92,557.69,1,1
561.78,0.2,79.73,482.05,1,1
919.37,0.8,120.65,798.72,4,1
575.54,0.0,133.49,442.05,0,0
776.67,0.6,86.03,690.64,3,1
749.27,0.4,113.76,635.51,2,0
668.23,0.4,55.41,612.82,2,1
631.16,0.2,96.16,535.0,1,1
488.38,0.0,46.32,442.05,0,0
989.7,0.8,259.05,730.64,4,1
671.44,0.2,144.0,527.44,1,0
1001.06,0.8,300.68,700.38,4,1
