"Total_Cost","Ratio_Reloc_Prod","Horiz_Cost","Vert_Cost","nReloc","non_Optimal"
244400.54,0.7047,39150.44,205250.21,1057,75
727.1,0.4,136.97,590.13,2,0
900.49,1.0,144.97,755.51,5,0
707.0,0.6,84.43,622.56,3,0
524.65,0.2,57.73,466.92,1,0
870.57,1.0,115.05,755.51,5,0
763.2,0.6,170.89,592.31,3,0
530.54,0.2,63.62,466.92,1,0
803.36,0.8,118.11,685.26,4,0
810.32,0.8,140.19,670.13,4,0
721.07,0.6,90.95,630.13,3,0
567.13,0.2,77.51,489.62,1,0
708.21,0.4,171.03,537.18,2,0
884.05,0.8,160.97,723.08,4,1
1431.29,2.2,239.11,1192.18,11,0
974.97,1.2,118.95,856.03,6,1
836.83,0.6,206.7,630.13,3,1
1049.68,1.4,115.84,933.85,7,1
905.97,0.8,182.89,723.08,4,0
564.55,0.2,112.76,451.79,1,0
794.08,0.6,171.51,622.56,3,0
766.38,0.6,106.0,660.38,3,0
474.49,0.0,55.14,419.36,0,0
721.74,0.6,121.86,599.87,3,1
666.55,0.4,114.24,552.31,2,0
763.65,0.6,88.14,675.51,3,0
1020.61,1.2,149.46,871.15,6,0
515.57,0.0,88.65,426.92,0,0
805.31,0.6,167.62,637.69,3,0
571.44,0.2,112.08,459.36,1,0
879.35,0.8,156.27,723.08,4,1
660.05,0.4,69.92,590.13,2,0
519.2,0.0,114.97,404.23,0,0
908.59,1.0,137.95,770.64,5,0
714.07,0.6,83.95,630.13,3,1
1203.38,1.6,161.46,1041.92,8,0
1296.01,1.8,176.27,1119.74,9,0
879.1,0.8,148.46,730.64,4,1
727.05,0.6,96.92,630.13,3,0
872.7,0.8,157.19,715.51,4,0
818.83,0.8,80.62,738.21,4,1
471.01,0.0,59.22,411.79,0,0
953.23,1.0,159.89,793.33,5,1
1046.45,1.2,175.3,871.15,6,0
880.22,0.8,164.7,715.51,4,1
569.81,0.2,95.32,474.49,1,0
1026.49,1.2,185.59,840.9,6,0
888.9,0.8,188.51,700.38,4,1
1304.42,1.8,184.68,1119.74,9,0
858.51,0.8,74.92,783.59,4,0
876.47,0.8,191.22,685.26,4,1
767.03,0.6,159.59,607.44,3,0
1270.98,1.6,168.54,1102.44,8,0
1075.82,1.4,141.97,933.85,7,0
965.55,1.0,179.78,785.77,5,0
903.12,1.0,117.35,785.77,5,0
1048.92,1.4,107.51,941.41,7,0
822.94,0.6,139.86,683.08,3,1
767.43,0.6,144.86,622.56,3,1
752.99,0.6,122.86,630.13,3,0
834.12,0.8,148.86,685.26,4,0
726.07,0.6,80.81,645.26,3,0
954.75,1.0,131.16,823.59,5,0
756.09,0.6,110.84,645.26,3,0
799.56,0.6,101.35,698.21,3,1
740.36,0.6,140.49,599.87,3,0
574.16,0.2,84.54,489.62,1,0
1102.81,1.2,254.35,848.46,6,0
819.24,0.8,103.73,715.51,4,0
867.18,0.8,181.92,685.26,4,0
825.63,0.8,125.24,700.38,4,1
550.92,0.2,76.43,474.49,1,0
932.9,1.0,139.57,793.33,5,1
626.35,0.4,96.73,529.62,2,0
488.42,0.0,91.76,396.67,0,0
820.24,0.6,205.24,615.0,3,0
757.32,0.6,127.19,630.13,3,1
1309.1,1.8,196.92,1112.18,9,1
477.29,0.0,20.11,457.18,0,0
745.75,0.6,55.11,690.64,3,0
771.63,0.6,126.38,645.26,3,0
623.74,0.4,71.43,552.31,2,0
490.16,0.0,48.11,442.05,0,0
1026.7,1.2,117.73,908.97,6,1
847.57,0.8,132.05,715.51,4,1
602.48,0.2,112.86,489.62,1,0
498.39,0.0,94.16,404.23,0,0
956.83,1.0,178.62,778.21,5,0
1051.7,1.2,135.16,916.54,6,0
996.4,1.2,140.38,856.03,6,0
904.77,1.0,126.57,778.21,5,0
827.77,0.8,74.43,753.33,4,1
777.11,0.6,109.16,667.95,3,0
806.79,0.8,98.84,707.95,4,0
1062.33,1.2,168.49,893.85,6,1
728.45,0.6,90.76,637.69,3,1
642.17,0.2,129.86,512.31,1,0
532.77,0.0,120.97,411.79,0,0
1027.86,1.2,156.7,871.15,6,1
980.76,1.2,139.86,840.9,6,1
692.53,0.4,94.84,597.69,2,0
1318.45,1.8,198.7,1119.74,9,0
1141.36,1.4,154.57,986.79,7,1
464.12,0.0,52.32,411.79,0,0
760.42,0.6,115.16,645.26,3,0
851.98,0.8,151.59,700.38,4,0
736.03,0.6,136.16,599.87,3,0
856.08,0.8,140.57,715.51,4,1
597.18,0.2,107.57,489.62,1,1
572.52,0.2,60.22,512.31,1,0
1633.89,2.4,250.43,1383.46,12,1
632.65,0.4,65.22,567.44,2,0
853.13,1.0,97.62,755.51,5,0
850.24,0.8,127.16,723.08,4,1
476.21,0.0,79.54,396.67,0,0
567.14,0.2,92.65,474.49,1,0
622.54,0.4,55.11,567.44,2,0
553.94,0.2,64.32,489.62,1,0
773.94,0.6,136.24,637.69,3,1
837.63,0.8,152.38,685.26,4,0
1019.61,1.2,148.46,871.15,6,1
791.74,0.8,98.92,692.82,4,0
1229.57,1.6,233.03,996.54,8,0
537.95,0.0,103.46,434.49,0,0
469.47,0.0,50.11,419.36,0,0
773.77,0.6,136.08,637.69,3,0
1124.11,1.2,268.08,856.03,6,0
640.97,0.4,111.35,529.62,2,0
905.06,1.0,104.16,800.9,5,1
1014.8,1.2,136.08,878.72,6,1
943.15,1.0,157.38,785.77,5,0
1033.64,1.0,194.92,838.72,5,0
740.5,0.6,95.24,645.26,3,0
995.38,1.2,139.35,856.03,6,0
1021.44,1.0,235.68,785.77,5,0
731.46,0.6,116.46,615.0,3,0
549.18,0.2,52.0,497.18,1,0
2263.95,1.2,1294.46,969.49,6,1
833.2,0.8,147.95,685.26,4,0
826.21,0.8,103.14,723.08,4,0
1264.27,1.6,207.22,1057.05,8,1
964.13,1.2,108.11,856.03,6,1
1106.53,1.4,195.38,911.15,7,0
1418.45,2.0,198.19,1220.26,10,1
493.49,0.0,74.14,419.36,0,0
1059.05,1.2,134.95,924.1,6,0
1188.2,1.4,193.84,994.36,7,0
845.94,0.8,122.86,723.08,4,1
693.82,0.4,133.95,559.87,2,0
480.18,0.0,83.51,396.67,0,1
907.5,0.8,169.3,738.21,4,1
816.59,0.6,141.08,675.51,3,1
839.48,0.8,108.84,730.64,4,0
1020.37,1.2,156.78,863.59,6,0
620.96,0.2,108.65,512.31,1,0
793.17,0.6,140.35,652.82,3,0
747.5,0.6,102.24,645.26,3,0
473.19,0.0,38.7,434.49,0,0
827.2,0.8,81.43,745.77,4,1
661.22,0.4,101.35,559.87,2,0
899.0,1.0,90.54,808.46,5,0
767.0,0.6,99.05,667.95,3,0
857.24,0.8,134.16,723.08,4,0
1046.98,1.2,160.7,886.28,6,0
698.83,0.4,116.27,582.56,2,0
496.6,0.0,77.24,419.36,0,0
430.72,0.0,41.62,389.1,0,0
746.96,0.6,94.14,652.82,3,0
735.33,0.6,82.51,652.82,3,0
1134.55,1.4,147.76,986.79,7,1
479.47,0.0,60.11,419.36,0,0
1035.13,1.0,158.59,876.54,5,0
1303.54,1.8,153.54,1150.0,9,0
557.24,0.2,67.62,489.62,1,0
558.57,0.2,91.65,466.92,1,0
520.33,0.0,100.97,419.36,0,0
861.93,0.8,116.16,745.77,4,0
472.75,0.0,30.7,442.05,0,0
859.26,0.8,121.05,738.21,4,1
666.51,0.4,136.89,529.62,2,0
675.07,0.4,137.89,537.18,2,1
741.35,0.6,126.35,615.0,3,0
733.09,0.6,87.84,645.26,3,1
581.4,0.2,84.22,497.18,1,0
845.5,0.8,152.68,692.82,4,0
829.81,0.8,106.73,723.08,4,0
1127.67,1.0,296.51,831.15,5,0
486.7,0.0,52.22,434.49,0,0
741.04,0.6,103.35,637.69,3,1
457.42,0.0,45.62,411.79,0,0
485.18,0.0,80.95,404.23,0,0
1073.85,1.2,195.14,878.72,6,1
633.23,0.4,80.92,552.31,2,0
692.97,0.4,102.84,590.13,2,0
776.5,0.6,123.68,652.82,3,0
942.85,1.0,104.14,838.72,5,0
1029.59,1.0,198.43,831.15,5,1
823.88,0.8,93.24,730.64,4,1
729.06,0.6,136.76,592.31,3,0
609.31,0.4,72.14,537.18,2,0
759.31,0.6,114.05,645.26,3,0
645.78,0.4,63.22,582.56,2,0
902.67,0.8,172.03,730.64,4,0
790.6,0.6,190.73,599.87,3,0
790.03,0.6,114.51,675.51,3,1
571.16,0.2,81.54,489.62,1,0
558.78,0.2,76.73,482.05,1,0
697.08,0.4,122.08,575.0,2,0
1072.1,1.0,248.51,823.59,5,1
1185.84,1.4,168.78,1017.05,7,0
1016.83,1.2,92.73,924.1,6,0
700.45,0.4,102.76,597.69,2,1
641.51,0.4,66.51,575.0,2,0
960.24,1.2,96.65,863.59,6,1
652.54,0.4,77.54,575.0,2,0
1666.51,2.6,227.92,1438.59,13,0
1191.76,1.4,250.35,941.41,7,0
484.75,0.0,42.7,442.05,0,0
636.97,0.4,54.41,582.56,2,0
663.8,0.4,66.11,597.69,2,0
510.4,0.0,121.3,389.1,0,0
927.53,1.0,156.89,770.64,5,0
762.34,0.6,124.65,637.69,3,0
1068.65,1.4,127.24,941.41,7,1
1082.46,1.4,125.92,956.54,7,0
575.99,0.2,71.24,504.74,1,0
1138.98,1.2,237.57,901.41,6,1
500.49,0.0,81.14,419.36,0,0
1125.23,1.2,186.0,939.23,6,1
641.65,0.4,74.22,567.44,2,1
934.34,1.0,163.7,770.64,5,0
501.27,0.0,59.22,442.05,0,0
924.32,1.0,100.73,823.59,5,0
874.08,0.8,151.0,723.08,4,0
1142.93,1.4,216.65,926.28,7,0
635.59,0.4,53.03,582.56,2,0
450.26,0.0,46.03,404.23,0,0
807.79,0.6,79.32,728.46,3,1
793.79,0.8,85.84,707.95,4,0
1127.51,1.4,170.97,956.54,7,0
703.32,0.6,88.32,615.0,3,0
1756.67,1.2,840.14,916.54,6,1
644.5,0.4,99.76,544.74,2,0
817.83,0.6,180.14,637.69,3,0
934.54,1.0,186.59,747.95,5,0
1098.66,1.4,172.38,926.28,7,1
870.21,0.8,139.57,730.64,4,0
989.44,1.2,88.03,901.41,6,0
1006.88,1.2,181.11,825.77,6,0
709.04,0.6,56.22,652.82,3,1
489.88,0.0,85.65,404.23,0,0
586.59,0.2,104.54,482.05,1,0
631.86,0.2,149.81,482.05,1,0
854.64,0.8,131.57,723.08,4,0
768.05,0.4,177.92,590.13,2,1
768.0,0.6,145.43,622.56,3,0
835.88,0.6,190.62,645.26,3,0
627.28,0.4,82.54,544.74,2,0
786.65,0.6,126.27,660.38,3,1
666.47,0.4,114.16,552.31,2,1
736.6,0.6,76.22,660.38,3,0
615.3,0.2,140.81,474.49,1,0
1218.34,1.6,199.11,1019.23,8,0
704.01,0.4,83.62,620.38,2,0
455.53,0.0,66.43,389.1,0,0
824.81,0.6,149.3,675.51,3,0
1170.88,1.4,199.22,971.67,7,1
572.26,0.2,82.65,489.62,1,0
526.95,0.2,60.03,466.92,1,0
770.05,0.6,94.54,675.51,3,0
703.97,0.4,128.97,575.0,2,0
748.39,0.6,103.14,645.26,3,0
1136.53,1.4,217.81,918.72,7,0
974.57,1.0,173.68,800.9,5,0
749.99,0.6,104.73,645.26,3,0
568.31,0.2,71.14,497.18,1,0
629.45,0.4,99.84,529.62,2,0
1063.32,1.2,199.73,863.59,6,1
579.65,0.2,105.16,474.49,1,0
759.31,0.6,114.05,645.26,3,0
1028.27,1.2,164.68,863.59,6,0
579.09,0.2,59.22,519.87,1,0
876.63,0.8,130.86,745.77,4,1
772.36,0.6,111.97,660.38,3,0
1026.34,1.2,140.05,886.28,6,0
1163.26,1.4,191.59,971.67,7,1
944.84,1.0,189.32,755.51,5,0
507.63,0.2,40.7,466.92,1,0
915.05,1.0,99.03,816.03,5,0
974.57,1.2,118.54,856.03,6,0
772.39,0.6,119.57,652.82,3,0
822.23,0.8,136.97,685.26,4,1
674.76,0.4,99.76,575.0,2,0
535.73,0.2,68.81,466.92,1,0
615.52,0.4,63.22,552.31,2,1
900.93,1.0,122.73,778.21,5,1
1106.41,1.2,197.43,908.97,6,0
765.34,0.6,120.08,645.26,3,0
612.94,0.2,115.76,497.18,1,0
450.99,0.0,54.32,396.67,0,0
610.49,0.2,136.0,474.49,1,0
