"Total_Cost","Ratio_Reloc_Prod","Horiz_Cost","Vert_Cost","nReloc","non_Optimal"
244102.56,0.4353,53439.06,190663.44,653,220
800.58,0.4,142.38,658.21,2,1
1095.93,1.0,181.57,914.36,5,1
838.42,0.6,79.7,758.72,3,0
693.14,0.2,112.76,580.38,1,0
1039.26,1.0,155.16,884.1,5,1
887.67,0.6,197.03,690.64,3,1
588.48,0.2,45.92,542.56,1,1
870.05,0.8,94.03,776.03,4,1
822.21,0.6,131.57,690.64,3,1
787.72,0.6,89.51,698.21,3,0
624.18,0.2,58.92,565.26,1,1
607.35,0.0,157.73,449.62,0,0
914.34,0.6,163.19,751.15,3,1
1439.69,1.8,259.43,1180.26,9,1
984.03,0.6,308.51,675.51,3,1
1321.02,0.8,643.32,677.69,4,1
1034.32,1.0,142.65,891.67,5,1
962.53,0.6,203.81,758.72,3,1
659.18,0.2,109.05,550.13,1,1
866.98,0.6,146.08,720.9,3,1
650.96,0.2,85.7,565.26,1,0
527.26,0.0,62.51,464.74,0,0
602.03,0.2,67.03,535.0,1,1
674.34,0.2,116.65,557.69,1,1
840.17,0.6,126.84,713.33,3,1
744.76,0.4,109.24,635.51,2,0
650.99,0.2,85.73,565.26,1,0
691.24,0.2,141.11,550.13,1,1
563.02,0.0,120.97,442.05,0,1
1398.21,0.8,675.14,723.08,4,1
830.41,0.6,109.51,720.9,3,1
605.55,0.0,140.81,464.74,0,0
1475.66,0.6,822.84,652.82,3,1
1110.87,0.4,543.43,567.44,2,1
1065.05,1.0,173.38,891.67,5,1
1117.04,1.0,217.81,899.23,5,1
800.66,0.4,142.46,658.21,2,1
765.81,0.6,82.73,683.08,3,1
757.16,0.4,121.65,635.51,2,0
730.62,0.4,95.11,635.51,2,1
636.07,0.2,70.81,565.26,1,1
790.98,0.4,170.59,620.38,2,1
1075.44,0.8,254.03,821.41,4,1
929.59,0.8,198.95,730.64,4,1
520.97,0.0,78.92,442.05,0,0
732.28,0.4,119.46,612.82,2,1
832.64,0.4,182.0,650.64,2,1
1013.63,0.8,199.78,813.85,4,1
786.52,0.6,65.62,720.9,3,1
1064.74,0.4,504.86,559.87,2,1
1170.26,0.4,565.0,605.26,2,1
792.61,0.4,126.84,665.77,2,0
878.86,0.6,135.27,743.59,3,1
759.81,0.4,131.86,627.95,2,1
821.64,0.4,171.0,650.64,2,1
651.14,0.2,116.14,535.0,1,0
772.29,0.4,121.65,650.64,2,1
1479.09,0.6,818.7,660.38,3,1
893.78,0.6,150.19,743.59,3,1
825.56,0.6,127.35,698.21,3,1
599.92,0.2,64.92,535.0,1,0
819.15,0.4,153.38,665.77,2,0
685.34,0.2,127.65,557.69,1,0
688.23,0.2,122.97,565.26,1,0
690.96,0.2,133.27,557.69,1,0
524.96,0.0,60.22,464.74,0,0
693.96,0.0,236.78,457.18,0,0
630.75,0.2,80.62,550.13,1,0
574.7,0.0,125.08,449.62,0,0
633.29,0.2,90.73,542.56,1,1
650.99,0.2,85.73,565.26,1,1
1377.42,0.6,732.16,645.26,3,1
637.27,0.2,109.84,527.44,1,0
574.44,0.0,102.14,472.31,0,0
725.87,0.2,198.43,527.44,1,1
605.4,0.0,148.22,457.18,0,1
1361.68,0.6,640.78,720.9,3,1
485.18,0.0,28.0,457.18,0,0
642.36,0.2,77.11,565.26,1,1
696.93,0.2,131.68,565.26,1,0
539.31,0.0,82.14,457.18,0,0
637.76,0.2,102.76,535.0,1,1
698.33,0.4,85.51,612.82,2,1
1903.1,1.4,984.38,918.72,7,1
663.15,0.2,105.46,557.69,1,1
545.67,0.0,96.05,449.62,0,1
754.98,0.4,134.59,620.38,2,1
941.0,0.8,157.41,783.59,4,1
972.83,1.0,149.24,823.59,5,1
798.52,0.6,77.62,720.9,3,0
509.5,0.0,52.32,457.18,0,0
763.32,0.6,80.24,683.08,3,1
1050.5,1.0,158.84,891.67,5,1
771.38,0.4,151.0,620.38,2,1
640.88,0.2,75.62,565.26,1,1
778.45,0.4,120.24,658.21,2,0
657.24,0.2,114.68,542.56,1,0
851.52,0.4,178.19,673.33,2,1
715.08,0.2,180.08,535.0,1,1
530.8,0.0,73.62,457.18,0,1
1250.49,1.2,296.14,954.36,6,1
888.07,0.6,129.35,758.72,3,1
576.01,0.0,111.27,464.74,0,0
941.26,0.8,142.54,798.72,4,1
712.57,0.4,84.62,627.95,2,0
650.28,0.2,85.03,565.26,1,0
833.61,0.6,142.97,690.64,3,1
555.39,0.0,90.65,464.74,0,1
675.31,0.4,77.62,597.69,2,1
1592.17,1.2,698.32,893.85,6,1
642.28,0.0,169.97,472.31,0,1
817.66,0.6,119.46,698.21,3,0
744.97,0.4,109.46,635.51,2,1
710.16,0.2,160.03,550.13,1,1
513.5,0.0,56.32,457.18,0,1
650.8,0.2,85.54,565.26,1,1
524.59,0.0,82.54,442.05,0,0
643.8,0.2,139.05,504.74,1,1
646.94,0.2,96.81,550.13,1,1
790.31,0.4,124.54,665.77,2,1
882.16,0.6,146.14,736.03,3,1
1118.76,0.6,443.24,675.51,3,1
1043.87,0.8,230.03,813.85,4,1
492.46,0.0,50.41,442.05,0,0
691.77,0.2,134.08,557.69,1,0
1052.85,0.8,254.14,798.72,4,0
769.71,0.6,109.32,660.38,3,1
903.05,0.8,119.46,783.59,4,1
1594.49,1.0,846.54,747.95,5,1
857.41,0.4,229.46,627.95,2,1
1036.23,0.8,229.95,806.28,4,1
799.98,0.4,126.65,673.33,2,1
804.1,0.6,121.03,683.08,3,0
1535.08,1.0,650.97,884.1,5,1
739.85,0.2,174.59,565.26,1,1
520.82,0.0,48.51,472.31,0,0
750.31,0.4,84.54,665.77,2,1
665.31,0.2,100.05,565.26,1,1
673.2,0.2,107.95,565.26,1,0
1750.74,1.0,896.89,853.85,5,1
798.63,0.4,117.73,680.9,2,1
882.89,0.6,146.86,736.03,3,1
1522.19,0.8,761.3,760.9,4,1
547.92,0.0,52.92,495.0,0,0
1002.79,0.8,181.38,821.41,4,1
1129.95,1.2,175.59,954.36,6,1
1027.1,0.8,167.86,859.23,4,1
1256.59,1.6,191.97,1064.62,8,1
533.23,0.0,60.92,472.31,0,0
1648.9,1.0,855.57,793.33,5,1
765.79,0.2,185.41,580.38,1,1
782.12,0.4,116.35,665.77,2,0
730.16,0.4,94.65,635.51,2,1
1395.37,0.6,772.81,622.56,3,1
892.98,0.6,119.14,773.85,3,0
653.66,0.2,80.84,572.82,1,0
549.58,0.0,84.84,464.74,0,0
671.61,0.2,106.35,565.26,1,1
596.61,0.0,131.86,464.74,0,1
718.24,0.2,168.11,550.13,1,1
765.24,0.4,122.16,643.08,2,0
1710.62,1.0,902.16,808.46,5,1
729.01,0.4,123.76,605.26,2,1
574.31,0.0,109.57,464.74,0,0
841.28,0.6,127.95,713.33,3,1
678.39,0.4,73.14,605.26,2,1
593.67,0.2,51.11,542.56,1,0
629.48,0.2,86.92,542.56,1,1
1421.35,0.8,713.41,707.95,4,1
574.2,0.0,94.32,479.87,0,0
731.49,0.4,156.49,575.0,2,1
1162.09,1.2,200.16,961.92,6,1
509.4,0.0,52.22,457.18,0,1
599.26,0.0,134.51,464.74,0,1
504.67,0.0,62.62,442.05,0,0
708.94,0.4,126.38,582.56,2,1
492.56,0.0,50.51,442.05,0,0
986.56,0.6,227.84,758.72,3,1
1128.42,0.4,515.59,612.82,2,1
805.41,0.4,116.95,688.46,2,1
539.72,0.0,82.54,457.18,0,0
730.82,0.4,125.57,605.26,2,1
460.76,0.0,41.41,419.36,0,1
651.79,0.2,124.35,527.44,1,1
759.25,0.4,138.86,620.38,2,0
623.08,0.2,80.51,542.56,1,0
512.74,0.0,48.0,464.74,0,0
652.73,0.2,110.16,542.56,1,1
746.82,0.6,86.43,660.38,3,1
470.68,0.0,51.32,419.36,0,0
1002.46,1.0,186.43,816.03,5,1
585.67,0.2,43.11,542.56,1,1
715.81,0.4,72.73,643.08,2,1
939.61,0.8,193.84,745.77,4,1
736.97,0.4,101.46,635.51,2,1
843.15,0.4,192.51,650.64,2,1
645.67,0.2,95.54,550.13,1,1
752.55,0.4,132.16,620.38,2,0
655.45,0.2,97.76,557.69,1,1
769.79,0.6,101.84,667.95,3,1
878.62,0.6,210.68,667.95,3,1
1928.67,1.2,1065.08,863.59,6,1
1084.73,0.8,255.76,828.97,4,1
624.97,0.2,82.41,542.56,1,1
650.32,0.2,107.76,542.56,1,1
743.12,0.4,137.86,605.26,2,1
532.85,0.0,68.11,464.74,0,0
823.27,0.2,288.27,535.0,1,1
906.74,0.6,140.46,766.28,3,0
832.46,0.6,96.43,736.03,3,1
901.29,0.6,210.65,690.64,3,1
743.31,0.4,138.05,605.26,2,1
846.89,0.8,78.43,768.46,4,1
560.83,0.0,103.65,457.18,0,0
917.93,0.6,204.59,713.33,3,0
919.33,0.6,206.0,713.33,3,0
535.77,0.0,71.03,464.74,0,1
616.24,0.2,81.24,535.0,1,1
531.75,0.2,49.7,482.05,1,1
1101.91,1.0,263.19,838.72,5,1
837.53,0.6,131.76,705.77,3,1
929.04,0.6,215.7,713.33,3,1
831.54,0.4,196.03,635.51,2,1
641.24,0.2,91.11,550.13,1,0
837.36,0.4,171.59,665.77,2,0
1075.56,1.0,236.84,838.72,5,1
510.84,0.0,76.35,434.49,0,1
833.26,0.4,167.49,665.77,2,1
958.27,0.2,476.22,482.05,1,1
697.75,0.4,100.05,597.69,2,1
621.59,0.2,79.03,542.56,1,0
726.44,0.4,106.05,620.38,2,1
738.58,0.4,125.76,612.82,2,1
871.27,0.6,203.32,667.95,3,1
553.83,0.0,96.65,457.18,0,1
505.05,0.0,63.0,442.05,0,0
453.42,0.0,41.62,411.79,0,1
686.1,0.4,103.54,582.56,2,1
1118.65,1.4,162.11,956.54,7,1
941.08,0.6,197.49,743.59,3,1
587.44,0.2,60.0,527.44,1,1
833.67,0.4,198.16,635.51,2,1
732.34,0.4,127.08,605.26,2,1
1314.29,1.2,450.7,863.59,6,1
801.8,0.6,96.03,705.77,3,1
863.14,0.6,149.81,713.33,3,1
891.53,0.6,140.38,751.15,3,1
810.59,0.6,119.95,690.64,3,1
677.39,0.4,72.14,605.26,2,1
613.97,0.2,71.41,542.56,1,1
607.67,0.2,65.11,542.56,1,0
1002.58,1.0,163.86,838.72,5,1
738.21,0.4,155.65,582.56,2,1
1046.85,0.2,542.11,504.74,1,1
883.2,0.4,217.43,665.77,2,0
817.47,0.6,104.14,713.33,3,1
723.89,0.4,95.95,627.95,2,1
660.4,0.2,110.27,550.13,1,1
635.32,0.2,92.76,542.56,1,1
622.86,0.2,72.73,550.13,1,1
942.14,0.8,188.81,753.33,4,1
987.64,0.8,257.0,730.64,4,1
644.59,0.2,94.46,550.13,1,0
627.0,0.2,84.43,542.56,1,0
997.37,0.8,206.22,791.15,4,1
1219.8,0.6,529.16,690.64,3,1
590.01,0.0,125.27,464.74,0,1
681.97,0.2,131.84,550.13,1,1
606.37,0.2,63.81,542.56,1,0
945.06,0.8,176.59,768.46,4,1
694.56,0.4,96.86,597.69,2,1
1442.49,1.2,533.51,908.97,6,1
935.58,0.8,136.86,798.72,4,0
679.56,0.0,222.38,457.18,0,1
754.19,0.6,86.24,667.95,3,1
621.6,0.4,61.73,559.87,2,1
678.8,0.2,128.68,550.13,1,1
633.22,0.2,98.22,535.0,1,1
624.84,0.2,89.84,535.0,1,0
1050.3,1.2,133.76,916.54,6,1
692.03,0.2,111.65,580.38,1,1
926.11,0.8,157.65,768.46,4,1
656.53,0.2,98.84,557.69,1,0
1057.27,0.8,220.73,836.54,4,1
818.65,0.6,150.7,667.95,3,1
956.14,0.8,202.81,753.33,4,1
763.33,0.4,135.38,627.95,2,1
638.63,0.2,111.19,527.44,1,0
1424.61,1.6,405.38,1019.23,8,1
843.6,0.6,115.14,728.46,3,1
618.02,0.2,60.32,557.69,1,1
822.39,0.6,124.19,698.21,3,1
666.68,0.2,131.68,535.0,1,1
783.36,0.6,122.97,660.38,3,1
659.92,0.2,117.35,542.56,1,1
786.15,0.6,140.89,645.26,3,1
756.0,0.4,128.05,627.95,2,0
697.96,0.4,85.14,612.82,2,0
584.39,0.2,64.51,519.87,1,1
700.28,0.4,87.46,612.82,2,1
