"Total_Cost","Ratio_Reloc_Prod","Horiz_Cost","Vert_Cost","nReloc","non_Optimal"
252246.04,0.448,61503.23,190742.76,672,84
565.65,0.0,70.65,495.0,0,0
692.77,0.2,135.08,557.69,1,0
1007.63,0.6,286.73,720.9,3,0
737.69,0.4,124.86,612.82,2,0
738.43,0.4,95.35,643.08,2,0
540.37,0.0,75.62,464.74,0,0
669.15,0.2,111.46,557.69,1,0
851.95,0.6,131.05,720.9,3,0
687.45,0.2,122.19,565.26,1,0
643.53,0.0,186.35,457.18,0,0
542.71,0.0,62.84,479.87,0,0
1058.32,1.0,166.65,891.67,5,0
713.3,0.4,85.35,627.95,2,0
551.46,0.0,116.97,434.49,0,0
693.18,0.2,135.49,557.69,1,0
1278.87,1.2,309.38,969.49,6,0
924.77,0.8,110.92,813.85,4,0
944.16,0.6,200.57,743.59,3,0
993.52,0.8,179.68,813.85,4,0
932.56,0.8,148.97,783.59,4,1
873.29,0.6,182.65,690.64,3,0
1559.74,1.0,758.84,800.9,5,1
828.1,0.6,137.46,690.64,3,0
821.67,0.4,186.16,635.51,2,0
740.62,0.4,97.54,643.08,2,0
959.81,0.6,216.22,743.59,3,1
572.09,0.0,107.35,464.74,0,0
856.68,0.6,143.35,713.33,3,1
1327.62,1.2,350.57,977.05,6,1
576.36,0.0,104.05,472.31,0,0
855.16,0.4,212.08,643.08,2,0
800.01,0.4,134.24,665.77,2,0
563.78,0.0,114.16,449.62,0,0
632.27,0.0,190.22,442.05,0,0
549.89,0.0,107.84,442.05,0,1
512.92,0.0,78.43,434.49,0,0
497.03,0.0,62.54,434.49,0,0
496.11,0.0,61.62,434.49,0,1
1605.88,1.4,566.14,1039.74,7,0
1389.01,1.0,489.78,899.23,5,0
619.54,0.2,84.54,535.0,1,0
1387.78,0.8,596.62,791.15,4,0
874.21,0.6,191.14,683.08,3,0
621.0,0.2,86.0,535.0,1,0
1055.76,0.8,279.73,776.03,4,0
765.46,0.4,129.95,635.51,2,0
804.4,0.2,254.27,550.13,1,0
582.16,0.0,132.54,449.62,0,1
854.3,0.4,218.78,635.51,2,0
782.36,0.2,217.11,565.26,1,0
940.31,0.6,234.54,705.77,3,0
902.09,0.2,389.78,512.31,1,1
629.94,0.2,132.76,497.18,1,0
693.0,0.4,110.43,582.56,2,1
660.5,0.2,102.81,557.69,1,0
791.7,0.2,249.14,542.56,1,0
1180.47,0.6,474.7,705.77,3,1
595.92,0.2,60.92,535.0,1,0
861.57,0.4,241.19,620.38,2,1
766.18,0.4,168.49,597.69,2,1
1125.21,0.8,349.19,776.03,4,1
1519.85,1.0,681.14,838.72,5,1
720.98,0.2,148.16,572.82,1,0
1231.92,1.0,355.38,876.54,5,0
780.06,0.4,159.68,620.38,2,0
817.78,0.8,87.14,730.64,4,0
1083.8,1.0,245.08,838.72,5,0
1044.13,0.8,260.54,783.59,4,0
869.29,0.4,226.22,643.08,2,0
559.14,0.0,132.22,426.92,0,1
769.04,0.2,271.86,497.18,1,1
812.26,0.4,154.05,658.21,2,1
923.87,0.8,170.54,753.33,4,0
1034.54,1.0,218.51,816.03,5,0
911.5,0.4,245.73,665.77,2,0
935.37,0.6,191.78,743.59,3,0
857.24,0.2,307.11,550.13,1,0
821.38,0.2,293.95,527.44,1,0
583.22,0.2,48.22,535.0,1,1
512.92,0.0,78.43,434.49,0,0
976.15,1.0,129.86,846.28,5,1
1098.65,0.6,377.76,720.9,3,1
985.1,0.6,286.89,698.21,3,0
590.26,0.0,133.08,457.18,0,0
1338.66,0.8,524.81,813.85,4,0
669.38,0.2,141.95,527.44,1,1
948.13,0.4,305.05,643.08,2,1
837.1,0.6,146.46,690.64,3,1
620.64,0.0,155.89,464.74,0,0
561.72,0.0,104.54,457.18,0,0
636.69,0.2,71.43,565.26,1,0
756.86,0.2,206.73,550.13,1,0
791.32,0.4,148.24,643.08,2,0
726.37,0.2,168.68,557.69,1,0
842.65,0.6,174.7,667.95,3,0
589.16,0.0,139.54,449.62,0,0
847.99,0.8,117.35,730.64,4,0
1127.74,1.0,289.03,838.72,5,0
1232.66,1.0,333.43,899.23,5,0
606.73,0.0,164.68,442.05,0,0
1647.2,1.0,853.86,793.33,5,1
748.72,0.2,191.03,557.69,1,0
629.16,0.0,187.11,442.05,0,0
794.5,0.2,236.81,557.69,1,1
548.43,0.2,73.95,474.49,1,0
869.12,0.8,123.35,745.77,4,1
562.26,0.0,105.08,457.18,0,1
678.63,0.4,118.76,559.87,2,0
841.99,0.4,244.3,597.69,2,1
914.47,0.6,201.14,713.33,3,0
889.15,0.6,183.38,705.77,3,0
897.95,0.6,222.43,675.51,3,0
842.97,0.4,207.46,635.51,2,0
817.83,0.6,134.76,683.08,3,0
949.33,0.4,328.95,620.38,2,0
994.97,0.6,319.46,675.51,3,0
863.93,0.4,205.73,658.21,2,0
1109.67,0.8,265.57,844.1,4,0
723.46,0.4,87.95,635.51,2,0
872.48,0.4,229.41,643.08,2,0
926.36,0.6,220.59,705.77,3,1
520.98,0.0,94.05,426.92,0,1
1102.49,0.8,288.65,813.85,4,0
934.53,0.8,128.24,806.28,4,0
840.26,0.4,182.05,658.21,2,0
806.08,0.4,170.57,635.51,2,0
836.11,0.4,200.59,635.51,2,0
1302.63,0.8,556.86,745.77,4,1
718.23,0.2,152.97,565.26,1,0
1097.76,0.6,361.73,736.03,3,0
543.89,0.0,101.84,442.05,0,0
806.52,0.6,85.62,720.9,3,0
531.14,0.0,96.65,434.49,0,0
594.62,0.2,59.62,535.0,1,1
1075.15,0.8,276.43,798.72,4,1
682.13,0.2,132.0,550.13,1,1
594.1,0.2,96.92,497.18,1,0
1228.84,0.8,467.95,760.9,4,0
629.77,0.2,117.46,512.31,1,0
851.31,0.4,193.11,658.21,2,0
719.13,0.4,136.57,582.56,2,0
538.92,0.2,72.0,466.92,1,1
614.73,0.2,79.73,535.0,1,0
779.57,0.4,151.62,627.95,2,1
446.5,0.0,34.7,411.79,0,0
1335.68,1.2,373.76,961.92,6,0
1047.84,0.6,311.81,736.03,3,0
730.63,0.6,70.24,660.38,3,1
624.82,0.2,120.08,504.74,1,0
841.32,0.4,190.68,650.64,2,0
1140.26,0.6,442.05,698.21,3,1
1028.9,1.0,167.49,861.41,5,0
571.34,0.0,114.16,457.18,0,0
949.75,0.4,291.54,658.21,2,0
666.12,0.2,108.43,557.69,1,0
822.33,0.6,101.43,720.9,3,0
455.71,0.0,43.92,411.79,0,0
688.02,0.2,145.46,542.56,1,0
742.34,0.6,51.7,690.64,3,1
980.28,0.6,327.46,652.82,3,1
732.55,0.4,119.73,612.82,2,1
716.59,0.2,166.46,550.13,1,1
883.84,0.6,208.32,675.51,3,0
897.69,0.6,146.54,751.15,3,0
1084.9,1.0,238.62,846.28,5,1
853.25,0.4,225.3,627.95,2,0
634.62,0.2,99.62,535.0,1,0
777.85,0.4,119.65,658.21,2,0
1207.8,0.6,502.03,705.77,3,0
813.52,0.4,185.57,627.95,2,0
1125.11,1.0,316.65,808.46,5,0
1034.53,0.6,336.32,698.21,3,0
1069.15,0.8,323.38,745.77,4,0
935.27,1.0,119.24,816.03,5,0
599.82,0.2,79.95,519.87,1,1
822.7,0.2,272.57,550.13,1,0
803.22,0.4,175.27,627.95,2,0
649.51,0.2,106.95,542.56,1,0
593.76,0.2,66.32,527.44,1,1
1765.72,1.6,754.05,1011.67,8,1
973.8,0.4,383.68,590.13,2,1
709.12,0.4,103.86,605.26,2,0
821.28,0.6,168.46,652.82,3,0
959.69,0.4,346.86,612.82,2,0
1057.0,0.8,288.54,768.46,4,0
866.85,0.2,309.16,557.69,1,0
906.14,0.6,192.81,713.33,3,0
1301.45,1.0,462.73,838.72,5,1
685.13,0.2,142.57,542.56,1,0
669.21,0.2,119.08,550.13,1,0
924.75,0.4,266.54,658.21,2,0
1047.27,0.8,271.24,776.03,4,0
583.17,0.0,110.86,472.31,0,0
510.33,0.0,75.84,434.49,0,0
716.61,0.2,158.92,557.69,1,0
1301.83,0.8,457.73,844.1,4,0
960.22,0.4,332.27,627.95,2,0
535.11,0.0,100.62,434.49,0,0
958.19,0.4,315.11,643.08,2,0
1263.4,0.8,426.86,836.54,4,1
898.95,0.6,223.43,675.51,3,1
792.94,0.4,149.86,643.08,2,0
657.6,0.2,130.16,527.44,1,0
473.58,0.0,69.35,404.23,0,0
889.68,0.6,168.78,720.9,3,0
752.33,0.4,131.95,620.38,2,0
774.57,0.6,106.62,667.95,3,1
911.72,0.6,221.08,690.64,3,0
760.49,0.6,92.54,667.95,3,1
852.82,0.2,287.57,565.26,1,0
1004.32,0.6,260.73,743.59,3,0
1104.21,0.8,313.05,791.15,4,0
1293.2,1.0,454.49,838.72,5,1
822.03,0.4,194.08,627.95,2,1
789.85,0.4,131.65,658.21,2,0
717.46,0.4,89.51,627.95,2,0
915.4,0.6,232.32,683.08,3,1
904.72,0.4,246.51,658.21,2,0
1177.02,0.8,385.86,791.15,4,0
1098.86,0.8,322.84,776.03,4,1
613.0,0.2,78.0,535.0,1,0
439.85,0.0,35.62,404.23,0,0
670.83,0.2,113.14,557.69,1,0
885.23,0.4,287.54,597.69,2,1
980.04,0.8,226.7,753.33,4,1
477.34,0.0,65.54,411.79,0,0
754.29,0.4,156.59,597.69,2,1
1034.08,1.0,157.54,876.54,5,0
901.42,0.6,195.65,705.77,3,0
812.61,0.6,106.84,705.77,3,0
772.45,0.4,167.19,605.26,2,1
789.79,0.6,129.41,660.38,3,1
817.3,0.8,109.35,707.95,4,0
699.53,0.4,101.84,597.69,2,1
677.77,0.2,180.59,497.18,1,0
641.25,0.2,121.38,519.87,1,0
919.12,0.6,205.78,713.33,3,0
676.67,0.4,86.54,590.13,2,1
610.32,0.2,75.32,535.0,1,0
744.58,0.4,146.89,597.69,2,1
1149.54,0.6,413.51,736.03,3,0
1056.69,0.6,350.92,705.77,3,1
891.36,0.4,270.97,620.38,2,0
602.53,0.0,152.92,449.62,0,0
1382.34,1.0,536.05,846.28,5,0
450.61,0.0,38.81,411.79,0,1
909.77,0.6,256.95,652.82,3,0
693.42,0.4,88.16,605.26,2,0
626.03,0.2,91.03,535.0,1,0
821.39,0.4,261.51,559.87,2,0
752.34,0.4,154.65,597.69,2,0
972.98,1.0,119.14,853.85,5,0
766.53,0.4,161.27,605.26,2,0
865.27,0.4,237.32,627.95,2,0
496.22,0.0,61.73,434.49,0,0
1022.34,0.8,231.19,791.15,4,1
836.22,0.4,200.7,635.51,2,0
884.93,0.4,272.11,612.82,2,0
817.37,0.6,126.73,690.64,3,0
658.42,0.4,60.73,597.69,2,1
441.61,0.0,29.81,411.79,0,1
453.5,0.0,41.7,411.79,0,0
1339.0,1.0,530.54,808.46,5,1
1251.1,0.8,452.38,798.72,4,1
645.02,0.2,87.32,557.69,1,0
557.67,0.0,108.05,449.62,0,0
691.31,0.4,93.62,597.69,2,0
701.46,0.4,73.51,627.95,2,0
815.98,0.6,148.03,667.95,3,0
898.85,0.8,145.51,753.33,4,0
717.6,0.4,150.16,567.44,2,1
529.46,0.0,94.97,434.49,0,0
1224.51,0.8,387.97,836.54,4,0
841.28,0.4,236.03,605.26,2,0
815.78,0.4,233.22,582.56,2,1
526.81,0.2,52.32,474.49,1,1
631.11,0.2,96.11,535.0,1,0
579.6,0.0,152.68,426.92,0,0
469.79,0.0,58.0,411.79,0,1
1291.22,1.0,437.38,853.85,5,0
1051.53,0.6,360.89,690.64,3,0
979.92,0.8,203.89,776.03,4,1
888.28,0.4,275.46,612.82,2,0
698.56,0.2,140.86,557.69,1,1
824.75,0.2,274.62,550.13,1,0
1321.93,0.8,515.65,806.28,4,1
698.16,0.2,155.59,542.56,1,0
1180.31,1.0,334.03,846.28,5,0
771.59,0.4,196.59,575.0,2,0
443.31,0.0,31.51,411.79,0,1
743.25,0.4,122.86,620.38,2,0
744.2,0.2,178.95,565.26,1,0
929.31,0.6,231.11,698.21,3,1
1064.65,0.6,328.62,736.03,3,0
631.93,0.2,127.19,504.74,1,0
1619.41,1.2,657.49,961.92,6,1
971.89,0.6,303.95,667.95,3,1
1411.16,1.2,434.11,977.05,6,0
625.91,0.0,168.73,457.18,0,0
910.93,0.8,112.22,798.72,4,1
