"Total_Cost","Ratio_Reloc_Prod","Horiz_Cost","Vert_Cost","nReloc","non_Optimal"
236056.86,0.362,48749.58,187307.32,543,112
782.01,0.4,101.11,680.9,2,0
724.95,0.2,137.0,587.95,1,0
990.98,0.6,270.08,720.9,3,1
871.17,0.4,205.41,665.77,2,0
611.43,0.0,116.43,495.0,0,0
902.17,0.6,196.41,705.77,3,0
913.17,0.8,99.32,813.85,4,1
524.52,0.0,105.16,419.36,0,0
906.56,0.6,215.92,690.64,3,0
982.75,0.8,191.59,791.15,4,0
667.67,0.2,109.97,557.69,1,0
511.05,0.0,61.43,449.62,0,0
504.85,0.0,40.11,464.74,0,0
1046.92,1.0,185.51,861.41,5,0
932.7,0.6,189.11,743.59,3,0
957.76,0.6,221.73,736.03,3,0
998.0,0.8,176.59,821.41,4,1
860.47,0.6,139.57,720.9,3,0
761.54,0.4,118.46,643.08,2,1
655.02,0.2,112.46,542.56,1,0
1038.97,0.8,255.38,783.59,4,0
838.12,0.6,132.35,705.77,3,1
723.5,0.4,110.68,612.82,2,0
920.24,0.6,184.22,736.03,3,0
1057.48,0.8,273.89,783.59,4,0
1017.61,0.8,211.32,806.28,4,0
654.02,0.2,111.46,542.56,1,1
528.26,0.0,63.51,464.74,0,1
558.42,0.0,101.24,457.18,0,0
534.96,0.0,70.22,464.74,0,1
801.59,0.4,166.08,635.51,2,0
751.64,0.4,108.57,643.08,2,0
1058.18,1.0,174.08,884.1,5,0
843.07,0.4,192.43,650.64,2,1
684.72,0.2,119.46,565.26,1,1
603.37,0.0,146.19,457.18,0,0
794.86,0.4,151.78,643.08,2,0
881.64,0.6,138.05,743.59,3,1
964.29,0.8,165.57,798.72,4,0
779.56,0.4,136.49,643.08,2,0
921.59,0.6,178.0,743.59,3,0
541.88,0.0,77.14,464.74,0,0
1133.85,0.8,327.57,806.28,4,0
961.7,0.6,218.11,743.59,3,0
649.55,0.2,129.68,519.87,1,0
999.86,0.8,216.27,783.59,4,0
853.18,0.4,194.97,658.21,2,1
893.55,0.6,127.27,766.28,3,0
963.68,0.6,235.22,728.46,3,1
701.27,0.2,158.7,542.56,1,0
1016.25,0.4,403.43,612.82,2,1
972.04,0.8,165.76,806.28,4,1
1209.84,1.2,247.92,961.92,6,0
570.25,0.0,97.95,472.31,0,0
939.44,0.6,233.68,705.77,3,0
641.28,0.2,76.03,565.26,1,0
930.27,0.6,194.24,736.03,3,0
1088.45,0.8,297.3,791.15,4,0
713.04,0.2,155.35,557.69,1,1
934.81,0.6,198.78,736.03,3,0
496.8,0.0,39.62,457.18,0,1
785.23,0.6,132.41,652.82,3,1
560.36,0.0,88.05,472.31,0,0
989.08,0.6,306.0,683.08,3,1
948.01,0.6,227.11,720.9,3,1
1009.37,0.6,250.65,758.72,3,0
855.13,0.4,212.05,643.08,2,0
1251.58,1.0,344.78,906.79,5,0
690.28,0.2,117.46,572.82,1,0
896.52,0.6,183.19,713.33,3,1
800.05,0.4,156.97,643.08,2,1
546.11,0.0,104.05,442.05,0,0
636.14,0.2,101.14,535.0,1,1
937.56,0.8,153.97,783.59,4,0
656.59,0.2,114.03,542.56,1,0
818.06,0.6,150.11,667.95,3,1
1015.34,0.8,216.62,798.72,4,1
846.15,0.4,187.95,658.21,2,0
837.47,0.4,171.7,665.77,2,0
514.15,0.0,49.41,464.74,0,0
945.29,0.6,201.7,743.59,3,0
539.66,0.0,74.92,464.74,0,0
646.91,0.0,189.73,457.18,0,1
492.05,0.0,50.0,442.05,0,1
900.2,0.6,194.43,705.77,3,0
706.47,0.2,126.08,580.38,1,0
1290.1,1.2,297.92,992.18,6,1
569.88,0.0,105.14,464.74,0,0
1067.21,0.8,230.68,836.54,4,0
675.59,0.2,140.59,535.0,1,0
762.67,0.4,127.16,635.51,2,0
635.71,0.2,115.84,519.87,1,0
675.39,0.2,110.14,565.26,1,0
531.66,0.0,66.92,464.74,0,0
1727.28,0.8,981.51,745.77,4,1
1225.41,1.0,311.05,914.36,5,0
584.88,0.0,112.57,472.31,0,1
584.39,0.0,119.65,464.74,0,0
847.54,0.4,219.59,627.95,2,1
1021.15,0.8,161.92,859.23,4,0
568.58,0.0,103.84,464.74,0,1
1245.55,1.0,338.76,906.79,5,0
875.77,0.4,202.43,673.33,2,0
806.4,0.4,155.76,650.64,2,0
997.2,0.8,198.49,798.72,4,1
1096.25,1.0,189.46,906.79,5,1
741.19,0.2,198.62,542.56,1,0
748.92,0.2,160.97,587.95,1,1
966.57,0.8,130.03,836.54,4,0
1046.44,0.6,280.16,766.28,3,0
725.39,0.4,59.62,665.77,2,0
773.54,0.6,98.03,675.51,3,0
510.5,0.0,53.32,457.18,0,0
717.63,0.2,152.38,565.26,1,0
548.58,0.0,83.84,464.74,0,1
687.37,0.2,129.68,557.69,1,1
698.42,0.2,133.16,565.26,1,0
614.1,0.2,71.54,542.56,1,1
552.37,0.2,47.62,504.74,1,1
630.76,0.2,103.32,527.44,1,1
618.34,0.0,153.59,464.74,0,0
727.95,0.4,107.57,620.38,2,0
525.02,0.0,67.84,457.18,0,1
603.87,0.2,76.43,527.44,1,0
1048.02,0.6,296.86,751.15,3,0
947.02,0.6,188.3,758.72,3,0
708.85,0.2,143.59,565.26,1,0
837.47,0.4,171.7,665.77,2,0
702.23,0.2,136.97,565.26,1,0
1069.01,0.8,262.73,806.28,4,0
976.12,0.6,217.41,758.72,3,0
636.35,0.2,101.35,535.0,1,0
759.07,0.2,193.81,565.26,1,1
577.2,0.0,112.46,464.74,0,1
807.05,0.4,163.97,643.08,2,1
908.77,0.4,250.57,658.21,2,1
640.62,0.2,98.05,542.56,1,0
843.23,0.6,137.46,705.77,3,0
700.82,0.2,135.57,565.26,1,0
1097.75,1.0,206.08,891.67,5,1
771.19,0.4,135.68,635.51,2,1
733.29,0.2,175.59,557.69,1,1
799.01,0.4,186.19,612.82,2,0
903.51,0.4,260.43,643.08,2,1
793.21,0.4,195.51,597.69,2,1
511.24,0.0,61.62,449.62,0,1
779.78,0.4,144.27,635.51,2,0
525.45,0.0,75.84,449.62,0,0
790.4,0.2,232.7,557.69,1,1
955.17,0.6,234.27,720.9,3,1
648.05,0.2,113.05,535.0,1,1
1049.98,0.8,236.14,813.85,4,0
908.35,0.4,272.84,635.51,2,1
854.36,0.4,188.59,665.77,2,0
482.49,0.0,48.0,434.49,0,1
617.0,0.2,82.0,535.0,1,0
702.4,0.2,144.7,557.69,1,1
536.49,0.0,102.0,434.49,0,0
819.69,0.4,161.49,658.21,2,1
549.83,0.0,92.65,457.18,0,0
704.18,0.2,146.49,557.69,1,0
627.93,0.0,163.19,464.74,0,1
1164.02,0.8,312.35,851.67,4,0
847.03,0.4,226.65,620.38,2,0
765.09,0.4,99.32,665.77,2,0
1098.77,0.8,239.54,859.23,4,0
835.1,0.4,176.89,658.21,2,1
509.88,0.0,45.14,464.74,0,0
720.48,0.2,162.78,557.69,1,1
853.99,0.4,188.22,665.77,2,0
841.83,0.4,183.62,658.21,2,0
933.68,0.6,212.78,720.9,3,0
672.95,0.2,145.51,527.44,1,0
912.31,0.4,246.54,665.77,2,0
813.63,0.4,140.3,673.33,2,0
535.9,0.0,56.03,479.87,0,0
679.88,0.2,122.19,557.69,1,1
678.8,0.2,113.54,565.26,1,1
685.13,0.2,142.57,542.56,1,1
774.58,0.2,209.32,565.26,1,0
525.94,0.0,76.32,449.62,0,0
644.52,0.2,117.08,527.44,1,0
797.66,0.2,285.35,512.31,1,1
922.93,0.6,209.59,713.33,3,0
1011.38,1.0,134.84,876.54,5,0
1070.53,0.6,304.24,766.28,3,0
651.95,0.0,164.51,487.44,0,0
776.1,0.4,133.03,643.08,2,0
748.9,0.2,168.51,580.38,1,1
564.12,0.0,99.38,464.74,0,0
908.48,0.6,164.89,743.59,3,1
578.07,0.0,113.32,464.74,0,1
679.42,0.2,114.16,565.26,1,0
748.18,0.4,97.54,650.64,2,0
677.29,0.2,127.16,550.13,1,1
846.34,0.4,180.57,665.77,2,0
690.24,0.2,147.68,542.56,1,0
559.66,0.0,94.92,464.74,0,0
714.2,0.2,148.95,565.26,1,1
520.37,0.0,55.62,464.74,0,0
818.72,0.4,221.03,597.69,2,0
802.63,0.4,197.38,605.26,2,1
798.37,0.2,240.68,557.69,1,0
989.11,0.6,253.08,736.03,3,0
838.58,0.4,172.81,665.77,2,0
658.72,0.2,101.03,557.69,1,1
721.15,0.2,163.46,557.69,1,1
641.0,0.2,113.57,527.44,1,0
712.58,0.2,139.76,572.82,1,0
632.56,0.2,82.43,550.13,1,1
721.53,0.2,156.27,565.26,1,0
728.63,0.2,163.38,565.26,1,1
578.15,0.0,120.97,457.18,0,0
752.29,0.4,101.65,650.64,2,1
698.75,0.2,141.05,557.69,1,0
641.53,0.2,83.84,557.69,1,1
682.56,0.2,124.86,557.69,1,1
809.59,0.4,174.08,635.51,2,1
680.3,0.2,145.3,535.0,1,1
981.23,0.8,182.51,798.72,4,1
657.55,0.2,84.73,572.82,1,0
526.37,0.0,61.62,464.74,0,0
697.93,0.2,132.68,565.26,1,0
761.52,0.4,133.57,627.95,2,1
779.36,0.4,106.03,673.33,2,0
544.64,0.0,87.46,457.18,0,0
1051.26,0.6,345.49,705.77,3,0
699.63,0.2,134.38,565.26,1,1
922.55,0.4,256.78,665.77,2,0
1098.64,0.8,254.54,844.1,4,0
737.1,0.4,94.03,643.08,2,0
547.07,0.0,82.32,464.74,0,1
827.36,0.4,161.59,665.77,2,0
866.82,0.6,153.49,713.33,3,1
562.69,0.0,97.95,464.74,0,0
790.63,0.4,124.86,665.77,2,0
983.4,0.6,239.81,743.59,3,0
838.85,0.4,173.08,665.77,2,0
807.94,0.4,157.3,650.64,2,0
942.72,0.6,184.0,758.72,3,0
775.09,0.2,209.84,565.26,1,1
1127.26,0.8,320.97,806.28,4,0
929.88,0.6,163.59,766.28,3,0
734.11,0.2,146.16,587.95,1,0
655.31,0.2,90.05,565.26,1,1
676.2,0.2,110.95,565.26,1,1
1020.98,0.6,254.7,766.28,3,0
846.62,0.6,103.03,743.59,3,1
566.09,0.0,101.35,464.74,0,0
612.66,0.2,47.41,565.26,1,1
557.66,0.0,92.92,464.74,0,0
828.61,0.4,177.97,650.64,2,0
1050.34,0.8,198.68,851.67,4,1
680.61,0.2,115.35,565.26,1,1
667.72,0.2,102.46,565.26,1,1
754.21,0.4,111.14,643.08,2,1
1173.01,0.4,567.76,605.26,2,1
857.82,0.4,176.92,680.9,2,0
1029.73,0.8,208.32,821.41,4,0
810.08,0.4,167.0,643.08,2,1
690.75,0.2,148.19,542.56,1,1
885.55,0.6,179.78,705.77,3,1
549.55,0.0,84.81,464.74,0,0
1090.62,1.0,214.08,876.54,5,1
533.88,0.0,69.14,464.74,0,1
687.04,0.2,129.35,557.69,1,1
804.81,0.4,169.3,635.51,2,0
710.99,0.2,153.3,557.69,1,0
675.45,0.2,117.76,557.69,1,0
791.28,0.2,226.03,565.26,1,1
945.38,0.8,184.49,760.9,4,0
757.02,0.4,98.81,658.21,2,1
1061.5,0.6,302.78,758.72,3,0
780.34,0.4,114.57,665.77,2,1
859.28,0.4,193.51,665.77,2,0
754.99,0.2,189.73,565.26,1,0
850.77,0.4,185.0,665.77,2,0
950.74,0.6,229.84,720.9,3,0
583.67,0.0,126.49,457.18,0,1
777.82,0.2,212.57,565.26,1,0
896.71,0.6,183.38,713.33,3,0
619.52,0.2,99.65,519.87,1,0
711.85,0.2,146.59,565.26,1,0
722.0,0.4,78.92,643.08,2,1
644.32,0.2,101.76,542.56,1,1
764.0,0.4,120.92,643.08,2,0
1186.7,0.6,496.05,690.64,3,1
789.71,0.2,209.32,580.38,1,0
563.25,0.0,90.95,472.31,0,0
697.99,0.2,140.3,557.69,1,0
1015.91,0.6,264.76,751.15,3,0
764.79,0.2,184.41,580.38,1,1
568.47,0.0,103.73,464.74,0,0
556.07,0.0,91.32,464.74,0,1
757.5,0.4,91.73,665.77,2,0
532.69,0.0,67.95,464.74,0,0
584.88,0.0,120.14,464.74,0,1
568.1,0.0,110.92,457.18,0,1
965.76,0.8,144.35,821.41,4,0
915.2,0.4,249.43,665.77,2,0
