"Total_Cost","Ratio_Reloc_Prod","Horiz_Cost","Vert_Cost","nReloc","non_Optimal"
226109.62,0.4287,37048.91,189060.8,643,750
333.0,0.5,39.03,293.97,1,1
214.43,0.0,13.41,201.03,0,1
351.29,0.5,87.57,263.72,1,1
260.06,0.0,74.16,185.9,0,1
271.33,0.0,77.86,193.46,0,1
216.43,0.0,15.41,201.03,0,1
211.46,0.0,18.0,193.46,0,1
349.76,0.5,63.35,286.41,1,1
587.44,2.0,75.14,512.31,4,1
218.43,0.0,17.41,201.03,0,1
198.33,0.0,20.0,178.33,0,1
227.68,0.0,34.22,193.46,0,1
343.84,0.5,57.43,286.41,1,1
209.9,0.0,24.0,185.9,0,1
487.84,1.5,60.92,426.92,3,1
316.63,0.5,30.22,286.41,1,1
293.93,0.5,30.22,263.72,1,1
199.9,0.0,14.0,185.9,0,1
537.86,1.5,88.24,449.62,3,1
509.16,1.5,67.11,442.05,3,1
446.99,1.0,82.76,364.23,2,1
245.42,0.0,74.65,170.77,0,1
682.12,2.0,169.81,512.31,4,1
500.19,1.5,58.14,442.05,3,1
230.33,0.0,44.43,185.9,0,1
296.69,0.5,25.41,271.28,1,1
593.41,2.0,73.54,519.87,4,1
461.13,1.0,119.59,341.54,2,1
214.06,0.0,35.73,178.33,0,1
321.61,0.5,50.32,271.28,1,1
216.11,0.0,30.22,185.9,0,1
252.74,0.0,66.84,185.9,0,1
192.6,0.0,6.7,185.9,0,1
198.01,0.0,12.11,185.9,0,1
402.85,1.0,38.62,364.23,2,1
186.33,0.0,8.0,178.33,0,1
284.59,0.0,83.57,201.03,0,1
351.71,0.5,72.86,278.85,1,1
186.33,0.0,8.0,178.33,0,1
426.8,1.0,70.14,356.67,2,1
338.25,0.5,51.84,286.41,1,1
195.9,0.0,10.0,185.9,0,1
308.08,0.5,67.05,241.03,1,1
190.77,0.0,20.0,170.77,0,1
197.14,0.0,18.81,178.33,0,1
371.73,1.0,45.32,326.41,2,1
201.14,0.0,22.81,178.33,0,1
213.36,0.0,35.03,178.33,0,1
294.81,0.5,46.22,248.59,1,1
183.17,0.0,12.41,170.77,0,1
241.9,0.0,71.14,170.77,0,1
319.92,0.5,33.51,286.41,1,1
216.92,0.0,31.03,185.9,0,1
328.11,0.5,41.7,286.41,1,1
202.33,0.0,24.0,178.33,0,1
222.33,0.0,36.43,185.9,0,1
319.28,0.5,40.43,278.85,1,1
199.9,0.0,14.0,185.9,0,1
358.27,0.5,109.68,248.59,1,1
301.72,0.5,38.0,263.72,1,1
364.11,1.0,37.7,326.41,2,1
198.33,0.0,20.0,178.33,0,1
321.78,0.5,80.76,241.03,1,1
308.36,0.5,29.51,278.85,1,1
194.33,0.0,16.0,178.33,0,1
226.17,0.0,47.84,178.33,0,1
422.21,1.0,65.54,356.67,2,1
458.37,1.5,54.14,404.23,3,1
318.52,0.5,32.11,286.41,1,1
192.44,0.0,14.11,178.33,0,1
198.88,0.0,28.11,170.77,0,1
337.82,0.5,51.41,286.41,1,1
200.33,0.0,22.0,178.33,0,1
226.77,0.0,48.43,178.33,0,1
356.24,1.0,14.7,341.54,2,1
186.33,0.0,8.0,178.33,0,1
444.15,1.5,39.92,404.23,3,1
466.66,1.5,62.43,404.23,3,1
215.87,0.0,22.41,193.46,0,1
469.66,1.5,65.43,404.23,3,1
418.99,1.0,62.32,356.67,2,1
457.99,1.0,93.76,364.23,2,1
508.17,1.5,81.24,426.92,3,1
454.57,1.0,120.59,333.97,2,1
591.56,2.0,49.0,542.56,4,1
255.36,0.0,69.46,185.9,0,1
253.36,0.0,67.46,185.9,0,1
197.9,0.0,12.0,185.9,0,1
228.38,0.0,34.92,193.46,0,1
192.99,0.0,22.22,170.77,0,1
196.44,0.0,18.11,178.33,0,1
347.63,0.5,76.35,271.28,1,1
187.04,0.0,8.7,178.33,0,1
220.11,0.0,34.22,185.9,0,1
409.67,1.0,68.14,341.54,2,1
479.45,1.0,122.78,356.67,2,1
409.25,0.5,130.41,278.85,1,1
217.46,0.0,24.0,193.46,0,1
198.44,0.0,20.11,178.33,0,1
401.28,0.5,130.0,271.28,1,1
309.66,0.5,30.81,278.85,1,1
380.67,1.0,24.0,356.67,2,1
219.46,0.0,26.0,193.46,0,1
213.75,0.0,50.54,163.21,0,1
513.63,1.5,94.27,419.36,3,1
260.11,0.0,66.65,193.46,0,1
247.94,0.0,46.92,201.03,0,1
325.87,0.5,47.03,278.85,1,1
224.61,0.0,53.84,170.77,0,1
206.99,0.0,36.22,170.77,0,1
200.33,0.0,22.0,178.33,0,1
457.69,1.0,93.46,364.23,2,1
387.16,1.0,45.62,341.54,2,1
299.42,0.5,35.7,263.72,1,1
425.21,1.0,68.54,356.67,2,1
187.17,0.0,16.41,170.77,0,1
291.18,0.5,35.03,256.15,1,1
258.5,0.0,80.16,178.33,0,1
387.97,1.0,46.43,341.54,2,1
280.4,0.5,31.81,248.59,1,1
194.33,0.0,16.0,178.33,0,1
406.37,1.0,49.7,356.67,2,1
387.12,0.5,123.41,263.72,1,1
525.05,1.0,175.95,349.1,2,1
385.24,0.5,91.27,293.97,1,1
201.9,0.0,16.0,185.9,0,1
271.57,0.0,85.68,185.9,0,1
432.91,1.0,76.24,356.67,2,1
190.17,0.0,19.41,170.77,0,1
566.4,1.5,116.78,449.62,3,1
239.35,0.0,38.32,201.03,0,1
241.53,0.0,70.76,170.77,0,1
320.15,0.5,56.43,263.72,1,1
304.36,0.5,25.51,278.85,1,1
221.08,0.0,27.62,193.46,0,1
194.33,0.0,16.0,178.33,0,1
387.18,1.0,30.51,356.67,2,1
322.56,0.5,58.84,263.72,1,1
196.33,0.0,18.0,178.33,0,1
418.35,1.0,69.24,349.1,2,1
431.7,1.0,90.16,341.54,2,1
312.41,0.5,26.0,286.41,1,1
384.39,1.0,65.54,318.85,2,1
371.82,1.0,45.41,326.41,2,1
227.47,0.0,49.14,178.33,0,1
312.85,0.5,49.14,263.72,1,1
410.3,1.0,68.76,341.54,2,1
276.87,0.0,90.97,185.9,0,1
342.86,0.5,94.27,248.59,1,1
252.09,0.0,73.76,178.33,0,1
530.98,1.5,119.19,411.79,3,1
332.03,0.5,45.62,286.41,1,1
365.65,1.0,24.11,341.54,2,1
330.22,0.5,43.81,286.41,1,1
485.16,1.0,143.62,341.54,2,1
421.86,1.0,72.76,349.1,2,1
342.09,1.0,30.81,311.28,2,1
222.08,0.0,28.62,193.46,0,1
292.78,0.5,36.62,256.15,1,1
356.06,0.5,69.65,286.41,1,1
222.87,0.0,44.54,178.33,0,1
187.04,0.0,8.7,178.33,0,1
201.58,0.0,30.81,170.77,0,1
332.71,0.5,61.43,271.28,1,1
205.85,0.0,27.51,178.33,0,1
332.41,0.5,46.0,286.41,1,1
443.81,1.0,102.27,341.54,2,1
215.3,0.0,29.41,185.9,0,1
219.63,0.0,33.73,185.9,0,1
229.52,0.0,43.62,185.9,0,1
321.4,0.5,65.24,256.15,1,1
432.91,1.0,76.24,356.67,2,1
460.56,1.5,56.32,404.23,3,1
205.46,0.0,12.0,193.46,0,1
237.06,0.0,58.73,178.33,0,1
216.82,0.0,30.92,185.9,0,1
265.36,0.0,79.46,185.9,0,1
405.64,1.0,56.54,349.1,2,1
207.9,0.0,22.0,185.9,0,1
198.33,0.0,20.0,178.33,0,1
370.01,0.5,91.16,278.85,1,1
210.27,0.0,16.81,193.46,0,1
193.04,0.0,14.7,178.33,0,1
239.79,0.0,46.32,193.46,0,1
282.67,0.5,26.51,256.15,1,1
204.33,0.0,26.0,178.33,0,1
184.47,0.0,13.7,170.77,0,1
301.53,0.5,37.81,263.72,1,1
171.91,0.0,8.7,163.21,0,1
198.33,0.0,20.0,178.33,0,1
428.95,1.0,94.97,333.97,2,1
354.14,0.5,67.73,286.41,1,1
219.2,0.0,48.43,170.77,0,1
181.77,0.0,11.0,170.77,0,1
408.32,1.0,59.22,349.1,2,1
369.44,1.0,43.03,326.41,2,1
190.33,0.0,12.0,178.33,0,1
201.55,0.0,23.22,178.33,0,1
171.21,0.0,8.0,163.21,0,1
204.33,0.0,26.0,178.33,0,1
524.73,1.5,90.24,434.49,3,1
359.82,1.0,33.41,326.41,2,1
196.33,0.0,18.0,178.33,0,1
289.4,0.5,40.81,248.59,1,1
233.58,0.0,55.24,178.33,0,1
414.3,1.0,72.76,341.54,2,1
194.33,0.0,16.0,178.33,0,1
373.75,1.0,32.22,341.54,2,1
194.33,0.0,16.0,178.33,0,1
381.75,1.0,40.22,341.54,2,1
244.93,0.0,74.16,170.77,0,1
169.21,0.0,6.0,163.21,0,1
348.51,0.5,107.49,241.03,1,1
267.9,0.0,89.57,178.33,0,1
414.85,1.0,50.62,364.23,2,1
179.21,0.0,16.0,163.21,0,1
391.27,1.0,49.73,341.54,2,1
194.33,0.0,16.0,178.33,0,1
295.11,0.5,61.65,233.46,1,1
189.47,0.0,18.7,170.77,0,1
186.02,0.0,22.81,163.21,0,1
180.02,0.0,16.81,163.21,0,1
223.36,0.0,45.03,178.33,0,1
382.57,1.0,41.03,341.54,2,1
392.67,1.0,51.14,341.54,2,1
399.22,1.0,65.24,333.97,2,1
220.38,0.0,26.92,193.46,0,1
304.57,0.5,63.54,241.03,1,1
209.74,0.0,31.41,178.33,0,1
246.68,0.0,68.35,178.33,0,1
473.73,1.5,46.81,426.92,3,1
423.7,1.0,82.16,341.54,2,1
198.33,0.0,20.0,178.33,0,1
187.21,0.0,24.0,163.21,0,1
255.46,0.5,22.0,233.46,1,1
294.0,0.5,45.41,248.59,1,1
465.85,1.5,61.62,404.23,3,1
282.82,0.0,104.49,178.33,0,1
205.9,0.0,20.0,185.9,0,1
436.04,1.5,31.81,404.23,3,1
353.29,0.5,89.57,263.72,1,1
466.31,1.5,54.51,411.79,3,1
352.2,0.5,73.35,278.85,1,1
245.42,0.0,74.65,170.77,0,1
312.04,0.5,48.32,263.72,1,1
295.39,0.5,24.11,271.28,1,1
266.11,0.0,72.65,193.46,0,1
203.33,0.0,25.0,178.33,0,1
220.11,0.0,34.22,185.9,0,1
450.81,1.0,109.27,341.54,2,1
242.55,0.0,56.65,185.9,0,1
329.12,0.5,57.84,271.28,1,1
333.66,0.5,69.95,263.72,1,1
212.39,0.0,41.62,170.77,0,1
223.9,0.0,38.0,185.9,0,1
372.35,1.0,30.81,341.54,2,1
215.9,0.0,30.0,185.9,0,1
401.1,1.0,44.43,356.67,2,1
186.33,0.0,8.0,178.33,0,1
462.78,1.0,113.68,349.1,2,1
398.08,1.0,56.54,341.54,2,1
364.81,0.5,70.84,293.97,1,1
183.21,0.0,20.0,163.21,0,1
411.38,1.0,84.97,326.41,2,1
413.34,1.0,49.11,364.23,2,1
432.56,1.0,83.46,349.1,2,1
366.33,1.0,39.92,326.41,2,1
233.46,0.0,40.0,193.46,0,1
216.82,0.0,30.92,185.9,0,1
190.74,0.0,12.41,178.33,0,1
313.74,0.5,50.03,263.72,1,1
362.44,0.5,76.03,286.41,1,1
344.14,0.5,57.73,286.41,1,1
374.46,1.0,32.92,341.54,2,1
310.85,0.5,32.0,278.85,1,1
300.59,0.5,44.43,256.15,1,1
393.76,1.0,67.35,326.41,2,1
199.9,0.0,14.0,185.9,0,1
260.3,0.0,66.84,193.46,0,1
358.76,0.5,72.35,286.41,1,1
576.26,1.5,119.08,457.18,3,1
234.54,0.0,33.51,201.03,0,1
335.07,0.5,71.35,263.72,1,1
437.13,1.0,80.46,356.67,2,1
326.11,0.5,39.7,286.41,1,1
213.9,0.0,28.0,185.9,0,1
375.2,0.5,111.49,263.72,1,1
200.33,0.0,22.0,178.33,0,1
466.37,1.5,62.14,404.23,3,1
337.02,0.5,80.86,256.15,1,1
420.69,1.0,64.03,356.67,2,1
317.32,0.5,68.73,248.59,1,1
195.33,0.0,17.0,178.33,0,1
374.89,1.0,40.92,333.97,2,1
385.27,1.0,43.73,341.54,2,1
359.76,0.5,73.35,286.41,1,1
400.99,1.0,44.32,356.67,2,1
219.27,0.0,25.81,193.46,0,1
218.82,0.0,32.92,185.9,0,1
216.41,0.0,30.51,185.9,0,1
297.62,0.5,49.03,248.59,1,1
301.21,0.5,52.62,248.59,1,1
693.89,3.0,71.32,622.56,6,1
360.69,0.5,96.97,263.72,1,1
361.85,0.5,90.57,271.28,1,1
201.14,0.0,22.81,178.33,0,1
204.88,0.0,34.11,170.77,0,1
319.8,0.5,48.51,271.28,1,1
322.5,0.5,51.22,271.28,1,1
212.57,0.0,19.11,193.46,0,1
325.01,0.5,53.73,271.28,1,1
295.64,0.5,31.92,263.72,1,1
436.26,1.0,87.16,349.1,2,1
269.47,0.0,83.57,185.9,0,1
192.33,0.0,14.0,178.33,0,1
253.79,0.0,75.46,178.33,0,1
532.56,1.5,82.95,449.62,3,1
213.46,0.0,20.0,193.46,0,1
225.38,0.0,31.92,193.46,0,1
197.74,0.0,19.41,178.33,0,1
175.21,0.0,12.0,163.21,0,1
280.06,0.0,94.16,185.9,0,1
255.55,0.0,69.65,185.9,0,1
529.95,1.5,95.46,434.49,3,1
194.33,0.0,16.0,178.33,0,1
198.33,0.0,20.0,178.33,0,1
204.39,0.0,33.62,170.77,0,1
355.95,0.5,69.54,286.41,1,1
454.97,1.0,121.0,333.97,2,1
198.33,0.0,20.0,178.33,0,1
196.77,0.0,26.0,170.77,0,1
187.21,0.0,24.0,163.21,0,1
384.89,0.5,151.43,233.46,1,1
347.29,0.5,83.57,263.72,1,1
203.16,0.0,9.7,193.46,0,1
318.8,0.5,47.51,271.28,1,1
190.77,0.0,20.0,170.77,0,1
179.21,0.0,16.0,163.21,0,1
420.1,1.0,63.43,356.67,2,1
325.4,0.5,69.24,256.15,1,1
317.8,0.5,61.65,256.15,1,1
425.49,1.0,99.08,326.41,2,1
176.21,0.0,13.0,163.21,0,1
356.18,0.5,92.46,263.72,1,1
361.01,0.5,82.16,278.85,1,1
207.3,0.0,21.41,185.9,0,1
220.71,0.0,34.81,185.9,0,1
175.21,0.0,12.0,163.21,0,1
270.56,0.5,14.41,256.15,1,1
286.05,0.5,45.03,241.03,1,1
396.74,0.5,117.89,278.85,1,1
215.06,0.0,36.73,178.33,0,1
209.46,0.0,16.0,193.46,0,1
253.79,0.0,75.46,178.33,0,1
541.6,1.5,114.68,426.92,3,1
274.87,0.0,88.97,185.9,0,1
359.92,1.0,33.51,326.41,2,1
400.45,1.0,36.22,364.23,2,1
324.92,0.5,38.51,286.41,1,1
405.73,1.0,71.76,333.97,2,1
271.4,0.5,22.81,248.59,1,1
235.03,0.0,49.14,185.9,0,1
296.78,0.5,40.62,256.15,1,1
335.07,0.5,71.35,263.72,1,1
242.89,0.0,49.43,193.46,0,1
417.43,1.0,83.46,333.97,2,1
536.2,2.0,76.84,459.36,4,1
221.46,0.0,28.0,193.46,0,1
242.49,0.0,49.03,193.46,0,1
281.81,0.5,33.22,248.59,1,1
292.46,0.5,51.43,241.03,1,1
295.23,0.5,31.51,263.72,1,1
431.56,1.0,82.46,349.1,2,1
433.42,1.0,61.62,371.79,2,1
371.28,0.5,84.86,286.41,1,1
468.96,1.0,97.16,371.79,2,1
206.46,0.0,13.0,193.46,0,1
217.46,0.0,24.0,193.46,0,1
240.22,0.0,54.32,185.9,0,1
213.95,0.0,35.62,178.33,0,1
227.46,0.0,34.0,193.46,0,1
245.13,0.0,44.11,201.03,0,1
258.68,0.5,25.22,233.46,1,1
212.6,0.0,26.7,185.9,0,1
211.8,0.0,41.03,170.77,0,1
258.17,0.0,79.84,178.33,0,1
237.03,0.0,36.0,201.03,0,1
280.26,0.5,24.11,256.15,1,1
202.33,0.0,24.0,178.33,0,1
311.82,0.5,25.41,286.41,1,1
215.9,0.0,30.0,185.9,0,1
244.28,0.0,65.95,178.33,0,1
216.01,0.0,30.11,185.9,0,1
406.83,1.0,57.73,349.1,2,1
361.65,0.5,75.24,286.41,1,1
210.33,0.0,32.0,178.33,0,1
612.04,2.0,114.86,497.18,4,1
211.46,0.0,18.0,193.46,0,1
259.25,0.0,73.35,185.9,0,1
232.87,0.0,54.54,178.33,0,1
392.58,0.5,121.3,271.28,1,1
212.46,0.0,19.0,193.46,0,1
500.71,1.5,81.35,419.36,3,1
303.74,0.5,40.03,263.72,1,1
222.98,0.0,29.51,193.46,0,1
206.01,0.0,20.11,185.9,0,1
323.3,0.5,82.27,241.03,1,1
489.65,1.5,62.73,426.92,3,1
201.9,0.0,16.0,185.9,0,1
376.57,0.5,90.16,286.41,1,1
206.33,0.0,28.0,178.33,0,1
296.21,0.5,47.62,248.59,1,1
212.6,0.0,26.7,185.9,0,1
228.82,0.0,42.92,185.9,0,1
175.21,0.0,12.0,163.21,0,1
329.58,0.5,50.73,278.85,1,1
397.59,1.0,40.92,356.67,2,1
447.9,1.5,36.11,411.79,3,1
288.02,0.0,124.81,163.21,0,1
401.44,1.0,90.16,311.28,2,1
318.41,0.5,32.0,286.41,1,1
206.33,0.0,28.0,178.33,0,1
412.69,1.0,56.03,356.67,2,1
352.13,0.5,95.97,256.15,1,1
275.86,0.5,19.7,256.15,1,1
327.63,0.5,41.22,286.41,1,1
208.01,0.0,22.11,185.9,0,1
226.77,0.0,48.43,178.33,0,1
206.33,0.0,28.0,178.33,0,1
187.47,0.0,16.7,170.77,0,1
382.14,1.0,55.73,326.41,2,1
202.6,0.0,16.7,185.9,0,1
472.23,1.5,60.43,411.79,3,1
207.9,0.0,22.0,185.9,0,1
320.47,0.5,41.62,278.85,1,1
261.36,0.0,75.46,185.9,0,1
375.2,0.5,111.49,263.72,1,1
174.61,0.0,11.41,163.21,0,1
271.24,0.5,30.22,241.03,1,1
360.64,0.5,104.49,256.15,1,1
211.85,0.0,33.51,178.33,0,1
183.21,0.0,20.0,163.21,0,1
363.17,0.5,76.76,286.41,1,1
194.33,0.0,16.0,178.33,0,1
193.04,0.0,14.7,178.33,0,1
202.33,0.0,24.0,178.33,0,1
467.56,1.5,63.32,404.23,3,1
222.27,0.0,28.81,193.46,0,1
214.44,0.0,36.11,178.33,0,1
197.9,0.0,12.0,185.9,0,1
400.51,1.0,66.54,333.97,2,1
380.15,0.5,124.0,256.15,1,1
345.63,0.5,74.35,271.28,1,1
281.86,0.5,25.7,256.15,1,1
287.51,0.5,38.92,248.59,1,1
219.41,0.0,33.51,185.9,0,1
331.28,0.5,52.43,278.85,1,1
459.35,1.5,70.24,389.1,3,1
361.36,0.5,74.95,286.41,1,1
205.85,0.0,27.51,178.33,0,1
357.25,0.5,70.84,286.41,1,1
221.08,0.0,27.62,193.46,0,1
193.74,0.0,15.41,178.33,0,1
372.17,0.5,85.76,286.41,1,1
251.14,0.0,65.24,185.9,0,1
424.53,1.0,75.43,349.1,2,1
415.4,1.0,58.73,356.67,2,1
232.71,0.0,46.81,185.9,0,1
326.56,0.5,62.84,263.72,1,1
206.6,0.0,20.7,185.9,0,1
267.81,0.0,74.35,193.46,0,1
205.9,0.0,20.0,185.9,0,1
317.87,0.5,39.03,278.85,1,1
194.33,0.0,16.0,178.33,0,1
198.85,0.0,20.51,178.33,0,1
330.41,0.5,44.0,286.41,1,1
320.06,0.0,141.73,178.33,0,1
281.76,0.5,40.73,241.03,1,1
218.01,0.0,47.24,170.77,0,1
382.98,0.5,96.57,286.41,1,1
237.53,0.0,66.76,170.77,0,1
487.91,1.0,138.81,349.1,2,1
194.44,0.0,16.11,178.33,0,1
183.21,0.0,20.0,163.21,0,1
246.55,0.0,60.65,185.9,0,1
315.64,0.5,51.92,263.72,1,1
181.21,0.0,18.0,163.21,0,1
301.12,0.5,37.41,263.72,1,1
370.46,0.5,84.05,286.41,1,1
192.33,0.0,14.0,178.33,0,1
431.24,1.0,97.27,333.97,2,1
301.04,0.5,37.32,263.72,1,1
200.44,0.0,22.11,178.33,0,1
202.33,0.0,24.0,178.33,0,1
174.61,0.0,11.41,163.21,0,1
199.14,0.0,20.81,178.33,0,1
200.33,0.0,22.0,178.33,0,1
198.04,0.0,19.7,178.33,0,1
210.33,0.0,32.0,178.33,0,1
333.42,0.5,62.14,271.28,1,1
279.19,0.5,45.73,233.46,1,1
347.0,0.5,53.03,293.97,1,1
410.19,1.0,68.65,341.54,2,1
198.33,0.0,20.0,178.33,0,1
206.33,0.0,28.0,178.33,0,1
212.33,0.0,34.0,178.33,0,1
559.98,2.0,93.05,466.92,4,1
601.78,2.0,59.22,542.56,4,1
305.19,0.0,119.3,185.9,0,1
368.35,1.0,26.81,341.54,2,1
409.74,1.0,45.51,364.23,2,1
589.51,1.5,139.89,449.62,3,1
304.28,0.5,33.0,271.28,1,1
215.41,0.0,29.51,185.9,0,1
641.47,2.0,121.59,519.87,4,1
603.09,2.0,98.35,504.74,4,1
216.27,0.0,22.81,193.46,0,1
210.01,0.0,24.11,185.9,0,1
393.48,1.0,36.81,356.67,2,1
445.81,1.0,104.27,341.54,2,1
196.74,0.0,18.41,178.33,0,1
202.14,0.0,23.81,178.33,0,1
333.53,0.5,62.24,271.28,1,1
291.78,0.5,35.62,256.15,1,1
488.1,1.5,83.86,404.23,3,1
187.04,0.0,8.7,178.33,0,1
321.71,0.5,50.43,271.28,1,1
203.9,0.0,18.0,185.9,0,1
202.33,0.0,24.0,178.33,0,1
271.13,0.5,30.11,241.03,1,1
392.72,1.0,43.62,349.1,2,1
215.9,0.0,30.0,185.9,0,1
465.59,1.0,116.49,349.1,2,1
190.33,0.0,12.0,178.33,0,1
530.93,1.5,111.57,419.36,3,1
235.03,0.0,49.14,185.9,0,1
226.68,0.0,33.22,193.46,0,1
355.68,0.5,76.84,278.85,1,1
369.15,0.5,113.0,256.15,1,1
472.63,1.5,60.84,411.79,3,1
203.9,0.0,18.0,185.9,0,1
675.65,2.5,100.65,575.0,5,1
419.59,1.0,78.05,341.54,2,1
236.49,0.0,43.03,193.46,0,1
327.47,0.5,48.62,278.85,1,1
223.46,0.0,30.0,193.46,0,1
459.05,1.0,102.38,356.67,2,1
396.35,1.0,54.81,341.54,2,1
211.46,0.0,18.0,193.46,0,1
470.76,1.5,51.41,419.36,3,1
508.01,1.5,103.78,404.23,3,1
317.45,0.5,53.73,263.72,1,1
384.14,0.5,90.16,293.97,1,1
272.11,0.0,78.65,193.46,0,1
405.74,1.0,41.51,364.23,2,1
392.57,1.0,51.03,341.54,2,1
211.41,0.0,25.51,185.9,0,1
208.71,0.0,22.81,185.9,0,1
233.74,0.0,47.84,185.9,0,1
435.69,1.0,79.03,356.67,2,1
334.26,0.5,70.54,263.72,1,1
216.57,0.0,23.11,193.46,0,1
466.71,1.5,54.92,411.79,3,1
216.01,0.0,30.11,185.9,0,1
177.21,0.0,14.0,163.21,0,1
199.04,0.0,20.7,178.33,0,1
363.06,1.0,44.22,318.85,2,1
253.67,0.0,52.65,201.03,0,1
182.77,0.0,12.0,170.77,0,1
398.78,1.0,57.24,341.54,2,1
453.56,1.5,49.32,404.23,3,1
299.57,0.5,58.54,241.03,1,1
194.88,0.0,24.11,170.77,0,1
444.58,1.0,80.35,364.23,2,1
303.41,0.5,17.0,286.41,1,1
186.33,0.0,8.0,178.33,0,1
194.44,0.0,16.11,178.33,0,1
208.33,0.0,30.0,178.33,0,1
200.55,0.0,22.22,178.33,0,1
177.31,0.0,14.11,163.21,0,1
245.24,0.0,44.22,201.03,0,1
183.21,0.0,20.0,163.21,0,1
195.74,0.0,17.41,178.33,0,1
435.65,1.0,101.68,333.97,2,1
230.12,0.0,59.35,170.77,0,1
327.37,0.5,63.65,263.72,1,1
280.15,0.5,24.0,256.15,1,1
388.18,1.0,31.51,356.67,2,1
194.33,0.0,16.0,178.33,0,1
355.71,0.5,76.86,278.85,1,1
194.33,0.0,16.0,178.33,0,1
596.07,2.0,106.46,489.62,4,1
439.66,0.5,175.95,263.72,1,1
203.9,0.0,18.0,185.9,0,1
408.08,1.0,66.54,341.54,2,1
338.17,0.5,59.32,278.85,1,1
350.58,0.5,86.86,263.72,1,1
524.1,1.0,167.43,356.67,2,1
235.08,0.0,41.62,193.46,0,1
549.42,1.5,92.24,457.18,3,1
416.41,1.0,97.57,318.85,2,1
184.33,0.0,6.0,178.33,0,1
216.06,0.0,37.73,178.33,0,1
248.23,0.0,77.46,170.77,0,1
222.11,0.0,36.22,185.9,0,1
219.31,0.0,48.54,170.77,0,1
233.11,0.0,47.22,185.9,0,1
414.53,1.0,65.43,349.1,2,1
207.9,0.0,22.0,185.9,0,1
233.68,0.0,40.22,193.46,0,1
424.8,1.0,68.14,356.67,2,1
317.15,0.5,53.43,263.72,1,1
364.36,0.5,77.95,286.41,1,1
303.27,0.5,62.24,241.03,1,1
207.14,0.0,28.81,178.33,0,1
226.36,0.0,48.03,178.33,0,1
394.11,1.0,60.14,333.97,2,1
214.82,0.0,28.92,185.9,0,1
242.93,0.0,72.16,170.77,0,1
200.44,0.0,22.11,178.33,0,1
319.51,0.5,63.35,256.15,1,1
313.66,0.5,34.81,278.85,1,1
305.27,0.5,64.24,241.03,1,1
580.04,2.0,67.73,512.31,4,1
272.52,0.0,79.05,193.46,0,1
212.55,0.0,34.22,178.33,0,1
180.02,0.0,16.81,163.21,0,1
248.76,0.0,47.73,201.03,0,1
190.99,0.0,20.22,170.77,0,1
296.67,0.5,40.51,256.15,1,1
242.33,0.0,56.43,185.9,0,1
335.61,0.5,79.46,256.15,1,1
525.02,1.5,75.41,449.62,3,1
199.46,0.0,6.0,193.46,0,1
337.05,0.5,88.46,248.59,1,1
225.06,0.0,46.73,178.33,0,1
169.21,0.0,6.0,163.21,0,1
177.21,0.0,14.0,163.21,0,1
399.06,1.0,72.65,326.41,2,1
261.68,0.0,83.35,178.33,0,1
204.33,0.0,26.0,178.33,0,1
242.44,0.0,56.54,185.9,0,1
198.33,0.0,20.0,178.33,0,1
208.33,0.0,30.0,178.33,0,1
200.77,0.0,30.0,170.77,0,1
175.21,0.0,12.0,163.21,0,1
279.86,0.5,23.7,256.15,1,1
336.03,0.5,49.62,286.41,1,1
214.33,0.0,36.0,178.33,0,1
344.95,0.5,58.54,286.41,1,1
196.39,0.0,25.62,170.77,0,1
220.6,0.0,34.7,185.9,0,1
179.21,0.0,16.0,163.21,0,1
239.82,0.0,69.05,170.77,0,1
200.33,0.0,22.0,178.33,0,1
315.97,0.5,74.95,241.03,1,1
188.77,0.0,18.0,170.77,0,1
569.68,2.0,102.76,466.92,4,1
215.8,0.0,45.03,170.77,0,1
223.71,0.0,37.81,185.9,0,1
327.92,0.5,41.51,286.41,1,1
234.6,0.0,41.14,193.46,0,1
512.27,1.5,85.35,426.92,3,1
376.35,1.0,34.81,341.54,2,1
202.9,0.0,17.0,185.9,0,1
197.28,0.0,26.51,170.77,0,1
238.28,0.0,59.95,178.33,0,1
330.85,0.5,52.0,278.85,1,1
369.62,0.5,75.65,293.97,1,1
340.68,0.5,61.84,278.85,1,1
253.3,0.0,59.84,193.46,0,1
212.33,0.0,34.0,178.33,0,1
340.07,0.5,76.35,263.72,1,1
207.9,0.0,22.0,185.9,0,1
320.11,0.5,33.7,286.41,1,1
437.97,1.0,88.86,349.1,2,1
230.22,0.0,44.32,185.9,0,1
387.27,1.0,45.73,341.54,2,1
379.77,0.5,108.49,271.28,1,1
300.72,0.5,37.0,263.72,1,1
344.47,0.5,65.62,278.85,1,1
231.28,0.0,52.95,178.33,0,1
173.21,0.0,10.0,163.21,0,1
177.91,0.0,14.7,163.21,0,1
266.76,0.0,80.86,185.9,0,1
303.39,0.5,32.11,271.28,1,1
192.33,0.0,14.0,178.33,0,1
453.23,1.0,96.57,356.67,2,1
253.14,0.0,67.24,185.9,0,1
340.1,0.5,83.95,256.15,1,1
207.9,0.0,22.0,185.9,0,1
182.72,0.0,19.51,163.21,0,1
230.17,0.0,51.84,178.33,0,1
210.01,0.0,24.11,185.9,0,1
420.83,1.0,71.73,349.1,2,1
307.28,0.5,36.0,271.28,1,1
319.99,0.5,63.84,256.15,1,1
337.39,0.5,58.54,278.85,1,1
217.16,0.0,23.7,193.46,0,1
399.48,1.0,57.95,341.54,2,1
197.69,0.0,26.92,170.77,0,1
247.74,0.0,76.97,170.77,0,1
396.67,1.0,55.14,341.54,2,1
289.48,0.5,33.32,256.15,1,1
171.21,0.0,8.0,163.21,0,1
408.32,1.0,59.22,349.1,2,1
297.78,0.5,41.62,256.15,1,1
430.91,1.0,74.24,356.67,2,1
322.41,0.5,36.0,286.41,1,1
493.34,1.5,81.54,411.79,3,1
330.44,0.5,44.03,286.41,1,1
204.44,0.0,26.11,178.33,0,1
285.35,0.5,44.32,241.03,1,1
188.28,0.0,17.51,170.77,0,1
409.69,1.0,53.03,356.67,2,1
299.18,0.5,43.03,256.15,1,1
345.58,0.5,81.86,263.72,1,1
316.11,0.5,29.7,286.41,1,1
328.85,0.5,50.0,278.85,1,1
399.62,1.0,50.51,349.1,2,1
194.33,0.0,16.0,178.33,0,1
210.3,0.0,24.41,185.9,0,1
286.56,0.5,30.41,256.15,1,1
210.9,0.0,25.0,185.9,0,1
387.27,1.0,45.73,341.54,2,1
396.02,1.0,46.92,349.1,2,1
279.08,0.0,78.05,201.03,0,1
359.49,0.5,80.65,278.85,1,1
415.61,1.0,43.81,371.79,2,1
338.33,0.5,51.92,286.41,1,1
204.33,0.0,26.0,178.33,0,1
292.37,0.5,36.22,256.15,1,1
392.79,0.5,106.38,286.41,1,1
205.95,0.0,27.62,178.33,0,1
177.91,0.0,14.7,163.21,0,1
332.14,0.5,45.73,286.41,1,1
295.64,0.5,31.92,263.72,1,1
173.21,0.0,10.0,163.21,0,1
379.1,1.0,30.0,349.1,2,1
216.01,0.0,30.11,185.9,0,1
253.46,0.5,20.0,233.46,1,1
216.11,0.0,30.22,185.9,0,1
179.21,0.0,16.0,163.21,0,1
300.25,0.5,21.41,278.85,1,1
379.93,1.0,68.65,311.28,2,1
449.04,1.5,44.81,404.23,3,1
299.9,0.0,114.0,185.9,0,1
338.6,0.5,44.62,293.97,1,1
208.01,0.0,22.11,185.9,0,1
233.82,0.0,47.92,185.9,0,1
