"Total_Cost","Ratio_Reloc_Prod","Horiz_Cost","Vert_Cost","nReloc","non_Optimal"
221793.04,0.398,34935.28,186857.65,597,106
540.69,0.0,75.95,464.74,0,0
747.12,0.4,88.92,658.21,2,0
738.51,0.2,143.0,595.51,1,0
631.63,0.2,58.81,572.82,1,1
699.31,0.2,126.49,572.82,1,0
529.66,0.0,64.92,464.74,0,0
702.73,0.4,67.22,635.51,2,1
926.83,0.8,135.68,791.15,4,0
641.5,0.2,129.19,512.31,1,0
805.11,0.4,184.73,620.38,2,1
1120.53,1.2,181.3,939.23,6,0
539.85,0.0,67.54,472.31,0,1
723.49,0.2,143.11,580.38,1,0
909.39,0.8,95.54,813.85,4,1
896.17,0.8,135.27,760.9,4,0
598.39,0.0,133.65,464.74,0,1
523.26,0.0,58.51,464.74,0,0
601.55,0.2,89.24,512.31,1,0
785.04,0.4,172.22,612.82,2,1
630.3,0.2,102.86,527.44,1,0
616.26,0.2,66.14,550.13,1,0
1240.07,1.4,200.32,1039.74,7,0
1102.34,1.0,203.11,899.23,5,0
687.33,0.2,106.95,580.38,1,0
546.48,0.0,96.86,449.62,0,1
657.96,0.2,100.27,557.69,1,1
646.9,0.2,119.46,527.44,1,0
677.63,0.4,64.81,612.82,2,0
632.38,0.2,104.95,527.44,1,0
744.29,0.4,93.65,650.64,2,0
685.56,0.4,95.43,590.13,2,0
733.25,0.4,112.86,620.38,2,0
612.35,0.2,84.92,527.44,1,1
765.5,0.2,200.24,565.26,1,1
577.06,0.0,104.76,472.31,0,0
535.64,0.0,86.03,449.62,0,0
924.27,0.8,155.81,768.46,4,1
622.83,0.2,65.14,557.69,1,0
529.88,0.0,72.7,457.18,0,1
634.23,0.2,76.54,557.69,1,1
548.23,0.0,91.05,457.18,0,1
956.62,1.2,93.03,863.59,6,0
762.82,0.4,150.0,612.82,2,0
531.18,0.2,34.0,497.18,1,0
868.28,0.6,147.38,720.9,3,0
987.13,1.0,171.11,816.03,5,1
800.27,0.4,157.19,643.08,2,0
699.41,0.4,79.03,620.38,2,1
436.34,0.0,32.11,404.23,0,1
541.67,0.0,92.05,449.62,0,0
722.77,0.4,125.08,597.69,2,0
686.37,0.2,128.68,557.69,1,1
655.4,0.2,105.27,550.13,1,0
732.38,0.6,64.43,667.95,3,1
727.09,0.4,114.27,612.82,2,1
839.61,0.6,148.97,690.64,3,0
523.7,0.0,81.65,442.05,0,0
883.16,0.8,107.14,776.03,4,0
726.62,0.4,91.11,635.51,2,1
734.7,0.2,192.14,542.56,1,0
1052.33,1.0,190.92,861.41,5,0
531.93,0.0,59.62,472.31,0,1
607.73,0.2,72.73,535.0,1,1
639.2,0.2,73.95,565.26,1,0
711.89,0.2,169.32,542.56,1,0
573.47,0.2,68.73,504.74,1,0
891.24,0.8,107.65,783.59,4,1
869.19,0.6,148.3,720.9,3,0
623.92,0.2,81.35,542.56,1,0
482.27,0.0,40.22,442.05,0,0
974.35,1.0,165.89,808.46,5,0
862.91,0.8,79.32,783.59,4,0
650.5,0.2,85.24,565.26,1,0
710.0,0.2,167.43,542.56,1,1
919.0,0.8,142.97,776.03,4,0
776.83,0.4,133.76,643.08,2,0
891.43,0.6,155.41,736.03,3,1
909.8,0.8,118.65,791.15,4,1
642.05,0.2,107.05,535.0,1,1
841.91,0.4,198.84,643.08,2,0
820.26,0.6,69.11,751.15,3,0
836.34,0.4,178.14,658.21,2,0
689.9,0.4,69.51,620.38,2,0
854.19,0.6,118.16,736.03,3,0
628.5,0.4,30.81,597.69,2,1
801.07,0.6,102.86,698.21,3,0
916.8,0.8,125.65,791.15,4,0
519.1,0.0,61.92,457.18,0,0
762.97,0.6,72.32,690.64,3,0
1130.63,1.2,168.7,961.92,6,0
792.03,0.6,131.65,660.38,3,0
640.99,0.2,75.73,565.26,1,1
491.75,0.0,49.7,442.05,0,0
878.45,0.4,220.24,658.21,2,1
568.01,0.0,88.14,479.87,0,0
903.55,0.8,157.78,745.77,4,1
702.84,0.4,67.32,635.51,2,0
693.37,0.4,103.24,590.13,2,0
807.18,0.4,148.97,658.21,2,0
623.38,0.2,95.95,527.44,1,0
655.97,0.2,120.97,535.0,1,1
657.72,0.4,60.03,597.69,2,1
620.61,0.2,62.92,557.69,1,0
911.53,0.8,173.32,738.21,4,1
542.02,0.0,84.84,457.18,0,1
695.04,0.4,97.35,597.69,2,0
848.81,0.6,120.35,728.46,3,0
762.43,0.4,119.35,643.08,2,1
997.33,1.0,128.35,868.97,5,0
976.87,1.0,115.46,861.41,5,0
702.01,0.2,182.14,519.87,1,1
674.01,0.2,108.76,565.26,1,1
759.02,0.6,60.81,698.21,3,0
687.97,0.2,145.41,542.56,1,0
644.16,0.2,94.03,550.13,1,0
657.66,0.2,152.92,504.74,1,1
533.61,0.0,76.43,457.18,0,1
695.79,0.4,75.41,620.38,2,0
639.21,0.2,96.65,542.56,1,0
550.21,0.0,108.16,442.05,0,0
769.08,0.4,133.57,635.51,2,0
607.66,0.2,95.35,512.31,1,1
795.27,0.4,152.19,643.08,2,1
643.31,0.4,45.62,597.69,2,0
963.28,0.8,157.0,806.28,4,0
840.36,0.8,87.03,753.33,4,0
578.2,0.2,58.32,519.87,1,0
703.12,0.0,223.24,479.87,0,1
874.92,0.6,146.46,728.46,3,0
620.24,0.2,70.11,550.13,1,1
608.08,0.2,80.65,527.44,1,0
658.02,0.2,100.32,557.69,1,0
744.57,0.4,109.05,635.51,2,1
591.37,0.2,48.81,542.56,1,0
639.07,0.2,88.95,550.13,1,0
938.96,0.6,187.81,751.15,3,0
648.94,0.4,58.81,590.13,2,0
501.71,0.0,82.35,419.36,0,0
706.89,0.2,164.32,542.56,1,1
1205.58,1.2,258.78,946.79,6,0
671.39,0.2,151.51,519.87,1,0
742.22,0.4,121.84,620.38,2,0
517.89,0.0,75.84,442.05,0,0
817.4,0.4,174.32,643.08,2,1
837.07,0.4,171.3,665.77,2,0
452.76,0.0,33.41,419.36,0,0
734.67,0.4,152.11,582.56,2,0
782.05,0.6,106.54,675.51,3,0
630.19,0.2,102.76,527.44,1,1
706.3,0.4,78.35,627.95,2,0
551.69,0.0,86.95,464.74,0,1
1135.42,1.2,196.19,939.23,6,1
689.48,0.2,131.78,557.69,1,0
858.67,0.8,67.51,791.15,4,1
804.18,0.4,145.97,658.21,2,0
778.07,0.4,119.86,658.21,2,0
719.43,0.4,129.3,590.13,2,1
715.16,0.4,132.59,582.56,2,1
565.85,0.0,93.54,472.31,0,1
804.21,0.6,113.57,690.64,3,0
551.88,0.0,87.14,464.74,0,0
726.06,0.6,58.11,667.95,3,1
613.48,0.2,70.92,542.56,1,1
881.1,0.6,182.89,698.21,3,0
836.39,0.6,123.05,713.33,3,0
734.21,0.2,184.08,550.13,1,1
926.26,0.6,159.97,766.28,3,0
585.49,0.2,65.62,519.87,1,0
844.41,0.4,171.08,673.33,2,0
776.68,0.4,156.3,620.38,2,1
981.11,1.0,165.08,816.03,5,0
670.93,0.2,90.54,580.38,1,0
941.79,0.8,180.89,760.9,4,0
1121.39,1.0,207.03,914.36,5,0
751.76,0.4,116.24,635.51,2,0
683.88,0.4,78.62,605.26,2,1
494.32,0.0,44.7,449.62,0,0
732.22,0.4,111.84,620.38,2,1
803.93,0.6,105.73,698.21,3,1
685.53,0.4,87.84,597.69,2,0
634.21,0.2,76.51,557.69,1,1
700.04,0.2,134.78,565.26,1,0
739.07,0.2,188.95,550.13,1,1
703.84,0.4,68.32,635.51,2,1
814.09,0.6,108.32,705.77,3,0
798.22,0.4,162.7,635.51,2,0
1334.85,1.6,247.54,1087.31,8,0
947.37,0.8,156.22,791.15,4,1
885.69,0.6,126.97,758.72,3,0
1286.65,1.6,184.22,1102.44,8,1
1017.05,0.8,180.51,836.54,4,0
889.19,0.6,153.16,736.03,3,0
782.95,0.4,155.0,627.95,2,0
550.79,0.0,70.92,479.87,0,0
693.08,0.2,105.14,587.95,1,1
820.03,0.4,184.51,635.51,2,0
469.46,0.0,27.41,442.05,0,1
720.33,0.2,147.51,572.82,1,1
711.99,0.2,154.3,557.69,1,0
517.96,0.0,53.22,464.74,0,0
889.22,0.8,120.76,768.46,4,1
1239.6,1.2,270.11,969.49,6,0
795.77,0.6,82.43,713.33,3,0
911.99,0.6,153.27,758.72,3,1
1158.37,1.0,266.7,891.67,5,0
687.33,0.2,106.95,580.38,1,1
1107.51,1.2,183.41,924.1,6,1
973.67,0.8,182.51,791.15,4,0
496.94,0.0,47.32,449.62,0,0
650.88,0.2,85.62,565.26,1,1
905.92,0.6,185.03,720.9,3,0
908.17,0.8,94.32,813.85,4,0
499.4,0.0,42.22,457.18,0,0
939.29,0.6,241.08,698.21,3,1
551.55,0.0,79.24,472.31,0,0
796.27,0.4,168.32,627.95,2,0
486.32,0.0,36.7,449.62,0,0
706.82,0.4,86.43,620.38,2,0
684.98,0.2,112.16,572.82,1,1
768.14,0.6,54.81,713.33,3,1
746.92,0.4,118.97,627.95,2,0
639.14,0.2,119.27,519.87,1,0
756.22,0.4,128.27,627.95,2,0
782.01,0.4,161.62,620.38,2,0
827.21,0.4,169.0,658.21,2,1
854.08,0.6,118.05,736.03,3,0
941.36,0.6,175.08,766.28,3,0
576.01,0.0,96.14,479.87,0,0
818.51,0.4,175.43,643.08,2,1
846.59,0.6,110.57,736.03,3,0
783.12,0.4,117.35,665.77,2,0
466.33,0.0,39.41,426.92,0,0
462.39,0.0,43.03,419.36,0,0
647.88,0.2,82.62,565.26,1,0
631.07,0.2,65.81,565.26,1,0
517.74,0.0,53.0,464.74,0,0
790.59,0.6,99.95,690.64,3,1
904.04,0.8,150.7,753.33,4,0
621.7,0.2,79.14,542.56,1,0
637.48,0.2,87.35,550.13,1,0
715.35,0.4,79.84,635.51,2,0
1625.56,0.8,894.92,730.64,4,1
894.62,0.6,158.59,736.03,3,1
878.62,0.8,95.03,783.59,4,0
706.0,0.4,62.92,643.08,2,1
454.76,0.0,35.41,419.36,0,0
768.97,0.6,78.32,690.64,3,0
754.67,0.4,119.16,635.51,2,0
737.97,0.4,102.46,635.51,2,1
629.4,0.2,86.84,542.56,1,0
1047.03,0.8,218.05,828.97,4,1
633.48,0.2,83.35,550.13,1,0
538.47,0.0,73.73,464.74,0,0
940.82,0.8,187.49,753.33,4,1
842.5,0.6,129.16,713.33,3,1
491.56,0.0,49.51,442.05,0,1
705.56,0.4,54.92,650.64,2,0
803.7,0.4,168.19,635.51,2,1
672.77,0.2,99.95,572.82,1,0
702.11,0.4,81.73,620.38,2,0
472.03,0.0,45.11,426.92,0,0
501.46,0.0,74.54,426.92,0,0
918.3,0.8,142.27,776.03,4,0
794.37,0.6,96.16,698.21,3,1
740.49,0.4,104.97,635.51,2,0
715.41,0.4,140.41,575.0,2,1
633.53,0.2,75.84,557.69,1,1
562.07,0.2,57.32,504.74,1,1
1227.54,1.6,170.49,1057.05,8,0
657.91,0.4,60.22,597.69,2,1
621.92,0.2,79.35,542.56,1,1
757.31,0.4,91.54,665.77,2,0
677.61,0.2,112.35,565.26,1,1
792.02,0.6,108.95,683.08,3,1
664.29,0.2,114.16,550.13,1,1
523.09,0.0,96.16,426.92,0,0
709.46,0.6,41.51,667.95,3,0
595.81,0.2,60.81,535.0,1,0
507.78,0.0,65.73,442.05,0,1
973.49,1.0,165.03,808.46,5,0
522.7,0.0,80.65,442.05,0,0
799.51,0.4,164.0,635.51,2,0
958.68,0.8,190.22,768.46,4,1
634.67,0.2,84.54,550.13,1,1
738.38,0.6,70.43,667.95,3,1
516.78,0.0,74.73,442.05,0,0
632.46,0.4,65.03,567.44,2,0
623.54,0.2,88.54,535.0,1,0
774.32,0.4,131.24,643.08,2,0
657.55,0.2,84.73,572.82,1,0
623.61,0.2,65.92,557.69,1,0
950.27,0.6,214.24,736.03,3,0
1046.56,1.0,207.84,838.72,5,0
813.01,0.4,147.24,665.77,2,0
611.45,0.2,61.32,550.13,1,0
533.56,0.0,83.95,449.62,0,0
808.74,0.6,87.84,720.9,3,0
538.92,0.0,96.86,442.05,0,1
631.97,0.2,81.84,550.13,1,0
603.35,0.2,75.92,527.44,1,1
