"Total_Cost","Ratio_Reloc_Prod","Horiz_Cost","Vert_Cost","nReloc","non_Optimal"
230952.54,0.4713,36654.15,194298.52,707,118
747.75,0.4,89.54,658.21,2,0
700.4,0.4,57.32,643.08,2,0
889.71,0.8,83.43,806.28,4,0
868.88,0.6,163.11,705.77,3,0
721.5,0.2,148.68,572.82,1,0
847.78,0.6,111.76,736.03,3,0
862.88,0.6,104.16,758.72,3,1
537.6,0.0,57.73,479.87,0,1
800.23,0.6,94.46,705.77,3,0
864.15,0.6,158.38,705.77,3,1
624.93,0.2,52.11,572.82,1,0
537.63,0.0,65.32,472.31,0,0
951.23,1.0,104.95,846.28,5,0
776.97,0.6,101.46,675.51,3,0
572.99,0.2,68.24,504.74,1,0
464.28,0.0,44.92,419.36,0,0
503.11,0.0,68.62,434.49,0,0
631.05,0.2,96.05,535.0,1,0
686.74,0.4,73.92,612.82,2,0
822.75,0.6,139.68,683.08,3,0
641.8,0.4,44.11,597.69,2,0
982.51,0.2,492.89,489.62,1,1
914.14,0.8,160.81,753.33,4,1
723.98,0.2,143.59,580.38,1,0
1007.36,1.0,161.08,846.28,5,0
1034.33,1.2,125.35,908.97,6,1
664.61,0.2,99.35,565.26,1,1
754.22,0.4,126.27,627.95,2,1
714.01,0.4,108.76,605.26,2,1
902.09,0.8,95.81,806.28,4,1
602.57,0.2,75.14,527.44,1,0
878.53,0.8,79.81,798.72,4,0
722.89,0.4,147.89,575.0,2,0
1103.47,1.0,189.11,914.36,5,0
732.36,0.2,220.05,512.31,1,0
896.39,0.8,158.19,738.21,4,1
475.05,0.0,33.0,442.05,0,0
1127.06,1.0,273.22,853.85,5,0
478.27,0.0,36.22,442.05,0,1
777.3,0.6,109.35,667.95,3,1
699.13,0.2,149.0,550.13,1,1
1035.9,0.8,222.05,813.85,4,0
1074.07,0.8,214.84,859.23,4,0
691.53,0.4,93.84,597.69,2,1
582.65,0.2,55.22,527.44,1,0
584.99,0.2,80.24,504.74,1,1
592.22,0.2,57.22,535.0,1,1
972.23,1.0,125.95,846.28,5,1
762.29,0.4,111.65,650.64,2,0
1016.02,0.8,179.49,836.54,4,0
556.37,0.0,91.62,464.74,0,0
801.99,0.6,111.35,690.64,3,0
633.64,0.2,83.51,550.13,1,0
831.11,0.8,70.22,760.9,4,1
948.78,0.8,112.24,836.54,4,1
761.78,0.4,126.27,635.51,2,0
539.15,0.0,74.41,464.74,0,0
579.06,0.2,51.62,527.44,1,0
666.4,0.4,83.84,582.56,2,1
1021.54,1.0,152.57,868.97,5,0
717.93,0.2,145.11,572.82,1,0
770.92,0.4,142.97,627.95,2,1
1089.49,1.2,180.51,908.97,6,0
870.4,0.6,187.32,683.08,3,0
671.39,0.2,98.57,572.82,1,0
851.99,0.6,153.78,698.21,3,0
506.13,0.0,56.51,449.62,0,0
593.03,0.0,113.16,479.87,0,0
733.04,0.6,80.22,652.82,3,1
713.29,0.4,123.16,590.13,2,0
775.0,0.4,139.49,635.51,2,1
611.27,0.2,83.84,527.44,1,1
543.05,0.0,93.43,449.62,0,1
629.0,0.2,86.43,542.56,1,1
501.62,0.0,67.14,434.49,0,0
786.6,0.4,166.22,620.38,2,1
789.41,0.6,121.46,667.95,3,1
868.23,0.6,154.89,713.33,3,0
737.43,0.4,94.35,643.08,2,0
1585.18,0.6,894.54,690.64,3,1
816.86,0.6,126.22,690.64,3,1
725.71,0.4,97.76,627.95,2,1
829.1,0.6,138.46,690.64,3,0
1045.2,1.0,145.97,899.23,5,0
998.36,1.0,152.08,846.28,5,0
724.48,0.4,126.78,597.69,2,0
790.03,0.4,162.08,627.95,2,0
904.69,0.8,113.54,791.15,4,1
832.08,0.6,164.14,667.95,3,0
568.12,0.2,55.81,512.31,1,0
802.86,0.4,159.78,643.08,2,0
708.61,0.4,103.35,605.26,2,0
806.48,0.4,163.41,643.08,2,1
796.96,0.4,138.76,658.21,2,0
920.97,0.6,237.89,683.08,3,1
677.97,0.2,135.41,542.56,1,1
624.99,0.2,59.73,565.26,1,0
1012.0,1.0,150.59,861.41,5,1
740.29,0.4,89.65,650.64,2,1
923.19,0.8,147.16,776.03,4,0
627.05,0.2,76.92,550.13,1,1
611.22,0.2,91.35,519.87,1,0
685.21,0.2,135.08,550.13,1,1
903.52,1.0,95.05,808.46,5,0
985.43,1.0,116.46,868.97,5,0
929.61,0.6,170.89,758.72,3,0
1347.99,0.6,717.86,630.13,3,1
668.2,0.2,102.95,565.26,1,0
779.72,0.4,129.08,650.64,2,0
555.09,0.0,75.22,479.87,0,0
1275.64,0.6,637.95,637.69,3,1
505.18,0.0,48.0,457.18,0,0
646.26,0.2,88.57,557.69,1,0
732.98,0.6,65.03,667.95,3,0
849.58,0.4,183.81,665.77,2,0
700.69,0.2,127.86,572.82,1,0
619.82,0.0,155.08,464.74,0,0
713.55,0.4,93.16,620.38,2,0
667.16,0.4,77.03,590.13,2,1
909.04,0.6,210.84,698.21,3,1
561.79,0.0,81.92,479.87,0,1
756.07,0.4,105.43,650.64,2,0
982.19,1.2,73.22,908.97,6,0
826.31,0.6,120.54,705.77,3,0
447.47,0.0,28.11,419.36,0,0
667.14,0.4,54.32,612.82,2,1
926.32,0.8,150.3,776.03,4,1
711.56,0.2,169.0,542.56,1,0
759.89,0.4,124.38,635.51,2,0
475.46,0.0,33.41,442.05,0,1
843.63,0.8,82.73,760.9,4,0
663.21,0.4,65.51,597.69,2,1
599.82,0.0,135.08,464.74,0,1
902.18,0.8,111.03,791.15,4,0
1003.62,1.0,134.65,868.97,5,1
572.52,0.2,60.22,512.31,1,0
649.66,0.2,129.78,519.87,1,0
713.76,0.4,85.81,627.95,2,1
757.85,0.4,99.65,658.21,2,1
694.5,0.4,89.24,605.26,2,0
1013.68,1.0,152.27,861.41,5,0
653.25,0.2,80.43,572.82,1,1
778.89,0.6,110.95,667.95,3,1
841.94,0.6,105.92,736.03,3,0
680.75,0.2,138.19,542.56,1,0
545.15,0.0,80.41,464.74,0,1
773.21,0.6,90.14,683.08,3,1
601.92,0.2,66.92,535.0,1,1
769.94,0.6,139.81,630.13,3,0
621.1,0.2,78.54,542.56,1,0
697.03,0.2,162.03,535.0,1,1
711.79,0.6,51.41,660.38,3,0
768.65,0.4,148.27,620.38,2,0
760.69,0.4,94.92,665.77,2,0
594.78,0.2,52.22,542.56,1,0
875.91,0.8,92.32,783.59,4,1
726.22,0.2,191.22,535.0,1,0
568.1,0.0,118.49,449.62,0,0
498.46,0.0,56.41,442.05,0,0
826.68,0.6,113.35,713.33,3,0
556.26,0.2,51.51,504.74,1,0
905.47,0.6,199.7,705.77,3,1
1131.34,0.6,486.08,645.26,3,1
547.23,0.0,90.05,457.18,0,0
819.58,0.6,121.38,698.21,3,1
833.34,0.8,95.14,738.21,4,1
611.5,0.2,53.81,557.69,1,0
477.75,0.0,35.7,442.05,0,0
969.09,1.0,115.24,853.85,5,0
527.77,0.0,63.03,464.74,0,0
861.49,0.4,180.59,680.9,2,0
457.47,0.0,38.11,419.36,0,0
792.56,0.4,149.49,643.08,2,1
879.4,0.6,196.32,683.08,3,1
904.86,0.8,121.27,783.59,4,0
1175.2,1.2,220.84,954.36,6,0
1012.76,1.0,143.78,868.97,5,0
520.57,0.0,40.7,479.87,0,0
618.08,0.2,75.51,542.56,1,1
819.18,0.8,88.54,730.64,4,1
837.11,0.6,161.59,675.51,3,1
674.07,0.2,116.38,557.69,1,1
727.08,0.4,99.14,627.95,2,0
847.27,0.6,111.24,736.03,3,0
1086.03,1.0,171.68,914.36,5,0
701.28,0.4,96.03,605.26,2,1
735.97,0.4,100.46,635.51,2,0
899.22,0.8,130.76,768.46,4,0
939.37,0.8,140.65,798.72,4,0
555.85,0.0,83.54,472.31,0,0
673.26,0.2,115.57,557.69,1,1
747.95,0.4,127.57,620.38,2,1
460.06,0.0,40.7,419.36,0,0
881.59,0.8,105.57,776.03,4,1
503.64,0.0,54.03,449.62,0,1
959.23,1.0,112.95,846.28,5,1
873.95,0.6,145.49,728.46,3,0
540.15,0.0,75.41,464.74,0,0
506.19,0.0,64.14,442.05,0,1
448.17,0.0,28.81,419.36,0,0
461.68,0.0,42.32,419.36,0,0
751.79,0.4,123.84,627.95,2,1
701.28,0.6,56.03,645.26,3,1
545.42,0.2,33.11,512.31,1,1
572.57,0.2,52.7,519.87,1,1
626.29,0.2,83.73,542.56,1,1
848.52,0.8,87.62,760.9,4,1
862.4,0.8,131.76,730.64,4,1
669.18,0.4,63.92,605.26,2,1
750.49,0.6,82.54,667.95,3,1
711.04,0.4,113.35,597.69,2,1
648.94,0.2,91.24,557.69,1,0
876.6,0.8,123.27,753.33,4,1
1020.28,0.8,206.43,813.85,4,0
1042.6,1.0,181.19,861.41,5,0
798.48,0.6,107.84,690.64,3,0
490.27,0.0,48.22,442.05,0,0
850.95,0.6,183.0,667.95,3,0
750.59,0.4,99.95,650.64,2,0
500.53,0.0,50.92,449.62,0,0
694.82,0.6,42.0,652.82,3,1
982.17,1.2,88.32,893.85,6,1
803.99,0.6,113.35,690.64,3,0
637.48,0.4,54.92,582.56,2,1
708.77,0.4,95.95,612.82,2,0
947.72,0.8,149.0,798.72,4,1
685.66,0.2,112.84,572.82,1,0
752.51,0.4,101.86,650.64,2,0
1229.9,1.4,235.54,994.36,7,0
863.15,0.6,104.43,758.72,3,0
940.45,0.6,181.73,758.72,3,1
593.72,0.0,128.97,464.74,0,1
1200.41,1.2,246.05,954.36,6,0
622.16,0.2,72.03,550.13,1,0
811.77,0.6,113.57,698.21,3,0
826.83,0.6,136.19,690.64,3,1
836.49,0.6,108.03,728.46,3,0
809.54,0.6,126.46,683.08,3,0
664.36,0.2,91.54,572.82,1,0
800.23,0.4,134.46,665.77,2,0
1000.5,1.0,161.78,838.72,5,0
1031.57,1.2,130.16,901.41,6,1
1046.83,1.2,115.16,931.67,6,0
828.39,0.6,115.05,713.33,3,0
684.31,0.2,119.05,565.26,1,0
799.46,0.4,156.38,643.08,2,1
964.09,0.8,157.81,806.28,4,1
1195.8,1.4,171.19,1024.62,7,1
865.39,0.6,167.19,698.21,3,1
528.52,0.0,56.22,472.31,0,0
791.85,0.6,93.65,698.21,3,1
615.39,0.2,110.65,504.74,1,1
482.86,0.0,40.81,442.05,0,0
534.85,0.0,70.11,464.74,0,0
594.51,0.2,59.51,535.0,1,0
803.93,0.6,151.11,652.82,3,1
771.22,0.6,103.27,667.95,3,0
685.23,0.4,72.41,612.82,2,0
709.69,0.4,104.43,605.26,2,0
1018.85,1.0,172.57,846.28,5,1
989.48,1.0,165.89,823.59,5,0
1050.32,1.0,158.65,891.67,5,0
778.54,0.4,150.59,627.95,2,1
592.3,0.2,72.43,519.87,1,0
1079.48,1.2,155.38,924.1,6,0
440.06,0.0,20.7,419.36,0,0
834.62,0.4,191.54,643.08,2,0
816.35,0.6,80.32,736.03,3,0
771.45,0.4,113.24,658.21,2,0
769.29,0.6,78.65,690.64,3,1
709.71,0.6,49.32,660.38,3,1
531.01,0.0,58.7,472.31,0,0
737.81,0.4,94.73,643.08,2,0
863.0,0.6,126.97,736.03,3,0
488.05,0.0,46.0,442.05,0,0
721.54,0.4,86.03,635.51,2,0
848.9,0.6,135.57,713.33,3,1
642.12,0.2,84.43,557.69,1,0
666.84,0.4,106.97,559.87,2,0
878.74,0.8,132.97,745.77,4,0
1053.67,0.8,270.08,783.59,4,0
827.51,0.6,136.86,690.64,3,1
1132.94,1.4,176.41,956.54,7,0
1010.1,0.6,251.38,758.72,3,0
560.93,0.0,81.05,479.87,0,1
665.2,0.4,44.81,620.38,2,1
886.42,0.6,120.14,766.28,3,0
785.09,0.2,212.27,572.82,1,0
854.55,0.8,93.65,760.9,4,1
666.4,0.2,116.27,550.13,1,1
1189.48,1.2,197.3,992.18,6,0
973.37,0.6,214.65,758.72,3,1
979.2,1.0,140.49,838.72,5,1
615.72,0.2,58.03,557.69,1,0
758.38,0.6,90.43,667.95,3,1
1097.43,1.0,213.32,884.1,5,0
741.19,0.4,113.24,627.95,2,0
478.16,0.0,36.11,442.05,0,1
767.5,0.4,154.68,612.82,2,1
810.35,0.6,127.27,683.08,3,0
