"Total_Cost","Ratio_Reloc_Prod","Horiz_Cost","Vert_Cost","nReloc","non_Optimal"
243893.47,0.408,54643.01,189250.44,612,130
799.18,0.4,140.97,658.21,2,0
1095.03,1.0,180.68,914.36,5,0
838.42,0.6,79.7,758.72,3,0
687.52,0.2,107.14,580.38,1,0
1192.64,1.0,293.41,899.23,5,1
863.13,0.6,187.62,675.51,3,0
590.67,0.2,48.11,542.56,1,1
1239.81,0.8,524.3,715.51,4,1
830.1,0.6,131.89,698.21,3,1
786.53,0.6,88.32,698.21,3,0
619.96,0.2,54.7,565.26,1,0
592.83,0.0,143.22,449.62,0,0
1010.31,0.6,251.59,758.72,3,1
1411.77,1.8,231.51,1180.26,9,1
986.66,0.6,280.89,705.77,3,1
1012.47,0.6,306.7,705.77,3,1
1198.0,1.0,329.03,868.97,5,1
1266.44,0.6,545.54,720.9,3,1
635.86,0.2,100.86,535.0,1,1
919.22,0.6,198.32,720.9,3,1
653.18,0.2,87.92,565.26,1,0
518.55,0.0,53.81,464.74,0,0
610.03,0.2,75.03,535.0,1,1
582.46,0.0,95.03,487.44,0,0
843.55,0.6,130.22,713.33,3,1
744.76,0.4,109.24,635.51,2,0
648.5,0.2,83.24,565.26,1,0
702.92,0.2,167.92,535.0,1,0
534.21,0.0,92.16,442.05,0,0
924.19,0.8,148.16,776.03,4,1
726.59,0.4,83.51,643.08,2,0
702.85,0.2,137.59,565.26,1,0
1003.15,0.6,312.51,690.64,3,1
754.4,0.4,111.32,643.08,2,1
930.89,0.6,187.3,743.59,3,0
1213.97,1.0,276.92,937.05,5,0
696.98,0.2,124.16,572.82,1,0
616.76,0.2,89.32,527.44,1,0
639.57,0.2,112.14,527.44,1,0
621.91,0.2,64.22,557.69,1,0
717.8,0.2,152.54,565.26,1,0
782.85,0.2,225.16,557.69,1,0
994.35,0.6,258.32,736.03,3,0
877.13,0.6,201.62,675.51,3,1
541.92,0.0,107.43,434.49,0,0
743.25,0.4,122.86,620.38,2,0
796.29,0.4,153.22,643.08,2,1
1118.02,0.8,326.86,791.15,4,1
1132.36,1.0,225.57,906.79,5,1
829.28,0.4,224.03,605.26,2,1
718.77,0.2,161.08,557.69,1,0
1118.66,1.0,211.86,906.79,5,0
937.79,0.6,209.32,728.46,3,0
1057.46,0.6,329.0,728.46,3,1
783.7,0.4,148.19,635.51,2,1
774.87,0.4,146.92,627.95,2,0
939.2,0.6,180.49,758.72,3,1
656.61,0.2,98.92,557.69,1,0
880.47,0.6,174.7,705.77,3,1
866.76,0.4,238.81,627.95,2,1
590.39,0.2,85.65,504.74,1,1
847.5,0.4,189.3,658.21,2,0
658.78,0.2,108.65,550.13,1,0
702.12,0.2,136.86,565.26,1,0
792.98,0.4,180.16,612.82,2,0
914.73,0.6,239.22,675.51,3,1
769.64,0.2,219.51,550.13,1,0
521.61,0.0,64.43,457.18,0,0
578.16,0.0,143.68,434.49,0,0
657.81,0.2,115.24,542.56,1,0
712.64,0.2,162.51,550.13,1,1
1283.93,0.6,631.11,652.82,3,1
609.48,0.0,152.3,457.18,0,0
559.42,0.0,102.24,457.18,0,0
809.36,0.4,204.11,605.26,2,0
526.88,0.0,62.14,464.74,0,0
1129.08,1.0,252.54,876.54,5,1
553.41,0.0,73.54,479.87,0,0
710.29,0.2,160.16,550.13,1,0
706.12,0.4,108.43,597.69,2,1
490.0,0.0,55.51,434.49,0,0
664.03,0.2,129.03,535.0,1,1
877.83,0.4,227.19,650.64,2,1
972.42,0.6,266.65,705.77,3,1
669.86,0.2,134.86,535.0,1,0
521.63,0.0,102.27,419.36,0,1
942.01,0.8,181.11,760.9,4,1
958.83,0.8,167.68,791.15,4,1
813.43,0.6,130.35,683.08,3,1
756.12,0.4,97.92,658.21,2,0
661.69,0.2,96.43,565.26,1,0
795.05,0.4,151.97,643.08,2,0
641.47,0.2,76.22,565.26,1,0
712.99,0.2,155.3,557.69,1,0
646.39,0.2,81.14,565.26,1,0
943.8,0.6,185.08,758.72,3,1
569.91,0.0,105.16,464.74,0,0
1112.09,0.8,305.81,806.28,4,1
933.63,0.8,172.73,760.9,4,1
529.77,0.0,65.03,464.74,0,0
1301.47,1.0,447.62,853.85,5,1
835.41,0.4,162.08,673.33,2,0
571.96,0.0,99.65,472.31,0,0
977.2,0.6,218.49,758.72,3,0
661.07,0.2,110.95,550.13,1,0
665.28,0.2,100.03,565.26,1,0
1066.89,0.8,290.86,776.03,4,1
550.31,0.0,85.57,464.74,0,0
811.14,0.4,183.19,627.95,2,1
1511.87,1.4,517.51,994.36,7,1
770.65,0.2,182.7,587.95,1,0
623.16,0.2,73.03,550.13,1,0
686.5,0.2,121.24,565.26,1,0
703.26,0.2,138.0,565.26,1,0
568.94,0.0,111.76,457.18,0,0
537.68,0.0,110.76,426.92,0,1
496.0,0.0,61.51,434.49,0,0
889.77,0.6,244.51,645.26,3,1
614.64,0.0,149.89,464.74,0,0
1040.8,0.6,274.51,766.28,3,0
725.51,0.4,90.0,635.51,2,0
890.24,0.6,199.59,690.64,3,1
1084.25,0.6,355.78,728.46,3,0
570.53,0.0,113.35,457.18,0,0
945.29,0.6,247.08,698.21,3,1
1379.81,1.2,417.89,961.92,6,0
949.36,0.6,243.59,705.77,3,1
841.82,0.4,176.05,665.77,2,1
997.05,0.8,205.89,791.15,4,1
1116.02,0.8,324.86,791.15,4,1
1204.43,0.8,375.46,828.97,4,1
770.5,0.4,104.73,665.77,2,0
665.72,0.2,108.03,557.69,1,0
871.68,0.4,251.3,620.38,2,0
861.04,0.4,195.27,665.77,2,1
542.31,0.0,85.14,457.18,0,0
791.85,0.4,126.08,665.77,2,1
1019.94,0.6,283.92,736.03,3,1
851.23,0.4,185.46,665.77,2,0
1151.02,0.8,352.3,798.72,4,1
851.77,0.4,178.43,673.33,2,1
924.62,0.6,188.59,736.03,3,0
962.02,0.6,203.3,758.72,3,0
520.31,0.0,48.0,472.31,0,0
885.28,0.6,164.38,720.9,3,1
991.92,0.6,263.46,728.46,3,0
1122.9,1.0,216.11,906.79,5,1
896.36,0.4,230.59,665.77,2,0
560.15,0.0,87.84,472.31,0,0
689.35,0.2,146.78,542.56,1,0
994.97,0.6,319.46,675.51,3,1
917.36,0.6,151.08,766.28,3,0
991.83,0.8,193.11,798.72,4,1
650.28,0.2,85.03,565.26,1,0
769.93,0.4,104.16,665.77,2,0
635.99,0.2,70.73,565.26,1,0
542.37,0.0,77.62,464.74,0,0
747.93,0.2,182.68,565.26,1,0
609.81,0.2,67.24,542.56,1,0
753.36,0.2,188.11,565.26,1,0
808.32,0.4,172.81,635.51,2,0
586.37,0.0,129.19,457.18,0,0
655.32,0.4,80.32,575.0,2,1
618.2,0.2,113.46,504.74,1,0
1001.49,0.6,273.03,728.46,3,1
907.65,0.6,239.7,667.95,3,1
616.56,0.2,66.43,550.13,1,0
673.27,0.2,138.27,535.0,1,1
772.28,0.4,106.51,665.77,2,1
475.36,0.0,56.0,419.36,0,0
812.07,0.4,221.95,590.13,2,1
931.73,0.6,195.7,736.03,3,0
750.95,0.4,130.57,620.38,2,1
737.48,0.2,179.78,557.69,1,1
599.31,0.0,134.57,464.74,0,0
662.56,0.2,104.86,557.69,1,0
538.33,0.0,103.84,434.49,0,0
662.64,0.2,104.95,557.69,1,0
769.46,0.4,126.38,643.08,2,0
946.96,0.8,148.24,798.72,4,1
677.19,0.2,142.19,535.0,1,1
532.53,0.0,75.35,457.18,0,0
516.49,0.0,82.0,434.49,0,0
759.81,0.4,177.24,582.56,2,0
808.71,0.6,87.81,720.9,3,0
1195.85,1.0,289.05,906.79,5,0
586.39,0.0,121.65,464.74,0,0
625.0,0.2,90.0,535.0,1,1
686.12,0.4,88.43,597.69,2,1
438.5,0.0,26.7,411.79,0,1
1376.02,1.0,499.49,876.54,5,1
644.02,0.2,101.46,542.56,1,0
828.31,0.6,114.97,713.33,3,0
1826.74,1.2,993.41,833.33,6,1
658.88,0.2,93.62,565.26,1,0
740.03,0.2,205.03,535.0,1,0
698.61,0.2,133.35,565.26,1,1
1294.6,1.2,287.3,1007.31,6,0
669.36,0.2,104.11,565.26,1,0
596.61,0.0,131.86,464.74,0,0
565.58,0.0,100.84,464.74,0,0
1022.81,0.8,254.35,768.46,4,1
890.84,0.6,215.32,675.51,3,1
727.41,0.4,107.03,620.38,2,1
649.5,0.2,137.19,512.31,1,0
566.05,0.0,131.57,434.49,0,1
529.0,0.2,54.51,474.49,1,0
674.66,0.2,154.78,519.87,1,1
1319.36,1.2,312.05,1007.31,6,1
1111.28,0.8,289.86,821.41,4,1
722.53,0.2,157.27,565.26,1,0
834.4,0.4,198.89,635.51,2,0
1017.3,0.6,281.27,736.03,3,1
957.4,0.6,266.76,690.64,3,0
688.19,0.2,153.19,535.0,1,0
991.83,0.4,341.19,650.64,2,0
574.2,0.0,109.46,464.74,0,0
610.24,0.2,75.24,535.0,1,1
513.89,0.0,79.41,434.49,0,1
900.96,0.4,235.19,665.77,2,0
1116.16,1.0,307.7,808.46,5,1
976.09,0.6,194.68,781.41,3,0
1561.01,1.0,760.11,800.9,5,1
731.17,0.2,158.35,572.82,1,0
783.27,0.4,140.19,643.08,2,0
1816.08,1.4,851.97,964.1,7,1
696.11,0.2,108.16,587.95,1,0
895.18,0.6,151.59,743.59,3,1
547.39,0.0,82.65,464.74,0,0
576.52,0.0,96.65,479.87,0,0
837.8,0.6,147.16,690.64,3,1
558.29,0.0,108.68,449.62,0,0
570.04,0.0,112.86,457.18,0,0
779.93,0.2,214.68,565.26,1,0
538.58,0.0,73.84,464.74,0,0
521.72,0.0,72.11,449.62,0,0
660.84,0.2,125.84,535.0,1,1
889.44,0.8,143.68,745.77,4,1
856.46,0.4,220.95,635.51,2,0
736.02,0.2,178.32,557.69,1,0
626.31,0.2,68.62,557.69,1,1
667.75,0.2,110.05,557.69,1,0
705.06,0.4,145.19,559.87,2,1
1121.67,0.8,338.08,783.59,4,0
862.06,0.6,141.16,720.9,3,0
767.31,0.4,154.49,612.82,2,0
860.24,0.6,116.65,743.59,3,1
929.98,0.6,209.08,720.9,3,0
720.99,0.2,155.73,565.26,1,0
531.73,0.0,97.24,434.49,0,1
513.35,0.0,78.86,434.49,0,0
766.26,0.4,168.57,597.69,2,1
893.07,0.6,194.86,698.21,3,1
517.03,0.0,82.54,434.49,0,1
982.06,1.0,181.16,800.9,5,1
885.67,0.6,149.65,736.03,3,1
625.24,0.0,175.62,449.62,0,0
714.55,0.4,101.73,612.82,2,0
731.21,0.4,133.51,597.69,2,1
605.32,0.2,70.32,535.0,1,1
741.11,0.4,113.16,627.95,2,1
1058.27,0.8,274.68,783.59,4,0
578.14,0.0,98.27,479.87,0,0
689.91,0.2,124.65,565.26,1,0
1014.27,0.8,238.24,776.03,4,1
1454.29,1.0,562.62,891.67,5,1
845.51,0.4,210.0,635.51,2,0
644.73,0.2,109.73,535.0,1,1
754.22,0.6,93.84,660.38,3,0
1161.4,0.8,324.86,836.54,4,1
675.13,0.2,132.57,542.56,1,0
1249.52,0.8,435.68,813.85,4,0
1068.62,0.6,340.16,728.46,3,1
1093.76,0.8,264.78,828.97,4,1
784.0,0.4,156.05,627.95,2,0
669.03,0.2,149.16,519.87,1,0
791.2,0.4,170.81,620.38,2,0
632.35,0.2,97.35,535.0,1,0
494.66,0.0,82.86,411.79,0,0
1412.82,0.8,667.05,745.77,4,1
714.2,0.2,141.38,572.82,1,1
1211.18,1.0,311.95,899.23,5,1
654.26,0.2,104.14,550.13,1,0
1187.89,1.0,318.92,868.97,5,1
978.55,0.8,225.22,753.33,4,1
1047.52,0.8,226.11,821.41,4,1
747.57,0.4,112.05,635.51,2,1
884.97,0.6,194.32,690.64,3,1
2145.08,1.6,1148.54,996.54,8,1
747.62,0.4,104.54,643.08,2,0
935.66,0.8,136.95,798.72,4,1
759.85,0.4,154.59,605.26,2,1
685.63,0.2,173.32,512.31,1,1
518.33,0.0,83.84,434.49,0,1
746.06,0.4,133.24,612.82,2,1
718.57,0.2,198.7,519.87,1,0
836.78,0.4,193.7,643.08,2,0
709.83,0.2,167.27,542.56,1,0
489.85,0.0,78.05,411.79,0,0
639.76,0.2,104.76,535.0,1,0
