"Total_Cost","Ratio_Reloc_Prod","Horiz_Cost","Vert_Cost","nReloc","non_Optimal"
236846.76,0.3727,50964.39,185882.41,559,138
896.49,0.6,122.65,773.85,3,0
684.47,0.2,111.65,572.82,1,1
959.18,0.6,200.46,758.72,3,1
844.42,0.6,153.78,690.64,3,0
621.97,0.2,71.84,550.13,1,0
551.01,0.0,71.14,479.87,0,0
694.07,0.2,136.38,557.69,1,0
781.87,0.4,153.92,627.95,2,0
770.49,0.4,134.97,635.51,2,0
535.26,0.0,70.51,464.74,0,1
688.57,0.4,60.62,627.95,2,0
942.02,0.6,183.3,758.72,3,0
918.42,0.8,127.27,791.15,4,0
934.02,0.6,190.43,743.59,3,0
771.84,0.4,143.89,627.95,2,0
523.99,0.0,66.81,457.18,0,1
612.0,0.2,69.43,542.56,1,0
785.44,0.4,157.49,627.95,2,0
667.78,0.2,132.78,535.0,1,1
700.93,0.2,135.68,565.26,1,0
716.2,0.4,110.95,605.26,2,0
772.94,0.4,129.86,643.08,2,0
740.18,0.2,174.92,565.26,1,0
1479.54,1.6,361.97,1117.56,8,1
728.24,0.2,178.11,550.13,1,1
648.66,0.2,83.41,565.26,1,0
1195.89,1.2,226.41,969.49,6,1
676.5,0.2,111.24,565.26,1,0
1003.86,0.8,212.7,791.15,4,0
691.39,0.2,126.14,565.26,1,0
883.16,0.6,139.57,743.59,3,1
684.54,0.2,157.11,527.44,1,1
779.05,0.2,244.05,535.0,1,1
643.01,0.4,83.14,559.87,2,1
1018.69,0.8,212.41,806.28,4,0
923.61,0.6,172.46,751.15,3,0
722.42,0.2,157.16,565.26,1,1
632.3,0.2,104.86,527.44,1,1
438.5,0.0,26.7,411.79,0,1
710.14,0.4,150.27,559.87,2,0
966.74,0.8,205.84,760.9,4,0
790.05,0.4,146.97,643.08,2,1
608.96,0.2,104.22,504.74,1,1
845.02,0.4,186.81,658.21,2,0
773.69,0.2,208.43,565.26,1,0
650.65,0.2,115.65,535.0,1,0
765.59,0.2,275.97,489.62,1,1
958.16,0.6,222.14,736.03,3,0
1075.68,0.8,261.84,813.85,4,1
806.2,0.4,185.81,620.38,2,0
1095.29,1.0,264.14,831.15,5,0
826.72,0.4,176.08,650.64,2,0
686.15,0.2,128.46,557.69,1,1
546.31,0.0,89.14,457.18,0,1
984.01,0.6,217.73,766.28,3,0
679.65,0.2,144.65,535.0,1,0
975.62,0.6,239.59,736.03,3,0
895.86,0.4,245.22,650.64,2,0
854.71,0.4,234.32,620.38,2,0
704.65,0.2,162.08,542.56,1,0
887.95,0.6,220.0,667.95,3,1
662.73,0.2,120.16,542.56,1,0
1107.02,1.0,268.3,838.72,5,0
988.19,0.6,252.16,736.03,3,0
798.74,0.4,185.92,612.82,2,1
1162.19,0.8,325.65,836.54,4,1
656.85,0.2,84.03,572.82,1,1
547.1,0.0,89.92,457.18,0,1
806.69,0.6,153.86,652.82,3,1
797.09,0.6,83.76,713.33,3,1
910.21,0.4,267.14,643.08,2,0
977.62,0.6,234.03,743.59,3,1
546.64,0.0,97.03,449.62,0,0
498.7,0.0,64.22,434.49,0,1
627.42,0.2,69.73,557.69,1,1
904.19,0.6,183.3,720.9,3,1
1187.51,0.8,343.41,844.1,4,0
643.28,0.2,130.97,512.31,1,0
913.76,0.8,152.86,760.9,4,1
695.91,0.4,90.65,605.26,2,1
751.02,0.2,193.32,557.69,1,0
715.21,0.4,132.65,582.56,2,1
493.41,0.0,58.92,434.49,0,1
841.35,0.6,158.27,683.08,3,1
1163.95,0.8,403.05,760.9,4,0
1029.3,0.8,207.89,821.41,4,0
927.38,0.6,198.92,728.46,3,0
929.21,0.6,246.14,683.08,3,0
761.12,0.2,241.24,519.87,1,1
678.63,0.2,166.32,512.31,1,0
769.04,0.4,171.35,597.69,2,0
826.97,0.6,143.89,683.08,3,0
920.68,0.6,192.22,728.46,3,1
772.82,0.4,107.05,665.77,2,1
632.84,0.2,112.97,519.87,1,1
984.13,0.8,200.54,783.59,4,0
651.33,0.2,131.46,519.87,1,1
681.5,0.2,116.24,565.26,1,0
777.71,0.4,149.76,627.95,2,0
898.51,0.4,255.43,643.08,2,0
719.19,0.4,91.24,627.95,2,1
927.02,0.6,175.86,751.15,3,0
666.72,0.2,109.03,557.69,1,0
671.67,0.2,113.97,557.69,1,1
671.32,0.2,128.76,542.56,1,0
734.29,0.2,191.73,542.56,1,1
699.2,0.2,133.95,565.26,1,0
636.6,0.2,116.73,519.87,1,0
1044.23,0.8,245.51,798.72,4,1
735.45,0.4,77.24,658.21,2,1
856.9,0.6,196.51,660.38,3,1
657.42,0.2,152.68,504.74,1,1
738.91,0.4,148.78,590.13,2,1
701.12,0.2,135.86,565.26,1,1
959.88,0.4,301.68,658.21,2,1
776.63,0.2,256.76,519.87,1,0
707.96,0.2,142.7,565.26,1,0
594.61,0.0,129.86,464.74,0,0
780.26,0.4,175.0,605.26,2,1
518.33,0.0,83.84,434.49,0,1
580.61,0.2,83.43,497.18,1,1
918.29,0.4,267.65,650.64,2,0
684.66,0.2,111.84,572.82,1,1
573.56,0.0,116.38,457.18,0,0
949.47,0.6,243.7,705.77,3,1
978.77,0.4,365.95,612.82,2,1
1118.84,0.8,297.43,821.41,4,0
826.11,0.4,205.73,620.38,2,0
948.17,0.6,227.27,720.9,3,0
616.34,0.0,151.59,464.74,0,0
712.04,0.2,146.78,565.26,1,1
1094.37,0.8,295.65,798.72,4,0
878.14,0.6,149.68,728.46,3,0
787.27,0.4,151.76,635.51,2,1
708.55,0.2,143.3,565.26,1,1
642.67,0.2,92.54,550.13,1,0
810.67,0.4,167.59,643.08,2,1
1121.54,0.8,345.51,776.03,4,1
944.63,0.6,223.73,720.9,3,1
709.83,0.2,159.7,550.13,1,1
1109.06,0.8,340.59,768.46,4,0
670.28,0.2,97.46,572.82,1,0
933.48,0.6,189.89,743.59,3,1
508.38,0.0,66.32,442.05,0,1
879.69,0.4,221.49,658.21,2,1
552.7,0.0,110.65,442.05,0,1
567.02,0.2,69.84,497.18,1,1
565.66,0.2,60.92,504.74,1,1
528.22,0.0,93.73,434.49,0,0
699.58,0.2,134.32,565.26,1,1
534.8,0.0,70.05,464.74,0,1
628.92,0.2,93.92,535.0,1,1
655.92,0.2,120.92,535.0,1,0
490.81,0.0,56.32,434.49,0,1
867.05,0.6,176.41,690.64,3,0
582.37,0.0,132.76,449.62,0,0
666.35,0.2,131.35,535.0,1,0
1223.1,0.6,479.51,743.59,3,0
668.17,0.2,95.35,572.82,1,0
704.15,0.2,138.89,565.26,1,1
1037.82,0.8,223.97,813.85,4,1
846.72,0.6,140.95,705.77,3,0
797.49,0.4,161.97,635.51,2,0
1023.47,0.6,264.76,758.72,3,0
1127.07,0.8,320.78,806.28,4,0
689.97,0.2,147.41,542.56,1,0
644.41,0.0,164.54,479.87,0,1
715.06,0.4,102.24,612.82,2,1
958.99,0.4,308.35,650.64,2,1
747.08,0.4,111.57,635.51,2,0
761.7,0.2,211.57,550.13,1,0
965.82,0.8,151.97,813.85,4,0
722.82,0.2,157.57,565.26,1,0
533.62,0.0,84.0,449.62,0,0
932.4,0.6,196.38,736.03,3,0
688.34,0.2,130.65,557.69,1,1
615.08,0.0,180.59,434.49,0,1
820.26,0.4,162.05,658.21,2,1
1470.21,0.4,880.08,590.13,2,1
566.85,0.0,94.54,472.31,0,0
991.83,0.6,248.24,743.59,3,0
836.36,0.4,170.59,665.77,2,0
1164.07,1.0,257.27,906.79,5,0
800.61,0.4,149.97,650.64,2,0
665.72,0.2,100.46,565.26,1,0
912.8,0.6,222.16,690.64,3,1
546.09,0.0,81.35,464.74,0,0
649.69,0.2,84.43,565.26,1,1
787.92,0.4,159.97,627.95,2,0
665.59,0.2,115.46,550.13,1,0
808.04,0.4,142.27,665.77,2,0
817.31,0.2,252.05,565.26,1,0
1012.05,0.8,236.03,776.03,4,0
1091.53,1.0,199.86,891.67,5,1
748.59,0.4,113.08,635.51,2,0
870.57,0.6,134.54,736.03,3,0
963.17,0.6,249.84,713.33,3,0
591.12,0.0,126.38,464.74,0,0
710.65,0.4,90.27,620.38,2,0
787.09,0.2,221.84,565.26,1,1
847.15,0.4,241.89,605.26,2,0
569.5,0.0,104.76,464.74,0,0
773.03,0.4,145.08,627.95,2,0
905.45,0.6,207.24,698.21,3,0
846.91,0.4,188.7,658.21,2,0
1076.34,1.0,237.62,838.72,5,1
721.41,0.4,101.03,620.38,2,1
982.45,0.8,191.3,791.15,4,0
494.05,0.0,52.0,442.05,0,0
1025.51,0.6,274.35,751.15,3,0
676.96,0.2,104.14,572.82,1,0
636.26,0.0,186.65,449.62,0,1
685.12,0.2,119.86,565.26,1,0
533.19,0.0,91.14,442.05,0,1
1469.88,1.2,523.08,946.79,6,1
637.58,0.2,72.32,565.26,1,1
883.07,0.6,192.43,690.64,3,1
1425.46,1.4,355.46,1070.0,7,1
750.78,0.4,100.14,650.64,2,1
560.39,0.0,95.65,464.74,0,0
1031.69,0.8,225.41,806.28,4,0
978.77,0.6,212.49,766.28,3,0
1027.48,0.8,243.89,783.59,4,0
836.12,0.4,177.92,658.21,2,0
682.34,0.2,117.08,565.26,1,1
874.74,0.4,208.97,665.77,2,0
1046.31,0.4,388.11,658.21,2,1
722.56,0.4,124.86,597.69,2,1
571.78,0.0,122.16,449.62,0,0
616.22,0.2,81.22,535.0,1,1
708.26,0.2,150.57,557.69,1,0
951.51,0.6,215.49,736.03,3,1
640.39,0.2,75.14,565.26,1,0
632.42,0.2,74.73,557.69,1,1
443.2,0.0,31.41,411.79,0,1
619.91,0.2,62.22,557.69,1,1
531.45,0.0,81.84,449.62,0,0
961.72,0.6,203.0,758.72,3,1
1115.32,0.8,263.65,851.67,4,0
816.2,0.2,243.38,572.82,1,1
611.42,0.0,146.68,464.74,0,1
520.1,0.0,62.92,457.18,0,1
492.0,0.0,57.51,434.49,0,1
823.8,0.4,165.59,658.21,2,1
563.22,0.0,83.35,479.87,0,0
677.91,0.2,112.65,565.26,1,1
727.48,0.2,169.78,557.69,1,0
659.42,0.2,101.73,557.69,1,1
1045.47,0.8,231.62,813.85,4,1
656.84,0.2,121.84,535.0,1,1
484.01,0.0,64.65,419.36,0,0
801.63,0.4,135.86,665.77,2,0
1091.12,1.0,191.89,899.23,5,0
1199.76,0.8,378.35,821.41,4,0
768.64,0.2,210.95,557.69,1,0
586.64,0.0,121.89,464.74,0,1
713.94,0.2,163.81,550.13,1,1
709.4,0.2,151.7,557.69,1,0
716.42,0.0,251.68,464.74,0,1
795.92,0.4,160.41,635.51,2,1
777.06,0.4,156.68,620.38,2,1
1330.52,1.2,323.22,1007.31,6,0
588.56,0.2,46.0,542.56,1,1
758.96,0.2,193.7,565.26,1,1
704.01,0.2,138.76,565.26,1,0
894.57,0.8,118.54,776.03,4,1
581.56,0.0,139.51,442.05,0,0
1312.57,1.0,383.08,929.49,5,0
760.21,0.4,109.57,650.64,2,0
1050.38,0.6,321.92,728.46,3,0
533.37,0.0,83.76,449.62,0,1
616.18,0.0,159.0,457.18,0,0
1208.8,0.8,349.57,859.23,4,0
557.58,0.0,92.84,464.74,0,0
594.64,0.0,129.89,464.74,0,1
881.3,0.4,245.78,635.51,2,0
719.63,0.2,154.38,565.26,1,0
562.74,0.0,98.0,464.74,0,0
709.67,0.0,252.49,457.18,0,1
851.05,0.4,200.41,650.64,2,1
630.85,0.2,118.54,512.31,1,1
743.34,0.4,85.14,658.21,2,0
850.51,0.6,167.43,683.08,3,0
808.84,0.4,173.32,635.51,2,0
1110.23,0.8,311.51,798.72,4,0
663.13,0.2,120.57,542.56,1,0
932.05,0.6,188.46,743.59,3,1
776.27,0.4,140.76,635.51,2,1
573.72,0.0,108.97,464.74,0,1
542.05,0.0,107.57,434.49,0,1
591.73,0.2,109.68,482.05,1,1
1539.2,1.6,459.46,1079.74,8,0
806.46,0.4,178.51,627.95,2,1
1048.09,0.6,327.19,720.9,3,0
571.42,0.0,114.24,457.18,0,1
445.2,0.0,33.41,411.79,0,1
520.16,0.0,78.11,442.05,0,1
903.71,0.6,182.81,720.9,3,0
629.21,0.0,172.03,457.18,0,0
700.61,0.2,150.49,550.13,1,1
