"Total_Cost","Ratio_Reloc_Prod","Horiz_Cost","Vert_Cost","nReloc","non_Optimal"
262503.62,0.4133,72759.31,189744.46,620,216
896.49,0.6,122.65,773.85,3,1
679.87,0.2,107.05,572.82,1,1
955.58,0.6,196.86,758.72,3,1
906.42,0.6,215.78,690.64,3,1
640.99,0.2,90.86,550.13,1,1
551.01,0.0,71.14,479.87,0,1
688.67,0.2,130.97,557.69,1,0
781.87,0.4,153.92,627.95,2,1
771.19,0.4,135.68,635.51,2,1
532.96,0.0,68.22,464.74,0,1
701.19,0.4,73.24,627.95,2,0
1040.1,0.8,196.0,844.1,4,1
1288.33,0.8,580.38,707.95,4,1
973.45,0.6,222.3,751.15,3,1
667.75,0.2,125.19,542.56,1,0
523.99,0.0,66.81,457.18,0,1
618.0,0.2,75.43,542.56,1,0
761.33,0.4,133.38,627.95,2,1
784.41,0.2,249.41,535.0,1,1
678.12,0.2,112.86,565.26,1,0
739.17,0.4,126.35,612.82,2,0
779.64,0.4,136.57,643.08,2,0
728.18,0.2,162.92,565.26,1,0
1804.52,1.6,656.7,1147.82,8,1
724.37,0.2,181.81,542.56,1,0
635.26,0.2,70.0,565.26,1,0
2039.88,1.2,1168.73,871.15,6,1
688.38,0.2,100.43,587.95,1,0
903.54,0.6,175.08,728.46,3,1
676.86,0.2,126.73,550.13,1,0
1031.04,0.6,317.7,713.33,3,1
619.19,0.2,91.76,527.44,1,1
638.46,0.2,103.46,535.0,1,0
1006.54,0.4,439.11,567.44,2,1
1143.81,0.8,307.27,836.54,4,1
1073.41,0.8,252.0,821.41,4,1
693.69,0.2,128.43,565.26,1,1
638.29,0.2,95.73,542.56,1,1
805.65,0.2,278.22,527.44,1,1
599.28,0.0,179.92,419.36,0,0
1331.8,1.0,500.65,831.15,5,1
943.91,0.6,260.84,683.08,3,1
665.12,0.2,145.24,519.87,1,1
968.72,0.4,302.95,665.77,2,1
900.34,0.2,335.08,565.26,1,0
798.93,0.4,193.68,605.26,2,1
1038.12,0.4,493.38,544.74,2,1
946.89,0.6,218.43,728.46,3,0
1480.87,0.8,719.97,760.9,4,1
762.82,0.2,182.43,580.38,1,0
1056.59,0.8,265.43,791.15,4,0
837.53,0.4,186.89,650.64,2,0
663.72,0.2,106.03,557.69,1,1
654.23,0.2,96.54,557.69,1,1
1104.38,0.8,267.84,836.54,4,1
690.18,0.2,140.05,550.13,1,0
983.3,0.6,262.41,720.9,3,1
844.72,0.4,194.08,650.64,2,0
969.19,0.4,333.68,635.51,2,0
696.65,0.2,154.08,542.56,1,0
909.76,0.6,181.3,728.46,3,1
731.83,0.2,181.7,550.13,1,0
1332.73,0.6,596.7,736.03,3,1
1580.49,1.0,772.03,808.46,5,1
831.84,0.4,203.89,627.95,2,1
1588.56,1.2,717.41,871.15,6,1
672.57,0.2,84.62,587.95,1,0
937.7,0.2,455.65,482.05,1,1
765.93,0.4,160.68,605.26,2,1
814.94,0.6,78.92,736.03,3,1
1094.66,0.6,381.32,713.33,3,1
986.21,0.6,288.0,698.21,3,1
546.64,0.0,97.03,449.62,0,0
509.3,0.2,34.81,474.49,1,1
754.48,0.6,71.41,683.08,3,1
1491.97,0.6,801.32,690.64,3,1
1309.95,1.0,388.03,921.92,5,1
688.39,0.2,168.51,519.87,1,0
782.43,0.4,146.92,635.51,2,1
637.92,0.2,95.35,542.56,1,0
1115.47,0.8,309.19,806.28,4,1
1036.14,0.4,476.27,559.87,2,1
520.69,0.0,63.51,457.18,0,0
662.96,0.2,105.27,557.69,1,1
1312.96,1.0,466.68,846.28,5,1
945.94,0.6,194.78,751.15,3,1
1074.07,0.8,275.35,798.72,4,1
1089.25,0.4,461.3,627.95,2,1
777.86,0.2,235.3,542.56,1,0
778.65,0.2,243.65,535.0,1,0
760.94,0.4,163.24,597.69,2,1
913.7,0.6,230.62,683.08,3,1
940.23,0.4,282.03,658.21,2,1
892.73,0.6,156.7,736.03,3,1
679.62,0.4,97.05,582.56,2,1
614.51,0.2,71.95,542.56,1,1
822.98,0.6,162.59,660.38,3,1
927.81,0.4,284.73,643.08,2,1
1118.6,0.8,357.7,760.9,4,1
926.78,0.4,276.14,650.64,2,0
734.89,0.4,106.95,627.95,2,1
970.42,0.6,219.27,751.15,3,1
822.63,0.6,101.73,720.9,3,1
787.75,0.4,144.68,643.08,2,1
944.83,0.6,246.62,698.21,3,1
739.55,0.2,174.3,565.26,1,1
1194.5,0.6,496.3,698.21,3,1
912.43,0.4,276.92,635.51,2,0
1116.09,0.8,309.81,806.28,4,1
808.72,0.4,158.08,650.64,2,1
833.03,0.2,298.03,535.0,1,1
1033.2,0.6,380.38,652.82,3,1
539.99,0.0,75.24,464.74,0,0
715.61,0.2,150.35,565.26,1,1
911.95,0.6,198.62,713.33,3,1
1116.79,0.6,395.89,720.9,3,1
759.51,0.4,116.43,643.08,2,1
529.07,0.0,64.32,464.74,0,0
549.5,0.0,84.76,464.74,0,1
591.64,0.0,134.46,457.18,0,1
688.0,0.2,160.57,527.44,1,0
1208.1,1.2,276.43,931.67,6,1
1078.47,1.0,232.19,846.28,5,1
1013.76,1.0,205.3,808.46,5,1
979.98,0.6,312.03,667.95,3,1
1395.04,0.6,757.35,637.69,3,1
1118.6,0.8,289.62,828.97,4,1
760.36,0.4,139.97,620.38,2,0
1358.87,1.0,444.51,914.36,5,1
763.96,0.2,191.14,572.82,1,0
538.37,0.0,88.76,449.62,0,1
689.42,0.2,177.11,512.31,1,1
1316.79,0.6,648.84,667.95,3,1
775.42,0.2,210.16,565.26,1,1
698.63,0.2,133.38,565.26,1,1
802.77,0.4,137.0,665.77,2,1
630.4,0.2,87.84,542.56,1,1
1214.23,1.0,322.57,891.67,5,1
616.26,0.0,151.51,464.74,0,1
702.23,0.2,136.97,565.26,1,1
1135.64,0.8,344.49,791.15,4,0
998.23,0.6,247.08,751.15,3,1
825.36,0.4,159.59,665.77,2,0
684.97,0.2,142.41,542.56,1,1
748.96,0.2,183.7,565.26,1,0
592.02,0.0,142.41,449.62,0,1
482.51,0.0,48.03,434.49,0,1
587.07,0.2,82.32,504.74,1,1
603.0,0.2,68.0,535.0,1,0
744.61,0.2,186.92,557.69,1,1
776.51,0.4,186.38,590.13,2,1
627.22,0.2,92.22,535.0,1,1
726.02,0.4,128.32,597.69,2,1
490.81,0.0,56.32,434.49,0,1
709.74,0.2,144.49,565.26,1,0
569.67,0.0,120.05,449.62,0,0
671.35,0.2,136.35,535.0,1,1
1190.82,0.8,376.97,813.85,4,0
805.25,0.4,184.86,620.38,2,1
980.23,0.4,314.46,665.77,2,1
728.57,0.4,100.62,627.95,2,1
896.45,0.6,137.73,758.72,3,1
816.3,0.4,180.78,635.51,2,1
1175.66,0.6,409.38,766.28,3,0
1249.53,0.8,443.24,806.28,4,1
819.87,0.4,191.92,627.95,2,0
577.98,0.0,105.68,472.31,0,1
641.92,0.2,99.35,542.56,1,1
956.78,0.6,220.76,736.03,3,1
676.23,0.2,110.97,565.26,1,0
1167.74,0.8,361.46,806.28,4,1
906.47,0.4,240.7,665.77,2,1
740.74,0.2,175.49,565.26,1,0
531.49,0.0,112.14,419.36,0,0
897.0,0.6,160.97,736.03,3,1
482.54,0.0,55.62,426.92,0,1
698.88,0.0,241.7,457.18,0,1
1293.89,0.8,525.43,768.46,4,1
682.86,0.2,140.3,542.56,1,1
682.92,0.2,155.49,527.44,1,1
1124.28,0.4,519.03,605.26,2,1
1064.44,1.0,210.59,853.85,5,1
816.53,0.4,211.27,605.26,2,1
841.0,0.4,197.92,643.08,2,1
786.21,0.2,236.08,550.13,1,0
1365.78,0.4,790.78,575.0,2,1
543.94,0.0,86.76,457.18,0,0
1128.29,0.4,545.73,582.56,2,1
915.29,0.6,156.57,758.72,3,0
786.69,0.2,221.43,565.26,1,0
652.91,0.2,87.65,565.26,1,0
869.54,0.6,125.95,743.59,3,1
908.03,0.4,280.08,627.95,2,1
1323.78,0.4,733.65,590.13,2,1
873.98,0.2,301.16,572.82,1,1
1153.86,0.6,417.84,736.03,3,1
1035.64,0.8,236.92,798.72,4,1
573.12,0.0,108.38,464.74,0,0
715.36,0.2,150.11,565.26,1,1
640.12,0.2,82.43,557.69,1,1
1110.28,0.8,304.0,806.28,4,1
530.86,0.0,81.24,449.62,0,1
721.36,0.2,156.11,565.26,1,0
665.48,0.2,115.35,550.13,1,0
1063.68,0.8,249.84,813.85,4,1
1510.18,0.8,771.97,738.21,4,1
706.39,0.2,133.57,572.82,1,1
1939.83,1.0,1161.62,778.21,5,1
585.95,0.0,106.08,479.87,0,0
1179.2,0.8,365.35,813.85,4,1
665.61,0.2,100.35,565.26,1,0
702.98,0.4,90.16,612.82,2,0
949.34,0.6,243.57,705.77,3,1
548.2,0.0,83.46,464.74,0,0
1279.02,1.2,347.35,931.67,6,1
787.14,0.2,214.32,572.82,1,1
1190.8,0.6,500.16,690.64,3,1
1230.64,0.8,378.97,851.67,4,1
773.26,0.6,82.62,690.64,3,1
801.6,0.4,188.78,612.82,2,1
645.23,0.2,87.54,557.69,1,0
1002.85,0.8,189.0,813.85,4,1
1723.99,1.6,719.89,1004.1,8,1
1043.24,0.6,307.22,736.03,3,1
715.37,0.2,157.68,557.69,1,1
685.74,0.2,120.49,565.26,1,1
1084.7,0.6,356.24,728.46,3,1
701.37,0.2,143.68,557.69,1,1
586.91,0.0,137.3,449.62,0,0
626.99,0.0,177.38,449.62,0,1
870.25,0.4,249.86,620.38,2,1
1201.72,0.4,604.03,597.69,2,1
992.18,0.8,193.46,798.72,4,1
836.75,0.4,193.68,643.08,2,1
507.17,0.0,87.81,419.36,0,0
573.4,0.2,76.22,497.18,1,1
1148.44,0.6,480.49,667.95,3,1
1168.93,1.0,254.57,914.36,5,1
1119.48,0.8,267.81,851.67,4,1
910.71,0.4,229.81,680.9,2,1
642.46,0.2,115.03,527.44,1,1
510.64,0.0,61.03,449.62,0,1
457.42,0.0,45.62,411.79,0,1
753.29,0.4,102.65,650.64,2,1
905.92,0.2,370.92,535.0,1,1
1112.82,0.6,460.0,652.82,3,1
705.43,0.2,170.43,535.0,1,0
1040.13,0.4,457.57,582.56,2,1
1370.24,0.8,526.14,844.1,4,1
1142.53,0.4,544.84,597.69,2,1
561.55,0.0,89.24,472.31,0,0
900.12,0.4,241.92,658.21,2,0
1549.12,0.8,810.92,738.21,4,1
888.33,0.4,215.0,673.33,2,0
556.23,0.0,99.05,457.18,0,0
547.39,0.0,82.65,464.74,0,1
577.01,0.0,112.27,464.74,0,0
757.75,0.2,200.05,557.69,1,0
932.45,0.6,188.86,743.59,3,1
801.91,0.4,158.84,643.08,2,1
860.09,0.4,194.32,665.77,2,1
1426.11,1.0,489.05,937.05,5,1
542.04,0.0,69.73,472.31,0,1
1080.56,1.0,249.41,831.15,5,1
962.73,0.8,186.7,776.03,4,1
819.23,0.4,153.46,665.77,2,1
544.37,0.0,94.76,449.62,0,0
1384.12,1.0,477.32,906.79,5,1
1532.97,0.8,809.89,723.08,4,1
916.26,0.4,250.49,665.77,2,0
1102.26,0.4,497.0,605.26,2,1
610.55,0.0,130.68,479.87,0,0
886.17,0.4,220.41,665.77,2,0
541.79,0.0,61.92,479.87,0,0
600.78,0.2,58.22,542.56,1,1
643.02,0.2,85.32,557.69,1,0
1137.86,0.6,394.27,743.59,3,1
549.99,0.0,85.24,464.74,0,0
916.78,0.4,273.7,643.08,2,1
1493.05,0.8,717.03,776.03,4,1
529.13,0.0,79.51,449.62,0,1
1014.9,0.6,309.14,705.77,3,1
715.18,0.2,149.92,565.26,1,1
703.44,0.2,176.0,527.44,1,0
948.54,0.6,220.08,728.46,3,1
917.49,0.4,297.11,620.38,2,1
1369.43,1.0,500.46,868.97,5,1
1216.68,0.8,455.78,760.9,4,1
780.03,0.4,220.16,559.87,2,1
607.56,0.0,150.38,457.18,0,1
787.61,0.2,229.92,557.69,1,1
1543.01,1.2,649.16,893.85,6,1
877.54,0.4,249.59,627.95,2,1
824.86,0.4,181.78,643.08,2,0
549.69,0.0,84.95,464.74,0,1
553.91,0.0,96.73,457.18,0,0
824.67,0.6,149.16,675.51,3,1
699.51,0.2,149.38,550.13,1,0
637.86,0.2,87.73,550.13,1,0
768.45,0.2,203.19,565.26,1,1
