"Total_Cost","Ratio_Reloc_Prod","Horiz_Cost","Vert_Cost","nReloc","non_Optimal"
232557.69,0.4867,38806.68,193750.99,730,160
811.13,0.6,75.11,736.03,3,1
556.04,0.0,83.73,472.31,0,0
603.19,0.0,100.62,502.56,0,0
711.93,0.2,146.68,565.26,1,1
526.35,0.0,91.86,434.49,0,1
769.86,0.6,94.35,675.51,3,0
681.04,0.4,68.22,612.82,2,1
535.39,0.0,70.65,464.74,0,0
1038.66,1.0,184.81,853.85,5,0
743.14,0.4,122.76,620.38,2,0
837.92,0.6,117.03,720.9,3,1
823.09,0.6,109.76,713.33,3,1
696.92,0.4,61.41,635.51,2,1
898.08,0.6,154.49,743.59,3,0
1219.41,1.4,164.54,1054.87,7,0
635.14,0.2,62.32,572.82,1,0
524.74,0.0,60.0,464.74,0,0
761.17,0.4,140.78,620.38,2,1
900.67,0.8,109.51,791.15,4,1
478.65,0.0,51.73,426.92,0,1
501.56,0.0,59.51,442.05,0,0
997.8,0.8,191.51,806.28,4,1
825.28,0.6,164.89,660.38,3,1
1173.92,1.0,297.38,876.54,5,1
842.89,0.6,167.38,675.51,3,1
1189.13,1.2,257.46,931.67,6,1
973.89,0.4,391.32,582.56,2,1
1460.86,0.8,745.35,715.51,4,1
595.03,0.0,115.16,479.87,0,0
672.39,0.2,107.14,565.26,1,0
699.93,0.2,134.68,565.26,1,0
666.45,0.2,108.76,557.69,1,0
624.91,0.2,67.22,557.69,1,0
829.74,0.4,163.97,665.77,2,0
777.56,0.6,86.92,690.64,3,1
703.97,0.4,113.84,590.13,2,1
613.78,0.2,71.22,542.56,1,0
495.67,0.0,53.62,442.05,0,1
640.56,0.2,90.43,550.13,1,1
749.02,0.4,105.95,643.08,2,0
509.27,0.0,67.22,442.05,0,1
1271.0,1.6,168.57,1102.44,8,0
658.75,0.2,108.62,550.13,1,1
755.24,0.6,79.73,675.51,3,1
785.59,0.6,94.95,690.64,3,0
550.64,0.0,93.46,457.18,0,1
610.68,0.4,50.81,559.87,2,0
1191.88,1.4,205.08,986.79,7,0
624.56,0.2,82.0,542.56,1,1
714.63,0.4,94.24,620.38,2,0
733.69,0.4,120.86,612.82,2,1
800.4,0.6,109.76,690.64,3,0
760.68,0.6,92.73,667.95,3,1
863.59,0.8,80.0,783.59,4,1
742.98,0.4,130.16,612.82,2,1
1017.97,1.0,201.95,816.03,5,1
638.41,0.2,110.97,527.44,1,0
742.79,0.6,74.84,667.95,3,0
858.57,0.6,137.68,720.9,3,0
460.06,0.0,40.7,419.36,0,0
1032.06,0.8,263.59,768.46,4,0
1057.09,1.0,210.81,846.28,5,0
917.92,0.8,149.46,768.46,4,0
942.67,0.8,159.08,783.59,4,0
841.56,0.8,103.35,738.21,4,0
781.73,0.6,98.65,683.08,3,0
874.99,0.6,123.84,751.15,3,0
666.58,0.2,169.41,497.18,1,0
650.73,0.2,108.16,542.56,1,1
613.88,0.2,101.57,512.31,1,1
750.06,0.4,137.24,612.82,2,1
575.87,0.2,56.0,519.87,1,1
623.06,0.4,55.62,567.44,2,0
792.78,0.6,117.27,675.51,3,1
496.89,0.0,62.41,434.49,0,1
862.2,0.8,116.43,745.77,4,1
960.74,0.8,199.84,760.9,4,1
915.1,1.0,136.89,778.21,5,1
887.14,0.8,126.24,760.9,4,1
625.65,0.2,90.65,535.0,1,0
1106.24,0.8,277.27,828.97,4,0
697.42,0.2,132.16,565.26,1,0
914.78,0.6,171.19,743.59,3,1
806.61,0.6,115.97,690.64,3,0
682.34,0.2,124.65,557.69,1,0
562.74,0.0,98.0,464.74,0,0
849.65,0.6,128.76,720.9,3,0
945.56,1.0,106.84,838.72,5,1
490.75,0.0,48.7,442.05,0,1
924.9,0.8,164.0,760.9,4,1
915.9,0.6,149.62,766.28,3,0
1116.1,1.2,192.0,924.1,6,0
569.96,0.0,97.65,472.31,0,0
652.22,0.2,124.78,527.44,1,1
634.48,0.2,91.92,542.56,1,1
810.95,0.6,143.0,667.95,3,1
582.77,0.2,78.03,504.74,1,0
947.14,0.8,193.81,753.33,4,0
1166.59,1.2,250.05,916.54,6,0
996.47,0.4,451.73,544.74,2,1
833.44,0.4,167.68,665.77,2,0
732.38,0.4,104.43,627.95,2,1
760.18,0.4,109.54,650.64,2,0
706.95,0.4,131.95,575.0,2,1
572.19,0.2,90.14,482.05,1,1
618.89,0.2,76.32,542.56,1,0
667.53,0.2,117.41,550.13,1,0
709.71,0.4,142.27,567.44,2,0
826.66,0.4,213.84,612.82,2,0
700.92,0.4,118.35,582.56,2,1
791.51,0.4,140.86,650.64,2,1
714.89,0.4,86.95,627.95,2,1
507.67,0.0,65.62,442.05,0,1
444.71,0.0,32.92,411.79,0,0
687.2,0.2,167.32,519.87,1,0
670.02,0.2,127.46,542.56,1,1
447.9,0.0,36.11,411.79,0,0
455.61,0.0,43.81,411.79,0,0
1112.99,1.2,188.89,924.1,6,0
569.69,0.0,104.95,464.74,0,0
744.55,0.4,139.3,605.26,2,1
652.33,0.2,124.89,527.44,1,1
889.33,0.8,120.86,768.46,4,0
480.09,0.0,60.73,419.36,0,0
637.65,0.2,155.59,482.05,1,1
810.49,0.4,190.11,620.38,2,1
850.88,0.6,152.68,698.21,3,1
1281.24,1.6,216.62,1064.62,8,1
974.97,1.0,158.95,816.03,5,0
985.39,0.8,232.05,753.33,4,1
1217.87,1.2,263.51,954.36,6,1
1011.41,1.0,157.57,853.85,5,1
549.28,0.0,84.54,464.74,0,0
606.06,0.2,78.62,527.44,1,1
647.35,0.2,112.35,535.0,1,0
902.86,0.8,119.27,783.59,4,1
900.36,0.8,154.59,745.77,4,1
486.71,0.0,67.35,419.36,0,1
638.02,0.2,95.46,542.56,1,0
803.84,0.4,168.32,635.51,2,0
847.45,0.6,156.81,690.64,3,0
458.06,0.0,38.7,419.36,0,0
634.3,0.4,74.43,559.87,2,1
955.47,1.0,116.76,838.72,5,1
773.45,0.4,115.24,658.21,2,1
913.12,1.0,127.35,785.77,5,1
529.4,0.0,72.22,457.18,0,0
623.66,0.2,111.35,512.31,1,0
678.66,0.4,73.41,605.26,2,0
749.3,0.4,121.35,627.95,2,0
621.17,0.2,93.73,527.44,1,1
905.12,1.0,119.35,785.77,5,0
903.58,0.6,197.81,705.77,3,1
899.19,0.8,130.73,768.46,4,0
845.93,0.6,140.16,705.77,3,0
765.21,0.4,122.14,643.08,2,1
706.94,0.4,124.38,582.56,2,1
998.65,1.0,137.24,861.41,5,1
825.11,0.6,104.22,720.9,3,0
886.7,0.6,150.68,736.03,3,0
1007.11,0.8,238.65,768.46,4,1
869.75,0.6,186.68,683.08,3,1
728.49,0.4,100.54,627.95,2,1
737.84,0.4,117.46,620.38,2,1
1054.6,1.0,193.19,861.41,5,1
835.1,0.6,144.46,690.64,3,0
869.04,0.6,155.7,713.33,3,0
1043.71,1.2,149.86,893.85,6,0
916.86,0.6,173.27,743.59,3,0
1014.63,0.8,200.78,813.85,4,1
777.98,0.6,110.03,667.95,3,1
955.71,0.8,141.86,813.85,4,1
956.78,0.8,173.19,783.59,4,1
929.27,0.8,145.68,783.59,4,1
1327.56,1.8,162.43,1165.13,9,1
652.02,0.4,54.32,597.69,2,0
782.05,0.6,106.54,675.51,3,1
497.67,0.0,55.62,442.05,0,1
693.45,0.4,95.76,597.69,2,1
846.37,0.4,248.68,597.69,2,0
886.4,0.6,135.24,751.15,3,1
726.07,0.4,128.38,597.69,2,0
709.82,0.4,89.43,620.38,2,0
638.98,0.2,111.54,527.44,1,1
549.18,0.0,84.43,464.74,0,0
714.41,0.6,54.03,660.38,3,1
794.79,0.6,134.41,660.38,3,0
1046.23,1.2,114.57,931.67,6,1
610.03,0.2,75.03,535.0,1,1
732.72,0.4,127.46,605.26,2,1
714.29,0.2,156.59,557.69,1,1
1040.54,0.8,204.0,836.54,4,0
862.58,0.8,109.24,753.33,4,0
1024.87,1.0,163.46,861.41,5,1
872.21,0.6,174.0,698.21,3,1
613.03,0.2,78.03,535.0,1,1
719.98,0.4,107.16,612.82,2,1
612.73,0.2,77.73,535.0,1,1
921.33,0.8,152.86,768.46,4,0
664.81,0.2,122.24,542.56,1,0
848.26,0.6,142.49,705.77,3,1
765.89,0.4,130.38,635.51,2,1
581.68,0.0,147.19,434.49,0,0
850.68,0.6,137.35,713.33,3,1
488.19,0.0,53.7,434.49,0,0
866.47,0.6,145.57,720.9,3,1
696.94,0.2,154.38,542.56,1,0
712.8,0.4,107.54,605.26,2,1
916.54,0.8,148.08,768.46,4,1
564.01,0.0,99.27,464.74,0,0
579.71,0.2,67.41,512.31,1,1
849.31,0.6,135.97,713.33,3,0
776.92,0.6,56.03,720.9,3,1
617.09,0.2,104.78,512.31,1,1
798.11,0.6,130.16,667.95,3,1
728.37,0.4,130.68,597.69,2,1
771.88,0.2,221.76,550.13,1,0
565.66,0.2,60.92,504.74,1,1
668.24,0.4,93.24,575.0,2,1
742.04,0.6,89.22,652.82,3,1
848.09,0.6,134.76,713.33,3,0
860.39,0.4,194.62,665.77,2,1
884.58,0.6,178.81,705.77,3,0
741.69,0.4,144.0,597.69,2,1
568.64,0.2,79.03,489.62,1,1
447.71,0.0,35.92,411.79,0,0
720.53,0.4,115.27,605.26,2,0
436.5,0.0,24.7,411.79,0,0
867.98,0.6,200.03,667.95,3,0
653.16,0.2,118.16,535.0,1,0
828.38,0.6,152.86,675.51,3,1
956.64,0.8,165.49,791.15,4,1
809.79,0.6,141.84,667.95,3,0
925.69,1.0,79.41,846.28,5,1
454.47,0.0,35.11,419.36,0,0
562.26,0.2,57.51,504.74,1,1
661.7,0.4,79.14,582.56,2,0
716.8,0.2,166.68,550.13,1,1
934.76,1.0,118.73,816.03,5,0
766.29,0.4,183.73,582.56,2,0
651.05,0.4,60.92,590.13,2,1
677.15,0.2,119.46,557.69,1,0
790.66,0.4,132.46,658.21,2,0
839.25,0.6,171.3,667.95,3,1
784.84,0.6,124.46,660.38,3,0
667.13,0.2,124.57,542.56,1,1
825.24,0.8,102.16,723.08,4,1
831.19,0.4,188.11,643.08,2,0
1008.42,1.0,169.7,838.72,5,1
967.3,1.0,98.32,868.97,5,0
1312.22,1.6,209.78,1102.44,8,0
816.75,0.4,166.11,650.64,2,0
564.8,0.0,100.05,464.74,0,1
982.79,1.0,128.95,853.85,5,0
669.08,0.2,134.08,535.0,1,0
500.11,0.0,65.62,434.49,0,1
697.76,0.6,82.76,615.0,3,1
648.35,0.2,113.35,535.0,1,0
815.44,0.6,147.49,667.95,3,0
704.99,0.6,59.73,645.26,3,0
461.58,0.0,42.22,419.36,0,0
863.19,0.6,180.11,683.08,3,0
721.29,0.2,163.59,557.69,1,1
1410.3,1.8,207.35,1202.95,9,0
818.37,0.4,175.3,643.08,2,1
831.42,0.6,140.78,690.64,3,1
674.12,0.2,108.86,565.26,1,1
577.89,0.2,95.84,482.05,1,1
906.91,0.8,168.7,738.21,4,1
621.97,0.2,71.84,550.13,1,0
562.52,0.2,50.22,512.31,1,1
664.22,0.4,104.35,559.87,2,1
886.85,0.8,141.08,745.77,4,1
620.96,0.2,123.78,497.18,1,1
679.75,0.2,122.05,557.69,1,1
899.77,0.6,186.43,713.33,3,1
811.26,0.4,145.49,665.77,2,1
878.08,0.8,102.05,776.03,4,1
887.59,0.8,96.43,791.15,4,1
686.02,0.4,103.46,582.56,2,1
806.44,0.6,93.11,713.33,3,0
558.74,0.0,94.0,464.74,0,0
832.26,0.6,134.05,698.21,3,1
734.96,0.6,82.14,652.82,3,1
760.16,0.4,124.65,635.51,2,1
675.59,0.2,125.46,550.13,1,0
1188.97,1.4,164.35,1024.62,7,1
718.98,0.4,106.16,612.82,2,0
862.15,0.6,156.38,705.77,3,1
812.88,0.4,154.68,658.21,2,0
980.6,1.0,179.7,800.9,5,1
1159.31,1.2,265.46,893.85,6,0
858.89,0.6,190.95,667.95,3,1
930.16,0.6,201.7,728.46,3,0
545.74,0.0,73.43,472.31,0,1
652.55,0.2,132.68,519.87,1,0
784.7,0.4,149.19,635.51,2,0
793.4,0.4,142.76,650.64,2,0
730.91,0.4,125.65,605.26,2,1
523.19,0.0,81.14,442.05,0,0
