"Total_Cost","Ratio_Reloc_Prod","Horiz_Cost","Vert_Cost","nReloc","non_Optimal"
232212.58,0.4287,39823.58,192389.06,643,300
764.5,0.4,98.73,665.77,2,1
520.37,0.0,55.62,464.74,0,1
748.56,0.4,90.35,658.21,2,1
808.97,0.4,165.89,643.08,2,1
788.27,0.4,152.76,635.51,2,1
902.76,0.8,141.86,760.9,4,1
755.1,0.4,104.46,650.64,2,1
817.22,0.6,96.32,720.9,3,1
681.35,0.2,153.92,527.44,1,1
681.74,0.4,68.92,612.82,2,1
793.65,0.4,165.7,627.95,2,1
983.4,0.8,192.24,791.15,4,1
717.66,0.2,152.41,565.26,1,1
960.13,0.8,168.97,791.15,4,1
767.24,0.4,124.16,643.08,2,1
540.37,0.0,75.62,464.74,0,1
515.21,0.0,58.03,457.18,0,1
815.04,0.6,116.84,698.21,3,1
876.45,0.4,218.24,658.21,2,1
550.52,0.0,78.22,472.31,0,1
759.94,0.4,116.86,643.08,2,1
1049.48,1.0,165.38,884.1,5,1
950.2,0.8,204.43,745.77,4,1
1357.75,1.6,225.05,1132.69,8,1
937.37,0.6,186.22,751.15,3,1
511.91,0.0,54.73,457.18,0,1
765.0,0.4,129.49,635.51,2,1
695.7,0.4,113.14,582.56,2,1
981.74,0.8,167.89,813.85,4,1
615.28,0.2,50.03,565.26,1,1
925.35,0.8,156.89,768.46,4,1
643.57,0.2,108.57,535.0,1,1
937.02,0.8,198.81,738.21,4,1
865.49,0.6,129.46,736.03,3,1
628.54,0.2,93.54,535.0,1,1
834.8,0.4,176.59,658.21,2,1
600.37,0.0,143.19,457.18,0,1
699.05,0.2,148.92,550.13,1,1
536.97,0.0,87.35,449.62,0,1
986.65,1.0,125.24,861.41,5,1
926.72,0.6,168.0,758.72,3,1
661.8,0.2,96.54,565.26,1,1
1154.44,1.0,247.65,906.79,5,1
712.13,0.2,162.0,550.13,1,1
664.78,0.2,114.65,550.13,1,1
1018.59,0.8,242.57,776.03,4,1
494.27,0.0,52.22,442.05,0,1
678.97,0.2,143.97,535.0,1,1
745.59,0.6,62.51,683.08,3,1
1051.29,1.0,220.14,831.15,5,1
921.65,0.6,193.19,728.46,3,1
521.02,0.0,71.41,449.62,0,1
723.72,0.4,65.51,658.21,2,1
641.67,0.2,91.54,550.13,1,1
831.12,0.4,172.92,658.21,2,1
791.99,0.6,101.35,690.64,3,1
741.32,0.4,98.24,643.08,2,1
717.41,0.4,97.03,620.38,2,1
665.86,0.2,130.86,535.0,1,1
732.38,0.6,72.0,660.38,3,1
700.67,0.2,142.97,557.69,1,1
665.15,0.2,107.46,557.69,1,1
951.03,0.8,182.57,768.46,4,1
760.29,0.4,109.65,650.64,2,1
893.63,0.6,180.3,713.33,3,1
1002.66,0.8,143.43,859.23,4,1
628.94,0.2,71.24,557.69,1,1
590.23,0.0,133.05,457.18,0,1
776.86,0.6,86.22,690.64,3,1
794.66,0.4,136.46,658.21,2,1
887.41,0.6,166.51,720.9,3,1
604.25,0.2,91.95,512.31,1,1
525.59,0.0,83.54,442.05,0,1
1033.36,1.0,179.51,853.85,5,1
945.62,0.8,169.59,776.03,4,1
863.68,0.6,142.78,720.9,3,1
975.83,0.6,217.11,758.72,3,1
643.73,0.2,108.73,535.0,1,1
882.14,0.6,153.68,728.46,3,1
1035.05,1.0,150.95,884.1,5,1
854.48,0.6,103.32,751.15,3,1
831.05,0.4,180.41,650.64,2,1
804.36,0.4,138.59,665.77,2,1
785.93,0.4,120.16,665.77,2,1
670.98,0.2,151.11,519.87,1,1
819.16,0.4,191.22,627.95,2,1
531.55,0.0,66.81,464.74,0,1
535.96,0.0,71.22,464.74,0,1
589.0,0.2,54.0,535.0,1,1
734.69,0.4,121.86,612.82,2,1
514.16,0.0,72.11,442.05,0,1
829.91,0.4,171.7,658.21,2,1
744.86,0.4,109.35,635.51,2,1
1060.32,0.8,216.22,844.1,4,1
687.53,0.2,129.84,557.69,1,1
597.82,0.0,133.08,464.74,0,1
832.22,0.6,111.32,720.9,3,1
861.8,0.6,163.59,698.21,3,1
519.51,0.0,77.46,442.05,0,1
667.04,0.2,109.35,557.69,1,1
1213.99,1.2,221.81,992.18,6,1
957.71,0.4,284.38,673.33,2,1
565.85,0.0,93.54,472.31,0,1
854.2,0.6,140.86,713.33,3,1
733.84,0.4,113.46,620.38,2,1
713.68,0.4,85.73,627.95,2,1
501.41,0.0,66.92,434.49,0,1
534.84,0.0,100.35,434.49,0,1
719.74,0.4,99.35,620.38,2,1
901.89,0.8,125.86,776.03,4,1
527.18,0.0,62.43,464.74,0,1
739.84,0.4,119.46,620.38,2,1
737.03,0.4,116.65,620.38,2,1
842.2,0.6,128.86,713.33,3,1
639.58,0.2,74.32,565.26,1,1
943.17,0.6,229.84,713.33,3,1
705.67,0.4,107.97,597.69,2,1
660.86,0.2,125.86,535.0,1,1
1009.51,1.0,132.97,876.54,5,1
1137.57,1.2,221.03,916.54,6,1
504.22,0.0,69.73,434.49,0,1
821.22,0.4,200.84,620.38,2,1
985.39,1.0,131.54,853.85,5,1
679.75,0.2,137.19,542.56,1,1
756.37,0.6,65.73,690.64,3,1
924.78,0.6,181.19,743.59,3,1
710.81,0.4,67.73,643.08,2,1
557.88,0.0,93.14,464.74,0,1
766.06,0.4,145.68,620.38,2,1
589.84,0.2,62.41,527.44,1,1
867.54,0.6,192.03,675.51,3,1
845.0,0.6,108.97,736.03,3,1
814.75,0.6,116.54,698.21,3,1
962.92,0.8,186.89,776.03,4,1
592.39,0.0,120.08,472.31,0,1
748.77,0.2,183.51,565.26,1,1
612.05,0.2,61.92,550.13,1,1
696.51,0.2,146.38,550.13,1,1
805.59,0.6,62.0,743.59,3,1
466.39,0.0,47.03,419.36,0,1
844.62,0.6,116.16,728.46,3,1
808.91,0.6,118.27,690.64,3,1
1086.95,0.8,257.97,828.97,4,1
764.02,0.4,120.95,643.08,2,1
846.16,0.6,110.14,736.03,3,1
730.17,0.4,117.35,612.82,2,1
816.82,0.6,111.05,705.77,3,1
790.26,0.6,99.62,690.64,3,1
858.2,0.6,144.86,713.33,3,1
678.18,0.2,128.05,550.13,1,1
719.79,0.4,106.97,612.82,2,1
649.0,0.2,121.57,527.44,1,1
830.72,0.6,124.95,705.77,3,1
786.07,0.4,180.81,605.26,2,1
1003.26,0.8,204.54,798.72,4,1
565.64,0.0,108.46,457.18,0,1
612.61,0.2,54.92,557.69,1,1
619.91,0.2,62.22,557.69,1,1
607.39,0.2,102.65,504.74,1,1
713.09,0.4,100.27,612.82,2,1
1005.71,0.8,199.43,806.28,4,1
824.47,0.6,111.14,713.33,3,1
783.99,0.4,133.35,650.64,2,1
895.97,0.6,159.95,736.03,3,1
867.73,0.6,139.27,728.46,3,1
719.19,0.4,91.24,627.95,2,1
826.36,0.6,105.46,720.9,3,1
1017.06,0.8,203.22,813.85,4,1
1254.55,1.2,254.81,999.74,6,1
718.42,0.2,145.59,572.82,1,1
687.99,0.2,137.86,550.13,1,1
603.43,0.2,68.43,535.0,1,1
707.37,0.2,149.68,557.69,1,1
521.4,0.0,79.35,442.05,0,1
830.48,0.6,147.41,683.08,3,1
957.6,1.0,103.76,853.85,5,1
918.32,0.8,127.16,791.15,4,1
887.83,0.4,244.76,643.08,2,1
836.52,0.4,163.19,673.33,2,1
740.34,0.2,175.08,565.26,1,1
549.78,0.0,100.16,449.62,0,1
705.41,0.2,170.41,535.0,1,1
783.84,0.4,155.89,627.95,2,1
560.23,0.2,47.92,512.31,1,1
699.34,0.2,149.22,550.13,1,1
599.34,0.0,134.59,464.74,0,1
714.6,0.4,86.65,627.95,2,1
590.65,0.2,63.22,527.44,1,1
981.01,1.0,127.16,853.85,5,1
569.7,0.0,120.08,449.62,0,1
872.72,0.6,182.08,690.64,3,1
1242.36,1.2,288.0,954.36,6,1
1075.6,1.0,214.19,861.41,5,1
531.33,0.0,59.03,472.31,0,1
729.7,0.4,86.62,643.08,2,1
637.17,0.2,124.86,512.31,1,1
644.45,0.2,94.32,550.13,1,1
575.89,0.0,126.27,449.62,0,1
682.34,0.4,84.65,597.69,2,1
1260.5,1.4,228.32,1032.18,7,1
924.0,0.6,180.41,743.59,3,1
601.79,0.2,74.35,527.44,1,1
518.69,0.0,61.51,457.18,0,1
1090.32,0.8,246.22,844.1,4,1
699.14,0.2,118.76,580.38,1,1
660.57,0.2,125.57,535.0,1,1
656.34,0.2,98.65,557.69,1,1
613.81,0.2,78.81,535.0,1,1
772.61,0.2,207.35,565.26,1,1
839.5,0.6,126.16,713.33,3,1
849.44,0.6,143.68,705.77,3,1
947.73,1.0,86.32,861.41,5,1
746.76,0.4,111.24,635.51,2,1
544.35,0.0,109.86,434.49,0,1
551.22,0.0,124.3,426.92,0,1
646.02,0.4,48.32,597.69,2,1
609.0,0.2,74.0,535.0,1,1
1174.54,1.2,197.49,977.05,6,1
1435.52,1.6,333.08,1102.44,8,1
1176.03,1.0,246.54,929.49,5,1
689.85,0.2,132.16,557.69,1,1
934.62,0.6,191.03,743.59,3,1
914.23,0.6,216.03,698.21,3,1
655.48,0.2,105.35,550.13,1,1
978.82,0.6,265.49,713.33,3,1
1058.21,1.0,166.54,891.67,5,1
954.27,0.6,218.24,736.03,3,1
922.39,0.8,108.54,813.85,4,1
838.4,0.6,94.81,743.59,3,1
766.33,0.4,138.38,627.95,2,1
1067.78,0.8,231.24,836.54,4,1
1180.12,1.0,265.76,914.36,5,1
754.85,0.2,182.03,572.82,1,1
1090.7,1.0,206.59,884.1,5,1
1086.0,1.0,164.08,921.92,5,1
689.43,0.2,139.3,550.13,1,1
595.54,0.2,68.11,527.44,1,1
928.44,0.6,207.54,720.9,3,1
764.64,0.2,206.95,557.69,1,1
794.37,0.4,151.3,643.08,2,1
710.63,0.4,90.24,620.38,2,1
731.44,0.4,111.05,620.38,2,1
880.77,0.6,175.0,705.77,3,1
856.67,0.4,206.03,650.64,2,1
691.58,0.2,118.76,572.82,1,1
783.56,0.4,140.49,643.08,2,1
554.69,0.0,89.95,464.74,0,1
770.43,0.4,127.35,643.08,2,1
564.91,0.0,107.73,457.18,0,1
1001.25,1.2,99.84,901.41,6,1
745.57,0.4,125.19,620.38,2,1
625.31,0.2,67.62,557.69,1,1
649.07,0.2,98.95,550.13,1,1
630.46,0.2,95.46,535.0,1,1
660.45,0.2,102.76,557.69,1,1
721.64,0.2,171.51,550.13,1,1
792.22,0.4,156.7,635.51,2,1
767.6,0.4,154.78,612.82,2,1
639.03,0.2,119.16,519.87,1,1
1044.99,0.8,246.27,798.72,4,1
1099.15,1.0,207.49,891.67,5,1
632.91,0.2,75.22,557.69,1,1
967.12,0.8,168.41,798.72,4,1
617.24,0.2,67.11,550.13,1,1
745.64,0.4,87.43,658.21,2,1
523.94,0.0,74.32,449.62,0,1
671.61,0.2,106.35,565.26,1,1
610.58,0.0,153.41,457.18,0,1
704.84,0.4,69.32,635.51,2,1
708.22,0.4,87.84,620.38,2,1
510.42,0.0,38.11,472.31,0,1
898.72,0.8,100.0,798.72,4,1
708.91,0.2,151.22,557.69,1,1
941.19,0.8,180.3,760.9,4,1
988.63,1.0,134.78,853.85,5,1
593.18,0.0,136.0,457.18,0,1
639.53,0.2,81.84,557.69,1,1
626.62,0.2,91.62,535.0,1,1
738.38,0.6,78.0,660.38,3,1
626.07,0.2,75.95,550.13,1,1
910.0,0.6,181.54,728.46,3,1
735.3,0.2,207.86,527.44,1,1
618.56,0.2,76.0,542.56,1,1
674.41,0.2,146.97,527.44,1,1
492.38,0.0,50.32,442.05,0,1
828.18,0.4,177.54,650.64,2,1
892.61,0.6,186.84,705.77,3,1
667.54,0.2,124.97,542.56,1,1
710.54,0.4,75.03,635.51,2,1
622.97,0.2,72.84,550.13,1,1
698.09,0.2,132.84,565.26,1,1
724.42,0.4,119.16,605.26,2,1
832.03,0.4,211.65,620.38,2,1
838.43,0.6,102.41,736.03,3,1
777.73,0.4,149.78,627.95,2,1
771.52,0.4,143.57,627.95,2,1
466.63,0.0,39.7,426.92,0,1
762.57,0.4,142.19,620.38,2,1
762.82,0.4,150.0,612.82,2,1
737.86,0.4,87.22,650.64,2,1
