"Total_Cost","Ratio_Reloc_Prod","Horiz_Cost","Vert_Cost","nReloc","non_Optimal"
231739.74,0.3967,43260.17,188479.7,595,133
896.49,0.6,122.65,773.85,3,0
679.87,0.2,107.05,572.82,1,1
905.21,0.6,154.05,751.15,3,1
844.42,0.6,153.78,690.64,3,0
635.31,0.2,77.62,557.69,1,0
554.12,0.0,74.24,479.87,0,1
696.37,0.2,138.68,557.69,1,0
781.87,0.4,153.92,627.95,2,0
766.49,0.4,130.97,635.51,2,0
532.47,0.0,67.73,464.74,0,1
687.98,0.4,60.03,627.95,2,0
939.31,0.6,180.59,758.72,3,0
918.42,0.8,127.27,791.15,4,0
926.02,0.6,182.43,743.59,3,0
767.14,0.4,139.19,627.95,2,0
494.43,0.0,44.81,449.62,0,1
622.1,0.2,79.54,542.56,1,0
769.54,0.4,141.59,627.95,2,0
680.47,0.2,160.59,519.87,1,1
678.72,0.2,113.46,565.26,1,0
717.96,0.4,105.14,612.82,2,0
772.94,0.4,129.86,643.08,2,0
785.63,0.2,220.38,565.26,1,1
1442.05,1.6,324.49,1117.56,8,1
681.08,0.2,146.08,535.0,1,0
654.36,0.2,89.11,565.26,1,0
1246.94,1.2,262.32,984.62,6,1
676.5,0.2,111.24,565.26,1,0
791.03,0.4,163.08,627.95,2,0
856.36,0.4,190.59,665.77,2,0
865.24,0.6,121.65,743.59,3,0
667.73,0.2,140.3,527.44,1,1
638.06,0.2,118.19,519.87,1,1
637.65,0.4,70.22,567.44,2,1
997.17,0.8,190.89,806.28,4,0
961.8,0.6,203.08,758.72,3,0
648.61,0.2,90.92,557.69,1,1
627.54,0.2,92.54,535.0,1,1
439.5,0.0,27.7,411.79,0,1
615.38,0.0,173.32,442.05,0,1
1041.54,1.0,217.95,823.59,5,0
790.05,0.4,146.97,643.08,2,1
574.96,0.2,70.22,504.74,1,1
758.96,0.4,100.76,658.21,2,0
693.85,0.2,136.16,557.69,1,0
649.86,0.2,114.86,535.0,1,0
642.91,0.2,85.22,557.69,1,1
920.36,0.6,207.03,713.33,3,0
902.95,0.6,189.62,713.33,3,1
707.63,0.2,142.38,565.26,1,0
931.9,0.6,226.14,705.77,3,0
739.13,0.4,96.05,643.08,2,0
667.94,0.2,110.24,557.69,1,1
561.58,0.0,96.84,464.74,0,0
1027.15,0.6,260.86,766.28,3,0
675.05,0.2,140.05,535.0,1,0
845.5,0.6,132.16,713.33,3,0
795.24,0.4,152.16,643.08,2,0
741.79,0.4,128.97,612.82,2,0
725.72,0.2,175.59,550.13,1,0
880.34,0.8,142.14,738.21,4,1
680.8,0.2,130.68,550.13,1,0
1071.07,1.0,232.35,838.72,5,0
1061.11,0.8,232.14,828.97,4,0
944.44,0.6,231.11,713.33,3,1
1006.91,0.8,208.19,798.72,4,1
683.82,0.2,103.43,580.38,1,0
1025.23,0.4,488.05,537.18,2,1
762.28,0.4,149.46,612.82,2,1
924.44,0.8,118.16,806.28,4,1
1126.41,1.0,257.43,868.97,5,0
894.13,0.6,211.05,683.08,3,1
561.47,0.0,96.73,464.74,0,0
486.11,0.0,51.62,434.49,0,1
608.5,0.2,50.81,557.69,1,1
893.49,0.6,172.59,720.9,3,1
978.99,0.6,227.84,751.15,3,0
644.9,0.2,117.46,527.44,1,0
758.49,0.4,122.97,635.51,2,1
641.83,0.2,99.27,542.56,1,0
680.69,0.2,123.0,557.69,1,0
868.74,0.8,122.97,745.77,4,1
782.65,0.6,122.27,660.38,3,0
670.82,0.2,105.57,565.26,1,1
1142.67,1.0,311.51,831.15,5,0
875.11,0.6,139.08,736.03,3,0
990.53,0.8,191.81,798.72,4,0
637.44,0.2,117.57,519.87,1,0
708.99,0.4,103.73,605.26,2,0
636.63,0.0,164.32,472.31,0,1
793.67,0.4,158.16,635.51,2,0
850.97,0.6,167.89,683.08,3,1
901.57,0.6,173.11,728.46,3,1
676.61,0.2,111.35,565.26,1,1
639.79,0.2,112.35,527.44,1,1
1067.71,1.2,166.3,901.41,6,0
598.8,0.0,149.19,449.62,0,0
803.97,0.4,168.46,635.51,2,0
915.68,0.8,154.78,760.9,4,0
954.09,0.8,193.19,760.9,4,0
730.3,0.4,102.35,627.95,2,1
988.9,0.8,175.05,813.85,4,0
655.61,0.2,97.92,557.69,1,0
706.22,0.4,85.84,620.38,2,1
708.26,0.2,150.57,557.69,1,0
523.94,0.0,74.32,449.62,0,0
570.72,0.0,113.54,457.18,0,0
660.68,0.4,93.24,567.44,2,0
1189.08,1.2,219.59,969.49,6,1
807.71,0.4,134.38,673.33,2,0
737.91,0.4,132.65,605.26,2,0
779.66,0.4,174.41,605.26,2,1
806.21,0.4,148.0,658.21,2,1
647.28,0.2,82.03,565.26,1,1
927.9,0.4,262.14,665.77,2,0
825.61,0.4,220.35,605.26,2,0
834.48,0.6,151.41,683.08,3,0
532.07,0.0,67.32,464.74,0,0
707.07,0.4,116.95,590.13,2,1
567.11,0.2,32.11,535.0,1,1
649.62,0.2,107.05,542.56,1,0
834.63,0.4,214.24,620.38,2,0
955.05,0.6,264.41,690.64,3,1
582.72,0.0,117.97,464.74,0,0
823.21,0.6,132.57,690.64,3,1
862.05,0.6,178.97,683.08,3,1
910.25,0.6,196.92,713.33,3,0
1208.13,0.8,477.49,730.64,4,1
1041.39,0.8,242.68,798.72,4,1
979.96,0.8,173.68,806.28,4,1
676.91,0.2,111.65,565.26,1,0
901.43,0.6,172.97,728.46,3,0
794.81,0.4,159.3,635.51,2,1
821.96,0.4,156.19,665.77,2,0
915.98,0.6,202.65,713.33,3,1
788.16,0.4,145.08,643.08,2,1
672.13,0.2,129.57,542.56,1,0
1036.02,0.6,345.38,690.64,3,1
728.48,0.4,77.84,650.64,2,0
715.45,0.2,150.19,565.26,1,0
1003.07,0.6,297.3,705.77,3,0
688.98,0.2,116.16,572.82,1,0
658.8,0.2,93.54,565.26,1,0
523.59,0.0,81.54,442.05,0,1
906.32,0.6,170.3,736.03,3,1
487.76,0.0,60.84,426.92,0,1
538.4,0.0,96.35,442.05,0,1
521.48,0.0,79.43,442.05,0,1
569.5,0.2,72.32,497.18,1,0
628.27,0.2,100.84,527.44,1,1
635.32,0.4,60.32,575.0,2,1
651.4,0.2,108.84,542.56,1,1
608.41,0.2,73.41,535.0,1,0
490.81,0.0,56.32,434.49,0,1
666.23,0.2,108.54,557.69,1,0
501.41,0.0,66.92,434.49,0,0
595.11,0.2,60.11,535.0,1,0
1001.13,0.6,265.11,736.03,3,0
820.47,0.4,139.57,680.9,2,0
808.78,0.4,165.7,643.08,2,1
852.1,0.4,193.89,658.21,2,0
636.61,0.2,78.92,557.69,1,0
865.37,0.6,182.3,683.08,3,0
1000.88,0.6,242.16,758.72,3,0
1032.29,0.8,241.14,791.15,4,0
569.2,0.0,104.46,464.74,0,0
645.71,0.0,165.84,479.87,0,1
554.09,0.0,89.35,464.74,0,1
726.51,0.4,83.43,643.08,2,1
748.75,0.4,105.68,643.08,2,0
957.89,0.6,229.43,728.46,3,0
721.15,0.2,155.89,565.26,1,0
720.53,0.2,155.27,565.26,1,0
526.86,0.0,84.81,442.05,0,0
648.23,0.2,90.54,557.69,1,0
627.42,0.2,69.73,557.69,1,1
682.54,0.2,147.54,535.0,1,1
730.59,0.4,79.95,650.64,2,1
689.34,0.2,124.08,565.26,1,1
677.06,0.2,157.19,519.87,1,1
985.19,0.8,148.65,836.54,4,1
880.75,0.6,137.16,743.59,3,1
878.61,0.6,180.41,698.21,3,0
934.52,0.6,213.62,720.9,3,1
677.28,0.2,112.03,565.26,1,0
802.0,0.6,134.05,667.95,3,1
676.77,0.2,103.95,572.82,1,1
656.69,0.2,91.43,565.26,1,1
926.29,0.6,167.57,758.72,3,0
708.37,0.2,150.68,557.69,1,0
879.97,0.6,189.32,690.64,3,0
777.33,0.4,149.38,627.95,2,0
814.69,0.2,257.0,557.69,1,1
814.37,0.4,156.16,658.21,2,0
1146.77,1.2,207.54,939.23,6,0
776.85,0.4,118.65,658.21,2,0
861.89,0.6,178.81,683.08,3,0
574.15,0.0,116.97,457.18,0,0
743.58,0.2,178.32,565.26,1,0
626.84,0.2,91.84,535.0,1,1
881.65,0.6,153.19,728.46,3,1
575.45,0.0,118.27,457.18,0,1
780.47,0.4,175.22,605.26,2,0
594.68,0.0,114.81,479.87,0,0
863.39,0.4,197.62,665.77,2,0
848.32,0.4,197.68,650.64,2,0
567.77,0.0,103.03,464.74,0,1
977.98,1.0,124.14,853.85,5,0
610.37,0.2,67.81,542.56,1,0
951.12,0.6,192.41,758.72,3,0
600.8,0.2,43.11,557.69,1,0
549.88,0.0,85.14,464.74,0,0
683.04,0.2,117.78,565.26,1,0
529.42,0.0,72.24,457.18,0,1
965.65,0.8,189.62,776.03,4,0
729.65,0.4,109.27,620.38,2,1
945.71,0.6,232.38,713.33,3,1
1229.15,1.2,229.41,999.74,6,0
773.21,0.6,90.14,683.08,3,1
683.61,0.2,118.35,565.26,1,0
929.48,0.8,145.89,783.59,4,1
930.55,0.6,164.27,766.28,3,0
1067.71,1.0,206.3,861.41,5,1
879.73,0.6,151.27,728.46,3,0
778.22,0.4,150.27,627.95,2,1
668.78,0.2,118.65,550.13,1,0
864.26,0.4,213.62,650.64,2,1
759.41,0.2,224.41,535.0,1,1
484.22,0.0,49.73,434.49,0,0
507.36,0.0,80.43,426.92,0,1
842.07,0.6,143.86,698.21,3,0
900.54,0.6,156.95,743.59,3,1
819.07,0.4,160.86,658.21,2,1
681.82,0.2,116.57,565.26,1,1
511.33,0.0,76.84,434.49,0,0
739.19,0.6,71.24,667.95,3,1
673.96,0.2,116.27,557.69,1,1
989.19,0.8,167.78,821.41,4,0
1183.37,1.0,284.14,899.23,5,0
850.55,0.4,177.22,673.33,2,1
531.0,0.0,88.95,442.05,0,1
667.36,0.2,147.49,519.87,1,1
617.43,0.2,82.43,535.0,1,1
945.38,1.0,144.49,800.9,5,1
794.22,0.6,73.32,720.9,3,0
803.18,0.6,112.54,690.64,3,1
659.43,0.2,116.86,542.56,1,0
646.31,0.2,88.62,557.69,1,1
912.56,0.6,161.41,751.15,3,0
564.78,0.0,115.16,449.62,0,1
473.2,0.0,53.84,419.36,0,1
909.63,0.8,103.35,806.28,4,1
977.8,0.8,186.65,791.15,4,1
1149.87,1.2,180.38,969.49,6,0
755.1,0.2,204.97,550.13,1,1
667.42,0.2,102.16,565.26,1,1
597.93,0.0,133.19,464.74,0,0
957.89,0.6,229.43,728.46,3,0
769.57,0.4,149.19,620.38,2,1
804.92,0.6,84.03,720.9,3,1
860.9,0.6,140.0,720.9,3,0
1196.6,1.2,227.11,969.49,6,0
610.1,0.2,52.41,557.69,1,1
891.37,0.6,147.78,743.59,3,1
841.08,0.6,158.0,683.08,3,1
828.1,0.4,169.89,658.21,2,1
565.89,0.0,131.41,434.49,0,0
1017.95,0.8,204.11,813.85,4,0
863.0,0.6,179.92,683.08,3,0
842.74,0.4,176.97,665.77,2,0
678.13,0.2,135.57,542.56,1,1
911.87,0.6,198.54,713.33,3,0
1122.99,0.8,271.32,851.67,4,0
605.84,0.0,110.84,495.0,0,0
837.66,0.6,124.32,713.33,3,1
722.56,0.2,180.0,542.56,1,0
832.43,0.4,196.92,635.51,2,0
561.37,0.0,96.62,464.74,0,0
795.07,0.4,136.86,658.21,2,0
855.29,0.4,197.08,658.21,2,1
501.83,0.0,52.22,449.62,0,1
740.64,0.4,82.43,658.21,2,0
699.45,0.2,134.19,565.26,1,0
700.88,0.4,110.76,590.13,2,0
838.22,0.4,202.7,635.51,2,0
742.82,0.2,170.0,572.82,1,0
857.27,0.6,121.24,736.03,3,1
690.56,0.2,132.86,557.69,1,1
543.34,0.0,86.16,457.18,0,1
686.7,0.4,104.14,582.56,2,1
712.39,0.4,107.14,605.26,2,1
1010.49,1.0,194.46,816.03,5,0
598.84,0.0,118.97,479.87,0,1
957.67,0.6,206.51,751.15,3,0
527.05,0.0,77.43,449.62,0,1
527.1,0.0,69.92,457.18,0,0
570.27,0.0,135.78,434.49,0,1
830.41,0.6,117.08,713.33,3,0
513.19,0.0,71.14,442.05,0,0
850.0,0.6,121.54,728.46,3,1
