"Total_Cost","Ratio_Reloc_Prod","Horiz_Cost","Vert_Cost","nReloc","non_Optimal"
257700.65,0.4407,65370.78,192330.01,661,234
801.79,0.4,128.46,673.33,2,1
1169.44,1.0,255.08,914.36,5,1
1141.06,1.0,226.7,914.36,5,1
742.94,0.4,99.86,643.08,2,0
773.72,0.6,75.51,698.21,3,1
644.07,0.2,93.95,550.13,1,0
903.63,0.6,182.73,720.9,3,1
664.75,0.2,107.05,557.69,1,1
734.32,0.4,91.24,643.08,2,1
1105.33,1.0,236.35,868.97,5,1
835.5,0.6,122.16,713.33,3,1
701.27,0.4,73.32,627.95,2,1
686.31,0.4,88.62,597.69,2,1
1152.65,1.0,283.68,868.97,5,1
801.99,0.6,96.22,705.77,3,1
528.66,0.0,63.92,464.74,0,0
898.83,0.6,200.62,698.21,3,1
1031.54,0.8,247.95,783.59,4,1
799.65,0.6,124.14,675.51,3,1
853.22,0.4,225.27,627.95,2,1
1185.18,0.8,394.03,791.15,4,1
945.61,0.6,186.89,758.72,3,0
740.64,0.4,97.57,643.08,2,1
850.44,0.6,144.68,705.77,3,1
758.32,0.4,115.24,643.08,2,1
979.17,0.6,212.89,766.28,3,0
756.93,0.4,151.68,605.26,2,1
693.24,0.2,150.68,542.56,1,1
826.35,0.4,183.27,643.08,2,1
1032.59,0.6,296.57,736.03,3,1
652.6,0.2,125.16,527.44,1,0
543.29,0.0,86.11,457.18,0,0
864.03,0.4,228.51,635.51,2,1
668.5,0.2,103.24,565.26,1,1
1155.8,0.8,357.08,798.72,4,1
936.27,0.6,207.81,728.46,3,1
1063.47,0.8,249.62,813.85,4,1
1013.05,0.6,277.03,736.03,3,1
584.96,0.0,127.78,457.18,0,0
957.92,0.6,221.89,736.03,3,1
683.59,0.2,141.03,542.56,1,1
657.69,0.2,92.43,565.26,1,1
532.37,0.0,67.62,464.74,0,1
883.37,0.6,185.16,698.21,3,1
892.22,0.4,264.27,627.95,2,1
672.34,0.2,114.65,557.69,1,0
990.54,0.8,214.51,776.03,4,1
655.83,0.2,98.14,557.69,1,0
804.89,0.4,169.38,635.51,2,1
909.94,0.4,327.38,582.56,2,1
1510.73,1.2,548.81,961.92,6,1
1202.19,0.8,380.78,821.41,4,1
658.83,0.2,101.14,557.69,1,1
658.58,0.0,193.84,464.74,0,1
520.53,0.0,70.92,449.62,0,0
703.53,0.2,138.27,565.26,1,1
508.81,0.0,74.32,434.49,0,1
659.16,0.2,124.16,535.0,1,1
868.23,0.2,310.54,557.69,1,1
553.46,0.0,118.97,434.49,0,1
750.81,0.2,223.38,527.44,1,1
876.08,0.4,233.0,643.08,2,0
636.41,0.2,101.41,535.0,1,0
536.21,0.0,79.03,457.18,0,1
1205.88,0.6,507.68,698.21,3,1
910.66,0.4,252.46,658.21,2,0
1007.96,0.4,349.76,658.21,2,1
1172.69,1.0,281.03,891.67,5,1
667.75,0.4,77.62,590.13,2,1
676.96,0.2,119.27,557.69,1,1
1220.67,0.8,490.03,730.64,4,1
536.23,0.0,63.92,472.31,0,0
650.83,0.2,108.27,542.56,1,1
744.2,0.2,178.95,565.26,1,1
675.45,0.4,85.32,590.13,2,1
463.36,0.0,44.0,419.36,0,0
1503.03,0.8,795.08,707.95,4,1
677.3,0.2,142.3,535.0,1,0
665.49,0.2,130.49,535.0,1,0
792.02,0.2,234.32,557.69,1,1
770.3,0.4,142.35,627.95,2,1
578.01,0.0,113.27,464.74,0,1
493.51,0.0,59.03,434.49,0,1
442.9,0.0,31.11,411.79,0,1
1066.98,1.2,165.57,901.41,6,1
1440.38,1.2,463.32,977.05,6,1
646.29,0.2,103.73,542.56,1,1
767.47,0.4,162.22,605.26,2,1
1292.19,0.8,516.16,776.03,4,1
806.82,0.2,226.43,580.38,1,1
1300.67,1.0,409.0,891.67,5,1
1566.69,1.8,386.43,1180.26,9,1
826.11,0.4,205.73,620.38,2,1
1222.68,1.0,353.7,868.97,5,1
572.85,0.0,100.54,472.31,0,0
798.01,0.4,132.24,665.77,2,0
627.72,0.0,178.11,449.62,0,0
1224.78,1.0,340.68,884.1,5,1
564.7,0.0,115.08,449.62,0,0
747.76,0.2,212.76,535.0,1,0
1471.3,0.8,710.41,760.9,4,1
779.47,0.4,219.59,559.87,2,1
845.49,0.6,117.03,728.46,3,1
444.2,0.0,32.41,411.79,0,0
777.52,0.4,164.7,612.82,2,1
556.43,0.0,106.81,449.62,0,0
608.51,0.2,73.51,535.0,1,1
744.32,0.4,161.76,582.56,2,1
1275.99,1.0,391.89,884.1,5,1
1113.77,0.6,400.43,713.33,3,1
724.69,0.2,151.86,572.82,1,0
1090.2,0.6,429.81,660.38,3,1
1061.81,0.8,232.84,828.97,4,1
828.35,0.4,200.41,627.95,2,1
981.31,0.6,222.59,758.72,3,1
693.37,0.2,135.68,557.69,1,0
787.15,0.4,181.89,605.26,2,1
956.88,0.2,444.57,512.31,1,1
659.82,0.2,87.0,572.82,1,1
1420.85,1.0,627.51,793.33,5,1
1148.61,0.8,342.32,806.28,4,1
935.17,0.6,229.41,705.77,3,1
781.26,0.2,223.57,557.69,1,1
937.35,0.6,193.76,743.59,3,1
741.19,0.2,198.62,542.56,1,1
735.57,0.4,100.05,635.51,2,1
826.67,0.4,183.59,643.08,2,1
1750.19,0.8,1027.11,723.08,4,1
536.49,0.0,56.62,479.87,0,0
1368.21,1.2,383.59,984.62,6,1
1181.73,0.6,513.78,667.95,3,1
1034.99,0.8,296.78,738.21,4,1
1025.33,0.8,211.49,813.85,4,1
858.55,0.6,152.78,705.77,3,0
742.43,0.6,66.92,675.51,3,1
1200.63,0.8,439.73,760.9,4,1
810.66,0.4,197.84,612.82,2,1
653.5,0.2,88.24,565.26,1,1
639.39,0.2,74.14,565.26,1,0
737.23,0.2,224.92,512.31,1,1
767.31,0.2,209.62,557.69,1,1
796.13,0.4,206.0,590.13,2,1
1642.98,1.4,709.14,933.85,7,1
679.47,0.2,106.65,572.82,1,1
1072.85,0.8,259.0,813.85,4,1
963.09,0.8,209.76,753.33,4,1
755.16,0.4,172.59,582.56,2,1
788.49,0.6,128.11,660.38,3,1
910.98,0.8,157.65,753.33,4,1
632.9,0.4,73.03,559.87,2,1
1328.87,0.8,560.41,768.46,4,1
1646.48,1.2,828.27,818.21,6,1
702.3,0.2,114.35,587.95,1,1
1006.33,0.8,177.35,828.97,4,1
661.16,0.2,111.03,550.13,1,0
533.29,0.0,76.11,457.18,0,1
696.96,0.2,139.27,557.69,1,0
1272.0,1.0,395.46,876.54,5,1
912.13,0.6,160.97,751.15,3,1
708.23,0.2,142.97,565.26,1,0
950.03,0.6,214.0,736.03,3,1
726.66,0.4,113.84,612.82,2,1
860.09,0.4,239.7,620.38,2,1
703.41,0.2,168.41,535.0,1,1
654.86,0.2,157.68,497.18,1,1
902.85,0.6,197.08,705.77,3,1
650.98,0.0,224.05,426.92,0,1
1145.32,1.2,168.27,977.05,6,1
724.71,0.2,197.27,527.44,1,1
914.07,0.4,248.3,665.77,2,0
664.11,0.2,136.68,527.44,1,0
618.56,0.2,68.43,550.13,1,1
1448.8,0.6,803.54,645.26,3,1
628.48,0.0,186.43,442.05,0,1
976.81,0.6,301.3,675.51,3,0
554.65,0.2,80.16,474.49,1,1
626.01,0.2,106.14,519.87,1,1
1199.47,0.8,393.19,806.28,4,1
964.33,0.6,235.86,728.46,3,1
941.81,0.6,205.78,736.03,3,1
801.67,0.4,158.59,643.08,2,1
862.26,0.6,164.05,698.21,3,1
601.23,0.0,136.49,464.74,0,1
825.26,0.4,167.05,658.21,2,1
788.78,0.4,153.27,635.51,2,1
556.66,0.0,84.35,472.31,0,0
1263.08,1.4,246.03,1017.05,7,1
1019.83,0.6,321.62,698.21,3,1
1272.75,1.2,288.14,984.62,6,1
759.95,0.4,86.62,673.33,2,0
674.03,0.2,146.59,527.44,1,0
849.94,0.6,106.35,743.59,3,1
843.62,0.6,175.68,667.95,3,1
893.62,0.6,157.59,736.03,3,1
1298.47,1.4,304.11,994.36,7,1
602.21,0.0,152.59,449.62,0,1
858.73,0.4,223.22,635.51,2,1
1361.85,1.4,314.54,1047.31,7,1
825.27,0.6,149.76,675.51,3,1
472.76,0.0,53.41,419.36,0,0
785.17,0.4,172.35,612.82,2,1
1063.26,0.8,219.16,844.1,4,0
684.37,0.2,126.68,557.69,1,1
808.63,0.2,243.38,565.26,1,1
943.81,0.6,207.78,736.03,3,1
887.67,0.4,237.03,650.64,2,1
993.84,0.6,333.46,660.38,3,1
1185.4,0.8,333.73,851.67,4,1
709.55,0.2,144.3,565.26,1,1
880.02,0.4,229.38,650.64,2,1
723.27,0.2,188.27,535.0,1,0
885.57,0.6,164.68,720.9,3,0
917.59,0.6,242.08,675.51,3,1
710.25,0.2,182.81,527.44,1,1
936.62,0.8,153.03,783.59,4,1
566.2,0.2,46.32,519.87,1,1
867.93,0.4,209.73,658.21,2,1
1182.04,1.0,335.76,846.28,5,1
992.39,0.6,226.11,766.28,3,0
952.92,0.6,232.03,720.9,3,1
1069.17,0.8,255.32,813.85,4,1
1085.95,0.8,272.11,813.85,4,1
1358.23,1.4,318.49,1039.74,7,1
1274.01,0.8,513.11,760.9,4,1
715.43,0.2,165.3,550.13,1,0
727.5,0.4,122.24,605.26,2,1
1138.0,0.8,422.49,715.51,4,1
570.8,0.0,106.05,464.74,0,0
803.65,0.4,175.7,627.95,2,1
658.5,0.2,93.24,565.26,1,1
803.86,0.4,160.78,643.08,2,1
836.91,0.4,178.7,658.21,2,1
1025.7,1.0,149.16,876.54,5,1
675.54,0.2,132.97,542.56,1,1
753.42,0.4,148.16,605.26,2,1
736.39,0.2,163.57,572.82,1,1
789.29,0.2,231.59,557.69,1,1
537.24,0.0,102.76,434.49,0,0
582.15,0.0,124.97,457.18,0,0
1359.75,0.8,682.05,677.69,4,1
994.53,0.2,444.41,550.13,1,1
554.37,0.0,89.62,464.74,0,0
821.15,0.4,155.38,665.77,2,0
657.69,0.2,92.43,565.26,1,1
662.02,0.2,104.32,557.69,1,0
784.66,0.4,126.46,658.21,2,1
616.41,0.2,96.54,519.87,1,1
988.56,0.6,290.35,698.21,3,1
1894.57,1.0,1093.68,800.9,5,1
751.49,0.2,171.11,580.38,1,1
925.4,0.4,274.76,650.64,2,0
1001.22,0.6,219.81,781.41,3,0
744.89,0.4,116.95,627.95,2,1
568.01,0.0,103.27,464.74,0,1
896.22,0.4,260.7,635.51,2,0
530.13,0.0,80.51,449.62,0,0
833.53,0.4,182.89,650.64,2,1
725.63,0.2,160.38,565.26,1,1
996.35,0.6,252.76,743.59,3,0
633.57,0.2,106.14,527.44,1,1
679.67,0.2,129.54,550.13,1,1
678.83,0.2,121.14,557.69,1,0
844.96,0.4,186.76,658.21,2,0
761.81,0.2,219.24,542.56,1,1
542.53,0.0,92.92,449.62,0,1
927.98,0.4,300.03,627.95,2,1
487.36,0.0,68.0,419.36,0,0
621.53,0.2,63.84,557.69,1,0
557.58,0.0,138.22,419.36,0,1
1313.45,0.8,514.73,798.72,4,1
1083.86,1.0,192.19,891.67,5,1
1104.47,0.8,305.76,798.72,4,1
682.63,0.2,117.38,565.26,1,0
475.62,0.0,26.0,449.62,0,1
870.43,0.2,335.43,535.0,1,1
1488.99,0.6,851.3,637.69,3,1
587.74,0.0,123.0,464.74,0,1
1366.27,1.0,429.22,937.05,5,1
683.7,0.2,133.57,550.13,1,1
663.39,0.2,98.14,565.26,1,0
932.73,0.4,297.22,635.51,2,1
556.42,0.0,99.24,457.18,0,1
1078.53,0.6,440.84,637.69,3,1
1476.75,0.4,894.19,582.56,2,1
921.15,0.6,215.38,705.77,3,1
548.78,0.0,106.73,442.05,0,1
503.12,0.0,83.76,419.36,0,0
805.75,0.4,162.68,643.08,2,1
1042.8,0.6,291.65,751.15,3,0
531.07,0.0,66.32,464.74,0,0
576.99,0.0,127.38,449.62,0,1
513.03,0.0,78.54,434.49,0,1
736.49,0.4,108.54,627.95,2,1
860.34,0.4,255.08,605.26,2,1
688.37,0.2,145.81,542.56,1,1
905.05,0.8,121.46,783.59,4,1
1114.17,0.4,501.35,612.82,2,1
1335.16,0.8,559.14,776.03,4,1
627.66,0.0,162.92,464.74,0,1
700.76,0.2,173.32,527.44,1,0
