"Total_Cost","Ratio_Reloc_Prod","Horiz_Cost","Vert_Cost","nReloc","non_Optimal"
226320.78,0.4487,34675.75,191645.04,673,300
620.74,0.2,47.92,572.82,1,1
671.7,0.2,136.7,535.0,1,1
1047.39,1.2,93.03,954.36,6,1
995.45,1.0,111.35,884.1,5,1
549.91,0.0,85.16,464.74,0,1
604.34,0.2,54.22,550.13,1,1
1335.98,1.4,288.68,1047.31,7,1
683.87,0.2,111.05,572.82,1,1
648.0,0.2,120.57,527.44,1,1
732.16,0.4,96.65,635.51,2,1
1276.06,1.2,314.14,961.92,6,1
727.86,0.4,92.35,635.51,2,1
866.32,0.6,115.16,751.15,3,1
605.85,0.2,93.54,512.31,1,1
1069.06,1.2,175.22,893.85,6,1
744.15,0.6,53.51,690.64,3,1
881.98,0.8,113.51,768.46,4,1
732.1,0.4,89.03,643.08,2,1
527.56,0.0,77.95,449.62,0,1
781.22,0.4,153.27,627.95,2,1
1128.05,1.2,158.57,969.49,6,1
1033.58,1.0,119.22,914.36,5,1
482.6,0.0,48.11,434.49,0,1
696.13,0.2,146.0,550.13,1,1
1060.0,1.0,198.59,861.41,5,1
568.36,0.0,96.05,472.31,0,1
635.91,0.2,78.22,557.69,1,1
1341.23,1.6,261.49,1079.74,8,1
893.75,0.6,142.59,751.15,3,1
515.09,0.0,88.16,426.92,0,1
937.27,0.6,201.24,736.03,3,1
499.08,0.0,57.03,442.05,0,1
695.06,0.2,167.62,527.44,1,1
634.08,0.4,51.51,582.56,2,1
614.84,0.2,79.84,535.0,1,1
881.67,0.6,191.03,690.64,3,1
694.77,0.4,81.95,612.82,2,1
788.51,0.4,153.0,635.51,2,1
626.06,0.2,113.76,512.31,1,1
503.13,0.0,53.51,449.62,0,1
839.59,0.4,196.51,643.08,2,1
664.33,0.2,136.89,527.44,1,1
564.31,0.0,99.57,464.74,0,1
595.74,0.2,83.43,512.31,1,1
769.86,0.6,79.22,690.64,3,1
642.11,0.2,114.68,527.44,1,1
518.75,0.0,69.14,449.62,0,1
641.37,0.2,98.81,542.56,1,1
903.84,0.6,167.81,736.03,3,1
883.16,0.8,99.57,783.59,4,1
1054.7,1.2,85.22,969.49,6,1
707.41,0.2,172.41,535.0,1,1
1016.95,1.0,147.97,868.97,5,1
1169.15,1.2,222.35,946.79,6,1
658.92,0.2,131.49,527.44,1,1
854.6,0.8,101.27,753.33,4,1
819.6,0.6,106.27,713.33,3,1
586.96,0.2,82.22,504.74,1,1
804.59,0.6,129.08,675.51,3,1
466.73,0.0,39.81,426.92,0,1
711.01,0.6,50.62,660.38,3,1
686.2,0.4,65.81,620.38,2,1
1003.91,1.0,165.19,838.72,5,1
974.12,0.8,160.27,813.85,4,1
485.46,0.0,43.41,442.05,0,1
933.2,0.6,174.49,758.72,3,1
489.92,0.0,63.0,426.92,0,1
748.74,0.4,128.35,620.38,2,1
869.16,0.8,93.14,776.03,4,1
752.43,0.4,109.35,643.08,2,1
465.7,0.0,31.22,434.49,0,1
606.14,0.2,71.14,535.0,1,1
672.75,0.4,82.62,590.13,2,1
526.91,0.0,69.73,457.18,0,1
730.98,0.4,118.16,612.82,2,1
828.68,0.6,100.22,728.46,3,1
715.84,0.4,80.32,635.51,2,1
797.15,0.6,98.95,698.21,3,1
497.62,0.0,48.0,449.62,0,1
1050.33,1.2,156.49,893.85,6,1
618.04,0.2,113.3,504.74,1,1
886.43,0.8,117.97,768.46,4,1
910.05,0.6,158.89,751.15,3,1
784.53,0.4,118.76,665.77,2,1
624.08,0.2,96.65,527.44,1,1
712.08,0.4,84.14,627.95,2,1
710.28,0.4,97.46,612.82,2,1
729.82,0.6,69.43,660.38,3,1
866.82,0.6,153.49,713.33,3,1
550.49,0.0,70.62,479.87,0,1
1221.38,1.4,204.32,1017.05,7,1
996.16,0.8,167.19,828.97,4,1
761.1,0.4,110.46,650.64,2,1
691.2,0.4,70.81,620.38,2,1
1045.27,0.8,208.73,836.54,4,1
497.43,0.0,47.81,449.62,0,1
597.97,0.2,55.41,542.56,1,1
808.18,0.6,109.97,698.21,3,1
565.01,0.0,100.27,464.74,0,1
537.13,0.0,79.95,457.18,0,1
502.38,0.0,60.32,442.05,0,1
607.87,0.2,80.43,527.44,1,1
602.54,0.2,75.11,527.44,1,1
931.51,0.6,187.92,743.59,3,1
767.4,0.4,131.89,635.51,2,1
807.56,0.6,109.35,698.21,3,1
673.53,0.4,75.84,597.69,2,1
679.74,0.2,167.43,512.31,1,1
916.54,0.6,180.51,736.03,3,1
958.41,0.8,144.57,813.85,4,1
639.43,0.2,104.43,535.0,1,1
781.56,0.4,123.35,658.21,2,1
945.91,0.8,147.19,798.72,4,1
880.09,0.6,174.32,705.77,3,1
717.46,0.4,81.95,635.51,2,1
892.55,0.6,247.3,645.26,3,1
566.06,0.2,38.62,527.44,1,1
870.14,0.8,109.24,760.9,4,1
749.98,0.6,82.03,667.95,3,1
572.34,0.0,115.16,457.18,0,1
653.52,0.4,40.7,612.82,2,1
622.55,0.0,157.81,464.74,0,1
523.84,0.0,89.35,434.49,0,1
625.19,0.2,82.62,542.56,1,1
950.08,0.8,181.62,768.46,4,1
498.22,0.0,63.73,434.49,0,1
1022.54,1.0,153.57,868.97,5,1
618.77,0.2,53.51,565.26,1,1
637.05,0.2,102.05,535.0,1,1
1309.99,1.2,317.81,992.18,6,1
476.16,0.0,34.11,442.05,0,1
673.14,0.4,60.32,612.82,2,1
464.33,0.0,37.41,426.92,0,1
583.39,0.2,63.51,519.87,1,1
1107.64,1.0,208.41,899.23,5,1
696.82,0.2,131.57,565.26,1,1
777.4,0.4,126.76,650.64,2,1
668.84,0.4,108.97,559.87,2,1
917.48,0.6,219.27,698.21,3,1
720.05,0.4,84.54,635.51,2,1
904.54,0.8,136.08,768.46,4,1
803.12,0.4,137.35,665.77,2,1
721.03,0.4,100.65,620.38,2,1
671.32,0.2,128.76,542.56,1,1
652.22,0.2,124.78,527.44,1,1
691.72,0.2,141.59,550.13,1,1
1092.01,1.0,238.16,853.85,5,1
879.17,0.6,173.41,705.77,3,1
579.87,0.2,60.0,519.87,1,1
615.19,0.2,72.62,542.56,1,1
750.28,0.4,137.46,612.82,2,1
868.89,0.4,233.38,635.51,2,1
691.05,0.2,148.49,542.56,1,1
1074.1,1.2,134.86,939.23,6,1
701.24,0.2,151.11,550.13,1,1
565.53,0.0,108.35,457.18,0,1
609.08,0.2,81.65,527.44,1,1
641.75,0.4,51.62,590.13,2,1
714.87,0.4,102.05,612.82,2,1
697.96,0.4,85.14,612.82,2,1
666.38,0.4,98.95,567.44,2,1
646.99,0.2,81.73,565.26,1,1
896.58,0.8,150.81,745.77,4,1
524.55,0.0,59.81,464.74,0,1
916.3,0.8,140.27,776.03,4,1
818.77,0.6,120.57,698.21,3,1
1003.44,1.0,157.16,846.28,5,1
1003.88,0.8,197.59,806.28,4,1
751.88,0.4,101.24,650.64,2,1
481.46,0.0,39.41,442.05,0,1
710.77,0.4,97.95,612.82,2,1
600.74,0.2,80.86,519.87,1,1
959.15,0.6,268.51,690.64,3,1
939.89,1.0,123.86,816.03,5,1
490.16,0.0,48.11,442.05,0,1
935.27,0.8,166.81,768.46,4,1
797.61,0.4,146.97,650.64,2,1
695.64,0.4,97.95,597.69,2,1
712.2,0.4,106.95,605.26,2,1
687.2,0.4,81.95,605.26,2,1
631.95,0.2,96.95,535.0,1,1
694.93,0.6,42.11,652.82,3,1
484.43,0.0,34.81,449.62,0,1
914.37,0.8,130.78,783.59,4,1
1168.17,1.4,181.38,986.79,7,1
854.19,0.8,85.73,768.46,4,1
534.68,0.0,54.81,479.87,0,1
521.4,0.0,64.22,457.18,0,1
764.34,0.2,206.65,557.69,1,1
786.28,0.6,125.89,660.38,3,1
1052.02,1.0,175.49,876.54,5,1
551.15,0.0,78.84,472.31,0,1
598.71,0.2,78.84,519.87,1,1
836.22,0.6,160.7,675.51,3,1
581.85,0.2,69.54,512.31,1,1
607.23,0.4,54.92,552.31,2,1
889.6,0.8,136.27,753.33,4,1
921.65,0.6,185.62,736.03,3,1
903.06,0.6,174.59,728.46,3,1
870.5,0.6,104.22,766.28,3,1
693.46,0.2,150.89,542.56,1,1
518.75,0.0,76.7,442.05,0,1
770.54,0.6,95.03,675.51,3,1
942.48,0.8,158.89,783.59,4,1
768.56,0.4,110.35,658.21,2,1
560.23,0.0,87.92,472.31,0,1
1194.23,1.4,207.43,986.79,7,1
941.48,0.6,190.32,751.15,3,1
921.27,0.8,137.68,783.59,4,1
765.32,0.4,122.24,643.08,2,1
633.4,0.2,75.7,557.69,1,1
727.24,0.4,91.73,635.51,2,1
895.88,0.6,190.11,705.77,3,1
893.38,0.6,164.92,728.46,3,1
636.73,0.2,94.16,542.56,1,1
623.98,0.2,96.54,527.44,1,1
801.61,0.6,110.97,690.64,3,1
848.47,0.6,127.57,720.9,3,1
793.31,0.6,95.11,698.21,3,1
848.99,0.6,97.84,751.15,3,1
907.95,0.6,194.62,713.33,3,1
1157.54,1.2,195.62,961.92,6,1
877.91,0.6,126.76,751.15,3,1
669.96,0.2,97.14,572.82,1,1
569.85,0.0,97.54,472.31,0,1
1204.15,1.4,171.97,1032.18,7,1
535.37,0.0,85.76,449.62,0,1
810.95,0.6,90.05,720.9,3,1
679.99,0.4,89.86,590.13,2,1
718.38,0.4,90.43,627.95,2,1
624.24,0.2,89.24,535.0,1,1
736.74,0.4,116.35,620.38,2,1
946.13,0.8,170.11,776.03,4,1
533.42,0.0,61.11,472.31,0,1
612.19,0.2,69.62,542.56,1,1
601.76,0.2,74.32,527.44,1,1
629.31,0.2,71.62,557.69,1,1
702.7,0.4,112.57,590.13,2,1
749.89,0.6,81.95,667.95,3,1
845.35,0.6,101.76,743.59,3,1
582.11,0.2,47.11,535.0,1,1
677.07,0.4,86.95,590.13,2,1
1148.97,1.2,224.86,924.1,6,1
660.01,0.2,94.76,565.26,1,1
653.29,0.4,70.73,582.56,2,1
581.74,0.2,69.43,512.31,1,1
898.3,0.8,122.27,776.03,4,1
596.58,0.0,124.27,472.31,0,1
588.95,0.2,61.51,527.44,1,1
592.12,0.2,72.24,519.87,1,1
607.41,0.2,87.54,519.87,1,1
676.18,0.4,70.92,605.26,2,1
707.61,0.4,102.35,605.26,2,1
799.24,0.6,116.16,683.08,3,1
481.3,0.0,46.81,434.49,0,1
1114.04,1.0,214.81,899.23,5,1
1353.8,1.4,321.62,1032.18,7,1
788.27,0.4,145.19,643.08,2,1
824.27,0.6,141.19,683.08,3,1
546.88,0.0,82.14,464.74,0,1
586.97,0.2,97.35,489.62,1,1
531.37,0.0,66.62,464.74,0,1
872.89,0.4,237.38,635.51,2,1
652.22,0.2,132.35,519.87,1,1
677.72,0.2,112.46,565.26,1,1
649.86,0.2,114.86,535.0,1,1
762.1,0.4,111.46,650.64,2,1
837.86,0.6,101.84,736.03,3,1
829.98,0.6,101.51,728.46,3,1
621.78,0.2,79.22,542.56,1,1
509.73,0.0,75.24,434.49,0,1
962.51,1.0,131.35,831.15,5,1
682.08,0.4,39.0,643.08,2,1
485.41,0.0,50.92,434.49,0,1
630.6,0.4,70.73,559.87,2,1
1182.67,1.2,205.62,977.05,6,1
704.38,0.4,76.43,627.95,2,1
739.22,0.4,111.27,627.95,2,1
498.05,0.0,56.0,442.05,0,1
726.95,0.4,91.43,635.51,2,1
684.42,0.2,119.16,565.26,1,1
503.67,0.0,61.62,442.05,0,1
617.08,0.2,74.51,542.56,1,1
764.14,0.4,143.76,620.38,2,1
775.93,0.4,163.11,612.82,2,1
1187.37,1.4,208.14,979.23,7,1
898.24,0.8,114.65,783.59,4,1
902.39,0.8,156.62,745.77,4,1
725.63,0.4,120.38,605.26,2,1
900.59,0.8,124.57,776.03,4,1
894.06,0.8,133.16,760.9,4,1
479.16,0.0,37.11,442.05,0,1
671.01,0.2,105.76,565.26,1,1
896.99,0.8,105.84,791.15,4,1
696.8,0.4,91.54,605.26,2,1
742.11,0.6,81.73,660.38,3,1
654.29,0.2,104.16,550.13,1,1
966.67,1.0,150.65,816.03,5,1
576.56,0.0,119.38,457.18,0,1
774.32,0.6,91.24,683.08,3,1
