"Total_Cost","Ratio_Reloc_Prod","Horiz_Cost","Vert_Cost","nReloc","non_Optimal"
224446.56,0.432,34694.12,189752.47,648,300
620.74,0.2,47.92,572.82,1,1
671.7,0.2,136.7,535.0,1,1
1046.49,1.2,92.14,954.36,6,1
994.45,1.0,110.35,884.1,5,1
549.91,0.0,85.16,464.74,0,1
603.16,0.2,53.03,550.13,1,1
1335.98,1.4,288.68,1047.31,7,1
683.87,0.2,111.05,572.82,1,1
633.9,0.2,106.46,527.44,1,1
745.13,0.4,102.05,643.08,2,1
1238.71,1.2,291.92,946.79,6,1
738.32,0.4,95.24,643.08,2,1
866.32,0.6,115.16,751.15,3,1
602.25,0.2,89.95,512.31,1,1
1072.77,1.2,178.92,893.85,6,1
780.66,0.6,67.32,713.33,3,1
852.04,0.8,98.7,753.33,4,1
721.84,0.4,86.32,635.51,2,1
525.16,0.0,75.54,449.62,0,1
762.28,0.4,141.89,620.38,2,1
1142.43,1.2,165.38,977.05,6,1
1033.47,1.0,119.11,914.36,5,1
477.19,0.0,42.7,434.49,0,1
706.58,0.2,148.89,557.69,1,1
1054.9,1.0,193.49,861.41,5,1
516.29,0.0,74.24,442.05,0,1
616.02,0.2,58.32,557.69,1,1
1336.23,1.6,256.49,1079.74,8,1
888.34,0.6,137.19,751.15,3,1
516.49,0.0,89.57,426.92,0,1
931.86,0.6,195.84,736.03,3,1
499.08,0.0,57.03,442.05,0,1
700.17,0.2,172.73,527.44,1,1
628.03,0.4,53.03,575.0,2,1
598.01,0.2,78.14,519.87,1,1
896.48,0.6,205.84,690.64,3,1
692.77,0.4,79.95,612.82,2,1
788.51,0.4,153.0,635.51,2,1
631.47,0.2,119.16,512.31,1,1
511.4,0.0,54.22,457.18,0,1
854.29,0.4,203.65,650.64,2,1
650.47,0.2,130.59,519.87,1,1
552.69,0.0,87.95,464.74,0,1
610.01,0.2,90.14,519.87,1,1
775.32,0.6,92.24,683.08,3,1
584.58,0.0,112.27,472.31,0,1
519.67,0.0,70.05,449.62,0,1
654.4,0.2,111.84,542.56,1,1
918.37,0.6,167.22,751.15,3,1
912.58,0.8,113.86,798.72,4,1
1067.83,1.2,83.22,984.62,6,1
711.41,0.2,176.41,535.0,1,1
1047.76,1.2,138.78,908.97,6,1
1172.85,1.2,226.05,946.79,6,1
710.35,0.4,127.78,582.56,2,1
702.0,0.4,74.05,627.95,2,1
836.36,0.6,115.46,720.9,3,1
584.37,0.2,79.62,504.74,1,1
844.58,0.6,146.38,698.21,3,1
460.17,0.0,40.81,419.36,0,1
648.02,0.4,50.32,597.69,2,1
674.33,0.4,61.51,612.82,2,1
976.51,1.0,160.49,816.03,5,1
1003.54,0.8,167.0,836.54,4,1
472.6,0.0,38.11,434.49,0,1
878.25,0.6,149.78,728.46,3,1
509.19,0.0,74.7,434.49,0,1
792.49,0.4,156.97,635.51,2,1
828.25,0.6,107.35,720.9,3,1
752.99,0.4,102.35,650.64,2,1
465.7,0.0,31.22,434.49,0,1
640.57,0.4,73.14,567.44,2,1
695.69,0.4,90.43,605.26,2,1
785.21,0.6,102.14,683.08,3,1
666.99,0.2,116.86,550.13,1,1
791.37,0.6,100.73,690.64,3,1
712.38,0.4,84.43,627.95,2,1
795.85,0.6,97.65,698.21,3,1
677.63,0.4,64.81,612.82,2,1
913.31,0.8,159.97,753.33,4,1
816.73,0.6,141.22,675.51,3,1
980.96,1.0,134.68,846.28,5,1
812.26,0.4,146.49,665.77,2,1
772.96,0.4,114.76,658.21,2,1
620.08,0.2,92.65,527.44,1,1
718.1,0.4,75.03,643.08,2,1
724.71,0.4,96.76,627.95,2,1
826.03,0.6,105.14,720.9,3,1
905.37,0.6,161.78,743.59,3,1
527.91,0.0,70.73,457.18,0,1
795.62,0.6,127.68,667.95,3,1
981.6,0.8,160.19,821.41,4,1
727.3,0.4,99.35,627.95,2,1
640.33,0.2,67.51,572.82,1,1
1049.27,0.8,212.73,836.54,4,1
509.4,0.0,52.22,457.18,0,1
577.65,0.2,50.22,527.44,1,1
575.61,0.0,110.86,464.74,0,1
573.77,0.0,101.46,472.31,0,1
538.42,0.0,81.24,457.18,0,1
515.61,0.0,58.43,457.18,0,1
532.7,0.0,90.65,442.05,0,1
521.88,0.0,64.7,457.18,0,1
758.44,0.4,130.49,627.95,2,1
753.47,0.4,133.08,620.38,2,1
856.96,0.8,118.76,738.21,4,1
680.94,0.4,83.24,597.69,2,1
674.04,0.2,161.73,512.31,1,1
958.07,0.8,166.92,791.15,4,1
950.41,0.8,136.57,813.85,4,1
899.16,0.8,123.14,776.03,4,1
870.61,0.6,119.46,751.15,3,1
845.39,0.6,147.19,698.21,3,1
856.19,0.6,188.24,667.95,3,1
718.98,0.4,91.03,627.95,2,1
909.42,0.6,271.73,637.69,3,1
562.35,0.2,34.92,527.44,1,1
710.57,0.4,82.62,627.95,2,1
756.68,0.6,88.73,667.95,3,1
583.91,0.0,119.16,464.74,0,1
558.52,0.2,46.22,512.31,1,1
544.05,0.0,109.57,434.49,0,1
496.14,0.0,69.22,426.92,0,1
630.75,0.2,80.62,550.13,1,1
1048.2,1.0,201.92,846.28,5,1
501.11,0.0,66.62,434.49,0,1
947.94,0.8,156.78,791.15,4,1
727.48,0.6,44.41,683.08,3,1
742.0,0.4,114.05,627.95,2,1
1110.43,0.8,273.89,836.54,4,1
478.05,0.0,36.0,442.05,0,1
792.12,0.6,93.92,698.21,3,1
474.3,0.0,39.81,434.49,0,1
597.97,0.2,55.41,542.56,1,1
1163.19,1.2,193.7,969.49,6,1
697.12,0.2,131.86,565.26,1,1
939.15,0.8,132.86,806.28,4,1
697.13,0.4,114.57,582.56,2,1
1093.68,1.0,232.27,861.41,5,1
706.49,0.4,78.54,627.95,2,1
933.91,0.8,135.19,798.72,4,1
848.55,0.6,127.65,720.9,3,1
770.91,0.6,87.84,683.08,3,1
676.35,0.2,133.78,542.56,1,1
639.95,0.2,120.08,519.87,1,1
575.15,0.0,117.97,457.18,0,1
773.96,0.2,201.14,572.82,1,1
726.77,0.2,161.51,565.26,1,1
585.95,0.2,58.51,527.44,1,1
612.08,0.2,69.51,542.56,1,1
823.71,0.8,115.76,707.95,4,1
777.91,0.2,212.65,565.26,1,1
733.48,0.4,135.78,597.69,2,1
919.23,0.8,128.08,791.15,4,1
591.13,0.0,141.51,449.62,0,1
564.91,0.0,107.73,457.18,0,1
534.86,0.0,85.24,449.62,0,1
528.75,0.2,46.7,482.05,1,1
725.22,0.4,104.84,620.38,2,1
623.48,0.2,80.92,542.56,1,1
573.8,0.2,76.62,497.18,1,1
661.96,0.2,89.14,572.82,1,1
864.14,0.6,150.81,713.33,3,1
461.63,0.0,34.7,426.92,0,1
781.73,0.4,138.65,643.08,2,1
923.67,0.8,140.08,783.59,4,1
942.2,0.8,128.35,813.85,4,1
1174.21,1.2,189.59,984.62,6,1
754.48,0.4,103.84,650.64,2,1
475.46,0.0,33.41,442.05,0,1
567.55,0.0,95.24,472.31,0,1
698.36,0.4,85.54,612.82,2,1
1031.01,1.0,184.73,846.28,5,1
921.12,0.8,107.27,813.85,4,1
516.85,0.0,52.11,464.74,0,1
803.59,0.4,160.51,643.08,2,1
984.18,0.8,193.03,791.15,4,1
788.88,0.4,130.68,658.21,2,1
712.25,0.4,99.43,612.82,2,1
930.37,1.0,91.65,838.72,5,1
704.33,0.4,83.95,620.38,2,1
640.47,0.2,75.22,565.26,1,1
514.64,0.0,65.03,449.62,0,1
836.92,0.6,161.41,675.51,3,1
852.5,0.6,146.73,705.77,3,1
1193.23,1.4,145.92,1047.31,7,1
610.51,0.4,35.51,575.0,2,1
499.43,0.0,49.81,449.62,0,1
910.13,0.4,274.62,635.51,2,1
736.69,0.4,139.0,597.69,2,1
892.46,0.6,164.0,728.46,3,1
658.1,0.4,75.54,582.56,2,1
729.35,0.4,93.84,635.51,2,1
698.97,0.2,156.41,542.56,1,1
703.55,0.4,90.73,612.82,2,1
635.11,0.4,60.11,575.0,2,1
858.77,0.6,153.0,705.77,3,1
887.18,0.6,196.54,690.64,3,1
1065.51,1.0,181.41,884.1,5,1
850.02,0.6,106.43,743.59,3,1
720.55,0.2,155.3,565.26,1,1
662.4,0.4,79.84,582.56,2,1
851.22,0.8,90.32,760.9,4,1
805.42,0.4,154.78,650.64,2,1
635.1,0.2,77.41,557.69,1,1
658.31,0.2,100.62,557.69,1,1
1174.66,1.2,227.86,946.79,6,1
737.37,0.2,187.24,550.13,1,1
703.06,0.2,122.68,580.38,1,1
719.52,0.4,99.14,620.38,2,1
627.91,0.2,70.22,557.69,1,1
491.11,0.0,56.62,434.49,0,1
956.94,0.8,180.92,776.03,4,1
992.2,0.8,185.92,806.28,4,1
545.64,0.0,88.46,457.18,0,1
536.91,0.0,79.73,457.18,0,1
662.37,0.2,104.68,557.69,1,1
717.93,0.4,112.68,605.26,2,1
626.94,0.2,76.81,550.13,1,1
542.26,0.0,77.51,464.74,0,1
1068.34,1.0,222.05,846.28,5,1
1309.35,1.4,239.35,1070.0,7,1
858.38,0.6,137.49,720.9,3,1
666.25,0.2,93.43,572.82,1,1
567.06,0.0,94.76,472.31,0,1
1211.72,1.4,171.97,1039.74,7,1
738.28,0.4,117.89,620.38,2,1
768.67,0.6,93.16,675.51,3,1
763.03,0.4,135.08,627.95,2,1
698.3,0.4,77.92,620.38,2,1
559.59,0.0,109.97,449.62,0,1
764.6,0.4,151.78,612.82,2,1
740.94,0.2,183.24,557.69,1,1
576.81,0.2,41.81,535.0,1,1
756.45,0.4,166.32,590.13,2,1
787.57,0.6,112.05,675.51,3,1
633.51,0.2,90.95,542.56,1,1
678.59,0.4,88.46,590.13,2,1
740.16,0.6,72.22,667.95,3,1
1008.8,1.0,162.51,846.28,5,1
613.1,0.2,55.41,557.69,1,1
547.27,0.0,112.78,434.49,0,1
992.38,0.8,231.49,760.9,4,1
597.84,0.0,117.97,479.87,0,1
579.98,0.2,60.11,519.87,1,1
503.08,0.0,61.03,442.05,0,1
748.3,0.4,120.35,627.95,2,1
572.15,0.0,114.97,457.18,0,1
557.5,0.2,60.32,497.18,1,1
836.94,0.6,146.3,690.64,3,1
962.88,1.0,124.16,838.72,5,1
628.56,0.2,78.43,550.13,1,1
827.74,0.6,121.97,705.77,3,1
754.22,0.4,126.27,627.95,2,1
623.8,0.2,66.11,557.69,1,1
977.57,0.8,201.54,776.03,4,1
1177.75,1.2,246.08,931.67,6,1
1004.88,0.8,206.16,798.72,4,1
745.3,0.4,117.35,627.95,2,1
522.1,0.0,64.92,457.18,0,1
667.89,0.2,132.89,535.0,1,1
489.46,0.0,47.41,442.05,0,1
778.49,0.2,243.49,535.0,1,1
965.79,0.8,197.32,768.46,4,1
764.59,0.4,113.95,650.64,2,1
775.18,0.6,84.54,690.64,3,1
668.56,0.2,110.86,557.69,1,1
757.88,0.4,92.11,665.77,2,1
870.35,0.6,126.76,743.59,3,1
655.76,0.2,135.89,519.87,1,1
450.5,0.0,38.7,411.79,0,1
1104.3,1.4,109.95,994.36,7,1
585.13,0.2,35.0,550.13,1,1
480.6,0.0,46.11,434.49,0,1
540.53,0.2,50.92,489.62,1,1
991.88,0.8,200.73,791.15,4,1
804.79,0.6,76.32,728.46,3,1
697.96,0.4,85.14,612.82,2,1
618.4,0.2,75.84,542.56,1,1
690.96,0.4,78.14,612.82,2,1
779.8,0.4,129.16,650.64,2,1
557.63,0.0,85.32,472.31,0,1
565.04,0.2,52.73,512.31,1,1
708.1,0.4,117.97,590.13,2,1
973.56,0.8,182.41,791.15,4,1
660.08,0.2,125.08,535.0,1,1
930.78,0.8,147.19,783.59,4,1
788.45,0.6,90.24,698.21,3,1
487.56,0.0,45.51,442.05,0,1
969.83,1.0,138.68,831.15,5,1
933.82,0.8,127.54,806.28,4,1
531.4,0.0,74.22,457.18,0,1
529.13,0.2,39.51,489.62,1,1
643.69,0.2,78.43,565.26,1,1
886.04,0.8,140.27,745.77,4,1
609.46,0.2,82.03,527.44,1,1
665.83,0.2,123.27,542.56,1,1
682.19,0.4,114.76,567.44,2,1
711.61,0.4,106.35,605.26,2,1
826.42,0.8,80.65,745.77,4,1
