"Total_Cost","Ratio_Reloc_Prod","Horiz_Cost","Vert_Cost","nReloc","non_Optimal"
223998.57,0.4373,33464.75,190533.88,656,300
620.74,0.2,47.92,572.82,1,1
668.3,0.2,133.3,535.0,1,1
1058.46,1.2,96.54,961.92,6,1
1011.86,1.0,127.76,884.1,5,1
560.72,0.0,95.97,464.74,0,1
618.21,0.2,60.51,557.69,1,1
1310.1,1.4,285.49,1024.62,7,1
681.87,0.2,109.05,572.82,1,1
625.24,0.2,90.24,535.0,1,1
734.26,0.4,83.62,650.64,2,1
1272.9,1.2,318.54,954.36,6,1
748.59,0.4,97.95,650.64,2,1
854.75,0.6,111.16,743.59,3,1
600.25,0.2,87.95,512.31,1,1
1071.47,1.2,177.62,893.85,6,1
779.36,0.6,66.03,713.33,3,1
852.04,0.8,98.7,753.33,4,1
732.1,0.4,89.03,643.08,2,1
525.16,0.0,75.54,449.62,0,1
763.57,0.4,143.19,620.38,2,1
1107.03,1.2,137.54,969.49,6,1
1030.76,1.0,116.41,914.36,5,1
490.05,0.0,48.0,442.05,0,1
678.56,0.2,120.86,557.69,1,1
1022.46,1.0,161.05,861.41,5,1
558.96,0.0,86.65,472.31,0,1
631.36,0.2,66.11,565.26,1,1
1359.2,1.6,271.89,1087.31,8,1
879.16,0.6,135.57,743.59,3,1
516.49,0.0,89.57,426.92,0,1
731.04,0.4,125.78,605.26,2,1
550.75,0.0,93.57,457.18,0,1
690.7,0.2,155.7,535.0,1,1
626.51,0.4,51.51,575.0,2,1
611.57,0.2,84.14,527.44,1,1
897.88,0.6,207.24,690.64,3,1
694.77,0.4,81.95,612.82,2,1
776.95,0.4,149.0,627.95,2,1
630.06,0.2,117.76,512.31,1,1
450.17,0.0,30.81,419.36,0,1
795.34,0.4,129.57,665.77,2,1
619.55,0.2,107.24,512.31,1,1
537.42,0.0,65.11,472.31,0,1
518.38,0.0,76.32,442.05,0,1
779.48,0.6,88.84,690.64,3,1
821.18,0.6,122.97,698.21,3,1
525.83,0.0,68.65,457.18,0,1
560.74,0.0,96.0,464.74,0,1
931.18,0.6,180.03,751.15,3,1
878.19,0.8,102.16,776.03,4,1
1146.79,1.4,91.92,1054.87,7,1
805.49,0.4,185.11,620.38,2,1
885.78,0.8,109.76,776.03,4,1
1162.74,1.2,215.95,946.79,6,1
737.18,0.4,139.49,597.69,2,1
982.28,1.0,120.86,861.41,5,1
819.23,0.6,113.46,705.77,3,1
589.82,0.2,77.51,512.31,1,1
818.05,0.6,134.97,683.08,3,1
463.73,0.0,36.81,426.92,0,1
637.91,0.4,40.22,597.69,2,1
688.06,0.4,60.11,627.95,2,1
944.97,1.0,128.95,816.03,5,1
1003.54,0.8,167.0,836.54,4,1
491.05,0.0,49.0,442.05,0,1
761.4,0.4,110.76,650.64,2,1
533.35,0.0,83.73,449.62,0,1
749.54,0.4,114.03,635.51,2,1
818.84,0.6,97.95,720.9,3,1
751.59,0.4,100.95,650.64,2,1
457.47,0.0,38.11,419.36,0,1
635.17,0.4,67.73,567.44,2,1
723.74,0.6,70.92,652.82,3,1
630.34,0.2,80.22,550.13,1,1
666.99,0.2,116.86,550.13,1,1
912.39,0.8,106.11,806.28,4,1
699.92,0.4,64.41,635.51,2,1
776.73,0.6,93.65,683.08,3,1
695.6,0.4,75.22,620.38,2,1
921.49,0.8,160.59,760.9,4,1
959.45,1.0,181.24,778.21,5,1
926.02,0.8,127.3,798.72,4,1
901.62,0.6,165.59,736.03,3,1
678.58,0.2,105.76,572.82,1,1
620.79,0.2,93.35,527.44,1,1
1014.67,1.2,98.14,916.54,6,1
736.0,0.4,108.05,627.95,2,1
813.16,0.6,130.08,683.08,3,1
846.77,0.6,141.0,705.77,3,1
547.23,0.0,74.92,472.31,0,1
905.55,0.6,192.22,713.33,3,1
951.57,0.8,130.16,821.41,4,1
745.83,0.4,102.76,643.08,2,1
699.03,0.4,63.51,635.51,2,1
1048.97,0.8,212.43,836.54,4,1
581.65,0.2,54.22,527.44,1,1
597.97,0.2,55.41,542.56,1,1
610.27,0.2,82.84,527.44,1,1
567.15,0.0,109.97,457.18,0,1
538.13,0.0,80.95,457.18,0,1
526.21,0.0,69.03,457.18,0,1
541.02,0.0,83.84,457.18,0,1
483.3,0.0,48.81,434.49,0,1
748.91,0.4,105.84,643.08,2,1
802.03,0.4,166.51,635.51,2,1
801.4,0.6,110.76,690.64,3,1
676.64,0.4,78.95,597.69,2,1
654.87,0.2,135.0,519.87,1,1
949.24,0.8,173.22,776.03,4,1
861.03,0.6,132.57,728.46,3,1
779.84,0.6,104.32,675.51,3,1
968.44,0.8,154.59,813.85,4,1
725.25,0.4,104.86,620.38,2,1
970.91,0.8,187.32,783.59,4,1
750.97,0.4,115.46,635.51,2,1
654.41,0.2,126.97,527.44,1,1
577.81,0.2,42.81,535.0,1,1
875.21,0.8,91.62,783.59,4,1
745.76,0.6,77.81,667.95,3,1
592.25,0.0,119.95,472.31,0,1
645.36,0.4,40.11,605.26,2,1
632.5,0.2,120.19,512.31,1,1
490.33,0.0,63.41,426.92,0,1
615.61,0.2,57.92,557.69,1,1
891.49,0.6,170.59,720.9,3,1
482.84,0.0,55.92,426.92,0,1
1083.55,1.0,169.19,914.36,5,1
747.4,0.6,64.32,683.08,3,1
754.67,0.4,119.16,635.51,2,1
1347.75,1.2,355.57,992.18,6,1
557.2,0.0,77.32,479.87,0,1
587.92,0.2,52.92,535.0,1,1
468.03,0.0,41.11,426.92,0,1
626.45,0.2,76.32,550.13,1,1
1207.91,1.4,183.3,1024.62,7,1
709.28,0.2,136.46,572.82,1,1
941.71,0.8,127.86,813.85,4,1
794.94,0.6,111.86,683.08,3,1
1159.99,1.2,228.32,931.67,6,1
740.03,0.6,64.51,675.51,3,1
771.1,0.4,120.46,650.64,2,1
765.23,0.4,107.03,658.21,2,1
711.36,0.4,98.54,612.82,2,1
677.32,0.2,134.76,542.56,1,1
796.21,0.4,145.57,650.64,2,1
558.28,0.0,93.54,464.74,0,1
831.31,0.4,173.11,658.21,2,1
918.29,0.8,119.57,798.72,4,1
749.11,0.4,121.16,627.95,2,1
639.0,0.2,96.43,542.56,1,1
736.88,0.6,106.76,630.13,3,1
764.87,0.4,144.49,620.38,2,1
497.72,0.0,48.11,449.62,0,1
897.02,0.8,105.86,791.15,4,1
689.57,0.4,114.57,575.0,2,1
543.92,0.0,101.86,442.05,0,1
600.64,0.0,135.89,464.74,0,1
440.5,0.0,28.7,411.79,0,1
689.14,0.4,76.32,612.82,2,1
634.51,0.2,91.95,542.56,1,1
534.8,0.0,77.62,457.18,0,1
655.5,0.2,90.24,565.26,1,1
867.15,0.8,121.38,745.77,4,1
673.14,0.2,100.32,572.82,1,1
741.35,0.4,105.84,635.51,2,1
1049.67,1.2,125.57,924.1,6,1
956.62,0.8,127.65,828.97,4,1
975.85,0.8,169.57,806.28,4,1
739.56,0.4,88.92,650.64,2,1
509.4,0.0,52.22,457.18,0,1
652.04,0.2,94.35,557.69,1,1
767.07,0.4,116.43,650.64,2,1
907.09,0.8,146.19,760.9,4,1
995.82,1.0,141.97,853.85,5,1
633.77,0.2,68.51,565.26,1,1
697.35,0.2,154.78,542.56,1,1
801.46,0.4,173.51,627.95,2,1
634.97,0.2,84.84,550.13,1,1
877.74,0.8,116.84,760.9,4,1
740.93,0.4,82.73,658.21,2,1
756.98,0.4,136.59,620.38,2,1
623.31,0.2,65.62,557.69,1,1
575.23,0.2,62.92,512.31,1,1
819.83,0.6,129.19,690.64,3,1
1045.2,1.0,198.92,846.28,5,1
818.13,0.6,82.11,736.03,3,1
586.22,0.2,51.22,535.0,1,1
493.67,0.0,51.62,442.05,0,1
928.22,0.6,252.7,675.51,3,1
748.8,0.4,151.11,597.69,2,1
828.75,0.4,178.11,650.64,2,1
547.99,0.0,83.24,464.74,0,1
599.27,0.2,56.7,542.56,1,1
581.94,0.0,124.76,457.18,0,1
590.28,0.2,70.41,519.87,1,1
552.12,0.2,39.81,512.31,1,1
873.95,0.6,145.49,728.46,3,1
708.17,0.4,95.35,612.82,2,1
870.54,0.6,126.95,743.59,3,1
852.78,0.6,101.62,751.15,3,1
689.26,0.2,131.57,557.69,1,1
607.94,0.2,57.81,550.13,1,1
725.33,0.4,104.95,620.38,2,1
799.88,0.4,141.68,658.21,2,1
714.29,0.4,71.22,643.08,2,1
564.55,0.0,92.24,472.31,0,1
1222.19,1.4,205.14,1017.05,7,1
784.01,0.4,163.62,620.38,2,1
747.0,0.6,63.92,683.08,3,1
859.23,0.6,153.46,705.77,3,1
611.34,0.2,61.22,550.13,1,1
691.71,0.4,71.32,620.38,2,1
886.29,0.8,148.08,738.21,4,1
885.06,0.6,171.73,713.33,3,1
544.26,0.0,94.65,449.62,0,1
529.94,0.0,80.32,449.62,0,1
803.48,0.6,105.27,698.21,3,1
821.58,0.6,108.24,713.33,3,1
589.6,0.2,69.73,519.87,1,1
493.56,0.0,51.51,442.05,0,1
938.87,1.0,137.97,800.9,5,1
1245.06,1.4,190.19,1054.87,7,1
890.97,0.6,147.38,743.59,3,1
698.79,0.2,125.97,572.82,1,1
568.06,0.0,95.76,472.31,0,1
1289.43,1.6,171.86,1117.56,8,1
811.78,0.6,128.7,683.08,3,1
852.79,0.8,99.46,753.33,4,1
724.34,0.4,119.08,605.26,2,1
727.59,0.4,84.51,643.08,2,1
615.22,0.2,95.35,519.87,1,1
789.23,0.4,176.41,612.82,2,1
935.18,0.8,151.59,783.59,4,1
480.75,0.0,38.7,442.05,0,1
661.1,0.4,78.54,582.56,2,1
689.83,0.4,92.14,597.69,2,1
608.74,0.2,88.86,519.87,1,1
662.27,0.2,127.27,535.0,1,1
769.86,0.6,94.35,675.51,3,1
901.19,0.8,140.3,760.9,4,1
639.93,0.2,67.11,572.82,1,1
579.53,0.2,82.35,497.18,1,1
801.95,0.4,166.43,635.51,2,1
600.14,0.0,120.27,479.87,0,1
566.44,0.2,54.14,512.31,1,1
578.47,0.2,73.73,504.74,1,1
904.27,0.8,128.24,776.03,4,1
652.81,0.2,125.38,527.44,1,1
548.5,0.2,51.32,497.18,1,1
965.27,1.0,156.81,808.46,5,1
834.67,0.6,151.59,683.08,3,1
673.2,0.2,107.95,565.26,1,1
687.59,0.4,97.46,590.13,2,1
867.38,0.6,131.35,736.03,3,1
592.38,0.0,104.95,487.44,0,1
928.77,0.6,215.43,713.33,3,1
1175.43,1.0,291.32,884.1,5,1
973.69,1.0,134.97,838.72,5,1
713.38,0.4,85.43,627.95,2,1
564.25,0.2,36.81,527.44,1,1
528.81,0.0,86.76,442.05,0,1
575.54,0.2,48.11,527.44,1,1
790.8,0.4,185.54,605.26,2,1
600.02,0.0,150.41,449.62,0,1
686.42,0.4,88.73,597.69,2,1
652.21,0.2,109.65,542.56,1,1
667.08,0.2,132.08,535.0,1,1
940.38,0.8,118.97,821.41,4,1
786.26,0.6,95.62,690.64,3,1
766.8,0.4,116.16,650.64,2,1
935.74,0.8,129.46,806.28,4,1
982.83,0.8,184.11,798.72,4,1
653.82,0.4,41.0,612.82,2,1
456.36,0.0,37.0,419.36,0,1
484.7,0.0,50.22,434.49,0,1
1018.8,0.8,227.65,791.15,4,1
855.05,0.8,79.03,776.03,4,1
560.52,0.2,48.22,512.31,1,1
656.44,0.2,83.62,572.82,1,1
775.21,0.6,92.14,683.08,3,1
764.97,0.4,129.46,635.51,2,1
550.07,0.2,45.32,504.74,1,1
501.97,0.0,59.92,442.05,0,1
696.0,0.2,161.0,535.0,1,1
759.86,0.4,124.35,635.51,2,1
776.95,0.6,101.43,675.51,3,1
967.58,0.8,161.3,806.28,4,1
881.39,0.6,175.62,705.77,3,1
451.36,0.0,32.0,419.36,0,1
679.23,0.4,81.54,597.69,2,1
781.37,0.4,123.16,658.21,2,1
469.58,0.0,50.22,419.36,0,1
604.82,0.2,84.95,519.87,1,1
752.84,0.6,77.32,675.51,3,1
725.58,0.4,112.76,612.82,2,1
633.02,0.2,75.32,557.69,1,1
484.05,0.0,42.0,442.05,0,1
1085.74,1.0,239.46,846.28,5,1
858.41,0.6,129.95,728.46,3,1
832.03,0.6,156.51,675.51,3,1
