"Total_Cost","Ratio_Reloc_Prod","Horiz_Cost","Vert_Cost","nReloc","non_Optimal"
222481.56,0.4267,33056.6,189424.92,640,300
620.74,0.2,47.92,572.82,1,1
668.3,0.2,133.3,535.0,1,1
1058.46,1.2,96.54,961.92,6,1
1011.86,1.0,127.76,884.1,5,1
560.72,0.0,95.97,464.74,0,1
618.21,0.2,60.51,557.69,1,1
1310.1,1.4,285.49,1024.62,7,1
681.87,0.2,109.05,572.82,1,1
625.24,0.2,90.24,535.0,1,1
734.26,0.4,83.62,650.64,2,1
1272.9,1.2,318.54,954.36,6,1
748.59,0.4,97.95,650.64,2,1
854.75,0.6,111.16,743.59,3,1
591.23,0.2,78.92,512.31,1,1
1053.3,1.2,151.89,901.41,6,1
779.36,0.6,66.03,713.33,3,1
863.01,0.8,102.11,760.9,4,1
716.43,0.4,80.92,635.51,2,1
525.16,0.0,75.54,449.62,0,1
764.28,0.4,143.89,620.38,2,1
1107.03,1.2,137.54,969.49,6,1
1029.47,1.0,115.11,914.36,5,1
468.6,0.0,34.11,434.49,0,1
691.96,0.2,134.27,557.69,1,1
1027.46,1.0,166.05,861.41,5,1
551.39,0.0,86.65,464.74,0,1
635.36,0.2,70.11,565.26,1,1
1359.5,1.6,272.19,1087.31,8,1
879.16,0.6,135.57,743.59,3,1
513.79,0.0,86.86,426.92,0,1
765.28,0.4,144.89,620.38,2,1
542.64,0.0,85.46,457.18,0,1
690.7,0.2,155.7,535.0,1,1
630.19,0.4,47.62,582.56,2,1
611.57,0.2,84.14,527.44,1,1
899.18,0.6,208.54,690.64,3,1
694.77,0.4,81.95,612.82,2,1
776.95,0.4,149.0,627.95,2,1
626.06,0.2,113.76,512.31,1,1
477.6,0.0,43.11,434.49,0,1
763.4,0.4,112.76,650.64,2,1
661.62,0.2,119.05,542.56,1,1
447.79,0.0,36.0,411.79,0,1
521.08,0.0,79.03,442.05,0,1
774.07,0.6,83.43,690.64,3,1
813.61,0.6,122.97,690.64,3,1
525.83,0.0,68.65,457.18,0,1
558.26,0.0,93.51,464.74,0,1
931.18,0.6,180.03,751.15,3,1
878.19,0.8,102.16,776.03,4,1
1068.83,1.2,84.22,984.62,6,1
805.49,0.4,185.11,620.38,2,1
885.78,0.8,109.76,776.03,4,1
1096.36,1.2,149.57,946.79,6,1
632.19,0.2,104.76,527.44,1,1
905.72,0.8,114.57,791.15,4,1
816.63,0.6,110.86,705.77,3,1
597.39,0.2,77.51,519.87,1,1
823.32,0.6,132.68,690.64,3,1
474.44,0.0,47.51,426.92,0,1
637.91,0.4,40.22,597.69,2,1
688.06,0.4,60.11,627.95,2,1
973.99,1.0,142.84,831.15,5,1
952.41,0.8,138.57,813.85,4,1
507.62,0.0,58.0,449.62,0,1
797.25,0.6,83.92,713.33,3,1
515.35,0.0,65.73,449.62,0,1
784.67,0.4,149.16,635.51,2,1
810.84,0.6,89.95,720.9,3,1
759.15,0.4,100.95,658.21,2,1
478.6,0.0,44.11,434.49,0,1
507.19,0.0,65.14,442.05,0,1
612.32,0.2,77.32,535.0,1,1
629.45,0.2,79.32,550.13,1,1
660.94,0.2,103.24,557.69,1,1
814.54,0.6,78.51,736.03,3,1
639.58,0.2,74.32,565.26,1,1
764.16,0.6,88.65,675.51,3,1
518.24,0.0,68.62,449.62,0,1
1082.16,1.2,173.19,908.97,6,1
872.68,0.8,164.73,707.95,4,1
918.61,0.8,119.89,798.72,4,1
889.06,0.6,160.59,728.46,3,1
678.58,0.2,105.76,572.82,1,1
726.69,0.4,113.86,612.82,2,1
743.0,0.6,59.92,683.08,3,1
723.84,0.4,103.46,620.38,2,1
738.3,0.4,110.35,627.95,2,1
823.48,0.6,125.27,698.21,3,1
550.33,0.0,78.03,472.31,0,1
1078.16,1.0,201.62,876.54,5,1
967.33,0.8,138.35,828.97,4,1
656.75,0.2,99.05,557.69,1,1
627.36,0.2,62.11,565.26,1,1
989.3,0.8,167.89,821.41,4,1
599.22,0.2,64.22,535.0,1,1
576.14,0.2,48.7,527.44,1,1
531.61,0.0,74.43,457.18,0,1
527.05,0.0,92.57,434.49,0,1
541.83,0.0,84.65,457.18,0,1
529.61,0.0,72.43,457.18,0,1
525.19,0.0,83.14,442.05,0,1
542.15,0.0,77.41,464.74,0,1
824.45,0.6,126.24,698.21,3,1
751.03,0.4,123.08,627.95,2,1
807.1,0.6,116.46,690.64,3,1
688.94,0.4,91.24,597.69,2,1
573.93,0.2,61.62,512.31,1,1
1015.66,1.0,161.81,853.85,5,1
855.17,0.6,134.27,720.9,3,1
805.53,0.6,107.32,698.21,3,1
1137.06,1.2,182.7,954.36,6,1
813.02,0.6,122.38,690.64,3,1
847.73,0.6,172.22,675.51,3,1
683.53,0.2,118.27,565.26,1,1
737.48,0.4,139.78,597.69,2,1
572.65,0.2,45.22,527.44,1,1
804.22,0.6,83.32,720.9,3,1
621.19,0.2,78.62,542.56,1,1
588.25,0.0,115.95,472.31,0,1
571.11,0.2,36.11,535.0,1,1
697.19,0.4,122.19,575.0,2,1
574.31,0.2,62.0,512.31,1,1
682.01,0.4,61.62,620.38,2,1
762.34,0.4,157.08,605.26,2,1
516.78,0.0,74.73,442.05,0,1
850.62,0.6,122.16,728.46,3,1
764.72,0.6,66.51,698.21,3,1
655.73,0.2,113.16,542.56,1,1
1172.51,1.0,288.41,884.1,5,1
515.88,0.0,58.7,457.18,0,1
668.23,0.4,55.41,612.82,2,1
508.83,0.0,59.22,449.62,0,1
711.77,0.4,98.95,612.82,2,1
1074.12,1.0,174.89,899.23,5,1
776.24,0.4,133.16,643.08,2,1
655.91,0.2,90.65,565.26,1,1
662.65,0.2,120.08,542.56,1,1
1054.91,0.8,256.19,798.72,4,1
694.43,0.4,58.92,635.51,2,1
695.18,0.4,105.05,590.13,2,1
766.48,0.4,115.84,650.64,2,1
827.58,0.6,114.24,713.33,3,1
697.75,0.2,155.19,542.56,1,1
644.98,0.2,132.68,512.31,1,1
564.04,0.0,106.86,457.18,0,1
980.86,0.8,189.7,791.15,4,1
731.65,0.4,111.27,620.38,2,1
649.81,0.2,107.24,542.56,1,1
620.08,0.2,77.51,542.56,1,1
669.6,0.4,102.16,567.44,2,1
912.33,0.6,191.43,720.9,3,1
612.48,0.2,69.92,542.56,1,1
883.84,0.8,115.38,768.46,4,1
626.61,0.2,121.86,504.74,1,1
558.34,0.0,101.16,457.18,0,1
578.91,0.0,129.3,449.62,0,1
439.9,0.0,28.11,411.79,0,1
690.52,0.4,70.14,620.38,2,1
645.78,0.2,95.65,550.13,1,1
700.47,0.4,95.22,605.26,2,1
654.8,0.2,89.54,565.26,1,1
904.35,0.8,135.89,768.46,4,1
671.44,0.2,98.62,572.82,1,1
742.76,0.4,107.24,635.51,2,1
911.02,0.8,119.86,791.15,4,1
775.85,0.4,117.65,658.21,2,1
1003.79,0.8,182.38,821.41,4,1
761.34,0.4,103.14,658.21,2,1
493.56,0.0,51.51,442.05,0,1
672.67,0.2,114.97,557.69,1,1
689.8,0.4,84.54,605.26,2,1
784.46,0.4,156.51,627.95,2,1
1071.18,1.2,147.08,924.1,6,1
544.96,0.2,40.22,504.74,1,1
536.16,0.0,101.68,434.49,0,1
820.39,0.6,107.05,713.33,3,1
898.26,0.8,99.54,798.72,4,1
733.31,0.4,128.05,605.26,2,1
923.09,0.8,109.24,813.85,4,1
752.4,0.4,101.76,650.64,2,1
725.03,0.6,49.51,675.51,3,1
657.31,0.4,59.62,597.69,2,1
950.83,0.8,152.11,798.72,4,1
785.42,0.4,187.73,597.69,2,1
964.62,0.8,120.51,844.1,4,1
588.46,0.2,61.03,527.44,1,1
448.5,0.0,36.7,411.79,0,1
717.38,0.2,189.95,527.44,1,1
633.25,0.2,113.38,519.87,1,1
981.07,0.8,174.78,806.28,4,1
550.82,0.0,78.51,472.31,0,1
645.58,0.2,80.32,565.26,1,1
808.96,0.6,110.76,698.21,3,1
603.17,0.2,75.73,527.44,1,1
527.29,0.2,30.11,497.18,1,1
927.27,0.8,143.68,783.59,4,1
724.3,0.4,96.35,627.95,2,1
1094.41,1.2,140.05,954.36,6,1
846.21,0.6,102.62,743.59,3,1
846.82,0.6,141.05,705.77,3,1
706.0,0.4,62.92,643.08,2,1
802.96,0.6,104.76,698.21,3,1
707.17,0.2,179.73,527.44,1,1
645.66,0.2,80.41,565.26,1,1
523.72,0.0,74.11,449.62,0,1
1166.6,1.2,212.24,954.36,6,1
870.35,0.6,194.84,675.51,3,1
736.86,0.4,101.35,635.51,2,1
896.38,0.8,135.49,760.9,4,1
590.56,0.2,48.0,542.56,1,1
600.37,0.2,57.81,542.56,1,1
713.11,0.4,92.73,620.38,2,1
923.67,0.8,140.08,783.59,4,1
538.67,0.0,89.05,449.62,0,1
550.72,0.0,93.54,457.18,0,1
875.01,0.8,121.68,753.33,4,1
669.31,0.2,104.05,565.26,1,1
572.09,0.2,52.22,519.87,1,1
554.71,0.0,82.41,472.31,0,1
885.85,0.8,140.08,745.77,4,1
1239.4,1.4,207.22,1032.18,7,1
925.16,0.6,189.14,736.03,3,1
569.41,0.0,89.54,479.87,0,1
541.63,0.0,69.32,472.31,0,1
1297.54,1.6,179.97,1117.56,8,1
552.23,0.0,95.05,457.18,0,1
917.49,1.0,101.46,816.03,5,1
765.39,0.6,112.57,652.82,3,1
723.81,0.4,80.73,643.08,2,1
779.6,0.6,111.65,667.95,3,1
792.79,0.4,172.41,620.38,2,1
854.27,0.8,131.19,723.08,4,1
545.48,0.0,95.86,449.62,0,1
496.32,0.0,46.7,449.62,0,1
800.85,0.6,102.65,698.21,3,1
531.23,0.0,74.05,457.18,0,1
1058.97,1.2,134.86,924.1,6,1
605.06,0.2,77.62,527.44,1,1
1041.1,1.0,157.0,884.1,5,1
642.13,0.4,52.0,590.13,2,1
864.68,0.6,143.78,720.9,3,1
793.84,0.4,158.32,635.51,2,1
581.58,0.0,109.27,472.31,0,1
521.45,0.0,71.84,449.62,0,1
489.56,0.0,47.51,442.05,0,1
1019.91,1.0,128.24,891.67,5,1
682.3,0.4,114.86,567.44,2,1
559.66,0.2,54.92,504.74,1,1
756.57,0.4,136.19,620.38,2,1
858.75,0.6,168.11,690.64,3,1
766.78,0.4,116.14,650.64,2,1
753.97,0.4,118.46,635.51,2,1
687.42,0.2,122.16,565.26,1,1
672.2,0.2,106.95,565.26,1,1
1023.82,0.8,217.54,806.28,4,1
911.31,0.4,237.97,673.33,2,1
876.81,0.6,140.78,736.03,3,1
786.35,0.4,158.41,627.95,2,1
618.84,0.4,51.41,567.44,2,1
899.57,0.8,123.54,776.03,4,1
641.73,0.2,99.16,542.56,1,1
853.3,0.4,225.35,627.95,2,1
746.53,0.4,156.41,590.13,2,1
544.02,0.0,86.84,457.18,0,1
644.86,0.2,94.73,550.13,1,1
631.03,0.2,111.16,519.87,1,1
734.14,0.4,113.76,620.38,2,1
719.16,0.4,91.22,627.95,2,1
580.77,0.2,76.03,504.74,1,1
631.95,0.2,96.95,535.0,1,1
907.41,0.8,146.51,760.9,4,1
616.02,0.2,58.32,557.69,1,1
463.36,0.0,44.0,419.36,0,1
442.31,0.0,30.51,411.79,0,1
1351.0,1.6,248.57,1102.44,8,1
818.62,0.6,75.03,743.59,3,1
546.3,0.0,66.43,479.87,0,1
585.81,0.2,50.81,535.0,1,1
682.55,0.4,69.73,612.82,2,1
809.98,0.4,136.65,673.33,2,1
514.24,0.0,64.62,449.62,0,1
657.69,0.2,92.43,565.26,1,1
708.88,0.2,151.19,557.69,1,1
1054.59,1.2,122.92,931.67,6,1
752.16,0.4,116.65,635.51,2,1
803.55,0.6,90.22,713.33,3,1
758.93,0.4,146.11,612.82,2,1
460.33,0.0,33.41,426.92,0,1
841.82,0.8,80.92,760.9,4,1
840.3,0.6,111.84,728.46,3,1
482.7,0.0,48.22,434.49,0,1
735.17,0.2,154.78,580.38,1,1
758.4,0.6,75.32,683.08,3,1
632.95,0.2,97.95,535.0,1,1
746.49,0.4,118.54,627.95,2,1
657.43,0.2,114.86,542.56,1,1
890.25,0.6,229.86,660.38,3,1
840.11,0.6,111.65,728.46,3,1
983.7,1.0,160.11,823.59,5,1
