"Total_Cost","Ratio_Reloc_Prod","Horiz_Cost","Vert_Cost","nReloc","non_Optimal"
224962.83,0.442,34096.04,190866.86,663,300
620.74,0.2,47.92,572.82,1,1
668.3,0.2,133.3,535.0,1,1
1047.79,1.2,93.43,954.36,6,1
1018.13,1.0,126.46,891.67,5,1
549.91,0.0,85.16,464.74,0,1
618.21,0.2,60.51,557.69,1,1
1329.82,1.4,290.08,1039.74,7,1
684.17,0.2,111.35,572.82,1,1
623.49,0.2,96.05,527.44,1,1
714.51,0.4,71.43,643.08,2,1
1285.56,1.2,308.51,977.05,6,1
736.13,0.4,93.05,643.08,2,1
854.75,0.6,111.16,743.59,3,1
602.15,0.2,89.84,512.31,1,1
1072.77,1.2,178.92,893.85,6,1
791.92,0.6,71.03,720.9,3,1
852.04,0.8,98.7,753.33,4,1
646.28,0.2,81.03,565.26,1,1
542.72,0.0,85.54,457.18,0,1
757.45,0.4,152.19,605.26,2,1
1115.14,1.2,145.65,969.49,6,1
1029.47,1.0,115.11,914.36,5,1
475.19,0.0,40.7,434.49,0,1
703.4,0.2,145.7,557.69,1,1
1054.9,1.0,193.49,861.41,5,1
551.39,0.0,86.65,464.74,0,1
635.36,0.2,70.11,565.26,1,1
1328.67,1.6,256.49,1072.18,8,1
888.34,0.6,137.19,751.15,3,1
501.52,0.0,82.16,419.36,0,1
739.15,0.4,133.89,605.26,2,1
550.75,0.0,93.57,457.18,0,1
690.7,0.2,155.7,535.0,1,1
634.08,0.4,51.51,582.56,2,1
611.57,0.2,84.14,527.44,1,1
897.88,0.6,207.24,690.64,3,1
694.77,0.4,81.95,612.82,2,1
788.51,0.4,153.0,635.51,2,1
626.06,0.2,113.76,512.31,1,1
495.75,0.0,53.7,442.05,0,1
753.27,0.4,117.76,635.51,2,1
646.06,0.2,126.19,519.87,1,1
553.5,0.0,88.76,464.74,0,1
521.08,0.0,79.03,442.05,0,1
775.32,0.6,92.24,683.08,3,1
582.28,0.0,109.97,472.31,0,1
501.03,0.0,66.54,434.49,0,1
566.58,0.0,101.84,464.74,0,1
1004.97,0.8,176.0,828.97,4,1
877.59,0.8,101.57,776.03,4,1
1056.27,1.2,79.22,977.05,6,1
723.67,0.2,181.11,542.56,1,1
1027.43,1.2,118.46,908.97,6,1
1161.58,1.2,222.35,939.23,6,1
632.39,0.2,120.08,512.31,1,1
853.05,0.6,109.46,743.59,3,1
827.2,0.6,113.86,713.33,3,1
575.26,0.2,70.51,504.74,1,1
823.61,0.6,132.97,690.64,3,1
458.17,0.0,38.81,419.36,0,1
664.44,0.4,51.62,612.82,2,1
697.27,0.4,69.32,627.95,2,1
946.27,1.0,130.24,816.03,5,1
1003.54,0.8,167.0,836.54,4,1
448.06,0.0,28.7,419.36,0,1
885.92,0.6,149.89,736.03,3,1
497.41,0.0,62.92,434.49,0,1
792.24,0.4,149.16,643.08,2,1
890.54,0.8,106.95,783.59,4,1
751.59,0.4,100.95,650.64,2,1
472.6,0.0,38.11,434.49,0,1
635.17,0.4,67.73,567.44,2,1
724.74,0.6,71.92,652.82,3,1
532.07,0.0,67.32,464.74,0,1
666.99,0.2,116.86,550.13,1,1
839.71,0.8,78.81,760.9,4,1
713.78,0.4,70.7,643.08,2,1
776.73,0.6,93.65,683.08,3,1
571.79,0.2,51.92,519.87,1,1
1005.2,1.0,166.49,838.72,5,1
954.41,1.0,153.51,800.9,5,1
926.02,0.8,127.3,798.72,4,1
818.21,0.4,160.0,658.21,2,1
770.96,0.4,112.76,658.21,2,1
620.08,0.2,92.65,527.44,1,1
629.02,0.2,71.32,557.69,1,1
742.27,0.4,106.76,635.51,2,1
766.84,0.4,138.89,627.95,2,1
760.16,0.4,117.08,643.08,2,1
548.31,0.0,76.0,472.31,0,1
1077.6,1.0,208.62,868.97,5,1
988.06,0.8,159.08,828.97,4,1
818.53,0.6,112.76,705.77,3,1
777.02,0.6,78.81,698.21,3,1
1049.27,0.8,212.73,836.54,4,1
594.92,0.2,59.92,535.0,1,1
604.67,0.2,62.11,542.56,1,1
540.58,0.0,75.84,464.74,0,1
554.04,0.0,96.86,457.18,0,1
536.13,0.0,78.95,457.18,0,1
526.21,0.0,69.03,457.18,0,1
531.45,0.0,81.84,449.62,0,1
519.88,0.0,62.7,457.18,0,1
1091.18,1.2,167.08,924.1,6,1
794.46,0.4,166.51,627.95,2,1
850.96,0.8,112.76,738.21,4,1
688.94,0.4,91.24,597.69,2,1
674.04,0.2,161.73,512.31,1,1
962.07,0.8,170.92,791.15,4,1
902.33,0.8,133.86,768.46,4,1
895.46,0.8,119.43,776.03,4,1
777.85,0.4,119.65,658.21,2,1
863.47,0.6,157.7,705.77,3,1
962.95,0.8,202.05,760.9,4,1
719.1,0.4,76.03,643.08,2,1
790.33,0.4,177.51,612.82,2,1
633.19,0.4,50.62,582.56,2,1
878.91,0.8,95.32,783.59,4,1
584.68,0.2,64.81,519.87,1,1
594.77,0.0,122.46,472.31,0,1
587.22,0.2,52.22,535.0,1,1
569.54,0.0,127.49,442.05,0,1
480.33,0.0,53.41,426.92,0,1
599.37,0.2,56.81,542.56,1,1
975.27,1.0,151.68,823.59,5,1
534.07,0.0,69.32,464.74,0,1
684.37,0.2,126.68,557.69,1,1
739.64,0.6,49.0,690.64,3,1
732.14,0.4,111.76,620.38,2,1
1176.7,0.8,340.16,836.54,4,1
507.18,0.0,50.0,457.18,0,1
754.54,0.6,79.03,675.51,3,1
489.27,0.0,47.22,442.05,0,1
617.53,0.2,67.41,550.13,1,1
1071.53,1.0,172.3,899.23,5,1
700.63,0.2,135.38,565.26,1,1
858.35,0.6,114.76,743.59,3,1
775.09,0.6,122.27,652.82,3,1
1174.39,1.2,220.03,954.36,6,1
696.98,0.4,69.03,627.95,2,1
832.21,0.8,101.57,730.64,4,1
739.1,0.4,96.03,643.08,2,1
783.34,0.6,85.14,698.21,3,1
663.76,0.2,128.76,535.0,1,1
647.74,0.2,127.86,519.87,1,1
697.37,0.4,107.24,590.13,2,1
750.28,0.2,185.03,565.26,1,1
750.19,0.4,114.68,635.51,2,1
737.14,0.4,116.76,620.38,2,1
630.89,0.2,88.32,542.56,1,1
726.88,0.6,96.76,630.13,3,1
820.79,0.4,192.84,627.95,2,1
631.78,0.4,49.22,582.56,2,1
990.12,1.0,136.27,853.85,5,1
589.02,0.0,139.41,449.62,0,1
571.34,0.0,114.16,457.18,0,1
604.01,0.2,84.14,519.87,1,1
628.94,0.4,38.81,590.13,2,1
761.6,0.6,93.65,667.95,3,1
619.48,0.2,76.92,542.56,1,1
545.5,0.0,88.32,457.18,0,1
651.53,0.2,93.84,557.69,1,1
880.87,0.8,119.97,760.9,4,1
553.28,0.0,88.54,464.74,0,1
848.53,0.6,142.76,705.77,3,1
839.55,0.6,133.78,705.77,3,1
1060.89,1.0,191.92,868.97,5,1
1108.44,1.0,194.08,914.36,5,1
749.93,0.4,91.73,658.21,2,1
483.89,0.0,49.41,434.49,0,1
602.87,0.2,75.43,527.44,1,1
573.39,0.0,108.65,464.74,0,1
892.97,0.8,162.32,730.64,4,1
884.59,0.8,108.57,776.03,4,1
532.28,0.0,52.41,479.87,0,1
721.77,0.2,156.51,565.26,1,1
920.08,0.6,191.62,728.46,3,1
701.96,0.4,89.14,612.82,2,1
810.97,0.6,120.32,690.64,3,1
1120.29,1.2,143.24,977.05,6,1
913.29,0.8,114.57,798.72,4,1
625.72,0.2,68.03,557.69,1,1
544.15,0.0,79.41,464.74,0,1
854.67,0.6,164.03,690.64,3,1
1101.42,1.2,169.76,931.67,6,1
946.7,0.8,117.73,828.97,4,1
463.14,0.0,36.22,426.92,0,1
451.58,0.0,32.22,419.36,0,1
848.27,0.4,212.76,635.51,2,1
758.77,0.4,153.51,605.26,2,1
1079.7,1.0,210.73,868.97,5,1
639.97,0.2,89.84,550.13,1,1
663.04,0.2,105.35,557.69,1,1
837.3,0.6,161.78,675.51,3,1
640.02,0.2,82.32,557.69,1,1
635.65,0.4,68.22,567.44,2,1
844.74,0.6,138.97,705.77,3,1
748.12,0.4,135.3,612.82,2,1
976.0,0.8,139.46,836.54,4,1
813.36,0.6,100.03,713.33,3,1
853.94,0.6,163.3,690.64,3,1
652.18,0.2,102.05,550.13,1,1
738.6,0.4,110.65,627.95,2,1
786.62,0.2,191.11,595.51,1,1
609.62,0.2,74.62,535.0,1,1
567.87,0.0,88.0,479.87,0,1
1174.96,1.2,228.16,946.79,6,1
826.6,0.4,198.65,627.95,2,1
778.27,0.4,135.19,643.08,2,1
904.82,0.8,151.49,753.33,4,1
723.27,0.4,95.32,627.95,2,1
676.07,0.4,70.81,605.26,2,1
909.12,0.8,155.78,753.33,4,1
955.91,0.8,172.32,783.59,4,1
539.37,0.0,89.76,449.62,0,1
618.08,0.2,90.65,527.44,1,1
635.07,0.2,84.95,550.13,1,1
725.68,0.4,97.73,627.95,2,1
611.46,0.2,84.03,527.44,1,1
612.76,0.2,85.32,527.44,1,1
795.4,0.4,159.89,635.51,2,1
1202.13,1.4,177.51,1024.62,7,1
808.91,0.4,150.7,658.21,2,1
559.15,0.0,86.84,472.31,0,1
517.61,0.0,60.43,457.18,0,1
1312.34,1.6,172.08,1140.26,8,1
834.15,0.6,128.38,705.77,3,1
878.41,0.8,109.95,768.46,4,1
756.22,0.4,128.27,627.95,2,1
609.29,0.2,66.73,542.56,1,1
609.96,0.2,97.65,512.31,1,1
828.44,0.6,160.49,667.95,3,1
883.49,0.6,162.59,720.9,3,1
595.08,0.2,52.51,542.56,1,1
743.0,0.4,160.43,582.56,2,1
806.29,0.6,115.65,690.64,3,1
538.21,0.0,81.03,457.18,0,1
717.72,0.4,127.59,590.13,2,1
594.35,0.2,66.92,527.44,1,1
897.93,0.8,159.73,738.21,4,1
702.88,0.4,97.62,605.26,2,1
667.26,0.2,109.57,557.69,1,1
816.44,0.4,196.05,620.38,2,1
586.08,0.0,98.65,487.44,0,1
636.84,0.4,61.84,575.0,2,1
647.8,0.2,82.54,565.26,1,1
907.82,0.8,101.54,806.28,4,1
620.58,0.2,108.27,512.31,1,1
580.39,0.2,60.51,519.87,1,1
799.8,0.6,109.16,690.64,3,1
694.91,0.4,89.65,605.26,2,1
712.85,0.4,115.16,597.69,2,1
741.5,0.4,128.68,612.82,2,1
727.65,0.4,92.14,635.51,2,1
577.12,0.0,97.24,479.87,0,1
1166.26,1.2,242.16,924.1,6,1
1122.19,0.8,293.22,828.97,4,1
985.85,1.0,139.57,846.28,5,1
861.08,0.6,125.05,736.03,3,1
486.16,0.0,44.11,442.05,0,1
756.73,0.4,128.78,627.95,2,1
476.75,0.0,34.7,442.05,0,1
723.43,0.2,188.43,535.0,1,1
687.32,0.2,137.19,550.13,1,1
719.08,0.4,91.14,627.95,2,1
661.2,0.2,95.95,565.26,1,1
531.24,0.0,96.76,434.49,0,1
934.47,1.0,80.62,853.85,5,1
650.83,0.2,108.27,542.56,1,1
790.86,0.6,115.35,675.51,3,1
661.73,0.2,119.16,542.56,1,1
925.29,0.8,126.57,798.72,4,1
579.56,0.2,37.0,542.56,1,1
455.36,0.0,36.0,419.36,0,1
498.86,0.0,56.81,442.05,0,1
961.51,0.8,177.92,783.59,4,1
744.8,0.4,79.03,665.77,2,1
809.52,0.6,88.62,720.9,3,1
708.13,0.4,72.62,635.51,2,1
714.84,0.4,79.32,635.51,2,1
868.03,0.6,139.57,728.46,3,1
488.51,0.0,54.03,434.49,0,1
498.08,0.0,56.03,442.05,0,1
815.79,0.8,122.97,692.82,4,1
877.54,0.6,149.08,728.46,3,1
1015.71,1.0,161.86,853.85,5,1
863.08,0.6,127.05,736.03,3,1
863.19,0.8,94.73,768.46,4,1
507.19,0.0,65.14,442.05,0,1
897.49,1.0,89.03,808.46,5,1
891.97,0.8,115.95,776.03,4,1
461.73,0.0,34.81,426.92,0,1
876.87,0.8,115.97,760.9,4,1
693.2,0.4,72.81,620.38,2,1
908.68,0.8,147.78,760.9,4,1
558.94,0.0,101.76,457.18,0,1
553.71,0.2,41.41,512.31,1,1
904.72,0.6,206.51,698.21,3,1
721.05,0.4,85.54,635.51,2,1
721.58,0.4,123.89,597.69,2,1
