"Total_Cost","Ratio_Reloc_Prod","Horiz_Cost","Vert_Cost","nReloc","non_Optimal"
229597.75,0.4847,36738.34,192859.53,727,136
811.13,0.6,75.11,736.03,3,0
521.02,0.0,63.84,457.18,0,0
540.68,0.0,60.81,479.87,0,0
653.78,0.2,103.65,550.13,1,1
549.37,0.0,99.76,449.62,0,0
833.07,0.6,134.86,698.21,3,0
668.23,0.4,55.41,612.82,2,1
514.0,0.0,71.95,442.05,0,0
1035.66,1.0,181.81,853.85,5,0
697.94,0.4,100.24,597.69,2,0
742.22,0.6,81.84,660.38,3,1
843.17,0.6,122.27,720.9,3,1
668.35,0.4,40.41,627.95,2,1
976.6,0.8,155.19,821.41,4,0
1142.16,1.4,117.54,1024.62,7,0
630.25,0.2,57.43,572.82,1,0
477.75,0.0,35.7,442.05,0,0
750.38,0.4,130.0,620.38,2,1
799.17,0.8,53.41,745.77,4,1
495.53,0.0,45.92,449.62,0,0
482.75,0.0,40.7,442.05,0,0
982.85,0.8,169.0,813.85,4,1
787.6,0.6,134.78,652.82,3,0
1092.71,1.0,238.86,853.85,5,1
831.91,0.6,141.27,690.64,3,1
1163.86,1.2,239.76,924.1,6,1
757.9,0.4,145.08,612.82,2,1
1476.85,0.8,731.08,745.77,4,1
524.29,0.0,82.24,442.05,0,1
781.93,0.6,83.73,698.21,3,0
631.05,0.2,96.05,535.0,1,0
714.74,0.2,149.49,565.26,1,0
618.66,0.2,53.41,565.26,1,0
878.35,0.6,134.76,743.59,3,0
669.18,0.4,63.92,605.26,2,1
718.93,0.4,98.54,620.38,2,0
531.5,0.0,74.32,457.18,0,0
613.95,0.4,46.51,567.44,2,1
641.83,0.2,84.14,557.69,1,0
723.74,0.4,110.92,612.82,2,0
456.17,0.0,36.81,419.36,0,0
1320.96,1.6,188.27,1132.69,8,0
494.05,0.0,52.0,442.05,0,0
764.16,0.6,88.65,675.51,3,1
657.14,0.2,84.32,572.82,1,0
550.47,0.0,85.73,464.74,0,1
610.25,0.4,42.81,567.44,2,0
1020.43,1.0,151.46,868.97,5,0
602.37,0.2,59.81,542.56,1,1
764.6,0.6,96.65,667.95,3,0
765.7,0.4,115.05,650.64,2,1
880.25,0.8,119.35,760.9,4,0
657.61,0.4,59.92,597.69,2,1
851.29,0.8,67.7,783.59,4,1
691.2,0.4,85.95,605.26,2,1
1101.57,1.4,152.59,948.97,7,1
838.49,0.8,122.97,715.51,4,1
713.01,0.6,52.62,660.38,3,0
880.3,0.6,159.41,720.9,3,1
473.7,0.0,39.22,434.49,0,0
891.91,0.6,208.84,683.08,3,0
867.21,0.8,136.57,730.64,4,0
749.0,0.4,121.05,627.95,2,0
911.0,0.8,134.97,776.03,4,0
841.56,0.8,103.35,738.21,4,0
788.08,0.6,112.57,675.51,3,0
935.31,1.0,89.03,846.28,5,0
680.95,0.2,153.51,527.44,1,1
571.66,0.0,99.35,472.31,0,1
635.92,0.2,93.35,542.56,1,1
735.52,0.4,115.14,620.38,2,0
575.87,0.2,56.0,519.87,1,1
619.06,0.4,51.62,567.44,2,0
770.13,0.4,127.05,643.08,2,1
474.16,0.0,32.11,442.05,0,0
876.0,0.8,107.54,768.46,4,1
861.51,0.6,178.43,683.08,3,0
871.95,0.8,164.0,707.95,4,1
1008.73,1.0,139.76,868.97,5,1
780.97,0.6,105.46,675.51,3,0
955.68,0.6,234.78,720.9,3,0
848.65,0.6,127.76,720.9,3,0
865.78,0.6,129.76,736.03,3,1
663.82,0.2,98.57,565.26,1,0
668.94,0.2,111.24,557.69,1,0
461.36,0.0,42.0,419.36,0,0
1047.7,1.0,163.59,884.1,5,1
967.91,1.0,136.76,831.15,5,1
511.32,0.0,61.7,449.62,0,1
1039.88,1.2,153.59,886.28,6,1
889.61,0.6,123.32,766.28,3,0
1113.05,1.2,143.57,969.49,6,0
719.46,0.6,51.51,667.95,3,1
677.56,0.2,119.86,557.69,1,1
749.76,0.6,81.81,667.95,3,1
773.81,0.6,105.86,667.95,3,1
591.09,0.2,71.22,519.87,1,0
783.2,0.4,162.81,620.38,2,0
1217.28,1.4,238.05,979.23,7,0
739.3,0.4,111.35,627.95,2,1
731.51,0.4,88.43,643.08,2,0
709.5,0.4,104.24,605.26,2,1
719.06,0.6,51.11,667.95,3,0
984.46,1.0,176.0,808.46,5,1
581.13,0.2,83.95,497.18,1,1
631.1,0.2,88.54,542.56,1,0
768.13,0.4,132.62,635.51,2,0
579.97,0.2,90.35,489.62,1,0
789.67,0.4,199.54,590.13,2,0
718.87,0.4,106.05,612.82,2,1
757.33,0.4,129.38,627.95,2,1
653.09,0.2,87.84,565.26,1,1
526.05,0.2,44.0,482.05,1,1
468.36,0.0,49.0,419.36,0,0
929.16,0.8,160.7,768.46,4,0
645.73,0.2,103.16,542.56,1,1
468.17,0.0,48.81,419.36,0,0
458.23,0.0,54.0,404.23,0,0
1219.58,1.4,225.22,994.36,7,0
521.59,0.0,79.54,442.05,0,0
2179.57,1.2,1331.11,848.46,6,1
775.32,0.6,92.24,683.08,3,1
766.07,0.6,75.43,690.64,3,0
438.9,0.0,27.11,411.79,0,0
712.7,0.2,170.14,542.56,1,0
743.85,0.4,138.59,605.26,2,0
720.91,0.4,130.78,590.13,2,1
1146.12,1.4,166.89,979.23,7,1
814.67,0.6,139.16,675.51,3,0
1084.5,1.0,245.78,838.72,5,1
866.92,0.4,238.97,627.95,2,1
682.26,0.2,124.57,557.69,1,0
524.72,0.0,67.54,457.18,0,0
601.35,0.2,73.92,527.44,1,1
835.13,0.6,144.49,690.64,3,0
955.29,1.0,116.57,838.72,5,1
851.39,0.6,153.19,698.21,3,0
502.27,0.0,75.35,426.92,0,1
781.81,0.6,113.86,667.95,3,1
989.48,0.8,198.32,791.15,4,0
676.69,0.4,139.51,537.18,2,0
459.47,0.0,40.11,419.36,0,0
658.34,0.2,100.65,557.69,1,1
893.97,0.8,117.95,776.03,4,1
723.26,0.4,125.57,597.69,2,1
1130.64,1.4,106.03,1024.62,7,0
487.41,0.0,52.92,434.49,0,0
892.05,0.8,168.97,723.08,4,1
694.39,0.2,121.57,572.82,1,0
797.9,0.4,177.51,620.38,2,1
661.85,0.2,104.16,557.69,1,1
683.31,0.4,85.62,597.69,2,0
727.6,0.4,99.65,627.95,2,0
1006.58,0.8,200.3,806.28,4,0
784.71,0.6,116.76,667.95,3,0
737.38,0.6,69.43,667.95,3,1
649.94,0.4,59.81,590.13,2,1
922.44,0.8,169.11,753.33,4,1
626.57,0.2,99.14,527.44,1,1
1003.36,1.2,101.95,901.41,6,0
845.59,0.6,162.51,683.08,3,0
562.78,0.0,113.16,449.62,0,1
863.83,0.6,165.62,698.21,3,1
641.17,0.4,73.73,567.44,2,1
1057.92,1.0,196.51,861.41,5,1
728.96,0.4,131.27,597.69,2,1
1164.22,1.4,162.3,1001.92,7,1
835.63,0.6,129.86,705.77,3,0
994.47,1.0,148.19,846.28,5,0
865.36,0.6,159.59,705.77,3,1
739.16,0.4,103.65,635.51,2,0
851.81,0.6,123.35,728.46,3,1
801.29,0.4,143.08,658.21,2,1
915.98,0.8,102.14,813.85,4,0
1137.14,1.2,182.78,954.36,6,1
655.61,0.4,57.92,597.69,2,0
814.15,0.6,115.95,698.21,3,1
552.04,0.0,79.73,472.31,0,1
708.91,0.4,118.78,590.13,2,1
1159.53,1.2,280.81,878.72,6,0
826.89,0.6,98.43,728.46,3,0
992.0,1.0,168.41,823.59,5,1
747.24,0.4,104.16,643.08,2,0
662.95,0.4,87.95,575.0,2,1
551.28,0.0,86.54,464.74,0,0
741.38,0.6,73.43,667.95,3,1
730.16,0.4,94.65,635.51,2,0
882.62,0.8,99.03,783.59,4,0
570.26,0.2,65.51,504.74,1,1
874.09,0.8,120.76,753.33,4,1
738.72,0.4,148.59,590.13,2,1
1042.24,0.8,205.7,836.54,4,0
824.64,0.8,86.43,738.21,4,0
1002.43,1.0,118.32,884.1,5,1
829.24,0.6,146.16,683.08,3,1
545.83,0.0,88.65,457.18,0,1
620.0,0.2,77.43,542.56,1,0
591.32,0.2,56.32,535.0,1,1
841.22,0.4,213.27,627.95,2,0
591.44,0.2,64.0,527.44,1,0
1045.49,1.2,144.08,901.41,6,1
815.38,0.4,187.43,627.95,2,1
720.8,0.4,130.68,590.13,2,0
932.73,1.0,124.27,808.46,5,0
448.06,0.0,28.7,419.36,0,0
855.03,0.6,126.57,728.46,3,1
917.76,1.0,101.73,816.03,5,0
730.55,0.4,110.16,620.38,2,1
632.82,0.2,128.08,504.74,1,0
666.28,0.4,61.03,605.26,2,0
515.1,0.0,57.92,457.18,0,1
924.68,0.8,163.78,760.9,4,1
806.22,0.6,85.32,720.9,3,0
664.32,0.2,121.76,542.56,1,1
500.75,0.0,58.7,442.05,0,0
1720.41,0.6,1060.03,660.38,3,1
1013.68,0.8,252.78,760.9,4,0
713.77,0.4,100.95,612.82,2,0
649.32,0.4,74.32,575.0,2,0
635.94,0.2,85.81,550.13,1,1
869.64,1.0,91.43,778.21,5,1
953.17,0.8,146.89,806.28,4,1
934.67,0.6,183.51,751.15,3,0
738.89,0.4,110.95,627.95,2,1
708.09,0.4,102.84,605.26,2,0
460.17,0.0,40.81,419.36,0,0
707.96,0.4,110.27,597.69,2,0
460.98,0.0,41.62,419.36,0,0
951.64,0.8,160.49,791.15,4,0
692.13,0.4,109.57,582.56,2,0
685.73,0.2,158.3,527.44,1,1
751.29,0.6,68.22,683.08,3,1
697.02,0.2,146.89,550.13,1,1
821.16,0.8,52.7,768.46,4,1
484.86,0.0,42.81,442.05,0,0
461.89,0.0,27.41,434.49,0,1
822.59,0.8,91.95,730.64,4,0
729.66,0.2,164.41,565.26,1,0
893.12,0.8,139.78,753.33,4,0
674.51,0.4,91.95,582.56,2,0
815.51,0.8,92.43,723.08,4,1
909.59,0.6,173.57,736.03,3,0
716.48,0.4,126.35,590.13,2,1
893.04,0.8,147.27,745.77,4,1
728.01,0.4,107.62,620.38,2,0
526.43,0.0,91.95,434.49,0,1
789.35,0.6,106.27,683.08,3,1
948.84,0.8,172.81,776.03,4,1
867.52,0.6,154.19,713.33,3,1
809.43,0.6,73.41,736.03,3,0
992.43,0.8,163.46,828.97,4,0
912.54,0.6,176.51,736.03,3,0
583.04,0.2,70.73,512.31,1,1
719.21,0.4,136.65,582.56,2,0
710.58,0.2,152.89,557.69,1,0
437.2,0.0,25.41,411.79,0,1
635.7,0.2,93.14,542.56,1,0
560.91,0.0,96.16,464.74,0,0
983.41,0.8,214.95,768.46,4,0
530.58,0.0,73.41,457.18,0,0
468.79,0.0,49.43,419.36,0,0
701.2,0.2,181.32,519.87,1,0
678.15,0.2,120.46,557.69,1,1
1184.28,1.4,189.92,994.36,7,0
691.43,0.2,141.3,550.13,1,1
753.62,0.4,110.54,643.08,2,1
655.36,0.4,50.11,605.26,2,1
619.78,0.2,77.22,542.56,1,0
917.69,0.8,171.92,745.77,4,1
467.06,0.0,47.7,419.36,0,0
547.99,0.2,50.81,497.18,1,1
529.75,0.0,80.14,449.62,0,1
788.2,0.6,135.38,652.82,3,1
914.63,0.8,161.3,753.33,4,0
624.0,0.2,96.57,527.44,1,1
834.08,0.6,151.0,683.08,3,0
875.34,0.8,144.7,730.64,4,1
878.54,0.8,94.95,783.59,4,1
736.64,0.4,78.43,658.21,2,0
754.08,0.6,86.14,667.95,3,0
980.81,1.0,111.84,868.97,5,0
509.35,0.0,59.73,449.62,0,0
884.76,0.8,123.86,760.9,4,1
713.14,0.4,92.76,620.38,2,1
549.58,0.0,84.84,464.74,0,0
744.09,0.4,131.27,612.82,2,0
771.47,0.4,151.08,620.38,2,0
888.41,0.8,119.95,768.46,4,0
657.68,0.2,122.68,535.0,1,0
622.64,0.2,117.89,504.74,1,1
686.53,0.4,88.84,597.69,2,0
1003.39,1.0,210.05,793.33,5,0
739.69,0.4,126.86,612.82,2,0
949.33,0.8,196.0,753.33,4,0
644.55,0.2,71.73,572.82,1,0
684.24,0.4,101.68,582.56,2,0
872.38,0.6,151.49,720.9,3,1
561.99,0.0,97.24,464.74,0,0
630.59,0.2,88.03,542.56,1,0
450.76,0.0,31.41,419.36,0,0
