"Total_Cost","Ratio_Reloc_Prod","Horiz_Cost","Vert_Cost","nReloc","non_Optimal"
225858.88,0.428,35000.14,190858.89,642,300
706.6,0.4,86.22,620.38,2,1
880.27,0.6,136.68,743.59,3,1
1009.26,0.8,218.11,791.15,4,1
727.98,0.2,200.54,527.44,1,1
909.25,0.6,195.92,713.33,3,1
760.04,0.4,101.84,658.21,2,1
882.69,0.6,123.97,758.72,3,1
1070.77,1.0,163.97,906.79,5,1
921.9,0.6,208.57,713.33,3,1
991.07,1.0,144.78,846.28,5,1
804.17,0.6,90.84,713.33,3,1
714.89,0.4,71.81,643.08,2,1
937.9,0.8,177.0,760.9,4,1
601.82,0.2,81.95,519.87,1,1
917.35,0.6,181.32,736.03,3,1
899.89,0.6,156.3,743.59,3,1
1097.85,1.2,151.05,946.79,6,1
791.95,0.4,164.0,627.95,2,1
875.55,0.6,169.78,705.77,3,1
526.31,0.0,69.14,457.18,0,1
831.39,0.6,133.19,698.21,3,1
742.17,0.4,68.84,673.33,2,1
710.49,0.4,82.54,627.95,2,1
549.59,0.2,67.54,482.05,1,1
747.36,0.4,126.97,620.38,2,1
543.79,0.0,63.92,479.87,0,1
881.18,0.8,90.03,791.15,4,1
920.78,0.8,137.19,783.59,4,1
1086.64,1.0,202.54,884.1,5,1
576.28,0.0,103.97,472.31,0,1
498.32,0.0,48.7,449.62,0,1
801.15,0.6,102.95,698.21,3,1
702.68,0.4,127.68,575.0,2,1
663.15,0.2,105.46,557.69,1,1
478.49,0.0,44.0,434.49,0,1
820.03,0.6,99.14,720.9,3,1
532.21,0.0,90.16,442.05,0,1
662.1,0.4,79.54,582.56,2,1
889.52,0.8,136.19,753.33,4,1
773.14,0.6,59.81,713.33,3,1
710.82,0.2,190.95,519.87,1,1
1188.62,1.2,219.14,969.49,6,1
561.44,0.0,74.0,487.44,0,1
630.92,0.2,88.35,542.56,1,1
1061.06,1.0,139.14,921.92,5,1
731.93,0.4,73.73,658.21,2,1
925.63,0.6,204.73,720.9,3,1
982.74,0.6,269.41,713.33,3,1
962.28,0.8,156.0,806.28,4,1
624.77,0.2,59.51,565.26,1,1
720.96,0.2,155.7,565.26,1,1
1006.89,0.8,162.78,844.1,4,1
887.95,0.6,159.49,728.46,3,1
957.39,0.8,158.68,798.72,4,1
812.32,0.6,121.68,690.64,3,1
975.21,0.6,224.05,751.15,3,1
613.85,0.0,149.11,464.74,0,1
631.3,0.2,103.86,527.44,1,1
557.71,0.2,45.41,512.31,1,1
565.66,0.0,93.35,472.31,0,1
1056.3,1.2,154.89,901.41,6,1
725.62,0.4,82.54,643.08,2,1
801.5,0.6,95.73,705.77,3,1
481.75,0.0,39.7,442.05,0,1
509.24,0.0,59.62,449.62,0,1
478.6,0.0,44.11,434.49,0,1
554.38,0.0,119.89,434.49,0,1
445.47,0.0,26.11,419.36,0,1
858.41,0.8,89.95,768.46,4,1
524.1,0.0,66.92,457.18,0,1
649.33,0.2,76.51,572.82,1,1
483.46,0.0,41.41,442.05,0,1
639.91,0.4,42.22,597.69,2,1
538.77,0.0,74.03,464.74,0,1
845.33,0.6,116.86,728.46,3,1
792.57,0.6,117.05,675.51,3,1
556.25,0.0,83.95,472.31,0,1
864.98,0.6,144.08,720.9,3,1
799.77,0.4,141.57,658.21,2,1
656.63,0.2,129.19,527.44,1,1
830.95,0.6,110.05,720.9,3,1
1144.0,1.2,182.08,961.92,6,1
1206.37,1.4,174.19,1032.18,7,1
471.75,0.0,29.7,442.05,0,1
1191.87,1.4,197.51,994.36,7,1
536.63,0.0,64.32,472.31,0,1
661.31,0.2,96.05,565.26,1,1
777.28,0.4,156.89,620.38,2,1
511.55,0.0,46.81,464.74,0,1
451.06,0.0,31.7,419.36,0,1
604.48,0.2,61.92,542.56,1,1
508.72,0.0,59.11,449.62,0,1
1154.08,1.2,184.59,969.49,6,1
765.38,0.4,129.86,635.51,2,1
966.85,0.6,208.14,758.72,3,1
674.02,0.2,123.89,550.13,1,1
1112.58,1.0,198.22,914.36,5,1
623.71,0.0,136.27,487.44,0,1
875.37,0.6,131.78,743.59,3,1
667.5,0.2,102.24,565.26,1,1
710.25,0.2,129.86,580.38,1,1
735.45,0.2,185.32,550.13,1,1
998.35,1.0,114.24,884.1,5,1
1293.68,1.6,198.81,1094.87,8,1
499.58,0.0,42.41,457.18,0,1
495.86,0.0,53.81,442.05,0,1
667.61,0.2,102.35,565.26,1,1
883.77,0.6,125.05,758.72,3,1
825.56,0.6,142.49,683.08,3,1
778.75,0.4,120.54,658.21,2,1
520.12,0.0,47.81,472.31,0,1
775.84,0.4,147.89,627.95,2,1
879.79,0.6,158.89,720.9,3,1
809.25,0.4,181.3,627.95,2,1
667.15,0.2,109.46,557.69,1,1
610.4,0.2,67.84,542.56,1,1
494.16,0.0,52.11,442.05,0,1
1152.14,1.2,190.22,961.92,6,1
520.96,0.0,56.22,464.74,0,1
750.9,0.4,138.08,612.82,2,1
665.13,0.2,122.57,542.56,1,1
749.07,0.4,151.38,597.69,2,1
786.48,0.6,95.84,690.64,3,1
750.58,0.4,152.89,597.69,2,1
721.14,0.4,108.32,612.82,2,1
745.0,0.6,61.92,683.08,3,1
1080.53,1.0,181.3,899.23,5,1
727.25,0.4,106.86,620.38,2,1
929.78,1.0,98.62,831.15,5,1
952.02,0.8,107.92,844.1,4,1
707.08,0.4,79.14,627.95,2,1
1028.6,1.0,167.19,861.41,5,1
878.0,0.6,141.97,736.03,3,1
777.16,0.4,134.08,643.08,2,1
572.45,0.0,115.27,457.18,0,1
1018.94,0.8,182.41,836.54,4,1
734.92,0.6,59.41,675.51,3,1
654.09,0.2,88.84,565.26,1,1
981.74,0.8,167.89,813.85,4,1
787.96,0.4,182.7,605.26,2,1
473.19,0.0,38.7,434.49,0,1
446.31,0.0,34.51,411.79,0,1
781.21,0.6,98.14,683.08,3,1
782.04,0.6,83.84,698.21,3,1
773.73,0.6,90.65,683.08,3,1
596.01,0.0,131.27,464.74,0,1
625.44,0.2,105.57,519.87,1,1
713.49,0.4,85.54,627.95,2,1
858.29,0.6,175.22,683.08,3,1
933.97,0.8,150.38,783.59,4,1
776.53,0.6,78.32,698.21,3,1
896.11,0.6,160.08,736.03,3,1
644.28,0.2,79.03,565.26,1,1
634.59,0.2,92.03,542.56,1,1
839.52,0.4,166.19,673.33,2,1
695.23,0.2,129.97,565.26,1,1
636.84,0.2,116.97,519.87,1,1
612.45,0.2,62.32,550.13,1,1
706.93,0.2,141.68,565.26,1,1
587.15,0.0,129.97,457.18,0,1
603.29,0.0,146.11,457.18,0,1
828.67,0.6,145.59,683.08,3,1
720.29,0.4,77.22,643.08,2,1
492.51,0.0,58.03,434.49,0,1
560.99,0.0,96.24,464.74,0,1
1073.83,1.0,189.73,884.1,5,1
504.18,0.0,47.0,457.18,0,1
473.36,0.0,54.0,419.36,0,1
714.69,0.4,109.43,605.26,2,1
753.28,0.4,132.89,620.38,2,1
743.47,0.6,90.65,652.82,3,1
606.1,0.2,48.41,557.69,1,1
903.54,0.6,167.51,736.03,3,1
615.63,0.2,95.76,519.87,1,1
788.83,0.6,105.76,683.08,3,1
911.21,0.8,120.05,791.15,4,1
636.07,0.2,85.95,550.13,1,1
771.51,0.4,120.86,650.64,2,1
962.53,0.8,171.38,791.15,4,1
802.5,0.4,129.16,673.33,2,1
918.32,0.8,127.16,791.15,4,1
871.21,0.6,135.19,736.03,3,1
621.26,0.2,71.14,550.13,1,1
738.15,0.4,87.51,650.64,2,1
990.83,0.8,192.11,798.72,4,1
757.43,0.4,114.35,643.08,2,1
641.97,0.2,106.97,535.0,1,1
940.13,0.8,217.05,723.08,4,1
512.69,0.0,55.51,457.18,0,1
640.18,0.2,90.05,550.13,1,1
772.04,0.6,73.84,698.21,3,1
605.37,0.2,62.81,542.56,1,1
502.92,0.0,68.43,434.49,0,1
768.93,0.4,156.11,612.82,2,1
685.09,0.4,64.7,620.38,2,1
656.12,0.4,58.43,597.69,2,1
723.26,0.4,125.57,597.69,2,1
895.45,0.8,111.86,783.59,4,1
764.68,0.4,144.3,620.38,2,1
555.71,0.0,75.84,479.87,0,1
1050.01,1.0,150.78,899.23,5,1
473.3,0.0,38.81,434.49,0,1
767.75,0.4,124.68,643.08,2,1
659.39,0.2,94.14,565.26,1,1
784.41,0.6,116.46,667.95,3,1
718.71,0.2,145.89,572.82,1,1
503.03,0.0,68.54,434.49,0,1
749.43,0.4,106.35,643.08,2,1
558.68,0.0,78.81,479.87,0,1
1137.84,1.2,160.78,977.05,6,1
648.8,0.2,83.54,565.26,1,1
609.86,0.2,112.68,497.18,1,1
769.87,0.6,109.49,660.38,3,1
883.81,0.8,115.35,768.46,4,1
867.52,0.8,99.05,768.46,4,1
701.17,0.4,88.35,612.82,2,1
776.67,0.6,86.03,690.64,3,1
723.19,0.2,180.62,542.56,1,1
636.57,0.4,69.14,567.44,2,1
741.07,0.4,90.43,650.64,2,1
791.97,0.6,116.46,675.51,3,1
1196.05,1.2,211.43,984.62,6,1
639.04,0.0,166.73,472.31,0,1
710.87,0.4,98.05,612.82,2,1
628.34,0.2,78.22,550.13,1,1
701.52,0.4,81.14,620.38,2,1
868.77,0.6,163.0,705.77,3,1
575.77,0.0,103.46,472.31,0,1
932.64,0.6,173.92,758.72,3,1
792.87,0.4,164.92,627.95,2,1
558.41,0.0,78.54,479.87,0,1
696.21,0.2,146.08,550.13,1,1
962.89,1.0,139.3,823.59,5,1
937.77,0.8,139.05,798.72,4,1
943.68,0.8,129.84,813.85,4,1
798.39,0.4,140.19,658.21,2,1
876.74,0.8,115.84,760.9,4,1
564.54,0.0,122.49,442.05,0,1
720.11,0.4,99.73,620.38,2,1
778.3,0.6,110.35,667.95,3,1
498.02,0.0,48.41,449.62,0,1
689.34,0.4,91.65,597.69,2,1
969.79,1.0,115.95,853.85,5,1
605.83,0.2,55.7,550.13,1,1
628.65,0.2,93.65,535.0,1,1
475.04,0.0,63.24,411.79,0,1
763.4,0.6,80.32,683.08,3,1
714.22,0.4,93.84,620.38,2,1
852.78,0.6,169.7,683.08,3,1
662.53,0.2,104.84,557.69,1,1
781.32,0.2,231.19,550.13,1,1
648.15,0.2,143.41,504.74,1,1
808.06,0.6,94.73,713.33,3,1
839.15,0.6,133.38,705.77,3,1
946.04,0.8,139.76,806.28,4,1
943.05,0.8,151.89,791.15,4,1
949.57,0.8,128.16,821.41,4,1
524.21,0.0,67.03,457.18,0,1
515.62,0.0,66.0,449.62,0,1
808.87,0.4,196.05,612.82,2,1
747.25,0.6,94.43,652.82,3,1
697.49,0.4,69.54,627.95,2,1
757.08,0.4,121.57,635.51,2,1
823.14,0.6,102.24,720.9,3,1
942.08,0.8,158.49,783.59,4,1
982.61,0.8,183.89,798.72,4,1
488.05,0.0,46.0,442.05,0,1
1043.74,1.0,205.03,838.72,5,1
662.03,0.2,81.65,580.38,1,1
817.47,0.4,204.65,612.82,2,1
649.16,0.2,114.16,535.0,1,1
580.96,0.2,68.65,512.31,1,1
844.82,0.6,131.49,713.33,3,1
622.05,0.2,71.92,550.13,1,1
508.72,0.0,59.11,449.62,0,1
1119.76,1.2,165.41,954.36,6,1
506.96,0.0,42.22,464.74,0,1
845.12,0.4,186.92,658.21,2,1
602.09,0.0,129.78,472.31,0,1
622.57,0.0,127.57,495.0,0,1
467.19,0.0,32.7,434.49,0,1
692.96,0.2,135.27,557.69,1,1
804.62,0.4,169.11,635.51,2,1
947.72,0.8,156.57,791.15,4,1
655.45,0.2,97.76,557.69,1,1
862.79,0.8,109.46,753.33,4,1
722.29,0.4,79.22,643.08,2,1
770.2,0.4,104.43,665.77,2,1
485.11,0.0,50.62,434.49,0,1
671.81,0.4,89.24,582.56,2,1
594.81,0.2,59.81,535.0,1,1
985.0,0.8,216.54,768.46,4,1
478.86,0.0,36.81,442.05,0,1
925.9,0.6,212.57,713.33,3,1
943.9,0.6,230.57,713.33,3,1
1120.09,1.0,258.68,861.41,5,1
572.96,0.0,115.78,457.18,0,1
943.96,0.8,145.24,798.72,4,1
731.93,0.4,73.73,658.21,2,1
654.31,0.4,56.62,597.69,2,1
