"Total_Cost","Ratio_Reloc_Prod","Horiz_Cost","Vert_Cost","nReloc","non_Optimal"
223803.36,0.4233,33406.12,190397.32,635,300
706.6,0.4,86.22,620.38,2,1
880.27,0.6,136.68,743.59,3,1
1009.26,0.8,218.11,791.15,4,1
727.98,0.2,200.54,527.44,1,1
909.25,0.6,195.92,713.33,3,1
760.04,0.4,101.84,658.21,2,1
882.69,0.6,123.97,758.72,3,1
1054.71,1.0,140.35,914.36,5,1
859.44,0.6,146.11,713.33,3,1
959.29,1.0,120.57,838.72,5,1
778.14,0.6,64.81,713.33,3,1
714.89,0.4,71.81,643.08,2,1
911.76,0.8,150.86,760.9,4,1
561.87,0.2,42.0,519.87,1,1
890.32,0.6,154.3,736.03,3,1
894.68,0.6,166.22,728.46,3,1
1126.69,1.2,179.89,946.79,6,1
808.62,0.4,173.11,635.51,2,1
843.82,0.6,138.05,705.77,3,1
521.02,0.0,63.84,457.18,0,1
858.49,0.6,137.59,720.9,3,1
733.31,0.4,67.54,665.77,2,1
710.49,0.4,82.54,627.95,2,1
560.86,0.2,71.24,489.62,1,1
710.93,0.4,90.54,620.38,2,1
630.31,0.2,72.62,557.69,1,1
884.88,0.8,93.73,791.15,4,1
920.78,0.8,137.19,783.59,4,1
1064.51,1.0,180.41,884.1,5,1
547.48,0.0,97.86,449.62,0,1
519.99,0.0,62.81,457.18,0,1
762.64,0.4,119.57,643.08,2,1
728.91,0.4,138.78,590.13,2,1
660.56,0.2,102.86,557.69,1,1
452.17,0.0,32.81,419.36,0,1
753.04,0.4,94.84,658.21,2,1
648.45,0.2,90.76,557.69,1,1
589.44,0.2,77.14,512.31,1,1
821.27,0.6,138.19,683.08,3,1
766.58,0.6,60.81,705.77,3,1
710.82,0.2,190.95,519.87,1,1
1263.18,1.4,223.43,1039.74,7,1
616.21,0.2,58.51,557.69,1,1
633.21,0.2,90.65,542.56,1,1
1084.9,1.0,162.97,921.92,5,1
722.07,0.4,71.43,650.64,2,1
904.5,0.6,198.73,705.77,3,1
961.61,0.6,263.41,698.21,3,1
962.28,0.8,156.0,806.28,4,1
624.77,0.2,59.51,565.26,1,1
666.42,0.2,101.16,565.26,1,1
975.35,0.8,131.24,844.1,4,1
861.57,0.6,125.54,736.03,3,1
1043.75,1.0,152.08,891.67,5,1
783.02,0.6,99.95,683.08,3,1
991.72,0.6,240.57,751.15,3,1
568.42,0.0,103.68,464.74,0,1
629.46,0.2,94.46,535.0,1,1
557.71,0.2,45.41,512.31,1,1
574.93,0.0,95.05,479.87,0,1
1043.79,1.0,174.81,868.97,5,1
877.74,0.8,79.03,798.72,4,1
731.21,0.4,88.14,643.08,2,1
480.05,0.0,38.0,442.05,0,1
482.3,0.0,47.81,434.49,0,1
522.58,0.0,65.41,457.18,0,1
589.72,0.0,140.11,449.62,0,1
497.94,0.0,48.32,449.62,0,1
888.91,0.8,97.76,791.15,4,1
516.13,0.0,66.51,449.62,0,1
515.31,0.0,58.14,457.18,0,1
490.75,0.0,48.7,442.05,0,1
528.75,0.2,46.7,482.05,1,1
506.78,0.0,64.73,442.05,0,1
853.67,0.6,117.65,736.03,3,1
890.03,0.8,121.57,768.46,4,1
552.66,0.0,87.92,464.74,0,1
779.03,0.4,151.08,627.95,2,1
776.88,0.4,126.24,650.64,2,1
599.34,0.0,134.59,464.74,0,1
732.86,0.4,97.35,635.51,2,1
1015.68,1.0,154.27,861.41,5,1
915.18,0.8,116.46,798.72,4,1
533.63,0.0,61.32,472.31,0,1
1014.55,1.0,160.7,853.85,5,1
546.9,0.0,67.03,479.87,0,1
629.21,0.2,71.51,557.69,1,1
784.14,0.4,156.19,627.95,2,1
520.52,0.0,48.22,472.31,0,1
486.0,0.0,51.51,434.49,0,1
600.22,0.2,65.22,535.0,1,1
501.56,0.0,59.51,442.05,0,1
1257.6,1.4,210.3,1047.31,7,1
765.38,0.4,129.86,635.51,2,1
948.64,0.6,189.92,758.72,3,1
674.02,0.2,123.89,550.13,1,1
1097.61,1.0,190.81,906.79,5,1
626.0,0.0,138.57,487.44,0,1
859.81,0.6,123.78,736.03,3,1
683.28,0.2,110.46,572.82,1,1
641.7,0.2,99.14,542.56,1,1
713.46,0.2,170.89,542.56,1,1
941.22,0.8,112.24,828.97,4,1
989.95,0.8,176.11,813.85,4,1
526.12,0.0,53.81,472.31,0,1
509.24,0.0,59.62,449.62,0,1
732.65,0.4,97.14,635.51,2,1
1017.83,1.0,126.16,891.67,5,1
1011.22,1.0,157.38,853.85,5,1
722.7,0.4,79.62,643.08,2,1
464.33,0.0,37.41,426.92,0,1
746.44,0.4,126.05,620.38,2,1
1004.19,1.0,127.65,876.54,5,1
887.82,0.6,174.49,713.33,3,1
955.22,0.8,141.38,813.85,4,1
691.36,0.4,78.54,612.82,2,1
442.2,0.0,30.41,411.79,0,1
947.01,1.0,100.73,846.28,5,1
485.46,0.0,43.41,442.05,0,1
757.33,0.4,129.38,627.95,2,1
654.73,0.2,112.16,542.56,1,1
599.37,0.2,56.81,542.56,1,1
743.03,0.6,67.51,675.51,3,1
765.57,0.4,145.19,620.38,2,1
651.67,0.2,101.54,550.13,1,1
825.99,0.8,80.22,745.77,4,1
1084.79,1.0,178.0,906.79,5,1
679.98,0.2,107.16,572.82,1,1
1033.76,1.2,132.35,901.41,6,1
955.72,0.8,111.62,844.1,4,1
749.15,0.6,58.51,690.64,3,1
959.79,0.8,138.38,821.41,4,1
948.48,0.8,164.89,783.59,4,1
980.85,0.8,167.0,813.85,4,1
555.34,0.0,98.16,457.18,0,1
960.76,0.8,139.35,821.41,4,1
603.61,0.2,45.92,557.69,1,1
618.26,0.2,68.14,550.13,1,1
1032.67,1.0,148.57,884.1,5,1
775.55,0.4,155.16,620.38,2,1
489.6,0.0,55.11,434.49,0,1
464.98,0.0,45.62,419.36,0,1
713.19,0.4,85.24,627.95,2,1
798.31,0.6,92.54,705.77,3,1
873.92,0.8,105.46,768.46,4,1
604.98,0.0,132.68,472.31,0,1
542.07,0.0,92.46,449.62,0,1
690.44,0.4,77.62,612.82,2,1
1107.89,1.2,198.92,908.97,6,1
816.38,0.6,156.0,660.38,3,1
657.42,0.4,59.73,597.69,2,1
891.76,0.6,163.3,728.46,3,1
655.14,0.2,82.32,572.82,1,1
605.82,0.2,85.95,519.87,1,1
835.07,0.4,169.3,665.77,2,1
823.36,0.4,157.59,665.77,2,1
588.32,0.0,138.7,449.62,0,1
634.97,0.2,84.84,550.13,1,1
734.26,0.4,83.62,650.64,2,1
648.6,0.2,121.16,527.44,1,1
538.11,0.0,96.05,442.05,0,1
683.46,0.2,140.89,542.56,1,1
698.09,0.4,92.84,605.26,2,1
508.48,0.0,66.43,442.05,0,1
558.88,0.0,94.14,464.74,0,1
1102.69,1.0,211.03,891.67,5,1
482.05,0.0,40.0,442.05,0,1
493.0,0.0,58.51,434.49,0,1
872.08,0.8,103.62,768.46,4,1
803.56,0.6,105.35,698.21,3,1
625.1,0.2,82.54,542.56,1,1
582.7,0.2,47.7,535.0,1,1
876.21,0.6,140.19,736.03,3,1
611.66,0.2,99.35,512.31,1,1
777.12,0.6,78.92,698.21,3,1
1056.35,1.0,179.81,876.54,5,1
646.97,0.2,111.97,535.0,1,1
837.2,0.6,123.86,713.33,3,1
924.92,0.6,188.89,736.03,3,1
772.61,0.4,106.84,665.77,2,1
827.52,0.4,139.05,688.46,2,1
985.55,1.0,139.27,846.28,5,1
993.14,1.0,124.16,868.97,5,1
778.91,0.4,128.27,650.64,2,1
1041.2,1.0,194.92,846.28,5,1
649.34,0.2,91.65,557.69,1,1
848.41,0.8,87.51,760.9,4,1
887.28,0.8,126.38,760.9,4,1
511.66,0.0,46.92,464.74,0,1
657.85,0.2,100.16,557.69,1,1
794.75,0.6,96.54,698.21,3,1
642.12,0.2,84.43,557.69,1,1
464.28,0.0,44.92,419.36,0,1
740.41,0.4,112.46,627.95,2,1
763.94,0.4,120.86,643.08,2,1
632.5,0.4,34.81,597.69,2,1
890.17,0.8,144.41,745.77,4,1
881.58,0.8,143.38,738.21,4,1
602.74,0.0,138.0,464.74,0,1
622.8,0.2,65.11,557.69,1,1
742.04,0.4,83.84,658.21,2,1
647.55,0.2,74.73,572.82,1,1
720.56,0.2,170.43,550.13,1,1
606.78,0.2,64.22,542.56,1,1
876.64,0.6,133.05,743.59,3,1
561.5,0.0,96.76,464.74,0,1
584.41,0.2,49.41,535.0,1,1
879.3,0.6,158.41,720.9,3,1
776.0,0.6,92.92,683.08,3,1
1020.57,1.0,151.59,868.97,5,1
633.37,0.2,83.24,550.13,1,1
985.93,1.2,99.65,886.28,6,1
682.23,0.2,116.97,565.26,1,1
866.64,0.6,123.05,743.59,3,1
831.81,0.6,103.35,728.46,3,1
783.63,0.4,117.86,665.77,2,1
827.21,0.6,83.62,743.59,3,1
580.36,0.0,108.05,472.31,0,1
562.2,0.0,97.46,464.74,0,1
848.89,0.6,112.86,736.03,3,1
872.5,0.8,119.16,753.33,4,1
888.95,0.6,175.62,713.33,3,1
612.21,0.0,155.03,457.18,0,1
815.97,0.8,100.46,715.51,4,1
705.43,0.4,69.92,635.51,2,1
781.56,0.6,90.92,690.64,3,1
773.93,0.6,128.68,645.26,3,1
725.91,0.4,82.84,643.08,2,1
1006.14,1.0,152.3,853.85,5,1
833.48,0.6,150.41,683.08,3,1
597.81,0.0,110.38,487.44,0,1
551.13,0.0,93.95,457.18,0,1
867.67,0.8,91.65,776.03,4,1
766.97,0.4,131.46,635.51,2,1
805.9,0.6,100.14,705.77,3,1
677.26,0.2,119.57,557.69,1,1
953.31,0.8,139.46,813.85,4,1
577.3,0.0,142.81,434.49,0,1
729.77,0.4,116.95,612.82,2,1
646.19,0.4,63.62,582.56,2,1
446.76,0.0,27.41,419.36,0,1
819.62,0.6,76.03,743.59,3,1
952.17,1.0,98.32,853.85,5,1
603.03,0.2,68.03,535.0,1,1
638.19,0.2,95.62,542.56,1,1
503.67,0.0,61.62,442.05,0,1
722.59,0.4,79.51,643.08,2,1
737.44,0.6,84.62,652.82,3,1
708.46,0.2,165.89,542.56,1,1
569.91,0.0,105.16,464.74,0,1
996.77,0.6,238.05,758.72,3,1
744.63,0.6,84.24,660.38,3,1
641.79,0.2,129.49,512.31,1,1
683.8,0.2,133.68,550.13,1,1
936.42,0.8,130.14,806.28,4,1
941.17,0.8,119.76,821.41,4,1
656.65,0.2,114.08,542.56,1,1
764.21,0.4,113.57,650.64,2,1
530.0,0.0,87.95,442.05,0,1
607.93,0.2,88.05,519.87,1,1
660.22,0.2,132.78,527.44,1,1
814.6,0.6,101.27,713.33,3,1
882.89,0.8,106.86,776.03,4,1
731.98,0.4,119.16,612.82,2,1
933.53,0.8,127.24,806.28,4,1
1042.78,1.0,158.68,884.1,5,1
551.17,0.0,63.73,487.44,0,1
1144.45,1.2,220.35,924.1,6,1
688.84,0.2,108.46,580.38,1,1
1153.13,1.2,221.46,931.67,6,1
508.84,0.0,74.35,434.49,0,1
615.17,0.0,135.3,479.87,0,1
917.4,0.8,141.38,776.03,4,1
621.24,0.2,86.24,535.0,1,1
595.03,0.2,60.03,535.0,1,1
1232.55,1.6,137.68,1094.87,8,1
504.96,0.0,40.22,464.74,0,1
898.75,0.6,200.54,698.21,3,1
733.42,0.4,120.59,612.82,2,1
637.98,0.0,158.11,479.87,0,1
632.62,0.2,90.05,542.56,1,1
683.72,0.2,118.46,565.26,1,1
484.75,0.0,42.7,442.05,0,1
669.21,0.2,126.65,542.56,1,1
576.74,0.2,64.43,512.31,1,1
830.28,0.6,109.38,720.9,3,1
613.64,0.2,63.51,550.13,1,1
587.33,0.2,75.03,512.31,1,1
645.93,0.2,73.11,572.82,1,1
544.7,0.0,102.65,442.05,0,1
498.32,0.0,48.7,449.62,0,1
578.04,0.0,120.86,457.18,0,1
491.97,0.0,49.92,442.05,0,1
829.59,0.4,186.51,643.08,2,1
662.33,0.2,134.89,527.44,1,1
816.96,0.4,219.27,597.69,2,1
556.25,0.0,83.95,472.31,0,1
796.57,0.4,168.62,627.95,2,1
548.8,0.2,51.62,497.18,1,1
685.38,0.4,65.0,620.38,2,1
