"Total_Cost","Ratio_Reloc_Prod","Horiz_Cost","Vert_Cost","nReloc","non_Optimal"
244000.57,0.72,36990.89,207009.71,1080,300
582.16,0.4,60.11,522.05,2,1
489.91,0.0,93.24,396.67,0,1
684.74,0.4,124.86,559.87,2,1
585.98,0.2,134.19,451.79,1,1
668.84,0.4,93.84,575.0,2,1
594.63,0.2,82.32,512.31,1,1
979.56,1.2,176.49,803.08,6,1
526.33,0.2,59.41,466.92,1,1
679.77,0.4,142.59,537.18,2,1
456.37,0.0,59.7,396.67,0,1
923.97,1.0,160.89,763.08,5,1
606.42,0.2,109.24,497.18,1,1
911.71,1.0,178.89,732.82,5,1
591.97,0.2,102.35,489.62,1,1
542.19,0.2,60.14,482.05,1,1
1173.26,1.6,206.97,966.28,8,1
770.74,0.8,77.92,692.82,4,1
1212.29,1.6,208.19,1004.1,8,1
632.32,0.4,110.27,522.05,2,1
676.19,0.4,108.76,567.44,2,1
456.5,0.0,44.7,411.79,0,1
653.06,0.4,100.76,552.31,2,1
499.05,0.0,102.38,396.67,0,1
890.19,1.0,142.24,747.95,5,1
1014.97,1.2,158.95,856.03,6,1
484.4,0.0,87.73,396.67,0,1
942.47,1.0,141.57,800.9,5,1
1025.46,1.2,124.05,901.41,6,1
482.53,0.0,93.43,389.1,0,1
1100.9,1.4,159.49,941.41,7,1
813.7,0.8,90.62,723.08,4,1
798.22,0.8,97.84,700.38,4,1
604.62,0.2,69.62,535.0,1,1
727.6,0.6,120.16,607.44,3,1
842.05,0.8,118.97,723.08,4,1
812.63,0.8,127.38,685.26,4,1
709.81,0.6,87.24,622.56,3,1
625.44,0.2,105.57,519.87,1,1
654.08,0.4,71.51,582.56,2,1
902.17,1.0,108.84,793.33,5,1
851.45,0.8,166.19,685.26,4,1
627.93,0.4,75.62,552.31,2,1
699.21,0.6,61.51,637.69,3,1
763.46,0.6,140.89,622.56,3,1
916.3,1.0,107.84,808.46,5,1
540.88,0.2,43.7,497.18,1,1
940.31,1.0,94.03,846.28,5,1
776.23,0.6,130.97,645.26,3,1
1098.71,1.4,172.43,926.28,7,1
854.21,0.8,123.57,730.64,4,1
670.01,0.4,125.27,544.74,2,1
711.31,0.6,73.62,637.69,3,1
1133.87,1.4,200.03,933.85,7,1
781.92,0.6,113.97,667.95,3,1
728.28,0.6,135.97,592.31,3,1
897.82,1.0,112.05,785.77,5,1
640.09,0.2,135.35,504.74,1,1
1336.33,1.8,246.84,1089.49,9,1
542.86,0.2,60.81,482.05,1,1
702.59,0.4,112.46,590.13,2,1
476.19,0.0,41.7,434.49,0,1
1337.19,1.8,240.14,1097.05,9,1
1031.73,1.2,130.32,901.41,6,1
1019.63,1.2,133.35,886.28,6,1
707.73,0.6,92.73,615.0,3,1
887.34,1.0,109.14,778.21,5,1
1109.9,1.4,168.49,941.41,7,1
531.55,0.2,26.81,504.74,1,1
723.19,0.6,100.62,622.56,3,1
974.38,1.0,173.49,800.9,5,1
646.2,0.4,101.46,544.74,2,1
658.84,0.4,136.78,522.05,2,1
530.76,0.2,63.84,466.92,1,1
933.29,1.0,102.14,831.15,5,1
1301.33,1.6,214.03,1087.31,8,1
750.62,0.4,175.62,575.0,2,1
1035.38,1.2,133.97,901.41,6,1
893.08,1.0,137.57,755.51,5,1
1197.74,1.6,170.95,1026.79,8,1
479.86,0.0,37.81,442.05,0,1
1051.75,1.2,127.65,924.1,6,1
619.42,0.4,67.11,552.31,2,1
751.03,0.6,90.65,660.38,3,1
516.96,0.0,105.16,411.79,0,1
964.86,1.0,141.27,823.59,5,1
1063.31,1.0,217.03,846.28,5,1
952.73,1.0,144.27,808.46,5,1
1049.11,1.2,132.57,916.54,6,1
1021.81,1.2,112.84,908.97,6,1
1134.12,1.4,154.89,979.23,7,1
750.17,0.6,97.35,652.82,3,1
621.11,0.4,46.11,575.0,2,1
885.21,0.8,147.0,738.21,4,1
1031.08,1.2,167.49,863.59,6,1
681.9,0.4,114.46,567.44,2,1
847.43,0.8,124.35,723.08,4,1
758.01,0.6,97.62,660.38,3,1
889.65,0.8,128.76,760.9,4,1
611.41,0.2,91.54,519.87,1,1
906.63,1.0,105.73,800.9,5,1
730.54,0.6,115.54,615.0,3,1
652.41,0.2,177.92,474.49,1,1
1071.62,1.4,107.51,964.1,7,1
674.79,0.4,107.35,567.44,2,1
916.16,1.0,100.14,816.03,5,1
830.62,0.8,107.54,723.08,4,1
929.39,1.0,151.19,778.21,5,1
805.08,0.8,97.14,707.95,4,1
765.21,0.6,135.08,630.13,3,1
1056.19,1.2,207.73,848.46,6,1
843.63,0.8,158.38,685.26,4,1
758.39,0.6,113.14,645.26,3,1
702.8,0.6,65.11,637.69,3,1
1033.35,1.2,109.24,924.1,6,1
919.0,1.0,110.54,808.46,5,1
811.67,0.6,136.16,675.51,3,1
795.82,0.6,143.0,652.82,3,1
707.99,0.4,170.81,537.18,2,1
1017.25,1.2,168.78,848.46,6,1
1158.9,1.4,172.11,986.79,7,1
566.38,0.2,99.46,466.92,1,1
527.46,0.2,45.41,482.05,1,1
663.86,0.4,126.68,537.18,2,1
768.72,0.6,123.46,645.26,3,1
474.54,0.0,47.62,426.92,0,1
955.33,1.0,146.86,808.46,5,1
918.13,1.0,155.05,763.08,5,1
819.02,0.8,95.95,723.08,4,1
1000.92,1.0,200.03,800.9,5,1
772.95,0.6,112.57,660.38,3,1
837.97,0.8,122.46,715.51,4,1
564.98,0.2,98.05,466.92,1,1
963.02,1.0,184.81,778.21,5,1
992.36,1.0,146.08,846.28,5,1
752.04,0.6,99.22,652.82,3,1
630.58,0.4,85.84,544.74,2,1
950.97,1.0,180.32,770.64,5,1
804.08,0.6,128.57,675.51,3,1
495.11,0.0,60.62,434.49,0,1
1364.13,2.0,166.57,1197.56,10,1
927.77,1.0,149.57,778.21,5,1
694.05,0.4,119.05,575.0,2,1
958.12,1.0,179.92,778.21,5,1
654.34,0.4,64.22,590.13,2,1
702.66,0.4,157.92,544.74,2,1
787.06,0.6,187.19,599.87,3,1
744.32,0.6,68.81,675.51,3,1
1214.29,1.6,202.62,1011.67,8,1
708.86,0.4,133.86,575.0,2,1
619.45,0.2,122.27,497.18,1,1
1032.9,1.2,192.0,840.9,6,1
1088.16,1.4,199.7,888.46,7,1
638.34,0.4,48.22,590.13,2,1
930.47,1.0,129.57,800.9,5,1
741.37,0.6,111.24,630.13,3,1
582.76,0.2,55.32,527.44,1,1
571.8,0.2,74.62,497.18,1,1
550.6,0.2,76.11,474.49,1,1
471.88,0.0,75.22,396.67,0,1
663.45,0.4,126.27,537.18,2,1
819.93,0.8,119.54,700.38,4,1
514.19,0.2,39.7,474.49,1,1
1544.16,2.2,306.59,1237.56,11,1
564.49,0.2,97.57,466.92,1,1
792.41,0.6,124.46,667.95,3,1
900.92,0.8,132.46,768.46,4,1
1012.28,1.2,171.38,840.9,6,1
732.06,0.6,64.11,667.95,3,1
1509.64,2.2,256.95,1252.69,11,1
837.01,0.8,91.24,745.77,4,1
947.02,1.0,115.86,831.15,5,1
1379.75,1.8,214.62,1165.13,9,1
632.64,0.4,95.46,537.18,2,1
1139.31,1.4,213.03,926.28,7,1
899.27,0.8,191.32,707.95,4,1
1066.55,1.2,172.7,893.85,6,1
660.34,0.4,70.22,590.13,2,1
485.73,0.0,58.81,426.92,0,1
838.65,0.8,138.27,700.38,4,1
496.01,0.0,76.65,419.36,0,1
1035.62,1.2,126.65,908.97,6,1
692.79,0.4,140.49,552.31,2,1
853.96,0.8,115.76,738.21,4,1
1169.11,1.4,220.14,948.97,7,1
1046.51,1.2,129.97,916.54,6,1
538.29,0.0,141.62,396.67,0,1
626.95,0.4,59.51,567.44,2,1
735.22,0.6,74.84,660.38,3,1
452.85,0.0,48.62,404.23,0,1
655.39,0.4,110.65,544.74,2,1
1025.29,1.2,146.57,878.72,6,1
880.6,0.8,180.22,700.38,4,1
731.57,0.4,171.7,559.87,2,1
753.65,0.6,78.14,675.51,3,1
991.09,1.0,205.32,785.77,5,1
876.97,0.8,153.89,723.08,4,1
1082.64,1.2,203.92,878.72,6,1
664.84,0.4,89.84,575.0,2,1
624.82,0.4,72.51,552.31,2,1
718.28,0.4,105.46,612.82,2,1
679.02,0.4,96.46,582.56,2,1
912.81,0.8,189.73,723.08,4,1
776.73,0.6,101.22,675.51,3,1
522.97,0.2,40.92,482.05,1,1
1086.68,1.4,145.27,941.41,7,1
1054.79,1.4,120.95,933.85,7,1
542.44,0.2,90.65,451.79,1,1
676.05,0.4,101.05,575.0,2,1
832.25,0.6,164.3,667.95,3,1
944.07,0.8,213.43,730.64,4,1
823.26,0.8,92.62,730.64,4,1
914.92,1.0,114.03,800.9,5,1
1044.01,1.2,150.16,893.85,6,1
927.81,1.0,119.35,808.46,5,1
482.49,0.0,48.0,434.49,0,1
808.65,0.8,93.14,715.51,4,1
744.99,0.6,114.86,630.13,3,1
691.87,0.4,63.92,627.95,2,1
899.02,1.0,128.38,770.64,5,1
766.28,0.6,113.46,652.82,3,1
867.79,0.8,114.46,753.33,4,1
765.08,0.6,150.08,615.0,3,1
734.01,0.6,73.62,660.38,3,1
797.5,0.6,144.68,652.82,3,1
756.17,0.6,103.35,652.82,3,1
766.87,0.6,114.05,652.82,3,1
976.84,1.0,168.38,808.46,5,1
1186.47,1.4,192.11,994.36,7,1
1202.76,1.6,153.27,1049.49,8,1
808.27,0.6,185.7,622.56,3,1
572.12,0.2,112.76,459.36,1,1
1049.45,1.2,178.3,871.15,6,1
938.79,1.0,145.46,793.33,5,1
518.44,0.0,106.65,411.79,0,1
758.28,0.6,105.46,652.82,3,1
1014.41,1.2,120.57,893.85,6,1
731.92,0.6,109.35,622.56,3,1
932.97,1.0,116.95,816.03,5,1
695.14,0.4,135.27,559.87,2,1
513.22,0.0,78.73,434.49,0,1
908.89,1.0,100.43,808.46,5,1
1018.75,1.2,155.16,863.59,6,1
591.92,0.2,109.86,482.05,1,1
689.84,0.4,129.97,559.87,2,1
1019.39,1.2,140.68,878.72,6,1
1070.5,1.2,184.22,886.28,6,1
710.55,0.6,57.73,652.82,3,1
580.04,0.2,67.73,512.31,1,1
1021.86,1.0,258.78,763.08,5,1
839.35,0.8,116.27,723.08,4,1
859.2,0.8,113.43,745.77,4,1
468.06,0.0,48.7,419.36,0,1
733.48,0.4,135.78,597.69,2,1
1015.25,1.2,166.78,848.46,6,1
752.98,0.6,85.03,667.95,3,1
952.17,1.0,98.32,853.85,5,1
598.4,0.4,61.22,537.18,2,1
1036.67,1.2,120.14,916.54,6,1
635.11,0.4,60.11,575.0,2,1
1068.5,1.2,189.78,878.72,6,1
1148.2,1.4,221.92,926.28,7,1
559.77,0.2,107.97,451.79,1,1
1532.41,2.0,236.51,1295.9,10,1
822.69,0.8,76.92,745.77,4,1
1345.13,2.0,200.51,1144.62,10,1
473.79,0.0,62.0,411.79,0,1
974.5,1.0,196.3,778.21,5,1
737.78,0.6,107.65,630.13,3,1
668.3,0.4,100.86,567.44,2,1
695.15,0.4,150.41,544.74,2,1
732.62,0.6,110.05,622.56,3,1
864.63,0.8,118.86,745.77,4,1
558.67,0.2,76.62,482.05,1,1
1031.33,1.2,122.35,908.97,6,1
638.81,0.4,63.81,575.0,2,1
929.52,1.0,121.05,808.46,5,1
854.66,0.8,116.46,738.21,4,1
913.25,1.0,112.35,800.9,5,1
1031.43,1.2,175.41,856.03,6,1
943.18,1.0,112.03,831.15,5,1
796.36,0.6,135.97,660.38,3,1
425.48,0.0,28.81,396.67,0,1
536.81,0.0,94.76,442.05,0,1
474.49,0.0,40.0,434.49,0,1
742.41,0.6,82.03,660.38,3,1
1149.91,1.4,185.81,964.1,7,1
1030.66,1.2,144.38,886.28,6,1
671.86,0.4,134.68,537.18,2,1
853.34,0.8,115.14,738.21,4,1
930.48,0.8,199.84,730.64,4,1
763.05,0.6,140.49,622.56,3,1
1112.86,1.4,148.76,964.1,7,1
692.55,0.4,132.68,559.87,2,1
619.91,0.4,82.73,537.18,2,1
473.67,0.0,84.57,389.1,0,1
568.85,0.2,117.05,451.79,1,1
808.23,0.6,155.41,652.82,3,1
1046.19,1.2,144.78,901.41,6,1
448.83,0.0,59.73,389.1,0,1
1018.88,1.2,140.16,878.72,6,1
