"Total_Cost","Ratio_Reloc_Prod","Horiz_Cost","Vert_Cost","nReloc","non_Optimal"
250308.9,0.426,60727.33,189581.65,639,175
657.95,0.2,62.43,595.51,1,0
777.16,0.2,234.59,542.56,1,0
681.65,0.2,86.14,595.51,1,0
1137.48,0.8,285.81,851.67,4,1
577.06,0.0,104.76,472.31,0,0
973.82,0.8,159.97,813.85,4,1
699.81,0.4,56.73,643.08,2,0
1116.17,1.2,154.24,961.92,6,1
1144.85,0.8,331.0,813.85,4,0
1028.22,1.0,166.81,861.41,5,1
1064.67,1.0,173.0,891.67,5,1
848.64,0.6,158.0,690.64,3,1
546.64,0.0,89.46,457.18,0,1
757.21,0.4,114.14,643.08,2,1
584.84,0.0,104.97,479.87,0,1
967.21,0.6,223.62,743.59,3,1
648.8,0.2,83.54,565.26,1,0
666.95,0.2,147.08,519.87,1,0
717.75,0.4,120.05,597.69,2,1
630.95,0.2,103.51,527.44,1,1
645.97,0.2,95.84,550.13,1,0
908.72,0.4,242.95,665.77,2,0
716.31,0.2,151.05,565.26,1,1
894.28,0.4,289.03,605.26,2,0
766.77,0.4,169.08,597.69,2,1
735.45,0.4,137.76,597.69,2,0
729.63,0.4,124.38,605.26,2,0
905.75,0.8,122.16,783.59,4,0
642.11,0.2,107.11,535.0,1,1
660.99,0.4,55.73,605.26,2,1
1376.22,1.2,467.24,908.97,6,1
878.54,0.6,210.59,667.95,3,1
1197.49,1.0,268.0,929.49,5,0
1533.1,1.4,440.41,1092.69,7,0
606.1,0.0,148.92,457.18,0,0
606.53,0.0,149.35,457.18,0,1
589.58,0.2,92.41,497.18,1,1
881.57,0.4,261.19,620.38,2,1
1001.17,0.4,335.41,665.77,2,0
751.1,0.2,193.41,557.69,1,1
789.72,0.4,123.95,665.77,2,1
1028.18,0.4,377.54,650.64,2,1
817.86,0.4,227.73,590.13,2,0
722.51,0.2,187.51,535.0,1,1
669.26,0.4,64.0,605.26,2,1
1267.48,1.0,390.95,876.54,5,0
645.5,0.2,140.76,504.74,1,1
887.61,0.6,196.97,690.64,3,1
708.59,0.4,118.46,590.13,2,1
1150.44,0.6,384.16,766.28,3,0
698.5,0.2,125.68,572.82,1,1
1409.13,1.2,432.08,977.05,6,1
586.91,0.0,122.16,464.74,0,1
683.45,0.2,125.76,557.69,1,0
563.41,0.2,28.41,535.0,1,1
820.73,0.4,192.78,627.95,2,1
990.85,0.8,237.51,753.33,4,0
1013.82,0.6,361.0,652.82,3,1
846.32,0.4,210.81,635.51,2,1
697.18,0.0,247.57,449.62,0,0
1316.6,1.0,447.62,868.97,5,0
1223.85,0.6,465.14,758.72,3,0
1080.94,0.8,289.78,791.15,4,1
815.48,0.4,172.41,643.08,2,0
546.41,0.0,127.05,419.36,0,1
1016.35,0.6,333.27,683.08,3,0
1139.7,0.6,411.24,728.46,3,0
628.64,0.2,123.89,504.74,1,1
915.25,0.6,201.92,713.33,3,1
705.86,0.2,163.3,542.56,1,1
935.93,0.6,237.73,698.21,3,0
478.75,0.0,36.7,442.05,0,1
857.5,0.4,199.3,658.21,2,0
691.69,0.4,94.0,597.69,2,1
501.19,0.0,66.7,434.49,0,1
601.5,0.2,104.32,497.18,1,0
784.47,0.2,219.22,565.26,1,0
961.3,0.8,185.27,776.03,4,1
554.91,0.0,90.16,464.74,0,0
477.04,0.0,65.24,411.79,0,1
668.01,0.2,102.76,565.26,1,0
620.52,0.2,108.22,512.31,1,1
598.7,0.2,63.7,535.0,1,1
906.43,0.6,177.97,728.46,3,1
732.86,0.2,182.73,550.13,1,1
869.99,0.4,211.78,658.21,2,0
844.49,0.4,208.97,635.51,2,1
482.63,0.0,70.84,411.79,0,1
437.2,0.0,25.41,411.79,0,1
1284.68,1.2,322.76,961.92,6,1
741.74,0.2,176.49,565.26,1,0
789.34,0.2,292.16,497.18,1,0
815.88,0.4,157.68,658.21,2,1
651.69,0.4,54.0,597.69,2,1
840.14,0.8,132.19,707.95,4,1
709.69,0.2,136.86,572.82,1,1
849.85,0.4,184.08,665.77,2,0
1110.68,0.6,397.35,713.33,3,0
589.04,0.0,131.86,457.18,0,1
960.37,0.6,277.3,683.08,3,1
1009.15,0.6,303.38,705.77,3,1
1022.46,0.6,354.51,667.95,3,0
761.93,0.6,101.54,660.38,3,1
768.88,0.2,203.62,565.26,1,0
939.3,0.6,203.27,736.03,3,1
779.53,0.2,214.27,565.26,1,0
923.6,0.4,310.78,612.82,2,0
622.53,0.0,172.92,449.62,0,1
671.27,0.2,136.27,535.0,1,0
1050.52,0.8,236.68,813.85,4,1
712.35,0.4,76.84,635.51,2,0
668.76,0.2,148.89,519.87,1,1
1191.12,0.6,432.41,758.72,3,1
926.56,0.6,182.97,743.59,3,1
682.03,0.2,154.59,527.44,1,1
1005.88,0.6,315.24,690.64,3,1
659.02,0.2,116.46,542.56,1,0
1003.7,0.6,260.11,743.59,3,1
1392.38,1.0,523.41,868.97,5,0
499.89,0.0,65.41,434.49,0,0
797.0,0.4,169.05,627.95,2,1
998.12,0.6,292.35,705.77,3,0
711.26,0.2,153.57,557.69,1,0
1012.12,0.6,306.35,705.77,3,0
1017.53,0.6,311.76,705.77,3,1
1311.84,0.8,535.81,776.03,4,0
820.76,0.4,192.81,627.95,2,1
442.01,0.0,30.22,411.79,0,1
1197.05,0.4,622.05,575.0,2,1
691.17,0.2,118.35,572.82,1,0
1075.1,0.6,331.51,743.59,3,1
813.33,0.4,192.95,620.38,2,1
509.19,0.2,34.7,474.49,1,1
870.33,0.4,249.95,620.38,2,0
522.57,0.0,95.65,426.92,0,0
1252.93,0.8,560.11,692.82,4,1
1481.49,1.2,519.57,961.92,6,0
656.94,0.2,99.24,557.69,1,0
676.61,0.2,179.43,497.18,1,0
569.23,0.2,72.05,497.18,1,1
990.37,0.4,347.3,643.08,2,0
758.4,0.2,200.7,557.69,1,1
976.99,0.6,271.22,705.77,3,1
824.3,0.2,243.92,580.38,1,0
883.23,0.6,230.41,652.82,3,1
1181.0,0.8,404.97,776.03,4,1
995.69,0.6,297.49,698.21,3,0
839.88,0.4,234.62,605.26,2,1
839.9,0.2,312.46,527.44,1,0
1349.33,1.0,487.92,861.41,5,0
766.28,0.2,185.89,580.38,1,0
868.85,0.4,203.08,665.77,2,0
548.97,0.0,106.92,442.05,0,1
682.42,0.2,170.11,512.31,1,1
762.08,0.4,134.14,627.95,2,0
755.19,0.6,72.11,683.08,3,1
589.8,0.2,85.05,504.74,1,1
917.64,0.8,134.05,783.59,4,0
761.2,0.4,95.43,665.77,2,1
685.16,0.2,150.16,535.0,1,1
1014.9,0.6,301.57,713.33,3,1
1068.25,0.8,254.41,813.85,4,0
704.35,0.4,129.35,575.0,2,1
988.46,0.4,352.95,635.51,2,0
510.49,0.0,76.0,434.49,0,1
650.9,0.2,123.46,527.44,1,0
786.07,0.4,127.86,658.21,2,1
963.07,0.8,224.86,738.21,4,0
931.11,0.6,195.08,736.03,3,1
962.48,0.6,218.89,743.59,3,0
684.18,0.2,134.05,550.13,1,1
477.19,0.0,42.7,434.49,0,1
946.88,0.6,188.16,758.72,3,1
852.65,0.4,224.7,627.95,2,1
813.92,0.4,185.97,627.95,2,0
993.58,0.4,388.32,605.26,2,1
677.99,0.2,180.81,497.18,1,0
664.5,0.4,66.81,597.69,2,0
653.62,0.2,111.05,542.56,1,1
545.53,0.0,95.92,449.62,0,0
1284.88,1.0,453.73,831.15,5,0
868.34,0.4,210.14,658.21,2,1
681.6,0.2,154.16,527.44,1,0
971.82,0.6,250.92,720.9,3,0
845.62,0.4,217.68,627.95,2,0
619.87,0.2,100.0,519.87,1,1
1137.16,0.8,300.62,836.54,4,0
1059.91,0.6,316.32,743.59,3,0
542.59,0.0,92.97,449.62,0,0
892.49,0.6,171.59,720.9,3,1
1088.68,0.6,375.35,713.33,3,1
1131.47,0.8,317.62,813.85,4,0
765.94,0.2,208.24,557.69,1,0
704.99,0.2,147.3,557.69,1,1
478.49,0.0,44.0,434.49,0,1
837.78,0.6,162.27,675.51,3,1
1108.57,0.8,347.68,760.9,4,0
591.21,0.2,109.16,482.05,1,0
441.31,0.0,29.51,411.79,0,1
873.08,0.4,230.0,643.08,2,1
706.58,0.2,141.32,565.26,1,1
707.75,0.4,110.05,597.69,2,0
982.75,0.4,400.19,582.56,2,1
1210.05,0.8,358.38,851.67,4,0
1444.03,1.4,381.59,1062.44,7,1
1377.82,1.4,338.08,1039.74,7,1
930.94,0.6,179.78,751.15,3,1
952.64,0.8,169.05,783.59,4,1
672.65,0.2,137.65,535.0,1,1
791.98,0.8,84.03,707.95,4,1
529.63,0.0,57.32,472.31,0,1
492.0,0.0,57.51,434.49,0,1
874.72,0.8,128.95,745.77,4,1
1106.92,0.6,370.89,736.03,3,1
1074.86,0.8,291.27,783.59,4,1
961.25,0.6,247.92,713.33,3,0
678.15,0.2,120.46,557.69,1,1
975.15,0.8,168.86,806.28,4,1
798.34,0.6,100.14,698.21,3,1
1421.17,1.0,506.81,914.36,5,1
1497.25,1.2,535.32,961.92,6,1
547.83,0.0,98.22,449.62,0,1
548.44,0.0,129.08,419.36,0,1
656.52,0.2,136.65,519.87,1,0
703.54,0.2,160.97,542.56,1,0
504.6,0.2,30.11,474.49,1,1
744.66,0.6,91.84,652.82,3,1
698.04,0.2,140.35,557.69,1,0
1103.58,0.8,304.86,798.72,4,1
1058.16,0.6,322.14,736.03,3,0
448.12,0.0,36.32,411.79,0,1
450.61,0.0,38.81,411.79,0,1
469.19,0.0,34.7,434.49,0,1
830.54,0.6,147.46,683.08,3,1
878.23,0.6,225.41,652.82,3,1
707.32,0.2,157.19,550.13,1,1
1058.25,0.8,297.35,760.9,4,1
1034.74,0.6,313.84,720.9,3,1
850.67,0.4,200.03,650.64,2,0
771.5,0.2,206.24,565.26,1,0
774.82,0.4,109.05,665.77,2,1
822.72,0.4,156.95,665.77,2,0
666.49,0.2,131.49,535.0,1,0
685.5,0.2,120.24,565.26,1,0
692.26,0.2,134.57,557.69,1,1
743.86,0.2,201.3,542.56,1,0
1195.76,1.0,334.35,861.41,5,0
899.46,0.4,263.95,635.51,2,0
886.44,0.6,218.49,667.95,3,1
1234.04,0.8,420.19,813.85,4,0
967.87,0.6,299.92,667.95,3,0
544.21,0.0,87.03,457.18,0,1
1154.72,1.0,270.62,884.1,5,1
857.77,0.4,252.51,605.26,2,1
778.71,0.4,158.32,620.38,2,0
819.79,0.4,199.41,620.38,2,1
644.96,0.2,79.7,565.26,1,1
441.9,0.0,30.11,411.79,0,1
682.47,0.4,77.22,605.26,2,1
1053.81,0.6,325.35,728.46,3,1
493.3,0.0,58.81,434.49,0,1
677.81,0.2,150.38,527.44,1,1
742.72,0.4,137.46,605.26,2,1
1336.35,1.2,366.86,969.49,6,0
709.5,0.2,144.24,565.26,1,1
652.45,0.2,94.76,557.69,1,0
1000.88,0.6,302.68,698.21,3,0
894.88,0.4,229.11,665.77,2,0
748.7,0.4,158.57,590.13,2,0
767.16,0.4,139.22,627.95,2,1
722.45,0.2,157.19,565.26,1,0
1149.41,0.6,428.51,720.9,3,0
1016.29,0.6,333.22,683.08,3,0
622.74,0.2,110.43,512.31,1,1
708.24,0.4,125.68,582.56,2,1
1147.71,0.4,580.27,567.44,2,1
548.4,0.0,106.35,442.05,0,1
758.18,0.2,200.49,557.69,1,0
676.63,0.2,149.19,527.44,1,0
677.91,0.2,112.65,565.26,1,1
1001.15,0.4,342.95,658.21,2,1
749.91,0.2,192.22,557.69,1,0
1240.18,0.8,449.03,791.15,4,0
969.14,0.8,268.76,700.38,4,0
767.49,0.6,99.54,667.95,3,1
784.85,0.2,272.54,512.31,1,1
851.3,0.4,223.35,627.95,2,0
835.91,0.4,185.27,650.64,2,1
703.31,0.2,138.05,565.26,1,1
1006.97,1.2,90.43,916.54,6,1
814.69,0.4,156.49,658.21,2,0
1259.03,1.0,390.05,868.97,5,0
1126.7,0.6,451.19,675.51,3,1
505.82,0.0,86.46,419.36,0,0
711.54,0.4,128.97,582.56,2,1
1024.65,0.6,349.14,675.51,3,1
562.56,0.2,80.51,482.05,1,0
752.6,0.4,124.65,627.95,2,1
740.84,0.4,105.32,635.51,2,0
549.83,0.0,100.22,449.62,0,1
