"Total_Cost","Ratio_Reloc_Prod","Horiz_Cost","Vert_Cost","nReloc","non_Optimal"
237806.34,0.3433,52224.07,185582.24,515,300
782.92,0.4,102.03,680.9,2,1
737.06,0.2,149.11,587.95,1,1
924.44,0.6,203.54,720.9,3,1
883.28,0.4,217.51,665.77,2,1
594.51,0.0,99.51,495.0,0,1
902.17,0.6,196.41,705.77,3,1
913.87,0.8,100.03,813.85,4,1
521.82,0.0,102.46,419.36,0,1
900.15,0.6,209.51,690.64,3,1
982.75,0.8,191.59,791.15,4,1
581.69,0.0,109.38,472.31,0,1
524.56,0.0,74.95,449.62,0,1
505.85,0.0,41.11,464.74,0,1
1049.63,1.0,188.22,861.41,5,1
921.89,0.6,178.3,743.59,3,1
981.67,0.6,245.65,736.03,3,1
1155.22,1.0,233.3,921.92,5,1
855.95,0.6,135.05,720.9,3,1
760.24,0.4,117.16,643.08,2,1
651.02,0.2,108.46,542.56,1,1
1032.56,0.8,248.97,783.59,4,1
826.12,0.6,120.35,705.77,3,1
723.5,0.4,110.68,612.82,2,1
924.24,0.6,188.22,736.03,3,1
1061.48,0.8,277.89,783.59,4,1
1017.61,0.8,211.32,806.28,4,1
654.02,0.2,111.46,542.56,1,1
527.26,0.0,62.51,464.74,0,1
558.42,0.0,101.24,457.18,0,1
534.74,0.0,70.0,464.74,0,1
810.19,0.4,174.68,635.51,2,1
753.43,0.4,110.35,643.08,2,1
1172.99,1.0,281.32,891.67,5,1
798.78,0.4,155.7,643.08,2,1
636.77,0.2,71.51,565.26,1,1
594.45,0.0,137.27,457.18,0,1
754.32,0.4,111.24,643.08,2,1
870.83,0.6,127.24,743.59,3,1
938.66,0.8,139.95,798.72,4,1
771.46,0.4,128.38,643.08,2,1
922.29,0.6,178.7,743.59,3,1
544.58,0.0,79.84,464.74,0,1
1210.44,0.8,396.59,813.85,4,1
1082.56,0.6,331.41,751.15,3,1
799.47,0.2,287.16,512.31,1,1
1098.53,0.8,299.81,798.72,4,1
838.05,0.4,194.97,643.08,2,1
1047.61,0.6,281.32,766.28,3,1
954.98,0.6,226.51,728.46,3,1
702.27,0.2,159.7,542.56,1,1
928.76,0.4,293.24,635.51,2,1
987.58,0.8,188.86,798.72,4,1
1354.9,1.2,392.97,961.92,6,1
596.37,0.0,139.19,457.18,0,1
921.88,0.6,223.68,698.21,3,1
641.28,0.2,76.03,565.26,1,1
930.27,0.6,194.24,736.03,3,1
958.96,0.4,293.19,665.77,2,1
675.04,0.2,117.35,557.69,1,1
1095.92,0.6,359.89,736.03,3,1
654.16,0.2,104.03,550.13,1,1
812.03,0.6,136.51,675.51,3,1
570.48,0.0,120.86,449.62,0,1
1135.1,0.6,444.46,690.64,3,1
1018.23,0.4,352.46,665.77,2,1
1155.12,0.6,396.41,758.72,3,1
855.13,0.4,212.05,643.08,2,1
1402.09,1.0,487.73,914.36,5,1
785.64,0.4,142.57,643.08,2,1
905.93,0.6,192.59,713.33,3,1
981.83,0.4,338.76,643.08,2,1
569.03,0.0,149.68,419.36,0,1
524.05,0.0,82.0,442.05,0,1
835.86,0.4,185.22,650.64,2,1
642.51,0.2,107.51,535.0,1,1
831.19,0.6,148.11,683.08,3,1
1400.9,0.8,587.05,813.85,4,1
792.37,0.4,141.73,650.64,2,1
1142.08,0.6,398.49,743.59,3,1
684.88,0.2,119.62,565.26,1,1
834.7,0.4,191.62,643.08,2,1
552.75,0.0,95.57,457.18,0,1
560.15,0.0,102.97,457.18,0,1
518.05,0.0,76.0,442.05,0,1
1494.48,1.2,517.43,977.05,6,1
767.91,0.4,117.27,650.64,2,1
1482.67,1.2,490.49,992.18,6,1
532.6,0.0,98.11,434.49,0,1
1111.27,0.8,274.73,836.54,4,1
619.93,0.0,155.19,464.74,0,1
754.97,0.4,119.46,635.51,2,1
615.53,0.0,165.92,449.62,0,1
539.18,0.0,74.43,464.74,0,1
542.47,0.0,77.73,464.74,0,1
1130.35,0.6,394.32,736.03,3,1
1219.8,0.6,453.51,766.28,3,1
577.31,0.0,112.57,464.74,0,1
599.51,0.0,149.89,449.62,0,1
782.84,0.4,154.89,627.95,2,1
919.15,0.6,160.43,758.72,3,1
574.85,0.0,102.54,472.31,0,1
890.78,0.4,240.14,650.64,2,1
609.42,0.0,137.11,472.31,0,1
801.4,0.4,150.76,650.64,2,1
821.8,0.4,163.59,658.21,2,1
1131.98,1.0,210.05,921.92,5,1
838.99,0.4,180.78,658.21,2,1
658.66,0.2,85.84,572.82,1,1
1015.35,0.8,171.24,844.1,4,1
1100.5,0.6,341.78,758.72,3,1
740.5,0.4,74.73,665.77,2,1
630.9,0.2,103.46,527.44,1,1
507.58,0.0,50.41,457.18,0,1
668.83,0.2,126.27,542.56,1,1
813.86,0.4,170.78,643.08,2,1
711.48,0.2,153.78,557.69,1,1
641.4,0.2,83.7,557.69,1,1
719.74,0.4,114.49,605.26,2,1
639.21,0.2,96.65,542.56,1,1
854.94,0.4,204.3,650.64,2,1
633.55,0.0,168.81,464.74,0,1
554.69,0.0,89.95,464.74,0,1
527.13,0.0,77.51,449.62,0,1
714.54,0.2,187.11,527.44,1,1
1179.1,0.8,327.43,851.67,4,1
922.75,0.6,171.59,751.15,3,1
788.46,0.4,145.38,643.08,2,1
983.72,0.6,240.14,743.59,3,1
599.72,0.0,134.97,464.74,0,1
1313.79,1.0,391.86,921.92,5,1
1290.61,0.8,438.95,851.67,4,1
624.98,0.2,97.54,527.44,1,1
624.81,0.2,89.81,535.0,1,1
723.96,0.2,166.27,557.69,1,1
668.45,0.2,110.76,557.69,1,1
1177.69,0.6,411.41,766.28,3,1
649.18,0.0,184.43,464.74,0,1
523.55,0.0,58.81,464.74,0,1
803.04,0.2,245.35,557.69,1,1
555.28,0.0,90.54,464.74,0,1
790.23,0.4,124.46,665.77,2,1
876.17,0.4,210.41,665.77,2,1
812.05,0.4,168.97,643.08,2,1
695.37,0.2,137.68,557.69,1,1
1078.28,0.8,264.43,813.85,4,1
537.83,0.0,88.22,449.62,0,1
1125.51,0.6,389.49,736.03,3,1
527.35,0.0,77.73,449.62,0,1
1027.02,0.6,328.81,698.21,3,1
874.21,0.2,316.51,557.69,1,1
604.58,0.0,147.41,457.18,0,1
1013.55,0.6,292.65,720.9,3,1
882.81,0.4,239.73,643.08,2,1
989.68,0.6,276.35,713.33,3,1
476.7,0.0,42.22,434.49,0,1
506.43,0.0,71.95,434.49,0,1
742.7,0.2,200.14,542.56,1,1
433.9,0.0,22.11,411.79,0,1
1053.88,0.8,247.59,806.28,4,1
627.11,0.2,92.11,535.0,1,1
742.88,0.4,145.19,597.69,2,1
551.24,0.0,101.62,449.62,0,1
1096.34,0.6,345.19,751.15,3,1
857.05,0.4,206.41,650.64,2,1
797.82,0.4,132.05,665.77,2,1
890.58,0.6,131.86,758.72,3,1
902.32,0.6,151.16,751.15,3,1
513.05,0.0,63.43,449.62,0,1
670.39,0.2,105.14,565.26,1,1
901.65,0.4,266.14,635.51,2,1
761.2,0.2,195.95,565.26,1,1
818.42,0.4,167.78,650.64,2,1
531.23,0.0,58.92,472.31,0,1
867.56,0.4,216.92,650.64,2,1
787.01,0.4,113.68,673.33,2,1
728.51,0.4,85.43,643.08,2,1
874.95,0.4,239.43,635.51,2,1
532.74,0.0,68.0,464.74,0,1
849.46,0.4,206.38,643.08,2,1
824.88,0.4,166.68,658.21,2,1
573.72,0.0,108.97,464.74,0,1
1035.13,0.6,344.49,690.64,3,1
615.72,0.0,150.97,464.74,0,1
852.53,0.2,287.27,565.26,1,1
927.51,0.6,176.35,751.15,3,1
1222.33,0.8,393.35,828.97,4,1
738.37,0.2,180.68,557.69,1,1
793.35,0.4,150.27,643.08,2,1
815.47,0.4,149.7,665.77,2,1
568.99,0.0,104.24,464.74,0,1
816.85,0.4,151.08,665.77,2,1
552.58,0.0,87.84,464.74,0,1
721.96,0.2,156.7,565.26,1,1
672.14,0.2,99.32,572.82,1,1
567.85,0.0,95.54,472.31,0,1
673.07,0.2,115.38,557.69,1,1
755.36,0.2,190.11,565.26,1,1
690.62,0.2,148.05,542.56,1,1
716.34,0.2,151.08,565.26,1,1
578.69,0.0,113.95,464.74,0,1
779.39,0.2,274.65,504.74,1,1
571.93,0.2,59.62,512.31,1,1
764.64,0.2,206.95,557.69,1,1
653.85,0.2,96.16,557.69,1,1
720.87,0.2,140.49,580.38,1,1
691.53,0.2,126.27,565.26,1,1
654.1,0.2,96.41,557.69,1,1
966.77,0.4,308.57,658.21,2,1
714.28,0.2,141.46,572.82,1,1
728.18,0.2,170.49,557.69,1,1
625.53,0.2,67.84,557.69,1,1
852.42,0.4,194.22,658.21,2,1
690.96,0.2,133.27,557.69,1,1
753.45,0.4,95.24,658.21,2,1
580.64,0.0,123.46,457.18,0,1
695.57,0.4,67.62,627.95,2,1
845.95,0.6,125.05,720.9,3,1
978.85,0.8,172.57,806.28,4,1
594.64,0.0,129.89,464.74,0,1
1032.91,0.6,281.76,751.15,3,1
685.98,0.2,113.16,572.82,1,1
605.01,0.0,140.27,464.74,0,1
645.83,0.2,103.27,542.56,1,1
854.82,0.4,234.43,620.38,2,1
779.36,0.4,106.03,673.33,2,1
568.59,0.0,118.97,449.62,0,1
853.37,0.2,303.24,550.13,1,1
559.93,0.0,87.62,472.31,0,1
1049.53,0.6,283.24,766.28,3,1
720.15,0.2,154.89,565.26,1,1
773.73,0.4,130.65,643.08,2,1
535.56,0.0,85.95,449.62,0,1
1129.17,1.0,214.81,914.36,5,1
614.34,0.2,64.22,550.13,1,1
554.53,0.0,97.35,457.18,0,1
949.91,0.6,191.19,758.72,3,1
873.79,0.6,145.32,728.46,3,1
1087.75,0.6,344.16,743.59,3,1
986.13,0.6,242.54,743.59,3,1
1038.61,0.6,272.32,766.28,3,1
658.99,0.2,93.73,565.26,1,1
1125.5,0.6,366.78,758.72,3,1
985.18,0.6,234.03,751.15,3,1
942.8,0.6,176.51,766.28,3,1
549.39,0.0,84.65,464.74,0,1
512.96,0.0,48.22,464.74,0,1
713.93,0.2,148.68,565.26,1,1
938.89,0.6,195.3,743.59,3,1
599.23,0.0,134.49,464.74,0,1
647.2,0.2,81.95,565.26,1,1
541.45,0.0,76.7,464.74,0,1
1033.01,0.6,312.11,720.9,3,1
775.88,0.4,125.24,650.64,2,1
664.01,0.2,98.76,565.26,1,1
539.96,0.0,75.22,464.74,0,1
650.69,0.2,85.43,565.26,1,1
840.16,0.6,104.14,736.03,3,1
674.44,0.2,101.62,572.82,1,1
854.74,0.4,188.97,665.77,2,1
695.97,0.2,153.41,542.56,1,1
912.99,0.4,247.22,665.77,2,1
756.18,0.2,198.49,557.69,1,1
580.91,0.0,116.16,464.74,0,1
577.2,0.0,112.46,464.74,0,1
741.36,0.2,176.11,565.26,1,1
802.45,0.2,252.32,550.13,1,1
605.48,0.2,62.92,542.56,1,1
787.48,0.4,129.27,658.21,2,1
1059.11,0.8,237.7,821.41,4,1
738.66,0.2,173.41,565.26,1,1
510.91,0.0,53.73,457.18,0,1
767.23,0.4,109.03,658.21,2,1
1036.29,0.6,277.57,758.72,3,1
628.88,0.2,63.62,565.26,1,1
654.28,0.2,89.03,565.26,1,1
948.12,0.4,282.35,665.77,2,1
666.93,0.2,86.54,580.38,1,1
916.31,0.4,250.54,665.77,2,1
676.74,0.2,111.49,565.26,1,1
677.61,0.2,112.35,565.26,1,1
985.65,0.6,249.62,736.03,3,1
921.77,0.4,248.43,673.33,2,1
767.7,0.4,117.05,650.64,2,1
664.56,0.2,106.86,557.69,1,1
702.63,0.2,137.38,565.26,1,1
666.58,0.2,101.32,565.26,1,1
965.99,0.6,207.27,758.72,3,1
865.59,0.6,114.43,751.15,3,1
557.18,0.0,92.43,464.74,0,1
732.26,0.2,167.0,565.26,1,1
987.35,0.6,243.76,743.59,3,1
684.52,0.2,104.14,580.38,1,1
739.23,0.2,181.54,557.69,1,1
612.97,0.2,70.41,542.56,1,1
687.03,0.2,106.65,580.38,1,1
557.18,0.0,92.43,464.74,0,1
678.77,0.2,113.51,565.26,1,1
583.07,0.0,118.32,464.74,0,1
1067.53,0.6,308.81,758.72,3,1
1093.85,0.6,327.57,766.28,3,1
