"Total_Cost","Ratio_Reloc_Prod","Horiz_Cost","Vert_Cost","nReloc","non_Optimal"
248260.63,0.3767,58878.19,189382.48,565,196
795.19,0.4,159.68,635.51,2,1
699.31,0.2,134.05,565.26,1,0
995.56,0.6,244.41,751.15,3,1
762.99,0.4,112.35,650.64,2,0
997.64,1.0,113.54,884.1,5,1
922.02,0.8,130.86,791.15,4,1
679.66,0.4,74.41,605.26,2,1
1209.29,1.2,217.11,992.18,6,1
983.18,0.6,232.03,751.15,3,1
776.49,0.4,201.49,575.0,2,1
900.79,0.8,147.46,753.33,4,1
649.31,0.2,91.62,557.69,1,0
1318.82,1.0,517.92,800.9,5,1
784.68,0.4,164.3,620.38,2,1
510.96,0.0,46.22,464.74,0,1
986.68,0.8,165.27,821.41,4,1
921.7,0.6,231.05,690.64,3,1
664.31,0.2,99.05,565.26,1,1
836.3,0.6,160.78,675.51,3,1
799.14,0.4,118.24,680.9,2,1
559.72,0.0,102.54,457.18,0,1
867.49,0.4,239.54,627.95,2,1
649.42,0.2,91.73,557.69,1,0
643.81,0.2,101.24,542.56,1,0
1012.98,0.6,292.08,720.9,3,0
1071.61,1.0,172.38,899.23,5,1
863.94,0.6,120.35,743.59,3,1
1771.03,1.4,822.05,948.97,7,1
1083.3,0.8,261.89,821.41,4,0
818.32,0.4,182.81,635.51,2,1
1414.79,0.6,746.84,667.95,3,1
666.3,0.2,85.92,580.38,1,0
1161.11,0.4,593.68,567.44,2,1
999.2,0.8,200.49,798.72,4,0
651.78,0.2,101.65,550.13,1,1
1077.82,0.8,256.41,821.41,4,1
649.86,0.2,99.73,550.13,1,1
1317.1,0.4,719.41,597.69,2,1
881.88,0.4,223.68,658.21,2,0
687.63,0.2,160.19,527.44,1,0
979.86,1.0,103.32,876.54,5,1
657.67,0.2,107.54,550.13,1,0
890.09,0.6,184.32,705.77,3,1
851.9,0.6,138.57,713.33,3,1
722.7,0.4,79.62,643.08,2,1
905.24,0.6,161.65,743.59,3,1
1066.01,0.8,259.73,806.28,4,0
759.88,0.2,194.62,565.26,1,1
669.8,0.2,104.54,565.26,1,0
705.69,0.2,148.0,557.69,1,0
795.29,0.4,197.59,597.69,2,0
554.61,0.0,89.86,464.74,0,1
763.86,0.4,128.35,635.51,2,1
666.58,0.2,101.32,565.26,1,1
1417.03,0.8,709.08,707.95,4,1
863.78,0.6,127.76,736.03,3,1
555.82,0.0,83.51,472.31,0,1
797.63,0.4,131.86,665.77,2,1
1174.4,1.0,290.3,884.1,5,1
781.27,0.4,138.19,643.08,2,1
579.58,0.0,114.84,464.74,0,1
1028.32,1.0,136.65,891.67,5,1
1586.4,1.4,561.78,1024.62,7,1
774.27,0.2,186.32,587.95,1,1
756.79,0.2,183.97,572.82,1,0
1022.58,0.6,248.73,773.85,3,0
709.53,0.4,111.84,597.69,2,1
763.92,0.4,135.97,627.95,2,0
705.77,0.2,140.51,565.26,1,1
696.82,0.2,131.57,565.26,1,0
832.59,0.6,141.95,690.64,3,1
562.69,0.0,97.95,464.74,0,1
1041.8,0.8,235.51,806.28,4,1
885.55,0.6,179.78,705.77,3,1
1053.92,0.8,217.38,836.54,4,0
1212.0,0.8,375.46,836.54,4,1
1104.1,0.8,252.43,851.67,4,1
642.64,0.0,185.46,457.18,0,1
805.5,0.4,139.73,665.77,2,1
1333.09,0.8,587.32,745.77,4,1
726.55,0.2,146.16,580.38,1,0
744.99,0.2,179.73,565.26,1,0
564.67,0.0,107.49,457.18,0,0
848.89,0.4,205.81,643.08,2,1
758.33,0.4,137.95,620.38,2,0
938.04,0.8,131.76,806.28,4,1
899.8,0.4,234.03,665.77,2,1
1058.25,0.2,545.95,512.31,1,1
893.01,0.6,172.11,720.9,3,0
556.48,0.0,106.86,449.62,0,0
774.39,0.4,108.62,665.77,2,1
631.17,0.0,151.3,479.87,0,1
1328.07,0.4,730.38,597.69,2,1
930.37,0.4,279.73,650.64,2,1
903.97,0.6,160.38,743.59,3,1
1062.03,0.2,527.03,535.0,1,1
760.74,0.2,187.92,572.82,1,1
1225.22,1.0,295.73,929.49,5,1
644.88,0.2,79.62,565.26,1,1
804.0,0.4,168.49,635.51,2,1
575.27,0.0,87.84,487.44,0,0
532.07,0.0,67.32,464.74,0,1
1276.14,0.8,522.81,753.33,4,1
583.65,0.0,88.65,495.0,0,1
716.99,0.4,51.22,665.77,2,0
592.74,0.0,128.0,464.74,0,0
781.33,0.4,153.38,627.95,2,1
650.83,0.2,93.14,557.69,1,0
853.58,0.6,140.24,713.33,3,1
759.32,0.4,116.24,643.08,2,0
960.13,0.6,216.54,743.59,3,1
786.44,0.2,206.05,580.38,1,1
1333.83,1.2,341.65,992.18,6,1
754.9,0.4,89.14,665.77,2,0
511.5,0.0,54.32,457.18,0,0
1197.75,0.8,459.54,738.21,4,1
1593.32,1.0,762.16,831.15,5,1
669.49,0.2,81.54,587.95,1,0
820.61,0.4,169.97,650.64,2,1
1128.71,0.4,500.76,627.95,2,1
638.0,0.0,143.0,495.0,0,0
796.03,0.4,160.51,635.51,2,1
716.98,0.4,89.03,627.95,2,1
540.18,0.0,75.43,464.74,0,0
1056.44,0.8,250.16,806.28,4,1
822.21,0.2,272.08,550.13,1,1
556.2,0.0,91.46,464.74,0,0
1029.63,0.6,308.73,720.9,3,1
1134.27,0.6,466.32,667.95,3,1
683.09,0.2,110.27,572.82,1,0
677.61,0.2,112.35,565.26,1,1
569.39,0.0,104.65,464.74,0,1
817.91,0.6,74.32,743.59,3,1
1303.41,0.6,635.46,667.95,3,1
575.08,0.0,87.65,487.44,0,0
750.88,0.2,185.62,565.26,1,1
648.9,0.2,68.51,580.38,1,0
980.24,0.6,236.65,743.59,3,1
831.06,0.4,150.16,680.9,2,0
722.71,0.2,149.89,572.82,1,0
543.47,0.0,78.73,464.74,0,0
520.47,0.0,55.73,464.74,0,1
672.01,0.2,106.76,565.26,1,0
745.71,0.4,117.76,627.95,2,1
722.55,0.4,109.73,612.82,2,1
540.32,0.0,90.7,449.62,0,1
645.58,0.2,80.32,565.26,1,0
761.33,0.2,188.51,572.82,1,0
682.87,0.2,110.05,572.82,1,1
574.09,0.0,109.35,464.74,0,1
708.82,0.2,143.57,565.26,1,0
685.91,0.2,120.65,565.26,1,0
554.74,0.0,90.0,464.74,0,0
693.67,0.2,135.97,557.69,1,1
855.99,0.4,190.22,665.77,2,1
1020.82,0.6,254.54,766.28,3,0
556.69,0.0,91.95,464.74,0,0
1074.55,1.0,220.7,853.85,5,1
824.55,0.4,143.65,680.9,2,1
649.88,0.2,84.62,565.26,1,0
574.37,0.0,109.62,464.74,0,0
737.55,0.2,172.3,565.26,1,1
595.04,0.0,137.86,457.18,0,1
863.82,0.6,150.49,713.33,3,1
798.66,0.2,233.41,565.26,1,0
873.93,0.4,208.16,665.77,2,1
1006.78,0.6,270.76,736.03,3,1
623.69,0.0,158.95,464.74,0,1
961.92,0.6,233.46,728.46,3,1
812.29,0.4,169.22,643.08,2,1
984.85,0.4,311.51,673.33,2,1
1120.15,0.8,260.92,859.23,4,1
927.04,0.4,261.27,665.77,2,1
989.26,0.6,238.11,751.15,3,1
766.09,0.4,100.32,665.77,2,0
1244.13,1.0,352.46,891.67,5,1
736.9,0.2,156.51,580.38,1,0
852.8,0.6,147.03,705.77,3,1
676.93,0.2,111.68,565.26,1,0
1184.82,0.6,532.0,652.82,3,1
601.37,0.0,144.19,457.18,0,1
1426.03,1.0,625.14,800.9,5,1
1020.62,0.4,392.68,627.95,2,1
1085.7,0.2,550.7,535.0,1,1
662.5,0.2,97.24,565.26,1,0
689.84,0.2,109.46,580.38,1,1
741.02,0.4,97.95,643.08,2,1
662.09,0.2,96.84,565.26,1,1
613.26,0.0,148.51,464.74,0,1
929.53,0.8,138.38,791.15,4,1
517.55,0.0,52.81,464.74,0,0
976.02,0.6,232.43,743.59,3,1
717.34,0.2,152.08,565.26,1,1
721.01,0.2,148.19,572.82,1,0
998.66,0.8,184.81,813.85,4,1
991.68,0.4,371.3,620.38,2,1
762.31,0.2,197.05,565.26,1,1
533.99,0.0,69.24,464.74,0,0
964.43,0.4,328.92,635.51,2,1
740.14,0.2,159.76,580.38,1,0
529.18,0.0,64.43,464.74,0,0
759.09,0.4,93.32,665.77,2,0
531.37,0.0,66.62,464.74,0,0
523.26,0.0,58.51,464.74,0,1
813.15,0.4,207.89,605.26,2,1
668.55,0.0,196.24,472.31,0,1
547.66,0.0,82.92,464.74,0,0
1012.7,0.6,276.68,736.03,3,1
697.79,0.2,124.97,572.82,1,1
1080.56,0.6,336.97,743.59,3,1
607.74,0.0,143.0,464.74,0,0
820.55,0.2,255.3,565.26,1,0
640.07,0.0,175.32,464.74,0,0
712.47,0.2,132.08,580.38,1,0
826.48,0.4,183.41,643.08,2,0
836.86,0.2,286.73,550.13,1,1
675.31,0.2,110.05,565.26,1,1
619.88,0.2,54.62,565.26,1,1
1114.08,0.4,486.14,627.95,2,1
926.98,0.4,246.08,680.9,2,1
1329.99,0.6,624.22,705.77,3,1
641.41,0.2,113.97,527.44,1,0
1221.55,0.8,407.7,813.85,4,1
623.47,0.2,58.22,565.26,1,1
933.18,0.6,174.46,758.72,3,1
791.91,0.4,141.27,650.64,2,1
640.42,0.2,82.73,557.69,1,0
550.74,0.0,86.0,464.74,0,0
917.73,0.6,189.27,728.46,3,1
560.26,0.0,95.51,464.74,0,0
1067.34,0.6,301.05,766.28,3,0
872.42,0.4,221.78,650.64,2,1
831.07,0.4,165.3,665.77,2,0
599.82,0.0,119.95,479.87,0,0
830.69,0.4,172.49,658.21,2,0
716.01,0.2,143.19,572.82,1,1
1106.4,1.0,214.73,891.67,5,1
1428.26,0.4,823.0,605.26,2,1
698.2,0.2,117.81,580.38,1,0
736.39,0.2,171.14,565.26,1,1
1124.66,1.0,210.3,914.36,5,1
824.39,0.4,166.19,658.21,2,1
930.51,0.6,179.35,751.15,3,0
693.93,0.2,128.68,565.26,1,0
552.69,0.0,87.95,464.74,0,1
762.69,0.4,96.92,665.77,2,1
534.42,0.0,77.24,457.18,0,1
891.48,0.4,233.27,658.21,2,1
1586.37,0.8,863.3,723.08,4,1
859.28,0.4,178.38,680.9,2,1
671.66,0.2,98.84,572.82,1,0
953.8,0.6,187.51,766.28,3,0
798.13,0.2,255.57,542.56,1,1
698.97,0.2,156.41,542.56,1,0
705.96,0.2,140.7,565.26,1,0
805.66,0.4,139.89,665.77,2,0
726.39,0.2,161.14,565.26,1,0
848.2,0.4,182.43,665.77,2,1
856.99,0.4,191.22,665.77,2,0
823.23,0.4,157.46,665.77,2,0
1623.93,1.2,669.57,954.36,6,1
582.74,0.0,102.86,479.87,0,1
1173.44,1.0,266.65,906.79,5,1
670.96,0.2,98.14,572.82,1,0
644.28,0.2,79.03,565.26,1,0
748.52,0.4,128.14,620.38,2,1
665.55,0.2,92.73,572.82,1,0
513.07,0.0,48.32,464.74,0,0
644.64,0.2,86.95,557.69,1,1
1050.9,0.6,284.62,766.28,3,1
782.12,0.4,116.35,665.77,2,1
642.36,0.2,77.11,565.26,1,1
990.9,0.6,224.62,766.28,3,1
764.42,0.4,151.59,612.82,2,1
637.28,0.2,72.03,565.26,1,1
1104.93,1.0,205.7,899.23,5,1
789.9,0.4,124.14,665.77,2,1
690.82,0.2,125.57,565.26,1,1
636.07,0.2,70.81,565.26,1,1
636.18,0.2,70.92,565.26,1,0
675.2,0.2,109.95,565.26,1,1
1590.32,0.8,806.73,783.59,4,1
691.61,0.2,126.35,565.26,1,0
841.55,0.4,168.22,673.33,2,1
803.26,0.4,145.05,658.21,2,1
648.01,0.2,82.76,565.26,1,1
884.72,0.4,218.95,665.77,2,0
796.92,0.4,116.03,680.9,2,0
937.37,0.6,186.22,751.15,3,1
830.39,0.4,157.05,673.33,2,1
522.77,0.0,58.03,464.74,0,0
629.93,0.0,157.62,472.31,0,0
946.07,0.6,179.78,766.28,3,1
660.69,0.2,95.43,565.26,1,0
707.87,0.2,127.49,580.38,1,1
524.96,0.0,60.22,464.74,0,0
523.55,0.0,58.81,464.74,0,1
532.88,0.0,75.7,457.18,0,0
730.55,0.2,165.3,565.26,1,1
675.72,0.2,110.46,565.26,1,1
