"Total_Cost","Ratio_Reloc_Prod","Horiz_Cost","Vert_Cost","nReloc","non_Optimal"
217972.47,0.3887,30729.28,187243.2,583,150
1447.07,0.3,185.78,1261.28,3,1
1726.33,0.6,269.41,1456.92,6,1
1292.71,0.3,129.76,1162.95,3,1
1474.17,0.4,218.27,1255.9,4,1
1783.91,0.7,317.24,1466.67,7,1
1208.14,0.1,185.7,1022.44,1,1
1486.08,0.5,167.49,1318.59,5,1
1752.88,0.6,311.08,1441.79,6,1
1787.52,0.7,245.22,1542.31,7,1
1291.86,0.2,206.73,1085.13,2,1
1824.98,0.7,343.19,1481.79,7,1
1604.36,0.5,247.95,1356.41,5,1
2171.43,1.0,418.35,1753.08,10,1
1161.74,0.1,154.43,1007.31,1,1
989.89,0.0,113.35,876.54,0,1
1636.33,0.6,239.92,1396.41,6,1
1528.11,0.5,232.22,1295.9,5,1
1125.58,0.1,125.84,999.74,1,1
1429.27,0.4,158.24,1271.03,4,1
1796.53,0.8,236.92,1559.62,8,1
1331.75,0.3,153.68,1178.08,3,1
1784.37,0.7,249.62,1534.74,7,1
1599.68,0.4,343.78,1255.9,4,1
1693.35,0.6,221.3,1472.05,6,1
1502.66,0.4,254.32,1248.33,4,1
1617.65,0.6,206.11,1411.54,6,1
1630.02,0.6,218.49,1411.54,6,1
1594.43,0.6,190.46,1403.97,6,1
1575.19,0.5,218.78,1356.41,5,1
1544.52,0.5,188.11,1356.41,5,1
1428.94,0.4,150.35,1278.59,4,1
1314.47,0.3,174.22,1140.26,3,1
1621.63,0.4,305.22,1316.41,4,1
1973.58,0.8,345.89,1627.69,8,1
1357.08,0.3,186.57,1170.51,3,1
1353.25,0.4,157.86,1195.38,4,1
1241.53,0.1,181.27,1060.26,1,1
1516.39,0.5,182.68,1333.72,5,1
1668.07,0.6,226.27,1441.79,6,1
1424.15,0.4,198.51,1225.64,4,1
1252.31,0.2,152.05,1100.26,2,1
1180.62,0.2,110.62,1070.0,2,1
1915.24,0.9,323.19,1592.05,9,1
1726.98,0.6,270.05,1456.92,6,1
1548.57,0.5,192.16,1356.41,5,1
1662.25,0.7,233.41,1428.85,7,1
1277.27,0.2,146.76,1130.51,2,1
1686.37,0.6,252.14,1434.23,6,1
1272.68,0.3,162.68,1110.0,3,1
1677.14,0.7,172.65,1504.49,7,1
1568.12,0.6,179.27,1388.85,6,1
1241.39,0.1,226.51,1014.87,1,1
1685.87,0.6,236.51,1449.36,6,1
1432.25,0.3,223.92,1208.33,3,1
1785.37,0.7,250.62,1534.74,7,1
1407.67,0.4,136.65,1271.03,4,1
1153.91,0.1,154.16,999.74,1,1
1238.67,0.1,201.11,1037.56,1,1
1258.59,0.3,133.46,1125.13,3,1
1072.33,0.1,102.84,969.49,1,1
1190.6,0.2,135.73,1054.87,2,1
1109.78,0.2,92.73,1017.05,2,1
1665.35,0.5,286.24,1379.1,5,1
1439.35,0.3,215.89,1223.46,3,1
1488.73,0.5,185.27,1303.46,5,1
1511.94,0.5,185.78,1326.15,5,1
1158.46,0.1,136.03,1022.44,1,1
1359.66,0.3,166.46,1193.21,3,1
1109.11,0.1,132.05,977.05,1,1
1477.13,0.3,246.11,1231.03,3,1
1199.7,0.2,122.14,1077.56,2,1
1326.32,0.3,148.24,1178.08,3,1
1542.72,0.5,224.14,1318.59,5,1
1528.18,0.5,209.59,1318.59,5,1
1705.85,0.7,231.62,1474.23,7,1
1364.24,0.4,146.16,1218.08,4,1
1454.14,0.3,245.81,1208.33,3,1
998.24,0.0,114.14,884.1,0,1
1311.83,0.2,219.14,1092.69,2,1
1506.23,0.5,180.08,1326.15,5,1
1287.72,0.2,202.59,1085.13,2,1
1453.78,0.3,283.27,1170.51,3,1
1812.57,0.8,207.57,1605.0,8,1
1376.53,0.3,175.76,1200.77,3,1
1410.34,0.3,224.7,1185.64,3,1
1467.03,0.3,236.0,1231.03,3,1
1497.97,0.3,319.89,1178.08,3,1
1487.77,0.5,154.05,1333.72,5,1
1253.2,0.2,137.81,1115.38,2,1
1330.21,0.4,165.08,1165.13,4,1
1262.09,0.2,207.22,1054.87,2,1
1273.56,0.2,196.0,1077.56,2,1
1524.29,0.3,285.7,1238.59,3,1
1443.2,0.3,242.43,1200.77,3,1
1302.02,0.2,209.32,1092.69,2,1
1406.21,0.3,175.19,1231.03,3,1
1730.36,0.7,248.57,1481.79,7,1
1309.38,0.2,178.86,1130.51,2,1
1249.52,0.2,202.22,1047.31,2,1
1176.87,0.1,154.43,1022.44,1,1
1270.91,0.3,130.65,1140.26,3,1
1533.06,0.3,309.59,1223.46,3,1
1457.61,0.4,216.84,1240.77,4,1
1371.02,0.3,185.38,1185.64,3,1
1292.05,0.3,121.54,1170.51,3,1
1496.13,0.5,185.11,1311.03,5,1
1207.62,0.1,170.05,1037.56,1,1
1634.37,0.7,220.65,1413.72,7,1
1425.25,0.4,176.92,1248.33,4,1
1405.65,0.3,189.76,1215.9,3,1
1281.16,0.3,118.22,1162.95,3,1
1663.92,0.6,259.95,1403.97,6,1
1441.74,0.5,145.84,1295.9,5,1
2077.83,1.0,309.62,1768.21,10,1
1672.53,0.5,338.81,1333.72,5,1
1605.95,0.7,169.54,1436.41,7,1
1510.99,0.4,277.78,1233.21,4,1
1429.12,0.4,180.78,1248.33,4,1
1735.28,0.7,245.92,1489.36,7,1
1434.9,0.3,219.0,1215.9,3,1
1529.1,0.3,282.95,1246.15,3,1
1867.97,0.7,302.97,1565.0,7,1
1402.99,0.3,202.22,1200.77,3,1
1593.11,0.4,269.14,1323.97,4,1
1422.5,0.3,221.73,1200.77,3,1
1330.25,0.3,174.86,1155.38,3,1
1500.81,0.4,222.22,1278.59,4,1
1409.79,0.4,161.46,1248.33,4,1
1412.39,0.4,179.19,1233.21,4,1
1423.23,0.4,190.03,1233.21,4,1
1272.83,0.3,155.27,1117.56,3,1
1249.78,0.3,124.65,1125.13,3,1
1249.15,0.2,156.46,1092.69,2,1
1323.5,0.3,175.68,1147.82,3,1
1319.91,0.3,141.84,1178.08,3,1
1395.7,0.3,164.68,1231.03,3,1
1692.36,0.7,195.43,1496.92,7,1
1429.71,0.3,221.38,1208.33,3,1
1310.44,0.2,187.49,1122.95,2,1
1491.38,0.3,260.35,1231.03,3,1
1302.13,0.1,257.0,1045.13,1,1
1506.23,0.4,212.51,1293.72,4,1
1117.64,0.0,165.46,952.18,0,1
1536.56,0.5,210.41,1326.15,5,1
963.72,0.0,79.62,884.1,0,1
1655.23,0.4,353.95,1301.28,4,1
1278.63,0.2,178.38,1100.26,2,1
1492.61,0.5,166.46,1326.15,5,1
1105.21,0.1,113.03,992.18,1,1
1603.14,0.4,279.16,1323.97,4,1
