"Total_Cost","Ratio_Reloc_Prod","Horiz_Cost","Vert_Cost","nReloc","non_Optimal"
219568.72,0.3887,31917.11,187651.67,583,150
1447.07,0.3,185.78,1261.28,3,1
1852.92,0.6,388.43,1464.49,6,1
1303.41,0.3,140.46,1162.95,3,1
1470.38,0.4,214.49,1255.9,4,1
1797.94,0.7,331.27,1466.67,7,1
1196.39,0.1,181.51,1014.87,1,1
1476.35,0.5,172.89,1303.46,5,1
1734.17,0.6,277.24,1456.92,6,1
1792.47,0.7,257.73,1534.74,7,1
1321.09,0.2,220.84,1100.26,2,1
1823.2,0.7,341.41,1481.79,7,1
1528.73,0.4,265.27,1263.46,4,1
2142.13,1.0,396.62,1745.51,10,1
1172.3,0.1,157.43,1014.87,1,1
989.89,0.0,113.35,876.54,0,1
1620.63,0.6,224.22,1396.41,6,1
1579.13,0.5,260.54,1318.59,5,1
1155.17,0.1,147.86,1007.31,1,1
1512.96,0.4,226.81,1286.15,4,1
1676.07,0.6,241.84,1434.23,6,1
1209.07,0.2,123.95,1085.13,2,1
1783.45,0.7,263.84,1519.62,7,1
1688.88,0.5,347.59,1341.28,5,1
1703.67,0.6,216.49,1487.18,6,1
1501.37,0.4,268.16,1233.21,4,1
1635.33,0.6,238.92,1396.41,6,1
1681.26,0.6,247.03,1434.23,6,1
1578.31,0.6,189.46,1388.85,6,1
1628.51,0.5,249.41,1379.1,5,1
1585.26,0.6,166.16,1419.1,6,1
1354.64,0.4,121.43,1233.21,4,1
1417.24,0.4,191.59,1225.64,4,1
1740.08,0.5,315.59,1424.49,5,1
2054.6,0.9,364.22,1690.38,9,1
1398.07,0.3,197.3,1200.77,3,1
1368.57,0.4,158.05,1210.51,4,1
1230.65,0.1,193.08,1037.56,1,1
1456.49,0.4,200.59,1255.9,4,1
1673.16,0.5,294.05,1379.1,5,1
1279.07,0.2,178.81,1100.26,2,1
1376.58,0.3,183.38,1193.21,3,1
1015.82,0.0,109.03,906.79,0,1
1947.98,0.9,325.68,1622.31,9,1
1677.77,0.6,243.54,1434.23,6,1
1445.7,0.4,182.24,1263.46,4,1
1450.81,0.4,232.73,1218.08,4,1
1269.33,0.2,153.95,1115.38,2,1
1748.95,0.7,252.03,1496.92,7,1
1253.02,0.2,175.46,1077.56,2,1
1690.46,0.7,193.54,1496.92,7,1
1655.19,0.7,211.22,1443.97,7,1
1277.14,0.1,247.14,1030.0,1,1
1641.67,0.6,215.0,1426.67,6,1
1517.53,0.4,223.81,1293.72,4,1
1789.52,0.7,247.22,1542.31,7,1
1538.04,0.5,204.32,1333.72,5,1
1049.12,0.0,134.76,914.36,0,1
1292.61,0.2,199.92,1092.69,2,1
1215.37,0.2,130.24,1085.13,2,1
1060.73,0.0,131.24,929.49,0,1
1192.89,0.2,168.27,1024.62,2,1
1155.25,0.1,147.95,1007.31,1,1
1904.56,0.8,284.43,1620.13,8,1
1745.0,0.6,272.95,1472.05,6,1
1906.45,0.9,299.27,1607.18,9,1
1422.9,0.3,214.57,1208.33,3,1
1189.0,0.2,111.43,1077.56,2,1
1418.95,0.4,163.05,1255.9,4,1
1281.1,0.2,188.41,1092.69,2,1
1687.66,0.6,238.3,1449.36,6,1
1238.47,0.2,130.65,1107.82,2,1
1656.54,0.7,205.0,1451.54,7,1
1533.3,0.5,229.84,1303.46,5,1
1519.44,0.4,210.59,1308.85,4,1
1615.97,0.6,212.0,1403.97,6,1
1362.21,0.3,244.65,1117.56,3,1
1439.11,0.2,323.73,1115.38,2,1
1055.87,0.0,133.95,921.92,0,1
1319.99,0.3,187.3,1132.69,3,1
1338.56,0.4,112.92,1225.64,4,1
1126.96,0.1,187.73,939.23,1,1
2121.08,1.1,328.0,1793.08,11,1
1794.52,0.7,252.22,1542.31,7,1
1149.36,0.1,142.05,1007.31,1,1
1650.52,0.5,301.68,1348.85,5,1
1310.49,0.1,295.62,1014.87,1,1
1295.64,0.1,311.03,984.62,1,1
1404.73,0.4,141.27,1263.46,4,1
1163.52,0.2,108.65,1054.87,2,1
1616.1,0.6,181.86,1434.23,6,1
1162.22,0.1,192.73,969.49,1,1
1151.83,0.0,252.59,899.23,0,1
1603.06,0.4,294.22,1308.85,4,1
1187.84,0.1,172.97,1014.87,1,1
1393.86,0.3,223.35,1170.51,3,1
1481.24,0.4,210.22,1271.03,4,1
1633.27,0.7,189.3,1443.97,7,1
1369.67,0.3,191.59,1178.08,3,1
1083.88,0.0,192.22,891.67,0,1
1081.16,0.0,151.68,929.49,0,1
1279.56,0.1,302.51,977.05,1,1
1270.99,0.1,278.81,992.18,1,1
1201.78,0.1,171.78,1030.0,1,1
1597.11,0.5,240.7,1356.41,5,1
1154.84,0.2,84.84,1070.0,2,1
1565.75,0.5,179.08,1386.67,5,1
1390.76,0.4,134.86,1255.9,4,1
1555.38,0.6,158.97,1396.41,6,1
1572.23,0.5,185.57,1386.67,5,1
1796.58,0.8,229.41,1567.18,8,1
1299.62,0.3,121.54,1178.08,3,1
1543.45,0.4,264.86,1278.59,4,1
1560.48,0.6,148.95,1411.54,6,1
1661.83,0.5,267.59,1394.23,5,1
1670.27,0.4,338.73,1331.54,4,1
1441.32,0.3,210.3,1231.03,3,1
1568.71,0.5,227.43,1341.28,5,1
1405.52,0.3,197.19,1208.33,3,1
1590.68,0.5,226.7,1363.97,5,1
1625.37,0.5,231.14,1394.23,5,1
1365.43,0.2,227.35,1138.08,2,1
1696.24,0.5,271.76,1424.49,5,1
1242.14,0.2,126.76,1115.38,2,1
1553.64,0.3,307.49,1246.15,3,1
1273.83,0.2,188.7,1085.13,2,1
1214.1,0.2,136.54,1077.56,2,1
1499.93,0.4,206.22,1293.72,4,1
1318.52,0.3,155.57,1162.95,3,1
1426.25,0.3,217.92,1208.33,3,1
1696.48,0.7,229.81,1466.67,7,1
1275.42,0.2,167.59,1107.82,2,1
1275.08,0.2,152.14,1122.95,2,1
1341.25,0.4,145.86,1195.38,4,1
1585.43,0.5,213.89,1371.54,5,1
1388.58,0.3,195.38,1193.21,3,1
1398.66,0.4,165.46,1233.21,4,1
1492.14,0.5,188.68,1303.46,5,1
1109.79,0.0,187.86,921.92,0,1
1545.5,0.5,211.78,1333.72,5,1
1583.72,0.5,257.57,1326.15,5,1
1522.65,0.4,251.62,1271.03,4,1
1531.8,0.4,230.51,1301.28,4,1
1104.63,0.0,197.84,906.79,0,1
1843.75,0.7,271.19,1572.56,7,1
1136.71,0.1,121.84,1014.87,1,1
1775.49,0.6,311.0,1464.49,6,1
1169.17,0.1,161.86,1007.31,1,1
1490.46,0.4,219.43,1271.03,4,1
1149.93,0.1,135.05,1014.87,1,1
1572.18,0.5,193.08,1379.1,5,1
