"Total_Cost","Ratio_Reloc_Prod","Horiz_Cost","Vert_Cost","nReloc","non_Optimal"
251275.2,0.738,43374.68,207900.72,1107,300
458.77,0.0,54.54,404.23,0,1
581.3,0.2,114.38,466.92,1,1
698.2,0.6,113.46,584.74,3,1
683.6,0.4,116.16,567.44,2,1
702.73,0.6,87.73,615.0,3,1
490.15,0.0,85.92,404.23,0,1
611.07,0.2,121.46,489.62,1,1
840.26,0.8,162.57,677.69,4,1
658.74,0.2,154.0,504.74,1,1
691.72,0.2,194.54,497.18,1,1
510.22,0.0,75.73,434.49,0,1
906.88,1.0,136.24,770.64,5,1
697.63,0.4,137.76,559.87,2,1
504.42,0.0,107.76,396.67,0,1
732.68,0.4,172.81,559.87,2,1
1270.83,1.6,259.16,1011.67,8,1
841.84,0.8,141.46,700.38,4,1
961.63,1.0,175.86,785.77,5,1
982.98,1.0,182.08,800.9,5,1
920.14,1.0,172.19,747.95,5,1
878.45,0.8,193.19,685.26,4,1
1086.78,1.2,223.19,863.59,6,1
727.9,0.6,120.46,607.44,3,1
886.71,0.8,178.76,707.95,4,1
695.88,0.4,143.57,552.31,2,1
1022.86,1.2,159.27,863.59,6,1
568.22,0.2,108.86,459.36,1,1
761.62,0.6,139.05,622.56,3,1
1162.61,1.2,291.46,871.15,6,1
593.84,0.2,119.35,474.49,1,1
972.47,1.0,186.7,785.77,5,1
756.91,0.6,111.65,645.26,3,1
478.62,0.0,89.51,389.1,0,1
607.23,0.2,110.05,497.18,1,1
575.3,0.2,115.95,459.36,1,1
519.37,0.0,130.27,389.1,0,1
498.23,0.0,86.43,411.79,0,1
559.06,0.2,92.14,466.92,1,1
1387.45,1.8,282.84,1104.62,9,1
1100.59,1.4,204.57,896.03,7,1
790.63,0.6,145.38,645.26,3,1
808.42,0.6,155.59,652.82,3,1
1003.72,1.0,217.95,785.77,5,1
729.39,0.6,84.14,645.26,3,1
1441.76,2.2,226.89,1214.87,11,1
826.27,0.8,118.32,707.95,4,1
775.96,0.4,223.65,552.31,2,1
523.41,0.0,104.05,419.36,0,1
1108.98,1.4,167.57,941.41,7,1
734.18,0.6,104.05,630.13,3,1
1114.69,1.4,188.41,926.28,7,1
654.46,0.4,87.03,567.44,2,1
688.0,0.4,120.57,567.44,2,1
653.71,0.4,93.84,559.87,2,1
666.96,0.4,61.7,605.26,2,1
1023.55,1.0,230.22,793.33,5,1
927.37,1.0,164.3,763.08,5,1
761.21,0.6,78.14,683.08,3,1
1004.69,1.2,125.97,878.72,6,1
882.57,0.8,121.68,760.9,4,1
974.03,1.0,158.0,816.03,5,1
773.34,0.6,135.65,637.69,3,1
509.2,0.0,89.84,419.36,0,1
1183.85,1.4,189.49,994.36,7,1
771.93,0.6,126.68,645.26,3,1
642.21,0.4,120.16,522.05,2,1
1015.9,1.2,175.0,840.9,6,1
880.41,0.6,212.46,667.95,3,1
1139.33,1.4,144.97,994.36,7,1
613.86,0.2,116.68,497.18,1,1
653.92,0.4,131.86,522.05,2,1
1026.61,1.2,155.46,871.15,6,1
818.68,0.6,203.68,615.0,3,1
1350.25,1.8,207.81,1142.44,9,1
763.59,0.6,133.46,630.13,3,1
971.7,1.0,208.62,763.08,5,1
753.91,0.6,108.65,645.26,3,1
945.09,1.0,144.19,800.9,5,1
676.81,0.4,109.38,567.44,2,1
633.06,0.4,65.62,567.44,2,1
765.36,0.6,104.97,660.38,3,1
830.28,0.6,185.03,645.26,3,1
1327.94,1.6,270.89,1057.05,8,1
632.88,0.4,88.14,544.74,2,1
1246.61,1.6,219.81,1026.79,8,1
706.4,0.4,123.84,582.56,2,1
741.85,0.6,89.03,652.82,3,1
922.0,1.0,113.54,808.46,5,1
772.98,0.6,120.16,652.82,3,1
580.75,0.2,91.14,489.62,1,1
870.58,0.8,117.24,753.33,4,1
1088.97,1.4,185.38,903.59,7,1
486.12,0.0,74.32,411.79,0,1
852.37,0.8,121.73,730.64,4,1
923.64,1.0,160.57,763.08,5,1
669.34,0.4,79.22,590.13,2,1
855.84,0.8,155.46,700.38,4,1
1166.5,1.4,240.22,926.28,7,1
1227.45,1.4,263.35,964.1,7,1
666.01,0.4,121.27,544.74,2,1
1112.13,1.2,195.59,916.54,6,1
673.03,0.4,113.16,559.87,2,1
471.24,0.0,82.14,389.1,0,1
822.38,0.6,162.0,660.38,3,1
599.23,0.2,102.05,497.18,1,1
944.85,1.0,106.14,838.72,5,1
609.52,0.2,142.59,466.92,1,1
875.56,0.8,137.35,738.21,4,1
569.17,0.2,102.24,466.92,1,1
1188.59,1.6,184.49,1004.1,8,1
571.63,0.2,112.27,459.36,1,1
1069.21,1.0,291.0,778.21,5,1
761.31,0.6,116.05,645.26,3,1
756.61,0.6,111.35,645.26,3,1
865.68,0.8,165.3,700.38,4,1
1137.55,1.4,203.7,933.85,7,1
1014.5,1.0,228.73,785.77,5,1
903.64,0.8,173.0,730.64,4,1
790.45,0.6,145.19,645.26,3,1
1125.16,1.4,176.19,948.97,7,1
753.66,0.6,100.84,652.82,3,1
590.11,0.2,108.05,482.05,1,1
1267.47,1.6,233.11,1034.36,8,1
664.86,0.4,74.73,590.13,2,1
1047.18,1.2,183.59,863.59,6,1
1060.33,1.2,219.43,840.9,6,1
626.9,0.2,99.46,527.44,1,1
1119.58,1.2,225.73,893.85,6,1
575.49,0.2,108.57,466.92,1,1
1498.57,2.0,323.7,1174.87,10,1
626.04,0.4,73.73,552.31,2,1
1007.44,1.2,121.16,886.28,6,1
737.29,0.6,54.22,683.08,3,1
724.51,0.6,101.95,622.56,3,1
930.37,1.0,99.22,831.15,5,1
711.69,0.6,74.0,637.69,3,1
762.07,0.6,124.38,637.69,3,1
1082.85,1.2,204.14,878.72,6,1
683.3,0.4,115.86,567.44,2,1
1128.35,1.4,171.81,956.54,7,1
672.46,0.4,97.46,575.0,2,1
803.53,0.6,173.41,630.13,3,1
724.21,0.6,101.65,622.56,3,1
970.69,1.0,131.97,838.72,5,1
461.34,0.0,57.11,404.23,0,1
1382.79,1.8,187.41,1195.38,9,1
1032.39,1.2,138.54,893.85,6,1
785.79,0.6,117.84,667.95,3,1
657.25,0.4,104.95,552.31,2,1
1267.89,1.6,203.27,1064.62,8,1
830.05,0.6,199.92,630.13,3,1
1195.42,1.6,123.24,1072.18,8,1
462.83,0.0,73.73,389.1,0,1
904.34,0.8,173.7,730.64,4,1
904.66,1.0,126.46,778.21,5,1
1008.65,1.2,107.24,901.41,6,1
487.68,0.0,68.32,419.36,0,1
607.41,0.2,140.49,466.92,1,1
850.21,0.8,119.57,730.64,4,1
1000.62,1.0,252.68,747.95,5,1
553.36,0.2,86.43,466.92,1,1
519.2,0.0,99.84,419.36,0,1
872.78,0.8,157.27,715.51,4,1
1043.45,1.2,119.35,924.1,6,1
821.98,0.6,214.54,607.44,3,1
486.88,0.0,82.65,404.23,0,1
725.16,0.6,95.03,630.13,3,1
884.07,0.8,145.86,738.21,4,1
1281.67,1.6,224.62,1057.05,8,1
471.53,0.0,82.43,389.1,0,1
1237.76,1.6,203.41,1034.36,8,1
746.35,0.6,123.78,622.56,3,1
969.61,1.0,191.41,778.21,5,1
1033.43,1.2,177.41,856.03,6,1
749.16,0.6,134.16,615.0,3,1
1048.4,1.2,192.38,856.03,6,1
687.35,0.4,165.3,522.05,2,1
558.46,0.2,91.54,466.92,1,1
478.01,0.0,66.22,411.79,0,1
1177.33,1.4,182.97,994.36,7,1
978.87,1.0,177.97,800.9,5,1
819.29,0.6,196.73,622.56,3,1
838.48,0.8,107.84,730.64,4,1
1315.67,1.8,203.49,1112.18,9,1
1622.61,2.4,269.41,1353.21,12,1
751.0,0.6,143.57,607.44,3,1
924.06,1.0,123.16,800.9,5,1
777.05,0.6,154.49,622.56,3,1
510.27,0.0,83.35,426.92,0,1
534.15,0.2,82.35,451.79,1,1
1002.46,1.0,186.43,816.03,5,1
777.99,0.6,147.86,630.13,3,1
659.09,0.4,114.35,544.74,2,1
466.28,0.0,46.92,419.36,0,1
931.09,1.0,137.76,793.33,5,1
569.81,0.2,95.32,474.49,1,1
892.1,0.8,153.89,738.21,4,1
465.64,0.0,76.54,389.1,0,1
984.86,1.0,221.78,763.08,5,1
1131.0,1.2,282.54,848.46,6,1
1143.61,1.4,224.89,918.72,7,1
946.48,0.8,215.84,730.64,4,1
861.09,0.8,107.76,753.33,4,1
731.35,0.4,163.92,567.44,2,1
833.23,0.8,95.03,738.21,4,1
756.33,0.6,103.51,652.82,3,1
856.08,0.8,140.57,715.51,4,1
630.64,0.2,133.46,497.18,1,1
960.65,1.0,159.76,800.9,5,1
770.44,0.6,163.0,607.44,3,1
788.25,0.4,235.95,552.31,2,1
985.33,1.2,136.86,848.46,6,1
999.69,1.2,128.54,871.15,6,1
950.5,1.0,157.16,793.33,5,1
862.79,0.8,169.97,692.82,4,1
769.69,0.6,116.86,652.82,3,1
1087.5,1.2,201.22,886.28,6,1
983.32,1.0,167.3,816.03,5,1
1087.46,1.2,231.43,856.03,6,1
836.83,0.8,98.62,738.21,4,1
614.56,0.2,124.95,489.62,1,1
648.89,0.4,66.32,582.56,2,1
826.22,0.6,150.7,675.51,3,1
567.65,0.2,93.16,474.49,1,1
878.48,0.8,155.41,723.08,4,1
954.52,1.0,161.19,793.33,5,1
924.21,1.0,153.57,770.64,5,1
873.6,0.8,180.78,692.82,4,1
1237.56,1.4,258.32,979.23,7,1
596.69,0.2,91.95,504.74,1,1
845.05,0.8,121.97,723.08,4,1
589.52,0.2,77.22,512.31,1,1
861.37,0.8,123.16,738.21,4,1
723.78,0.6,101.22,622.56,3,1
747.16,0.6,132.16,615.0,3,1
1069.64,1.2,190.92,878.72,6,1
914.38,0.8,206.43,707.95,4,1
870.14,0.8,169.76,700.38,4,1
580.43,0.2,105.95,474.49,1,1
766.19,0.6,151.19,615.0,3,1
835.75,0.8,158.05,677.69,4,1
767.8,0.6,137.68,630.13,3,1
1011.75,1.2,148.16,863.59,6,1
952.48,1.0,174.27,778.21,5,1
811.73,0.6,189.16,622.56,3,1
513.25,0.0,86.32,426.92,0,1
1108.55,1.2,267.65,840.9,6,1
975.1,1.0,136.38,838.72,5,1
472.61,0.0,75.95,396.67,0,1
720.25,0.6,67.43,652.82,3,1
659.93,0.4,100.05,559.87,2,1
1037.42,1.2,151.14,886.28,6,1
583.17,0.2,116.24,466.92,1,1
1213.03,1.6,178.68,1034.36,8,1
577.05,0.2,87.43,489.62,1,1
870.81,0.8,162.86,707.95,4,1
1057.72,1.2,179.0,878.72,6,1
570.68,0.2,103.76,466.92,1,1
991.97,1.2,135.95,856.03,6,1
662.06,0.4,94.62,567.44,2,1
473.68,0.0,54.32,419.36,0,1
701.15,0.4,103.46,597.69,2,1
1150.98,1.4,224.7,926.28,7,1
1165.23,1.4,186.0,979.23,7,1
728.35,0.6,60.41,667.95,3,1
941.25,1.0,140.35,800.9,5,1
592.19,0.2,110.14,482.05,1,1
745.1,0.6,122.54,622.56,3,1
1043.01,1.2,156.73,886.28,6,1
876.27,0.8,153.19,723.08,4,1
649.03,0.4,74.03,575.0,2,1
770.98,0.6,118.16,652.82,3,1
1254.4,1.6,182.22,1072.18,8,1
743.46,0.6,128.46,615.0,3,1
648.02,0.4,125.97,522.05,2,1
685.75,0.4,88.05,597.69,2,1
587.37,0.2,97.76,489.62,1,1
746.61,0.6,101.35,645.26,3,1
442.29,0.0,45.62,396.67,0,1
787.43,0.8,71.92,715.51,4,1
1021.99,1.2,143.27,878.72,6,1
1049.58,1.2,163.3,886.28,6,1
702.35,0.4,180.3,522.05,2,1
686.19,0.4,118.76,567.44,2,1
781.86,0.6,159.3,622.56,3,1
1156.74,1.6,129.95,1026.79,8,1
912.57,0.8,204.62,707.95,4,1
1127.73,1.4,186.32,941.41,7,1
787.88,0.6,195.57,592.31,3,1
538.95,0.0,112.03,426.92,0,1
1109.27,1.2,200.3,908.97,6,1
772.8,0.6,127.54,645.26,3,1
992.44,1.0,199.11,793.33,5,1
967.69,1.0,189.49,778.21,5,1
571.85,0.2,120.05,451.79,1,1
1070.38,1.2,168.97,901.41,6,1
739.86,0.6,124.86,615.0,3,1
1368.16,1.8,210.59,1157.56,9,1
828.69,0.6,183.43,645.26,3,1
1126.47,1.2,247.76,878.72,6,1
