"Total_Cost","Ratio_Reloc_Prod","Horiz_Cost","Vert_Cost","nReloc","non_Optimal"
251108.74,0.77,37725.38,213383.26,1155,300
620.63,0.4,68.32,552.31,2,1
448.4,0.0,51.73,396.67,0,1
633.2,0.4,88.46,544.74,2,1
770.19,0.6,155.19,615.0,3,1
631.97,0.4,102.35,529.62,2,1
798.15,0.8,120.46,677.69,4,1
796.63,0.8,96.24,700.38,4,1
710.48,0.6,87.92,622.56,3,1
716.21,0.4,179.03,537.18,2,1
842.53,1.0,124.84,717.69,5,1
731.67,0.4,133.97,597.69,2,1
842.45,0.6,204.76,637.69,3,1
562.38,0.0,127.89,434.49,0,1
834.65,0.8,119.14,715.51,4,1
750.01,0.6,104.76,645.26,3,1
452.17,0.0,32.81,419.36,0,1
502.23,0.0,105.57,396.67,0,1
802.64,0.8,124.95,677.69,4,1
736.24,0.2,201.24,535.0,1,1
532.63,0.2,65.7,466.92,1,1
650.84,0.4,75.84,575.0,2,1
1027.52,1.2,179.05,848.46,6,1
966.52,1.0,226.14,740.38,5,1
1303.34,1.8,191.16,1112.18,9,1
1210.41,1.6,229.0,981.41,8,1
438.62,0.0,49.51,389.1,0,1
763.29,0.6,133.16,630.13,3,1
622.28,0.4,77.54,544.74,2,1
1171.3,1.6,174.76,996.54,8,1
541.62,0.2,52.0,489.62,1,1
911.56,1.0,148.49,763.08,5,1
657.45,0.4,120.27,537.18,2,1
1116.07,1.4,189.78,926.28,7,1
1006.38,1.2,150.35,856.03,6,1
670.12,0.4,110.24,559.87,2,1
1045.31,1.2,151.46,893.85,6,1
1012.41,1.2,179.08,833.33,6,1
534.28,0.0,122.49,411.79,0,1
744.18,0.6,114.05,630.13,3,1
1076.49,1.4,127.51,948.97,7,1
1079.47,1.4,160.76,918.72,7,1
822.03,0.8,121.65,700.38,4,1
1130.03,1.2,221.05,908.97,6,1
806.58,0.6,168.89,637.69,3,1
842.33,0.8,134.38,707.95,4,1
1268.75,1.6,257.08,1011.67,8,1
472.44,0.0,45.51,426.92,0,1
914.91,1.0,144.27,770.64,5,1
726.9,0.6,66.51,660.38,3,1
907.79,0.8,214.97,692.82,4,1
1348.79,1.8,274.43,1074.36,9,1
543.83,0.2,54.22,489.62,1,1
987.36,1.2,93.51,893.85,6,1
742.82,0.6,82.43,660.38,3,1
888.07,0.8,149.86,738.21,4,1
816.18,0.8,85.54,730.64,4,1
1027.78,1.2,111.24,916.54,6,1
728.31,0.6,90.62,637.69,3,1
963.95,1.0,155.49,808.46,5,1
724.87,0.6,56.92,667.95,3,1
485.73,0.0,58.81,426.92,0,1
957.58,1.0,118.86,838.72,5,1
895.32,0.8,164.68,730.64,4,1
863.64,0.8,125.43,738.21,4,1
1099.86,1.2,183.32,916.54,6,1
1274.44,1.8,147.14,1127.31,9,1
744.7,0.6,61.62,683.08,3,1
486.22,0.0,51.73,434.49,0,1
980.54,1.2,116.95,863.59,6,1
853.34,0.8,115.14,738.21,4,1
1105.91,1.2,181.81,924.1,6,1
940.03,1.0,131.57,808.46,5,1
443.9,0.0,32.11,411.79,0,1
1074.93,1.2,120.57,954.36,6,1
951.25,1.0,142.78,808.46,5,1
818.56,0.6,135.49,683.08,3,1
839.18,0.6,193.92,645.26,3,1
661.98,0.4,94.54,567.44,2,1
1053.35,1.2,144.38,908.97,6,1
607.27,0.2,64.7,542.56,1,1
693.6,0.4,126.16,567.44,2,1
775.23,0.6,129.97,645.26,3,1
1016.99,1.2,138.27,878.72,6,1
909.96,1.0,131.76,778.21,5,1
827.58,0.8,149.89,677.69,4,1
1138.23,1.4,219.51,918.72,7,1
480.86,0.0,38.81,442.05,0,1
645.2,0.4,85.32,559.87,2,1
657.1,0.4,59.41,597.69,2,1
762.77,0.6,125.08,637.69,3,1
480.93,0.0,69.14,411.79,0,1
725.96,0.4,128.27,597.69,2,1
924.78,1.0,108.76,816.03,5,1
1052.42,1.2,173.7,878.72,6,1
496.07,0.0,91.84,404.23,0,1
645.87,0.4,78.43,567.44,2,1
746.04,0.6,108.35,637.69,3,1
1160.19,1.4,211.22,948.97,7,1
764.32,0.6,81.24,683.08,3,1
529.84,0.2,62.92,466.92,1,1
1810.24,2.8,218.19,1592.05,14,1
1456.75,2.0,244.05,1212.69,10,1
644.44,0.4,92.14,552.31,2,1
869.54,0.8,161.59,707.95,4,1
754.35,0.6,78.84,675.51,3,1
635.56,0.4,105.95,529.62,2,1
492.71,0.0,80.92,411.79,0,1
498.74,0.0,86.95,411.79,0,1
936.38,1.0,120.35,816.03,5,1
1044.61,1.2,165.89,878.72,6,1
588.92,0.2,53.92,535.0,1,1
783.23,0.6,137.97,645.26,3,1
944.78,1.0,128.76,816.03,5,1
1055.45,1.2,131.35,924.1,6,1
825.2,0.8,79.43,745.77,4,1
1004.57,1.0,196.11,808.46,5,1
1037.51,1.2,120.97,916.54,6,1
818.14,0.8,117.76,700.38,4,1
1134.97,1.4,186.0,948.97,7,1
1186.76,1.6,197.78,988.97,8,1
474.54,0.0,47.62,426.92,0,1
1715.49,2.6,284.46,1431.03,13,1
654.04,0.4,101.73,552.31,2,1
575.51,0.2,93.46,482.05,1,1
922.71,1.0,76.43,846.28,5,1
1115.55,1.4,128.76,986.79,7,1
1152.4,1.6,140.73,1011.67,8,1
941.85,1.0,156.08,785.77,5,1
775.16,0.6,99.65,675.51,3,1
546.18,0.2,49.0,497.18,1,1
775.12,0.4,215.24,559.87,2,1
992.97,1.2,136.95,856.03,6,1
951.69,1.0,120.54,831.15,5,1
928.39,1.0,150.19,778.21,5,1
838.51,0.8,115.43,723.08,4,1
1037.31,1.0,191.03,846.28,5,1
650.61,0.4,105.86,544.74,2,1
1131.5,1.4,152.27,979.23,7,1
737.45,0.6,46.81,690.64,3,1
589.89,0.2,100.27,489.62,1,1
795.33,0.6,127.38,667.95,3,1
943.05,1.0,119.46,823.59,5,1
1152.25,1.4,210.84,941.41,7,1
919.02,1.0,95.43,823.59,5,1
878.57,1.0,70.11,808.46,5,1
757.36,0.6,104.54,652.82,3,1
902.91,1.0,132.27,770.64,5,1
711.86,0.6,81.73,630.13,3,1
1017.21,1.2,146.05,871.15,6,1
837.73,0.8,114.65,723.08,4,1
976.87,1.2,83.03,893.85,6,1
482.54,0.0,55.62,426.92,0,1
826.31,0.4,221.05,605.26,2,1
745.32,0.6,122.76,622.56,3,1
1090.3,1.2,128.38,961.92,6,1
742.22,0.6,142.35,599.87,3,1
644.2,0.4,84.32,559.87,2,1
810.37,0.8,79.73,730.64,4,1
853.55,0.8,153.16,700.38,4,1
1220.54,1.6,163.49,1057.05,8,1
702.98,0.4,150.68,552.31,2,1
759.08,0.6,76.0,683.08,3,1
977.81,1.2,129.35,848.46,6,1
690.03,0.4,115.03,575.0,2,1
965.76,1.0,157.3,808.46,5,1
754.66,0.6,101.84,652.82,3,1
1205.32,1.6,148.27,1057.05,8,1
827.1,0.8,156.97,670.13,4,1
830.67,0.6,200.54,630.13,3,1
767.08,0.6,99.14,667.95,3,1
714.7,0.4,124.57,590.13,2,1
679.0,0.4,96.43,582.56,2,1
775.36,0.6,114.97,660.38,3,1
753.74,0.6,93.35,660.38,3,1
903.82,1.0,118.05,785.77,5,1
638.83,0.4,101.65,537.18,2,1
856.1,0.8,125.46,730.64,4,1
726.15,0.4,181.41,544.74,2,1
978.15,1.2,99.43,878.72,6,1
656.79,0.4,89.35,567.44,2,1
663.81,0.4,81.24,582.56,2,1
972.76,1.0,164.3,808.46,5,1
1090.32,1.4,118.65,971.67,7,1
767.84,0.6,92.32,675.51,3,1
873.09,0.6,220.27,652.82,3,1
719.96,0.4,122.27,597.69,2,1
551.22,0.2,91.86,459.36,1,1
517.41,0.0,98.05,419.36,0,1
795.73,0.6,180.73,615.0,3,1
904.41,0.8,151.08,753.33,4,1
1112.99,1.4,194.27,918.72,7,1
1174.4,1.6,170.3,1004.1,8,1
1124.85,1.4,191.0,933.85,7,1
471.31,0.0,59.51,411.79,0,1
483.64,0.0,94.54,389.1,0,1
526.76,0.0,92.27,434.49,0,1
730.25,0.6,77.43,652.82,3,1
671.88,0.4,119.57,552.31,2,1
741.49,0.6,73.54,667.95,3,1
1450.33,2.0,207.38,1242.95,10,1
919.55,1.0,118.65,800.9,5,1
492.3,0.0,72.95,419.36,0,1
706.16,0.6,76.03,630.13,3,1
1008.28,1.0,146.86,861.41,5,1
739.76,0.6,71.81,667.95,3,1
700.24,0.4,117.68,582.56,2,1
530.72,0.2,41.11,489.62,1,1
725.3,0.6,64.92,660.38,3,1
1171.35,1.6,182.38,988.97,8,1
519.23,0.2,67.43,451.79,1,1
812.87,0.6,152.49,660.38,3,1
1055.59,1.2,139.05,916.54,6,1
826.71,0.8,118.76,707.95,4,1
596.69,0.2,91.95,504.74,1,1
765.26,0.6,127.57,637.69,3,1
576.07,0.2,71.32,504.74,1,1
737.9,0.6,77.51,660.38,3,1
800.79,0.6,200.92,599.87,3,1
992.53,1.2,166.76,825.77,6,1
810.45,0.8,132.76,677.69,4,1
1182.78,1.4,226.24,956.54,7,1
732.28,0.6,87.03,645.26,3,1
828.43,0.6,213.43,615.0,3,1
545.97,0.2,63.92,482.05,1,1
722.84,0.4,155.41,567.44,2,1
919.48,0.8,196.41,723.08,4,1
1184.06,1.4,242.65,941.41,7,1
590.58,0.2,138.78,451.79,1,1
552.43,0.2,77.95,474.49,1,1
692.99,0.4,102.86,590.13,2,1
869.42,0.8,138.78,730.64,4,1
980.79,1.2,147.46,833.33,6,1
737.83,0.6,115.27,622.56,3,1
1334.96,1.8,162.27,1172.69,9,1
718.88,0.4,128.76,590.13,2,1
1158.86,1.6,154.76,1004.1,8,1
1077.02,1.2,160.49,916.54,6,1
1361.59,1.8,264.54,1097.05,9,1
1303.1,1.8,243.86,1059.23,9,1
1203.66,1.4,224.43,979.23,7,1
806.68,0.8,98.73,707.95,4,1
891.21,0.8,153.0,738.21,4,1
957.44,1.0,171.68,785.77,5,1
913.25,1.0,112.35,800.9,5,1
440.61,0.0,28.81,411.79,0,1
773.3,0.8,72.92,700.38,4,1
558.97,0.2,76.92,482.05,1,1
766.98,0.6,114.16,652.82,3,1
492.83,0.0,96.16,396.67,0,1
786.27,0.6,110.76,675.51,3,1
839.53,0.8,101.32,738.21,4,1
736.58,0.6,91.32,645.26,3,1
1189.96,1.6,110.22,1079.74,8,1
840.38,0.8,124.86,715.51,4,1
766.27,0.6,90.76,675.51,3,1
766.12,0.8,88.43,677.69,4,1
666.33,0.4,106.46,559.87,2,1
863.39,0.8,110.05,753.33,4,1
995.54,1.2,131.95,863.59,6,1
1673.2,2.6,264.86,1408.33,13,1
1226.16,1.6,229.62,996.54,8,1
954.91,1.2,91.32,863.59,6,1
878.35,0.8,170.41,707.95,4,1
740.0,0.6,56.92,683.08,3,1
658.55,0.2,153.81,504.74,1,1
637.57,0.4,70.14,567.44,2,1
772.33,0.6,111.95,660.38,3,1
694.44,0.4,127.0,567.44,2,1
697.02,0.4,114.46,582.56,2,1
753.54,0.6,130.97,622.56,3,1
624.39,0.4,79.65,544.74,2,1
573.38,0.2,91.32,482.05,1,1
1080.79,1.4,139.38,941.41,7,1
820.65,0.8,105.14,715.51,4,1
775.85,0.8,83.03,692.82,4,1
457.53,0.0,68.43,389.1,0,1
711.45,0.6,81.32,630.13,3,1
744.57,0.6,129.57,615.0,3,1
758.16,0.6,90.22,667.95,3,1
767.81,0.6,84.73,683.08,3,1
1103.81,1.4,147.27,956.54,7,1
737.11,0.4,215.05,522.05,2,1
741.41,0.6,81.03,660.38,3,1
777.38,0.6,101.86,675.51,3,1
619.67,0.4,37.11,582.56,2,1
1045.63,1.2,151.78,893.85,6,1
813.79,0.6,206.35,607.44,3,1
1115.44,1.4,181.59,933.85,7,1
645.96,0.4,40.7,605.26,2,1
1128.61,1.4,149.38,979.23,7,1
740.06,0.6,87.24,652.82,3,1
737.23,0.6,99.54,637.69,3,1
1311.33,1.8,221.84,1089.49,9,1
1040.91,1.2,109.24,931.67,6,1
740.4,0.6,110.27,630.13,3,1
728.53,0.6,90.84,637.69,3,1
551.64,0.2,62.03,489.62,1,1
934.02,1.0,163.38,770.64,5,1
866.37,0.8,143.3,723.08,4,1
1146.33,1.4,151.97,994.36,7,1
