"Total_Cost","Ratio_Reloc_Prod","Horiz_Cost","Vert_Cost","nReloc","non_Optimal"
264564.96,0.444,74463.19,190101.8,666,229
665.63,0.2,85.24,580.38,1,1
588.24,0.0,93.24,495.0,0,0
751.3,0.4,123.35,627.95,2,1
798.84,0.4,117.95,680.9,2,1
592.19,0.0,104.76,487.44,0,0
792.28,0.4,179.46,612.82,2,1
751.88,0.2,186.62,565.26,1,1
1067.9,0.6,347.0,720.9,3,1
1178.81,1.4,161.76,1017.05,7,1
951.61,0.6,253.41,698.21,3,1
1249.52,1.4,255.16,994.36,7,1
1129.01,1.2,189.78,939.23,6,1
510.77,0.0,46.03,464.74,0,0
961.56,0.4,318.49,643.08,2,0
740.08,0.4,112.14,627.95,2,1
511.37,0.0,46.62,464.74,0,0
1281.1,0.8,550.46,730.64,4,1
1430.99,0.8,685.22,745.77,4,1
1179.64,0.6,549.51,630.13,3,1
1212.46,0.8,391.05,821.41,4,1
677.49,0.2,142.49,535.0,1,1
948.63,0.6,288.24,660.38,3,1
961.46,0.8,140.05,821.41,4,1
532.42,0.0,75.24,457.18,0,0
804.32,0.4,153.68,650.64,2,1
1582.55,1.2,756.78,825.77,6,1
930.98,0.6,217.65,713.33,3,1
705.16,0.2,155.03,550.13,1,0
693.34,0.2,128.08,565.26,1,0
614.2,0.2,94.32,519.87,1,1
532.47,0.0,67.73,464.74,0,0
857.17,0.6,136.27,720.9,3,1
1072.54,1.0,196.0,876.54,5,1
705.48,0.2,147.78,557.69,1,1
589.67,0.0,132.49,457.18,0,0
1259.4,0.8,475.81,783.59,4,1
551.64,0.0,102.03,449.62,0,1
909.32,0.6,218.68,690.64,3,1
708.56,0.2,166.0,542.56,1,0
883.52,0.4,270.7,612.82,2,1
748.26,0.2,183.0,565.26,1,0
623.55,0.0,158.81,464.74,0,0
517.79,0.0,98.43,419.36,0,0
1014.38,0.6,278.35,736.03,3,1
845.05,0.6,161.97,683.08,3,0
792.13,0.4,141.49,650.64,2,1
1479.36,1.2,585.51,893.85,6,1
856.53,0.4,205.89,650.64,2,1
651.1,0.2,100.97,550.13,1,1
773.85,0.2,208.59,565.26,1,0
1140.82,0.4,520.43,620.38,2,1
690.17,0.2,117.35,572.82,1,0
543.23,0.0,86.05,457.18,0,1
786.73,0.4,158.78,627.95,2,1
695.89,0.2,160.89,535.0,1,1
1105.06,0.8,291.22,813.85,4,1
580.34,0.0,123.16,457.18,0,1
602.04,0.0,144.86,457.18,0,0
1472.3,0.8,764.35,707.95,4,1
674.64,0.2,116.95,557.69,1,1
925.32,0.4,274.68,650.64,2,1
1203.69,1.0,312.03,891.67,5,1
903.55,0.6,190.22,713.33,3,1
885.05,0.4,241.97,643.08,2,1
875.12,0.2,317.43,557.69,1,0
1378.71,1.0,577.81,800.9,5,1
1471.61,0.6,826.35,645.26,3,1
755.03,0.2,167.08,587.95,1,1
574.31,0.0,109.57,464.74,0,0
859.13,0.6,168.49,690.64,3,1
568.15,0.0,110.97,457.18,0,0
815.05,0.2,264.92,550.13,1,1
1271.4,0.8,427.3,844.1,4,1
705.28,0.2,185.41,519.87,1,1
735.88,0.4,130.62,605.26,2,1
535.18,0.0,78.0,457.18,0,0
890.03,0.4,269.65,620.38,2,1
1190.44,0.8,482.49,707.95,4,1
956.12,0.4,343.3,612.82,2,0
1035.12,0.8,289.35,745.77,4,1
1022.38,0.6,286.35,736.03,3,1
813.71,0.4,200.89,612.82,2,0
485.09,0.0,65.73,419.36,0,0
831.58,0.2,273.89,557.69,1,1
1011.08,0.4,443.65,567.44,2,0
544.37,0.0,94.76,449.62,0,0
1308.73,1.4,306.81,1001.92,7,1
559.39,0.0,94.65,464.74,0,1
812.34,0.4,214.65,597.69,2,1
843.08,0.6,114.62,728.46,3,1
1014.66,0.8,208.38,806.28,4,1
566.96,0.0,94.65,472.31,0,0
974.77,0.8,168.49,806.28,4,1
1598.37,1.4,573.76,1024.62,7,1
1263.96,0.8,525.76,738.21,4,1
636.94,0.2,79.24,557.69,1,1
609.91,0.2,52.22,557.69,1,1
1556.23,1.4,645.08,911.15,7,1
686.55,0.2,113.73,572.82,1,0
604.41,0.0,116.97,487.44,0,1
622.79,0.2,95.35,527.44,1,1
1070.4,0.8,279.24,791.15,4,1
626.58,0.2,61.32,565.26,1,1
932.2,0.4,311.81,620.38,2,1
931.15,0.4,280.51,650.64,2,1
912.42,0.4,314.73,597.69,2,1
464.23,0.0,52.43,411.79,0,0
1559.21,1.0,728.05,831.15,5,1
756.86,0.4,121.35,635.51,2,1
1093.03,0.4,457.51,635.51,2,1
1490.52,1.2,528.59,961.92,6,1
801.01,0.4,188.19,612.82,2,1
664.42,0.2,99.16,565.26,1,1
635.76,0.2,100.76,535.0,1,1
798.1,0.2,240.41,557.69,1,0
1174.6,0.8,421.27,753.33,4,1
712.04,0.2,146.78,565.26,1,1
616.43,0.2,81.43,535.0,1,0
906.19,0.4,338.76,567.44,2,1
769.65,0.4,149.27,620.38,2,1
743.14,0.4,122.76,620.38,2,1
644.41,0.2,116.97,527.44,1,1
961.66,0.8,215.89,745.77,4,1
1046.96,0.6,341.19,705.77,3,0
644.24,0.0,209.76,434.49,0,0
792.43,0.4,149.35,643.08,2,1
780.65,0.4,160.27,620.38,2,1
790.06,0.4,169.68,620.38,2,1
642.57,0.2,115.14,527.44,1,1
885.25,0.6,164.35,720.9,3,1
669.92,0.2,127.35,542.56,1,1
714.51,0.6,91.95,622.56,3,1
541.84,0.0,107.35,434.49,0,1
634.57,0.2,99.57,535.0,1,1
792.54,0.4,164.59,627.95,2,1
956.83,0.6,205.68,751.15,3,1
1013.32,0.6,277.3,736.03,3,1
1191.23,1.2,199.05,992.18,6,1
690.36,0.2,170.49,519.87,1,1
1647.91,1.4,676.24,971.67,7,1
1120.29,0.6,361.57,758.72,3,0
1026.29,0.4,489.11,537.18,2,1
1047.34,0.6,349.14,698.21,3,1
535.47,0.0,70.73,464.74,0,1
889.76,0.6,168.86,720.9,3,1
1038.25,0.8,216.84,821.41,4,1
1319.87,1.0,526.54,793.33,5,1
543.77,0.0,79.03,464.74,0,0
1230.61,1.0,338.95,891.67,5,1
557.39,0.0,92.65,464.74,0,0
673.58,0.2,108.32,565.26,1,1
858.69,0.4,192.92,665.77,2,1
848.31,0.4,243.05,605.26,2,0
963.4,0.4,365.7,597.69,2,0
1401.32,0.8,678.24,723.08,4,1
559.41,0.0,79.54,479.87,0,1
590.78,0.2,108.73,482.05,1,0
926.94,0.4,344.38,582.56,2,1
1641.31,1.2,815.54,825.77,6,1
804.33,0.4,176.38,627.95,2,0
962.09,0.8,208.76,753.33,4,1
886.83,0.6,203.76,683.08,3,1
470.07,0.0,65.84,404.23,0,1
614.75,0.2,117.57,497.18,1,1
1243.25,0.8,474.78,768.46,4,1
849.44,0.4,183.68,665.77,2,0
975.37,0.6,292.3,683.08,3,1
903.51,0.4,313.38,590.13,2,1
838.61,0.4,187.97,650.64,2,0
462.58,0.0,43.22,419.36,0,0
494.03,0.0,59.54,434.49,0,1
770.96,0.2,205.7,565.26,1,0
672.6,0.2,160.3,512.31,1,1
517.62,0.0,83.14,434.49,0,1
1956.46,1.4,1015.05,941.41,7,1
640.85,0.0,168.54,472.31,0,0
696.53,0.2,131.27,565.26,1,0
801.86,0.2,259.3,542.56,1,0
1278.95,0.6,671.51,607.44,3,1
862.09,0.4,188.76,673.33,2,0
1076.77,0.6,318.05,758.72,3,1
667.8,0.2,102.54,565.26,1,1
602.53,0.0,137.78,464.74,0,0
908.35,0.4,280.41,627.95,2,1
485.51,0.0,51.03,434.49,0,1
629.71,0.4,69.84,559.87,2,1
654.46,0.2,119.46,535.0,1,0
686.98,0.2,167.11,519.87,1,0
1497.18,0.8,758.97,738.21,4,1
887.54,0.4,259.59,627.95,2,1
793.28,0.2,220.46,572.82,1,1
1099.63,0.6,333.35,766.28,3,1
643.19,0.2,115.76,527.44,1,0
774.6,0.4,161.78,612.82,2,1
1196.69,0.6,430.41,766.28,3,1
530.1,0.0,72.92,457.18,0,1
814.22,0.4,193.84,620.38,2,1
944.73,0.6,269.22,675.51,3,0
962.91,0.8,179.32,783.59,4,1
674.43,0.2,139.43,535.0,1,0
1121.33,1.0,259.92,861.41,5,1
721.61,0.2,163.92,557.69,1,0
645.36,0.2,80.11,565.26,1,0
712.31,0.2,147.05,565.26,1,1
1124.84,0.8,303.43,821.41,4,1
1217.02,0.6,586.89,630.13,3,1
1171.6,0.8,410.7,760.9,4,1
690.47,0.2,185.73,504.74,1,1
661.0,0.2,126.0,535.0,1,0
802.62,0.4,220.05,582.56,2,1
482.49,0.0,48.0,434.49,0,0
827.5,0.2,269.81,557.69,1,1
1127.05,0.6,443.97,683.08,3,1
783.79,0.4,170.97,612.82,2,1
1102.62,0.6,366.59,736.03,3,1
683.56,0.2,125.86,557.69,1,1
1330.51,1.0,506.92,823.59,5,1
565.72,0.2,68.54,497.18,1,1
906.65,0.6,185.76,720.9,3,1
1118.03,1.0,309.57,808.46,5,1
1106.49,0.8,285.08,821.41,4,1
512.49,0.0,78.0,434.49,0,1
1372.64,0.8,642.0,730.64,4,1
1215.61,0.6,464.46,751.15,3,1
717.97,0.2,175.41,542.56,1,1
539.86,0.0,90.24,449.62,0,1
887.23,0.6,173.89,713.33,3,1
712.46,0.2,169.89,542.56,1,1
536.71,0.0,117.35,419.36,0,0
445.9,0.0,34.11,411.79,0,1
514.65,0.0,80.16,434.49,0,0
668.84,0.2,133.84,535.0,1,1
549.14,0.2,74.65,474.49,1,1
766.4,0.2,208.7,557.69,1,0
639.1,0.4,41.41,597.69,2,1
464.5,0.0,52.7,411.79,0,1
812.71,0.8,104.76,707.95,4,1
783.58,0.4,185.89,597.69,2,1
999.84,0.8,231.38,768.46,4,1
1138.57,1.0,277.16,861.41,5,1
706.34,0.2,148.65,557.69,1,1
1323.7,0.8,600.62,723.08,4,1
591.22,0.0,111.35,479.87,0,1
1548.12,1.2,729.92,818.21,6,1
705.29,0.2,147.59,557.69,1,1
1321.21,1.2,404.68,916.54,6,1
1101.87,0.8,288.03,813.85,4,1
1018.91,0.6,335.84,683.08,3,1
978.66,0.4,320.46,658.21,2,1
1073.32,0.4,430.24,643.08,2,1
732.92,0.4,150.35,582.56,2,1
1628.29,1.2,764.7,863.59,6,1
1239.69,1.0,340.46,899.23,5,1
646.95,0.2,127.08,519.87,1,0
1284.02,1.2,420.43,863.59,6,1
1304.02,0.8,520.43,783.59,4,1
678.98,0.0,191.54,487.44,0,1
787.92,0.4,159.97,627.95,2,1
989.93,0.6,276.59,713.33,3,1
878.82,0.6,165.49,713.33,3,1
531.19,0.0,89.14,442.05,0,1
778.77,0.2,221.08,557.69,1,1
2139.61,1.4,1160.38,979.23,7,1
780.99,0.2,215.73,565.26,1,0
979.78,0.6,296.7,683.08,3,1
1888.93,1.4,909.7,979.23,7,1
774.45,0.2,216.76,557.69,1,0
711.13,0.2,161.0,550.13,1,1
625.19,0.2,97.76,527.44,1,0
841.77,0.4,183.57,658.21,2,1
1052.36,0.6,339.03,713.33,3,1
801.67,0.4,203.97,597.69,2,1
982.91,0.4,332.27,650.64,2,1
1362.85,1.0,448.49,914.36,5,1
1580.05,1.2,655.95,924.1,6,1
906.6,0.6,185.7,720.9,3,1
1030.79,0.4,417.97,612.82,2,1
923.52,0.6,210.19,713.33,3,1
539.93,0.0,67.62,472.31,0,0
679.49,0.2,144.49,535.0,1,0
689.04,0.4,91.35,597.69,2,1
1319.48,0.8,535.89,783.59,4,1
1291.78,0.4,709.22,582.56,2,1
825.42,0.2,252.59,572.82,1,1
658.23,0.2,100.54,557.69,1,1
1055.48,0.6,372.41,683.08,3,1
1278.52,0.6,671.08,607.44,3,1
563.18,0.0,98.43,464.74,0,0
807.69,0.2,234.86,572.82,1,0
636.59,0.2,94.03,542.56,1,1
730.83,0.4,148.27,582.56,2,1
761.57,0.4,126.05,635.51,2,1
728.75,0.4,131.05,597.69,2,1
1230.92,1.2,321.95,908.97,6,1
520.05,0.0,78.0,442.05,0,1
761.55,0.6,101.16,660.38,3,1
778.62,0.4,135.54,643.08,2,1
532.77,0.0,68.03,464.74,0,1
1030.9,0.8,270.0,760.9,4,1
665.1,0.2,114.97,550.13,1,0
