"Total_Cost","Ratio_Reloc_Prod","Horiz_Cost","Vert_Cost","nReloc","non_Optimal"
263344.74,0.818,47580.54,215764.11,1227,133
698.57,0.6,91.14,607.44,3,0
875.67,1.0,120.16,755.51,5,1
849.34,1.0,131.65,717.69,5,0
800.19,0.6,177.62,622.56,3,1
554.36,0.2,102.57,451.79,1,0
795.5,0.6,142.68,652.82,3,0
885.45,0.6,247.76,637.69,3,1
681.09,0.4,136.35,544.74,2,0
886.36,1.0,153.54,732.82,5,0
736.54,0.4,153.97,582.56,2,0
1118.01,1.4,184.16,933.85,7,1
858.63,0.8,173.38,685.26,4,0
854.52,1.0,106.57,747.95,5,0
1044.6,1.2,203.7,840.9,6,0
554.04,0.2,102.24,451.79,1,0
755.99,0.6,125.86,630.13,3,1
663.51,0.4,141.46,522.05,2,0
730.54,0.4,147.97,582.56,2,0
1030.85,1.2,205.08,825.77,6,0
600.31,0.2,88.0,512.31,1,0
1257.11,1.6,268.14,988.97,8,0
1052.4,1.2,196.38,856.03,6,1
922.56,1.0,159.49,763.08,5,1
730.41,0.6,130.54,599.87,3,1
735.16,0.6,105.03,630.13,3,1
761.08,0.8,98.51,662.56,4,0
980.03,1.2,131.57,848.46,6,0
882.96,0.8,197.7,685.26,4,1
772.25,0.6,172.38,599.87,3,1
962.46,1.0,199.38,763.08,5,0
814.17,0.6,161.35,652.82,3,1
674.17,0.4,121.86,552.31,2,0
834.95,0.8,134.57,700.38,4,1
848.3,0.8,140.35,707.95,4,1
684.28,0.4,131.97,552.31,2,0
1032.71,1.2,199.38,833.33,6,0
1036.54,0.4,408.59,627.95,2,1
796.25,0.6,188.81,607.44,3,1
868.64,0.6,178.0,690.64,3,1
565.87,0.2,98.95,466.92,1,0
1013.52,1.0,212.62,800.9,5,0
788.12,0.6,142.86,645.26,3,1
666.48,0.4,136.86,529.62,2,0
592.53,0.2,95.35,497.18,1,0
772.93,0.6,112.54,660.38,3,0
606.37,0.2,116.76,489.62,1,0
1088.43,1.2,224.84,863.59,6,0
659.68,0.4,92.24,567.44,2,0
704.86,0.6,74.73,630.13,3,1
722.26,0.6,92.14,630.13,3,0
704.5,0.4,152.19,552.31,2,1
705.75,0.4,108.05,597.69,2,1
1302.5,1.6,283.27,1019.23,8,0
732.5,0.6,87.24,645.26,3,0
531.81,0.0,89.76,442.05,0,0
686.46,0.4,111.46,575.0,2,1
952.85,1.0,167.08,785.77,5,0
986.99,1.2,115.84,871.15,6,0
572.17,0.2,105.24,466.92,1,0
1340.95,1.8,266.59,1074.36,9,1
836.09,0.8,143.27,692.82,4,0
627.59,0.2,137.97,489.62,1,1
1082.25,1.2,248.92,833.33,6,0
467.17,0.0,47.81,419.36,0,0
980.49,1.0,164.46,816.03,5,1
842.91,0.8,157.65,685.26,4,1
729.3,0.6,129.43,599.87,3,0
971.54,1.0,163.08,808.46,5,1
762.58,0.6,109.76,652.82,3,1
866.74,0.8,181.49,685.26,4,0
707.58,0.6,62.32,645.26,3,0
900.92,0.8,185.41,715.51,4,0
687.5,0.4,142.76,544.74,2,0
474.49,0.0,40.0,434.49,0,0
750.12,0.6,104.86,645.26,3,0
800.29,0.8,77.22,723.08,4,0
591.9,0.2,124.97,466.92,1,1
1150.79,1.4,209.38,941.41,7,0
1076.0,1.0,267.54,808.46,5,1
887.47,0.8,202.22,685.26,4,0
676.92,0.4,94.35,582.56,2,1
684.9,0.4,117.46,567.44,2,0
942.79,1.0,149.46,793.33,5,1
1575.24,2.2,337.68,1237.56,11,0
1327.54,1.8,230.49,1097.05,9,0
827.63,0.6,182.38,645.26,3,1
1233.33,1.6,251.92,981.41,8,1
1323.14,1.8,248.78,1074.36,9,0
1310.86,0.6,574.84,736.03,3,1
1064.3,1.2,223.41,840.9,6,0
557.44,0.2,90.51,466.92,1,0
668.3,0.4,108.43,559.87,2,1
1174.95,1.2,265.97,908.97,6,1
1070.73,1.2,214.7,856.03,6,1
673.99,0.4,129.24,544.74,2,0
701.6,0.4,134.16,567.44,2,0
892.15,1.0,113.95,778.21,5,0
1158.02,1.2,286.86,871.15,6,0
669.39,0.4,117.08,552.31,2,1
844.13,0.6,221.57,622.56,3,0
756.92,0.6,149.49,607.44,3,0
1291.58,1.8,224.78,1066.79,9,0
755.87,0.6,103.05,652.82,3,1
525.05,0.0,135.95,389.1,0,0
1000.88,1.2,129.73,871.15,6,1
888.85,1.0,95.51,793.33,5,0
894.7,0.8,179.19,715.51,4,0
919.75,1.0,156.68,763.08,5,0
965.48,1.0,187.27,778.21,5,0
869.32,0.8,153.81,715.51,4,1
830.6,0.8,122.65,707.95,4,1
958.06,1.0,157.16,800.9,5,0
1330.43,1.8,225.81,1104.62,9,1
1125.05,1.4,153.38,971.67,7,1
1007.98,1.0,207.08,800.9,5,1
962.38,1.0,222.0,740.38,5,0
1035.15,1.2,148.86,886.28,6,1
694.26,0.4,157.08,537.18,2,1
1090.92,1.2,189.51,901.41,6,0
502.44,0.0,90.65,411.79,0,0
666.39,0.4,114.08,552.31,2,0
1046.05,1.4,89.51,956.54,7,1
769.2,0.6,123.95,645.26,3,0
459.37,0.0,62.7,396.67,0,0
481.42,0.0,69.62,411.79,0,0
1223.23,1.6,151.05,1072.18,8,0
658.28,0.4,113.54,544.74,2,1
564.71,0.2,105.35,459.36,1,0
779.82,0.6,134.57,645.26,3,0
984.28,1.0,183.38,800.9,5,1
1150.16,1.4,193.62,956.54,7,0
861.69,0.8,168.86,692.82,4,1
496.34,0.0,84.54,411.79,0,1
995.79,1.0,187.32,808.46,5,1
492.39,0.0,73.03,419.36,0,0
1202.19,1.4,245.65,956.54,7,0
771.15,0.6,133.46,637.69,3,0
1015.9,1.2,122.05,893.85,6,0
659.69,0.4,114.95,544.74,2,1
922.54,1.0,159.46,763.08,5,1
1073.87,1.2,225.41,848.46,6,0
656.04,0.4,103.73,552.31,2,1
1022.7,1.2,166.68,856.03,6,1
1249.48,1.6,237.81,1011.67,8,1
1111.41,1.4,177.57,933.85,7,0
1041.91,1.2,170.76,871.15,6,1
1071.7,1.2,208.11,863.59,6,1
770.75,0.6,148.19,622.56,3,0
866.42,0.8,135.78,730.64,4,1
478.98,0.0,59.62,419.36,0,0
861.57,0.6,193.62,667.95,3,0
892.11,0.8,123.65,768.46,4,1
517.34,0.0,105.54,411.79,0,0
759.27,0.6,144.27,615.0,3,1
682.36,0.4,122.49,559.87,2,1
673.8,0.4,129.05,544.74,2,0
1028.81,1.2,180.35,848.46,6,1
781.26,0.6,143.57,637.69,3,1
773.93,0.6,128.68,645.26,3,0
761.01,0.6,100.62,660.38,3,1
676.78,0.4,162.3,514.49,2,1
922.68,1.0,114.22,808.46,5,0
945.15,1.0,159.38,785.77,5,1
889.83,1.0,126.76,763.08,5,0
1232.01,1.6,205.22,1026.79,8,0
1422.45,2.0,262.7,1159.74,10,0
1179.44,1.4,177.51,1001.92,7,0
654.04,0.4,101.73,552.31,2,0
690.17,0.4,137.86,552.31,2,1
731.42,0.6,93.73,637.69,3,1
1023.36,1.0,282.97,740.38,5,0
887.97,0.8,164.89,723.08,4,1
986.92,1.2,146.03,840.9,6,0
906.65,0.6,246.27,660.38,3,1
850.58,0.8,157.76,692.82,4,1
730.07,0.6,84.81,645.26,3,0
945.86,1.0,129.84,816.03,5,1
971.73,1.0,163.27,808.46,5,1
700.49,0.4,125.49,575.0,2,0
748.04,0.6,110.35,637.69,3,1
722.67,0.6,92.54,630.13,3,1
1074.13,1.2,218.11,856.03,6,1
1063.74,1.2,169.89,893.85,6,0
776.35,0.6,153.78,622.56,3,0
1075.89,1.2,227.43,848.46,6,1
837.16,0.6,169.22,667.95,3,0
685.92,0.4,103.35,582.56,2,1
1272.68,1.6,238.32,1034.36,8,1
701.86,0.4,126.86,575.0,2,1
1231.97,1.6,167.35,1064.62,8,1
846.77,0.8,153.95,692.82,4,1
854.67,0.8,139.16,715.51,4,1
434.43,0.0,45.32,389.1,0,0
1249.98,1.6,215.62,1034.36,8,0
1271.58,1.6,252.35,1019.23,8,0
1087.82,1.2,246.92,840.9,6,1
1507.27,2.0,324.84,1182.44,10,1
889.79,0.8,196.97,692.82,4,1
559.73,0.2,85.24,474.49,1,0
860.3,0.8,152.35,707.95,4,1
1533.49,2.2,250.54,1282.95,11,0
749.29,0.6,119.16,630.13,3,1
1176.3,1.4,227.32,948.97,7,0
1204.77,1.4,278.49,926.28,7,0
690.62,0.4,161.0,529.62,2,1
572.73,0.2,98.24,474.49,1,0
733.51,0.6,58.0,675.51,3,0
827.38,0.8,119.43,707.95,4,1
960.9,1.0,160.0,800.9,5,1
672.54,0.4,97.54,575.0,2,1
1260.49,1.6,211.0,1049.49,8,0
1007.54,1.0,244.46,763.08,5,0
681.44,0.4,129.14,552.31,2,0
674.15,0.4,121.84,552.31,2,0
836.29,0.8,105.65,730.64,4,1
776.14,0.6,115.76,660.38,3,1
886.84,0.8,178.89,707.95,4,0
471.43,0.0,82.32,389.1,0,0
873.99,0.8,135.78,738.21,4,1
952.84,1.0,144.38,808.46,5,1
1119.26,1.4,155.16,964.1,7,1
763.75,0.6,126.05,637.69,3,0
774.54,0.6,167.11,607.44,3,0
933.09,1.0,139.76,793.33,5,0
859.19,0.8,143.68,715.51,4,1
1120.78,1.2,264.76,856.03,6,0
1085.1,1.4,166.38,918.72,7,1
1122.95,1.2,282.05,840.9,6,0
1335.97,1.8,178.41,1157.56,9,1
1114.8,1.4,188.51,926.28,7,0
576.09,0.2,109.16,466.92,1,0
958.4,1.0,202.89,755.51,5,0
704.47,0.4,144.59,559.87,2,0
508.82,0.0,97.03,411.79,0,0
1039.36,1.2,153.08,886.28,6,1
694.18,0.4,104.05,590.13,2,1
1100.68,1.2,206.84,893.85,6,1
572.67,0.2,90.62,482.05,1,0
491.01,0.0,79.22,411.79,0,1
1393.33,1.6,411.92,981.41,8,0
864.21,0.8,133.57,730.64,4,1
785.53,0.6,140.27,645.26,3,0
748.65,0.6,133.65,615.0,3,0
1016.64,1.2,153.05,863.59,6,1
947.9,1.0,154.57,793.33,5,0
1083.49,1.2,227.46,856.03,6,0
1348.16,1.8,243.54,1104.62,9,0
901.76,1.0,100.86,800.9,5,1
982.29,1.0,158.7,823.59,5,0
784.9,0.6,132.08,652.82,3,1
1286.19,1.6,304.78,981.41,8,0
477.68,0.0,58.32,419.36,0,0
484.29,0.0,87.62,396.67,0,0
710.63,0.6,57.81,652.82,3,1
960.88,1.0,129.73,831.15,5,0
907.32,1.0,144.24,763.08,5,0
510.94,0.0,114.27,396.67,0,0
1066.75,1.2,248.54,818.21,6,0
677.14,0.4,117.27,559.87,2,1
1039.2,1.2,160.49,878.72,6,1
940.8,1.0,162.59,778.21,5,1
970.17,1.0,184.41,785.77,5,1
813.19,0.6,190.62,622.56,3,0
1046.89,1.2,130.35,916.54,6,0
692.51,0.4,109.95,582.56,2,0
948.14,1.0,139.68,808.46,5,1
1220.68,1.6,178.76,1041.92,8,1
859.05,0.8,135.97,723.08,4,1
1010.23,1.2,123.95,886.28,6,1
1206.03,0.6,485.14,720.9,3,1
670.98,0.4,118.68,552.31,2,0
575.0,0.2,92.95,482.05,1,1
1065.56,1.2,141.46,924.1,6,0
1081.22,1.4,132.24,948.97,7,0
1012.51,1.2,141.35,871.15,6,1
966.03,1.0,150.0,816.03,5,0
1410.2,2.0,242.89,1167.31,10,1
1111.3,1.4,154.76,956.54,7,1
714.27,0.4,192.22,522.05,2,0
864.94,0.8,187.24,677.69,4,1
972.06,1.2,138.73,833.33,6,1
963.39,1.0,185.19,778.21,5,0
510.74,0.0,106.51,404.23,0,0
733.37,0.4,188.62,544.74,2,1
658.97,0.4,129.35,529.62,2,0
956.46,0.8,240.95,715.51,4,0
791.99,0.6,161.86,630.13,3,0
970.03,1.0,161.57,808.46,5,1
1036.26,1.2,149.97,886.28,6,0
660.29,0.4,77.73,582.56,2,0
1188.47,1.6,161.68,1026.79,8,1
470.29,0.0,73.62,396.67,0,0
485.62,0.0,36.0,449.62,0,0
894.3,0.8,178.78,715.51,4,1
1485.88,1.8,419.08,1066.79,9,0
1335.53,1.8,291.43,1044.1,9,0
668.17,0.4,100.73,567.44,2,0
491.56,0.0,102.46,389.1,0,0
582.64,0.2,85.46,497.18,1,0
1242.92,1.8,145.86,1097.05,9,1
