"Total_Cost","Ratio_Reloc_Prod","Horiz_Cost","Vert_Cost","nReloc","non_Optimal"
265753.81,0.4453,72939.76,192814.19,668,220
801.79,0.4,128.46,673.33,2,1
1175.55,1.0,261.19,914.36,5,1
1141.06,1.0,226.7,914.36,5,1
742.94,0.4,99.86,643.08,2,0
773.72,0.6,75.51,698.21,3,1
644.07,0.2,93.95,550.13,1,0
1053.91,0.6,363.27,690.64,3,1
787.09,0.2,221.84,565.26,1,1
734.32,0.4,91.24,643.08,2,1
1105.33,1.0,236.35,868.97,5,1
845.39,0.6,132.05,713.33,3,1
720.19,0.4,92.24,627.95,2,1
691.42,0.4,93.73,597.69,2,1
1455.35,1.0,586.38,868.97,5,1
789.39,0.6,83.62,705.77,3,1
542.74,0.0,78.0,464.74,0,0
898.93,0.6,200.73,698.21,3,1
1009.29,0.8,218.14,791.15,4,1
782.21,0.6,99.14,683.08,3,1
847.19,0.4,219.24,627.95,2,1
1252.3,0.8,430.89,821.41,4,1
940.94,0.6,189.78,751.15,3,1
742.94,0.4,99.86,643.08,2,1
822.42,0.6,116.65,705.77,3,1
777.94,0.4,134.86,643.08,2,1
1013.09,0.6,246.81,766.28,3,0
752.61,0.4,147.35,605.26,2,1
905.48,0.2,362.92,542.56,1,1
820.16,0.4,177.08,643.08,2,1
1052.75,0.6,309.16,743.59,3,1
573.2,0.0,108.46,464.74,0,0
557.4,0.0,100.22,457.18,0,0
845.84,0.4,210.32,635.51,2,1
666.5,0.2,101.24,565.26,1,1
1229.39,0.8,430.68,798.72,4,1
984.43,0.6,255.97,728.46,3,1
1436.09,0.8,614.68,821.41,4,1
1067.78,0.6,331.76,736.03,3,1
563.78,0.0,114.16,449.62,0,0
1039.05,0.6,303.03,736.03,3,1
674.97,0.2,124.84,550.13,1,1
989.5,0.4,384.24,605.26,2,1
553.71,0.0,73.84,479.87,0,1
906.52,0.6,193.19,713.33,3,1
959.28,0.4,293.51,665.77,2,1
633.22,0.2,98.22,535.0,1,1
1241.96,0.8,435.68,806.28,4,1
591.67,0.2,49.11,542.56,1,1
972.24,0.6,296.73,675.51,3,1
979.55,0.4,374.3,605.26,2,1
1446.82,0.8,640.54,806.28,4,1
1194.22,0.8,372.81,821.41,4,1
668.5,0.2,103.24,565.26,1,1
715.74,0.2,150.49,565.26,1,0
591.2,0.0,126.46,464.74,0,0
861.04,0.2,303.35,557.69,1,1
508.81,0.0,74.32,434.49,0,1
683.86,0.2,141.3,542.56,1,1
714.96,0.2,157.27,557.69,1,1
663.72,0.0,206.54,457.18,0,1
732.9,0.2,205.46,527.44,1,0
876.08,0.4,233.0,643.08,2,0
636.41,0.2,101.41,535.0,1,1
536.21,0.0,79.03,457.18,0,0
1057.9,0.8,312.14,745.77,4,1
1428.1,0.6,669.38,758.72,3,0
684.31,0.2,119.05,565.26,1,1
1107.56,0.6,363.97,743.59,3,1
871.43,0.2,321.3,550.13,1,1
597.08,0.2,69.65,527.44,1,1
980.47,0.6,274.7,705.77,3,1
475.36,0.0,56.0,419.36,0,0
738.3,0.2,210.86,527.44,1,1
677.17,0.2,104.35,572.82,1,1
697.67,0.4,107.54,590.13,2,1
463.36,0.0,44.0,419.36,0,0
915.48,0.6,217.27,698.21,3,1
784.94,0.2,287.76,497.18,1,0
716.35,0.2,181.35,535.0,1,0
905.66,0.2,340.41,565.26,1,1
1409.02,0.8,678.38,730.64,4,1
766.12,0.2,193.3,572.82,1,1
560.2,0.0,95.46,464.74,0,1
477.36,0.0,58.0,419.36,0,0
1318.5,1.2,500.3,818.21,6,1
1707.83,1.0,869.11,838.72,5,1
674.33,0.2,101.51,572.82,1,0
615.57,0.2,88.14,527.44,1,0
1918.6,1.2,1024.76,893.85,6,1
933.08,0.4,297.57,635.51,2,1
1109.91,0.8,265.81,844.1,4,1
1375.18,1.2,375.43,999.74,6,1
640.6,0.2,113.16,527.44,1,0
1364.77,1.2,372.59,992.18,6,1
568.66,0.0,96.35,472.31,0,0
969.31,0.8,155.46,813.85,4,1
571.84,0.0,129.78,442.05,0,0
1121.17,0.6,354.89,766.28,3,1
562.18,0.0,97.43,464.74,0,0
762.54,0.2,219.97,542.56,1,0
975.98,0.8,207.51,768.46,4,1
608.5,0.0,151.32,457.18,0,0
867.11,0.6,138.65,728.46,3,0
482.81,0.0,48.32,434.49,0,1
941.83,0.6,243.62,698.21,3,1
556.32,0.0,106.7,449.62,0,0
667.4,0.4,69.7,597.69,2,1
723.97,0.4,133.84,590.13,2,1
956.57,0.6,228.11,728.46,3,1
1007.19,0.6,286.3,720.9,3,1
683.36,0.2,110.54,572.82,1,0
1441.94,1.2,585.92,856.03,6,1
1284.57,0.8,448.03,836.54,4,1
846.13,0.4,210.62,635.51,2,1
1057.1,0.4,398.89,658.21,2,1
669.7,0.2,119.57,550.13,1,0
763.98,0.4,151.16,612.82,2,1
556.25,0.0,83.95,472.31,0,0
1244.08,0.6,629.08,615.0,3,1
1613.99,1.0,843.35,770.64,5,1
955.38,0.4,274.49,680.9,2,0
1055.5,0.8,249.22,806.28,4,1
698.93,0.2,118.54,580.38,1,1
1138.74,1.0,224.38,914.36,5,1
927.31,0.6,229.11,698.21,3,1
1500.96,0.8,694.68,806.28,4,1
1175.37,0.8,437.16,738.21,4,1
837.85,0.8,84.51,753.33,4,1
663.65,0.2,128.65,535.0,1,0
928.36,1.0,127.46,800.9,5,1
1155.79,0.6,502.97,652.82,3,1
979.88,0.6,334.62,645.26,3,1
947.46,0.6,219.0,728.46,3,0
872.27,0.8,96.24,776.03,4,1
658.77,0.4,53.51,605.26,2,1
844.25,0.4,231.43,612.82,2,1
672.79,0.2,152.92,519.87,1,0
723.99,0.2,166.3,557.69,1,1
737.22,0.6,76.84,660.38,3,1
669.95,0.2,150.08,519.87,1,1
574.04,0.0,116.86,457.18,0,1
690.57,0.2,155.57,535.0,1,1
855.13,0.4,219.62,635.51,2,0
563.09,0.0,98.35,464.74,0,1
1172.88,0.6,535.19,637.69,3,1
753.65,0.4,118.14,635.51,2,1
553.39,0.0,88.65,464.74,0,0
929.56,0.6,231.35,698.21,3,1
1008.11,0.8,232.08,776.03,4,1
563.11,0.2,28.11,535.0,1,1
1342.79,0.6,674.84,667.95,3,1
1612.12,1.4,693.41,918.72,7,1
1251.82,0.4,639.0,612.82,2,1
1054.65,0.8,225.68,828.97,4,1
540.53,0.0,90.92,449.62,0,0
674.91,0.2,109.65,565.26,1,1
1015.43,0.4,440.43,575.0,2,1
1548.57,1.2,700.11,848.46,6,1
1149.56,0.6,390.84,758.72,3,1
670.72,0.2,105.46,565.26,1,0
1383.84,1.6,273.84,1110.0,8,1
664.39,0.2,99.14,565.26,1,1
793.44,0.4,165.49,627.95,2,1
510.15,0.0,45.41,464.74,0,1
714.73,0.2,187.3,527.44,1,1
524.47,0.0,59.73,464.74,0,0
517.19,0.0,75.14,442.05,0,1
812.16,0.4,169.08,643.08,2,0
566.09,0.0,101.35,464.74,0,1
1103.04,0.6,336.76,766.28,3,0
861.98,0.4,234.03,627.95,2,0
924.0,0.4,280.92,643.08,2,1
650.19,0.2,122.76,527.44,1,1
638.19,0.0,196.14,442.05,0,1
906.73,0.6,223.65,683.08,3,0
627.98,0.4,68.11,559.87,2,1
854.34,0.6,156.14,698.21,3,1
1022.31,0.6,263.59,758.72,3,0
583.75,0.0,126.57,457.18,0,0
1296.52,1.2,342.16,954.36,6,1
879.45,0.4,228.81,650.64,2,0
837.35,0.4,209.41,627.95,2,1
664.19,0.2,182.14,482.05,1,1
1059.2,0.6,345.86,713.33,3,1
799.58,0.2,234.32,565.26,1,1
623.16,0.0,173.54,449.62,0,0
954.98,0.6,188.7,766.28,3,0
816.8,0.4,166.16,650.64,2,0
700.04,0.2,134.78,565.26,1,0
983.45,0.8,192.3,791.15,4,1
781.29,0.4,198.73,582.56,2,0
1197.81,1.0,328.84,868.97,5,1
1049.25,0.4,428.86,620.38,2,1
999.02,0.6,255.43,743.59,3,1
1491.95,1.0,691.05,800.9,5,1
794.01,0.4,181.19,612.82,2,1
822.09,0.4,277.35,544.74,2,1
1278.93,1.0,364.57,914.36,5,1
922.31,0.6,208.97,713.33,3,1
582.09,0.0,117.35,464.74,0,0
672.45,0.2,122.32,550.13,1,0
1142.6,0.6,414.14,728.46,3,0
857.21,0.2,307.08,550.13,1,1
1201.23,0.6,487.89,713.33,3,1
1147.37,0.8,356.22,791.15,4,1
681.15,0.2,123.46,557.69,1,1
1386.0,1.0,517.03,868.97,5,1
1180.39,0.6,414.11,766.28,3,0
1188.32,0.6,452.3,736.03,3,1
945.53,0.4,279.76,665.77,2,1
520.33,0.0,85.84,434.49,0,1
1307.44,1.2,360.65,946.79,6,1
759.86,0.2,217.3,542.56,1,1
601.29,0.0,144.11,457.18,0,0
878.97,0.6,142.95,736.03,3,1
666.07,0.2,115.95,550.13,1,1
1078.72,0.6,320.0,758.72,3,1
1676.86,1.4,705.19,971.67,7,1
1073.76,0.8,199.41,874.36,4,1
1177.26,1.0,293.16,884.1,5,1
1307.86,1.2,376.19,931.67,6,1
890.12,0.4,224.35,665.77,2,1
877.43,0.6,133.84,743.59,3,0
1181.31,0.8,382.59,798.72,4,1
813.56,0.4,170.49,643.08,2,0
772.86,0.6,82.22,690.64,3,1
680.48,0.2,130.35,550.13,1,0
559.47,0.0,94.73,464.74,0,0
798.66,0.2,233.41,565.26,1,0
780.61,0.2,215.35,565.26,1,1
1237.21,0.6,607.08,630.13,3,1
979.64,0.6,349.51,630.13,3,1
764.19,0.4,128.68,635.51,2,1
542.45,0.0,77.7,464.74,0,1
1097.98,0.6,445.16,652.82,3,1
540.42,0.0,83.24,457.18,0,1
920.56,0.6,176.97,743.59,3,1
559.64,0.0,102.46,457.18,0,0
573.19,0.2,106.27,466.92,1,0
603.76,0.2,76.32,527.44,1,1
1114.9,0.4,502.08,612.82,2,1
570.09,0.0,90.22,479.87,0,0
837.66,0.4,171.89,665.77,2,0
761.32,0.4,118.24,643.08,2,1
663.47,0.2,90.65,572.82,1,0
881.63,0.6,175.86,705.77,3,1
568.1,0.0,118.49,449.62,0,1
1344.84,1.2,496.38,848.46,6,1
1108.81,0.6,365.22,743.59,3,1
843.72,0.2,286.03,557.69,1,1
1707.08,1.4,644.65,1062.44,7,1
901.6,0.6,180.7,720.9,3,0
822.17,0.6,108.84,713.33,3,1
553.57,0.0,119.08,434.49,0,1
1104.63,0.4,438.86,665.77,2,0
702.23,0.2,136.97,565.26,1,0
782.65,0.4,147.14,635.51,2,1
1049.0,0.6,312.97,736.03,3,1
1653.12,1.2,706.32,946.79,6,1
660.94,0.2,103.24,557.69,1,1
1155.02,0.8,363.86,791.15,4,1
731.23,0.2,165.97,565.26,1,0
1068.23,0.6,301.95,766.28,3,0
517.77,0.0,53.03,464.74,0,1
543.83,0.0,86.65,457.18,0,1
855.9,0.4,235.51,620.38,2,1
538.69,0.0,81.51,457.18,0,0
568.86,0.0,111.68,457.18,0,0
658.94,0.2,101.24,557.69,1,1
1700.85,1.2,822.14,878.72,6,1
1130.56,0.8,286.46,844.1,4,1
1059.58,0.8,245.73,813.85,4,1
1070.67,0.6,380.03,690.64,3,1
761.17,0.4,148.35,612.82,2,1
723.59,0.4,133.46,590.13,2,1
1175.57,0.4,615.7,559.87,2,1
771.77,0.2,214.08,557.69,1,1
1240.42,1.0,333.62,906.79,5,1
698.9,0.2,179.03,519.87,1,1
625.61,0.0,168.43,457.18,0,0
944.61,0.4,346.92,597.69,2,1
804.35,0.2,261.78,542.56,1,1
673.41,0.2,138.41,535.0,1,0
834.06,0.2,261.24,572.82,1,1
903.01,0.6,189.68,713.33,3,1
758.9,0.2,246.59,512.31,1,1
445.2,0.0,33.41,411.79,0,1
1133.8,0.8,335.08,798.72,4,1
887.81,0.4,244.73,643.08,2,0
565.77,0.0,101.03,464.74,0,0
653.21,0.2,163.59,489.62,1,1
565.8,0.2,68.62,497.18,1,1
790.34,0.4,132.14,658.21,2,1
1062.99,0.6,372.35,690.64,3,1
741.63,0.2,214.19,527.44,1,1
755.58,0.2,190.32,565.26,1,0
1416.06,0.8,723.24,692.82,4,1
1159.77,0.8,345.92,813.85,4,1
702.73,0.2,175.3,527.44,1,1
844.64,0.6,146.43,698.21,3,0
