"Total_Cost","Ratio_Reloc_Prod","Horiz_Cost","Vert_Cost","nReloc","non_Optimal"
250911.71,0.4073,61701.3,189210.48,611,120
799.18,0.4,140.97,658.21,2,0
1095.03,1.0,180.68,914.36,5,0
838.42,0.6,79.7,758.72,3,0
687.52,0.2,107.14,580.38,1,0
1326.99,1.0,427.76,899.23,5,1
863.13,0.6,187.62,675.51,3,0
590.37,0.2,47.81,542.56,1,1
898.57,0.8,122.54,776.03,4,1
814.42,0.6,123.78,690.64,3,1
789.72,0.6,91.51,698.21,3,0
619.88,0.2,54.62,565.26,1,0
612.75,0.0,163.14,449.62,0,0
986.74,0.6,228.03,758.72,3,0
1535.69,1.8,347.86,1187.82,9,1
872.21,0.6,121.05,751.15,3,1
879.67,0.6,189.03,690.64,3,1
1651.5,1.0,873.3,778.21,5,1
977.75,0.6,226.59,751.15,3,1
642.24,0.2,107.24,535.0,1,1
869.98,0.6,149.08,720.9,3,0
653.18,0.2,87.92,565.26,1,0
538.85,0.0,74.11,464.74,0,0
627.76,0.2,92.76,535.0,1,1
782.07,0.4,123.86,658.21,2,0
837.06,0.6,123.73,713.33,3,0
744.76,0.4,109.24,635.51,2,0
659.2,0.2,93.95,565.26,1,0
796.63,0.4,183.81,612.82,2,0
542.92,0.0,100.86,442.05,0,0
928.89,0.8,152.86,776.03,4,1
737.4,0.4,94.32,643.08,2,0
715.31,0.2,150.05,565.26,1,0
873.16,0.6,190.08,683.08,3,1
759.94,0.4,116.86,643.08,2,1
1077.66,0.8,263.81,813.85,4,1
1266.38,1.0,329.32,937.05,5,0
715.79,0.2,142.97,572.82,1,0
625.57,0.2,98.14,527.44,1,0
646.9,0.2,119.46,527.44,1,0
627.69,0.2,70.0,557.69,1,0
631.11,0.2,96.11,535.0,1,1
756.21,0.2,198.51,557.69,1,0
1084.78,0.6,348.76,736.03,3,0
983.94,0.6,300.86,683.08,3,1
510.3,0.0,90.95,419.36,0,0
797.9,0.4,177.51,620.38,2,0
801.59,0.4,158.51,643.08,2,0
1098.44,0.8,277.03,821.41,4,1
873.59,0.6,122.43,751.15,3,0
901.53,0.4,296.27,605.26,2,1
715.63,0.2,150.38,565.26,1,0
901.28,0.4,235.51,665.77,2,0
934.11,0.6,198.08,736.03,3,0
866.19,0.4,238.24,627.95,2,0
866.48,0.4,223.41,643.08,2,1
754.56,0.2,196.86,557.69,1,0
912.07,0.6,153.35,758.72,3,1
835.07,0.2,277.38,557.69,1,1
951.71,0.6,238.38,713.33,3,1
945.53,0.6,254.89,690.64,3,0
652.22,0.4,92.35,559.87,2,1
895.88,0.4,230.11,665.77,2,0
893.56,0.2,335.86,557.69,1,0
879.86,0.2,329.73,550.13,1,1
947.89,0.6,264.81,683.08,3,0
544.53,0.0,87.35,457.18,0,0
860.02,0.2,309.89,550.13,1,0
593.62,0.2,58.62,535.0,1,0
625.83,0.0,176.22,449.62,0,0
659.21,0.2,116.65,542.56,1,0
659.78,0.2,109.65,550.13,1,0
1067.72,0.6,369.51,698.21,3,1
880.06,0.4,259.68,620.38,2,0
443.2,0.0,31.41,411.79,0,1
978.06,0.4,357.68,620.38,2,0
545.18,0.0,80.43,464.74,0,0
1378.95,0.8,618.05,760.9,4,1
564.76,0.0,77.32,487.44,0,0
683.72,0.2,118.46,565.26,1,0
914.34,0.4,256.14,658.21,2,1
485.19,0.0,50.7,434.49,0,0
642.43,0.2,107.43,535.0,1,1
791.38,0.4,155.86,635.51,2,1
1247.3,0.8,478.84,768.46,4,1
584.06,0.0,111.76,472.31,0,0
558.67,0.0,109.05,449.62,0,0
794.43,0.4,158.92,635.51,2,1
1025.37,0.8,226.65,798.72,4,1
928.26,0.6,222.49,705.77,3,1
739.93,0.4,81.73,658.21,2,0
638.07,0.2,72.81,565.26,1,0
861.4,0.4,218.32,643.08,2,0
869.66,0.4,203.89,665.77,2,0
733.91,0.2,176.22,557.69,1,0
650.05,0.2,99.92,550.13,1,1
880.28,0.6,159.38,720.9,3,0
634.47,0.0,169.73,464.74,0,0
842.55,0.4,176.78,665.77,2,0
789.02,0.4,145.95,643.08,2,0
895.62,0.6,212.54,683.08,3,1
1440.02,1.0,548.35,891.67,5,1
1376.86,0.8,661.35,715.51,4,1
580.93,0.0,101.05,479.87,0,0
892.33,0.6,163.86,728.46,3,0
661.68,0.2,126.68,535.0,1,0
794.65,0.4,166.7,627.95,2,0
999.6,0.6,331.65,667.95,3,1
732.31,0.2,159.49,572.82,1,0
772.97,0.2,222.84,550.13,1,1
1199.45,0.8,347.78,851.67,4,1
750.12,0.2,177.3,572.82,1,0
744.32,0.4,108.81,635.51,2,0
912.63,0.6,206.86,705.77,3,1
540.64,0.0,83.46,457.18,0,0
519.24,0.0,84.76,434.49,0,0
619.0,0.2,84.0,535.0,1,1
604.41,0.2,69.41,535.0,1,0
586.86,0.0,129.68,457.18,0,0
779.81,0.4,136.73,643.08,2,0
875.96,0.4,210.19,665.77,2,0
979.05,0.6,303.54,675.51,3,1
1107.34,0.8,301.05,806.28,4,1
1223.01,0.8,363.78,859.23,4,0
570.53,0.0,113.35,457.18,0,0
1194.83,0.8,403.68,791.15,4,1
1725.44,1.4,678.14,1047.31,7,1
546.77,0.0,82.03,464.74,0,0
946.07,0.4,280.3,665.77,2,1
1052.03,0.8,291.14,760.9,4,1
1178.73,1.0,317.32,861.41,5,0
1126.34,0.6,375.19,751.15,3,0
941.58,0.6,228.24,713.33,3,1
874.27,0.4,246.32,627.95,2,0
1263.64,0.8,540.57,723.08,4,1
673.42,0.2,108.16,565.26,1,0
509.4,0.0,67.35,442.05,0,0
775.99,0.4,117.78,658.21,2,1
651.17,0.2,131.3,519.87,1,0
674.23,0.2,116.54,557.69,1,1
1131.26,0.8,332.54,798.72,4,1
822.14,0.4,141.24,680.9,2,0
942.99,0.4,277.22,665.77,2,0
948.72,0.6,190.0,758.72,3,0
523.66,0.0,58.92,464.74,0,0
1207.75,1.0,331.22,876.54,5,1
937.46,0.6,209.0,728.46,3,0
928.96,0.6,162.68,766.28,3,0
676.39,0.2,111.14,565.26,1,0
705.93,0.2,140.68,565.26,1,0
775.89,0.4,140.38,635.51,2,0
699.77,0.2,142.08,557.69,1,0
878.63,0.4,205.3,673.33,2,0
878.85,0.6,173.08,705.77,3,0
718.63,0.2,153.38,565.26,1,0
910.16,0.6,166.57,743.59,3,0
623.88,0.2,58.62,565.26,1,0
512.49,0.0,78.0,434.49,0,0
962.49,0.4,342.11,620.38,2,1
563.61,0.2,66.43,497.18,1,0
572.2,0.0,107.46,464.74,0,0
835.03,0.4,199.51,635.51,2,0
655.92,0.2,113.35,542.56,1,0
730.44,0.4,110.05,620.38,2,0
587.1,0.0,137.49,449.62,0,0
670.82,0.2,150.95,519.87,1,0
1003.79,0.8,235.32,768.46,4,1
587.4,0.0,137.78,449.62,0,0
739.04,0.4,141.35,597.69,2,1
962.77,0.6,257.0,705.77,3,1
547.18,0.0,90.0,457.18,0,0
779.71,0.2,259.84,519.87,1,0
1009.26,0.8,202.97,806.28,4,1
965.3,0.4,337.35,627.95,2,1
648.48,0.2,98.35,550.13,1,0
989.14,0.6,321.19,667.95,3,0
661.54,0.2,118.97,542.56,1,0
504.01,0.0,84.65,419.36,0,0
694.1,0.2,143.97,550.13,1,0
771.9,0.4,106.14,665.77,2,0
812.04,0.4,146.27,665.77,2,0
610.58,0.0,191.22,419.36,0,1
592.53,0.0,135.35,457.18,0,1
437.64,0.0,33.41,404.23,0,0
618.93,0.0,154.19,464.74,0,0
955.3,0.6,219.27,736.03,3,0
739.0,0.2,196.43,542.56,1,0
579.39,0.0,114.65,464.74,0,0
601.54,0.2,66.54,535.0,1,1
512.33,0.0,77.84,434.49,0,1
440.5,0.0,28.7,411.79,0,1
1489.76,1.0,628.35,861.41,5,1
527.03,0.0,107.68,419.36,0,1
962.03,0.6,241.14,720.9,3,1
930.4,0.6,247.32,683.08,3,0
745.19,0.4,117.24,627.95,2,1
1245.74,0.8,484.84,760.9,4,1
1128.89,0.6,392.86,736.03,3,1
1013.23,0.8,222.08,791.15,4,0
759.7,0.4,109.05,650.64,2,1
675.34,0.2,125.22,550.13,1,1
517.5,0.0,60.32,457.18,0,0
1195.67,1.0,364.51,831.15,5,1
976.86,0.6,240.84,736.03,3,0
670.47,0.2,105.22,565.26,1,0
558.97,0.0,109.35,449.62,0,0
573.72,0.2,76.54,497.18,1,1
547.51,0.2,73.03,474.49,1,0
882.53,0.6,176.76,705.77,3,1
1971.62,1.8,814.05,1157.56,9,1
826.43,0.4,137.97,688.46,2,0
646.21,0.2,103.65,542.56,1,0
669.28,0.2,104.03,565.26,1,0
842.58,0.4,176.81,665.77,2,0
527.07,0.0,62.32,464.74,0,0
1045.81,0.4,402.73,643.08,2,0
1300.83,1.4,276.22,1024.62,7,1
550.02,0.0,92.84,457.18,0,0
652.22,0.2,117.22,535.0,1,1
669.09,0.4,109.22,559.87,2,1
1235.94,1.0,298.89,937.05,5,1
1494.99,1.0,595.76,899.23,5,1
1066.13,0.8,214.46,851.67,4,0
931.09,0.4,265.32,665.77,2,1
941.41,0.6,228.08,713.33,3,0
754.34,0.2,204.22,550.13,1,0
1912.31,1.6,885.51,1026.79,8,1
553.71,0.0,73.84,479.87,0,0
1304.06,0.8,490.22,813.85,4,1
932.81,0.4,289.73,643.08,2,1
698.2,0.2,132.95,565.26,1,0
730.29,0.2,172.59,557.69,1,0
820.1,0.6,129.46,690.64,3,0
508.21,0.0,51.03,457.18,0,0
967.15,0.4,361.89,605.26,2,0
470.0,0.0,35.51,434.49,0,0
439.9,0.0,28.11,411.79,0,1
681.1,0.4,83.41,597.69,2,1
1081.46,0.6,398.38,683.08,3,1
976.68,0.6,263.35,713.33,3,0
1113.9,0.6,400.57,713.33,3,1
664.45,0.2,106.76,557.69,1,0
936.77,0.6,223.43,713.33,3,1
1088.87,0.6,428.49,660.38,3,1
844.75,0.6,161.68,683.08,3,0
1308.66,0.8,509.95,798.72,4,1
686.39,0.2,113.57,572.82,1,0
1077.77,0.8,263.92,813.85,4,1
1061.31,0.8,255.03,806.28,4,1
561.48,0.0,111.86,449.62,0,0
461.79,0.0,50.0,411.79,0,0
440.5,0.0,28.7,411.79,0,0
873.7,0.8,143.05,730.64,4,0
679.15,0.2,121.46,557.69,1,0
1456.64,0.6,773.57,683.08,3,1
726.58,0.2,168.89,557.69,1,0
1270.95,0.8,457.11,813.85,4,1
678.5,0.2,113.24,565.26,1,0
767.73,0.4,139.78,627.95,2,1
554.16,0.0,119.68,434.49,0,1
612.51,0.2,77.51,535.0,1,1
848.75,0.2,291.05,557.69,1,0
1120.7,1.0,304.68,816.03,5,0
632.77,0.0,168.03,464.74,0,0
907.42,0.4,294.59,612.82,2,0
1032.94,0.4,382.3,650.64,2,1
1436.48,0.8,599.95,836.54,4,1
796.07,0.2,238.38,557.69,1,0
506.81,0.0,72.32,434.49,0,1
720.56,0.4,122.86,597.69,2,0
985.89,0.4,357.95,627.95,2,0
857.63,0.6,151.86,705.77,3,1
1525.55,1.0,664.14,861.41,5,0
752.47,0.2,187.22,565.26,1,0
1126.89,0.8,282.78,844.1,4,1
758.1,0.2,215.54,542.56,1,0
616.01,0.2,111.27,504.74,1,1
927.81,0.8,204.73,723.08,4,1
672.13,0.2,129.57,542.56,1,1
484.22,0.0,49.73,434.49,0,0
1044.52,0.8,230.68,813.85,4,1
738.91,0.2,173.65,565.26,1,1
1013.62,0.6,270.03,743.59,3,1
912.0,0.4,268.92,643.08,2,0
1003.47,0.6,237.19,766.28,3,0
1446.24,0.8,609.7,836.54,4,1
940.55,0.6,234.78,705.77,3,0
920.77,0.4,307.95,612.82,2,1
556.31,0.0,99.14,457.18,0,0
1104.14,0.8,275.16,828.97,4,1
892.25,0.6,224.3,667.95,3,0
974.14,0.8,205.68,768.46,4,1
1063.85,0.8,325.65,738.21,4,1
550.91,0.0,93.73,457.18,0,0
681.46,0.2,146.46,535.0,1,1
852.85,0.4,240.03,612.82,2,1
666.67,0.2,108.97,557.69,1,0
695.61,0.2,130.35,565.26,1,0
945.6,0.4,317.65,627.95,2,0
469.58,0.0,65.35,404.23,0,0
807.38,0.6,131.86,675.51,3,0
