"Total_Cost","Ratio_Reloc_Prod","Horiz_Cost","Vert_Cost","nReloc","non_Optimal"
229313.02,0.4687,35045.9,194267.05,703,375
625.89,0.5,83.32,542.56,2,1
730.87,0.75,118.05,612.82,3,1
495.0,0.0,108.08,386.92,0,1
683.28,0.5,110.46,572.82,2,1
746.61,0.75,80.84,665.77,3,1
546.12,0.25,66.24,479.87,1,1
418.47,0.0,39.11,379.36,0,1
433.03,0.0,46.11,386.92,0,1
816.05,0.75,165.41,650.64,3,1
700.85,0.75,88.03,612.82,3,1
423.47,0.0,44.11,379.36,0,1
461.9,0.0,82.54,379.36,0,1
641.56,0.5,91.43,550.13,2,1
544.88,0.25,80.14,464.74,1,1
760.84,0.75,132.89,627.95,3,1
409.26,0.0,45.03,364.23,0,1
764.04,0.75,151.22,612.82,3,1
569.68,0.25,82.24,487.44,1,1
397.74,0.0,33.51,364.23,0,1
779.86,0.75,136.78,643.08,3,1
569.7,0.5,34.7,535.0,2,1
394.88,0.0,38.22,356.67,0,1
522.13,0.25,64.95,457.18,1,1
502.71,0.0,115.78,386.92,0,1
514.29,0.25,72.24,442.05,1,1
543.66,0.25,71.35,472.31,1,1
550.66,0.5,45.92,504.74,2,1
598.89,0.5,56.32,542.56,2,1
641.33,0.5,121.46,519.87,2,1
519.89,0.25,77.84,442.05,1,1
347.82,0.0,21.41,326.41,0,1
921.16,1.25,137.57,783.59,5,1
595.11,0.5,60.11,535.0,2,1
682.74,0.75,69.92,612.82,3,1
617.05,0.5,66.92,550.13,2,1
783.86,0.75,140.78,643.08,3,1
407.45,0.0,43.22,364.23,0,1
791.99,1.0,101.35,690.64,4,1
736.35,0.75,100.84,635.51,3,1
661.82,0.5,96.57,565.26,2,1
445.64,0.0,88.97,356.67,0,1
988.76,1.25,227.86,760.9,5,1
473.95,0.0,87.03,386.92,0,1
613.5,0.25,141.19,472.31,1,1
752.06,0.75,131.68,620.38,3,1
411.45,0.0,47.22,364.23,0,1
950.08,1.25,181.62,768.46,5,1
386.18,0.0,29.51,356.67,0,1
957.82,1.25,143.97,813.85,5,1
696.93,0.75,84.11,612.82,3,1
567.34,0.25,110.16,457.18,1,1
390.88,0.0,34.22,356.67,0,1
671.01,0.5,105.76,565.26,2,1
607.27,0.5,64.7,542.56,2,1
556.49,0.25,129.57,426.92,1,1
733.4,0.5,190.84,542.56,2,1
525.33,0.25,53.03,472.31,1,1
527.59,0.25,85.54,442.05,1,1
734.84,0.75,114.46,620.38,3,1
546.2,0.25,66.32,479.87,1,1
773.89,0.75,138.38,635.51,3,1
551.85,0.25,79.54,472.31,1,1
969.26,1.25,178.11,791.15,5,1
606.07,0.25,148.89,457.18,1,1
861.63,1.0,216.38,645.26,4,1
787.16,0.75,144.08,643.08,3,1
661.72,0.5,96.46,565.26,2,1
927.75,1.25,197.11,730.64,5,1
466.7,0.25,32.22,434.49,1,1
696.5,0.5,123.68,572.82,2,1
639.77,0.5,74.51,565.26,2,1
492.48,0.25,50.43,442.05,1,1
561.12,0.25,81.24,479.87,1,1
574.18,0.5,69.43,504.74,2,1
521.26,0.25,56.51,464.74,1,1
764.65,0.75,136.7,627.95,3,1
721.29,0.5,178.73,542.56,2,1
742.18,0.75,91.54,650.64,3,1
462.07,0.0,97.84,364.23,0,1
530.97,0.25,81.35,449.62,1,1
637.91,0.5,80.22,557.69,2,1
379.91,0.0,30.81,349.1,0,1
397.74,0.0,33.51,364.23,0,1
495.76,0.25,68.84,426.92,1,1
445.99,0.0,89.32,356.67,0,1
740.72,0.75,135.46,605.26,3,1
560.15,0.25,87.84,472.31,1,1
526.45,0.25,61.7,464.74,1,1
554.55,0.25,82.24,472.31,1,1
489.6,0.25,70.24,419.36,1,1
547.85,0.25,75.54,472.31,1,1
587.13,0.5,89.95,497.18,2,1
721.36,0.75,100.97,620.38,3,1
616.82,0.5,112.08,504.74,2,1
609.73,0.5,74.73,535.0,2,1
770.25,0.75,142.3,627.95,3,1
686.67,0.5,144.11,542.56,2,1
383.1,0.0,34.0,349.1,0,1
668.72,0.5,103.46,565.26,2,1
459.6,0.25,25.11,434.49,1,1
359.97,0.0,26.0,333.97,0,1
698.32,0.5,148.19,550.13,2,1
860.37,1.25,137.3,723.08,5,1
766.7,0.75,116.05,650.64,3,1
611.17,0.5,83.73,527.44,2,1
461.6,0.25,27.11,434.49,1,1
669.36,0.75,64.11,605.26,3,1
589.81,0.5,54.81,535.0,2,1
657.38,0.5,122.38,535.0,2,1
535.23,0.25,62.92,472.31,1,1
391.1,0.0,42.0,349.1,0,1
538.02,0.25,80.84,457.18,1,1
401.43,0.0,52.32,349.1,0,1
423.64,0.0,74.54,349.1,0,1
450.23,0.0,93.57,356.67,0,1
910.63,1.0,189.73,720.9,4,1
629.0,0.5,101.57,527.44,2,1
668.46,0.75,93.46,575.0,3,1
569.54,0.5,42.11,527.44,2,1
486.05,0.0,129.38,356.67,0,1
544.44,0.25,72.14,472.31,1,1
510.5,0.0,138.7,371.79,0,1
542.42,0.25,85.24,457.18,1,1
714.01,0.75,93.62,620.38,3,1
731.03,0.75,95.51,635.51,3,1
404.88,0.0,48.22,356.67,0,1
606.08,0.5,63.51,542.56,2,1
798.26,1.0,100.05,698.21,4,1
439.76,0.0,60.41,379.36,0,1
417.34,0.0,53.11,364.23,0,1
764.81,1.0,81.73,683.08,4,1
699.45,0.75,101.76,597.69,3,1
411.08,0.0,69.54,341.54,0,1
684.86,0.75,109.86,575.0,3,1
624.39,0.25,144.51,479.87,1,1
683.79,0.5,110.97,572.82,2,1
370.24,0.0,28.7,341.54,0,1
606.78,0.5,64.22,542.56,2,1
510.56,0.25,68.51,442.05,1,1
402.07,0.0,45.41,356.67,0,1
478.8,0.0,114.57,364.23,0,1
419.45,0.0,55.22,364.23,0,1
690.67,0.5,132.97,557.69,2,1
688.94,0.75,91.24,597.69,3,1
536.96,0.25,72.22,464.74,1,1
684.66,0.75,79.41,605.26,3,1
595.19,0.25,160.7,434.49,1,1
471.71,0.25,59.92,411.79,1,1
408.07,0.0,51.41,356.67,0,1
554.78,0.25,105.16,449.62,1,1
447.5,0.25,50.84,396.67,1,1
358.08,0.0,24.11,333.97,0,1
788.38,1.0,112.86,675.51,4,1
481.03,0.0,86.54,394.49,0,1
525.45,0.25,75.84,449.62,1,1
491.13,0.25,41.51,449.62,1,1
425.48,0.0,83.95,341.54,0,1
624.41,0.5,96.97,527.44,2,1
472.31,0.0,108.08,364.23,0,1
686.66,0.75,126.78,559.87,3,1
877.55,1.25,116.65,760.9,5,1
587.28,0.25,114.97,472.31,1,1
554.34,0.25,97.16,457.18,1,1
758.76,0.75,138.38,620.38,3,1
846.5,1.0,133.16,713.33,4,1
894.6,1.0,173.7,720.9,4,1
712.33,0.75,91.95,620.38,3,1
620.17,0.5,107.86,512.31,2,1
544.33,0.25,72.03,472.31,1,1
408.67,0.0,52.0,356.67,0,1
552.48,0.25,102.86,449.62,1,1
587.79,0.5,67.92,519.87,2,1
930.35,1.5,106.76,823.59,6,1
583.4,0.25,133.78,449.62,1,1
420.12,0.0,48.32,371.79,0,1
518.43,0.25,83.95,434.49,1,1
940.05,1.5,116.46,823.59,6,1
596.95,0.25,117.08,479.87,1,1
811.58,1.0,113.38,698.21,4,1
653.25,0.5,133.38,519.87,2,1
592.28,0.25,119.97,472.31,1,1
517.89,0.25,75.84,442.05,1,1
702.47,0.75,89.65,612.82,3,1
376.46,0.0,34.92,341.54,0,1
524.92,0.25,82.86,442.05,1,1
366.24,0.0,24.7,341.54,0,1
918.29,1.5,140.08,778.21,6,1
555.48,0.25,105.86,449.62,1,1
495.92,0.25,61.43,434.49,1,1
370.35,0.0,28.81,341.54,0,1
642.92,0.5,100.35,542.56,2,1
458.23,0.0,101.57,356.67,0,1
537.71,0.25,65.41,472.31,1,1
745.93,1.0,85.54,660.38,4,1
817.74,1.0,96.84,720.9,4,1
408.04,0.0,43.81,364.23,0,1
1052.8,1.75,121.14,931.67,7,1
535.23,0.25,62.92,472.31,1,1
816.56,1.0,133.49,683.08,4,1
824.5,0.75,166.3,658.21,3,1
645.5,0.5,80.24,565.26,2,1
396.18,0.0,39.51,356.67,0,1
710.22,0.75,89.84,620.38,3,1
583.71,0.5,63.84,519.87,2,1
414.56,0.0,50.32,364.23,0,1
666.64,0.75,76.51,590.13,3,1
445.53,0.0,88.86,356.67,0,1
430.87,0.0,51.51,379.36,0,1
483.61,0.0,119.38,364.23,0,1
665.68,0.5,145.81,519.87,2,1
566.68,0.5,46.81,519.87,2,1
761.2,1.0,108.38,652.82,4,1
543.37,0.25,93.76,449.62,1,1
784.27,1.0,108.76,675.51,4,1
588.96,0.5,76.65,512.31,2,1
686.25,0.5,158.81,527.44,2,1
489.79,0.25,70.43,419.36,1,1
437.15,0.0,72.92,364.23,0,1
699.8,0.75,109.68,590.13,3,1
699.04,0.75,101.35,597.69,3,1
516.26,0.25,51.51,464.74,1,1
670.94,0.75,73.24,597.69,3,1
526.15,0.25,61.41,464.74,1,1
1030.64,1.5,191.92,838.72,6,1
924.0,1.25,147.97,776.03,5,1
381.91,0.0,32.81,349.1,0,1
452.58,0.0,88.35,364.23,0,1
707.38,0.75,132.38,575.0,3,1
520.45,0.25,70.84,449.62,1,1
445.63,0.0,73.84,371.79,0,1
433.61,0.0,76.95,356.67,0,1
651.41,0.5,123.97,527.44,2,1
905.62,1.25,137.16,768.46,5,1
372.51,0.0,23.41,349.1,0,1
563.35,0.5,73.73,489.62,2,1
490.62,0.25,56.14,434.49,1,1
450.85,0.25,46.62,404.23,1,1
752.17,1.0,99.35,652.82,4,1
524.66,0.25,59.92,464.74,1,1
609.38,0.5,81.95,527.44,2,1
370.24,0.0,28.7,341.54,0,1
508.14,0.25,73.65,434.49,1,1
673.75,0.75,83.62,590.13,3,1
758.2,1.0,97.81,660.38,4,1
486.6,0.25,52.11,434.49,1,1
655.0,0.75,72.43,582.56,3,1
697.65,0.5,170.22,527.44,2,1
583.42,0.5,86.24,497.18,2,1
605.87,0.5,78.43,527.44,2,1
363.97,0.0,30.0,333.97,0,1
778.09,1.0,125.27,652.82,4,1
628.23,0.5,123.49,504.74,2,1
693.51,0.5,158.51,535.0,2,1
408.1,0.25,19.0,389.1,1,1
545.13,0.25,87.95,457.18,1,1
950.36,1.25,197.03,753.33,5,1
694.66,0.75,81.84,612.82,3,1
450.93,0.0,79.14,371.79,0,1
402.23,0.0,38.0,364.23,0,1
433.28,0.0,53.92,379.36,0,1
410.53,0.0,61.43,349.1,0,1
556.64,0.25,99.46,457.18,1,1
1024.67,1.25,241.08,783.59,5,1
567.12,0.25,87.24,479.87,1,1
798.21,1.0,107.57,690.64,4,1
755.19,1.0,87.24,667.95,4,1
672.61,0.5,175.43,497.18,2,1
978.53,1.5,147.38,831.15,6,1
589.87,0.5,62.43,527.44,2,1
463.94,0.0,107.27,356.67,0,1
655.83,0.5,98.14,557.69,2,1
511.66,0.25,46.92,464.74,1,1
748.5,0.75,150.81,597.69,3,1
524.21,0.25,82.16,442.05,1,1
690.72,0.5,125.46,565.26,2,1
406.74,0.0,42.51,364.23,0,1
524.59,0.25,82.54,442.05,1,1
599.62,0.5,64.62,535.0,2,1
867.15,1.0,176.51,690.64,4,1
650.27,0.5,115.27,535.0,2,1
851.38,1.0,183.43,667.95,4,1
483.23,0.0,119.0,364.23,0,1
638.32,0.5,95.76,542.56,2,1
707.27,0.75,79.32,627.95,3,1
628.32,0.5,93.32,535.0,2,1
475.41,0.0,96.05,379.36,0,1
543.93,0.25,71.62,472.31,1,1
607.93,0.75,55.62,552.31,3,1
521.94,0.25,72.32,449.62,1,1
374.97,0.0,41.0,333.97,0,1
395.46,0.0,53.92,341.54,0,1
567.52,0.5,55.22,512.31,2,1
358.94,0.0,17.41,341.54,0,1
769.89,0.75,187.32,582.56,3,1
757.6,0.75,144.78,612.82,3,1
723.77,0.75,126.08,597.69,3,1
772.22,0.75,212.35,559.87,3,1
683.47,0.75,78.22,605.26,3,1
380.05,0.0,38.51,341.54,0,1
581.6,0.5,61.73,519.87,2,1
636.23,0.5,78.54,557.69,2,1
606.24,0.5,71.24,535.0,2,1
474.44,0.25,47.51,426.92,1,1
788.76,1.0,113.24,675.51,4,1
395.32,0.0,46.22,349.1,0,1
635.07,0.5,137.89,497.18,2,1
869.25,1.25,108.35,760.9,5,1
866.51,1.25,135.86,730.64,5,1
633.03,0.5,98.03,535.0,2,1
635.05,0.5,100.05,535.0,2,1
633.69,0.5,121.38,512.31,2,1
609.38,0.5,81.95,527.44,2,1
635.45,0.5,77.76,557.69,2,1
912.93,1.5,127.16,785.77,6,1
463.42,0.25,51.62,411.79,1,1
472.65,0.25,45.73,426.92,1,1
873.26,1.0,182.62,690.64,4,1
514.26,0.25,49.51,464.74,1,1
603.76,0.25,123.89,479.87,1,1
580.51,0.5,45.51,535.0,2,1
722.98,0.75,110.16,612.82,3,1
737.88,0.75,140.19,597.69,3,1
525.75,0.25,76.14,449.62,1,1
838.38,1.25,122.86,715.51,5,1
852.04,1.0,146.27,705.77,4,1
488.33,0.25,53.84,434.49,1,1
690.7,0.5,155.7,535.0,2,1
1056.45,1.5,164.78,891.67,6,1
878.12,1.0,164.78,713.33,4,1
828.8,1.25,83.03,745.77,5,1
439.52,0.0,67.73,371.79,0,1
566.09,0.5,46.22,519.87,2,1
442.39,0.0,63.03,379.36,0,1
635.35,0.5,100.35,535.0,2,1
947.74,1.25,141.46,806.28,5,1
717.74,0.75,97.35,620.38,3,1
691.16,0.5,148.59,542.56,2,1
823.44,1.0,155.49,667.95,4,1
796.59,1.0,105.95,690.64,4,1
491.56,0.25,49.51,442.05,1,1
436.56,0.0,87.46,349.1,0,1
757.52,0.75,129.57,627.95,3,1
722.38,0.75,94.43,627.95,3,1
535.68,0.25,55.81,479.87,1,1
810.8,1.0,105.03,705.77,4,1
666.78,0.5,131.78,535.0,2,1
615.12,0.5,95.24,519.87,2,1
480.67,0.0,124.0,356.67,0,1
424.56,0.0,60.32,364.23,0,1
610.54,0.75,43.11,567.44,3,1
758.77,0.75,153.51,605.26,3,1
443.77,0.0,79.54,364.23,0,1
879.82,1.25,134.05,745.77,5,1
437.61,0.0,65.81,371.79,0,1
657.69,0.75,60.0,597.69,3,1
396.32,0.0,47.22,349.1,0,1
655.69,0.5,90.43,565.26,2,1
534.61,0.25,77.43,457.18,1,1
767.38,1.0,99.43,667.95,4,1
354.63,0.0,28.22,326.41,0,1
633.1,0.5,90.54,542.56,2,1
509.14,0.0,129.78,379.36,0,1
542.21,0.25,100.16,442.05,1,1
585.09,0.5,65.22,519.87,2,1
519.29,0.0,162.62,356.67,0,1
699.44,0.75,79.05,620.38,3,1
501.89,0.25,59.84,442.05,1,1
488.01,0.0,123.78,364.23,0,1
539.28,0.25,74.54,464.74,1,1
772.76,1.0,97.24,675.51,4,1
872.04,1.0,158.7,713.33,4,1
1073.82,1.5,212.41,861.41,6,1
446.39,0.0,67.03,379.36,0,1
595.3,0.5,75.43,519.87,2,1
826.4,0.75,183.32,643.08,3,1
