"Total_Cost","Ratio_Reloc_Prod","Horiz_Cost","Vert_Cost","nReloc","non_Optimal"
223981.36,0.4527,32156.86,191824.52,679,150
1464.79,0.3,256.46,1208.33,3,1
1435.89,0.3,197.3,1238.59,3,1
1480.42,0.3,294.78,1185.64,3,1
1378.39,0.3,170.05,1208.33,3,1
1224.2,0.2,176.89,1047.31,2,1
1418.2,0.4,177.43,1240.77,4,1
1012.47,0.0,98.11,914.36,0,1
1767.07,0.6,279.89,1487.18,6,1
1261.7,0.2,191.7,1070.0,2,1
1311.26,0.3,178.57,1132.69,3,1
1488.03,0.4,217.0,1271.03,4,1
1498.63,0.4,257.86,1240.77,4,1
1608.37,0.6,242.22,1366.15,6,1
1226.73,0.2,149.16,1077.56,2,1
1808.62,0.6,329.0,1479.62,6,1
1827.57,0.8,290.65,1536.92,8,1
923.03,0.0,61.62,861.41,0,1
1690.03,0.7,253.62,1436.41,7,1
1001.01,0.0,94.22,906.79,0,1
1853.67,0.8,241.11,1612.56,8,1
1504.79,0.4,248.89,1255.9,4,1
1262.04,0.2,169.35,1092.69,2,1
1806.43,0.8,246.81,1559.62,8,1
1508.27,0.4,237.24,1271.03,4,1
1599.88,0.6,158.08,1441.79,6,1
1475.08,0.4,196.49,1278.59,4,1
1137.39,0.1,137.65,999.74,1,1
1494.45,0.4,261.24,1233.21,4,1
1930.37,0.9,270.24,1660.13,9,1
1501.42,0.4,275.78,1225.64,4,1
1326.91,0.4,146.65,1180.26,4,1
1660.52,0.6,271.68,1388.85,6,1
1621.75,0.6,210.22,1411.54,6,1
1357.03,0.4,154.08,1202.95,4,1
1231.05,0.3,121.05,1110.0,3,1
1459.41,0.4,203.51,1255.9,4,1
1520.39,0.5,186.68,1333.72,5,1
1132.64,0.1,140.46,992.18,1,1
1286.56,0.2,209.0,1077.56,2,1
1593.39,0.5,252.11,1341.28,5,1
1733.41,0.7,244.05,1489.36,7,1
1482.43,0.4,218.97,1263.46,4,1
1689.78,0.6,270.68,1419.1,6,1
1619.96,0.6,178.16,1441.79,6,1
1300.34,0.2,215.22,1085.13,2,1
1339.89,0.3,169.38,1170.51,3,1
1482.45,0.5,216.81,1265.64,5,1
1475.57,0.5,164.54,1311.03,5,1
2035.42,1.0,320.16,1715.26,10,1
1304.82,0.3,164.57,1140.26,3,1
1112.09,0.1,157.73,954.36,1,1
1353.28,0.4,165.46,1187.82,4,1
1120.62,0.1,143.57,977.05,1,1
1174.95,0.2,112.51,1062.44,2,1
1136.46,0.2,134.54,1001.92,2,1
1882.63,0.9,245.19,1637.44,9,1
1617.21,0.7,218.62,1398.59,7,1
1564.38,0.6,220.92,1343.46,6,1
1305.91,0.2,220.78,1085.13,2,1
977.65,0.0,116.24,861.41,0,1
1292.76,0.3,197.89,1094.87,3,1
1736.96,0.8,230.3,1506.67,8,1
1143.1,0.1,150.92,992.18,1,1
1671.79,0.5,315.38,1356.41,5,1
1918.22,0.9,273.22,1645.0,9,1
1767.07,0.8,199.89,1567.18,8,1
1477.12,0.4,236.35,1240.77,4,1
1548.01,0.6,212.11,1335.9,6,1
1784.55,0.7,302.76,1481.79,7,1
1213.5,0.1,221.32,992.18,1,1
1124.0,0.2,106.95,1017.05,2,1
1079.69,0.1,140.46,939.23,1,1
1777.22,0.7,272.73,1504.49,7,1
1094.59,0.1,117.54,977.05,1,1
1727.4,0.6,315.86,1411.54,6,1
1768.52,0.8,246.73,1521.79,8,1
1333.99,0.3,148.35,1185.64,3,1
1615.2,0.5,266.35,1348.85,5,1
1479.83,0.4,246.62,1233.21,4,1
1434.4,0.3,256.32,1178.08,3,1
1156.35,0.1,179.3,977.05,1,1
1540.28,0.6,204.38,1335.9,6,1
1485.13,0.3,299.49,1185.64,3,1
1504.2,0.5,155.35,1348.85,5,1
1646.56,0.6,272.84,1373.72,6,1
1393.6,0.4,145.27,1248.33,4,1
1319.15,0.3,178.89,1140.26,3,1
1532.3,0.5,228.84,1303.46,5,1
1563.2,0.6,189.49,1373.72,6,1
2018.55,1.0,295.73,1722.82,10,1
1168.53,0.2,136.35,1032.18,2,1
1982.2,0.8,407.46,1574.74,8,1
2102.88,1.1,302.24,1800.64,11,1
1553.05,0.5,242.03,1311.03,5,1
1715.66,0.7,241.43,1474.23,7,1
1772.85,0.7,238.11,1534.74,7,1
1475.11,0.4,219.22,1255.9,4,1
1721.25,0.6,332.41,1388.85,6,1
1968.11,0.9,262.59,1705.51,9,1
1755.18,0.7,228.0,1527.18,7,1
1096.91,0.1,104.73,992.18,1,1
1486.5,0.4,245.73,1240.77,4,1
1572.98,0.5,224.14,1348.85,5,1
1407.46,0.3,236.95,1170.51,3,1
1368.97,0.4,143.32,1225.64,4,1
1401.09,0.4,205.7,1195.38,4,1
1625.9,0.5,277.05,1348.85,5,1
1739.11,0.7,287.57,1451.54,7,1
1389.27,0.4,171.19,1218.08,4,1
1605.4,0.5,233.86,1371.54,5,1
1078.65,0.1,116.73,961.92,1,1
1587.55,0.5,291.65,1295.9,5,1
1490.07,0.5,156.35,1333.72,5,1
1596.62,0.6,238.03,1358.59,6,1
1801.11,0.7,296.62,1504.49,7,1
1188.46,0.2,126.03,1062.44,2,1
1489.04,0.4,240.7,1248.33,4,1
1702.05,0.5,383.46,1318.59,5,1
991.38,0.0,114.84,876.54,0,1
2273.5,1.3,377.73,1895.77,13,1
1190.24,0.2,120.24,1070.0,2,1
1296.36,0.2,180.97,1115.38,2,1
1536.03,0.5,240.14,1295.9,5,1
1641.4,0.6,229.86,1411.54,6,1
1272.72,0.3,132.46,1140.26,3,1
1542.3,0.5,246.41,1295.9,5,1
1830.89,0.7,326.41,1504.49,7,1
1434.59,0.4,216.51,1218.08,4,1
1591.27,0.5,272.68,1318.59,5,1
1615.39,0.6,181.16,1434.23,6,1
1761.64,0.7,294.97,1466.67,7,1
1702.33,0.6,245.41,1456.92,6,1
1596.28,0.5,202.05,1394.23,5,1
1169.97,0.2,92.41,1077.56,2,1
1608.38,0.6,204.41,1403.97,6,1
1247.72,0.2,215.54,1032.18,2,1
1297.6,0.3,149.78,1147.82,3,1
1603.5,0.6,169.27,1434.23,6,1
1757.39,0.6,247.51,1509.87,6,1
1633.99,0.5,300.27,1333.72,5,1
1311.06,0.3,163.24,1147.82,3,1
1115.92,0.1,138.86,977.05,1,1
1693.17,0.8,224.32,1468.85,8,1
1675.0,0.6,263.46,1411.54,6,1
1677.17,0.6,227.81,1449.36,6,1
1288.78,0.2,211.22,1077.56,2,1
1454.39,0.5,166.05,1288.33,5,1
1215.53,0.2,175.78,1039.74,2,1
1453.99,0.5,180.78,1273.21,5,1
1713.18,0.6,294.08,1419.1,6,1
