"Total_Cost","Ratio_Reloc_Prod","Horiz_Cost","Vert_Cost","nReloc","non_Optimal"
223150.7,0.4587,30822.47,192328.15,688,150
1464.79,0.3,256.46,1208.33,3,1
1434.08,0.3,195.49,1238.59,3,1
1462.06,0.3,253.73,1208.33,3,1
1346.37,0.3,153.16,1193.21,3,1
1187.36,0.2,140.05,1047.31,2,1
1416.58,0.4,168.24,1248.33,4,1
969.77,0.0,78.11,891.67,0,1
1620.98,0.6,179.19,1441.79,6,1
1250.41,0.2,180.41,1070.0,2,1
1327.12,0.3,186.86,1140.26,3,1
1500.64,0.4,214.49,1286.15,4,1
1510.31,0.4,261.97,1248.33,4,1
1617.42,0.6,243.7,1373.72,6,1
1219.86,0.2,149.86,1070.0,2,1
1629.06,0.5,272.65,1356.41,5,1
1822.68,0.8,285.76,1536.92,8,1
973.13,0.0,89.03,884.1,0,1
1661.49,0.7,225.08,1436.41,7,1
1019.17,0.0,97.24,921.92,0,1
1858.0,0.8,253.0,1605.0,8,1
1513.45,0.4,234.86,1278.59,4,1
1240.49,0.2,178.05,1062.44,2,1
1661.07,0.6,234.41,1426.67,6,1
1625.7,0.5,254.16,1371.54,5,1
1569.23,0.6,142.57,1426.67,6,1
1430.51,0.3,199.49,1231.03,3,1
1115.61,0.1,123.43,992.18,1,1
1454.05,0.4,228.41,1225.64,4,1
1882.81,0.8,270.24,1612.56,8,1
1544.65,0.4,281.19,1263.46,4,1
1279.54,0.4,129.54,1150.0,4,1
1561.07,0.5,280.3,1280.77,5,1
1524.2,0.5,190.49,1333.72,5,1
1282.7,0.3,157.57,1125.13,3,1
1270.91,0.3,138.22,1132.69,3,1
1475.54,0.4,204.51,1271.03,4,1
1478.52,0.5,175.05,1303.46,5,1
1153.77,0.1,154.03,999.74,1,1
1245.41,0.2,182.97,1062.44,2,1
1678.49,0.6,274.51,1403.97,6,1
1744.36,0.7,262.57,1481.79,7,1
1418.72,0.4,177.95,1240.77,4,1
1677.09,0.7,195.3,1481.79,7,1
1573.85,0.6,139.62,1434.23,6,1
1313.55,0.3,158.16,1155.38,3,1
1385.24,0.4,167.16,1218.08,4,1
1516.69,0.5,235.92,1280.77,5,1
1741.23,0.8,174.05,1567.18,8,1
2182.6,1.2,319.27,1863.33,12,1
1234.14,0.3,124.14,1110.0,3,1
1343.79,0.3,195.97,1147.82,3,1
1519.1,0.5,185.38,1333.72,5,1
1090.15,0.1,143.35,946.79,1,1
1162.89,0.1,178.27,984.62,1,1
1270.0,0.3,152.43,1117.56,3,1
1879.07,0.9,264.32,1614.74,9,1
1418.65,0.4,215.7,1202.95,4,1
1561.54,0.6,210.51,1351.03,6,1
1269.62,0.2,192.05,1077.56,2,1
1040.3,0.0,163.76,876.54,0,1
1304.08,0.3,194.08,1110.0,3,1
1396.09,0.5,168.27,1227.82,5,1
1099.17,0.1,144.81,954.36,1,1
1617.0,0.5,305.97,1311.03,5,1
2151.04,1.2,302.84,1848.21,12,1
1618.36,0.6,176.57,1441.79,6,1
1418.22,0.4,222.84,1195.38,4,1
1332.61,0.3,207.49,1125.13,3,1
1632.99,0.6,266.84,1366.15,6,1
1232.25,0.1,209.81,1022.44,1,1
1225.65,0.3,115.65,1110.0,3,1
1206.75,0.3,134.57,1072.18,3,1
1747.83,0.7,281.16,1466.67,7,1
1114.7,0.1,137.65,977.05,1,1
1594.01,0.5,252.73,1341.28,5,1
1551.69,0.5,210.41,1341.28,5,1
1503.33,0.5,199.86,1303.46,5,1
1596.26,0.5,262.54,1333.72,5,1
1538.16,0.5,234.7,1303.46,5,1
1494.23,0.5,205.89,1288.33,5,1
1367.7,0.3,182.05,1185.64,3,1
1828.73,1.0,196.68,1632.05,10,1
1460.28,0.4,204.38,1255.9,4,1
1442.98,0.4,187.08,1255.9,4,1
1603.73,0.6,199.76,1403.97,6,1
1528.84,0.5,164.86,1363.97,5,1
1283.39,0.3,196.08,1087.31,3,1
1433.13,0.5,175.05,1258.08,5,1
1668.87,0.7,224.89,1443.97,7,1
1902.88,0.9,235.19,1667.69,9,1
1361.76,0.4,166.38,1195.38,4,1
1530.77,0.4,290.0,1240.77,4,1
1817.15,0.7,282.41,1534.74,7,1
1485.06,0.4,221.59,1263.46,4,1
1878.7,0.8,273.7,1605.0,8,1
1684.66,0.7,202.86,1481.79,7,1
1692.18,0.7,225.51,1466.67,7,1
1316.88,0.3,184.19,1132.69,3,1
1889.84,0.9,199.46,1690.38,9,1
1453.54,0.4,174.95,1278.59,4,1
1443.15,0.4,202.38,1240.77,4,1
1160.7,0.1,176.08,984.62,1,1
1518.59,0.5,252.95,1265.64,5,1
1409.1,0.4,183.46,1225.64,4,1
1158.5,0.1,166.32,992.18,1,1
1303.81,0.3,193.81,1110.0,3,1
1674.6,0.7,230.62,1443.97,7,1
1596.78,0.6,230.62,1366.15,6,1
1398.48,0.3,220.41,1178.08,3,1
1969.64,0.9,301.95,1667.69,9,1
1060.84,0.1,98.92,961.92,1,1
1453.46,0.4,242.95,1210.51,4,1
1515.51,0.5,204.49,1311.03,5,1
1501.54,0.5,198.08,1303.46,5,1
1564.64,0.6,198.49,1366.15,6,1
1084.68,0.1,122.76,961.92,1,1
1625.3,0.6,228.89,1396.41,6,1
1501.6,0.5,205.7,1295.9,5,1
1180.38,0.2,170.89,1009.49,2,1
1949.99,0.9,350.38,1599.62,9,1
1093.1,0.1,100.92,992.18,1,1
1222.35,0.2,152.35,1070.0,2,1
1710.17,0.6,253.24,1456.92,6,1
1332.11,0.4,136.73,1195.38,4,1
1554.71,0.6,173.43,1381.28,6,1
1332.59,0.3,222.59,1110.0,3,1
1716.46,0.6,312.49,1403.97,6,1
1536.51,0.4,257.92,1278.59,4,1
1861.62,0.7,342.0,1519.62,7,1
2139.56,1.1,278.41,1861.15,11,1
1778.94,0.7,259.32,1519.62,7,1
1409.36,0.3,208.59,1200.77,3,1
1436.72,0.4,158.14,1278.59,4,1
1361.16,0.4,150.65,1210.51,4,1
1664.81,0.7,205.7,1459.1,7,1
1630.88,0.5,297.16,1333.72,5,1
1300.02,0.3,174.89,1125.13,3,1
1487.94,0.5,169.35,1318.59,5,1
1731.02,0.6,251.41,1479.62,6,1
1661.03,0.7,224.62,1436.41,7,1
1239.91,0.1,194.78,1045.13,1,1
1151.4,0.2,134.35,1017.05,2,1
1793.99,0.8,234.38,1559.62,8,1
1564.5,0.4,263.22,1301.28,4,1
1989.65,0.9,284.14,1705.51,9,1
1525.97,0.5,154.43,1371.54,5,1
1341.59,0.3,171.08,1170.51,3,1
1465.12,0.4,231.92,1233.21,4,1
1585.41,0.5,229.0,1356.41,5,1
1833.74,0.9,219.0,1614.74,9,1
