"Total_Cost","Ratio_Reloc_Prod","Horiz_Cost","Vert_Cost","nReloc","non_Optimal"
222320.68,0.4453,31813.56,190507.07,668,150
1464.79,0.3,256.46,1208.33,3,1
1435.89,0.3,197.3,1238.59,3,1
1480.42,0.3,294.78,1185.64,3,1
1378.39,0.3,170.05,1208.33,3,1
1224.2,0.2,176.89,1047.31,2,1
1419.42,0.4,178.65,1240.77,4,1
1015.28,0.0,100.92,914.36,0,1
1764.77,0.6,277.59,1487.18,6,1
1264.0,0.2,194.0,1070.0,2,1
1322.82,0.3,182.57,1140.26,3,1
1458.49,0.4,202.59,1255.9,4,1
1487.07,0.4,253.86,1233.21,4,1
1594.7,0.6,236.11,1358.59,6,1
1244.29,0.2,159.16,1085.13,2,1
1808.62,0.6,329.0,1479.62,6,1
1899.91,0.9,285.16,1614.74,9,1
917.77,0.0,63.92,853.85,0,1
1692.03,0.7,255.62,1436.41,7,1
1003.01,0.0,96.22,906.79,0,1
1833.49,0.8,228.49,1605.0,8,1
1522.13,0.4,251.11,1271.03,4,1
1250.48,0.2,165.35,1085.13,2,1
1645.79,0.6,241.81,1403.97,6,1
1520.91,0.4,242.32,1278.59,4,1
1587.61,0.6,153.38,1434.23,6,1
1480.37,0.4,201.78,1278.59,4,1
1119.72,0.1,127.54,992.18,1,1
1600.51,0.5,274.35,1326.15,5,1
1842.55,0.8,260.24,1582.31,8,1
1508.99,0.4,275.78,1233.21,4,1
1321.91,0.4,141.65,1180.26,4,1
1615.16,0.6,256.57,1358.59,6,1
1579.73,0.5,223.32,1356.41,5,1
1327.65,0.4,132.27,1195.38,4,1
1221.79,0.3,119.35,1102.44,3,1
1564.65,0.4,248.24,1316.41,4,1
1508.06,0.5,204.59,1303.46,5,1
1217.9,0.2,155.46,1062.44,2,1
1280.41,0.2,210.41,1070.0,2,1
1590.04,0.5,256.32,1333.72,5,1
1723.44,0.7,241.65,1481.79,7,1
1384.05,0.3,205.97,1178.08,3,1
1613.76,0.5,257.35,1356.41,5,1
1603.28,0.6,169.05,1434.23,6,1
1675.19,0.7,231.22,1443.97,7,1
1323.6,0.3,175.78,1147.82,3,1
1492.91,0.5,219.7,1273.21,5,1
1519.24,0.6,160.65,1358.59,6,1
2160.71,1.1,337.38,1823.33,11,1
1304.1,0.3,178.97,1125.13,3,1
1235.95,0.2,165.95,1070.0,2,1
1076.52,0.1,129.73,946.79,1,1
1120.82,0.1,166.46,954.36,1,1
1140.18,0.1,140.43,999.74,1,1
1160.7,0.2,143.65,1017.05,2,1
1932.06,1.0,262.19,1669.87,10,1
1578.98,0.7,195.51,1383.46,7,1
1645.34,0.7,231.62,1413.72,7,1
1293.18,0.2,208.05,1085.13,2,1
1173.04,0.2,125.73,1047.31,2,1
1338.54,0.3,228.54,1110.0,3,1
1620.74,0.6,247.03,1373.72,6,1
1109.53,0.1,124.92,984.62,1,1
1759.72,0.6,325.49,1434.23,6,1
1808.94,0.8,249.32,1559.62,8,1
1547.07,0.5,220.92,1326.15,5,1
1323.6,0.3,175.78,1147.82,3,1
1693.87,0.8,225.03,1468.85,8,1
1721.92,0.6,310.38,1411.54,6,1
1225.28,0.1,210.41,1014.87,1,1
1280.35,0.4,130.35,1150.0,4,1
1054.08,0.1,129.97,924.1,1,1
1601.87,0.5,253.03,1348.85,5,1
1199.36,0.2,152.05,1047.31,2,1
1567.81,0.4,296.78,1271.03,4,1
1702.22,0.7,258.24,1443.97,7,1
1501.25,0.5,212.92,1288.33,5,1
1638.6,0.5,289.76,1348.85,5,1
1111.36,0.0,197.0,914.36,0,1
1588.58,0.5,247.3,1341.28,5,1
1236.1,0.2,150.97,1085.13,2,1
1614.3,0.6,217.89,1396.41,6,1
1544.26,0.4,303.49,1240.77,4,1
1781.43,0.8,221.81,1559.62,8,1
1780.65,0.7,268.59,1512.05,7,1
1562.84,0.6,158.86,1403.97,6,1
1291.89,0.3,181.89,1110.0,3,1
1577.65,0.6,226.62,1351.03,6,1
1694.07,0.8,187.41,1506.67,8,1
2197.91,1.2,304.32,1893.59,12,1
1228.68,0.2,158.68,1070.0,2,1
1793.48,0.7,341.95,1451.54,7,1
1691.59,0.6,264.92,1426.67,6,1
1585.1,0.5,258.95,1326.15,5,1
1642.77,0.6,269.05,1373.72,6,1
1643.88,0.6,217.22,1426.67,6,1
1499.18,0.5,233.54,1265.64,5,1
1570.99,0.5,297.78,1273.21,5,1
1827.24,0.8,267.62,1559.62,8,1
1624.48,0.7,172.95,1451.54,7,1
1309.78,0.3,124.14,1185.64,3,1
1507.52,0.5,211.62,1295.9,5,1
1337.58,0.2,237.32,1100.26,2,1
1501.58,0.4,253.24,1248.33,4,1
1028.21,0.1,104.11,924.1,1,1
1067.35,0.0,190.81,876.54,0,1
1623.0,0.5,259.03,1363.97,5,1
1547.84,0.5,236.81,1311.03,5,1
1161.33,0.1,146.46,1014.87,1,1
1557.01,0.5,208.16,1348.85,5,1
1120.5,0.1,128.32,992.18,1,1
1608.16,0.5,289.57,1318.59,5,1
1348.1,0.3,162.46,1185.64,3,1
1756.87,0.7,267.51,1489.36,7,1
1794.18,0.8,227.0,1567.18,8,1
1292.36,0.3,144.54,1147.82,3,1
1514.49,0.5,218.59,1295.9,5,1
1660.34,0.5,326.62,1333.72,5,1
1064.2,0.0,149.84,914.36,0,1
1968.74,0.8,378.86,1589.87,8,1
1164.28,0.2,109.41,1054.87,2,1
1348.15,0.2,187.38,1160.77,2,1
1842.01,0.7,307.27,1534.74,7,1
1452.04,0.5,171.27,1280.77,5,1
1414.42,0.5,133.65,1280.77,5,1
1095.09,0.0,188.3,906.79,0,1
1843.48,0.9,251.43,1592.05,9,1
1459.74,0.4,211.41,1248.33,4,1
1774.07,0.7,292.27,1481.79,7,1
1846.04,0.9,231.3,1614.74,9,1
1859.86,0.8,300.24,1559.62,8,1
1435.52,0.3,227.19,1208.33,3,1
1446.38,0.4,175.35,1271.03,4,1
1350.95,0.4,155.57,1195.38,4,1
1535.34,0.5,201.62,1333.72,5,1
1236.77,0.2,197.03,1039.74,2,1
1227.05,0.2,149.49,1077.56,2,1
1721.4,0.8,169.35,1552.05,8,1
1798.25,0.7,240.81,1557.44,7,1
1403.13,0.3,232.62,1170.51,3,1
1117.7,0.1,140.65,977.05,1,1
1181.2,0.2,141.46,1039.74,2,1
1528.16,0.5,224.7,1303.46,5,1
1777.1,0.7,302.86,1474.23,7,1
1657.1,0.6,238.0,1419.1,6,1
1270.21,0.3,137.51,1132.69,3,1
1408.61,0.4,182.97,1225.64,4,1
1388.11,0.4,185.16,1202.95,4,1
1355.45,0.4,182.76,1172.69,4,1
1657.98,0.6,261.57,1396.41,6,1
