"Total_Cost","Ratio_Reloc_Prod","Horiz_Cost","Vert_Cost","nReloc","non_Optimal"
230765.64,0.346,45288.15,185477.52,519,300
782.92,0.4,102.03,680.9,2,1
734.95,0.2,147.0,587.95,1,1
924.44,0.6,203.54,720.9,3,1
883.28,0.4,217.51,665.77,2,1
594.51,0.0,99.51,495.0,0,1
902.17,0.6,196.41,705.77,3,1
913.87,0.8,100.03,813.85,4,1
521.82,0.0,102.46,419.36,0,1
900.15,0.6,209.51,690.64,3,1
982.75,0.8,191.59,791.15,4,1
581.69,0.0,109.38,472.31,0,1
524.56,0.0,74.95,449.62,0,1
504.96,0.0,40.22,464.74,0,1
1049.63,1.0,188.22,861.41,5,1
921.89,0.6,178.3,743.59,3,1
981.67,0.6,245.65,736.03,3,1
1155.22,1.0,233.3,921.92,5,1
848.65,0.6,127.76,720.9,3,1
766.94,0.4,123.86,643.08,2,1
651.02,0.2,108.46,542.56,1,1
1038.97,0.8,255.38,783.59,4,1
827.12,0.6,121.35,705.77,3,1
737.98,0.4,125.16,612.82,2,1
931.65,0.6,195.62,736.03,3,1
1061.48,0.8,277.89,783.59,4,1
1017.61,0.8,211.32,806.28,4,1
653.21,0.2,110.65,542.56,1,1
527.26,0.0,62.51,464.74,0,1
560.53,0.0,103.35,457.18,0,1
536.26,0.0,71.51,464.74,0,1
783.78,0.4,148.27,635.51,2,1
742.02,0.4,98.95,643.08,2,1
1067.48,1.0,183.38,884.1,5,1
797.53,0.4,146.89,650.64,2,1
636.77,0.2,71.51,565.26,1,1
595.26,0.0,138.08,457.18,0,1
792.56,0.4,149.49,643.08,2,1
870.83,0.6,127.24,743.59,3,1
961.77,0.8,163.05,798.72,4,1
787.37,0.4,144.3,643.08,2,1
916.29,0.6,172.7,743.59,3,1
559.28,0.0,94.54,464.74,0,1
1284.86,1.0,393.19,891.67,5,1
970.51,0.6,226.92,743.59,3,1
651.25,0.2,131.38,519.87,1,1
969.21,0.8,178.05,791.15,4,1
853.18,0.4,194.97,658.21,2,1
882.29,0.6,123.57,758.72,3,1
954.98,0.6,226.51,728.46,3,1
702.27,0.2,159.7,542.56,1,1
899.32,0.4,256.24,643.08,2,1
967.58,0.8,168.86,798.72,4,1
1323.95,1.2,354.46,969.49,6,1
539.13,0.0,81.95,457.18,0,1
929.44,0.6,223.68,705.77,3,1
641.28,0.2,76.03,565.26,1,1
930.27,0.6,194.24,736.03,3,1
870.66,0.4,212.46,658.21,2,1
622.02,0.2,64.32,557.69,1,1
941.4,0.6,197.81,743.59,3,1
661.2,0.2,95.95,565.26,1,1
772.03,0.6,104.08,667.95,3,1
542.92,0.0,100.86,442.05,0,1
893.49,0.6,217.97,675.51,3,1
895.58,0.4,229.81,665.77,2,1
1001.66,0.6,242.95,758.72,3,1
855.13,0.4,212.05,643.08,2,1
1251.58,1.0,344.78,906.79,5,1
690.28,0.2,117.46,572.82,1,1
905.93,0.6,192.59,713.33,3,1
810.35,0.4,167.27,643.08,2,1
559.11,0.0,117.05,442.05,0,1
530.05,0.0,88.0,442.05,0,1
929.45,0.8,145.86,783.59,4,1
656.59,0.2,114.03,542.56,1,1
838.75,0.6,148.11,690.64,3,1
986.78,0.8,195.62,791.15,4,1
846.15,0.4,187.95,658.21,2,1
837.47,0.4,171.7,665.77,2,1
514.15,0.0,49.41,464.74,0,1
853.81,0.4,210.73,643.08,2,1
565.8,0.0,101.05,464.74,0,1
546.64,0.0,89.46,457.18,0,1
518.05,0.0,76.0,442.05,0,1
934.12,0.6,228.35,705.77,3,1
797.58,0.4,139.38,658.21,2,1
1276.58,1.2,284.41,992.18,6,1
547.72,0.0,90.54,457.18,0,1
1067.21,0.8,230.68,836.54,4,1
594.93,0.0,130.19,464.74,0,1
760.92,0.4,132.97,627.95,2,1
544.21,0.0,102.16,442.05,0,1
533.18,0.0,68.43,464.74,0,1
543.88,0.0,79.14,464.74,0,1
764.45,0.4,106.24,658.21,2,1
1238.66,1.0,331.86,906.79,5,1
586.47,0.0,114.16,472.31,0,1
600.86,0.0,143.68,457.18,0,1
796.35,0.4,168.41,627.95,2,1
1012.91,0.8,161.24,851.67,4,1
574.85,0.0,102.54,472.31,0,1
903.37,0.4,252.73,650.64,2,1
649.55,0.0,177.24,472.31,0,1
831.77,0.4,173.57,658.21,2,1
932.21,0.6,196.19,736.03,3,1
1009.86,0.8,173.32,836.54,4,1
706.24,0.2,163.68,542.56,1,1
653.66,0.2,80.84,572.82,1,1
1012.64,0.8,168.54,844.1,4,1
1061.99,0.6,303.27,758.72,3,1
740.5,0.4,74.73,665.77,2,1
628.0,0.2,100.57,527.44,1,1
514.4,0.0,57.22,457.18,0,1
801.35,0.4,158.27,643.08,2,1
778.05,0.4,134.97,643.08,2,1
649.25,0.2,129.38,519.87,1,1
609.0,0.2,74.0,535.0,1,1
682.13,0.2,132.0,550.13,1,1
557.93,0.2,45.62,512.31,1,1
665.97,0.2,115.84,550.13,1,1
622.74,0.0,158.0,464.74,0,1
653.19,0.2,118.19,535.0,1,1
545.35,0.0,95.73,449.62,0,1
630.9,0.2,103.46,527.44,1,1
1266.22,1.2,311.86,954.36,6,1
930.64,0.6,179.49,751.15,3,1
707.45,0.2,142.19,565.26,1,1
1013.55,0.8,199.7,813.85,4,1
770.23,0.4,164.97,605.26,2,1
1090.44,0.8,284.16,806.28,4,1
1000.53,0.6,241.81,758.72,3,1
667.86,0.2,132.86,535.0,1,1
505.62,0.0,56.0,449.62,0,1
646.42,0.2,88.73,557.69,1,1
801.77,0.4,143.57,658.21,2,1
912.48,0.4,254.27,658.21,2,1
568.31,0.0,103.57,464.74,0,1
495.55,0.0,30.81,464.74,0,1
821.3,0.4,185.78,635.51,2,1
751.74,0.4,131.35,620.38,2,1
693.53,0.2,128.27,565.26,1,1
841.8,0.4,183.59,658.21,2,1
680.31,0.2,115.05,565.26,1,1
709.45,0.2,144.19,565.26,1,1
875.12,0.6,161.78,713.33,3,1
583.61,0.0,118.86,464.74,0,1
890.54,0.6,162.08,728.46,3,1
521.35,0.0,71.73,449.62,0,1
686.8,0.2,136.68,550.13,1,1
733.72,0.2,176.03,557.69,1,1
561.77,0.0,97.03,464.74,0,1
801.1,0.4,142.89,658.21,2,1
890.37,0.4,239.73,650.64,2,1
655.5,0.2,90.24,565.26,1,1
576.2,0.0,111.46,464.74,0,1
630.69,0.2,118.38,512.31,1,1
764.87,0.4,144.49,620.38,2,1
558.54,0.0,124.05,434.49,0,1
767.15,0.4,108.95,658.21,2,1
677.75,0.2,120.05,557.69,1,1
803.72,0.4,206.03,597.69,2,1
638.2,0.2,118.32,519.87,1,1
1157.54,0.8,328.57,828.97,4,1
806.1,0.2,255.97,550.13,1,1
791.09,0.4,125.32,665.77,2,1
1098.77,0.8,239.54,859.23,4,1
801.39,0.4,128.05,673.33,2,1
621.32,0.2,86.32,535.0,1,1
806.3,0.4,170.78,635.51,2,1
830.68,0.4,202.73,627.95,2,1
825.89,0.4,182.81,643.08,2,1
836.16,0.4,193.08,643.08,2,1
651.07,0.2,100.95,550.13,1,1
839.83,0.4,189.19,650.64,2,1
815.23,0.4,141.89,673.33,2,1
610.58,0.2,45.32,565.26,1,1
825.92,0.4,190.41,635.51,2,1
681.37,0.2,131.24,550.13,1,1
716.38,0.4,88.43,627.95,2,1
784.23,0.4,171.41,612.82,2,1
565.61,0.0,100.86,464.74,0,1
883.58,0.6,230.76,652.82,3,1
631.69,0.0,174.51,457.18,0,1
573.12,0.0,108.38,464.74,0,1
892.25,0.6,171.35,720.9,3,1
1048.19,0.8,226.78,821.41,4,1
642.93,0.0,170.62,472.31,0,1
691.45,0.2,133.76,557.69,1,1
827.47,0.4,161.7,665.77,2,1
568.34,0.0,111.16,457.18,0,1
897.08,0.6,153.49,743.59,3,1
583.61,0.0,118.86,464.74,0,1
644.5,0.2,79.24,565.26,1,1
689.34,0.2,131.65,557.69,1,1
544.09,0.0,79.35,464.74,0,1
713.99,0.2,156.3,557.69,1,1
676.57,0.2,156.7,519.87,1,1
585.61,0.0,120.86,464.74,0,1
758.22,0.4,130.27,627.95,2,1
643.44,0.2,116.0,527.44,1,1
888.6,0.6,235.78,652.82,3,1
603.72,0.0,138.97,464.74,0,1
878.08,0.4,242.57,635.51,2,1
840.18,0.6,141.97,698.21,3,1
724.47,0.2,144.08,580.38,1,1
607.75,0.2,57.62,550.13,1,1
665.94,0.2,108.24,557.69,1,1
855.07,0.4,204.43,650.64,2,1
714.28,0.2,141.46,572.82,1,1
641.75,0.2,84.05,557.69,1,1
625.53,0.2,67.84,557.69,1,1
708.4,0.2,158.27,550.13,1,1
562.35,0.0,112.73,449.62,0,1
667.15,0.2,109.46,557.69,1,1
569.18,0.0,112.0,457.18,0,1
692.49,0.4,64.54,627.95,2,1
892.03,0.6,163.57,728.46,3,1
802.59,0.4,167.08,635.51,2,1
594.64,0.0,129.89,464.74,0,1
979.07,0.6,227.92,751.15,3,1
664.36,0.2,91.54,572.82,1,1
517.5,0.0,60.32,457.18,0,1
706.69,0.2,149.0,557.69,1,1
879.3,0.6,158.41,720.9,3,1
779.36,0.4,106.03,673.33,2,1
600.15,0.0,135.41,464.74,0,1
1155.55,0.8,349.27,806.28,4,1
704.04,0.2,138.78,565.26,1,1
881.88,0.4,216.11,665.77,2,1
787.93,0.2,207.54,580.38,1,1
696.45,0.2,131.19,565.26,1,1
616.92,0.2,81.92,535.0,1,1
1006.89,0.8,162.78,844.1,4,1
679.47,0.2,106.65,572.82,1,1
547.55,0.0,75.24,472.31,0,1
665.91,0.2,100.65,565.26,1,1
869.12,0.4,203.35,665.77,2,1
829.36,0.4,163.59,665.77,2,1
806.47,0.4,140.7,665.77,2,1
1077.47,0.6,311.19,766.28,3,1
648.72,0.2,91.03,557.69,1,1
1158.81,0.8,322.27,836.54,4,1
1061.72,0.6,310.57,751.15,3,1
805.77,0.4,140.0,665.77,2,1
666.8,0.2,101.54,565.26,1,1
525.28,0.0,60.54,464.74,0,1
712.82,0.2,147.57,565.26,1,1
690.01,0.2,124.76,565.26,1,1
781.64,0.4,138.57,643.08,2,1
637.99,0.2,72.73,565.26,1,1
555.09,0.0,90.35,464.74,0,1
1082.94,0.8,246.41,836.54,4,1
891.54,0.6,163.08,728.46,3,1
655.31,0.2,90.05,565.26,1,1
639.09,0.2,73.84,565.26,1,1
739.62,0.4,96.54,643.08,2,1
812.63,0.4,146.86,665.77,2,1
705.26,0.2,140.0,565.26,1,1
799.12,0.4,133.35,665.77,2,1
775.32,0.4,132.24,643.08,2,1
555.15,0.0,97.97,457.18,0,1
838.97,0.4,195.89,643.08,2,1
625.12,0.0,160.38,464.74,0,1
669.23,0.2,111.54,557.69,1,1
562.99,0.0,98.24,464.74,0,1
689.2,0.2,123.95,565.26,1,1
566.15,0.0,108.97,457.18,0,1
874.15,0.6,168.38,705.77,3,1
777.87,0.2,197.49,580.38,1,1
649.04,0.2,91.35,557.69,1,1
788.82,0.4,176.0,612.82,2,1
767.23,0.4,109.03,658.21,2,1
895.31,0.4,229.54,665.77,2,1
771.12,0.4,105.35,665.77,2,1
829.01,0.4,163.24,665.77,2,1
892.42,0.4,226.65,665.77,2,1
759.81,0.4,116.73,643.08,2,1
897.99,0.4,232.22,665.77,2,1
668.01,0.2,102.76,565.26,1,1
932.65,0.6,196.62,736.03,3,1
1004.0,0.6,260.41,743.59,3,1
909.5,0.4,243.73,665.77,2,1
820.96,0.4,155.19,665.77,2,1
762.9,0.4,97.14,665.77,2,1
795.56,0.4,152.49,643.08,2,1
709.93,0.2,144.68,565.26,1,1
883.72,0.4,225.51,658.21,2,1
836.63,0.4,163.3,673.33,2,1
550.85,0.0,86.11,464.74,0,1
770.17,0.4,104.41,665.77,2,1
975.88,0.6,224.73,751.15,3,1
761.93,0.4,103.73,658.21,2,1
706.58,0.2,148.89,557.69,1,1
648.07,0.2,82.81,565.26,1,1
676.58,0.2,111.32,565.26,1,1
682.12,0.2,116.86,565.26,1,1
539.28,0.0,74.54,464.74,0,1
583.09,0.0,118.35,464.74,0,1
882.99,0.6,131.84,751.15,3,1
928.83,0.6,170.11,758.72,3,1
