"Total_Cost","Ratio_Reloc_Prod","Horiz_Cost","Vert_Cost","nReloc","non_Optimal"
225251.74,0.4607,32599.29,192652.41,691,250
962.37,0.3333,203.65,758.72,2,1
842.13,0.3333,98.54,743.59,2,1
1015.46,0.5,178.92,836.54,3,1
987.29,0.5,143.19,844.1,3,1
670.88,0.0,120.76,550.13,0,1
980.0,0.5,143.46,836.54,3,1
735.86,0.1667,100.35,635.51,1,1
741.86,0.1667,106.35,635.51,1,1
609.03,0.0,74.03,535.0,0,1
1011.38,0.6667,134.84,876.54,4,1
589.92,0.0,54.92,535.0,0,1
593.67,0.0,51.11,542.56,0,1
1100.25,0.6667,178.32,921.92,4,1
888.59,0.5,112.57,776.03,3,1
801.13,0.1667,165.62,635.51,1,1
651.1,0.1667,53.41,597.69,1,1
892.66,0.3333,179.32,713.33,2,1
1068.01,0.6667,153.65,914.36,4,1
855.96,0.3333,150.19,705.77,2,1
880.67,0.3333,137.08,743.59,2,1
1023.75,0.6667,192.59,831.15,4,1
779.09,0.3333,73.32,705.77,2,1
741.84,0.1667,121.46,620.38,1,1
1008.84,0.5,172.3,836.54,3,1
1194.66,0.8333,194.92,999.74,5,1
1258.31,1.1667,171.0,1087.31,7,1
898.98,0.3333,170.51,728.46,2,1
529.4,0.0,32.22,497.18,0,1
893.8,0.5,102.65,791.15,3,1
902.98,0.5,142.08,760.9,3,1
608.62,0.0,73.62,535.0,0,1
870.84,0.5,109.95,760.9,3,1
1253.27,1.0,183.27,1070.0,6,1
932.53,0.5,126.24,806.28,3,1
966.31,0.5,152.46,813.85,3,1
676.18,0.0,126.05,550.13,0,1
810.99,0.3333,105.22,705.77,2,1
1060.07,0.6667,168.41,891.67,4,1
1049.59,0.5,197.92,851.67,3,1
805.61,0.3333,99.84,705.77,2,1
833.69,0.3333,82.54,751.15,2,1
971.46,0.5,142.49,828.97,3,1
1193.04,1.0,160.86,1032.18,6,1
656.12,0.0,98.43,557.69,0,1
658.82,0.1667,46.0,612.82,1,1
1039.87,0.6667,170.89,868.97,4,1
616.22,0.0,81.22,535.0,0,1
1162.76,0.8333,200.84,961.92,5,1
1209.56,0.8333,224.95,984.62,5,1
793.88,0.1667,135.68,658.21,1,1
778.97,0.3333,88.32,690.64,2,1
943.15,0.6667,104.43,838.72,4,1
935.89,0.5,152.3,783.59,3,1
849.84,0.3333,128.95,720.9,2,1
985.73,0.6667,116.76,868.97,4,1
634.76,0.0,99.76,535.0,0,1
1044.77,0.6667,137.97,906.79,4,1
583.81,0.0,48.81,535.0,0,1
880.82,0.3333,167.49,713.33,2,1
1212.06,1.0,157.19,1054.87,6,1
753.56,0.1667,102.92,650.64,1,1
1171.76,1.0,177.41,994.36,6,1
581.76,0.0,54.32,527.44,0,1
848.17,0.3333,127.27,720.9,2,1
754.54,0.1667,111.46,643.08,1,1
745.65,0.1667,110.14,635.51,1,1
1164.0,0.8333,194.51,969.49,5,1
894.73,0.3333,158.7,736.03,2,1
1136.24,1.0,111.62,1024.62,6,1
836.04,0.3333,130.27,705.77,2,1
783.07,0.3333,92.43,690.64,2,1
954.44,0.5,140.59,813.85,3,1
954.75,0.6667,78.22,876.54,4,1
810.12,0.3333,104.35,705.77,2,1
643.08,0.0,108.08,535.0,0,1
885.64,0.5,102.05,783.59,3,1
743.71,0.1667,115.76,627.95,1,1
792.72,0.3333,86.95,705.77,2,1
944.42,0.5,145.7,798.72,3,1
832.25,0.5,78.92,753.33,3,1
1117.39,0.8333,170.59,946.79,5,1
1071.13,0.8333,139.46,931.67,5,1
687.8,0.1667,82.54,605.26,1,1
612.89,0.0,70.32,542.56,0,1
869.5,0.3333,171.3,698.21,2,1
786.64,0.3333,88.43,698.21,2,1
683.23,0.1667,85.54,597.69,1,1
710.61,0.1667,105.35,605.26,1,1
645.64,0.1667,55.51,590.13,1,1
698.93,0.1667,86.11,612.82,1,1
914.75,0.5,131.16,783.59,3,1
719.06,0.1667,91.11,627.95,1,1
1231.61,1.1667,151.86,1079.74,7,1
994.83,0.6667,156.11,838.72,4,1
746.71,0.3333,86.32,660.38,2,1
1016.9,0.6667,170.62,846.28,4,1
583.87,0.0,64.0,519.87,0,1
894.4,0.3333,158.38,736.03,2,1
732.28,0.1667,119.46,612.82,1,1
607.54,0.0,80.11,527.44,0,1
613.39,0.1667,53.51,559.87,1,1
958.27,0.5,189.81,768.46,3,1
884.97,0.3333,194.32,690.64,2,1
827.83,0.5,89.62,738.21,3,1
679.45,0.1667,89.32,590.13,1,1
951.89,0.5,168.3,783.59,3,1
1337.17,1.1667,181.78,1155.38,7,1
923.94,0.5,132.78,791.15,3,1
1233.31,1.0,186.0,1047.31,6,1
860.24,0.3333,116.65,743.59,2,1
1216.34,1.0,176.59,1039.74,6,1
680.82,0.0,115.57,565.26,0,1
1073.65,0.6667,197.11,876.54,4,1
1172.84,0.8333,195.78,977.05,5,1
788.16,0.1667,145.08,643.08,1,1
912.63,0.5,159.3,753.33,3,1
641.47,0.0,76.22,565.26,0,1
588.25,0.0,75.95,512.31,0,1
1066.44,0.6667,152.08,914.36,4,1
580.2,0.0,60.32,519.87,0,1
1256.07,1.0,216.32,1039.74,6,1
763.97,0.3333,73.32,690.64,2,1
678.9,0.1667,58.51,620.38,1,1
938.93,0.5,132.65,806.28,3,1
1209.79,1.0,162.49,1047.31,6,1
784.43,0.3333,101.35,683.08,2,1
1109.47,0.8333,162.68,946.79,5,1
756.89,0.3333,88.95,667.95,2,1
890.11,0.5,121.65,768.46,3,1
978.58,0.5,172.3,806.28,3,1
858.15,0.3333,152.38,705.77,2,1
619.27,0.0,91.84,527.44,0,1
1049.52,0.6667,188.11,861.41,4,1
1000.6,0.6667,146.76,853.85,4,1
689.2,0.1667,68.81,620.38,1,1
679.47,0.1667,74.22,605.26,1,1
853.88,0.3333,155.68,698.21,2,1
1064.19,0.6667,195.22,868.97,4,1
1004.83,0.5,221.24,783.59,3,1
840.84,0.5,64.81,776.03,3,1
745.81,0.1667,102.73,643.08,1,1
1094.6,0.8333,193.19,901.41,5,1
1013.39,0.6667,114.16,899.23,4,1
1070.02,0.8333,153.49,916.54,5,1
649.92,0.0,107.35,542.56,0,1
935.42,0.6667,89.14,846.28,4,1
1046.19,0.6667,177.22,868.97,4,1
1209.61,1.0,169.86,1039.74,6,1
948.45,0.5,164.86,783.59,3,1
1354.72,1.1667,222.03,1132.69,7,1
689.37,0.1667,99.24,590.13,1,1
816.55,0.3333,95.65,720.9,2,1
1256.83,1.0,224.65,1032.18,6,1
883.88,0.5,92.73,791.15,3,1
868.87,0.3333,147.97,720.9,2,1
708.09,0.1667,102.84,605.26,1,1
969.02,0.6667,137.86,831.15,4,1
1050.02,0.6667,173.49,876.54,4,1
1096.47,0.8333,149.68,946.79,5,1
897.51,0.5,106.35,791.15,3,1
1288.81,0.8333,251.24,1037.56,5,1
656.94,0.1667,66.81,590.13,1,1
1429.24,1.1667,304.11,1125.13,7,1
1005.06,0.6667,143.65,861.41,4,1
1028.69,0.6667,129.46,899.23,4,1
1013.95,0.6667,144.97,868.97,4,1
1001.46,0.8333,84.92,916.54,5,1
621.21,0.0,78.65,542.56,0,1
961.33,0.5,147.49,813.85,3,1
667.0,0.1667,84.43,582.56,1,1
934.27,0.5,150.68,783.59,3,1
798.9,0.3333,93.14,705.77,2,1
924.09,0.5,110.24,813.85,3,1
729.03,0.1667,108.65,620.38,1,1
924.68,0.5,163.78,760.9,3,1
1152.3,0.6667,237.95,914.36,4,1
1072.77,0.8333,133.54,939.23,5,1
867.02,0.3333,123.43,743.59,2,1
784.15,0.3333,138.89,645.26,2,1
802.19,0.1667,159.11,643.08,1,1
704.13,0.1667,68.62,635.51,1,1
899.25,0.5,138.35,760.9,3,1
1066.85,0.6667,160.05,906.79,4,1
798.87,0.3333,70.41,728.46,2,1
596.84,0.0,69.41,527.44,0,1
835.11,0.3333,159.59,675.51,2,1
794.99,0.3333,104.35,690.64,2,1
1086.61,0.8333,147.38,939.23,5,1
1026.25,0.5,257.78,768.46,3,1
804.52,0.3333,83.62,720.9,2,1
914.05,0.5,130.46,783.59,3,1
848.5,0.3333,150.3,698.21,2,1
691.68,0.1667,63.73,627.95,1,1
1278.38,1.1667,168.38,1110.0,7,1
718.71,0.1667,98.32,620.38,1,1
984.19,0.5,162.78,821.41,3,1
1158.46,1.0,148.97,1009.49,6,1
670.04,0.0,112.35,557.69,0,1
1165.77,0.8333,173.59,992.18,5,1
1428.6,1.3333,233.22,1195.38,8,1
720.0,0.1667,76.92,643.08,1,1
696.98,0.1667,69.03,627.95,1,1
643.21,0.0,100.65,542.56,0,1
810.77,0.1667,152.57,658.21,1,1
738.27,0.1667,102.76,635.51,1,1
603.92,0.0,68.92,535.0,0,1
1123.47,0.8333,176.68,946.79,5,1
839.54,0.5,63.51,776.03,3,1
1044.2,0.6667,144.97,899.23,4,1
1070.58,0.8333,131.35,939.23,5,1
826.26,0.3333,128.05,698.21,2,1
1160.39,0.6667,261.16,899.23,4,1
763.4,0.1667,112.76,650.64,1,1
830.93,0.3333,125.16,705.77,2,1
645.61,0.0,87.92,557.69,0,1
1009.9,0.6667,95.54,914.36,4,1
958.47,0.5,152.19,806.28,3,1
1031.57,0.6667,162.59,868.97,4,1
840.18,0.3333,141.97,698.21,2,1
1104.3,0.8333,149.95,954.36,5,1
760.31,0.1667,102.11,658.21,1,1
1180.66,1.0,133.35,1047.31,6,1
978.3,0.6667,109.32,868.97,4,1
1255.74,1.1667,176.0,1079.74,7,1
855.49,0.5,87.03,768.46,3,1
1426.54,1.5,183.59,1242.95,9,1
718.51,0.0,175.95,542.56,0,1
592.06,0.0,64.62,527.44,0,1
1112.74,0.8333,158.38,954.36,5,1
856.94,0.3333,113.35,743.59,2,1
1029.74,0.6667,122.95,906.79,4,1
1137.44,0.8333,183.08,954.36,5,1
797.55,0.3333,84.22,713.33,2,1
735.6,0.3333,75.22,660.38,2,1
734.87,0.1667,106.92,627.95,1,1
709.44,0.1667,89.05,620.38,1,1
845.35,0.5,69.32,776.03,3,1
839.21,0.5,108.57,730.64,3,1
937.97,0.5,154.38,783.59,3,1
1260.05,1.0,182.49,1077.56,6,1
1226.69,1.0,194.51,1032.18,6,1
1239.4,1.0,154.27,1085.13,6,1
1038.93,0.6667,132.14,906.79,4,1
780.93,0.1667,115.16,665.77,1,1
839.88,0.3333,141.68,698.21,2,1
1060.38,0.6667,191.41,868.97,4,1
856.87,0.3333,135.97,720.9,2,1
867.63,0.3333,154.3,713.33,2,1
1078.82,0.8333,124.46,954.36,5,1
892.31,0.5,86.03,806.28,3,1
