"Total_Cost","Ratio_Reloc_Prod","Horiz_Cost","Vert_Cost","nReloc","non_Optimal"
228035.17,0.454,33551.25,194483.89,681,150
1492.76,0.4,176.35,1316.41,4,1
1872.19,0.8,274.76,1597.44,8,1
1720.51,0.6,256.03,1464.49,6,1
1259.46,0.2,128.95,1130.51,2,1
1498.23,0.4,204.51,1293.72,4,1
1355.25,0.3,139.35,1215.9,3,1
1759.73,0.8,207.68,1552.05,8,1
1555.53,0.4,254.24,1301.28,4,1
1799.83,0.7,280.22,1519.62,7,1
1563.13,0.5,244.54,1318.59,5,1
1137.91,0.2,105.73,1032.18,2,1
1334.21,0.2,256.65,1077.56,2,1
1186.69,0.2,146.95,1039.74,2,1
1522.78,0.5,204.19,1318.59,5,1
1600.0,0.6,256.54,1343.46,6,1
1246.88,0.2,146.62,1100.26,2,1
1681.68,0.7,237.7,1443.97,7,1
1363.5,0.4,122.73,1240.77,4,1
2248.09,1.3,337.19,1910.9,13,1
1884.98,0.9,255.11,1629.87,9,1
1941.11,0.9,250.73,1690.38,9,1
1693.61,0.6,251.81,1441.79,6,1
1745.09,0.6,356.24,1388.85,6,1
1380.64,0.2,227.43,1153.21,2,1
1412.39,0.2,304.57,1107.82,2,1
1156.37,0.2,131.76,1024.62,2,1
1876.2,1.0,221.46,1654.74,10,1
1790.47,0.7,248.16,1542.31,7,1
1159.91,0.3,87.73,1072.18,3,1
1829.53,0.7,302.35,1527.18,7,1
1609.41,0.5,245.43,1363.97,5,1
1702.62,0.7,190.57,1512.05,7,1
1594.01,0.4,338.11,1255.9,4,1
1189.08,0.2,126.65,1062.44,2,1
1280.6,0.3,117.65,1162.95,3,1
1605.35,0.5,294.32,1311.03,5,1
1471.01,0.4,222.68,1248.33,4,1
1688.54,0.7,237.0,1451.54,7,1
1523.09,0.4,221.81,1301.28,4,1
1442.36,0.4,201.59,1240.77,4,1
1476.72,0.3,291.08,1185.64,3,1
1811.51,0.8,267.03,1544.49,8,1
1761.86,0.5,382.76,1379.1,5,1
1954.74,1.0,231.92,1722.82,10,1
1016.93,0.0,110.14,906.79,0,1
1468.03,0.4,197.0,1271.03,4,1
1466.49,0.5,155.46,1311.03,5,1
1275.84,0.3,173.41,1102.44,3,1
1108.92,0.2,99.43,1009.49,2,1
1579.54,0.4,300.95,1278.59,4,1
1575.74,0.6,186.89,1388.85,6,1
1395.37,0.3,202.16,1193.21,3,1
1300.85,0.3,168.16,1132.69,3,1
1753.7,0.8,262.16,1491.54,8,1
1148.12,0.1,133.24,1014.87,1,1
1474.19,0.6,130.73,1343.46,6,1
1445.72,0.5,164.95,1280.77,5,1
1658.18,0.6,231.51,1426.67,6,1
1537.26,0.5,195.97,1341.28,5,1
1607.24,0.5,235.7,1371.54,5,1
1802.3,0.6,337.81,1464.49,6,1
1409.79,0.3,193.89,1215.9,3,1
2283.11,1.3,357.08,1926.03,13,1
1390.62,0.3,167.16,1223.46,3,1
1615.31,0.5,266.46,1348.85,5,1
1502.96,0.4,216.81,1286.15,4,1
1438.14,0.4,182.24,1255.9,4,1
1254.84,0.2,192.41,1062.44,2,1
1816.18,0.8,196.05,1620.13,8,1
1626.62,0.6,207.51,1419.1,6,1
1323.42,0.2,230.73,1092.69,2,1
1559.36,0.6,178.08,1381.28,6,1
1663.82,0.5,262.03,1401.79,5,1
1738.89,0.7,234.41,1504.49,7,1
1249.97,0.1,265.35,984.62,1,1
1296.44,0.2,241.57,1054.87,2,1
1175.47,0.1,168.16,1007.31,1,1
1339.6,0.3,191.78,1147.82,3,1
1207.72,0.1,223.11,984.62,1,1
1775.0,0.6,318.08,1456.92,6,1
1120.52,0.1,113.22,1007.31,1,1
1347.54,0.2,224.59,1122.95,2,1
1359.97,0.3,189.46,1170.51,3,1
1416.12,0.4,167.78,1248.33,4,1
989.29,0.0,97.62,891.67,0,1
1464.87,0.4,156.03,1308.85,4,1
1606.35,0.5,234.81,1371.54,5,1
1361.75,0.3,183.68,1178.08,3,1
1501.86,0.5,183.27,1318.59,5,1
1205.34,0.2,120.22,1085.13,2,1
957.89,0.0,88.92,868.97,0,1
1655.15,0.6,273.86,1381.28,6,1
1362.08,0.3,184.0,1178.08,3,1
1552.58,0.5,264.24,1288.33,5,1
1599.58,0.5,250.73,1348.85,5,1
1282.53,0.3,142.27,1140.26,3,1
1312.4,0.3,187.27,1125.13,3,1
1495.98,0.4,232.51,1263.46,4,1
1342.13,0.3,164.05,1178.08,3,1
1533.02,0.5,206.86,1326.15,5,1
1794.2,0.7,319.97,1474.23,7,1
1472.44,0.4,224.11,1248.33,4,1
1532.54,0.3,362.03,1170.51,3,1
1511.26,0.3,310.49,1200.77,3,1
1605.81,0.5,241.84,1363.97,5,1
1180.45,0.1,180.7,999.74,1,1
1362.01,0.2,254.19,1107.82,2,1
1531.87,0.5,228.41,1303.46,5,1
1655.22,0.6,251.24,1403.97,6,1
1750.94,0.6,331.84,1419.1,6,1
2040.74,0.8,390.35,1650.38,8,1
1455.3,0.3,231.84,1223.46,3,1
1996.76,0.9,291.24,1705.51,9,1
1767.13,0.6,279.95,1487.18,6,1
1972.86,0.9,259.78,1713.08,9,1
1510.18,0.5,176.46,1333.72,5,1
1676.11,0.5,304.57,1371.54,5,1
994.29,0.0,102.62,891.67,0,1
1842.72,0.9,243.11,1599.62,9,1
1675.98,0.6,279.57,1396.41,6,1
2064.65,0.9,366.7,1697.95,9,1
2132.59,1.1,271.43,1861.15,11,1
1600.2,0.4,291.35,1308.85,4,1
1496.1,0.4,217.51,1278.59,4,1
1089.49,0.0,167.57,921.92,0,1
1465.14,0.4,262.19,1202.95,4,1
1513.66,0.5,225.32,1288.33,5,1
1323.18,0.2,238.05,1085.13,2,1
1322.24,0.3,144.16,1178.08,3,1
2038.69,0.9,363.43,1675.26,9,1
1302.78,0.2,172.27,1130.51,2,1
1508.81,0.4,230.22,1278.59,4,1
1799.57,0.7,242.14,1557.44,7,1
1599.42,0.5,273.27,1326.15,5,1
1667.86,0.7,201.19,1466.67,7,1
1374.15,0.2,273.89,1100.26,2,1
1228.2,0.1,213.32,1014.87,1,1
1546.67,0.5,220.51,1326.15,5,1
1115.87,0.2,113.95,1001.92,2,1
1439.53,0.4,213.89,1225.64,4,1
1890.98,0.7,341.11,1549.87,7,1
1340.23,0.3,147.03,1193.21,3,1
1933.83,0.7,353.7,1580.13,7,1
1436.75,0.4,211.11,1225.64,4,1
1209.46,0.3,107.03,1102.44,3,1
1278.02,0.1,225.32,1052.69,1,1
1290.63,0.2,175.24,1115.38,2,1
1815.22,0.6,350.73,1464.49,6,1
1479.6,0.5,183.7,1295.9,5,1
1474.65,0.3,258.76,1215.9,3,1
