"Total_Cost","Ratio_Reloc_Prod","Horiz_Cost","Vert_Cost","nReloc","non_Optimal"
225392.96,0.4507,31827.78,193565.28,676,150
1475.2,0.4,166.35,1308.85,4,1
1802.14,0.8,212.27,1589.87,8,1
1666.6,0.6,209.68,1456.92,6,1
1263.94,0.2,125.86,1138.08,2,1
1524.95,0.4,216.11,1308.85,4,1
1333.68,0.3,125.35,1208.33,3,1
1796.98,0.8,214.68,1582.31,8,1
1486.54,0.4,215.51,1271.03,4,1
1786.58,0.7,259.41,1527.18,7,1
1583.77,0.5,250.05,1333.72,5,1
1159.47,0.2,119.73,1039.74,2,1
1268.59,0.2,198.59,1070.0,2,1
1192.8,0.2,153.05,1039.74,2,1
1413.94,0.4,188.3,1225.64,4,1
1595.4,0.6,236.81,1358.59,6,1
1277.96,0.2,185.27,1092.69,2,1
1688.37,0.7,229.27,1459.1,7,1
1353.26,0.4,127.62,1225.64,4,1
2168.55,1.2,297.65,1870.9,12,1
1741.38,0.8,204.46,1536.92,8,1
2033.82,1.1,210.49,1823.33,11,1
1692.87,0.6,243.51,1449.36,6,1
1836.54,0.7,324.49,1512.05,7,1
1340.1,0.2,186.89,1153.21,2,1
1315.61,0.2,215.35,1100.26,2,1
1149.97,0.2,125.35,1024.62,2,1
1714.26,0.8,215.16,1499.1,8,1
2174.44,1.2,250.59,1923.85,12,1
1167.23,0.2,119.92,1047.31,2,1
1806.74,0.7,317.38,1489.36,7,1
1581.02,0.5,209.49,1371.54,5,1
1605.61,0.6,178.95,1426.67,6,1
1572.09,0.4,316.19,1255.9,4,1
1216.92,0.2,139.35,1077.56,2,1
1312.95,0.4,102.43,1210.51,4,1
1615.21,0.5,296.62,1318.59,5,1
1443.47,0.4,187.57,1255.9,4,1
1741.47,0.7,252.11,1489.36,7,1
1496.18,0.4,217.59,1278.59,4,1
1421.64,0.4,196.0,1225.64,4,1
1280.62,0.2,210.62,1070.0,2,1
1895.51,0.8,335.89,1559.62,8,1
1872.64,0.7,353.03,1519.62,7,1
1790.25,0.7,232.81,1557.44,7,1
1023.34,0.0,116.54,906.79,0,1
1577.32,0.5,198.22,1379.1,5,1
1455.11,0.5,151.65,1303.46,5,1
1335.17,0.4,147.35,1187.82,4,1
1143.45,0.1,151.27,992.18,1,1
1659.76,0.5,303.35,1356.41,5,1
1624.75,0.6,198.08,1426.67,6,1
1432.09,0.3,223.76,1208.33,3,1
1392.72,0.3,207.08,1185.64,3,1
1678.14,0.6,274.16,1403.97,6,1
1340.46,0.4,129.95,1210.51,4,1
1275.85,0.3,128.03,1147.82,3,1
1369.2,0.4,181.38,1187.82,4,1
1610.98,0.6,229.7,1381.28,6,1
1545.44,0.6,164.16,1381.28,6,1
1660.69,0.5,274.03,1386.67,5,1
1703.2,0.5,308.97,1394.23,5,1
1362.96,0.3,169.76,1193.21,3,1
2132.56,1.1,324.35,1808.21,11,1
1369.9,0.3,161.57,1208.33,3,1
1750.51,0.7,246.03,1504.49,7,1
1432.92,0.4,222.41,1210.51,4,1
1491.07,0.5,210.3,1280.77,5,1
1430.86,0.4,205.22,1225.64,4,1
1946.97,0.9,241.46,1705.51,9,1
1636.11,0.6,239.7,1396.41,6,1
1358.87,0.2,251.05,1107.82,2,1
1295.84,0.3,140.46,1155.38,3,1
1369.2,0.3,160.86,1208.33,3,1
1535.43,0.5,171.46,1363.97,5,1
1651.51,0.5,287.54,1363.97,5,1
1426.48,0.3,240.84,1185.64,3,1
1196.14,0.2,126.14,1070.0,2,1
1355.22,0.3,192.27,1162.95,3,1
1451.1,0.4,217.89,1233.21,4,1
1726.1,0.6,291.86,1434.23,6,1
1158.29,0.1,173.68,984.62,1,1
1243.55,0.2,196.24,1047.31,2,1
1018.45,0.0,134.35,884.1,0,1
1526.98,0.5,170.57,1356.41,5,1
1142.63,0.2,95.32,1047.31,2,1
1438.54,0.5,127.51,1311.03,5,1
1659.99,0.6,233.32,1426.67,6,1
1234.84,0.2,164.84,1070.0,2,1
1351.82,0.3,204.0,1147.82,3,1
1231.96,0.2,124.14,1107.82,2,1
999.46,0.0,138.05,861.41,0,1
1337.43,0.2,267.43,1070.0,2,1
1374.02,0.4,155.95,1218.08,4,1
1393.82,0.3,238.43,1155.38,3,1
1319.9,0.3,172.08,1147.82,3,1
1121.32,0.1,144.27,977.05,1,1
1785.7,0.7,273.65,1512.05,7,1
1447.18,0.3,261.54,1185.64,3,1
1339.86,0.3,169.35,1170.51,3,1
1444.43,0.4,173.41,1271.03,4,1
1732.76,0.8,203.41,1529.36,8,1
1547.98,0.5,191.57,1356.41,5,1
1820.57,0.6,416.59,1403.97,6,1
1677.45,0.5,290.78,1386.67,5,1
1475.57,0.4,212.11,1263.46,4,1
1285.43,0.2,200.3,1085.13,2,1
1462.39,0.4,229.19,1233.21,4,1
1581.0,0.6,177.03,1403.97,6,1
1709.15,0.7,234.92,1474.23,7,1
1474.62,0.4,256.54,1218.08,4,1
1711.08,0.7,259.54,1451.54,7,1
1561.13,0.5,174.46,1386.67,5,1
1893.31,0.8,265.62,1627.69,8,1
1665.23,0.6,231.0,1434.23,6,1
1726.14,0.7,282.16,1443.97,7,1
1350.44,0.3,195.05,1155.38,3,1
2013.12,0.9,330.3,1682.82,9,1
945.52,0.0,84.11,861.41,0,1
1849.15,0.8,274.41,1574.74,8,1
1392.17,0.3,191.41,1200.77,3,1
1727.79,0.6,278.43,1449.36,6,1
1754.81,0.7,250.32,1504.49,7,1
1074.21,0.0,190.11,884.1,0,1
1746.34,0.7,279.68,1466.67,7,1
1258.14,0.2,150.32,1107.82,2,1
1326.28,0.2,226.03,1100.26,2,1
1809.8,0.9,210.19,1599.62,9,1
1430.77,0.3,230.0,1200.77,3,1
1290.64,0.3,157.95,1132.69,3,1
2105.34,0.8,477.65,1627.69,8,1
1229.47,0.1,229.73,999.74,1,1
2158.99,1.1,290.27,1868.72,11,1
1337.9,0.2,222.51,1115.38,2,1
1313.98,0.3,211.54,1102.44,3,1
1508.57,0.4,252.68,1255.9,4,1
1296.32,0.3,171.19,1125.13,3,1
1430.69,0.4,197.49,1233.21,4,1
1316.81,0.3,153.86,1162.95,3,1
1028.9,0.0,114.54,914.36,0,1
1349.34,0.2,256.65,1092.69,2,1
1812.96,0.7,278.22,1534.74,7,1
1351.0,0.2,212.92,1138.08,2,1
1976.38,0.9,278.43,1697.95,9,1
1389.88,0.3,196.68,1193.21,3,1
1204.03,0.2,134.03,1070.0,2,1
1308.75,0.3,191.19,1117.56,3,1
1442.66,0.5,169.46,1273.21,5,1
1864.52,0.7,261.7,1602.82,7,1
1388.99,0.4,155.78,1233.21,4,1
1309.64,0.2,216.95,1092.69,2,1
