"Total_Cost","Ratio_Reloc_Prod","Horiz_Cost","Vert_Cost","nReloc","non_Optimal"
229800.11,0.424,37895.34,191904.85,636,300
549.25,0.0,76.95,472.31,0,1
847.34,0.6,88.62,758.72,3,1
876.08,0.6,140.05,736.03,3,1
716.63,0.2,136.24,580.38,1,1
710.12,0.4,104.86,605.26,2,1
869.73,0.6,141.27,728.46,3,1
642.83,0.2,100.27,542.56,1,1
727.86,0.2,177.73,550.13,1,1
611.32,0.0,161.7,449.62,0,1
879.72,0.6,128.57,751.15,3,1
917.08,0.8,141.05,776.03,4,1
828.23,0.6,122.46,705.77,3,1
624.58,0.2,59.32,565.26,1,1
532.78,0.0,83.16,449.62,0,1
912.0,0.6,168.41,743.59,3,1
802.65,0.6,66.62,736.03,3,1
1052.8,1.0,206.51,846.28,5,1
504.16,0.0,62.11,442.05,0,1
586.09,0.0,113.78,472.31,0,1
819.1,0.4,176.03,643.08,2,1
564.91,0.0,100.16,464.74,0,1
710.64,0.2,160.51,550.13,1,1
715.92,0.4,148.49,567.44,2,1
922.63,0.8,101.22,821.41,4,1
1123.04,1.0,269.19,853.85,5,1
971.44,0.8,157.59,813.85,4,1
867.91,0.6,169.7,698.21,3,1
991.26,0.8,184.97,806.28,4,1
538.74,0.0,74.0,464.74,0,1
617.69,0.2,60.0,557.69,1,1
561.28,0.0,96.54,464.74,0,1
907.24,0.6,171.22,736.03,3,1
1073.58,0.8,259.73,813.85,4,1
785.86,0.4,142.78,643.08,2,1
660.01,0.2,94.76,565.26,1,1
644.78,0.4,62.22,582.56,2,1
596.89,0.2,54.32,542.56,1,1
896.95,0.6,168.49,728.46,3,1
942.91,0.8,144.19,798.72,4,1
582.85,0.2,70.54,512.31,1,1
847.16,0.6,103.57,743.59,3,1
682.23,0.2,116.97,565.26,1,1
516.33,0.0,81.84,434.49,0,1
486.05,0.0,44.0,442.05,0,1
1165.25,1.2,203.32,961.92,6,1
480.75,0.0,38.7,442.05,0,1
735.33,0.4,114.95,620.38,2,1
1001.47,0.8,195.19,806.28,4,1
624.12,0.2,66.43,557.69,1,1
589.22,0.0,162.3,426.92,0,1
561.42,0.0,104.24,457.18,0,1
802.52,0.6,81.62,720.9,3,1
921.54,0.8,153.08,768.46,4,1
809.72,0.4,159.08,650.64,2,1
908.89,0.8,132.86,776.03,4,1
688.18,0.2,130.49,557.69,1,1
763.51,0.4,112.86,650.64,2,1
764.15,0.4,105.95,658.21,2,1
542.58,0.0,77.84,464.74,0,1
658.18,0.2,108.05,550.13,1,1
467.3,0.0,32.81,434.49,0,1
894.6,0.8,126.14,768.46,4,1
720.32,0.4,84.81,635.51,2,1
1002.38,0.8,180.97,821.41,4,1
707.57,0.4,79.62,627.95,2,1
758.26,0.4,153.0,605.26,2,1
775.9,0.6,123.08,652.82,3,1
956.14,0.6,235.24,720.9,3,1
686.79,0.4,66.41,620.38,2,1
464.06,0.0,44.7,419.36,0,1
610.68,0.4,50.81,559.87,2,1
812.03,0.6,91.14,720.9,3,1
557.1,0.2,59.92,497.18,1,1
1137.94,1.2,266.78,871.15,6,1
932.15,0.8,133.43,798.72,4,1
618.45,0.0,168.84,449.62,0,1
704.42,0.2,139.16,565.26,1,1
883.46,0.8,107.43,776.03,4,1
643.67,0.2,93.54,550.13,1,1
1049.11,1.0,187.7,861.41,5,1
802.37,0.4,144.16,658.21,2,1
564.42,0.0,107.24,457.18,0,1
733.08,0.4,105.14,627.95,2,1
818.46,0.6,135.38,683.08,3,1
780.18,0.4,121.97,658.21,2,1
1026.28,1.0,164.86,861.41,5,1
921.18,0.6,177.59,743.59,3,1
747.26,0.4,96.62,650.64,2,1
658.78,0.2,108.65,550.13,1,1
762.85,0.4,104.65,658.21,2,1
648.34,0.2,90.65,557.69,1,1
925.42,0.8,134.27,791.15,4,1
640.39,0.2,75.14,565.26,1,1
1025.13,0.8,188.59,836.54,4,1
883.9,0.6,163.0,720.9,3,1
725.19,0.4,97.24,627.95,2,1
1037.47,0.8,238.76,798.72,4,1
874.21,0.6,191.14,683.08,3,1
537.96,0.0,73.22,464.74,0,1
642.12,0.2,84.43,557.69,1,1
883.85,0.6,170.51,713.33,3,1
743.31,0.4,77.54,665.77,2,1
769.99,0.4,119.35,650.64,2,1
959.84,0.8,130.86,828.97,4,1
661.28,0.2,96.03,565.26,1,1
605.51,0.2,70.51,535.0,1,1
722.98,0.4,110.16,612.82,2,1
646.9,0.2,119.46,527.44,1,1
644.94,0.4,54.81,590.13,2,1
870.95,0.8,110.05,760.9,4,1
960.48,0.8,176.89,783.59,4,1
717.09,0.2,144.27,572.82,1,1
699.25,0.4,86.43,612.82,2,1
796.54,0.4,153.46,643.08,2,1
845.37,0.2,295.24,550.13,1,1
895.56,0.8,111.97,783.59,4,1
666.8,0.2,101.54,565.26,1,1
693.78,0.4,103.65,590.13,2,1
797.46,0.4,169.51,627.95,2,1
551.29,0.2,54.11,497.18,1,1
638.5,0.2,80.81,557.69,1,1
728.75,0.4,78.11,650.64,2,1
636.96,0.2,124.65,512.31,1,1
799.24,0.4,148.59,650.64,2,1
806.37,0.4,148.16,658.21,2,1
819.91,0.6,129.27,690.64,3,1
898.8,0.6,200.59,698.21,3,1
679.85,0.2,122.16,557.69,1,1
553.02,0.0,110.97,442.05,0,1
743.31,0.2,185.62,557.69,1,1
866.63,0.6,160.86,705.77,3,1
564.2,0.0,99.46,464.74,0,1
766.66,0.4,161.41,605.26,2,1
587.82,0.0,123.08,464.74,0,1
645.54,0.2,110.54,535.0,1,1
934.92,0.6,206.46,728.46,3,1
494.78,0.0,52.73,442.05,0,1
842.39,0.8,89.05,753.33,4,1
935.03,0.8,166.57,768.46,4,1
831.28,0.6,117.95,713.33,3,1
515.59,0.0,73.54,442.05,0,1
633.1,0.4,35.41,597.69,2,1
622.42,0.2,64.73,557.69,1,1
755.47,0.2,190.22,565.26,1,1
698.43,0.4,62.92,635.51,2,1
758.37,0.4,107.73,650.64,2,1
710.44,0.4,90.05,620.38,2,1
1023.28,0.8,277.51,745.77,4,1
947.51,0.6,203.92,743.59,3,1
651.26,0.2,101.14,550.13,1,1
780.73,0.4,152.78,627.95,2,1
603.87,0.2,76.43,527.44,1,1
1135.4,1.2,203.73,931.67,6,1
774.97,0.4,131.89,643.08,2,1
689.58,0.2,131.89,557.69,1,1
595.87,0.2,68.43,527.44,1,1
745.88,0.4,95.24,650.64,2,1
868.82,0.4,203.05,665.77,2,1
675.59,0.2,125.46,550.13,1,1
755.78,0.2,205.65,550.13,1,1
688.56,0.2,130.86,557.69,1,1
795.42,0.6,97.22,698.21,3,1
843.46,0.6,107.43,736.03,3,1
996.87,1.0,135.46,861.41,5,1
876.62,0.6,193.54,683.08,3,1
765.67,0.4,130.16,635.51,2,1
647.14,0.2,74.32,572.82,1,1
522.4,0.0,80.35,442.05,0,1
551.56,0.0,101.95,449.62,0,1
875.19,0.6,139.16,736.03,3,1
630.32,0.2,95.32,535.0,1,1
990.35,0.8,214.32,776.03,4,1
958.07,0.8,151.78,806.28,4,1
665.23,0.2,107.54,557.69,1,1
859.68,0.6,138.78,720.9,3,1
526.56,0.0,76.95,449.62,0,1
708.42,0.2,135.59,572.82,1,1
528.59,0.0,86.54,442.05,0,1
791.46,0.4,148.38,643.08,2,1
850.58,0.4,184.81,665.77,2,1
541.18,0.0,76.43,464.74,0,1
714.87,0.4,102.05,612.82,2,1
599.23,0.0,134.49,464.74,0,1
813.86,0.4,170.78,643.08,2,1
776.85,0.4,118.65,658.21,2,1
886.36,0.6,165.46,720.9,3,1
561.34,0.0,104.16,457.18,0,1
814.89,0.6,86.43,728.46,3,1
495.33,0.0,60.84,434.49,0,1
823.23,0.6,117.46,705.77,3,1
993.16,0.8,164.19,828.97,4,1
644.77,0.2,79.51,565.26,1,1
849.43,0.6,173.92,675.51,3,1
802.96,0.6,104.76,698.21,3,1
620.21,0.2,62.51,557.69,1,1
718.11,0.4,97.73,620.38,2,1
938.39,0.8,139.68,798.72,4,1
811.53,0.6,120.89,690.64,3,1
498.11,0.0,63.62,434.49,0,1
725.28,0.4,112.46,612.82,2,1
800.58,0.4,142.38,658.21,2,1
960.1,0.8,161.38,798.72,4,1
775.92,0.4,147.97,627.95,2,1
641.17,0.4,73.73,567.44,2,1
640.51,0.2,97.95,542.56,1,1
656.68,0.2,121.68,535.0,1,1
1126.19,1.2,209.65,916.54,6,1
612.35,0.2,77.35,535.0,1,1
795.54,0.4,160.03,635.51,2,1
949.4,0.6,205.81,743.59,3,1
905.96,0.4,247.76,658.21,2,1
697.07,0.2,139.38,557.69,1,1
743.67,0.4,93.03,650.64,2,1
535.85,0.0,71.11,464.74,0,1
662.56,0.2,104.86,557.69,1,1
1134.0,1.2,156.95,977.05,6,1
650.44,0.2,77.62,572.82,1,1
557.42,0.0,100.24,457.18,0,1
520.08,0.0,78.03,442.05,0,1
773.33,0.4,145.38,627.95,2,1
776.49,0.4,156.11,620.38,2,1
1227.86,1.4,210.81,1017.05,7,1
856.0,0.6,127.54,728.46,3,1
671.45,0.2,113.76,557.69,1,1
1007.26,1.0,176.11,831.15,5,1
570.66,0.0,98.35,472.31,0,1
850.7,0.6,122.24,728.46,3,1
468.54,0.0,41.62,426.92,0,1
831.6,0.6,118.27,713.33,3,1
753.75,0.4,95.54,658.21,2,1
787.08,0.4,151.57,635.51,2,1
709.36,0.4,96.54,612.82,2,1
704.98,0.4,77.03,627.95,2,1
864.67,0.8,73.51,791.15,4,1
731.24,0.4,95.73,635.51,2,1
922.98,0.8,109.14,813.85,4,1
747.45,0.6,56.81,690.64,3,1
831.08,0.6,102.62,728.46,3,1
507.27,0.0,65.22,442.05,0,1
658.54,0.2,115.97,542.56,1,1
851.42,0.6,160.78,690.64,3,1
518.74,0.0,54.0,464.74,0,1
1034.81,1.2,125.84,908.97,6,1
1134.33,0.8,312.92,821.41,4,1
1205.62,1.4,181.0,1024.62,7,1
524.77,0.0,60.03,464.74,0,1
624.53,0.2,66.84,557.69,1,1
679.54,0.2,136.97,542.56,1,1
917.11,0.6,196.22,720.9,3,1
555.44,0.0,83.14,472.31,0,1
939.1,0.6,195.51,743.59,3,1
761.32,0.4,118.24,643.08,2,1
1002.55,0.8,188.7,813.85,4,1
590.51,0.2,55.51,535.0,1,1
716.58,0.2,158.89,557.69,1,1
674.73,0.2,147.3,527.44,1,1
931.56,0.6,180.41,751.15,3,1
927.72,0.8,136.57,791.15,4,1
1048.52,1.0,187.11,861.41,5,1
667.2,0.2,86.81,580.38,1,1
937.29,0.8,138.57,798.72,4,1
640.64,0.2,82.95,557.69,1,1
548.21,0.0,91.03,457.18,0,1
583.58,0.2,78.84,504.74,1,1
473.41,0.0,38.92,434.49,0,1
838.77,0.6,140.57,698.21,3,1
849.89,0.6,113.86,736.03,3,1
722.89,0.4,94.95,627.95,2,1
895.51,0.6,159.49,736.03,3,1
731.62,0.4,88.54,643.08,2,1
873.42,0.6,122.27,751.15,3,1
903.11,0.6,167.08,736.03,3,1
900.58,0.6,141.86,758.72,3,1
508.13,0.0,58.51,449.62,0,1
890.3,0.6,169.41,720.9,3,1
894.6,0.8,126.14,768.46,4,1
911.02,0.8,127.43,783.59,4,1
1284.99,1.2,285.24,999.74,6,1
996.72,0.6,253.14,743.59,3,1
609.95,0.2,74.95,535.0,1,1
858.57,0.6,122.54,736.03,3,1
682.66,0.2,109.84,572.82,1,1
741.73,0.4,98.65,643.08,2,1
785.64,0.4,142.57,643.08,2,1
600.62,0.2,65.62,535.0,1,1
649.58,0.2,84.32,565.26,1,1
656.29,0.4,73.73,582.56,2,1
877.88,0.4,219.68,658.21,2,1
1021.32,0.8,184.78,836.54,4,1
685.94,0.2,128.24,557.69,1,1
781.72,0.4,115.95,665.77,2,1
1134.2,1.0,219.84,914.36,5,1
836.02,0.4,177.81,658.21,2,1
726.0,0.2,183.43,542.56,1,1
735.56,0.4,137.86,597.69,2,1
1051.57,1.0,190.16,861.41,5,1
846.79,0.4,165.89,680.9,2,1
662.27,0.2,127.27,535.0,1,1
853.51,0.6,109.92,743.59,3,1
770.2,0.4,104.43,665.77,2,1
