"Total_Cost","Ratio_Reloc_Prod","Horiz_Cost","Vert_Cost","nReloc","non_Optimal"
225384.01,0.4453,32138.64,193245.22,668,250
1029.78,0.6667,92.73,937.05,4,1
962.08,0.3333,226.05,736.03,2,1
743.78,0.1667,93.14,650.64,1,1
657.93,0.0,77.54,580.38,0,1
1151.56,0.8333,212.32,939.23,5,1
933.31,0.5,134.59,798.72,3,1
1185.22,1.0,130.35,1054.87,6,1
813.69,0.1667,155.49,658.21,1,1
986.13,0.5,202.54,783.59,3,1
645.33,0.0,72.51,572.82,0,1
892.54,0.3333,164.08,728.46,2,1
656.39,0.0,91.14,565.26,0,1
1047.05,0.6667,170.51,876.54,4,1
663.72,0.0,98.46,565.26,0,1
696.64,0.1667,98.95,597.69,1,1
897.29,0.5,106.14,791.15,3,1
1115.73,0.8333,138.68,977.05,5,1
859.88,0.3333,154.11,705.77,2,1
966.77,0.6667,128.05,838.72,4,1
1034.36,0.6667,180.51,853.85,4,1
613.89,0.0,71.32,542.56,0,1
732.95,0.1667,97.43,635.51,1,1
722.7,0.1667,79.62,643.08,1,1
742.67,0.1667,92.03,650.64,1,1
748.16,0.3333,80.22,667.95,2,1
964.36,0.5,158.08,806.28,3,1
1172.17,0.8333,210.24,961.92,5,1
905.07,0.3333,138.78,766.28,2,1
829.2,0.3333,115.86,713.33,2,1
789.25,0.1667,115.92,673.33,1,1
567.49,0.0,47.62,519.87,0,1
831.2,0.1667,157.86,673.33,1,1
1171.9,0.8333,217.54,954.36,5,1
854.86,0.3333,118.84,736.03,2,1
1282.51,1.0,212.51,1070.0,6,1
749.14,0.1667,75.81,673.33,1,1
1265.83,1.0,180.7,1085.13,6,1
901.58,0.5,87.73,813.85,3,1
1003.32,0.6667,119.22,884.1,4,1
828.5,0.3333,115.16,713.33,2,1
1108.28,0.6667,201.49,906.79,4,1
1168.49,0.8333,199.0,969.49,5,1
802.43,0.3333,66.41,736.03,2,1
550.42,0.0,38.11,512.31,0,1
1059.74,0.6667,160.51,899.23,4,1
907.77,0.3333,141.49,766.28,2,1
904.71,0.5,98.43,806.28,3,1
806.44,0.3333,85.54,720.9,2,1
787.11,0.1667,151.59,635.51,1,1
1234.47,1.1667,147.16,1087.31,7,1
949.77,0.5,143.49,806.28,3,1
909.6,0.5,95.76,813.85,3,1
677.97,0.1667,87.84,590.13,1,1
773.73,0.3333,90.65,683.08,2,1
791.87,0.3333,78.54,713.33,2,1
762.66,0.1667,89.32,673.33,1,1
878.98,0.3333,158.08,720.9,2,1
762.76,0.1667,142.38,620.38,1,1
747.24,0.1667,104.16,643.08,1,1
917.23,0.5,110.95,806.28,3,1
691.66,0.1667,78.84,612.82,1,1
622.9,0.0,95.46,527.44,0,1
1079.3,0.6667,210.32,868.97,4,1
1233.26,1.1667,161.08,1072.18,7,1
855.64,0.3333,112.05,743.59,2,1
956.05,0.3333,212.46,743.59,2,1
884.57,0.5,108.54,776.03,3,1
1064.52,0.6667,150.16,914.36,4,1
813.14,0.3333,92.24,720.9,2,1
1047.69,0.6667,148.46,899.23,4,1
1269.93,1.3333,135.05,1134.87,8,1
1199.84,0.8333,230.35,969.49,5,1
640.78,0.0,90.65,550.13,0,1
883.78,0.5,107.76,776.03,3,1
892.37,0.3333,148.78,743.59,2,1
1054.55,0.6667,147.76,906.79,4,1
1009.2,0.5,255.86,753.33,3,1
911.32,0.5,127.73,783.59,3,1
1196.22,0.8333,226.73,969.49,5,1
848.17,0.3333,127.27,720.9,2,1
677.67,0.1667,87.54,590.13,1,1
847.7,0.3333,119.24,728.46,2,1
894.75,0.5,111.16,783.59,3,1
1142.5,1.0,155.7,986.79,6,1
881.08,0.5,112.62,768.46,3,1
984.72,0.5,133.05,851.67,3,1
881.94,0.5,98.35,783.59,3,1
964.95,0.5,151.11,813.85,3,1
616.7,0.0,74.14,542.56,0,1
532.18,0.0,35.0,497.18,0,1
571.09,0.0,51.22,519.87,0,1
1125.11,0.8333,163.19,961.92,5,1
716.71,0.1667,96.32,620.38,1,1
934.6,0.5,120.76,813.85,3,1
1164.13,1.0,147.08,1017.05,6,1
1597.82,1.5,377.57,1220.26,9,1
1237.35,1.0,159.78,1077.56,6,1
1164.26,1.0,132.08,1032.18,6,1
823.68,0.3333,95.22,728.46,2,1
795.37,0.3333,104.73,690.64,2,1
841.81,0.5,58.22,783.59,3,1
612.89,0.0,70.32,542.56,0,1
1089.26,0.6667,190.03,899.23,4,1
1129.52,0.8333,182.73,946.79,5,1
943.42,0.5,144.7,798.72,3,1
1459.15,1.3333,278.89,1180.26,8,1
876.3,0.3333,140.27,736.03,2,1
878.23,0.3333,127.08,751.15,2,1
1274.7,1.0,257.65,1017.05,6,1
1005.22,0.5,183.81,821.41,3,1
971.58,0.3333,197.73,773.85,2,1
962.4,0.5,125.86,836.54,3,1
861.13,0.3333,117.54,743.59,2,1
943.45,0.5,159.86,783.59,3,1
860.34,0.3333,101.62,758.72,2,1
980.58,0.5,174.3,806.28,3,1
642.37,0.0,92.24,550.13,0,1
1103.36,0.8333,149.0,954.36,5,1
785.88,0.3333,95.24,690.64,2,1
930.36,0.6667,76.51,853.85,4,1
606.46,0.0,79.03,527.44,0,1
824.07,0.3333,125.86,698.21,2,1
1194.33,1.0,139.46,1054.87,6,1
1231.84,1.0,169.41,1062.44,6,1
731.73,0.1667,88.65,643.08,1,1
1073.15,0.8333,126.35,946.79,5,1
752.12,0.1667,139.3,612.82,1,1
830.18,0.3333,131.97,698.21,2,1
822.68,0.3333,94.22,728.46,2,1
836.58,0.5,83.24,753.33,3,1
820.24,0.1667,169.59,650.64,1,1
1090.86,0.6667,214.32,876.54,4,1
1046.19,0.6667,177.22,868.97,4,1
1085.12,0.6667,185.89,899.23,4,1
953.19,0.5,124.22,828.97,3,1
842.82,0.3333,121.92,720.9,2,1
974.19,0.5,137.65,836.54,3,1
853.49,0.3333,117.46,736.03,2,1
1044.28,0.6667,145.05,899.23,4,1
944.28,0.5,122.86,821.41,3,1
773.44,0.1667,145.49,627.95,1,1
817.55,0.3333,96.65,720.9,2,1
584.6,0.0,64.73,519.87,0,1
1117.03,0.6667,195.11,921.92,4,1
987.65,0.5,158.68,828.97,3,1
601.71,0.0,81.84,519.87,0,1
987.62,0.6667,118.65,868.97,4,1
624.8,0.0,67.11,557.69,0,1
978.72,0.6667,140.0,838.72,4,1
1027.58,0.5,228.86,798.72,3,1
1118.35,0.6667,234.24,884.1,4,1
907.4,0.5,116.24,791.15,3,1
834.76,0.3333,98.73,736.03,2,1
804.52,0.3333,83.62,720.9,2,1
1238.06,1.0,183.19,1054.87,6,1
1217.4,0.8333,225.22,992.18,5,1
852.43,0.3333,108.84,743.59,2,1
649.92,0.0,107.35,542.56,0,1
796.55,0.3333,83.22,713.33,2,1
775.3,0.3333,54.41,720.9,2,1
668.5,0.0,103.24,565.26,0,1
904.08,0.3333,160.49,743.59,2,1
943.35,0.6667,66.81,876.54,4,1
846.57,0.3333,125.68,720.9,2,1
942.38,0.5,120.97,821.41,3,1
783.12,0.1667,117.35,665.77,1,1
998.0,0.6667,121.46,876.54,4,1
1005.86,0.6667,121.76,884.1,4,1
714.62,0.1667,79.11,635.51,1,1
1117.63,0.8333,110.32,1007.31,5,1
788.68,0.1667,115.35,673.33,1,1
963.45,0.5,172.3,791.15,3,1
707.49,0.1667,87.11,620.38,1,1
697.93,0.1667,77.54,620.38,1,1
969.03,0.5,140.05,828.97,3,1
927.6,0.5,98.62,828.97,3,1
1188.26,1.0,156.08,1032.18,6,1
948.98,0.6667,95.14,853.85,4,1
1025.86,0.5,174.19,851.67,3,1
754.1,0.1667,103.46,650.64,1,1
650.43,0.0,107.86,542.56,0,1
860.13,0.3333,116.54,743.59,2,1
550.45,0.0,45.7,504.74,0,1
1232.85,1.0,193.11,1039.74,6,1
623.08,0.0,95.65,527.44,0,1
1167.73,1.0,97.73,1070.0,6,1
1189.24,0.8333,204.62,984.62,5,1
925.2,0.3333,166.49,758.72,2,1
866.69,0.3333,115.54,751.15,2,1
921.01,0.3333,147.16,773.85,2,1
877.44,0.3333,164.11,713.33,2,1
956.36,0.6667,94.95,861.41,4,1
822.68,0.3333,109.35,713.33,2,1
1053.26,0.6667,161.59,891.67,4,1
810.7,0.1667,167.62,643.08,1,1
619.86,0.0,69.73,550.13,0,1
629.8,0.0,72.11,557.69,0,1
531.13,0.0,41.51,489.62,0,1
1180.44,1.0,178.51,1001.92,6,1
873.36,0.5,112.46,760.9,3,1
891.39,0.3333,132.68,758.72,2,1
774.16,0.1667,131.08,643.08,1,1
757.34,0.1667,99.14,658.21,1,1
1190.99,1.0,166.38,1024.62,6,1
608.73,0.0,73.73,535.0,0,1
839.0,0.3333,110.54,728.46,2,1
912.86,0.5,129.27,783.59,3,1
821.39,0.3333,108.05,713.33,2,1
838.86,0.3333,102.84,736.03,2,1
815.05,0.1667,164.41,650.64,1,1
778.51,0.1667,127.86,650.64,1,1
741.07,0.1667,90.43,650.64,1,1
598.65,0.0,71.22,527.44,0,1
1148.14,1.0,153.78,994.36,6,1
1170.58,0.6667,263.78,906.79,4,1
970.83,0.5,126.73,844.1,3,1
1141.55,0.8333,187.19,954.36,5,1
608.22,0.0,73.22,535.0,0,1
755.04,0.1667,96.84,658.21,1,1
570.54,0.0,43.11,527.44,0,1
640.81,0.0,98.24,542.56,0,1
1083.69,0.6667,184.46,899.23,4,1
846.53,0.3333,87.81,758.72,2,1
1111.98,1.0,110.05,1001.92,6,1
614.67,0.1667,32.11,582.56,1,1
976.97,0.6667,100.43,876.54,4,1
1073.07,0.6667,181.41,891.67,4,1
924.88,0.5,126.16,798.72,3,1
782.95,0.3333,69.62,713.33,2,1
757.23,0.3333,59.03,698.21,2,1
729.14,0.1667,108.76,620.38,1,1
1043.06,0.8333,134.08,908.97,5,1
877.54,0.5,93.95,783.59,3,1
795.69,0.3333,89.92,705.77,2,1
694.13,0.1667,58.62,635.51,1,1
1237.71,0.8333,275.78,961.92,5,1
809.17,0.3333,95.84,713.33,2,1
955.9,0.5,142.05,813.85,3,1
829.61,0.5,83.84,745.77,3,1
802.17,0.1667,128.84,673.33,1,1
1177.6,1.0,122.73,1054.87,6,1
962.24,0.5,133.27,828.97,3,1
781.01,0.1667,115.24,665.77,1,1
1016.13,0.6667,132.03,884.1,4,1
949.15,0.5,142.86,806.28,3,1
866.15,0.3333,107.43,758.72,2,1
1001.64,0.6667,117.54,884.1,4,1
758.0,0.1667,175.43,582.56,1,1
893.99,0.3333,135.27,758.72,2,1
989.03,0.6667,120.05,868.97,4,1
