"Total_Cost","Ratio_Reloc_Prod","Horiz_Cost","Vert_Cost","nReloc","non_Optimal"
222461.44,0.4133,32845.67,189615.73,620,250
1033.78,0.6667,96.73,937.05,4,1
959.08,0.3333,223.05,736.03,2,1
743.78,0.1667,93.14,650.64,1,1
657.93,0.0,77.54,580.38,0,1
1151.56,0.8333,212.32,939.23,5,1
942.42,0.5,143.7,798.72,3,1
1201.44,1.0,146.57,1054.87,6,1
813.69,0.1667,155.49,658.21,1,1
986.13,0.5,202.54,783.59,3,1
643.74,0.0,70.92,572.82,0,1
892.54,0.3333,164.08,728.46,2,1
656.39,0.0,91.14,565.26,0,1
1066.91,0.6667,182.81,884.1,4,1
651.85,0.0,94.16,557.69,0,1
708.91,0.1667,103.65,605.26,1,1
909.29,0.5,118.14,791.15,3,1
1105.02,0.8333,127.97,977.05,5,1
864.47,0.3333,158.7,705.77,2,1
966.77,0.6667,128.05,838.72,4,1
1034.36,0.6667,180.51,853.85,4,1
612.59,0.0,70.03,542.56,0,1
732.95,0.1667,97.43,635.51,1,1
722.7,0.1667,79.62,643.08,1,1
739.67,0.1667,89.03,650.64,1,1
738.6,0.3333,78.22,660.38,2,1
954.26,0.5,147.97,806.28,3,1
1174.17,0.8333,212.24,961.92,5,1
941.25,0.3333,167.41,773.85,2,1
774.5,0.3333,68.73,705.77,2,1
796.74,0.1667,115.84,680.9,1,1
557.71,0.0,45.41,512.31,0,1
805.66,0.1667,147.46,658.21,1,1
1211.89,0.8333,234.84,977.05,5,1
828.74,0.3333,107.84,720.9,2,1
1303.95,1.0,233.95,1070.0,6,1
735.47,0.1667,69.7,665.77,1,1
1095.05,0.6667,158.0,937.05,4,1
901.58,0.5,87.73,813.85,3,1
1007.93,0.6667,108.7,899.23,4,1
929.32,0.5,138.16,791.15,3,1
1081.12,0.6667,181.89,899.23,4,1
1163.08,0.8333,193.59,969.49,5,1
802.43,0.3333,66.41,736.03,2,1
630.13,0.1667,40.0,590.13,1,1
1071.01,0.6667,164.22,906.79,4,1
907.77,0.3333,141.49,766.28,2,1
904.71,0.5,98.43,806.28,3,1
728.48,0.1667,77.84,650.64,1,1
808.48,0.1667,165.41,643.08,1,1
841.5,0.3333,143.3,698.21,2,1
1016.79,0.5,202.95,813.85,3,1
909.6,0.5,95.76,813.85,3,1
702.8,0.1667,97.54,605.26,1,1
743.89,0.3333,60.81,683.08,2,1
806.68,0.3333,93.35,713.33,2,1
736.53,0.1667,78.32,658.21,1,1
925.77,0.5,127.05,798.72,3,1
767.52,0.1667,139.57,627.95,1,1
817.93,0.3333,112.16,705.77,2,1
917.23,0.5,110.95,806.28,3,1
767.4,0.1667,116.76,650.64,1,1
631.66,0.0,111.78,519.87,0,1
1052.17,0.6667,198.32,853.85,4,1
1092.47,0.8333,145.68,946.79,5,1
823.11,0.3333,94.65,728.46,2,1
996.64,0.3333,245.49,751.15,2,1
790.85,0.3333,92.65,698.21,2,1
1148.97,0.8333,164.35,984.62,5,1
818.33,0.3333,97.43,720.9,2,1
1080.46,0.6667,203.92,876.54,4,1
1272.06,1.3333,144.76,1127.31,8,1
1108.79,0.6667,247.38,861.41,4,1
708.98,0.1667,81.03,627.95,1,1
1032.57,0.6667,163.59,868.97,4,1
879.51,0.3333,143.49,736.03,2,1
1138.5,0.8333,138.76,999.74,5,1
914.91,0.3333,231.84,683.08,2,1
923.59,0.5,132.43,791.15,3,1
979.4,0.3333,228.24,751.15,2,1
771.86,0.3333,96.35,675.51,2,1
669.45,0.1667,79.32,590.13,1,1
867.52,0.3333,139.05,728.46,2,1
862.65,0.5,101.76,760.9,3,1
1106.9,0.8333,160.11,946.79,5,1
879.19,0.5,110.73,768.46,3,1
899.74,0.3333,133.46,766.28,2,1
636.43,0.0,93.86,542.56,0,1
751.99,0.3333,46.22,705.77,2,1
722.08,0.1667,94.14,627.95,1,1
521.02,0.0,31.41,489.62,0,1
566.57,0.0,46.7,519.87,0,1
1030.48,0.6667,146.38,884.1,4,1
654.7,0.0,112.14,542.56,0,1
1025.89,0.6667,141.78,884.1,4,1
949.58,0.6667,110.86,838.72,4,1
1599.44,1.5,364.05,1235.38,9,1
1217.97,1.0,147.97,1070.0,6,1
1150.29,1.0,125.68,1024.62,6,1
617.05,0.0,66.92,550.13,0,1
648.7,0.0,106.14,542.56,0,1
772.95,0.3333,59.62,713.33,2,1
612.89,0.0,70.32,542.56,0,1
1277.23,1.0,229.92,1047.31,6,1
1089.01,0.6667,182.22,906.79,4,1
961.99,0.6667,123.27,838.72,4,1
1387.16,1.1667,269.59,1117.56,7,1
1059.1,0.6667,159.86,899.23,4,1
898.8,0.3333,140.08,758.72,2,1
1314.41,1.1667,219.54,1094.87,7,1
782.59,0.1667,147.08,635.51,1,1
1157.94,0.6667,213.32,944.62,4,1
975.89,0.5,139.35,836.54,3,1
836.38,0.3333,100.35,736.03,2,1
684.62,0.1667,102.05,582.56,1,1
968.28,0.5,146.86,821.41,3,1
1260.26,1.1667,188.08,1072.18,7,1
1009.23,0.6667,102.43,906.79,4,1
1015.53,0.6667,123.86,891.67,4,1
640.57,0.0,105.57,535.0,0,1
863.37,0.5,72.22,791.15,3,1
603.76,0.0,76.32,527.44,0,1
1028.32,0.6667,151.78,876.54,4,1
1057.58,0.8333,118.35,939.23,5,1
968.95,0.5,139.97,828.97,3,1
753.19,0.1667,117.68,635.51,1,1
931.79,0.5,117.95,813.85,3,1
743.15,0.1667,137.89,605.26,1,1
878.66,0.3333,165.32,713.33,2,1
724.1,0.1667,81.03,643.08,1,1
894.07,0.6667,62.92,831.15,4,1
791.11,0.1667,155.59,635.51,1,1
1172.96,0.8333,233.73,939.23,5,1
978.71,0.5,157.3,821.41,3,1
938.98,0.3333,225.65,713.33,2,1
1197.79,1.0,142.92,1054.87,6,1
1094.52,0.8333,147.73,946.79,5,1
933.74,0.5,127.46,806.28,3,1
817.14,0.3333,96.24,720.9,2,1
929.6,0.5,115.76,813.85,3,1
878.59,0.5,87.43,791.15,3,1
881.95,0.3333,153.49,728.46,2,1
957.25,0.6667,95.84,861.41,4,1
559.77,0.0,55.03,504.74,0,1
1003.48,0.5,159.38,844.1,3,1
907.99,0.3333,149.27,758.72,2,1
662.53,0.0,104.84,557.69,0,1
902.42,0.5,96.14,806.28,3,1
780.62,0.3333,97.54,683.08,2,1
898.62,0.3333,162.59,736.03,2,1
1023.58,0.5,224.86,798.72,3,1
893.48,0.3333,202.84,690.64,2,1
831.62,0.3333,88.03,743.59,2,1
739.83,0.1667,81.62,658.21,1,1
903.96,0.5,105.24,798.72,3,1
1192.98,1.0,145.68,1047.31,6,1
1126.65,0.6667,204.73,921.92,4,1
747.31,0.1667,81.54,665.77,1,1
799.34,0.1667,148.7,650.64,1,1
818.79,0.1667,145.46,673.33,1,1
726.46,0.1667,98.51,627.95,1,1
703.25,0.1667,90.43,612.82,1,1
909.53,0.3333,158.38,751.15,2,1
699.06,0.1667,71.11,627.95,1,1
849.87,0.3333,128.97,720.9,2,1
1028.73,0.5,207.32,821.41,3,1
745.83,0.1667,102.76,643.08,1,1
830.28,0.3333,116.95,713.33,2,1
1052.71,0.6667,138.35,914.36,4,1
592.56,0.0,50.0,542.56,0,1
1037.91,0.5,193.81,844.1,3,1
867.59,0.3333,131.57,736.03,2,1
856.82,0.3333,143.49,713.33,2,1
662.88,0.0,112.76,550.13,0,1
751.76,0.1667,131.38,620.38,1,1
926.75,0.3333,175.59,751.15,2,1
903.12,0.5,96.84,806.28,3,1
1277.94,1.1667,160.38,1117.56,7,1
631.42,0.0,73.73,557.69,0,1
1100.22,0.6667,178.3,921.92,4,1
815.39,0.3333,102.05,713.33,2,1
645.35,0.0,110.35,535.0,0,1
894.55,0.3333,181.22,713.33,2,1
569.82,0.0,57.51,512.31,0,1
1001.77,0.5,187.92,813.85,3,1
1035.23,0.6667,143.57,891.67,4,1
1313.8,1.1667,181.11,1132.69,7,1
1249.44,1.0,202.14,1047.31,6,1
828.57,0.1667,147.68,680.9,1,1
835.09,0.3333,121.76,713.33,2,1
774.83,0.1667,131.76,643.08,1,1
1030.48,0.6667,146.38,884.1,4,1
936.65,0.5,115.24,821.41,3,1
825.14,0.3333,104.24,720.9,2,1
907.82,0.3333,133.97,773.85,2,1
919.1,0.3333,175.51,743.59,2,1
788.53,0.1667,122.76,665.77,1,1
769.12,0.3333,70.92,698.21,2,1
584.06,0.0,56.62,527.44,0,1
1081.45,0.6667,182.22,899.23,4,1
849.52,0.3333,121.05,728.46,2,1
687.33,0.0,106.95,580.38,0,1
750.69,0.1667,84.92,665.77,1,1
757.35,0.3333,81.84,675.51,2,1
887.41,0.3333,166.51,720.9,2,1
587.62,0.0,52.62,535.0,0,1
789.37,0.1667,131.16,658.21,1,1
821.79,0.3333,93.32,728.46,2,1
660.21,0.0,117.65,542.56,0,1
833.33,0.3333,112.43,720.9,2,1
899.06,0.3333,185.73,713.33,2,1
910.4,0.5,119.24,791.15,3,1
848.15,0.3333,89.43,758.72,2,1
643.02,0.0,85.32,557.69,0,1
1255.73,1.0,238.68,1017.05,6,1
1327.69,1.0,280.38,1047.31,6,1
618.02,0.0,60.32,557.69,0,1
743.23,0.1667,137.97,605.26,1,1
773.46,0.1667,130.38,643.08,1,1
948.17,0.5,126.76,821.41,3,1
707.38,0.1667,79.43,627.95,1,1
887.23,0.3333,136.08,751.15,2,1
1088.98,0.6667,182.19,906.79,4,1
892.13,0.3333,140.97,751.15,2,1
754.04,0.1667,95.84,658.21,1,1
629.24,0.1667,39.11,590.13,1,1
789.63,0.3333,68.73,720.9,2,1
1040.2,0.6667,140.97,899.23,4,1
1001.31,0.5,195.03,806.28,3,1
759.28,0.3333,53.51,705.77,2,1
743.83,0.3333,45.62,698.21,2,1
1051.05,0.6667,159.38,891.67,4,1
645.33,0.0,117.89,527.44,0,1
770.49,0.1667,134.97,635.51,1,1
613.22,0.0,78.22,535.0,0,1
874.32,0.5,90.73,783.59,3,1
1237.46,1.0,235.54,1001.92,6,1
811.82,0.1667,138.49,673.33,1,1
940.51,0.3333,196.92,743.59,2,1
876.13,0.3333,124.97,751.15,2,1
1052.66,0.6667,145.86,906.79,4,1
1267.34,1.0,174.65,1092.69,6,1
970.5,0.5,171.78,798.72,3,1
709.62,0.1667,74.11,635.51,1,1
737.43,0.1667,94.35,643.08,1,1
821.01,0.3333,115.24,705.77,2,1
900.06,0.3333,171.59,728.46,2,1
1047.36,0.6667,140.57,906.79,4,1
782.36,0.1667,177.11,605.26,1,1
849.01,0.3333,135.68,713.33,2,1
992.89,0.6667,116.35,876.54,4,1
