"Total_Cost","Ratio_Reloc_Prod","Horiz_Cost","Vert_Cost","nReloc","non_Optimal"
248077.2,0.4573,53862.28,194214.85,686,220
549.25,0.0,76.95,472.31,0,0
844.23,0.6,85.51,758.72,3,1
876.08,0.6,140.05,736.03,3,1
716.63,0.2,136.24,580.38,1,0
710.12,0.4,104.86,605.26,2,1
894.97,0.6,158.95,736.03,3,1
680.97,0.2,138.41,542.56,1,1
714.56,0.2,172.0,542.56,1,1
612.72,0.0,163.11,449.62,0,1
864.91,0.6,113.76,751.15,3,1
1706.58,0.8,1028.89,677.69,4,1
854.82,0.6,141.49,713.33,3,1
622.69,0.2,57.43,565.26,1,0
628.41,0.2,100.97,527.44,1,1
897.62,0.6,161.59,736.03,3,1
802.65,0.6,66.62,736.03,3,0
1229.71,1.0,375.86,853.85,5,1
564.07,0.0,114.46,449.62,0,1
574.12,0.0,109.38,464.74,0,1
826.86,0.4,176.22,650.64,2,1
556.8,0.0,92.05,464.74,0,0
714.1,0.2,156.41,557.69,1,1
718.63,0.4,151.19,567.44,2,0
1038.69,1.0,147.03,891.67,5,1
1213.67,1.0,382.51,831.15,5,1
952.47,0.8,146.19,806.28,4,1
793.03,0.6,125.08,667.95,3,1
951.77,0.8,137.92,813.85,4,1
554.15,0.0,81.84,472.31,0,1
651.99,0.2,86.73,565.26,1,1
559.28,0.0,94.54,464.74,0,1
1029.05,0.6,293.03,736.03,3,1
1247.73,1.2,331.19,916.54,6,1
766.78,0.4,131.27,635.51,2,1
786.58,0.4,113.24,673.33,2,1
722.33,0.4,101.95,620.38,2,1
649.07,0.2,83.81,565.26,1,1
763.11,0.4,135.16,627.95,2,0
905.48,0.6,161.89,743.59,3,1
603.6,0.2,83.73,519.87,1,1
1365.65,1.0,564.76,800.9,5,1
739.11,0.2,158.73,580.38,1,0
528.21,0.0,71.03,457.18,0,0
544.58,0.0,79.84,464.74,0,1
1163.87,1.2,209.51,954.36,6,1
523.88,0.0,66.7,457.18,0,0
742.84,0.4,107.32,635.51,2,1
953.32,0.8,162.16,791.15,4,1
634.94,0.2,77.24,557.69,1,0
591.78,0.0,157.3,434.49,0,0
687.27,0.4,112.27,575.0,2,1
688.44,0.4,75.62,612.82,2,0
891.53,0.8,145.76,745.77,4,1
904.81,0.6,168.78,736.03,3,0
905.24,0.8,121.65,783.59,4,1
849.57,0.4,221.62,627.95,2,1
783.46,0.4,155.51,627.95,2,1
1358.94,0.6,668.3,690.64,3,1
565.27,0.0,77.84,487.44,0,0
677.15,0.2,119.46,557.69,1,0
488.16,0.0,46.11,442.05,0,0
903.52,0.8,135.05,768.46,4,1
729.51,0.4,94.0,635.51,2,1
989.32,0.6,245.73,743.59,3,0
738.71,0.4,110.76,627.95,2,1
752.69,0.4,155.0,597.69,2,1
1114.42,0.6,461.59,652.82,3,1
1053.58,0.8,247.3,806.28,4,0
753.97,0.4,103.32,650.64,2,0
478.49,0.0,44.0,434.49,0,0
673.53,0.4,83.41,590.13,2,1
701.33,0.4,80.95,620.38,2,1
525.51,0.2,51.03,474.49,1,0
1974.21,1.2,1118.19,856.03,6,1
861.76,0.6,125.73,736.03,3,1
587.81,0.0,153.32,434.49,0,1
702.12,0.2,136.86,565.26,1,0
936.51,0.8,145.35,791.15,4,1
700.01,0.2,134.76,565.26,1,1
1511.73,1.4,502.24,1009.49,7,1
794.05,0.4,150.97,643.08,2,0
492.7,0.0,58.22,434.49,0,0
718.33,0.4,97.95,620.38,2,1
732.85,0.4,120.03,612.82,2,1
800.46,0.4,157.38,643.08,2,1
1110.09,1.0,203.3,906.79,5,1
859.59,0.4,208.95,650.64,2,0
792.66,0.6,79.32,713.33,3,1
662.78,0.2,112.65,550.13,1,1
641.58,0.2,76.32,565.26,1,1
716.82,0.4,96.43,620.38,2,1
759.27,0.4,123.76,635.51,2,1
765.12,0.6,66.92,698.21,3,1
970.55,0.8,164.27,806.28,4,1
1587.95,0.8,827.05,760.9,4,1
707.3,0.2,126.92,580.38,1,0
1011.56,0.6,313.35,698.21,3,1
934.36,0.8,188.59,745.77,4,1
529.47,0.0,64.73,464.74,0,1
645.72,0.2,88.03,557.69,1,0
804.48,0.4,161.41,643.08,2,0
824.85,0.6,119.08,705.77,3,1
798.45,0.4,140.24,658.21,2,1
786.07,0.4,127.86,658.21,2,1
662.94,0.2,105.24,557.69,1,1
675.64,0.2,117.95,557.69,1,1
820.98,0.6,107.65,713.33,3,1
581.61,0.0,116.86,464.74,0,0
714.18,0.6,68.92,645.26,3,1
831.1,0.6,140.46,690.64,3,1
1534.04,1.6,507.24,1026.79,8,1
836.92,0.6,161.41,675.51,3,1
725.82,0.4,105.43,620.38,2,1
836.19,0.6,160.68,675.51,3,1
685.17,0.0,212.86,472.31,0,0
677.15,0.2,119.46,557.69,1,1
1284.25,0.6,631.43,652.82,3,1
618.29,0.0,161.11,457.18,0,1
1030.96,1.0,184.68,846.28,5,1
502.54,0.0,75.62,426.92,0,1
638.79,0.2,111.35,527.44,1,0
725.78,0.4,82.7,643.08,2,0
564.89,0.0,115.27,449.62,0,0
988.75,0.8,197.59,791.15,4,1
756.91,0.4,113.84,643.08,2,1
1136.63,1.0,229.84,906.79,5,1
984.36,0.8,178.08,806.28,4,1
894.89,0.6,158.86,736.03,3,1
975.84,0.6,315.46,660.38,3,1
813.76,0.4,185.81,627.95,2,1
948.74,0.6,242.97,705.77,3,1
765.74,0.6,105.35,660.38,3,1
776.52,0.6,108.57,667.95,3,1
957.07,1.0,118.35,838.72,5,1
672.75,0.2,115.05,557.69,1,0
990.52,0.8,169.11,821.41,4,1
511.99,0.0,54.81,457.18,0,0
893.35,1.0,77.32,816.03,5,1
1020.96,1.0,174.68,846.28,5,1
660.09,0.2,94.84,565.26,1,0
682.86,0.4,92.73,590.13,2,1
576.81,0.2,41.81,535.0,1,1
638.08,0.4,55.51,582.56,2,1
663.13,0.2,120.57,542.56,1,0
838.68,0.6,125.35,713.33,3,1
664.88,0.2,99.62,565.26,1,0
648.96,0.2,91.27,557.69,1,1
1008.23,0.8,254.89,753.33,4,1
787.66,0.4,114.32,673.33,2,1
662.29,0.2,112.16,550.13,1,1
748.42,0.4,143.16,605.26,2,1
540.66,0.0,75.92,464.74,0,1
1088.1,1.0,204.0,884.1,5,1
611.01,0.0,138.7,472.31,0,1
669.79,0.4,49.41,620.38,2,1
1126.28,0.4,566.41,559.87,2,1
719.07,0.4,68.43,650.64,2,1
790.98,0.2,218.16,572.82,1,1
645.94,0.2,88.24,557.69,1,0
682.07,0.2,131.95,550.13,1,0
945.45,0.8,154.3,791.15,4,1
644.07,0.2,78.81,565.26,1,1
669.37,0.2,119.24,550.13,1,1
854.86,0.6,118.84,736.03,3,1
799.68,0.4,179.3,620.38,2,0
858.75,0.6,168.11,690.64,3,1
618.31,0.2,60.62,557.69,1,0
588.37,0.0,131.19,457.18,0,1
659.92,0.2,117.35,542.56,1,0
1804.8,1.0,1026.59,778.21,5,1
591.47,0.0,119.16,472.31,0,1
876.21,0.6,178.0,698.21,3,1
990.02,0.8,191.3,798.72,4,1
692.31,0.2,127.05,565.26,1,1
1226.29,1.0,387.57,838.72,5,1
622.31,0.2,64.62,557.69,1,1
664.72,0.2,99.46,565.26,1,0
531.4,0.0,89.35,442.05,0,0
1597.27,1.2,741.24,856.03,6,1
926.08,0.6,197.62,728.46,3,1
667.07,0.2,116.95,550.13,1,1
859.57,0.6,138.68,720.9,3,0
618.52,0.2,98.65,519.87,1,0
871.89,0.6,188.81,683.08,3,1
1156.82,1.2,210.03,946.79,6,1
791.73,0.6,116.22,675.51,3,1
585.18,0.0,120.43,464.74,0,1
812.17,0.6,98.84,713.33,3,1
689.64,0.4,91.95,597.69,2,1
1335.45,0.8,604.81,730.64,4,1
777.81,0.6,94.73,683.08,3,1
811.68,0.4,138.35,673.33,2,1
894.55,0.8,148.78,745.77,4,1
793.54,0.4,165.59,627.95,2,1
785.72,0.4,135.08,650.64,2,1
1391.44,0.8,698.62,692.82,4,1
1040.88,0.8,242.16,798.72,4,1
737.95,0.4,102.43,635.51,2,0
566.11,0.2,31.11,535.0,1,1
771.65,0.4,151.27,620.38,2,1
877.16,0.6,133.57,743.59,3,0
765.78,0.4,115.14,650.64,2,1
731.62,0.2,143.68,587.95,1,0
617.98,0.2,90.54,527.44,1,0
1426.19,0.8,710.68,715.51,4,1
997.31,1.0,158.59,838.72,5,1
1234.85,1.2,280.49,954.36,6,1
641.73,0.2,99.16,542.56,1,0
1291.76,0.4,663.81,627.95,2,1
754.13,0.4,118.62,635.51,2,1
1528.09,1.2,566.16,961.92,6,1
699.28,0.2,126.46,572.82,1,1
654.58,0.2,81.76,572.82,1,0
473.75,0.0,31.7,442.05,0,0
628.31,0.2,70.62,557.69,1,0
759.34,0.4,101.14,658.21,2,0
761.85,0.4,103.65,658.21,2,1
653.71,0.2,73.32,580.38,1,0
524.32,0.0,74.7,449.62,0,0
1180.58,0.6,535.32,645.26,3,1
1004.65,1.0,143.24,861.41,5,1
936.35,0.8,167.89,768.46,4,1
683.79,0.2,110.97,572.82,1,0
699.79,0.2,126.97,572.82,1,1
876.17,0.6,170.41,705.77,3,1
567.36,0.0,95.05,472.31,0,0
814.13,0.6,131.05,683.08,3,1
562.58,0.0,97.84,464.74,0,1
1045.39,1.0,199.11,846.28,5,1
1398.42,0.6,745.59,652.82,3,1
739.23,0.2,166.41,572.82,1,1
859.39,0.6,146.05,713.33,3,0
743.38,0.4,107.86,635.51,2,1
607.87,0.2,80.43,527.44,1,1
638.26,0.2,88.14,550.13,1,1
780.14,0.6,66.81,713.33,3,1
686.35,0.2,143.78,542.56,1,0
930.19,0.8,169.3,760.9,4,1
517.07,0.0,52.32,464.74,0,1
617.88,0.4,73.14,544.74,2,1
1079.3,1.2,177.89,901.41,6,1
556.99,0.0,92.24,464.74,0,1
1182.41,1.0,268.05,914.36,5,1
1119.56,0.8,320.84,798.72,4,1
946.86,0.6,195.7,751.15,3,1
807.59,0.6,116.95,690.64,3,1
899.94,0.8,116.35,783.59,4,1
1403.01,0.8,642.11,760.9,4,1
1395.97,0.8,680.46,715.51,4,1
586.41,0.0,98.97,487.44,0,1
1894.01,1.4,914.78,979.23,7,1
879.63,0.6,113.35,766.28,3,1
1061.33,1.0,199.92,861.41,5,1
648.88,0.2,98.76,550.13,1,1
916.39,0.6,210.62,705.77,3,1
609.1,0.0,151.92,457.18,0,1
787.42,0.4,189.73,597.69,2,1
580.3,0.0,100.43,479.87,0,0
1027.49,0.8,266.59,760.9,4,1
734.16,0.4,98.65,635.51,2,1
1428.39,1.4,441.59,986.79,7,1
544.63,0.0,72.32,472.31,0,0
761.69,0.4,95.92,665.77,2,0
653.32,0.2,110.76,542.56,1,1
452.06,0.0,32.7,419.36,0,0
999.16,0.8,170.19,828.97,4,1
730.6,0.4,102.65,627.95,2,1
900.33,0.6,187.0,713.33,3,1
925.16,0.6,189.14,736.03,3,1
634.14,0.2,61.32,572.82,1,0
743.48,0.4,92.84,650.64,2,1
1020.08,0.8,175.97,844.1,4,1
770.01,0.4,104.24,665.77,2,0
565.93,0.0,93.62,472.31,0,0
540.77,0.0,76.03,464.74,0,0
723.31,0.4,118.05,605.26,2,1
1031.24,0.8,194.7,836.54,4,1
1223.83,1.0,324.59,899.23,5,1
896.85,0.4,231.08,665.77,2,1
681.55,0.2,108.73,572.82,1,0
758.78,0.4,108.14,650.64,2,1
617.24,0.2,67.11,550.13,1,1
553.33,0.0,81.03,472.31,0,0
661.77,0.2,104.08,557.69,1,0
464.7,0.0,30.22,434.49,0,1
1646.53,1.0,860.76,785.77,5,1
672.61,0.4,74.92,597.69,2,1
781.27,0.4,145.76,635.51,2,0
973.88,0.6,222.73,751.15,3,1
735.15,0.2,169.89,565.26,1,0
843.72,0.4,185.51,658.21,2,0
970.6,0.8,156.76,813.85,4,1
779.42,0.4,166.59,612.82,2,1
863.01,0.6,149.68,713.33,3,0
713.07,0.4,122.95,590.13,2,0
893.74,0.6,180.41,713.33,3,0
648.61,0.2,90.92,557.69,1,1
859.15,0.4,193.38,665.77,2,1
751.69,0.2,186.43,565.26,1,1
949.81,0.8,173.78,776.03,4,1
