"Total_Cost","Ratio_Reloc_Prod","Horiz_Cost","Vert_Cost","nReloc","non_Optimal"
260675.95,0.778,49656.66,211019.22,1167,113
495.3,0.0,75.95,419.36,0,0
617.37,0.4,72.62,544.74,2,0
603.72,0.2,98.97,504.74,1,0
608.47,0.4,63.73,544.74,2,0
653.96,0.2,149.22,504.74,1,0
447.93,0.0,43.7,404.23,0,0
707.9,0.6,108.03,599.87,3,1
887.26,0.8,202.0,685.26,4,0
608.47,0.2,149.11,459.36,1,0
839.76,0.6,224.76,615.0,3,1
1199.42,1.4,273.14,926.28,7,0
557.15,0.2,105.35,451.79,1,0
653.03,0.2,125.59,527.44,1,0
970.38,1.2,114.35,856.03,6,1
907.71,1.0,174.89,732.82,5,0
777.54,0.6,154.97,622.56,3,1
544.7,0.2,70.22,474.49,1,0
576.6,0.2,117.24,459.36,1,0
808.92,0.6,193.92,615.0,3,0
597.95,0.2,123.46,474.49,1,0
651.47,0.4,99.16,552.31,2,0
1377.82,1.8,303.46,1074.36,9,0
1266.85,1.6,308.14,958.72,8,1
581.04,0.2,68.73,512.31,1,0
535.25,0.2,68.32,466.92,1,0
893.84,0.8,185.89,707.95,4,1
644.4,0.2,154.78,489.62,1,0
868.73,0.8,160.78,707.95,4,0
687.75,0.4,150.57,537.18,2,0
917.91,0.8,187.27,730.64,4,1
905.02,1.0,141.95,763.08,5,0
1040.77,1.2,222.57,818.21,6,1
638.59,0.4,116.54,522.05,2,0
995.31,1.0,209.54,785.77,5,0
534.55,0.0,122.76,411.79,0,0
598.71,0.2,139.35,459.36,1,0
1369.39,1.8,295.03,1074.36,9,1
777.74,0.6,177.86,599.87,3,1
569.89,0.2,87.84,482.05,1,0
742.56,0.6,112.43,630.13,3,0
802.69,0.6,149.86,652.82,3,0
1204.09,1.6,222.68,981.41,8,0
717.19,0.4,195.14,522.05,2,0
635.89,0.4,106.27,529.62,2,0
646.39,0.2,134.08,512.31,1,0
845.81,0.6,223.24,622.56,3,1
806.34,0.6,161.08,645.26,3,0
796.59,0.6,166.46,630.13,3,1
526.55,0.0,114.76,411.79,0,0
606.19,0.2,139.27,466.92,1,0
713.27,0.6,105.84,607.44,3,0
847.92,0.8,139.97,707.95,4,1
916.8,1.0,146.16,770.64,5,0
563.47,0.0,144.11,419.36,0,1
1148.45,1.4,176.78,971.67,7,1
1257.4,1.6,253.3,1004.1,8,1
881.57,0.8,181.19,700.38,4,0
786.03,0.4,211.03,575.0,2,1
681.23,0.4,144.05,537.18,2,0
1243.05,1.6,238.95,1004.1,8,0
928.69,0.8,243.43,685.26,4,0
471.64,0.0,82.54,389.1,0,0
720.46,0.4,145.46,575.0,2,0
969.18,1.0,190.97,778.21,5,1
702.24,0.2,227.76,474.49,1,0
779.46,0.6,156.89,622.56,3,0
991.51,1.2,120.35,871.15,6,1
1132.67,1.4,236.65,896.03,7,0
980.66,0.8,295.41,685.26,4,0
545.22,0.0,125.86,419.36,0,0
1064.56,1.0,286.35,778.21,5,0
910.04,1.0,124.27,785.77,5,1
895.24,1.0,79.22,816.03,5,1
911.16,0.8,195.65,715.51,4,1
1319.77,1.8,252.97,1066.79,9,0
943.18,1.0,164.97,778.21,5,0
808.46,0.6,185.89,622.56,3,0
1308.72,1.8,204.11,1104.62,9,1
672.1,0.2,174.92,497.18,1,1
1022.18,1.0,251.54,770.64,5,0
826.11,0.8,118.16,707.95,4,1
1344.8,1.6,280.19,1064.62,8,1
432.62,0.0,43.51,389.1,0,0
1199.62,1.6,142.57,1057.05,8,1
747.3,0.6,86.92,660.38,3,1
701.27,0.4,126.27,575.0,2,1
1204.45,1.4,285.73,918.72,7,1
600.07,0.2,110.46,489.62,1,1
1040.56,1.2,176.97,863.59,6,0
1413.53,2.0,208.41,1205.13,10,0
1105.13,1.4,193.97,911.15,7,1
1189.55,0.6,468.65,720.9,3,1
580.48,0.2,98.43,482.05,1,0
962.25,0.8,261.86,700.38,4,0
511.33,0.0,76.84,434.49,0,0
981.65,1.0,173.19,808.46,5,1
1034.84,1.2,125.86,908.97,6,1
999.24,1.0,236.16,763.08,5,0
936.48,0.8,198.27,738.21,4,0
798.12,0.8,120.43,677.69,4,0
941.0,0.8,233.05,707.95,4,1
766.42,0.6,128.73,637.69,3,1
797.31,0.6,144.49,652.82,3,1
1232.42,1.6,213.19,1019.23,8,1
587.74,0.2,128.38,459.36,1,0
798.82,0.6,153.57,645.26,3,0
985.15,1.0,199.38,785.77,5,1
898.35,1.0,142.84,755.51,5,1
1116.09,1.4,174.68,941.41,7,0
1385.34,1.8,273.16,1112.18,9,1
758.44,0.6,158.57,599.87,3,0
692.8,0.4,163.19,529.62,2,0
873.22,0.8,165.27,707.95,4,1
686.88,0.4,134.57,552.31,2,0
789.86,0.6,167.3,622.56,3,0
699.36,0.4,147.05,552.31,2,0
627.11,0.2,145.05,482.05,1,0
910.62,1.0,147.54,763.08,5,1
932.42,1.0,146.65,785.77,5,0
584.79,0.2,117.86,466.92,1,0
799.24,0.6,176.68,622.56,3,0
716.91,0.4,179.73,537.18,2,1
1056.98,1.2,170.7,886.28,6,1
756.16,0.4,181.16,575.0,2,1
1421.78,1.6,425.24,996.54,8,0
676.14,0.4,101.14,575.0,2,1
491.01,0.0,79.22,411.79,0,0
1366.77,1.8,247.03,1119.74,9,1
851.71,0.8,158.89,692.82,4,0
635.12,0.4,82.81,552.31,2,0
694.24,0.4,111.68,582.56,2,0
804.01,0.8,103.62,700.38,4,0
736.91,0.6,91.65,645.26,3,0
482.23,0.0,70.43,411.79,0,0
855.38,0.8,139.86,715.51,4,0
1186.19,1.4,229.65,956.54,7,1
489.58,0.0,85.35,404.23,0,0
624.33,0.2,164.97,459.36,1,0
668.42,0.4,131.24,537.18,2,1
1418.39,2.0,258.65,1159.74,10,0
1022.81,1.2,166.78,856.03,6,0
751.76,0.6,136.76,615.0,3,1
457.34,0.0,53.11,404.23,0,0
1258.19,1.6,201.14,1057.05,8,1
1010.17,1.0,224.41,785.77,5,1
501.57,0.0,74.65,426.92,0,0
1059.32,1.2,188.16,871.15,6,1
812.68,0.8,104.73,707.95,4,0
851.96,0.6,199.14,652.82,3,1
708.43,0.4,125.86,582.56,2,1
757.26,0.6,119.57,637.69,3,1
1012.37,1.2,133.65,878.72,6,1
1092.74,1.2,214.03,878.72,6,0
803.79,0.8,95.84,707.95,4,1
1341.28,1.8,266.92,1074.36,9,1
830.28,0.8,137.46,692.82,4,0
792.56,0.6,170.0,622.56,3,1
1039.72,1.0,269.08,770.64,5,1
619.66,0.2,107.35,512.31,1,1
1029.31,1.2,135.46,893.85,6,0
692.51,0.4,109.95,582.56,2,1
573.24,0.2,83.62,489.62,1,0
782.82,0.6,122.43,660.38,3,1
1358.23,1.8,230.92,1127.31,9,0
837.91,0.8,152.65,685.26,4,0
1059.68,1.2,158.27,901.41,6,1
948.94,0.8,271.24,677.69,4,0
670.36,0.4,118.05,552.31,2,0
1211.66,1.6,184.86,1026.79,8,1
667.08,0.4,99.65,567.44,2,0
1130.85,1.2,305.08,825.77,6,0
596.57,0.2,122.08,474.49,1,0
1586.43,2.2,341.3,1245.13,11,0
977.92,0.8,269.97,707.95,4,0
1007.2,1.2,173.86,833.33,6,0
638.67,0.4,56.11,582.56,2,0
475.46,0.0,33.41,442.05,0,0
1374.12,0.8,635.92,738.21,4,1
976.05,1.0,212.97,763.08,5,0
579.71,0.2,112.78,466.92,1,0
824.14,0.8,123.76,700.38,4,0
976.15,1.0,205.51,770.64,5,0
787.04,0.4,189.35,597.69,2,1
745.14,0.6,84.76,660.38,3,1
1028.15,1.2,141.86,886.28,6,1
885.84,0.8,185.46,700.38,4,0
1284.96,1.8,172.78,1112.18,9,0
818.31,0.8,133.05,685.26,4,1
1024.75,1.2,153.59,871.15,6,1
1175.01,1.4,241.16,933.85,7,1
1304.17,1.6,262.24,1041.92,8,1
1152.02,1.4,233.3,918.72,7,0
1025.91,1.0,202.32,823.59,5,0
1007.95,1.0,214.62,793.33,5,0
547.13,0.0,158.03,389.1,0,0
966.98,1.0,219.03,747.95,5,0
705.38,0.4,130.38,575.0,2,1
805.02,0.6,174.89,630.13,3,0
1008.98,1.0,261.03,747.95,5,1
499.07,0.0,94.84,404.23,0,0
731.61,0.4,194.43,537.18,2,0
1322.51,1.6,265.46,1057.05,8,0
1101.78,1.2,230.62,871.15,6,0
1087.91,1.2,224.32,863.59,6,1
1042.21,1.2,178.62,863.59,6,0
699.76,0.4,124.76,575.0,2,0
853.57,0.8,153.19,700.38,4,0
1370.48,2.0,165.35,1205.13,10,0
956.77,1.0,118.05,838.72,5,1
656.6,0.4,96.73,559.87,2,1
1325.44,2.0,158.14,1167.31,10,0
1206.16,1.6,202.05,1004.1,8,0
474.49,0.0,40.0,434.49,0,0
1097.34,1.0,319.14,778.21,5,1
692.35,0.4,124.92,567.44,2,0
1156.9,1.2,316.0,840.9,6,1
518.12,0.0,106.32,411.79,0,0
931.07,1.0,160.43,770.64,5,0
841.98,0.8,149.16,692.82,4,0
996.52,1.2,95.11,901.41,6,1
842.13,0.8,119.05,723.08,4,1
903.66,0.8,157.89,745.77,4,0
1045.89,1.2,182.3,863.59,6,1
1095.19,1.4,138.65,956.54,7,0
1279.05,1.6,267.38,1011.67,8,1
1064.75,1.0,301.68,763.08,5,1
1180.56,1.4,261.84,918.72,7,0
794.56,0.6,172.0,622.56,3,0
1121.3,1.4,179.89,941.41,7,1
815.4,0.6,192.84,622.56,3,0
509.48,0.0,120.38,389.1,0,0
508.51,0.0,74.03,434.49,0,1
474.86,0.0,32.81,442.05,0,0
1172.76,1.2,324.3,848.46,6,1
725.72,0.6,88.03,637.69,3,0
958.02,1.2,94.43,863.59,6,1
1065.61,1.2,186.89,878.72,6,1
740.31,0.6,102.62,637.69,3,0
837.45,0.6,192.19,645.26,3,0
950.87,1.0,157.54,793.33,5,0
857.94,0.8,134.86,723.08,4,0
1138.01,1.4,143.65,994.36,7,1
1252.6,1.6,203.11,1049.49,8,1
896.09,0.8,195.7,700.38,4,0
507.37,0.0,118.27,389.1,0,0
532.71,0.0,120.92,411.79,0,0
701.31,0.4,156.57,544.74,2,0
1350.81,1.8,200.81,1150.0,9,1
735.29,0.6,112.73,622.56,3,0
654.67,0.4,64.54,590.13,2,0
1237.0,1.6,187.51,1049.49,8,1
728.85,0.4,176.54,552.31,2,0
511.08,0.0,121.97,389.1,0,0
1203.45,1.6,138.84,1064.62,8,0
1032.56,1.2,168.97,863.59,6,1
658.6,0.4,98.73,559.87,2,0
887.1,0.8,148.89,738.21,4,0
795.51,0.6,180.51,615.0,3,1
866.18,0.8,180.92,685.26,4,1
682.28,0.4,129.97,552.31,2,0
474.11,0.0,39.62,434.49,0,0
1071.68,1.2,170.27,901.41,6,0
1059.04,1.2,172.76,886.28,6,0
606.43,0.2,131.95,474.49,1,1
914.79,0.8,214.41,700.38,4,0
1097.83,1.2,219.11,878.72,6,1
634.85,0.2,175.49,459.36,1,0
784.12,0.6,138.86,645.26,3,1
1247.47,1.6,228.24,1019.23,8,0
833.02,0.6,202.89,630.13,3,1
1237.89,1.6,173.27,1064.62,8,1
1105.01,1.2,218.73,886.28,6,1
794.87,0.6,142.05,652.82,3,1
910.4,0.6,280.27,630.13,3,1
912.17,1.0,118.84,793.33,5,0
708.42,0.4,163.68,544.74,2,0
701.93,0.4,142.05,559.87,2,0
757.76,0.6,89.81,667.95,3,0
531.89,0.0,89.84,442.05,0,1
775.32,0.6,145.19,630.13,3,0
565.83,0.2,76.22,489.62,1,0
946.88,1.0,168.68,778.21,5,0
1129.59,1.4,165.49,964.1,7,1
866.83,0.8,143.76,723.08,4,1
762.35,0.6,86.84,675.51,3,1
726.1,0.4,135.97,590.13,2,0
460.05,0.0,70.95,389.1,0,0
682.09,0.4,137.35,544.74,2,0
1321.06,1.6,339.65,981.41,8,0
839.19,0.8,131.24,707.95,4,0
813.89,0.6,198.89,615.0,3,0
967.44,0.8,259.49,707.95,4,0
1348.76,1.8,266.84,1081.92,9,0
1104.29,1.4,200.7,903.59,7,0
589.2,0.2,84.46,504.74,1,0
764.07,0.6,126.38,637.69,3,0
852.34,0.6,222.22,630.13,3,0
759.62,0.6,137.05,622.56,3,0
638.13,0.4,48.0,590.13,2,0
759.24,0.6,83.73,675.51,3,1
