"Total_Cost","Ratio_Reloc_Prod","Horiz_Cost","Vert_Cost","nReloc","non_Optimal"
238485.98,0.4107,49809.35,188676.62,616,123
799.18,0.4,140.97,658.21,2,0
1095.03,1.0,180.68,914.36,5,0
838.42,0.6,79.7,758.72,3,0
687.52,0.2,107.14,580.38,1,0
1039.16,1.0,155.05,884.1,5,1
887.67,0.6,197.03,690.64,3,0
588.48,0.2,45.92,542.56,1,0
875.05,0.8,99.03,776.03,4,1
814.72,0.6,124.08,690.64,3,1
791.02,0.6,92.81,698.21,3,0
622.77,0.2,57.51,565.26,1,0
592.83,0.0,143.22,449.62,0,0
906.53,0.6,155.38,751.15,3,1
1443.36,1.8,255.54,1187.82,9,1
875.61,0.6,124.46,751.15,3,1
891.97,0.6,201.32,690.64,3,1
1019.45,1.0,135.35,884.1,5,1
1285.89,0.6,610.38,675.51,3,1
679.15,0.2,121.46,557.69,1,0
872.28,0.6,151.38,720.9,3,1
747.56,0.4,96.92,650.64,2,0
537.37,0.0,72.62,464.74,0,0
638.46,0.2,103.46,535.0,1,1
650.83,0.2,93.14,557.69,1,0
837.47,0.6,124.14,713.33,3,1
755.57,0.4,120.05,635.51,2,0
654.99,0.2,89.73,565.26,1,0
698.13,0.2,148.0,550.13,1,0
551.7,0.0,109.65,442.05,0,0
1333.97,0.8,618.46,715.51,4,1
744.15,0.4,93.51,650.64,2,0
599.34,0.0,134.59,464.74,0,0
892.36,0.6,186.59,705.77,3,1
1128.86,0.4,546.3,582.56,2,1
954.67,0.6,203.51,751.15,3,0
1126.6,1.0,204.68,921.92,5,0
680.58,0.2,107.76,572.82,1,0
662.92,0.2,120.35,542.56,1,0
613.85,0.2,101.54,512.31,1,0
575.0,0.2,40.0,535.0,1,1
616.89,0.2,74.32,542.56,1,1
894.02,0.6,195.81,698.21,3,1
975.62,0.8,199.59,776.03,4,1
887.15,0.6,196.51,690.64,3,1
551.56,0.0,101.95,449.62,0,0
814.11,0.4,193.73,620.38,2,0
825.1,0.4,182.03,643.08,2,1
1189.19,0.8,428.3,760.9,4,1
1049.69,1.0,150.46,899.23,5,1
783.17,0.4,162.78,620.38,2,1
710.63,0.2,145.38,565.26,1,0
824.53,0.4,158.76,665.77,2,0
916.51,0.6,180.49,736.03,3,0
1252.67,0.4,670.11,582.56,2,1
818.42,0.4,167.78,650.64,2,1
681.34,0.2,131.22,550.13,1,0
963.54,0.6,227.51,736.03,3,1
804.9,0.4,139.14,665.77,2,0
864.82,0.6,151.49,713.33,3,1
796.19,0.4,160.68,635.51,2,0
621.22,0.2,86.22,535.0,1,0
819.44,0.4,153.68,665.77,2,0
718.26,0.2,160.57,557.69,1,0
757.38,0.4,121.86,635.51,2,0
708.18,0.2,150.49,557.69,1,0
607.73,0.2,72.73,535.0,1,0
865.97,0.4,230.46,635.51,2,0
503.62,0.0,54.0,449.62,0,0
588.89,0.0,139.27,449.62,0,0
664.1,0.2,121.54,542.56,1,1
664.75,0.2,107.05,557.69,1,0
831.64,0.6,141.0,690.64,3,1
541.45,0.0,91.84,449.62,0,0
503.7,0.0,69.22,434.49,0,0
676.52,0.2,164.22,512.31,1,0
616.01,0.2,96.14,519.87,1,0
784.64,0.4,134.0,650.64,2,0
485.18,0.0,28.0,457.18,0,0
619.56,0.2,77.0,542.56,1,0
650.94,0.2,93.24,557.69,1,1
521.48,0.0,79.43,442.05,0,0
672.16,0.2,137.16,535.0,1,1
636.02,0.2,78.32,557.69,1,1
1184.5,0.6,531.68,652.82,3,1
574.77,0.0,102.46,472.31,0,0
559.78,0.0,110.16,449.62,0,0
777.35,0.4,149.41,627.95,2,1
946.83,0.8,155.68,791.15,4,1
986.16,0.8,202.57,783.59,4,1
818.79,0.6,90.32,728.46,3,0
661.09,0.2,95.84,565.26,1,0
716.76,0.4,81.24,635.51,2,0
684.09,0.2,118.84,565.26,1,0
724.94,0.2,174.81,550.13,1,0
632.18,0.2,66.92,565.26,1,0
906.56,0.6,162.97,743.59,3,1
936.08,0.6,192.49,743.59,3,0
798.86,0.4,155.78,643.08,2,0
777.74,0.4,157.35,620.38,2,1
655.88,0.2,105.76,550.13,1,0
1086.95,1.0,225.54,861.41,5,1
1001.25,0.6,227.41,773.85,3,1
583.64,0.0,126.46,457.18,0,0
853.17,0.4,187.41,665.77,2,0
538.23,0.0,81.05,457.18,0,0
602.82,0.0,138.08,464.74,0,0
801.0,0.6,133.05,667.95,3,1
674.82,0.2,109.57,565.26,1,0
748.88,0.2,183.62,565.26,1,1
2102.88,1.4,1131.22,971.67,7,1
643.07,0.2,77.81,565.26,1,0
754.38,0.4,126.43,627.95,2,0
636.57,0.2,101.57,535.0,1,0
917.31,0.6,211.54,705.77,3,0
528.91,0.0,71.73,457.18,0,0
589.63,0.2,77.32,512.31,1,1
557.51,0.0,115.46,442.05,0,0
595.07,0.0,145.46,449.62,0,1
706.35,0.2,163.78,542.56,1,0
967.71,0.8,153.86,813.85,4,1
832.2,0.6,126.43,705.77,3,0
816.53,0.4,165.89,650.64,2,1
1188.7,1.2,219.22,969.49,6,1
586.85,0.0,114.54,472.31,0,0
685.32,0.2,135.19,550.13,1,0
1417.93,1.6,338.19,1079.74,8,1
670.34,0.2,112.65,557.69,1,1
787.37,0.4,129.16,658.21,2,1
898.94,0.8,168.3,730.64,4,1
1437.5,0.8,684.16,753.33,4,1
1437.49,1.2,475.57,961.92,6,1
668.17,0.2,95.35,572.82,1,0
995.59,1.0,172.0,823.59,5,1
715.72,0.2,165.59,550.13,1,0
770.14,0.4,142.19,627.95,2,1
511.29,0.0,54.11,457.18,0,0
769.12,0.4,103.35,665.77,2,1
795.59,0.6,104.95,690.64,3,1
754.21,0.4,96.0,658.21,2,0
1321.72,1.4,289.54,1032.18,7,1
835.33,0.4,154.43,680.9,2,1
835.99,0.4,177.78,658.21,2,0
962.91,0.6,219.32,743.59,3,1
540.2,0.0,60.32,479.87,0,0
819.72,0.4,153.95,665.77,2,0
1123.81,1.0,201.89,921.92,5,0
921.82,0.6,147.97,773.85,3,0
776.85,0.4,118.65,658.21,2,0
667.44,0.2,94.62,572.82,1,0
822.01,0.6,116.24,705.77,3,0
658.75,0.2,101.05,557.69,1,1
783.56,0.4,125.35,658.21,2,0
1014.31,0.8,215.59,798.72,4,1
759.08,0.4,123.57,635.51,2,0
1099.33,0.8,285.49,813.85,4,1
651.25,0.2,78.43,572.82,1,0
520.19,0.0,78.14,442.05,0,0
650.34,0.2,92.65,557.69,1,1
533.63,0.0,114.27,419.36,0,0
820.61,0.6,129.97,690.64,3,1
638.83,0.2,96.27,542.56,1,0
895.65,0.8,134.76,760.9,4,1
640.14,0.2,120.27,519.87,1,0
674.62,0.2,132.05,542.56,1,0
561.34,0.0,104.16,457.18,0,0
477.47,0.0,58.11,419.36,0,0
517.51,0.0,83.03,434.49,0,0
650.91,0.2,93.22,557.69,1,0
1419.43,1.0,610.97,808.46,5,1
565.93,0.0,93.62,472.31,0,0
711.94,0.4,129.38,582.56,2,1
816.17,0.6,102.84,713.33,3,0
705.55,0.4,92.73,612.82,2,1
1680.82,1.0,895.05,785.77,5,1
551.09,0.0,71.22,479.87,0,0
730.34,0.2,165.08,565.26,1,0
575.18,0.0,118.0,457.18,0,0
1182.65,0.8,482.27,700.38,4,1
714.71,0.2,141.89,572.82,1,0
755.72,0.4,89.95,665.77,2,0
484.73,0.0,57.81,426.92,0,0
598.64,0.0,133.89,464.74,0,0
546.35,0.0,111.86,434.49,0,0
756.62,0.2,221.62,535.0,1,0
765.99,0.4,115.35,650.64,2,0
859.92,0.6,184.41,675.51,3,0
529.72,0.0,80.11,449.62,0,0
763.44,0.4,143.05,620.38,2,1
562.81,0.0,120.76,442.05,0,0
438.5,0.0,26.7,411.79,0,0
1123.54,0.8,355.08,768.46,4,1
570.64,0.0,113.46,457.18,0,1
776.94,0.4,126.3,650.64,2,1
829.8,0.6,184.54,645.26,3,1
627.21,0.2,69.51,557.69,1,0
742.0,0.2,199.43,542.56,1,0
767.58,0.4,101.81,665.77,2,1
1253.35,1.4,183.35,1070.0,7,0
718.43,0.4,82.92,635.51,2,1
567.15,0.0,109.97,457.18,0,0
631.64,0.2,73.95,557.69,1,0
996.56,0.6,298.35,698.21,3,1
1044.97,1.0,228.95,816.03,5,1
681.75,0.2,124.05,557.69,1,1
722.17,0.2,202.3,519.87,1,0
439.04,0.0,34.81,404.23,0,0
506.77,0.0,94.97,411.79,0,0
691.14,0.2,156.14,535.0,1,1
964.31,0.6,205.59,758.72,3,0
665.06,0.2,92.24,572.82,1,0
561.39,0.0,96.65,464.74,0,0
653.02,0.2,110.46,542.56,1,0
886.89,0.6,150.86,736.03,3,1
815.87,0.6,155.49,660.38,3,0
979.31,1.0,193.54,785.77,5,0
875.39,0.6,162.05,713.33,3,0
541.8,0.0,84.62,457.18,0,0
594.03,0.2,59.03,535.0,1,1
562.64,0.0,105.46,457.18,0,0
1158.55,1.2,264.7,893.85,6,1
784.94,0.4,141.86,643.08,2,0
971.61,0.8,119.95,851.67,4,1
843.25,0.4,169.92,673.33,2,1
765.68,0.4,137.73,627.95,2,0
968.56,0.8,177.41,791.15,4,1
1471.98,1.0,678.65,793.33,5,1
559.77,0.0,87.46,472.31,0,0
1082.99,1.0,198.89,884.1,5,1
653.04,0.2,95.35,557.69,1,1
726.34,0.2,161.08,565.26,1,0
592.56,0.2,50.0,542.56,1,0
751.35,0.6,75.84,675.51,3,1
788.77,0.4,183.51,605.26,2,1
1238.14,0.4,670.7,567.44,2,1
730.67,0.4,95.16,635.51,2,1
501.3,0.0,81.95,419.36,0,0
581.09,0.2,61.22,519.87,1,1
662.57,0.4,95.14,567.44,2,0
932.11,0.6,196.08,736.03,3,0
1020.1,1.0,181.38,838.72,5,1
718.03,0.4,97.65,620.38,2,1
729.85,0.6,77.03,652.82,3,1
655.57,0.2,135.7,519.87,1,0
933.22,0.6,212.32,720.9,3,0
786.27,0.4,143.19,643.08,2,0
820.0,0.6,91.54,728.46,3,0
821.26,0.4,155.49,665.77,2,0
1131.06,1.0,262.08,868.97,5,1
609.84,0.2,74.84,535.0,1,0
542.11,0.0,100.05,442.05,0,0
518.7,0.2,44.22,474.49,1,0
761.36,0.4,148.54,612.82,2,0
688.07,0.2,130.38,557.69,1,0
683.81,0.2,148.81,535.0,1,1
820.48,0.6,129.84,690.64,3,0
850.32,0.6,106.73,743.59,3,0
549.65,0.0,115.16,434.49,0,0
680.94,0.4,83.24,597.69,2,0
588.11,0.2,53.11,535.0,1,0
628.16,0.2,93.16,535.0,1,1
717.91,0.2,160.22,557.69,1,0
1201.56,1.2,277.46,924.1,6,0
562.72,0.0,105.54,457.18,0,0
672.34,0.2,114.65,557.69,1,0
1716.95,1.0,908.49,808.46,5,1
1363.61,0.6,672.97,690.64,3,1
601.79,0.0,114.35,487.44,0,0
715.98,0.2,143.16,572.82,1,1
815.59,0.6,124.95,690.64,3,0
1006.73,0.8,230.7,776.03,4,1
678.07,0.2,120.38,557.69,1,0
1094.76,1.0,225.78,868.97,5,0
679.93,0.2,114.68,565.26,1,0
1248.27,1.4,231.22,1017.05,7,1
533.28,0.0,68.54,464.74,0,0
711.67,0.2,169.11,542.56,1,0
923.85,0.8,170.51,753.33,4,1
837.75,0.4,187.11,650.64,2,1
678.53,0.2,120.84,557.69,1,0
1422.46,1.0,606.43,816.03,5,1
741.65,0.2,161.27,580.38,1,0
1048.31,0.8,242.03,806.28,4,1
613.04,0.2,100.73,512.31,1,0
954.03,0.8,125.05,828.97,4,1
1609.74,1.2,715.89,893.85,6,1
790.19,0.4,154.68,635.51,2,0
734.29,0.4,136.59,597.69,2,1
823.01,0.4,149.68,673.33,2,0
844.26,0.6,138.49,705.77,3,1
699.74,0.4,86.92,612.82,2,0
849.98,0.4,222.03,627.95,2,1
797.06,0.6,136.68,660.38,3,1
633.93,0.2,114.05,519.87,1,0
503.3,0.0,68.81,434.49,0,1
821.48,0.6,123.27,698.21,3,1
729.3,0.4,101.35,627.95,2,0
1047.87,1.0,186.46,861.41,5,1
629.7,0.2,87.14,542.56,1,0
484.14,0.0,57.22,426.92,0,0
722.2,0.4,116.95,605.26,2,1
