"Total_Cost","Ratio_Reloc_Prod","Horiz_Cost","Vert_Cost","nReloc","non_Optimal"
255938.98,0.7513,47904.05,208034.92,1127,4
582.16,0.4,60.11,522.05,2,0
481.21,0.0,84.54,396.67,0,0
674.93,0.4,115.05,559.87,2,0
585.98,0.2,134.19,451.79,1,0
674.14,0.4,99.14,575.0,2,0
603.44,0.2,91.14,512.31,1,0
995.81,1.2,200.3,795.51,6,0
559.14,0.2,92.22,466.92,1,0
743.42,0.4,206.24,537.18,2,0
459.21,0.0,70.11,389.1,0,0
956.67,1.0,193.59,763.08,5,0
613.91,0.2,109.16,504.74,1,0
843.93,0.8,158.68,685.26,4,0
594.35,0.2,104.73,489.62,1,0
709.49,0.6,109.62,599.87,3,0
1259.19,1.8,237.78,1021.41,9,0
788.3,0.8,87.92,700.38,4,0
1202.28,1.6,183.05,1019.23,8,0
630.21,0.4,108.16,522.05,2,0
702.34,0.4,165.16,537.18,2,0
476.93,0.0,72.7,404.23,0,0
666.93,0.4,107.05,559.87,2,0
492.83,0.0,96.16,396.67,0,0
923.4,1.0,152.76,770.64,5,0
1039.86,1.2,236.78,803.08,6,0
474.04,0.0,69.81,404.23,0,0
903.46,0.8,195.51,707.95,4,0
903.51,0.8,188.0,715.51,4,0
488.56,0.0,84.32,404.23,0,0
1057.93,1.4,131.65,926.28,7,0
913.1,1.0,142.46,770.64,5,0
896.84,0.8,181.32,715.51,4,0
832.13,0.6,209.57,622.56,3,0
803.13,0.8,140.57,662.56,4,0
746.56,0.6,108.86,637.69,3,0
842.74,0.8,157.49,685.26,4,0
700.23,0.4,155.49,544.74,2,0
750.18,0.4,152.49,597.69,2,0
698.48,0.4,108.35,590.13,2,0
929.61,1.0,158.97,770.64,5,0
864.3,0.8,148.78,715.51,4,0
675.58,0.4,123.27,552.31,2,0
694.37,0.6,71.81,622.56,3,0
850.84,0.8,150.46,700.38,4,0
928.9,1.0,143.14,785.77,5,0
596.81,0.2,114.76,482.05,1,0
940.72,1.0,170.08,770.64,5,0
1034.25,1.2,185.78,848.46,6,0
1195.02,1.6,183.35,1011.67,8,0
872.06,0.8,171.68,700.38,4,0
691.07,0.4,153.89,537.18,2,0
714.53,0.6,84.41,630.13,3,0
1133.34,1.4,214.62,918.72,7,0
835.76,0.6,167.81,667.95,3,0
765.48,0.6,127.78,637.69,3,0
919.28,1.0,125.95,793.33,5,0
871.64,0.8,148.57,723.08,4,0
1340.01,1.8,265.65,1074.36,9,0
698.24,0.4,123.24,575.0,2,0
945.72,1.0,175.08,770.64,5,0
521.65,0.0,94.73,426.92,0,0
1371.25,1.8,304.46,1066.79,9,0
697.42,0.4,160.24,537.18,2,0
1073.78,1.2,210.19,863.59,6,0
750.99,0.6,105.73,645.26,3,0
904.55,1.0,111.22,793.33,5,0
1051.24,1.2,195.22,856.03,6,0
485.24,0.0,96.14,389.1,0,0
805.22,0.6,144.84,660.38,3,0
1261.98,1.6,227.62,1034.36,8,0
796.16,0.6,173.59,622.56,3,0
719.45,0.4,174.7,544.74,2,0
684.5,0.4,139.76,544.74,2,0
1111.87,1.4,162.89,948.97,7,0
1322.0,1.6,333.03,988.97,8,0
832.09,0.6,186.84,645.26,3,0
1082.86,1.2,211.7,871.15,6,0
955.05,1.0,184.41,770.64,5,0
1299.4,1.8,255.3,1044.1,9,0
499.74,0.0,87.95,411.79,0,0
965.59,1.0,149.57,816.03,5,0
726.32,0.4,136.19,590.13,2,0
966.76,1.0,165.86,800.9,5,0
637.34,0.2,140.16,497.18,1,0
974.79,1.0,173.89,800.9,5,0
1574.6,2.2,291.65,1282.95,11,0
1110.51,1.2,246.92,863.59,6,0
1036.85,1.2,150.57,886.28,6,0
823.68,0.6,163.3,660.38,3,0
702.06,0.4,149.76,552.31,2,0
717.93,0.4,173.19,544.74,2,0
939.59,1.0,123.57,816.03,5,0
1064.2,1.2,177.92,886.28,6,0
988.67,1.0,165.08,823.59,5,0
694.97,0.4,119.97,575.0,2,1
998.17,1.0,197.27,800.9,5,0
495.69,0.0,99.03,396.67,0,0
608.32,0.2,126.27,482.05,1,0
580.27,0.2,98.22,482.05,1,0
1045.34,1.2,159.05,886.28,6,0
1044.79,1.2,143.38,901.41,6,0
921.71,0.8,213.76,707.95,4,0
1006.21,1.0,228.0,778.21,5,0
857.19,0.8,141.68,715.51,4,0
858.78,0.8,143.27,715.51,4,0
1023.62,1.2,175.16,848.46,6,0
954.42,0.8,269.16,685.26,4,0
839.29,0.8,108.65,730.64,4,0
972.89,1.0,164.43,808.46,5,0
894.92,0.8,239.92,655.0,4,0
818.28,0.6,218.41,599.87,3,0
977.45,1.0,153.86,823.59,5,0
751.56,0.6,113.86,637.69,3,0
921.66,1.0,135.89,785.77,5,0
972.7,1.0,156.68,816.03,5,0
862.29,0.8,124.08,738.21,4,0
1171.75,1.4,215.22,956.54,7,0
907.92,0.8,192.41,715.51,4,0
1042.36,1.2,156.08,886.28,6,0
1362.54,1.6,366.0,996.54,8,0
537.41,0.2,62.92,474.49,1,0
447.48,0.0,50.81,396.67,0,0
663.21,0.4,80.65,582.56,2,0
730.21,0.6,107.65,622.56,3,0
520.87,0.0,93.95,426.92,0,0
958.89,0.8,250.95,707.95,4,0
906.4,0.8,228.7,677.69,4,0
628.67,0.4,99.05,529.62,2,0
1024.94,1.0,208.92,816.03,5,0
796.74,0.6,151.49,645.26,3,0
689.28,0.4,144.54,544.74,2,0
834.34,0.8,96.14,738.21,4,0
783.3,0.6,168.3,615.0,3,0
802.06,0.6,141.68,660.38,3,0
868.5,0.8,183.24,685.26,4,0
879.19,0.8,163.68,715.51,4,0
747.35,0.4,217.73,529.62,2,0
942.07,0.8,271.95,670.13,4,0
530.46,0.0,103.54,426.92,0,0
1219.33,1.6,184.97,1034.36,8,0
903.42,1.0,117.65,785.77,5,0
798.11,0.6,130.16,667.95,3,0
1330.48,1.6,318.81,1011.67,8,0
554.1,0.2,56.92,497.18,1,1
812.91,0.6,175.22,637.69,3,0
1014.61,1.0,243.97,770.64,5,0
783.45,0.6,145.76,637.69,3,0
1273.87,1.6,239.51,1034.36,8,0
1015.03,1.0,214.14,800.9,5,0
844.75,0.8,106.54,738.21,4,0
919.8,0.8,234.54,685.26,4,0
1071.64,1.2,253.43,818.21,6,0
661.09,0.4,116.35,544.74,2,0
1028.1,1.0,265.03,763.08,5,0
708.61,0.4,163.86,544.74,2,0
705.31,0.4,153.0,552.31,2,0
685.13,0.4,147.95,537.18,2,0
507.9,0.0,88.54,419.36,0,0
662.65,0.4,87.65,575.0,2,0
700.8,0.4,156.05,544.74,2,0
807.62,0.6,192.62,615.0,3,0
790.6,0.6,137.78,652.82,3,0
1745.69,2.6,352.49,1393.21,13,0
766.21,0.6,136.08,630.13,3,0
782.28,0.6,129.46,652.82,3,0
1035.14,1.2,133.73,901.41,6,0
998.12,1.0,219.92,778.21,5,0
725.16,0.6,57.22,667.95,3,0
1302.74,1.8,183.0,1119.74,9,0
661.53,0.4,124.35,537.18,2,0
779.46,0.6,164.46,615.0,3,0
1432.7,2.0,235.14,1197.56,10,0
653.27,0.4,85.84,567.44,2,0
1718.19,2.6,287.16,1431.03,13,0
717.35,0.4,187.73,529.62,2,0
874.63,0.6,229.38,645.26,3,0
493.02,0.0,96.35,396.67,0,0
523.19,0.0,96.27,426.92,0,0
1020.66,1.0,227.32,793.33,5,0
508.16,0.0,66.11,442.05,0,0
916.65,0.8,208.7,707.95,4,0
1050.2,1.0,264.43,785.77,5,0
660.25,0.4,107.95,552.31,2,0
1491.86,2.0,339.68,1152.18,10,0
1039.31,1.2,160.59,878.72,6,0
908.52,0.8,215.7,692.82,4,0
556.46,0.2,74.41,482.05,1,0
809.48,0.6,171.78,637.69,3,0
502.9,0.0,83.54,419.36,0,0
1018.89,1.0,210.43,808.46,5,0
651.25,0.2,184.32,466.92,1,0
1565.51,2.2,320.38,1245.13,11,0
1322.19,1.6,280.27,1041.92,8,0
784.55,0.6,139.3,645.26,3,0
1264.51,1.4,315.54,948.97,7,0
938.04,1.0,144.7,793.33,5,0
1189.99,1.4,218.32,971.67,7,0
714.04,0.4,169.3,544.74,2,0
665.21,0.4,67.51,597.69,2,0
884.97,0.8,108.95,776.03,4,0
699.44,0.4,139.57,559.87,2,0
878.83,0.8,148.19,730.64,4,0
769.25,0.6,108.86,660.38,3,0
544.41,0.2,85.05,459.36,1,0
862.06,0.8,161.68,700.38,4,0
1103.39,1.2,217.11,886.28,6,0
589.38,0.2,122.46,466.92,1,0
671.17,0.4,118.86,552.31,2,0
1120.87,1.4,171.89,948.97,7,0
885.07,0.8,146.86,738.21,4,0
673.61,0.4,128.86,544.74,2,0
1110.19,1.4,153.65,956.54,7,0
1108.92,1.4,159.95,948.97,7,0
549.25,0.2,82.32,466.92,1,0
474.49,0.0,40.0,434.49,0,0
1023.81,1.2,114.84,908.97,6,0
876.91,0.6,231.65,645.26,3,0
537.05,0.0,140.38,396.67,0,0
813.35,0.8,97.84,715.51,4,0
647.36,0.4,42.11,605.26,2,0
805.0,0.8,81.92,723.08,4,0
1216.31,1.2,390.54,825.77,6,0
987.39,1.0,148.68,838.72,5,0
684.5,0.4,132.19,552.31,2,0
731.39,0.4,171.51,559.87,2,0
757.03,0.6,96.65,660.38,3,0
568.5,0.0,171.84,396.67,0,0
828.21,0.6,205.65,622.56,3,0
1074.63,1.4,133.22,941.41,7,0
1032.74,1.2,206.97,825.77,6,0
479.66,0.0,75.43,404.23,0,0
1185.47,1.4,191.11,994.36,7,0
1071.75,1.2,200.59,871.15,6,0
605.4,0.2,123.35,482.05,1,0
935.34,1.0,149.57,785.77,5,0
857.09,0.6,211.84,645.26,3,0
578.52,0.2,119.16,459.36,1,0
1026.78,1.0,256.14,770.64,5,0
796.27,0.6,173.7,622.56,3,0
492.41,0.0,57.92,434.49,0,1
837.92,0.8,129.97,707.95,4,0
988.04,1.0,194.7,793.33,5,0
1070.09,1.2,168.68,901.41,6,0
498.77,0.0,94.54,404.23,0,0
1115.69,1.2,244.54,871.15,6,0
1259.15,1.6,179.41,1079.74,8,0
855.47,0.8,155.08,700.38,4,0
498.56,0.0,94.32,404.23,0,0
988.68,0.8,288.3,700.38,4,0
672.69,0.4,120.38,552.31,2,0
957.27,1.0,194.19,763.08,5,0
752.02,0.6,114.32,637.69,3,0
911.4,0.8,195.89,715.51,4,0
859.03,0.8,151.08,707.95,4,0
759.28,0.6,106.46,652.82,3,0
1249.5,1.6,162.19,1087.31,8,0
497.77,0.0,93.54,404.23,0,0
982.36,1.0,189.03,793.33,5,0
856.53,0.8,110.76,745.77,4,0
974.25,1.0,165.78,808.46,5,0
1107.93,1.2,282.16,825.77,6,0
671.15,0.4,133.97,537.18,2,0
1336.35,1.6,332.24,1004.1,8,0
812.07,0.6,174.38,637.69,3,0
1117.92,1.2,269.46,848.46,6,0
520.47,0.0,108.68,411.79,0,1
938.05,1.0,114.46,823.59,5,0
1001.83,1.2,138.24,863.59,6,0
450.77,0.0,54.11,396.67,0,0
705.69,0.4,168.51,537.18,2,0
490.48,0.0,101.38,389.1,0,0
956.61,1.0,125.46,831.15,5,0
869.99,0.8,192.3,677.69,4,0
1083.36,1.4,157.08,926.28,7,0
656.9,0.4,97.03,559.87,2,0
611.05,0.2,136.57,474.49,1,0
866.7,0.8,136.05,730.64,4,0
1231.51,1.6,227.41,1004.1,8,0
843.71,0.8,135.76,707.95,4,0
692.04,0.4,147.3,544.74,2,0
914.76,0.8,206.81,707.95,4,0
573.39,0.2,114.03,459.36,1,0
673.36,0.2,206.43,466.92,1,0
770.14,0.6,109.76,660.38,3,0
780.98,0.6,113.03,667.95,3,0
841.25,0.6,241.38,599.87,3,0
963.38,1.0,162.49,800.9,5,0
904.68,0.8,143.78,760.9,4,0
573.16,0.2,83.54,489.62,1,0
1041.79,1.0,233.32,808.46,5,0
982.01,1.0,188.68,793.33,5,0
1169.36,1.6,195.51,973.85,8,0
704.46,0.4,129.46,575.0,2,0
1062.76,1.2,153.78,908.97,6,0
558.3,0.2,98.95,459.36,1,0
575.09,0.2,115.73,459.36,1,0
881.93,1.0,103.73,778.21,5,0
669.3,0.2,194.81,474.49,1,0
788.08,0.6,120.14,667.95,3,0
736.69,0.4,199.51,537.18,2,0
