"Total_Cost","Ratio_Reloc_Prod","Horiz_Cost","Vert_Cost","nReloc","non_Optimal"
230792.54,0.46,35804.91,194987.49,690,375
816.63,1.0,95.73,720.9,4,1
470.29,0.0,68.24,402.05,0,1
433.95,0.0,47.03,386.92,0,1
678.58,0.75,73.32,605.26,3,1
945.03,1.25,169.0,776.03,5,1
555.73,0.25,60.73,495.0,1,1
945.99,1.25,147.27,798.72,5,1
506.51,0.25,72.03,434.49,1,1
546.57,0.25,59.14,487.44,1,1
422.39,0.0,43.03,379.36,0,1
467.22,0.0,87.86,379.36,0,1
890.86,1.0,147.27,743.59,4,1
403.47,0.0,24.11,379.36,0,1
715.65,0.75,80.14,635.51,3,1
418.17,0.0,38.81,379.36,0,1
846.06,1.25,92.73,753.33,5,1
701.9,0.75,81.51,620.38,3,1
608.71,0.25,121.27,487.44,1,1
779.25,0.75,151.3,627.95,3,1
370.51,0.0,21.41,349.1,0,1
517.96,0.25,53.22,464.74,1,1
717.63,0.75,97.24,620.38,3,1
1014.54,1.25,230.95,783.59,5,1
571.39,0.25,106.65,464.74,1,1
528.51,0.25,86.46,442.05,1,1
413.71,0.0,41.92,371.79,0,1
557.66,0.5,52.92,504.74,2,1
472.91,0.0,108.68,364.23,0,1
443.5,0.0,86.84,356.67,0,1
610.93,0.5,91.05,519.87,2,1
454.78,0.0,105.68,349.1,0,1
621.95,0.5,86.95,535.0,2,1
557.61,0.5,60.43,497.18,2,1
466.28,0.25,46.92,419.36,1,1
612.57,0.5,85.14,527.44,2,1
416.45,0.0,52.22,364.23,0,1
721.12,0.75,115.86,605.26,3,1
790.09,1.0,137.27,652.82,4,1
371.81,0.0,22.7,349.1,0,1
563.66,0.25,91.35,472.31,1,1
501.43,0.25,51.81,449.62,1,1
944.67,1.25,229.16,715.51,5,1
622.77,0.5,57.51,565.26,2,1
408.34,0.0,44.11,364.23,0,1
737.87,1.0,69.92,667.95,4,1
666.56,0.75,76.43,590.13,3,1
1076.82,1.75,175.41,901.41,7,1
686.01,0.5,120.76,565.26,2,1
620.49,0.5,93.05,527.44,2,1
1086.83,1.75,155.16,931.67,7,1
787.42,1.0,81.65,705.77,4,1
651.15,0.5,93.46,557.69,2,1
724.44,0.75,104.05,620.38,3,1
463.55,0.0,91.76,371.79,0,1
902.43,1.0,173.97,728.46,4,1
642.48,0.5,92.35,550.13,2,1
703.25,0.5,190.95,512.31,2,1
1006.09,1.5,144.68,861.41,6,1
425.47,0.0,46.11,379.36,0,1
611.5,0.25,139.19,472.31,1,1
570.25,0.25,97.95,472.31,1,1
503.22,0.0,123.86,379.36,0,1
713.35,0.75,130.78,582.56,3,1
354.11,0.0,27.7,326.41,0,1
407.64,0.0,43.41,364.23,0,1
762.6,0.75,134.65,627.95,3,1
805.12,1.25,119.86,685.26,5,1
507.66,0.25,42.92,464.74,1,1
1022.07,1.5,122.84,899.23,6,1
599.03,0.5,64.03,535.0,2,1
414.69,0.0,58.03,356.67,0,1
576.52,0.5,64.22,512.31,2,1
548.92,0.25,106.86,442.05,1,1
691.75,0.5,149.19,542.56,2,1
664.4,0.75,66.7,597.69,3,1
524.86,0.25,75.24,449.62,1,1
687.11,0.5,152.11,535.0,2,1
1054.32,1.5,177.78,876.54,6,1
405.79,0.0,34.0,371.79,0,1
767.21,1.0,84.14,683.08,4,1
618.6,0.25,146.3,472.31,1,1
821.01,0.75,200.62,620.38,3,1
578.46,0.5,51.03,527.44,2,1
400.93,0.0,36.7,364.23,0,1
513.32,0.25,63.7,449.62,1,1
599.54,0.5,64.54,535.0,2,1
691.27,0.75,63.32,627.95,3,1
532.99,0.25,68.24,464.74,1,1
704.93,0.5,185.05,519.87,2,1
823.93,1.0,118.16,705.77,4,1
645.1,0.5,102.54,542.56,2,1
642.41,0.5,114.97,527.44,2,1
618.91,0.5,61.22,557.69,2,1
717.15,0.75,119.46,597.69,3,1
675.56,0.75,85.43,590.13,3,1
642.23,0.5,84.54,557.69,2,1
562.18,0.25,112.57,449.62,1,1
551.15,0.25,78.84,472.31,1,1
531.94,0.25,82.32,449.62,1,1
815.77,1.0,117.57,698.21,4,1
542.26,0.25,92.65,449.62,1,1
530.11,0.25,88.05,442.05,1,1
688.3,0.5,153.3,535.0,2,1
468.86,0.0,112.19,356.67,0,1
573.29,0.25,123.68,449.62,1,1
812.82,0.75,207.57,605.26,3,1
574.98,0.25,102.68,472.31,1,1
656.59,0.5,106.46,550.13,2,1
816.53,1.0,110.76,705.77,4,1
715.0,0.75,71.92,643.08,3,1
408.71,0.0,36.92,371.79,0,1
427.26,0.0,63.03,364.23,0,1
349.82,0.0,23.41,326.41,0,1
644.99,0.5,147.81,497.18,2,1
720.07,0.5,154.81,565.26,2,1
631.19,0.75,48.62,582.56,3,1
467.17,0.0,80.24,386.92,0,1
492.74,0.25,28.0,464.74,1,1
446.34,0.0,74.54,371.79,0,1
470.45,0.0,113.78,356.67,0,1
509.46,0.5,27.41,482.05,2,1
510.06,0.25,83.14,426.92,1,1
369.24,0.0,27.7,341.54,0,1
857.07,0.75,206.43,650.64,3,1
561.16,0.25,111.54,449.62,1,1
533.07,0.25,68.32,464.74,1,1
623.1,0.5,80.54,542.56,2,1
481.57,0.0,94.65,386.92,0,1
554.07,0.25,89.32,464.74,1,1
526.38,0.25,84.32,442.05,1,1
507.86,0.25,65.81,442.05,1,1
571.55,0.25,99.24,472.31,1,1
463.44,0.0,91.65,371.79,0,1
699.17,0.5,171.73,527.44,2,1
716.5,0.75,103.68,612.82,3,1
416.87,0.0,37.51,379.36,0,1
547.66,0.5,42.92,504.74,2,1
497.92,0.25,63.43,434.49,1,1
581.09,0.5,61.22,519.87,2,1
412.85,0.0,48.62,364.23,0,1
590.28,0.5,85.54,504.74,2,1
455.47,0.25,36.11,419.36,1,1
602.19,0.5,59.62,542.56,2,1
574.61,0.25,109.86,464.74,1,1
676.56,0.5,118.86,557.69,2,1
512.7,0.5,38.22,474.49,2,1
841.94,1.0,151.3,690.64,4,1
368.24,0.0,26.7,341.54,0,1
844.14,0.75,223.76,620.38,3,1
852.22,1.0,123.76,728.46,4,1
690.13,0.5,140.0,550.13,2,1
982.13,1.25,198.54,783.59,5,1
457.63,0.0,85.84,371.79,0,1
472.41,0.25,37.92,434.49,1,1
722.1,0.5,164.41,557.69,2,1
836.14,1.0,168.19,667.95,4,1
785.61,0.75,134.97,650.64,3,1
928.04,1.25,121.76,806.28,5,1
427.36,0.0,48.0,379.36,0,1
481.44,0.25,54.51,426.92,1,1
899.73,1.25,131.27,768.46,5,1
702.7,0.75,59.62,643.08,3,1
527.26,0.25,62.51,464.74,1,1
718.12,0.5,145.3,572.82,2,1
664.61,0.75,66.92,597.69,3,1
460.55,0.0,88.76,371.79,0,1
804.73,1.0,136.78,667.95,4,1
431.02,0.0,74.35,356.67,0,1
517.8,0.25,60.62,457.18,1,1
691.01,0.75,70.62,620.38,3,1
805.23,1.0,107.03,698.21,4,1
698.43,0.75,62.92,635.51,3,1
422.42,0.0,50.62,371.79,0,1
590.73,0.5,55.73,535.0,2,1
763.38,0.75,143.0,620.38,3,1
713.75,0.75,116.05,597.69,3,1
620.15,0.25,155.41,464.74,1,1
709.78,0.75,66.7,643.08,3,1
396.67,0.0,40.0,356.67,0,1
704.61,0.75,99.35,605.26,3,1
498.69,0.25,41.51,457.18,1,1
533.56,0.25,83.95,449.62,1,1
487.36,0.25,60.43,426.92,1,1
733.73,0.75,90.65,643.08,3,1
738.3,0.75,110.35,627.95,3,1
808.68,1.0,148.3,660.38,4,1
454.39,0.0,90.16,364.23,0,1
504.93,0.0,140.7,364.23,0,1
581.56,0.25,124.38,457.18,1,1
462.8,0.0,98.57,364.23,0,1
624.1,0.5,81.54,542.56,2,1
772.19,0.75,136.68,635.51,3,1
365.54,0.0,24.0,341.54,0,1
707.41,0.75,87.03,620.38,3,1
633.4,0.5,90.84,542.56,2,1
604.04,0.5,106.86,497.18,2,1
765.97,1.0,75.32,690.64,4,1
569.29,0.25,119.68,449.62,1,1
828.69,1.0,130.49,698.21,4,1
587.64,0.25,122.89,464.74,1,1
421.69,0.0,65.03,356.67,0,1
541.04,0.25,68.73,472.31,1,1
440.68,0.0,61.32,379.36,0,1
711.81,0.5,169.24,542.56,2,1
377.62,0.0,28.51,349.1,0,1
442.65,0.0,55.73,386.92,0,1
401.97,0.0,60.43,341.54,0,1
568.75,0.5,79.14,489.62,2,1
934.27,1.25,150.68,783.59,5,1
492.99,0.25,35.81,457.18,1,1
532.04,0.25,59.73,472.31,1,1
387.1,0.0,38.0,349.1,0,1
381.21,0.0,32.11,349.1,0,1
557.15,0.25,84.84,472.31,1,1
456.98,0.25,37.62,419.36,1,1
727.41,0.75,99.46,627.95,3,1
701.85,0.75,104.16,597.69,3,1
516.42,0.25,44.11,472.31,1,1
632.81,0.5,90.24,542.56,2,1
510.85,0.25,46.11,464.74,1,1
831.88,1.0,133.68,698.21,4,1
384.62,0.0,35.51,349.1,0,1
441.04,0.0,69.24,371.79,0,1
503.26,0.25,38.51,464.74,1,1
520.59,0.25,78.54,442.05,1,1
395.32,0.0,46.22,349.1,0,1
369.54,0.0,28.0,341.54,0,1
425.9,0.0,54.11,371.79,0,1
406.78,0.0,65.24,341.54,0,1
1055.9,1.75,154.49,901.41,7,1
535.82,0.25,63.51,472.31,1,1
521.86,0.25,72.24,449.62,1,1
850.0,1.0,166.92,683.08,4,1
450.01,0.0,70.65,379.36,0,1
708.07,0.75,110.38,597.69,3,1
403.13,0.0,54.03,349.1,0,1
519.05,0.25,84.57,434.49,1,1
775.25,0.75,147.3,627.95,3,1
490.56,0.25,48.51,442.05,1,1
389.05,0.0,47.51,341.54,0,1
579.98,0.25,107.68,472.31,1,1
530.7,0.25,88.65,442.05,1,1
598.53,0.5,101.35,497.18,2,1
694.67,0.5,152.11,542.56,2,1
586.28,0.25,113.97,472.31,1,1
504.75,0.25,55.14,449.62,1,1
560.09,0.25,95.35,464.74,1,1
639.1,0.5,96.54,542.56,2,1
392.67,0.0,36.0,356.67,0,1
524.02,0.25,66.84,457.18,1,1
526.79,0.25,46.92,479.87,1,1
556.7,0.25,107.08,449.62,1,1
784.69,1.0,147.0,637.69,4,1
669.01,0.5,103.76,565.26,2,1
627.48,0.5,84.92,542.56,2,1
605.77,0.25,148.59,457.18,1,1
661.15,0.25,188.84,472.31,1,1
451.37,0.0,102.27,349.1,0,1
771.22,1.25,55.7,715.51,5,1
797.35,0.75,154.27,643.08,3,1
588.34,0.5,91.16,497.18,2,1
583.15,0.25,125.97,457.18,1,1
341.11,0.0,14.7,326.41,0,1
776.18,1.0,138.49,637.69,4,1
460.28,0.0,96.05,364.23,0,1
573.15,0.25,115.97,457.18,1,1
750.63,1.0,90.24,660.38,4,1
783.32,0.75,132.68,650.64,3,1
501.08,0.25,59.03,442.05,1,1
844.72,1.25,114.08,730.64,5,1
670.23,0.75,72.54,597.69,3,1
600.72,0.25,135.97,464.74,1,1
622.8,0.5,65.11,557.69,2,1
804.81,0.75,169.3,635.51,3,1
484.83,0.0,120.59,364.23,0,1
837.68,1.0,124.35,713.33,4,1
966.54,1.0,222.95,743.59,4,1
585.09,0.25,112.78,472.31,1,1
498.72,0.25,49.11,449.62,1,1
356.68,0.0,22.7,333.97,0,1
693.85,0.5,136.16,557.69,2,1
865.57,1.0,129.54,736.03,4,1
450.39,0.0,71.03,379.36,0,1
778.63,0.75,165.81,612.82,3,1
747.19,0.75,164.62,582.56,3,1
770.84,1.0,95.32,675.51,4,1
522.29,0.25,65.11,457.18,1,1
583.06,0.5,55.62,527.44,2,1
394.1,0.0,45.0,349.1,0,1
673.1,0.5,122.97,550.13,2,1
711.06,0.75,98.24,612.82,3,1
669.37,0.75,79.24,590.13,3,1
422.37,0.0,58.14,364.23,0,1
382.51,0.0,33.41,349.1,0,1
424.74,0.0,60.51,364.23,0,1
863.35,1.0,187.84,675.51,4,1
680.46,0.5,137.89,542.56,2,1
783.9,0.75,163.51,620.38,3,1
690.45,0.75,92.76,597.69,3,1
881.01,1.0,160.11,720.9,4,1
737.82,1.0,77.43,660.38,4,1
750.62,0.75,107.54,643.08,3,1
830.15,1.0,124.38,705.77,4,1
543.8,0.25,79.05,464.74,1,1
694.87,0.75,82.05,612.82,3,1
732.9,0.5,205.46,527.44,2,1
473.17,0.0,101.38,371.79,0,1
732.76,0.75,97.24,635.51,3,1
532.71,0.25,60.41,472.31,1,1
647.38,0.5,112.38,535.0,2,1
368.54,0.0,27.0,341.54,0,1
712.15,0.75,114.46,597.69,3,1
553.55,0.25,81.24,472.31,1,1
773.52,0.5,246.08,527.44,2,1
781.77,0.75,123.57,658.21,3,1
633.71,0.5,106.27,527.44,2,1
643.41,0.5,115.97,527.44,2,1
566.34,0.25,109.16,457.18,1,1
489.62,0.25,40.0,449.62,1,1
446.73,0.0,59.81,386.92,0,1
415.05,0.0,65.95,349.1,0,1
645.07,0.5,94.95,550.13,2,1
831.85,1.0,126.08,705.77,4,1
600.98,0.25,128.68,472.31,1,1
682.58,0.75,77.32,605.26,3,1
472.44,0.25,45.51,426.92,1,1
639.86,0.5,104.86,535.0,2,1
517.61,0.25,60.43,457.18,1,1
816.72,1.0,110.95,705.77,4,1
946.1,1.25,147.38,798.72,5,1
941.89,1.25,158.3,783.59,5,1
542.96,0.25,70.65,472.31,1,1
740.19,0.75,112.24,627.95,3,1
894.99,1.25,103.84,791.15,5,1
611.99,0.25,154.81,457.18,1,1
712.91,0.5,155.22,557.69,2,1
815.42,1.0,124.78,690.64,4,1
471.73,0.0,77.24,394.49,0,1
540.42,0.0,168.62,371.79,0,1
425.76,0.0,46.41,379.36,0,1
457.25,0.0,70.32,386.92,0,1
582.61,0.25,117.86,464.74,1,1
427.04,0.0,62.81,364.23,0,1
861.22,1.25,92.76,768.46,5,1
689.45,0.75,91.76,597.69,3,1
612.81,0.5,70.24,542.56,2,1
374.51,0.0,25.41,349.1,0,1
697.0,0.75,129.57,567.44,3,1
537.76,0.25,103.27,434.49,1,1
713.58,0.75,100.76,612.82,3,1
679.07,0.5,121.38,557.69,2,1
937.32,1.25,161.3,776.03,5,1
648.04,0.25,175.73,472.31,1,1
531.58,0.25,66.84,464.74,1,1
748.41,0.75,120.46,627.95,3,1
656.34,0.5,98.65,557.69,2,1
699.77,0.5,142.08,557.69,2,1
823.64,0.75,173.0,650.64,3,1
760.9,0.75,95.14,665.77,3,1
437.14,0.0,50.22,386.92,0,1
415.01,0.0,43.22,371.79,0,1
509.24,0.25,59.62,449.62,1,1
590.86,0.25,148.81,442.05,1,1
535.7,0.25,93.65,442.05,1,1
579.72,0.25,114.97,464.74,1,1
556.04,0.25,83.73,472.31,1,1
449.85,0.0,78.05,371.79,0,1
568.52,0.25,88.65,479.87,1,1
757.83,0.75,114.76,643.08,3,1
693.14,0.75,80.32,612.82,3,1
630.76,0.5,95.76,535.0,2,1
668.05,0.75,77.92,590.13,3,1
520.8,0.25,63.62,457.18,1,1
458.55,0.0,86.76,371.79,0,1
605.49,0.5,78.05,527.44,2,1
