"Total_Cost","Ratio_Reloc_Prod","Horiz_Cost","Vert_Cost","nReloc","non_Optimal"
239008.11,0.4707,45589.21,193418.79,706,150
683.24,0.2,87.73,595.51,1,0
960.76,0.8,139.35,821.41,4,1
529.98,0.0,50.11,479.87,0,0
841.47,0.4,168.14,673.33,2,1
1038.23,1.0,131.43,906.79,5,1
612.9,0.0,125.46,487.44,0,0
1199.64,1.4,167.46,1032.18,7,1
553.34,0.0,96.16,457.18,0,0
589.01,0.0,124.27,464.74,0,1
681.63,0.4,68.81,612.82,2,0
741.45,0.2,176.19,565.26,1,0
1128.05,1.2,158.57,969.49,6,1
943.1,0.6,199.51,743.59,3,0
704.59,0.4,61.51,643.08,2,1
927.58,0.6,214.24,713.33,3,0
526.72,0.0,77.11,449.62,0,0
558.74,0.0,94.0,464.74,0,0
770.54,0.4,127.46,643.08,2,0
914.92,0.8,146.46,768.46,4,0
986.26,0.8,195.11,791.15,4,0
963.7,0.6,227.68,736.03,3,0
1320.21,0.6,682.51,637.69,3,1
1034.41,0.8,205.43,828.97,4,0
837.32,0.6,161.81,675.51,3,1
549.18,0.0,84.43,464.74,0,0
819.54,0.4,176.46,643.08,2,1
611.39,0.2,106.65,504.74,1,1
670.83,0.2,128.27,542.56,1,0
1317.73,0.6,649.78,667.95,3,1
546.04,0.0,73.73,472.31,0,0
460.06,0.0,40.7,419.36,0,0
584.96,0.0,127.78,457.18,0,1
514.7,0.0,80.22,434.49,0,0
890.63,0.8,144.86,745.77,4,0
444.5,0.0,32.7,411.79,0,1
947.98,0.8,179.51,768.46,4,1
914.27,0.6,185.81,728.46,3,0
1096.86,1.0,220.32,876.54,5,0
944.41,0.8,175.95,768.46,4,0
817.55,0.4,151.78,665.77,2,1
645.88,0.2,80.62,565.26,1,0
767.62,0.4,139.68,627.95,2,1
707.42,0.4,109.73,597.69,2,1
645.69,0.4,48.0,597.69,2,0
703.47,0.6,58.22,645.26,3,1
837.88,0.6,147.24,690.64,3,1
1197.19,1.2,227.7,969.49,6,0
923.32,0.8,132.16,791.15,4,1
503.78,0.0,61.73,442.05,0,0
937.55,0.8,184.22,753.33,4,1
785.46,0.4,157.51,627.95,2,0
816.67,0.6,141.16,675.51,3,1
986.88,0.8,180.59,806.28,4,0
610.89,0.2,68.32,542.56,1,0
757.65,0.4,137.27,620.38,2,0
502.96,0.0,38.22,464.74,0,1
851.95,0.6,131.05,720.9,3,0
751.42,0.4,146.16,605.26,2,0
764.04,0.2,206.35,557.69,1,1
730.28,0.4,117.46,612.82,2,0
909.89,0.8,133.86,776.03,4,1
656.46,0.2,121.46,535.0,1,0
555.56,0.0,98.38,457.18,0,0
622.34,0.0,157.59,464.74,0,1
1183.17,1.4,196.38,986.79,7,1
747.08,0.6,64.0,683.08,3,0
652.56,0.2,102.43,550.13,1,0
907.68,0.6,186.78,720.9,3,0
1244.34,1.2,297.54,946.79,6,0
709.09,0.4,103.84,605.26,2,0
766.36,0.4,145.97,620.38,2,1
764.55,0.6,104.16,660.38,3,1
857.13,0.6,166.49,690.64,3,0
1107.46,1.2,206.05,901.41,6,1
721.28,0.2,208.97,512.31,1,0
895.98,1.0,155.59,740.38,5,0
981.16,1.0,157.57,823.59,5,1
549.0,0.0,106.95,442.05,0,1
692.45,0.4,94.76,597.69,2,1
658.01,0.4,98.14,559.87,2,1
692.51,0.4,109.95,582.56,2,0
624.24,0.2,89.24,535.0,1,0
785.79,0.4,165.41,620.38,2,1
996.17,0.8,189.89,806.28,4,0
613.47,0.2,108.73,504.74,1,1
949.71,0.8,188.81,760.9,4,1
467.98,0.0,48.62,419.36,0,0
545.55,0.2,40.81,504.74,1,0
992.52,1.0,138.68,853.85,5,1
501.19,0.0,59.14,442.05,0,1
468.88,0.0,64.65,404.23,0,0
532.42,0.0,75.24,457.18,0,0
715.6,0.4,87.65,627.95,2,1
455.42,0.0,43.62,411.79,0,1
971.66,1.0,132.95,838.72,5,0
673.05,0.4,82.92,590.13,2,1
1206.75,1.2,275.08,931.67,6,1
791.51,0.2,241.38,550.13,1,0
643.4,0.2,100.84,542.56,1,0
725.85,0.4,113.03,612.82,2,1
902.98,0.8,142.08,760.9,4,1
642.0,0.2,99.43,542.56,1,1
514.97,0.0,72.92,442.05,0,1
624.75,0.2,142.7,482.05,1,0
680.51,0.4,97.95,582.56,2,1
720.38,0.4,100.0,620.38,2,1
561.94,0.0,112.32,449.62,0,0
448.5,0.0,36.7,411.79,0,1
558.98,0.2,92.05,466.92,1,1
750.76,0.4,130.38,620.38,2,0
1412.37,0.8,674.16,738.21,4,1
686.02,0.2,128.32,557.69,1,0
930.11,0.8,161.65,768.46,4,1
1007.94,0.8,231.92,776.03,4,0
947.92,1.0,139.46,808.46,5,1
1107.99,1.0,223.89,884.1,5,0
694.98,0.2,122.16,572.82,1,1
818.91,0.6,128.27,690.64,3,0
759.6,0.6,99.22,660.38,3,1
1043.33,1.0,174.35,868.97,5,0
866.44,0.6,206.05,660.38,3,1
1399.0,1.4,336.57,1062.44,7,0
787.78,0.4,144.7,643.08,2,0
776.46,0.4,140.95,635.51,2,1
515.77,0.0,51.03,464.74,0,0
685.7,0.2,135.57,550.13,1,1
915.09,0.6,254.7,660.38,3,0
871.14,0.6,142.68,728.46,3,1
1129.61,1.0,290.89,838.72,5,0
694.14,0.2,166.7,527.44,1,1
778.48,0.6,87.84,690.64,3,0
547.61,0.0,90.43,457.18,0,0
743.06,0.4,115.11,627.95,2,1
1541.29,1.6,408.59,1132.69,8,0
1073.51,1.0,257.49,816.03,5,0
864.85,0.6,159.08,705.77,3,1
1039.46,0.8,210.49,828.97,4,0
869.01,0.6,163.24,705.77,3,1
870.89,0.6,134.86,736.03,3,1
494.54,0.0,67.62,426.92,0,0
795.62,0.6,112.54,683.08,3,1
751.82,0.4,131.43,620.38,2,1
778.38,0.6,110.43,667.95,3,1
1148.01,1.4,168.78,979.23,7,1
934.11,0.8,173.22,760.9,4,1
1063.16,1.0,194.19,868.97,5,1
1118.61,1.0,211.81,906.79,5,1
815.75,0.6,132.68,683.08,3,1
1008.58,1.0,169.86,838.72,5,0
1228.6,1.2,274.24,954.36,6,0
686.54,0.2,159.11,527.44,1,0
955.8,0.8,210.03,745.77,4,0
920.61,0.6,222.41,698.21,3,0
851.71,0.6,138.38,713.33,3,0
1023.07,1.0,191.92,831.15,5,0
673.26,0.4,83.14,590.13,2,1
1098.18,1.2,174.08,924.1,6,1
1247.4,0.8,516.76,730.64,4,1
719.34,0.2,169.22,550.13,1,0
1273.35,1.2,303.86,969.49,6,0
808.1,0.4,149.89,658.21,2,0
679.02,0.4,81.32,597.69,2,0
782.75,0.2,240.19,542.56,1,1
556.42,0.0,84.11,472.31,0,0
532.11,0.0,90.05,442.05,0,0
799.22,0.2,264.22,535.0,1,1
862.82,0.6,210.0,652.82,3,0
1131.23,1.0,224.43,906.79,5,0
823.13,0.4,172.49,650.64,2,0
732.3,0.4,104.35,627.95,2,1
810.58,0.4,205.32,605.26,2,0
584.04,0.0,126.86,457.18,0,0
863.87,0.6,142.97,720.9,3,1
829.07,0.6,130.86,698.21,3,1
668.44,0.2,95.62,572.82,1,1
599.75,0.0,142.57,457.18,0,1
829.55,0.4,209.16,620.38,2,0
672.64,0.2,114.95,557.69,1,1
669.69,0.4,64.43,605.26,2,1
831.43,0.8,108.35,723.08,4,0
729.9,0.6,69.51,660.38,3,1
726.11,0.4,105.73,620.38,2,1
499.59,0.0,57.54,442.05,0,1
1166.46,1.0,236.97,929.49,5,0
521.56,0.0,71.95,449.62,0,0
680.08,0.2,145.08,535.0,1,1
879.9,0.6,159.0,720.9,3,1
1114.65,1.2,198.11,916.54,6,0
970.34,0.8,179.19,791.15,4,0
709.26,0.2,151.57,557.69,1,1
737.13,0.4,147.0,590.13,2,0
775.32,0.4,132.24,643.08,2,0
816.49,0.4,188.54,627.95,2,0
1348.38,0.8,640.43,707.95,4,1
793.78,0.4,211.22,582.56,2,0
533.39,0.0,53.51,479.87,0,0
648.56,0.2,106.0,542.56,1,1
577.67,0.2,88.05,489.62,1,1
588.31,0.2,76.0,512.31,1,1
816.46,0.4,180.95,635.51,2,1
809.56,0.4,166.49,643.08,2,0
673.56,0.2,115.86,557.69,1,1
744.77,0.4,147.08,597.69,2,0
837.1,0.4,194.03,643.08,2,0
549.8,0.0,85.05,464.74,0,0
787.59,0.4,152.08,635.51,2,1
501.89,0.0,59.84,442.05,0,1
970.65,0.8,194.62,776.03,4,0
599.12,0.2,86.81,512.31,1,1
841.27,0.4,266.27,575.0,2,1
784.61,0.4,186.92,597.69,2,0
637.59,0.2,95.03,542.56,1,0
667.5,0.2,102.24,565.26,1,1
960.62,0.8,184.59,776.03,4,0
879.65,0.8,118.76,760.9,4,1
826.37,0.6,135.73,690.64,3,0
756.09,0.4,90.32,665.77,2,0
630.87,0.2,103.43,527.44,1,1
695.37,0.2,137.68,557.69,1,1
1113.01,1.0,259.16,853.85,5,1
823.1,0.6,132.46,690.64,3,0
798.94,0.6,115.86,683.08,3,1
1016.28,0.8,255.38,760.9,4,0
1236.23,1.2,228.92,1007.31,6,1
676.02,0.2,133.46,542.56,1,1
885.32,0.8,101.73,783.59,4,1
794.14,0.6,133.76,660.38,3,1
586.7,0.0,152.22,434.49,0,0
581.68,0.2,61.81,519.87,1,1
708.26,0.4,57.62,650.64,2,1
897.85,0.6,199.65,698.21,3,1
631.05,0.2,80.92,550.13,1,1
567.3,0.0,132.81,434.49,0,1
681.46,0.2,146.46,535.0,1,0
867.74,0.6,161.97,705.77,3,1
775.34,0.4,170.08,605.26,2,1
1057.98,1.2,171.7,886.28,6,0
730.74,0.4,110.35,620.38,2,1
817.98,0.6,104.65,713.33,3,0
616.76,0.2,89.32,527.44,1,1
688.53,0.2,130.84,557.69,1,0
509.51,0.0,75.03,434.49,0,1
849.37,0.6,151.16,698.21,3,1
605.41,0.2,70.41,535.0,1,1
942.53,0.8,151.38,791.15,4,1
665.64,0.2,107.95,557.69,1,1
652.34,0.2,94.65,557.69,1,0
661.58,0.4,56.32,605.26,2,0
1029.29,0.8,185.19,844.1,4,0
720.12,0.2,147.3,572.82,1,1
1156.6,1.0,234.68,921.92,5,0
971.35,0.8,187.76,783.59,4,1
701.18,0.4,95.92,605.26,2,1
668.48,0.2,118.35,550.13,1,1
570.7,0.2,35.7,535.0,1,0
531.11,0.0,89.05,442.05,0,0
445.2,0.0,33.41,411.79,0,1
873.01,0.6,159.68,713.33,3,0
696.61,0.2,131.35,565.26,1,0
1017.47,0.8,203.62,813.85,4,0
685.48,0.2,135.35,550.13,1,0
663.92,0.2,121.35,542.56,1,1
616.58,0.0,159.41,457.18,0,1
895.43,0.2,413.38,482.05,1,1
785.26,0.4,195.14,590.13,2,0
698.77,0.2,141.08,557.69,1,0
635.31,0.2,77.62,557.69,1,0
527.27,0.0,100.35,426.92,0,1
716.35,0.2,188.92,527.44,1,1
783.23,0.4,177.97,605.26,2,1
864.86,0.6,128.84,736.03,3,1
740.95,0.4,120.57,620.38,2,0
671.2,0.2,105.95,565.26,1,0
979.98,0.6,259.08,720.9,3,0
1043.76,1.0,174.78,868.97,5,1
805.86,0.4,162.78,643.08,2,1
823.83,0.6,140.76,683.08,3,1
843.89,0.6,168.38,675.51,3,0
736.61,0.4,131.35,605.26,2,1
776.2,0.4,155.81,620.38,2,0
873.13,0.6,129.54,743.59,3,1
663.87,0.4,96.43,567.44,2,1
593.23,0.2,96.05,497.18,1,1
664.19,0.4,81.62,582.56,2,1
566.79,0.2,46.92,519.87,1,0
912.64,0.6,214.43,698.21,3,0
706.16,0.2,163.59,542.56,1,0
553.13,0.0,95.95,457.18,0,0
637.81,0.2,95.24,542.56,1,1
700.04,0.4,102.35,597.69,2,1
925.81,0.6,189.78,736.03,3,0
923.25,0.8,162.35,760.9,4,0
1139.54,0.8,303.0,836.54,4,0
1218.92,1.4,201.86,1017.05,7,1
612.58,0.2,107.84,504.74,1,1
956.37,0.8,218.16,738.21,4,0
1065.1,0.6,321.51,743.59,3,0
820.48,0.4,177.41,643.08,2,0
887.91,0.4,229.7,658.21,2,0
1106.72,0.8,308.0,798.72,4,0
