"Total_Cost","Ratio_Reloc_Prod","Horiz_Cost","Vert_Cost","nReloc","non_Optimal"
270328.36,0.7713,57069.33,213259.12,1157,208
499.57,0.0,72.65,426.92,0,0
662.79,0.6,62.92,599.87,3,0
743.21,0.6,120.65,622.56,3,1
540.36,0.2,73.43,466.92,1,0
647.99,0.4,103.24,544.74,2,1
798.58,0.6,145.76,652.82,3,1
567.19,0.2,100.27,466.92,1,1
618.12,0.2,166.32,451.79,1,1
582.47,0.0,163.11,419.36,0,0
769.31,0.6,124.05,645.26,3,1
801.53,0.8,123.84,677.69,4,0
846.47,0.8,146.08,700.38,4,1
575.75,0.2,86.14,489.62,1,0
588.84,0.2,106.78,482.05,1,1
1137.24,0.8,414.16,723.08,4,1
1044.89,1.4,95.92,948.97,7,1
1772.56,1.2,893.84,878.72,6,1
570.44,0.2,111.08,459.36,1,0
605.26,0.2,108.08,497.18,1,1
1666.0,1.0,857.54,808.46,5,1
505.93,0.0,86.57,419.36,0,0
610.05,0.2,128.0,482.05,1,0
738.28,0.6,145.97,592.31,3,0
1616.46,1.2,707.49,908.97,6,1
1146.55,1.0,353.22,793.33,5,1
1079.88,1.4,161.16,918.72,7,1
1588.11,1.0,779.65,808.46,5,1
867.91,0.8,137.27,730.64,4,0
469.01,0.0,57.22,411.79,0,0
856.45,0.6,218.76,637.69,3,1
577.27,0.2,110.35,466.92,1,0
1565.65,1.4,609.11,956.54,7,1
1357.33,1.6,375.92,981.41,8,1
678.6,0.4,111.16,567.44,2,0
610.78,0.2,121.16,489.62,1,0
661.02,0.4,63.32,597.69,2,1
717.74,0.6,64.92,652.82,3,1
847.19,0.8,131.68,715.51,4,0
921.44,1.0,135.68,785.77,5,1
639.44,0.4,87.14,552.31,2,0
1000.18,1.2,121.46,878.72,6,1
1029.5,1.2,150.78,878.72,6,1
578.4,0.2,96.35,482.05,1,0
666.1,0.4,83.54,582.56,2,1
1271.33,1.6,221.84,1049.49,8,1
496.13,0.0,46.51,449.62,0,0
893.22,1.0,92.32,800.9,5,1
1027.03,1.2,125.62,901.41,6,1
724.6,0.6,64.22,660.38,3,0
794.84,0.6,194.97,599.87,3,1
765.72,0.6,120.46,645.26,3,1
707.48,0.6,84.92,622.56,3,0
950.0,1.0,133.97,816.03,5,1
895.96,0.8,157.76,738.21,4,1
892.93,1.0,114.73,778.21,5,1
972.11,1.2,123.65,848.46,6,1
1895.44,1.4,893.51,1001.92,7,1
798.57,0.6,191.14,607.44,3,1
464.02,0.0,74.92,389.1,0,0
1210.05,1.6,160.57,1049.49,8,1
463.58,0.0,44.22,419.36,0,0
1138.16,1.4,189.19,948.97,7,1
899.11,1.0,98.22,800.9,5,1
702.76,0.4,135.32,567.44,2,0
647.76,0.4,80.32,567.44,2,0
907.29,1.0,136.65,770.64,5,1
697.25,0.6,104.95,592.31,3,1
1482.09,2.0,322.35,1159.74,10,1
711.1,0.6,73.41,637.69,3,0
485.89,0.0,51.41,434.49,0,0
628.95,0.4,61.51,567.44,2,0
621.26,0.4,91.65,529.62,2,0
533.62,0.2,44.0,489.62,1,0
2319.05,1.6,1269.57,1049.49,8,1
908.78,1.0,138.14,770.64,5,1
561.99,0.0,165.32,396.67,0,1
856.67,0.8,141.16,715.51,4,1
1025.44,1.2,124.03,901.41,6,1
528.62,0.0,94.14,434.49,0,0
1525.39,1.8,398.08,1127.31,9,1
911.17,0.8,150.27,760.9,4,0
573.76,0.2,106.84,466.92,1,0
924.7,1.0,116.24,808.46,5,1
881.67,0.8,158.59,723.08,4,1
955.17,1.0,169.41,785.77,5,1
1225.22,1.6,190.86,1034.36,8,1
1285.65,1.6,296.68,988.97,8,1
1017.08,0.4,442.08,575.0,2,1
829.84,0.8,129.46,700.38,4,1
801.07,0.6,155.81,645.26,3,1
500.54,0.0,73.62,426.92,0,0
648.9,0.4,89.03,559.87,2,1
793.27,0.8,85.32,707.95,4,1
1363.86,1.8,259.24,1104.62,9,1
916.34,0.8,178.14,738.21,4,1
813.06,0.8,120.24,692.82,4,1
887.78,0.8,164.7,723.08,4,1
1625.47,1.6,606.24,1019.23,8,1
536.05,0.2,54.0,482.05,1,0
572.86,0.2,83.24,489.62,1,0
1730.88,1.0,884.59,846.28,5,1
1839.67,0.8,1116.59,723.08,4,1
774.79,0.6,106.84,667.95,3,1
1151.26,1.6,132.03,1019.23,8,1
800.43,0.6,117.35,683.08,3,1
531.89,0.2,57.41,474.49,1,0
803.73,0.8,88.22,715.51,4,1
662.14,0.4,87.14,575.0,2,0
718.47,0.6,73.22,645.26,3,0
903.95,1.0,110.62,793.33,5,1
1520.64,2.0,307.95,1212.69,10,1
751.47,0.6,98.65,652.82,3,1
832.32,0.8,109.24,723.08,4,1
804.47,0.8,111.65,692.82,4,1
750.25,0.6,150.38,599.87,3,1
642.05,0.2,160.0,482.05,1,0
775.46,0.6,99.95,675.51,3,0
743.36,0.6,90.54,652.82,3,1
818.18,0.8,148.05,670.13,4,1
644.49,0.4,84.62,559.87,2,0
630.69,0.2,118.38,512.31,1,0
1018.29,1.2,139.57,878.72,6,1
732.75,0.6,102.62,630.13,3,1
837.54,0.8,122.03,715.51,4,1
803.45,0.6,158.19,645.26,3,1
877.7,0.8,162.19,715.51,4,1
1124.71,1.4,183.3,941.41,7,1
792.24,0.8,76.73,715.51,4,1
788.11,0.6,120.16,667.95,3,1
929.15,1.0,90.43,838.72,5,1
928.16,1.0,165.08,763.08,5,0
809.29,0.8,86.22,723.08,4,1
831.03,0.8,123.08,707.95,4,1
1211.59,1.2,355.57,856.03,6,1
1126.73,1.4,177.76,948.97,7,1
1132.16,1.4,183.19,948.97,7,1
439.18,0.0,42.51,396.67,0,0
973.0,1.0,96.46,876.54,5,1
856.59,0.8,125.95,730.64,4,0
700.24,0.6,70.11,630.13,3,0
648.14,0.4,73.14,575.0,2,1
743.57,0.6,75.62,667.95,3,1
811.29,0.8,88.22,723.08,4,0
790.54,0.6,183.11,607.44,3,0
815.14,0.8,61.81,753.33,4,1
1063.11,1.4,114.14,948.97,7,1
760.39,0.6,107.57,652.82,3,1
911.2,1.0,170.81,740.38,5,1
828.2,0.8,142.95,685.26,4,1
811.85,0.8,119.03,692.82,4,1
689.42,0.4,144.68,544.74,2,1
670.68,0.4,103.24,567.44,2,1
1375.2,1.8,240.32,1134.87,9,1
771.52,0.6,111.14,660.38,3,1
1057.9,1.0,204.05,853.85,5,1
899.87,1.0,106.54,793.33,5,1
764.6,0.6,96.65,667.95,3,1
1164.39,1.2,225.16,939.23,6,1
576.01,0.0,111.27,464.74,0,0
951.44,1.0,165.68,785.77,5,1
1125.41,1.4,184.0,941.41,7,1
2035.15,1.2,1103.49,931.67,6,1
574.94,0.2,85.32,489.62,1,0
911.53,0.8,173.32,738.21,4,1
1021.77,1.2,196.0,825.77,6,1
945.94,1.0,175.3,770.64,5,1
868.5,1.0,82.73,785.77,5,1
565.64,0.2,76.03,489.62,1,1
656.47,0.4,104.16,552.31,2,0
2158.75,1.6,1033.62,1125.13,8,1
481.72,0.0,85.05,396.67,0,0
1626.98,1.2,725.57,901.41,6,1
1202.99,1.6,198.89,1004.1,8,1
683.28,0.4,130.97,552.31,2,1
1776.92,1.4,775.0,1001.92,7,1
505.99,0.0,48.81,457.18,0,0
776.01,0.8,75.62,700.38,4,1
664.95,0.4,89.95,575.0,2,1
583.35,0.2,108.86,474.49,1,0
858.51,0.8,127.86,730.64,4,1
795.85,0.8,103.03,692.82,4,1
997.8,1.2,126.65,871.15,6,1
524.01,0.0,119.78,404.23,0,0
786.1,0.6,155.97,630.13,3,0
1304.38,1.8,161.95,1142.44,9,1
819.88,0.8,149.76,670.13,4,0
825.05,0.8,109.54,715.51,4,1
999.48,1.2,67.81,931.67,6,1
644.45,0.4,54.32,590.13,2,0
755.74,0.6,95.35,660.38,3,1
853.83,0.8,130.76,723.08,4,1
898.83,1.0,135.76,763.08,5,1
943.94,0.8,220.86,723.08,4,1
910.11,0.8,141.65,768.46,4,1
945.55,1.0,144.65,800.9,5,1
945.01,1.0,151.68,793.33,5,1
1001.51,1.2,137.92,863.59,6,1
797.89,0.6,122.38,675.51,3,0
577.2,0.2,57.32,519.87,1,0
846.34,0.8,108.14,738.21,4,1
1107.85,1.2,229.14,878.72,6,1
1005.94,1.2,142.35,863.59,6,1
641.28,0.4,96.54,544.74,2,0
657.95,0.4,82.95,575.0,2,0
546.39,0.2,87.03,459.36,1,0
1031.73,1.2,175.7,856.03,6,1
1268.1,1.4,288.86,979.23,7,1
840.21,0.8,117.14,723.08,4,1
1343.39,1.0,550.05,793.33,5,1
848.91,0.8,125.84,723.08,4,1
1168.87,1.0,360.41,808.46,5,1
1842.96,1.6,763.22,1079.74,8,1
685.16,0.4,110.16,575.0,2,1
456.2,0.0,44.41,411.79,0,0
840.88,0.8,110.24,730.64,4,1
1350.86,1.8,238.68,1112.18,9,1
1024.43,1.0,215.97,808.46,5,1
753.99,0.6,108.73,645.26,3,1
672.97,0.4,82.84,590.13,2,1
502.15,0.0,90.35,411.79,0,0
679.48,0.4,149.86,529.62,2,1
1022.21,1.2,166.19,856.03,6,1
611.38,0.2,136.89,474.49,1,0
555.09,0.2,88.16,466.92,1,0
1365.83,1.0,534.68,831.15,5,1
504.01,0.0,84.65,419.36,0,0
742.2,0.6,96.95,645.26,3,1
544.59,0.2,62.54,482.05,1,1
2351.61,1.8,1186.49,1165.13,9,1
857.25,0.8,149.3,707.95,4,1
1050.44,1.2,164.16,886.28,6,1
1021.25,1.2,119.84,901.41,6,1
762.39,0.6,109.57,652.82,3,1
730.64,0.6,92.95,637.69,3,1
958.24,1.0,134.65,823.59,5,1
914.14,1.0,113.24,800.9,5,0
518.44,0.2,51.51,466.92,1,0
1145.1,1.4,181.0,964.1,7,1
560.21,0.2,63.03,497.18,1,0
746.06,0.6,93.24,652.82,3,1
882.18,1.0,111.54,770.64,5,1
643.48,0.4,60.92,582.56,2,1
1965.82,1.8,846.08,1119.74,9,1
1579.75,2.0,427.57,1152.18,10,1
967.49,1.0,211.97,755.51,5,1
567.04,0.0,155.24,411.79,0,0
507.58,0.0,103.35,404.23,0,0
1287.41,1.8,152.54,1134.87,9,1
1764.01,1.4,784.78,979.23,7,1
479.1,0.0,82.43,396.67,0,0
907.75,0.8,230.05,677.69,4,0
791.25,0.4,231.38,559.87,2,1
1361.04,1.6,334.24,1026.79,8,1
673.98,0.4,106.54,567.44,2,0
791.95,0.6,131.57,660.38,3,1
661.22,0.4,86.22,575.0,2,1
1256.12,1.4,276.89,979.23,7,1
674.64,0.4,129.89,544.74,2,1
1707.86,1.8,656.19,1051.67,9,1
707.7,0.4,117.57,590.13,2,0
1262.02,1.6,197.41,1064.62,8,1
824.67,0.8,94.03,730.64,4,1
604.39,0.2,99.65,504.74,1,0
549.64,0.2,60.03,489.62,1,0
455.69,0.0,59.03,396.67,0,0
1316.42,1.8,196.68,1119.74,9,1
626.47,0.4,81.73,544.74,2,1
1627.51,1.2,710.97,916.54,6,1
987.51,1.2,176.86,810.64,6,1
482.83,0.0,86.16,396.67,0,0
1280.07,1.6,253.27,1026.79,8,1
877.79,0.8,177.41,700.38,4,1
978.18,1.0,139.46,838.72,5,1
441.79,0.0,30.0,411.79,0,0
982.21,1.2,111.05,871.15,6,1
1433.77,1.8,245.95,1187.82,9,1
1255.03,1.4,313.62,941.41,7,1
1178.04,1.4,251.76,926.28,7,1
576.07,0.2,71.32,504.74,1,0
755.42,0.6,110.16,645.26,3,0
469.91,0.0,73.24,396.67,0,0
781.72,0.6,83.51,698.21,3,1
557.11,0.2,75.05,482.05,1,0
1221.34,1.6,149.16,1072.18,8,1
558.52,0.2,99.16,459.36,1,0
1442.24,1.0,626.22,816.03,5,1
479.86,0.0,90.76,389.1,0,0
952.05,1.0,128.46,823.59,5,1
1103.12,1.2,148.76,954.36,6,1
1019.69,1.2,140.97,878.72,6,1
829.57,0.8,114.05,715.51,4,1
843.03,0.6,182.65,660.38,3,0
748.38,0.6,133.38,615.0,3,1
560.61,0.2,63.43,497.18,1,1
691.37,0.4,101.24,590.13,2,0
1073.43,1.2,209.84,863.59,6,1
589.95,0.2,62.51,527.44,1,0
817.39,0.8,124.57,692.82,4,1
1102.14,1.4,153.16,948.97,7,1
1703.06,0.8,942.16,760.9,4,1
