"Total_Cost","Ratio_Reloc_Prod","Horiz_Cost","Vert_Cost","nReloc","non_Optimal"
221498.9,0.4233,33075.79,188423.13,635,250
1367.42,1.1667,234.73,1132.69,7,1
831.66,0.1667,158.32,673.33,1,1
755.13,0.1667,112.05,643.08,1,1
734.74,0.1667,114.35,620.38,1,1
756.51,0.1667,105.86,650.64,1,1
589.97,0.0,47.41,542.56,0,1
1240.02,1.0,162.46,1077.56,6,1
834.38,0.3333,98.35,736.03,2,1
829.7,0.3333,101.24,728.46,2,1
781.53,0.1667,130.89,650.64,1,1
1077.05,0.6667,200.51,876.54,4,1
915.67,0.5,132.08,783.59,3,1
815.64,0.3333,132.57,683.08,2,1
814.12,0.3333,108.35,705.77,2,1
904.66,0.5,105.95,798.72,3,1
967.24,0.5,138.27,828.97,3,1
1053.72,0.6667,154.49,899.23,4,1
708.79,0.1667,80.84,627.95,1,1
1122.74,0.8333,183.51,939.23,5,1
744.26,0.1667,86.05,658.21,1,1
1036.9,0.6667,190.62,846.28,4,1
661.84,0.1667,86.84,575.0,1,1
1310.18,1.3333,145.05,1165.13,8,1
663.51,0.1667,80.95,582.56,1,1
1295.93,1.1667,155.68,1140.26,7,1
1071.41,0.6667,149.49,921.92,4,1
869.91,0.5,86.32,783.59,3,1
1151.26,0.8333,219.59,931.67,5,1
966.08,0.6667,89.54,876.54,4,1
947.79,0.5,126.38,821.41,3,1
902.3,0.3333,181.41,720.9,2,1
1039.06,0.6667,170.08,868.97,4,1
619.53,0.0,69.41,550.13,0,1
764.66,0.1667,91.32,673.33,1,1
841.21,0.1667,198.14,643.08,1,1
946.94,0.5,170.92,776.03,3,1
1186.44,0.8333,224.51,961.92,5,1
1024.03,0.5,202.62,821.41,3,1
579.2,0.0,59.32,519.87,0,1
911.64,0.5,128.05,783.59,3,1
824.47,0.5,71.14,753.33,3,1
562.79,0.0,42.92,519.87,0,1
946.97,0.5,163.38,783.59,3,1
948.77,0.5,195.43,753.33,3,1
595.41,0.0,75.54,519.87,0,1
851.55,0.3333,145.78,705.77,2,1
960.76,0.5,184.73,776.03,3,1
896.82,0.3333,183.49,713.33,2,1
753.36,0.1667,132.97,620.38,1,1
996.32,0.6667,104.65,891.67,4,1
871.81,0.5,103.35,768.46,3,1
939.62,0.3333,196.03,743.59,2,1
726.2,0.3333,65.81,660.38,2,1
764.62,0.1667,121.54,643.08,1,1
710.29,0.1667,67.22,643.08,1,1
1013.24,0.6667,144.27,868.97,4,1
685.53,0.1667,87.84,597.69,1,1
847.29,0.1667,189.08,658.21,1,1
912.7,0.3333,169.11,743.59,2,1
996.98,0.6667,143.14,853.85,4,1
744.38,0.1667,116.43,627.95,1,1
937.49,0.5,123.65,813.85,3,1
626.75,0.0,76.62,550.13,0,1
995.11,0.6667,118.57,876.54,4,1
1225.5,1.0,178.19,1047.31,6,1
1058.17,0.6667,136.24,921.92,4,1
795.48,0.1667,152.41,643.08,1,1
1024.87,0.6667,110.51,914.36,4,1
1102.49,0.6667,173.0,929.49,4,1
1117.89,0.6667,188.41,929.49,4,1
888.77,0.3333,175.43,713.33,2,1
859.23,0.3333,145.89,713.33,2,1
800.15,0.1667,134.38,665.77,1,1
684.16,0.0,141.59,542.56,0,1
583.95,0.0,56.51,527.44,0,1
686.3,0.1667,65.92,620.38,1,1
991.8,0.5,185.51,806.28,3,1
964.46,0.5,188.43,776.03,3,1
958.88,0.5,152.59,806.28,3,1
1004.32,0.6667,112.65,891.67,4,1
882.78,0.5,106.76,776.03,3,1
1006.19,0.6667,129.65,876.54,4,1
972.58,0.5,173.86,798.72,3,1
979.73,0.5,150.76,828.97,3,1
891.62,0.3333,155.59,736.03,2,1
625.86,0.0,75.73,550.13,0,1
932.18,0.5,133.46,798.72,3,1
1212.88,1.0,165.57,1047.31,6,1
1046.63,0.8333,152.78,893.85,5,1
787.31,0.1667,182.05,605.26,1,1
1154.36,0.8333,200.0,954.36,5,1
819.96,0.3333,121.76,698.21,2,1
1179.88,1.0,193.08,986.79,6,1
781.07,0.3333,90.43,690.64,2,1
869.84,0.3333,141.38,728.46,2,1
1006.31,0.5,200.03,806.28,3,1
872.96,0.5,81.81,791.15,3,1
874.17,0.5,60.32,813.85,3,1
1235.92,1.0,226.43,1009.49,6,1
588.03,0.0,53.03,535.0,0,1
728.49,0.1667,100.54,627.95,1,1
701.76,0.1667,73.81,627.95,1,1
743.21,0.1667,100.14,643.08,1,1
813.15,0.3333,114.95,698.21,2,1
673.42,0.1667,75.73,597.69,1,1
843.74,0.5,82.84,760.9,3,1
930.62,0.6667,107.03,823.59,4,1
547.96,0.0,43.22,504.74,0,1
600.65,0.0,73.22,527.44,0,1
595.39,0.0,75.51,519.87,0,1
1046.14,0.6667,192.3,853.85,4,1
746.59,0.3333,63.51,683.08,2,1
817.37,0.3333,119.16,698.21,2,1
626.33,0.0,106.46,519.87,0,1
1051.53,0.8333,127.43,924.1,5,1
831.83,0.1667,173.62,658.21,1,1
942.71,0.3333,229.38,713.33,2,1
937.85,0.5,131.57,806.28,3,1
785.66,0.3333,72.32,713.33,2,1
610.51,0.0,75.51,535.0,0,1
973.9,0.6667,120.05,853.85,4,1
674.09,0.1667,53.7,620.38,1,1
1061.03,0.6667,146.68,914.36,4,1
822.15,0.3333,123.95,698.21,2,1
857.85,0.5,104.51,753.33,3,1
1044.2,0.6667,144.97,899.23,4,1
600.28,0.0,80.41,519.87,0,1
1461.43,1.3333,243.35,1218.08,8,1
997.89,0.5,168.92,828.97,3,1
1152.13,0.8333,175.08,977.05,5,1
580.41,0.0,45.41,535.0,0,1
1005.53,0.5,199.24,806.28,3,1
1058.26,0.6667,219.54,838.72,4,1
634.02,0.0,76.32,557.69,0,1
675.26,0.1667,70.0,605.26,1,1
721.96,0.3333,69.14,652.82,2,1
886.86,0.5,95.7,791.15,3,1
824.21,0.3333,133.57,690.64,2,1
843.39,0.5,90.05,753.33,3,1
1040.31,0.5,226.46,813.85,3,1
1034.63,0.5,228.35,806.28,3,1
601.92,0.0,66.92,535.0,0,1
973.22,0.6667,111.81,861.41,4,1
841.57,0.3333,120.68,720.9,2,1
649.83,0.0,92.14,557.69,0,1
981.07,0.5,189.92,791.15,3,1
1314.27,1.1667,211.84,1102.44,7,1
1221.3,1.0,158.86,1062.44,6,1
822.41,0.3333,101.51,720.9,2,1
1091.06,0.8333,129.14,961.92,5,1
680.96,0.0,108.14,572.82,0,1
955.1,0.5,156.38,798.72,3,1
858.43,0.3333,129.97,728.46,2,1
836.2,0.3333,122.86,713.33,2,1
1039.57,0.6667,170.59,868.97,4,1
747.44,0.1667,127.05,620.38,1,1
608.06,0.0,80.62,527.44,0,1
612.52,0.0,92.65,519.87,0,1
817.4,0.3333,126.76,690.64,2,1
783.37,0.1667,125.16,658.21,1,1
930.67,0.5,147.08,783.59,3,1
882.57,0.5,106.54,776.03,3,1
757.76,0.1667,137.38,620.38,1,1
1104.63,0.8333,203.22,901.41,5,1
750.46,0.3333,82.51,667.95,2,1
749.52,0.1667,121.57,627.95,1,1
764.93,0.1667,106.73,658.21,1,1
637.86,0.0,87.73,550.13,0,1
863.21,0.5,79.62,783.59,3,1
1261.43,1.0,251.95,1009.49,6,1
778.57,0.1667,158.19,620.38,1,1
660.88,0.0,110.76,550.13,0,1
1386.55,1.3333,198.73,1187.82,8,1
819.35,0.3333,83.32,736.03,2,1
934.39,0.5,135.68,798.72,3,1
657.34,0.0,99.65,557.69,0,1
1033.79,0.8333,139.95,893.85,5,1
885.19,0.5,116.73,768.46,3,1
1121.51,0.8333,144.46,977.05,5,1
1134.6,0.8333,165.11,969.49,5,1
750.83,0.1667,107.76,643.08,1,1
1010.12,0.6667,171.41,838.72,4,1
588.11,0.0,53.11,535.0,0,1
1011.96,0.3333,253.24,758.72,2,1
653.48,0.1667,70.92,582.56,1,1
756.62,0.1667,113.54,643.08,1,1
721.47,0.1667,108.65,612.82,1,1
1278.77,1.0,231.46,1047.31,6,1
852.12,0.3333,138.78,713.33,2,1
1142.61,1.0,163.38,979.23,6,1
1275.54,1.1667,173.11,1102.44,7,1
757.8,0.1667,107.16,650.64,1,1
1033.05,0.6667,141.38,891.67,4,1
617.16,0.0,67.03,550.13,0,1
672.76,0.1667,97.76,575.0,1,1
742.86,0.1667,107.35,635.51,1,1
1168.91,1.0,144.3,1024.62,6,1
1121.18,0.6667,237.08,884.1,4,1
953.45,0.5,162.3,791.15,3,1
794.75,0.3333,96.54,698.21,2,1
875.84,0.5,114.95,760.9,3,1
765.07,0.3333,74.43,690.64,2,1
1211.32,0.6667,274.27,937.05,4,1
619.92,0.0,84.92,535.0,0,1
935.09,0.5,121.24,813.85,3,1
987.61,0.3333,236.46,751.15,2,1
1035.47,0.8333,96.24,939.23,5,1
721.34,0.1667,70.7,650.64,1,1
915.03,0.5,146.57,768.46,3,1
968.38,0.5,146.97,821.41,3,1
745.3,0.1667,117.35,627.95,1,1
716.41,0.1667,96.03,620.38,1,1
1080.19,0.6667,203.65,876.54,4,1
760.97,0.1667,110.32,650.64,1,1
782.79,0.3333,114.84,667.95,2,1
791.22,0.1667,163.27,627.95,1,1
827.26,0.3333,129.05,698.21,2,1
834.07,0.3333,135.86,698.21,2,1
824.56,0.3333,141.49,683.08,2,1
827.09,0.5,81.32,745.77,3,1
1029.95,0.6667,160.97,868.97,4,1
931.82,0.5,125.54,806.28,3,1
807.1,0.1667,148.89,658.21,1,1
945.71,0.5,131.86,813.85,3,1
1000.4,0.5,209.24,791.15,3,1
1110.03,0.8333,155.68,954.36,5,1
988.91,0.6667,97.24,891.67,4,1
1086.42,0.6667,187.19,899.23,4,1
923.24,0.3333,187.22,736.03,2,1
1138.2,1.0,158.97,979.23,6,1
963.6,0.6667,94.62,868.97,4,1
843.06,0.3333,122.16,720.9,2,1
890.74,0.5,92.03,798.72,3,1
1118.18,0.6667,226.51,891.67,4,1
933.81,0.5,104.84,828.97,3,1
1098.2,0.6667,191.41,906.79,4,1
938.15,0.5,131.86,806.28,3,1
854.48,0.1667,203.84,650.64,1,1
628.78,0.0,86.22,542.56,0,1
706.28,0.1667,101.03,605.26,1,1
704.36,0.1667,91.54,612.82,1,1
857.27,0.3333,121.24,736.03,2,1
910.41,0.3333,189.51,720.9,2,1
868.52,0.3333,155.19,713.33,2,1
1064.31,0.8333,117.51,946.79,5,1
711.73,0.1667,76.22,635.51,1,1
731.78,0.1667,88.7,643.08,1,1
660.34,0.0,102.65,557.69,0,1
677.7,0.0,127.57,550.13,0,1
960.65,0.6667,99.24,861.41,4,1
