"Total_Cost","Ratio_Reloc_Prod","Horiz_Cost","Vert_Cost","nReloc","non_Optimal"
224422.97,0.4473,33236.1,191186.82,671,250
1367.42,1.1667,234.73,1132.69,7,1
831.66,0.1667,158.32,673.33,1,1
755.13,0.1667,112.05,643.08,1,1
734.74,0.1667,114.35,620.38,1,1
756.51,0.1667,105.86,650.64,1,1
619.02,0.0,61.32,557.69,0,1
1254.35,1.0,176.78,1077.56,6,1
837.67,0.3333,101.65,736.03,2,1
829.7,0.3333,101.24,728.46,2,1
788.13,0.1667,137.49,650.64,1,1
1079.75,0.6667,203.22,876.54,4,1
936.1,0.5,137.38,798.72,3,1
793.97,0.3333,118.46,675.51,2,1
791.26,0.3333,93.05,698.21,2,1
903.37,0.5,104.65,798.72,3,1
967.54,0.5,138.57,828.97,3,1
1053.72,0.6667,154.49,899.23,4,1
706.79,0.1667,78.84,627.95,1,1
974.39,0.5,168.11,806.28,3,1
744.26,0.1667,86.05,658.21,1,1
1008.37,0.6667,177.22,831.15,4,1
669.95,0.1667,94.95,575.0,1,1
1310.18,1.3333,145.05,1165.13,8,1
682.53,0.1667,84.84,597.69,1,1
1296.23,1.1667,155.97,1140.26,7,1
1071.41,0.6667,149.49,921.92,4,1
871.81,0.5,88.22,783.59,3,1
1119.87,0.8333,210.89,908.97,5,1
977.48,0.6667,100.95,876.54,4,1
947.79,0.5,126.38,821.41,3,1
903.6,0.3333,182.7,720.9,2,1
1022.9,0.6667,161.49,861.41,4,1
597.7,0.0,62.7,535.0,0,1
737.97,0.1667,87.32,650.64,1,1
835.81,0.1667,192.73,643.08,1,1
957.1,0.5,173.51,783.59,3,1
1115.88,0.6667,224.22,891.67,4,1
1024.03,0.5,202.62,821.41,3,1
579.2,0.0,59.32,519.87,0,1
756.73,0.1667,113.65,643.08,1,1
841.79,0.5,73.32,768.46,3,1
646.1,0.1667,48.41,597.69,1,1
948.92,0.5,172.89,776.03,3,1
967.11,0.5,206.22,760.9,3,1
593.87,0.0,66.43,527.44,0,1
864.66,0.3333,158.89,705.77,2,1
972.02,0.5,188.43,783.59,3,1
886.15,0.3333,180.38,705.77,2,1
734.09,0.1667,121.27,612.82,1,1
1044.04,0.8333,97.24,946.79,5,1
866.52,0.5,98.05,768.46,3,1
939.62,0.3333,196.03,743.59,2,1
726.2,0.3333,65.81,660.38,2,1
835.01,0.3333,129.24,705.77,2,1
710.29,0.1667,67.22,643.08,1,1
997.82,0.6667,143.97,853.85,4,1
611.27,0.0,83.84,527.44,0,1
1019.06,0.5,205.22,813.85,3,1
912.05,0.3333,160.89,751.15,2,1
996.98,0.6667,143.14,853.85,4,1
743.79,0.1667,115.84,627.95,1,1
1063.32,0.8333,131.65,931.67,5,1
612.29,0.0,69.73,542.56,0,1
995.11,0.6667,118.57,876.54,4,1
1226.79,1.0,179.49,1047.31,6,1
1143.69,0.8333,143.95,999.74,5,1
795.48,0.1667,152.41,643.08,1,1
988.48,0.6667,96.81,891.67,4,1
1097.08,0.6667,167.59,929.49,4,1
1117.89,0.6667,188.41,929.49,4,1
1159.74,0.8333,212.95,946.79,5,1
786.81,0.1667,151.3,635.51,1,1
810.36,0.1667,144.59,665.77,1,1
778.65,0.1667,150.7,627.95,1,1
557.01,0.0,44.7,512.31,0,1
722.89,0.1667,94.95,627.95,1,1
952.48,0.5,168.89,783.59,3,1
939.84,0.5,163.81,776.03,3,1
880.92,0.3333,144.89,736.03,2,1
1057.18,0.8333,117.95,939.23,5,1
747.4,0.1667,96.76,650.64,1,1
922.23,0.5,115.95,806.28,3,1
960.72,0.5,169.57,791.15,3,1
1321.25,1.0,266.38,1054.87,6,1
985.9,0.5,164.49,821.41,3,1
625.94,0.0,75.81,550.13,0,1
841.95,0.3333,121.05,720.9,2,1
1215.58,1.0,168.27,1047.31,6,1
982.5,0.6667,143.78,838.72,4,1
772.18,0.1667,182.05,590.13,1,1
1150.66,0.8333,196.3,954.36,5,1
915.78,0.5,139.76,776.03,3,1
1104.89,0.8333,180.78,924.1,5,1
720.44,0.1667,100.05,620.38,1,1
862.28,0.3333,141.38,720.9,2,1
978.48,0.5,187.32,791.15,3,1
1037.56,0.8333,98.32,939.23,5,1
999.69,0.8333,68.03,931.67,5,1
1324.25,1.1667,236.95,1087.31,7,1
589.92,0.0,54.92,535.0,0,1
782.53,0.3333,84.32,698.21,2,1
652.63,0.0,79.81,572.82,0,1
722.49,0.1667,94.54,627.95,1,1
873.68,0.5,120.35,753.33,3,1
887.6,0.5,119.14,768.46,3,1
852.33,0.5,91.43,760.9,3,1
910.05,0.6667,94.03,816.03,4,1
549.23,0.0,36.92,512.31,0,1
585.98,0.0,66.11,519.87,0,1
647.0,0.1667,72.0,575.0,1,1
970.63,0.5,209.73,760.9,3,1
752.54,0.3333,77.03,675.51,2,1
801.45,0.3333,103.24,698.21,2,1
697.85,0.1667,85.03,612.82,1,1
1091.99,0.8333,152.76,939.23,5,1
1074.61,0.5,222.95,851.67,3,1
979.29,0.5,188.14,791.15,3,1
1062.01,0.6667,162.78,899.23,4,1
912.63,0.5,106.35,806.28,3,1
584.95,0.0,57.51,527.44,0,1
947.35,0.6667,123.76,823.59,4,1
678.2,0.1667,57.81,620.38,1,1
1026.37,0.6667,142.27,884.1,4,1
917.52,0.5,149.05,768.46,3,1
764.86,0.3333,74.22,690.64,2,1
1020.78,0.6667,136.68,884.1,4,1
691.77,0.1667,78.95,612.82,1,1
1227.7,1.0,210.65,1017.05,6,1
1079.99,0.6667,188.32,891.67,4,1
1217.99,1.1667,138.24,1079.74,7,1
594.22,0.0,59.22,535.0,0,1
931.27,0.3333,195.24,736.03,2,1
1051.09,0.6667,204.81,846.28,4,1
686.41,0.1667,66.03,620.38,1,1
596.14,0.0,68.7,527.44,0,1
828.27,0.5,59.81,768.46,3,1
975.3,0.6667,106.32,868.97,4,1
909.14,0.5,140.68,768.46,3,1
841.52,0.3333,128.19,713.33,2,1
1090.43,0.6667,221.46,868.97,4,1
1022.32,0.5,231.16,791.15,3,1
601.92,0.0,66.92,535.0,0,1
982.38,0.6667,113.41,868.97,4,1
848.98,0.3333,128.08,720.9,2,1
718.6,0.1667,90.65,627.95,1,1
1038.06,0.6667,184.22,853.85,4,1
1070.13,0.6667,186.03,884.1,4,1
1138.26,0.8333,153.65,984.62,5,1
802.06,0.3333,88.73,713.33,2,1
1087.54,0.6667,158.05,929.49,4,1
760.26,0.1667,109.62,650.64,1,1
786.73,0.3333,103.65,683.08,2,1
900.32,0.3333,164.3,736.03,2,1
924.42,0.5,133.27,791.15,3,1
1120.12,0.8333,180.89,939.23,5,1
814.83,0.3333,124.19,690.64,2,1
672.8,0.1667,75.11,597.69,1,1
637.16,0.0,102.16,535.0,0,1
715.8,0.1667,110.54,605.26,1,1
796.54,0.3333,113.46,683.08,2,1
926.66,0.5,127.95,798.72,3,1
935.23,0.5,128.95,806.28,3,1
943.32,0.5,152.16,791.15,3,1
1041.64,0.6667,202.92,838.72,4,1
691.14,0.1667,78.32,612.82,1,1
773.59,0.1667,138.08,635.51,1,1
870.54,0.3333,126.95,743.59,2,1
777.45,0.1667,119.24,658.21,1,1
938.01,0.6667,91.73,846.28,4,1
898.34,0.3333,200.14,698.21,2,1
781.17,0.1667,160.78,620.38,1,1
648.0,0.0,105.43,542.56,0,1
1313.82,1.1667,218.95,1094.87,7,1
969.86,0.6667,93.32,876.54,4,1
1028.62,0.6667,152.08,876.54,4,1
939.74,0.5,133.46,806.28,3,1
852.2,0.3333,138.86,713.33,2,1
985.62,0.6667,116.65,868.97,4,1
754.83,0.1667,111.76,643.08,1,1
1094.02,0.6667,202.35,891.67,4,1
641.83,0.0,84.14,557.69,0,1
925.76,0.5,157.3,768.46,3,1
564.84,0.0,37.41,527.44,0,1
993.82,0.3333,227.54,766.28,2,1
624.79,0.0,97.35,527.44,0,1
952.95,0.5,131.54,821.41,3,1
976.61,0.5,177.89,798.72,3,1
1019.53,0.5,213.24,806.28,3,1
783.13,0.1667,132.49,650.64,1,1
941.59,0.5,158.0,783.59,3,1
1391.63,1.3333,203.81,1187.82,8,1
906.02,0.5,114.86,791.15,3,1
1215.83,1.0,191.22,1024.62,6,1
857.49,0.5,89.03,768.46,3,1
672.99,0.1667,67.73,605.26,1,1
778.8,0.1667,113.03,665.77,1,1
1168.64,1.0,136.46,1032.18,6,1
840.95,0.3333,165.43,675.51,2,1
1143.38,0.8333,173.89,969.49,5,1
864.89,0.5,96.43,768.46,3,1
972.65,0.6667,111.24,861.41,4,1
859.51,0.5,75.92,783.59,3,1
1122.99,0.6667,231.32,891.67,4,1
596.41,0.0,61.41,535.0,0,1
979.6,0.6667,125.76,853.85,4,1
829.58,0.3333,116.24,713.33,2,1
984.38,0.6667,107.84,876.54,4,1
658.63,0.1667,45.81,612.82,1,1
718.42,0.1667,113.16,605.26,1,1
942.58,0.5,143.86,798.72,3,1
855.58,0.5,102.24,753.33,3,1
629.08,0.0,86.51,542.56,0,1
1093.89,0.6667,217.35,876.54,4,1
784.05,0.3333,93.41,690.64,2,1
857.55,0.3333,151.78,705.77,2,1
876.8,0.1667,226.16,650.64,1,1
909.41,0.5,140.95,768.46,3,1
921.35,0.5,152.89,768.46,3,1
912.54,0.5,144.08,768.46,3,1
846.6,0.3333,118.14,728.46,2,1
1151.13,1.0,118.95,1032.18,6,1
1044.73,0.6667,115.24,929.49,4,1
1005.62,0.5,169.08,836.54,3,1
1001.97,0.6667,125.43,876.54,4,1
988.4,0.5,197.24,791.15,3,1
1192.94,1.0,175.89,1017.05,6,1
1083.73,0.8333,114.24,969.49,5,1
1112.06,0.6667,197.7,914.36,4,1
1040.5,0.6667,194.22,846.28,4,1
993.88,0.6667,155.16,838.72,4,1
874.18,0.5,83.03,791.15,3,1
1225.16,1.0,155.16,1070.0,6,1
835.62,0.3333,92.03,743.59,2,1
1071.19,0.5,242.22,828.97,3,1
747.88,0.1667,97.24,650.64,1,1
1106.92,0.6667,185.0,921.92,4,1
647.48,0.0,97.35,550.13,0,1
1087.05,0.6667,202.95,884.1,4,1
639.87,0.0,112.43,527.44,0,1
824.82,0.3333,103.92,720.9,2,1
768.04,0.1667,109.84,658.21,1,1
952.29,0.5,153.57,798.72,3,1
820.61,0.3333,129.97,690.64,2,1
769.14,0.1667,141.19,627.95,1,1
1040.37,0.8333,101.14,939.23,5,1
759.45,0.3333,68.81,690.64,2,1
760.09,0.1667,94.32,665.77,1,1
648.37,0.0,98.24,550.13,0,1
748.22,0.1667,120.27,627.95,1,1
978.38,0.6667,101.84,876.54,4,1
