"Total_Cost","Ratio_Reloc_Prod","Horiz_Cost","Vert_Cost","nReloc","non_Optimal"
231426.29,0.484,36617.6,194808.85,726,127
554.35,0.0,66.92,487.44,0,0
1035.99,1.0,136.76,899.23,5,0
694.52,0.4,74.14,620.38,2,1
628.85,0.2,56.03,572.82,1,0
628.67,0.2,78.54,550.13,1,0
856.28,0.6,135.38,720.9,3,0
725.34,0.4,120.08,605.26,2,1
750.59,0.4,99.95,650.64,2,0
814.24,0.6,131.16,683.08,3,1
543.72,0.0,86.54,457.18,0,0
572.98,0.2,53.11,519.87,1,1
581.84,0.2,54.41,527.44,1,0
1065.89,1.0,181.78,884.1,5,0
693.98,0.4,66.03,627.95,2,0
475.46,0.0,33.41,442.05,0,0
865.22,0.6,136.76,728.46,3,0
766.4,0.6,83.32,683.08,3,0
906.04,0.8,99.76,806.28,4,1
589.06,0.2,61.62,527.44,1,0
838.42,0.6,147.78,690.64,3,0
937.74,0.8,131.46,806.28,4,1
1015.92,1.2,114.51,901.41,6,1
694.45,0.2,129.19,565.26,1,0
823.53,0.6,132.89,690.64,3,0
662.37,0.4,72.24,590.13,2,0
871.61,0.8,140.97,730.64,4,0
623.56,0.2,73.43,550.13,1,0
633.09,0.2,67.84,565.26,1,0
611.94,0.2,61.81,550.13,1,1
493.41,0.0,58.92,434.49,0,1
814.39,0.4,209.14,605.26,2,0
539.51,0.0,97.46,442.05,0,0
1028.82,1.0,167.41,861.41,5,1
622.34,0.2,72.22,550.13,1,1
821.3,0.6,145.78,675.51,3,1
669.05,0.4,94.05,575.0,2,0
602.27,0.2,59.7,542.56,1,1
595.22,0.2,60.22,535.0,1,0
999.97,0.8,155.86,844.1,4,0
682.16,0.4,107.16,575.0,2,0
729.82,0.4,124.57,605.26,2,0
893.4,0.6,210.32,683.08,3,0
498.27,0.0,56.22,442.05,0,1
937.38,0.8,168.92,768.46,4,0
822.53,0.4,171.89,650.64,2,0
902.09,0.8,148.76,753.33,4,0
764.63,0.6,119.38,645.26,3,1
561.28,0.2,41.41,519.87,1,1
762.1,0.4,164.41,597.69,2,0
720.14,0.4,99.76,620.38,2,0
451.58,0.0,32.22,419.36,0,0
892.74,0.6,179.41,713.33,3,1
626.84,0.4,59.41,567.44,2,1
687.23,0.4,89.54,597.69,2,1
720.84,0.4,85.32,635.51,2,0
963.45,0.8,172.3,791.15,4,1
979.07,1.0,140.35,838.72,5,1
562.55,0.0,90.24,472.31,0,1
764.93,0.4,152.11,612.82,2,1
562.42,0.2,50.11,512.31,1,0
652.49,0.2,117.49,535.0,1,0
802.74,0.6,81.84,720.9,3,0
594.56,0.2,52.0,542.56,1,0
659.13,0.2,116.57,542.56,1,0
939.53,0.8,148.38,791.15,4,1
990.8,0.8,184.51,806.28,4,0
842.81,0.6,114.35,728.46,3,1
781.81,0.4,146.3,635.51,2,0
651.06,0.2,78.24,572.82,1,0
691.98,0.6,84.54,607.44,3,0
635.5,0.2,77.81,557.69,1,0
716.79,0.6,56.41,660.38,3,0
817.77,0.6,119.57,698.21,3,1
450.76,0.0,31.41,419.36,0,0
987.24,1.0,103.14,884.1,5,1
772.09,0.4,166.84,605.26,2,0
853.17,0.8,99.84,753.33,4,0
991.67,0.8,215.65,776.03,4,0
650.5,0.2,138.19,512.31,1,1
816.6,0.6,95.7,720.9,3,0
790.61,0.6,84.84,705.77,3,1
644.94,0.4,54.81,590.13,2,0
600.46,0.2,73.03,527.44,1,0
704.45,0.4,106.76,597.69,2,0
821.68,0.6,108.35,713.33,3,1
1061.25,1.0,199.84,861.41,5,1
1384.26,0.6,746.57,637.69,3,1
963.31,0.8,164.59,798.72,4,0
974.01,1.0,120.16,853.85,5,1
786.86,0.6,111.35,675.51,3,0
524.86,0.0,75.24,449.62,0,0
1059.3,1.0,190.32,868.97,5,1
786.46,0.4,150.95,635.51,2,0
1054.97,0.8,278.95,776.03,4,1
1296.22,0.6,628.27,667.95,3,1
743.83,0.4,100.76,643.08,2,1
1328.18,1.6,263.57,1064.62,8,1
948.7,0.8,165.11,783.59,4,1
1124.88,1.2,193.22,931.67,6,1
782.58,0.4,109.24,673.33,2,0
918.05,0.8,134.46,783.59,4,1
541.64,0.0,84.46,457.18,0,1
1291.9,0.8,531.0,760.9,4,1
617.66,0.2,52.41,565.26,1,0
506.62,0.0,72.14,434.49,0,0
699.23,0.2,133.97,565.26,1,1
961.63,1.0,100.22,861.41,5,1
934.68,0.6,221.35,713.33,3,1
900.92,0.6,180.03,720.9,3,0
692.96,0.2,135.27,557.69,1,0
512.13,0.0,62.51,449.62,0,1
553.94,0.0,96.76,457.18,0,0
711.45,0.4,113.76,597.69,2,0
622.0,0.2,79.43,542.56,1,1
869.78,0.6,179.14,690.64,3,1
645.91,0.4,48.22,597.69,2,1
494.05,0.0,52.0,442.05,0,0
937.81,1.0,121.78,816.03,5,0
631.9,0.4,72.03,559.87,2,1
733.95,0.4,113.57,620.38,2,1
808.88,0.4,150.68,658.21,2,0
541.05,0.0,91.43,449.62,0,1
586.2,0.2,81.46,504.74,1,0
826.26,0.6,128.05,698.21,3,1
526.38,0.0,99.46,426.92,0,1
1146.22,1.2,184.3,961.92,6,0
775.11,0.4,147.16,627.95,2,1
1000.7,1.0,124.16,876.54,5,0
709.14,0.4,96.32,612.82,2,1
1179.3,1.6,144.95,1034.36,8,0
549.65,0.0,62.22,487.44,0,0
756.52,0.6,96.14,660.38,3,0
782.59,0.4,147.08,635.51,2,0
748.74,0.4,128.35,620.38,2,0
810.07,0.4,144.3,665.77,2,0
578.79,0.2,58.92,519.87,1,0
981.5,0.6,268.16,713.33,3,0
1097.65,1.2,181.11,916.54,6,1
536.86,0.0,87.24,449.62,0,0
770.44,0.6,110.05,660.38,3,0
919.56,0.8,135.97,783.59,4,1
1246.74,1.6,167.0,1079.74,8,1
612.79,0.2,85.35,527.44,1,1
656.39,0.2,91.14,565.26,1,0
1011.21,1.0,187.62,823.59,5,0
911.58,0.4,253.38,658.21,2,1
660.61,0.4,62.92,597.69,2,0
934.36,0.6,213.46,720.9,3,1
902.75,0.8,119.16,783.59,4,0
636.12,0.2,78.43,557.69,1,0
652.19,0.4,69.62,582.56,2,1
613.84,0.2,78.84,535.0,1,0
917.93,0.6,212.16,705.77,3,0
672.8,0.2,122.68,550.13,1,0
756.0,0.6,72.92,683.08,3,1
779.57,0.4,144.05,635.51,2,0
714.42,0.2,149.16,565.26,1,1
646.62,0.2,104.05,542.56,1,1
882.87,0.8,121.97,760.9,4,0
522.75,0.0,73.14,449.62,0,0
555.55,0.0,83.24,472.31,0,0
713.55,0.4,100.73,612.82,2,0
860.94,0.6,170.3,690.64,3,0
653.4,0.2,110.84,542.56,1,0
736.68,0.2,156.3,580.38,1,1
530.58,0.0,65.84,464.74,0,0
615.28,0.2,50.03,565.26,1,0
532.66,0.0,67.92,464.74,0,1
1127.8,1.4,148.57,979.23,7,0
755.13,0.4,112.05,643.08,2,0
519.29,0.0,77.24,442.05,0,0
500.86,0.0,58.81,442.05,0,1
1157.63,1.2,271.35,886.28,6,1
902.77,0.8,104.05,798.72,4,1
858.8,0.6,107.65,751.15,3,0
878.6,0.8,125.27,753.33,4,1
594.56,0.2,52.0,542.56,1,1
482.76,0.0,55.84,426.92,0,1
555.04,0.0,82.73,472.31,0,0
693.82,0.4,73.43,620.38,2,0
1211.59,1.6,146.97,1064.62,8,1
523.43,0.0,88.95,434.49,0,0
709.58,0.4,96.76,612.82,2,0
731.13,0.4,141.0,590.13,2,1
985.5,0.8,179.22,806.28,4,1
819.58,0.6,121.38,698.21,3,1
605.62,0.2,70.62,535.0,1,1
765.1,0.6,82.03,683.08,3,0
472.0,0.0,37.51,434.49,0,0
468.7,0.0,34.22,434.49,0,1
728.12,0.4,122.86,605.26,2,1
864.97,0.8,88.95,776.03,4,1
722.49,0.4,94.54,627.95,2,1
620.24,0.2,70.11,550.13,1,1
818.74,0.6,97.84,720.9,3,0
806.16,0.6,123.08,683.08,3,0
723.42,0.2,150.59,572.82,1,1
892.96,0.8,147.19,745.77,4,0
476.05,0.0,34.0,442.05,0,0
643.0,0.2,115.57,527.44,1,1
594.67,0.2,52.11,542.56,1,0
684.12,0.2,118.86,565.26,1,1
816.35,0.6,133.27,683.08,3,1
942.6,0.8,181.7,760.9,4,0
600.7,0.2,65.7,535.0,1,1
504.58,0.0,47.41,457.18,0,0
641.02,0.2,83.32,557.69,1,0
458.06,0.0,38.7,419.36,0,0
988.45,1.0,157.3,831.15,5,0
765.34,0.6,74.7,690.64,3,0
735.46,0.4,99.95,635.51,2,1
667.1,0.4,84.54,582.56,2,1
515.29,0.0,73.24,442.05,0,0
627.95,0.4,60.51,567.44,2,0
521.08,0.0,79.03,442.05,0,1
460.06,0.0,40.7,419.36,0,0
1056.95,1.2,163.11,893.85,6,0
774.16,0.4,131.08,643.08,2,0
935.23,1.0,88.95,846.28,5,0
769.75,0.4,126.68,643.08,2,1
1027.45,1.0,143.35,884.1,5,1
969.62,0.8,140.65,828.97,4,0
824.42,0.6,133.78,690.64,3,1
605.78,0.2,63.22,542.56,1,1
659.62,0.2,117.05,542.56,1,1
827.88,0.6,129.68,698.21,3,1
825.89,0.6,150.38,675.51,3,0
664.14,0.4,51.32,612.82,2,0
1064.89,1.0,180.78,884.1,5,0
556.07,0.0,106.46,449.62,0,1
1079.85,0.8,266.0,813.85,4,1
697.82,0.4,77.43,620.38,2,0
493.56,0.0,51.51,442.05,0,1
869.29,0.2,372.11,497.18,1,1
489.56,0.0,47.51,442.05,0,0
846.48,0.6,148.27,698.21,3,0
736.12,0.2,178.43,557.69,1,0
645.12,0.2,87.43,557.69,1,0
604.32,0.2,69.32,535.0,1,0
893.18,0.8,102.03,791.15,4,0
664.96,0.4,59.7,605.26,2,0
663.5,0.2,151.19,512.31,1,1
523.29,0.0,81.24,442.05,0,0
633.7,0.2,91.14,542.56,1,1
1097.79,1.2,203.95,893.85,6,1
666.24,0.4,91.24,575.0,2,1
507.19,0.0,65.14,442.05,0,0
825.91,0.6,135.27,690.64,3,0
705.01,0.4,84.62,620.38,2,1
900.92,0.8,132.46,768.46,4,0
1004.2,1.0,165.49,838.72,5,0
1127.76,1.0,258.78,868.97,5,0
1157.24,1.2,240.7,916.54,6,1
596.69,0.0,124.38,472.31,0,0
637.98,0.4,70.54,567.44,2,0
724.14,0.4,103.76,620.38,2,0
719.47,0.4,106.65,612.82,2,0
610.94,0.2,60.81,550.13,1,0
1025.8,1.0,187.08,838.72,5,0
1354.46,1.8,264.97,1089.49,9,0
1128.35,1.0,191.3,937.05,5,1
680.34,0.4,82.65,597.69,2,0
587.41,0.0,107.54,479.87,0,0
708.45,0.4,110.76,597.69,2,1
677.61,0.2,127.49,550.13,1,1
681.55,0.4,68.73,612.82,2,0
1014.7,1.0,138.16,876.54,5,0
673.63,0.4,60.81,612.82,2,1
1126.2,1.2,179.41,946.79,6,0
795.15,0.4,129.38,665.77,2,0
835.8,0.4,177.59,658.21,2,0
739.47,0.4,73.7,665.77,2,1
693.44,0.2,113.05,580.38,1,0
1013.98,1.0,152.57,861.41,5,0
1147.55,1.2,261.27,886.28,6,1
650.42,0.2,92.73,557.69,1,1
912.91,0.8,121.76,791.15,4,0
857.36,0.6,136.46,720.9,3,0
472.44,0.0,45.51,426.92,0,0
757.98,0.4,137.59,620.38,2,1
618.84,0.2,83.84,535.0,1,1
594.75,0.2,97.57,497.18,1,0
883.09,0.6,162.19,720.9,3,1
643.53,0.2,85.84,557.69,1,0
992.16,1.0,108.05,884.1,5,1
864.72,0.8,118.95,745.77,4,0
976.13,0.8,200.11,776.03,4,0
916.59,0.8,125.43,791.15,4,1
1018.82,1.0,157.41,861.41,5,0
678.72,0.4,81.03,597.69,2,1
1196.23,1.4,164.05,1032.18,7,0
773.65,0.4,145.7,627.95,2,1
1003.96,0.8,212.81,791.15,4,1
678.2,0.2,112.95,565.26,1,0
1383.2,1.8,195.38,1187.82,9,0
556.8,0.0,92.05,464.74,0,1
540.63,0.0,68.32,472.31,0,1
556.11,0.2,74.05,482.05,1,0
788.64,0.6,105.57,683.08,3,0
1249.58,1.6,177.41,1072.18,8,1
