"Total_Cost","Ratio_Reloc_Prod","Horiz_Cost","Vert_Cost","nReloc","non_Optimal"
233322.67,0.4573,41293.76,192028.83,686,135
797.86,0.4,154.78,643.08,2,0
849.29,0.4,198.65,650.64,2,1
966.09,0.8,144.68,821.41,4,0
900.18,0.6,156.59,743.59,3,1
568.51,0.0,73.51,495.0,0,0
649.35,0.2,61.41,587.95,1,0
683.53,0.2,118.27,565.26,1,1
837.69,0.6,184.86,652.82,3,1
689.2,0.2,169.32,519.87,1,1
734.57,0.4,99.05,635.51,2,1
1194.24,1.4,177.19,1017.05,7,0
734.51,0.4,91.43,643.08,2,0
623.38,0.2,95.95,527.44,1,0
639.62,0.2,97.05,542.56,1,0
947.94,0.6,204.35,743.59,3,1
707.2,0.4,86.81,620.38,2,1
816.33,0.6,95.43,720.9,3,0
959.57,0.8,191.11,768.46,4,0
825.12,0.6,119.35,705.77,3,1
778.23,0.4,112.46,665.77,2,0
1053.9,1.0,207.62,846.28,5,1
691.45,0.2,133.76,557.69,1,0
884.7,0.6,148.68,736.03,3,1
854.83,0.6,111.24,743.59,3,1
1006.2,0.8,192.35,813.85,4,0
684.61,0.2,134.49,550.13,1,0
1005.1,1.0,166.38,838.72,5,0
554.42,0.0,97.24,457.18,0,0
756.82,0.4,151.57,605.26,2,0
549.94,0.0,92.76,457.18,0,1
506.05,0.0,64.0,442.05,0,0
582.66,0.0,117.92,464.74,0,0
737.78,0.4,94.7,643.08,2,1
754.85,0.4,96.65,658.21,2,0
559.5,0.0,94.76,464.74,0,1
1406.79,0.8,713.97,692.82,4,1
921.34,0.8,122.62,798.72,4,0
614.73,0.2,79.73,535.0,1,1
893.72,0.6,195.51,698.21,3,1
758.87,0.6,90.92,667.95,3,1
1000.22,1.0,131.24,868.97,5,0
494.05,0.0,52.0,442.05,0,0
488.49,0.0,54.0,434.49,0,1
689.33,0.4,76.51,612.82,2,1
460.12,0.0,48.32,411.79,0,0
686.68,0.4,111.68,575.0,2,0
672.56,0.2,130.0,542.56,1,0
624.94,0.2,74.81,550.13,1,1
771.62,0.4,143.68,627.95,2,0
970.1,1.0,131.38,838.72,5,0
481.51,0.0,47.03,434.49,0,0
695.16,0.2,152.59,542.56,1,1
688.5,0.4,83.24,605.26,2,1
1198.38,0.6,538.0,660.38,3,1
615.04,0.0,150.3,464.74,0,1
773.89,0.6,105.95,667.95,3,1
695.14,0.4,82.32,612.82,2,1
1076.67,1.0,192.57,884.1,5,0
744.41,0.4,116.46,627.95,2,0
636.43,0.2,93.86,542.56,1,1
656.94,0.2,99.24,557.69,1,1
805.46,0.4,162.38,643.08,2,0
697.31,0.2,132.05,565.26,1,0
694.32,0.2,144.19,550.13,1,0
998.59,0.8,207.43,791.15,4,0
690.02,0.4,92.32,597.69,2,0
979.01,0.8,233.24,745.77,4,1
845.19,0.6,162.11,683.08,3,0
510.05,0.0,60.43,449.62,0,0
927.15,0.6,228.95,698.21,3,1
459.58,0.0,40.22,419.36,0,0
987.87,1.0,134.03,853.85,5,0
818.34,0.6,120.14,698.21,3,0
763.55,0.4,143.16,620.38,2,0
714.82,0.2,149.57,565.26,1,0
658.83,0.2,101.14,557.69,1,0
777.33,0.4,149.38,627.95,2,1
1079.55,1.0,218.14,861.41,5,1
669.45,0.2,111.76,557.69,1,0
656.54,0.2,113.97,542.56,1,1
996.49,1.0,142.65,853.85,5,0
855.55,0.6,149.78,705.77,3,0
819.97,0.6,136.89,683.08,3,1
673.1,0.2,122.97,550.13,1,0
799.7,0.4,164.19,635.51,2,0
777.35,0.4,134.27,643.08,2,1
862.75,0.4,204.54,658.21,2,0
1271.39,1.4,277.03,994.36,7,1
669.75,0.2,112.05,557.69,1,0
571.2,0.0,106.46,464.74,0,1
663.49,0.2,128.49,535.0,1,0
681.23,0.2,123.54,557.69,1,0
886.23,0.8,132.89,753.33,4,0
731.97,0.4,149.41,582.56,2,0
930.23,0.8,176.89,753.33,4,0
704.34,0.2,154.22,550.13,1,0
1243.54,1.4,241.62,1001.92,7,1
728.44,0.4,108.05,620.38,2,1
503.16,0.0,61.11,442.05,0,0
532.1,0.0,74.92,457.18,0,0
653.49,0.4,86.05,567.44,2,0
809.58,0.4,204.32,605.26,2,1
865.78,0.8,150.27,715.51,4,1
492.05,0.0,50.0,442.05,0,1
597.25,0.2,84.95,512.31,1,0
837.15,0.6,131.38,705.77,3,0
1014.04,1.2,127.76,886.28,6,0
989.43,0.8,213.41,776.03,4,0
588.56,0.2,46.0,542.56,1,0
865.4,0.6,182.32,683.08,3,1
736.02,0.4,92.95,643.08,2,1
642.49,0.2,115.05,527.44,1,1
637.64,0.2,79.95,557.69,1,1
1077.71,0.8,263.86,813.85,4,0
915.02,0.8,123.86,791.15,4,1
620.63,0.2,100.76,519.87,1,1
920.31,0.6,146.46,773.85,3,0
831.17,0.6,170.78,660.38,3,1
773.74,0.4,168.49,605.26,2,1
864.96,0.6,159.19,705.77,3,1
490.11,0.0,55.62,434.49,0,1
590.44,0.2,78.14,512.31,1,0
656.21,0.2,113.65,542.56,1,1
793.49,0.6,125.54,667.95,3,1
589.87,0.2,70.0,519.87,1,1
733.35,0.4,165.92,567.44,2,1
982.24,1.0,166.22,816.03,5,0
664.82,0.2,84.43,580.38,1,0
813.55,0.6,92.65,720.9,3,1
1058.93,1.0,212.65,846.28,5,1
797.55,0.6,137.16,660.38,3,0
617.27,0.2,89.84,527.44,1,1
695.93,0.2,130.68,565.26,1,0
657.85,0.2,100.16,557.69,1,0
855.71,0.6,142.38,713.33,3,0
1029.58,0.8,215.73,813.85,4,0
659.54,0.2,116.97,542.56,1,1
640.16,0.2,105.16,535.0,1,0
898.51,0.6,162.49,736.03,3,0
658.84,0.4,83.84,575.0,2,0
746.53,0.4,156.41,590.13,2,0
803.51,0.6,112.86,690.64,3,1
634.65,0.2,99.65,535.0,1,1
631.71,0.2,104.27,527.44,1,0
1327.02,0.6,689.32,637.69,3,1
537.5,0.0,80.32,457.18,0,0
1048.05,1.0,163.95,884.1,5,0
592.2,0.2,72.32,519.87,1,0
526.99,0.0,69.81,457.18,0,1
918.89,0.8,142.86,776.03,4,0
762.18,0.4,156.92,605.26,2,0
690.79,0.2,117.97,572.82,1,0
864.5,0.6,151.16,713.33,3,0
614.23,0.0,149.49,464.74,0,1
968.18,0.8,184.59,783.59,4,1
751.67,0.4,116.16,635.51,2,0
686.37,0.2,128.68,557.69,1,1
796.15,0.4,137.95,658.21,2,0
932.79,0.8,171.89,760.9,4,1
811.62,0.4,176.11,635.51,2,0
680.39,0.2,115.14,565.26,1,0
546.11,0.0,104.05,442.05,0,0
878.11,0.8,109.65,768.46,4,1
705.64,0.4,107.95,597.69,2,1
620.26,0.2,70.14,550.13,1,1
660.43,0.2,117.86,542.56,1,0
659.31,0.4,61.62,597.69,2,0
739.96,0.6,87.14,652.82,3,1
864.47,0.6,151.14,713.33,3,0
625.49,0.2,105.62,519.87,1,0
1061.08,1.2,144.54,916.54,6,0
578.23,0.2,81.05,497.18,1,0
471.07,0.0,66.84,404.23,0,1
806.47,0.6,146.08,660.38,3,0
639.54,0.2,104.54,535.0,1,1
803.09,0.6,142.7,660.38,3,1
809.58,0.6,96.24,713.33,3,0
540.56,0.0,90.95,449.62,0,1
566.7,0.2,84.65,482.05,1,1
895.43,0.6,166.97,728.46,3,0
684.45,0.2,126.76,557.69,1,1
722.91,0.4,79.84,643.08,2,1
927.32,0.6,191.3,736.03,3,1
605.72,0.2,100.97,504.74,1,0
661.05,0.2,126.05,535.0,1,1
691.32,0.2,148.76,542.56,1,0
1390.93,1.6,311.19,1079.74,8,0
1060.8,0.8,209.14,851.67,4,0
669.13,0.2,126.57,542.56,1,1
765.24,0.2,222.68,542.56,1,0
947.38,0.6,218.92,728.46,3,0
974.11,0.8,137.57,836.54,4,0
919.13,0.6,183.11,736.03,3,0
672.18,0.2,122.05,550.13,1,1
1011.63,1.0,157.78,853.85,5,0
755.97,0.4,120.46,635.51,2,1
1150.42,1.2,218.76,931.67,6,1
731.65,0.2,151.27,580.38,1,0
497.3,0.0,62.81,434.49,0,0
812.43,0.6,129.35,683.08,3,0
869.15,0.6,163.38,705.77,3,1
507.92,0.0,73.43,434.49,0,0
583.43,0.0,141.38,442.05,0,0
665.2,0.4,44.81,620.38,2,0
562.05,0.2,72.43,489.62,1,0
460.42,0.0,48.62,411.79,0,1
807.93,0.6,109.73,698.21,3,1
570.77,0.0,106.03,464.74,0,1
649.57,0.2,114.57,535.0,1,1
815.61,0.6,109.84,705.77,3,0
847.26,0.8,109.05,738.21,4,1
591.67,0.2,102.05,489.62,1,0
838.32,0.6,147.68,690.64,3,1
906.94,0.6,155.78,751.15,3,1
602.2,0.2,82.32,519.87,1,1
871.18,0.6,180.54,690.64,3,0
721.72,0.4,116.46,605.26,2,1
744.63,0.6,84.24,660.38,3,1
1445.11,1.8,295.11,1150.0,9,0
756.21,0.2,198.51,557.69,1,0
1087.56,1.2,163.46,924.1,6,1
778.86,0.4,143.35,635.51,2,0
565.07,0.0,100.32,464.74,0,1
822.93,0.6,170.11,652.82,3,0
515.97,0.0,73.92,442.05,0,0
725.44,0.4,105.05,620.38,2,0
949.31,0.8,203.54,745.77,4,0
748.0,0.4,112.49,635.51,2,1
901.35,0.6,172.89,728.46,3,0
930.65,0.6,194.62,736.03,3,0
690.29,0.4,100.16,590.13,2,1
1002.48,0.8,211.32,791.15,4,0
789.99,0.6,99.35,690.64,3,0
757.58,0.4,159.89,597.69,2,0
1201.89,1.2,277.78,924.1,6,0
882.59,0.8,91.43,791.15,4,0
1017.04,0.8,210.76,806.28,4,0
971.87,0.8,150.46,821.41,4,1
761.11,0.4,125.59,635.51,2,0
859.74,0.6,153.97,705.77,3,1
826.72,0.8,88.51,738.21,4,1
1127.38,1.0,250.84,876.54,5,1
699.28,0.2,126.46,572.82,1,0
990.85,1.0,144.57,846.28,5,1
629.35,0.2,94.35,535.0,1,1
599.23,0.2,86.92,512.31,1,1
886.9,0.6,181.14,705.77,3,1
1199.18,1.2,207.0,992.18,6,0
910.34,0.8,179.7,730.64,4,1
953.86,0.6,217.84,736.03,3,0
748.68,0.4,181.24,567.44,2,1
844.0,0.4,200.92,643.08,2,0
539.29,0.0,97.24,442.05,0,0
604.2,0.2,84.32,519.87,1,1
656.43,0.2,113.86,542.56,1,1
1113.79,1.2,204.81,908.97,6,1
927.71,1.0,134.38,793.33,5,1
508.05,0.0,66.0,442.05,0,0
733.48,0.4,135.78,597.69,2,0
631.14,0.2,96.14,535.0,1,1
759.34,0.4,154.08,605.26,2,0
732.49,0.6,72.11,660.38,3,1
1257.12,1.2,302.76,954.36,6,0
536.15,0.0,63.84,472.31,0,0
605.27,0.2,77.84,527.44,1,1
763.91,0.4,120.84,643.08,2,1
804.07,0.6,158.81,645.26,3,0
543.13,0.0,85.95,457.18,0,0
536.53,0.0,79.35,457.18,0,0
1025.87,0.8,264.97,760.9,4,0
868.19,0.6,132.16,736.03,3,1
702.82,0.2,137.57,565.26,1,0
945.05,0.8,161.46,783.59,4,1
785.81,0.4,150.3,635.51,2,0
525.29,0.0,83.24,442.05,0,0
1161.46,1.0,292.49,868.97,5,0
523.61,0.0,66.43,457.18,0,0
634.95,0.2,99.95,535.0,1,0
994.37,0.8,203.22,791.15,4,0
806.85,0.6,108.65,698.21,3,1
723.77,0.4,126.08,597.69,2,0
1047.45,1.0,163.35,884.1,5,1
696.48,0.4,53.41,643.08,2,1
1006.15,1.0,159.86,846.28,5,1
881.01,0.6,160.11,720.9,3,0
716.49,0.4,88.54,627.95,2,0
600.66,0.0,128.35,472.31,0,1
510.05,0.0,68.0,442.05,0,0
685.31,0.2,120.05,565.26,1,0
452.82,0.0,41.03,411.79,0,1
1017.88,1.0,118.65,899.23,5,0
816.98,0.6,156.59,660.38,3,1
1039.07,1.2,99.84,939.23,6,1
903.51,0.6,167.49,736.03,3,0
521.89,0.0,79.84,442.05,0,1
534.26,0.0,84.65,449.62,0,1
464.42,0.0,52.62,411.79,0,1
1083.28,0.8,277.0,806.28,4,0
875.69,0.4,262.86,612.82,2,1
825.67,0.8,110.16,715.51,4,1
