"Total_Cost","Ratio_Reloc_Prod","Horiz_Cost","Vert_Cost","nReloc","non_Optimal"
248956.09,0.73,39878.84,209077.14,1095,77
861.26,1.0,90.62,770.64,5,0
864.74,0.8,171.92,692.82,4,0
528.92,0.2,62.0,466.92,1,0
1226.13,1.6,274.97,951.15,8,0
683.76,0.4,123.89,559.87,2,1
433.21,0.0,44.11,389.1,0,0
919.19,0.8,211.24,707.95,4,0
535.95,0.2,69.03,466.92,1,0
502.74,0.0,90.95,411.79,0,0
1097.76,1.2,256.86,840.9,6,0
777.83,0.6,140.14,637.69,3,0
1091.1,1.4,187.51,903.59,7,1
831.02,0.6,208.46,622.56,3,0
733.03,0.6,118.03,615.0,3,0
937.14,1.0,189.19,747.95,5,0
912.55,1.0,126.78,785.77,5,1
744.13,0.4,154.0,590.13,2,0
621.74,0.4,77.0,544.74,2,0
954.73,1.0,199.22,755.51,5,0
626.87,0.2,152.38,474.49,1,1
654.53,0.4,117.35,537.18,2,0
456.45,0.0,52.22,404.23,0,0
707.26,0.6,77.14,630.13,3,0
741.39,0.6,96.14,645.26,3,0
683.65,0.6,76.22,607.44,3,0
943.57,1.0,142.68,800.9,5,0
649.15,0.4,96.84,552.31,2,0
1091.71,1.4,157.86,933.85,7,0
648.39,0.4,103.65,544.74,2,0
991.2,1.0,152.49,838.72,5,0
862.79,0.8,162.41,700.38,4,0
1271.6,1.6,222.11,1049.49,8,0
795.88,0.6,158.19,637.69,3,0
775.62,0.6,153.05,622.56,3,1
1250.77,1.6,231.54,1019.23,8,0
1366.75,1.8,201.62,1165.13,9,1
792.06,0.6,131.68,660.38,3,0
975.0,1.0,158.97,816.03,5,1
553.99,0.2,56.81,497.18,1,0
694.32,0.6,79.32,615.0,3,0
1023.67,1.2,160.08,863.59,6,0
1408.91,1.8,236.22,1172.69,9,1
904.87,1.0,111.54,793.33,5,0
972.86,1.0,217.35,755.51,5,0
1012.23,1.2,178.89,833.33,6,1
466.03,0.0,39.11,426.92,0,0
1390.8,2.0,185.68,1205.13,10,0
737.23,0.6,99.54,637.69,3,0
715.49,0.6,108.05,607.44,3,0
950.88,1.0,165.11,785.77,5,0
765.87,0.4,198.43,567.44,2,1
956.57,1.2,100.54,856.03,6,0
1011.08,1.2,147.49,863.59,6,1
1066.67,1.2,195.51,871.15,6,0
1054.89,1.2,138.35,916.54,6,1
1143.6,1.4,149.24,994.36,7,0
1161.51,1.4,212.54,948.97,7,1
674.79,0.4,107.35,567.44,2,0
794.25,0.6,133.86,660.38,3,0
892.85,1.0,99.51,793.33,5,0
472.33,0.0,45.41,426.92,0,0
1075.96,1.4,149.68,926.28,7,1
921.81,1.0,113.35,808.46,5,0
731.05,0.6,100.92,630.13,3,0
1279.99,1.6,207.81,1072.18,8,0
454.64,0.0,50.41,404.23,0,0
1091.97,1.4,135.43,956.54,7,0
569.67,0.2,80.05,489.62,1,0
607.61,0.4,70.43,537.18,2,0
1011.37,1.2,132.65,878.72,6,0
697.37,0.2,154.81,542.56,1,0
532.89,0.2,58.41,474.49,1,0
1126.19,1.4,109.14,1017.05,7,0
777.52,0.6,117.14,660.38,3,0
672.14,0.4,97.14,575.0,2,0
842.55,0.8,81.65,760.9,4,0
1116.39,1.4,190.11,926.28,7,0
657.93,0.4,98.05,559.87,2,0
1063.05,1.2,191.89,871.15,6,0
870.16,0.8,147.08,723.08,4,0
1280.37,1.8,175.76,1104.62,9,0
953.7,1.0,190.62,763.08,5,0
739.08,0.6,124.08,615.0,3,1
915.87,1.0,122.54,793.33,5,1
1050.34,1.2,179.19,871.15,6,0
729.51,0.6,106.95,622.56,3,0
846.26,0.6,208.57,637.69,3,1
809.25,0.6,141.3,667.95,3,0
1989.53,1.2,997.35,992.18,6,1
728.55,0.6,75.73,652.82,3,0
772.32,0.6,89.24,683.08,3,0
639.15,0.4,86.84,552.31,2,0
770.46,0.6,147.89,622.56,3,1
486.58,0.0,82.35,404.23,0,0
706.99,0.4,116.86,590.13,2,0
875.63,0.6,230.38,645.26,3,1
480.28,0.0,60.92,419.36,0,0
784.83,0.6,154.7,630.13,3,0
715.85,0.6,63.03,652.82,3,0
1077.5,0.4,479.81,597.69,2,1
550.14,0.2,75.65,474.49,1,0
539.88,0.2,42.7,497.18,1,0
905.89,1.0,97.43,808.46,5,0
720.68,0.4,160.81,559.87,2,0
1012.13,1.2,88.03,924.1,6,0
819.35,0.6,151.41,667.95,3,1
474.43,0.0,24.81,449.62,0,0
783.06,0.6,122.68,660.38,3,0
1181.79,1.6,139.86,1041.92,8,0
462.13,0.0,73.03,389.1,0,0
871.61,0.8,140.97,730.64,4,1
786.27,0.6,110.76,675.51,3,1
824.14,0.6,156.19,667.95,3,1
1061.89,1.2,198.3,863.59,6,1
830.93,0.6,178.11,652.82,3,0
708.67,0.4,110.97,597.69,2,0
633.37,0.4,50.81,582.56,2,0
829.2,0.6,115.86,713.33,3,0
916.54,1.0,100.51,816.03,5,1
586.34,0.2,89.16,497.18,1,0
1117.11,1.4,175.7,941.41,7,1
788.95,0.8,73.43,715.51,4,0
911.95,0.8,196.43,715.51,4,1
487.85,0.0,76.05,411.79,0,0
767.45,0.6,129.76,637.69,3,0
749.78,0.4,167.22,582.56,2,0
743.85,0.6,91.03,652.82,3,1
688.32,0.4,105.76,582.56,2,0
715.75,0.4,118.05,597.69,2,0
758.08,0.6,143.08,615.0,3,1
754.98,0.6,87.03,667.95,3,1
500.86,0.0,58.81,442.05,0,0
939.62,0.8,216.54,723.08,4,0
461.45,0.0,57.22,404.23,0,0
753.03,0.4,178.03,575.0,2,1
847.72,0.8,117.08,730.64,4,0
1043.19,1.2,126.65,916.54,6,0
937.76,1.0,136.86,800.9,5,0
854.64,0.8,131.57,723.08,4,0
544.79,0.2,85.43,459.36,1,0
915.84,1.0,114.95,800.9,5,0
1134.65,1.4,125.16,1009.49,7,0
661.75,0.4,124.57,537.18,2,0
890.78,0.8,99.62,791.15,4,1
1130.75,1.4,159.08,971.67,7,0
965.57,1.2,109.54,856.03,6,0
881.58,0.8,143.38,738.21,4,0
668.37,0.4,78.24,590.13,2,1
579.39,0.2,59.51,519.87,1,0
778.37,0.6,155.81,622.56,3,0
662.4,0.4,79.84,582.56,2,0
1035.82,1.2,141.97,893.85,6,0
1090.87,1.2,197.03,893.85,6,1
849.99,0.8,119.35,730.64,4,0
875.3,0.8,174.92,700.38,4,0
784.72,0.6,154.59,630.13,3,0
715.37,0.6,85.24,630.13,3,0
1252.65,1.6,195.59,1057.05,8,1
804.61,0.6,166.92,637.69,3,0
466.61,0.0,54.81,411.79,0,0
765.77,0.6,128.08,637.69,3,0
650.54,0.4,75.54,575.0,2,0
1017.58,1.0,171.3,846.28,5,1
1535.25,0.6,867.3,667.95,3,1
760.97,0.8,90.84,670.13,4,0
704.4,0.6,81.84,622.56,3,0
515.04,0.0,103.24,411.79,0,0
752.09,0.6,106.84,645.26,3,0
1077.8,1.2,191.51,886.28,6,1
678.04,0.4,140.86,537.18,2,0
468.17,0.0,48.81,419.36,0,0
721.38,0.6,113.95,607.44,3,0
754.57,0.6,86.62,667.95,3,0
651.92,0.4,76.92,575.0,2,0
1085.2,1.4,151.35,933.85,7,1
1175.74,1.6,148.95,1026.79,8,0
1025.56,1.2,161.97,863.59,6,1
514.27,0.0,87.35,426.92,0,0
559.71,0.2,100.35,459.36,1,0
806.91,0.8,136.78,670.13,4,1
1209.09,1.6,167.16,1041.92,8,0
818.22,0.8,110.27,707.95,4,0
1043.17,1.2,156.89,886.28,6,1
794.97,0.6,119.46,675.51,3,1
827.78,0.8,112.27,715.51,4,0
785.65,0.6,125.27,660.38,3,0
455.94,0.0,66.84,389.1,0,0
836.95,0.8,83.62,753.33,4,0
828.11,0.8,120.16,707.95,4,0
1027.5,1.2,148.78,878.72,6,1
654.75,0.4,64.62,590.13,2,0
945.67,1.0,129.65,816.03,5,0
1171.77,1.4,184.97,986.79,7,0
866.08,0.6,198.14,667.95,3,1
1154.05,1.6,149.95,1004.1,8,0
762.98,0.6,95.03,667.95,3,0
1144.24,1.2,167.19,977.05,6,1
694.74,0.4,134.86,559.87,2,0
1089.92,1.2,188.51,901.41,6,0
665.14,0.4,90.14,575.0,2,1
753.22,0.6,92.84,660.38,3,0
508.78,0.0,66.73,442.05,0,0
443.45,0.0,39.22,404.23,0,0
491.9,0.0,72.54,419.36,0,0
897.04,1.0,118.84,778.21,5,0
781.99,0.6,144.3,637.69,3,0
763.14,0.6,110.32,652.82,3,1
891.55,0.8,145.78,745.77,4,0
1218.54,1.6,161.49,1057.05,8,0
720.1,0.6,97.54,622.56,3,1
740.21,0.6,102.51,637.69,3,1
950.79,1.0,202.84,747.95,5,0
480.92,0.0,54.0,426.92,0,0
708.83,0.4,126.27,582.56,2,0
1126.57,1.4,124.65,1001.92,7,1
1147.09,1.4,205.68,941.41,7,0
1080.8,1.2,194.51,886.28,6,1
504.14,0.0,77.22,426.92,0,0
762.28,0.6,109.46,652.82,3,0
669.3,0.2,141.86,527.44,1,1
463.33,0.0,36.41,426.92,0,0
1009.68,1.2,168.78,840.9,6,0
1141.56,0.6,458.49,683.08,3,1
1238.58,1.6,204.22,1034.36,8,0
1066.51,1.2,149.97,916.54,6,0
575.35,0.2,100.86,474.49,1,0
465.63,0.0,38.7,426.92,0,0
810.28,0.8,117.46,692.82,4,0
937.07,1.0,158.86,778.21,5,0
711.67,0.6,81.54,630.13,3,0
677.73,0.6,62.73,615.0,3,0
1116.42,1.4,197.7,918.72,7,1
773.28,0.6,120.46,652.82,3,0
461.29,0.0,64.62,396.67,0,0
986.95,1.2,93.11,893.85,6,1
696.91,0.4,91.65,605.26,2,0
794.59,0.8,124.46,670.13,4,0
839.17,0.8,138.78,700.38,4,0
895.1,0.8,156.89,738.21,4,0
1108.0,1.4,151.46,956.54,7,1
773.93,0.6,113.54,660.38,3,1
1017.02,1.2,145.86,871.15,6,1
702.05,0.6,71.92,630.13,3,0
1054.3,1.4,105.32,948.97,7,0
692.25,0.4,79.43,612.82,2,0
1019.99,1.2,88.32,931.67,6,0
488.83,0.0,92.16,396.67,0,1
1303.33,1.8,168.46,1134.87,9,0
672.9,0.4,105.46,567.44,2,1
829.44,0.8,129.05,700.38,4,0
565.83,0.2,76.22,489.62,1,0
779.75,0.6,157.19,622.56,3,1
795.85,0.6,97.65,698.21,3,1
1262.4,1.8,157.78,1104.62,9,0
867.23,1.0,89.03,778.21,5,0
737.22,0.6,61.7,675.51,3,1
514.48,0.0,72.43,442.05,0,0
856.7,0.8,126.05,730.64,4,1
720.28,0.6,75.03,645.26,3,0
567.89,0.2,85.84,482.05,1,0
961.89,1.0,198.81,763.08,5,1
879.51,0.8,164.0,715.51,4,1
748.31,0.6,103.05,645.26,3,0
580.59,0.2,98.54,482.05,1,0
1259.84,1.8,170.35,1089.49,9,0
809.75,0.8,79.11,730.64,4,1
540.46,0.2,73.54,466.92,1,0
645.14,0.4,77.7,567.44,2,1
457.69,0.0,61.03,396.67,0,0
992.66,1.0,199.32,793.33,5,0
740.28,0.6,95.03,645.26,3,0
575.42,0.2,78.24,497.18,1,0
542.77,0.0,146.11,396.67,0,1
1087.42,1.2,208.7,878.72,6,0
838.71,0.8,77.81,760.9,4,0
1155.31,1.4,176.08,979.23,7,0
1063.01,1.4,136.73,926.28,7,0
450.53,0.0,61.43,389.1,0,0
775.29,0.6,84.65,690.64,3,0
729.14,0.6,76.32,652.82,3,0
817.16,0.6,134.08,683.08,3,1
661.54,0.4,86.54,575.0,2,0
504.34,0.0,92.54,411.79,0,0
751.55,0.6,98.73,652.82,3,0
1278.49,1.8,189.0,1089.49,9,0
905.33,0.6,237.38,667.95,3,0
1039.08,1.2,122.54,916.54,6,1
893.96,0.8,155.76,738.21,4,1
856.36,0.6,203.54,652.82,3,1
1071.16,1.2,147.05,924.1,6,0
588.74,0.2,76.43,512.31,1,0
467.58,0.0,63.35,404.23,0,0
1200.69,1.6,173.89,1026.79,8,0
775.91,0.6,130.65,645.26,3,0
782.64,0.6,84.43,698.21,3,1
1136.4,1.2,204.73,931.67,6,0
911.53,1.0,125.76,785.77,5,0
640.92,0.4,118.86,522.05,2,0
554.35,0.2,64.73,489.62,1,0
825.07,0.8,147.38,677.69,4,0
