"Total_Cost","Ratio_Reloc_Prod","Horiz_Cost","Vert_Cost","nReloc","non_Optimal"
231172.23,0.4227,43069.01,188103.18,634,153
1293.35,1.4,230.92,1062.44,7,0
571.25,0.0,91.38,479.87,0,0
836.19,0.4,193.11,643.08,2,0
514.01,0.0,41.7,472.31,0,0
716.01,0.4,110.76,605.26,2,1
569.33,0.0,89.46,479.87,0,1
514.55,0.0,49.81,464.74,0,0
935.68,0.8,121.84,813.85,4,1
766.4,0.4,130.89,635.51,2,1
725.24,0.4,89.73,635.51,2,0
910.65,0.6,174.62,736.03,3,0
529.18,0.0,64.43,464.74,0,0
761.36,0.4,156.11,605.26,2,0
1177.51,1.2,192.89,984.62,6,0
713.71,0.4,93.32,620.38,2,1
556.74,0.0,92.0,464.74,0,0
869.68,0.6,148.78,720.9,3,0
833.28,0.6,119.95,713.33,3,1
782.82,0.4,117.05,665.77,2,1
907.14,0.6,193.81,713.33,3,0
688.87,0.4,60.92,627.95,2,0
695.43,0.2,160.43,535.0,1,1
718.33,0.4,97.95,620.38,2,1
649.72,0.2,84.46,565.26,1,1
966.95,0.8,213.62,753.33,4,0
609.41,0.2,89.54,519.87,1,1
745.09,0.4,132.27,612.82,2,0
1032.7,1.0,156.16,876.54,5,1
578.75,0.0,129.14,449.62,0,0
1240.37,1.4,208.19,1032.18,7,1
992.8,0.6,226.51,766.28,3,0
502.48,0.0,60.43,442.05,0,0
1059.36,1.0,205.51,853.85,5,1
977.43,1.0,168.97,808.46,5,0
711.54,0.4,76.03,635.51,2,1
774.02,0.4,123.38,650.64,2,1
837.87,0.4,209.92,627.95,2,1
774.28,0.6,121.46,652.82,3,0
664.5,0.4,66.81,597.69,2,0
738.54,0.4,103.03,635.51,2,1
831.97,0.6,141.32,690.64,3,0
779.24,0.2,236.68,542.56,1,0
715.85,0.4,118.16,597.69,2,0
924.93,0.8,171.59,753.33,4,1
1120.03,1.0,251.05,868.97,5,0
741.52,0.4,121.14,620.38,2,1
456.06,0.0,36.7,419.36,0,1
733.12,0.4,127.86,605.26,2,0
666.45,0.2,108.76,557.69,1,1
468.98,0.0,49.62,419.36,0,0
1029.61,1.0,190.89,838.72,5,0
538.65,0.0,104.16,434.49,0,1
862.35,0.6,186.84,675.51,3,1
504.7,0.0,70.22,434.49,0,0
627.37,0.2,84.81,542.56,1,1
803.22,0.4,182.84,620.38,2,0
675.23,0.2,162.92,512.31,1,0
971.23,0.8,180.08,791.15,4,1
523.77,0.0,59.03,464.74,0,0
1030.38,1.0,168.97,861.41,5,1
620.03,0.2,100.16,519.87,1,0
1090.75,1.0,214.22,876.54,5,0
595.77,0.0,123.46,472.31,0,0
709.27,0.4,134.27,575.0,2,0
715.7,0.4,125.57,590.13,2,0
730.93,0.4,110.54,620.38,2,0
692.96,0.2,135.27,557.69,1,0
830.16,0.6,162.22,667.95,3,1
863.88,0.4,205.68,658.21,2,0
840.15,0.4,189.51,650.64,2,1
696.37,0.2,138.68,557.69,1,1
883.32,0.6,192.68,690.64,3,0
633.92,0.2,98.92,535.0,1,0
742.48,0.4,144.78,597.69,2,0
630.5,0.2,72.81,557.69,1,0
722.18,0.2,164.49,557.69,1,1
857.64,0.6,114.05,743.59,3,1
1214.29,1.0,277.24,937.05,5,0
976.76,0.8,155.35,821.41,4,0
756.35,0.4,120.84,635.51,2,0
944.8,0.4,286.59,658.21,2,0
707.12,0.2,141.86,565.26,1,1
921.24,0.6,185.22,736.03,3,1
946.42,0.6,187.7,758.72,3,1
945.55,0.6,224.65,720.9,3,0
816.57,0.6,141.05,675.51,3,1
680.04,0.0,222.86,457.18,0,0
792.99,0.4,134.78,658.21,2,0
599.37,0.0,142.19,457.18,0,0
494.39,0.0,75.03,419.36,0,0
764.7,0.6,81.62,683.08,3,1
724.52,0.4,104.14,620.38,2,0
524.14,0.0,89.65,434.49,0,1
715.29,0.2,157.59,557.69,1,1
821.8,0.4,163.59,658.21,2,1
954.77,0.6,188.49,766.28,3,0
680.18,0.2,122.49,557.69,1,1
819.3,0.4,198.92,620.38,2,1
746.46,0.4,110.95,635.51,2,1
942.38,0.6,282.0,660.38,3,1
975.69,0.8,176.97,798.72,4,0
701.11,0.2,166.11,535.0,1,0
644.5,0.2,79.24,565.26,1,1
747.98,0.4,135.16,612.82,2,1
700.22,0.4,79.84,620.38,2,0
684.09,0.2,118.84,565.26,1,1
779.11,0.4,158.73,620.38,2,0
819.75,0.4,222.05,597.69,2,0
906.2,0.6,200.43,705.77,3,1
972.76,0.6,236.73,736.03,3,0
537.95,0.0,103.46,434.49,0,1
987.64,1.0,164.05,823.59,5,0
693.02,0.4,95.32,597.69,2,1
717.93,0.4,97.54,620.38,2,0
802.96,0.2,245.27,557.69,1,1
892.31,0.8,146.54,745.77,4,1
800.47,0.6,87.14,713.33,3,1
850.91,0.4,192.7,658.21,2,0
958.59,0.6,215.0,743.59,3,1
533.67,0.0,91.62,442.05,0,0
575.24,0.0,133.19,442.05,0,1
927.49,0.8,151.46,776.03,4,0
472.18,0.0,67.95,404.23,0,1
665.85,0.2,108.16,557.69,1,1
855.73,0.6,180.22,675.51,3,1
531.73,0.0,97.24,434.49,0,1
512.0,0.0,77.51,434.49,0,1
787.57,0.6,127.19,660.38,3,0
597.99,0.2,93.24,504.74,1,1
439.9,0.0,28.11,411.79,0,1
455.71,0.0,43.92,411.79,0,1
479.19,0.0,44.7,434.49,0,1
669.43,0.2,126.86,542.56,1,1
832.77,0.6,134.57,698.21,3,0
798.36,0.6,85.03,713.33,3,0
612.75,0.2,115.57,497.18,1,1
599.93,0.2,87.62,512.31,1,1
1092.05,1.2,160.38,931.67,6,0
916.21,0.4,258.0,658.21,2,1
684.96,0.2,127.27,557.69,1,0
835.86,0.4,200.35,635.51,2,1
802.93,0.4,137.16,665.77,2,0
559.88,0.0,95.14,464.74,0,1
501.41,0.0,66.92,434.49,0,0
633.73,0.2,98.73,535.0,1,0
701.1,0.4,110.97,590.13,2,0
696.73,0.4,114.16,582.56,2,1
847.95,0.6,127.05,720.9,3,0
668.81,0.2,133.81,535.0,1,0
624.74,0.2,104.86,519.87,1,1
758.48,0.4,107.84,650.64,2,0
688.44,0.4,75.62,612.82,2,1
724.44,0.4,104.05,620.38,2,1
901.0,0.6,164.97,736.03,3,0
941.24,0.6,205.22,736.03,3,0
680.8,0.2,115.54,565.26,1,0
517.27,0.0,75.22,442.05,0,0
705.14,0.4,92.32,612.82,2,1
962.37,0.8,163.65,798.72,4,1
673.73,0.4,91.16,582.56,2,0
540.27,0.2,58.22,482.05,1,1
590.41,0.2,55.41,535.0,1,1
709.36,0.6,64.11,645.26,3,1
877.84,0.8,116.95,760.9,4,0
634.79,0.2,107.35,527.44,1,1
784.93,0.4,172.11,612.82,2,1
710.43,0.2,160.3,550.13,1,0
1107.57,1.2,198.59,908.97,6,1
1004.7,0.8,236.24,768.46,4,0
582.28,0.0,117.54,464.74,0,0
582.8,0.2,85.62,497.18,1,1
943.27,0.8,159.68,783.59,4,1
701.93,0.2,136.68,565.26,1,0
573.99,0.0,124.38,449.62,0,1
767.42,0.4,169.73,597.69,2,1
602.69,0.2,97.95,504.74,1,1
1116.83,1.2,192.73,924.1,6,0
890.01,0.6,176.68,713.33,3,0
849.51,0.6,158.86,690.64,3,1
1010.5,0.8,211.78,798.72,4,1
712.45,0.4,114.76,597.69,2,1
880.87,0.6,159.97,720.9,3,1
850.92,0.6,122.46,728.46,3,0
717.75,0.4,135.19,582.56,2,1
859.58,0.6,161.38,698.21,3,1
954.34,0.8,163.19,791.15,4,1
742.89,0.4,114.95,627.95,2,0
593.84,0.0,151.78,442.05,0,0
657.9,0.2,130.46,527.44,1,0
754.93,0.4,134.54,620.38,2,0
514.16,0.0,64.54,449.62,0,0
741.85,0.2,229.54,512.31,1,1
1020.84,0.6,345.32,675.51,3,1
694.42,0.2,129.16,565.26,1,1
693.91,0.4,88.65,605.26,2,0
836.96,0.4,224.14,612.82,2,0
712.56,0.4,122.43,590.13,2,1
599.04,0.0,141.86,457.18,0,1
790.7,0.6,107.62,683.08,3,1
764.93,0.4,144.54,620.38,2,1
455.79,0.0,44.0,411.79,0,1
547.27,0.0,112.78,434.49,0,1
674.98,0.2,155.11,519.87,1,1
838.99,0.6,140.78,698.21,3,1
812.6,0.4,199.78,612.82,2,0
558.99,0.0,94.24,464.74,0,0
1218.87,1.4,224.51,994.36,7,1
556.23,0.0,99.05,457.18,0,0
691.27,0.4,116.27,575.0,2,0
1109.84,1.2,208.43,901.41,6,1
802.64,0.4,159.57,643.08,2,0
1074.68,1.0,205.7,868.97,5,0
761.34,0.4,156.08,605.26,2,0
514.16,0.0,64.54,449.62,0,0
916.14,0.6,202.81,713.33,3,1
1132.79,1.2,223.81,908.97,6,1
668.62,0.2,126.05,542.56,1,1
552.94,0.0,95.76,457.18,0,1
661.3,0.2,133.86,527.44,1,0
609.64,0.0,152.46,457.18,0,1
1010.89,0.8,242.43,768.46,4,0
647.38,0.2,119.95,527.44,1,0
891.18,0.8,152.97,738.21,4,0
712.5,0.2,154.81,557.69,1,1
715.34,0.2,165.22,550.13,1,0
907.94,0.8,124.35,783.59,4,1
1359.69,0.6,706.86,652.82,3,1
1103.21,0.8,319.62,783.59,4,1
1190.65,1.2,228.73,961.92,6,0
677.97,0.4,87.84,590.13,2,1
809.29,0.4,166.22,643.08,2,1
606.79,0.2,79.35,527.44,1,0
659.98,0.4,107.68,552.31,2,1
591.32,0.2,109.27,482.05,1,1
799.73,0.4,171.78,627.95,2,0
894.2,0.8,87.92,806.28,4,1
530.16,0.0,80.54,449.62,0,0
573.33,0.2,61.03,512.31,1,1
1322.67,1.4,298.05,1024.62,7,0
946.37,1.0,107.65,838.72,5,1
885.74,0.8,139.97,745.77,4,1
836.03,0.6,160.51,675.51,3,1
1055.54,1.2,146.57,908.97,6,1
669.97,0.2,119.84,550.13,1,0
712.38,0.4,84.43,627.95,2,1
943.86,0.6,207.84,736.03,3,0
1192.51,1.0,308.41,884.1,5,0
697.57,0.4,69.62,627.95,2,0
652.23,0.2,94.54,557.69,1,0
795.69,0.6,142.86,652.82,3,0
930.32,0.6,194.3,736.03,3,1
1314.36,0.6,661.54,652.82,3,1
1128.43,1.0,244.32,884.1,5,1
722.49,0.4,94.54,627.95,2,1
926.55,0.6,160.27,766.28,3,0
647.56,0.2,97.43,550.13,1,1
500.05,0.0,58.0,442.05,0,0
790.79,0.6,137.97,652.82,3,0
660.91,0.2,163.73,497.18,1,1
753.49,0.4,117.97,635.51,2,0
862.84,0.8,101.95,760.9,4,0
846.08,0.6,163.0,683.08,3,1
964.15,0.8,233.51,730.64,4,0
717.58,0.4,104.76,612.82,2,1
756.1,0.2,213.54,542.56,1,0
894.4,0.6,158.38,736.03,3,0
897.48,0.4,239.27,658.21,2,1
666.27,0.2,131.27,535.0,1,1
560.75,0.0,103.57,457.18,0,0
651.41,0.4,91.54,559.87,2,0
1195.37,1.2,256.14,939.23,6,1
932.53,0.8,141.38,791.15,4,1
655.53,0.2,97.84,557.69,1,0
934.98,0.6,206.51,728.46,3,0
677.59,0.2,127.46,550.13,1,0
974.44,0.8,168.16,806.28,4,0
710.34,0.4,112.65,597.69,2,0
711.02,0.2,160.89,550.13,1,1
861.48,0.6,163.27,698.21,3,0
488.87,0.0,61.95,426.92,0,1
937.81,0.6,209.35,728.46,3,0
627.7,0.2,85.14,542.56,1,1
689.09,0.2,123.84,565.26,1,0
650.4,0.4,52.7,597.69,2,0
589.5,0.0,124.76,464.74,0,0
548.26,0.0,83.51,464.74,0,0
552.85,0.2,48.11,504.74,1,1
751.22,0.4,130.84,620.38,2,0
474.19,0.0,39.7,434.49,0,1
823.04,0.4,157.27,665.77,2,0
862.84,0.6,141.95,720.9,3,1
772.19,0.4,136.68,635.51,2,1
1249.35,0.6,566.27,683.08,3,1
864.04,0.6,97.76,766.28,3,1
701.5,0.2,128.68,572.82,1,1
636.34,0.2,86.22,550.13,1,1
565.64,0.0,108.46,457.18,0,0
490.6,0.0,71.24,419.36,0,1
530.22,0.2,55.73,474.49,1,1
861.16,0.8,85.14,776.03,4,1
