"Total_Cost","Ratio_Reloc_Prod","Horiz_Cost","Vert_Cost","nReloc","non_Optimal"
220891.86,0.3727,33050.42,187841.49,559,250
860.87,0.3333,139.97,720.9,2,1
741.23,0.1667,83.03,658.21,1,1
1190.4,0.8333,198.22,992.18,5,1
915.8,0.5,124.65,791.15,3,1
1201.42,1.0,161.68,1039.74,6,1
790.28,0.3333,84.51,705.77,2,1
1301.86,1.0,216.73,1085.13,6,1
1139.76,0.8333,185.41,954.36,5,1
864.89,0.5,96.43,768.46,3,1
921.71,0.5,115.43,806.28,3,1
1076.7,0.6667,207.73,868.97,4,1
726.13,0.3333,50.62,675.51,2,1
861.35,0.3333,117.76,743.59,2,1
997.22,0.6667,128.24,868.97,4,1
927.91,0.3333,184.32,743.59,2,1
881.38,0.5,105.35,776.03,3,1
889.93,0.3333,123.65,766.28,2,1
791.3,0.1667,155.78,635.51,1,1
850.36,0.3333,129.46,720.9,2,1
701.36,0.1667,88.54,612.82,1,1
1053.81,0.5,224.84,828.97,3,1
965.74,0.5,151.89,813.85,3,1
1297.12,1.1667,156.86,1140.26,7,1
1198.02,0.8333,213.41,984.62,5,1
968.36,0.5,162.08,806.28,3,1
1040.7,0.6667,111.22,929.49,4,1
770.83,0.1667,112.62,658.21,1,1
1139.94,0.6667,255.84,884.1,4,1
884.33,0.3333,171.0,713.33,2,1
978.4,0.5,141.86,836.54,3,1
583.92,0.0,48.92,535.0,0,1
1008.96,0.6667,109.73,899.23,4,1
698.85,0.0,141.16,557.69,0,1
1098.73,0.8333,182.19,916.54,5,1
698.38,0.1667,70.43,627.95,1,1
902.4,0.5,111.24,791.15,3,1
925.26,0.5,126.54,798.72,3,1
901.68,0.5,87.84,813.85,3,1
1090.86,0.6667,214.32,876.54,4,1
1005.99,0.5,146.76,859.23,3,1
680.56,0.0,122.86,557.69,0,1
1069.35,0.6667,192.81,876.54,4,1
615.8,0.0,58.11,557.69,0,1
882.51,0.3333,146.49,736.03,2,1
634.58,0.0,69.32,565.26,0,1
1083.92,0.8333,167.38,916.54,5,1
952.63,0.5,138.78,813.85,3,1
715.84,0.1667,80.32,635.51,1,1
1069.95,0.6667,155.59,914.36,4,1
1009.97,0.6667,125.86,884.1,4,1
682.11,0.1667,61.73,620.38,1,1
1077.62,0.6667,140.57,937.05,4,1
1415.52,1.1667,252.57,1162.95,7,1
741.8,0.1667,76.03,665.77,1,1
864.3,0.3333,128.27,736.03,2,1
964.05,0.5,188.03,776.03,3,1
785.88,0.1667,127.68,658.21,1,1
936.57,0.3333,215.68,720.9,2,1
920.11,0.5,144.08,776.03,3,1
800.78,0.1667,157.7,643.08,1,1
961.72,0.3333,203.0,758.72,2,1
1118.69,0.8333,171.89,946.79,5,1
1173.99,0.8333,189.38,984.62,5,1
1108.75,0.6667,171.7,937.05,4,1
969.46,0.5,140.49,828.97,3,1
995.39,0.5,136.16,859.23,3,1
1028.5,0.6667,129.27,899.23,4,1
927.31,0.3333,168.59,758.72,2,1
879.58,0.1667,213.81,665.77,1,1
956.73,0.5,127.76,828.97,3,1
980.66,0.3333,221.95,758.72,2,1
1102.22,0.6667,180.3,921.92,4,1
915.22,0.3333,141.38,773.85,2,1
1166.14,0.8333,204.22,961.92,5,1
732.86,0.1667,97.35,635.51,1,1
912.81,0.3333,169.22,743.59,2,1
639.97,0.0,89.84,550.13,0,1
992.24,0.5,155.7,836.54,3,1
1047.66,0.6667,140.86,906.79,4,1
818.78,0.3333,67.62,751.15,2,1
797.48,0.1667,139.27,658.21,1,1
946.11,0.5,117.14,828.97,3,1
848.38,0.3333,112.35,736.03,2,1
991.17,0.5,177.32,813.85,3,1
608.08,0.0,65.51,542.56,0,1
801.8,0.1667,143.59,658.21,1,1
868.23,0.3333,101.95,766.28,2,1
740.04,0.1667,81.84,658.21,1,1
773.69,0.1667,107.92,665.77,1,1
836.21,0.3333,92.62,743.59,2,1
937.5,0.5,138.78,798.72,3,1
761.72,0.1667,95.95,665.77,1,1
752.71,0.1667,124.76,627.95,1,1
1141.57,0.8333,172.08,969.49,5,1
902.61,0.3333,143.89,758.72,2,1
892.68,0.5,131.78,760.9,3,1
1069.38,0.8333,92.32,977.05,5,1
739.72,0.1667,81.51,658.21,1,1
847.89,0.3333,111.86,736.03,2,1
734.37,0.1667,83.73,650.64,1,1
686.93,0.0,121.68,565.26,0,1
955.85,0.5,96.62,859.23,3,1
749.67,0.1667,114.16,635.51,1,1
1005.94,0.6667,121.84,884.1,4,1
813.73,0.1667,178.22,635.51,1,1
830.95,0.3333,110.05,720.9,2,1
935.12,0.3333,176.41,758.72,2,1
875.95,0.3333,162.62,713.33,2,1
744.97,0.1667,94.32,650.64,1,1
649.53,0.0,91.84,557.69,0,1
891.95,0.5,78.11,813.85,3,1
916.62,0.5,140.59,776.03,3,1
808.9,0.3333,103.14,705.77,2,1
768.15,0.1667,109.95,658.21,1,1
776.1,0.1667,125.46,650.64,1,1
974.06,0.5,160.22,813.85,3,1
701.63,0.1667,81.24,620.38,1,1
752.61,0.1667,86.84,665.77,1,1
714.13,0.1667,78.62,635.51,1,1
711.86,0.1667,61.22,650.64,1,1
681.58,0.0,108.76,572.82,0,1
762.01,0.1667,96.24,665.77,1,1
737.59,0.1667,86.95,650.64,1,1
941.03,0.5,112.05,828.97,3,1
722.57,0.1667,87.05,635.51,1,1
818.79,0.3333,90.32,728.46,2,1
588.96,0.0,76.65,512.31,0,1
709.35,0.1667,81.41,627.95,1,1
770.22,0.1667,134.7,635.51,1,1
991.45,0.5,192.73,798.72,3,1
831.81,0.1667,188.73,643.08,1,1
937.58,0.5,138.86,798.72,3,1
1104.49,0.6667,175.0,929.49,4,1
606.19,0.0,63.62,542.56,0,1
754.64,0.1667,111.57,643.08,1,1
1007.91,0.6667,116.24,891.67,4,1
902.91,0.3333,151.76,751.15,2,1
846.11,0.3333,117.65,728.46,2,1
1061.59,0.5,209.92,851.67,3,1
664.37,0.0,114.24,550.13,0,1
1102.18,0.5,258.08,844.1,3,1
1134.84,0.5,313.43,821.41,3,1
917.41,0.5,88.43,828.97,3,1
952.49,0.5,131.08,821.41,3,1
959.8,0.3333,193.51,766.28,2,1
911.7,0.3333,168.11,743.59,2,1
1132.06,0.8333,124.76,1007.31,5,1
775.74,0.1667,94.84,680.9,1,1
714.42,0.0,141.59,572.82,0,1
885.13,0.3333,133.97,751.15,2,1
918.1,0.3333,159.38,758.72,2,1
957.09,0.5,135.68,821.41,3,1
725.16,0.1667,89.65,635.51,1,1
951.74,0.5,145.46,806.28,3,1
1046.41,0.6667,132.05,914.36,4,1
638.88,0.0,73.62,565.26,0,1
676.46,0.1667,48.51,627.95,1,1
942.75,0.5,151.59,791.15,3,1
601.75,0.0,51.62,550.13,0,1
850.53,0.3333,91.81,758.72,2,1
1093.1,0.8333,169.0,924.1,5,1
1167.42,0.8333,167.68,999.74,5,1
679.8,0.0,114.54,565.26,0,1
928.78,0.3333,185.19,743.59,2,1
761.8,0.1667,111.16,650.64,1,1
1063.61,0.6667,164.38,899.23,4,1
931.39,0.6667,77.54,853.85,4,1
941.57,0.5,105.03,836.54,3,1
598.73,0.0,63.73,535.0,0,1
633.31,0.0,75.62,557.69,0,1
699.88,0.0,142.19,557.69,0,1
958.03,0.5,129.05,828.97,3,1
697.27,0.1667,69.32,627.95,1,1
840.36,0.3333,119.46,720.9,2,1
942.5,0.3333,183.78,758.72,2,1
1058.81,0.8333,142.27,916.54,5,1
942.6,0.3333,214.14,728.46,2,1
712.82,0.0,140.0,572.82,0,1
769.99,0.1667,119.35,650.64,1,1
1090.98,0.8333,144.19,946.79,5,1
717.54,0.1667,82.03,635.51,1,1
712.35,0.1667,76.84,635.51,1,1
981.64,0.6667,97.54,884.1,4,1
746.18,0.1667,95.54,650.64,1,1
984.61,0.5,132.95,851.67,3,1
817.57,0.1667,136.68,680.9,1,1
1002.59,0.6667,110.92,891.67,4,1
875.21,0.3333,124.05,751.15,2,1
1312.29,1.0,234.73,1077.56,6,1
617.29,0.0,74.73,542.56,0,1
1029.07,0.5,177.41,851.67,3,1
851.76,0.3333,115.73,736.03,2,1
681.8,0.1667,76.54,605.26,1,1
772.25,0.1667,144.3,627.95,1,1
755.86,0.1667,120.35,635.51,1,1
776.49,0.1667,140.97,635.51,1,1
889.27,0.3333,145.68,743.59,2,1
720.93,0.1667,115.68,605.26,1,1
1299.38,0.8333,269.38,1030.0,5,1
982.34,0.5,183.62,798.72,3,1
911.88,0.3333,153.16,758.72,2,1
831.53,0.1667,173.32,658.21,1,1
935.17,0.3333,221.84,713.33,2,1
717.15,0.1667,66.51,650.64,1,1
715.75,0.1667,65.11,650.64,1,1
848.96,0.3333,90.24,758.72,2,1
729.38,0.1667,101.43,627.95,1,1
1358.95,1.1667,196.0,1162.95,7,1
726.45,0.1667,75.81,650.64,1,1
1097.02,0.8333,119.97,977.05,5,1
851.73,0.1667,208.65,643.08,1,1
868.79,0.3333,147.89,720.9,2,1
810.8,0.1667,152.59,658.21,1,1
1010.15,0.5,158.49,851.67,3,1
764.0,0.1667,128.49,635.51,1,1
1117.03,0.6667,195.11,921.92,4,1
836.15,0.3333,77.43,758.72,2,1
924.26,0.3333,173.11,751.15,2,1
875.32,0.1667,179.3,696.03,1,1
835.58,0.1667,169.81,665.77,1,1
664.74,0.0,84.35,580.38,0,1
781.08,0.1667,145.57,635.51,1,1
754.54,0.1667,111.46,643.08,1,1
771.34,0.1667,113.14,658.21,1,1
1212.09,0.8333,197.22,1014.87,5,1
1004.45,0.6667,105.22,899.23,4,1
1031.37,0.5,179.7,851.67,3,1
848.02,0.3333,104.43,743.59,2,1
820.16,0.3333,84.14,736.03,2,1
968.91,0.5,117.24,851.67,3,1
774.06,0.1667,100.73,673.33,1,1
823.63,0.1667,150.3,673.33,1,1
623.1,0.0,65.41,557.69,0,1
578.14,0.0,50.7,527.44,0,1
817.05,0.1667,166.41,650.64,1,1
947.66,0.5,141.38,806.28,3,1
1007.13,0.6667,115.46,891.67,4,1
921.86,0.5,85.32,836.54,3,1
800.15,0.1667,134.38,665.77,1,1
839.57,0.3333,103.54,736.03,2,1
1108.86,0.6667,156.68,952.18,4,1
906.41,0.3333,132.57,773.85,2,1
782.48,0.1667,124.27,658.21,1,1
835.32,0.1667,192.24,643.08,1,1
868.77,0.1667,210.57,658.21,1,1
1139.07,0.8333,146.89,992.18,5,1
549.01,0.0,36.7,512.31,0,1
713.58,0.1667,100.76,612.82,1,1
705.34,0.1667,54.7,650.64,1,1
820.3,0.3333,91.84,728.46,2,1
