"Total_Cost","Ratio_Reloc_Prod","Horiz_Cost","Vert_Cost","nReloc","non_Optimal"
240882.3,0.452,51034.37,189848.08,678,154
565.65,0.0,70.65,495.0,0,0
692.77,0.2,135.08,557.69,1,0
805.15,0.6,106.95,698.21,3,0
787.33,0.4,159.38,627.95,2,0
750.29,0.4,99.65,650.64,2,0
524.37,0.0,59.62,464.74,0,0
666.15,0.2,108.46,557.69,1,0
852.65,0.6,131.76,720.9,3,1
689.93,0.2,124.68,565.26,1,0
651.64,0.0,194.46,457.18,0,0
643.5,0.2,78.24,565.26,1,0
1660.35,1.0,836.76,823.59,5,1
738.27,0.4,102.76,635.51,2,0
545.35,0.0,110.86,434.49,0,0
704.58,0.2,146.89,557.69,1,0
1235.41,1.2,273.49,961.92,6,1
917.9,0.8,111.62,806.28,4,1
897.24,0.6,153.65,743.59,3,0
982.69,0.8,183.97,798.72,4,1
954.69,0.8,155.97,798.72,4,1
870.4,0.6,179.76,690.64,3,0
1022.45,1.0,138.35,884.1,5,1
803.24,0.6,120.16,683.08,3,0
765.05,0.4,129.54,635.51,2,0
650.83,0.2,93.14,557.69,1,0
1013.57,0.6,285.11,728.46,3,1
574.5,0.0,109.76,464.74,0,0
1310.95,0.6,695.95,615.0,3,1
1349.71,1.2,402.92,946.79,6,1
785.97,0.4,150.46,635.51,2,0
769.08,0.4,133.57,635.51,2,1
769.31,0.4,103.54,665.77,2,1
531.24,0.0,81.62,449.62,0,0
696.0,0.2,168.57,527.44,1,0
559.1,0.0,101.92,457.18,0,0
569.47,0.0,104.73,464.74,0,0
491.62,0.0,57.14,434.49,0,0
630.24,0.2,95.24,535.0,1,1
1274.49,1.4,280.14,994.36,7,1
1225.19,1.0,348.65,876.54,5,1
652.88,0.2,102.76,550.13,1,0
833.12,0.4,174.92,658.21,2,0
878.24,0.6,202.73,675.51,3,0
715.58,0.2,142.76,572.82,1,1
994.0,0.8,210.41,783.59,4,0
765.46,0.4,129.95,635.51,2,1
779.65,0.2,237.08,542.56,1,1
558.31,0.0,101.14,457.18,0,0
746.88,0.4,149.19,597.69,2,1
690.77,0.4,85.51,605.26,2,1
1008.62,1.0,185.03,823.59,5,1
652.25,0.4,84.81,567.44,2,1
540.21,0.0,98.16,442.05,0,0
650.19,0.4,67.62,582.56,2,0
633.37,0.2,90.81,542.56,1,1
818.09,0.4,212.84,605.26,2,0
937.38,0.8,176.49,760.9,4,1
570.09,0.2,50.22,519.87,1,1
822.09,0.6,108.76,713.33,3,1
733.31,0.4,128.05,605.26,2,1
798.54,0.6,115.46,683.08,3,1
748.85,0.4,151.16,597.69,2,1
671.26,0.2,121.14,550.13,1,0
1011.88,0.8,205.59,806.28,4,0
677.15,0.2,119.46,557.69,1,0
739.39,0.4,126.57,612.82,2,0
1708.43,1.2,859.97,848.46,6,1
993.9,0.8,172.49,821.41,4,1
798.78,0.6,123.27,675.51,3,1
542.21,0.0,100.16,442.05,0,0
674.05,0.4,83.92,590.13,2,1
808.15,0.6,109.95,698.21,3,1
855.85,0.6,157.65,698.21,3,0
1078.7,1.0,255.11,823.59,5,1
694.18,0.2,136.49,557.69,1,0
1487.16,0.8,771.65,715.51,4,1
701.77,0.2,128.95,572.82,1,0
545.61,0.0,88.43,457.18,0,0
583.22,0.2,48.22,535.0,1,0
525.29,0.0,83.24,442.05,0,0
797.92,0.6,129.97,667.95,3,1
1148.78,0.6,465.7,683.08,3,1
1021.4,0.8,245.38,776.03,4,1
553.99,0.0,89.24,464.74,0,0
1018.58,0.8,212.3,806.28,4,1
552.74,0.0,80.43,472.31,0,0
664.91,0.2,99.65,565.26,1,1
793.29,0.6,110.22,683.08,3,1
596.47,0.0,124.16,472.31,0,0
641.48,0.2,91.35,550.13,1,1
794.29,0.6,103.65,690.64,3,1
859.54,0.6,191.59,667.95,3,1
674.99,0.2,109.73,565.26,1,0
652.75,0.2,102.62,550.13,1,0
747.21,0.2,204.65,542.56,1,0
534.33,0.0,99.84,434.49,0,1
633.63,0.2,113.76,519.87,1,0
1314.19,1.6,257.14,1057.05,8,1
1080.4,1.0,203.86,876.54,5,1
629.61,0.2,124.86,504.74,1,0
969.83,0.6,226.24,743.59,3,1
594.31,0.0,129.57,464.74,0,0
610.5,0.0,145.76,464.74,0,0
646.3,0.2,118.86,527.44,1,1
599.32,0.2,117.27,482.05,1,0
723.22,0.4,102.84,620.38,2,1
682.6,0.2,162.73,519.87,1,1
624.52,0.2,104.65,519.87,1,1
704.83,0.4,107.14,597.69,2,1
770.98,0.4,150.59,620.38,2,0
556.52,0.0,129.59,426.92,0,0
949.6,0.8,196.27,753.33,4,1
679.02,0.2,136.46,542.56,1,0
632.72,0.2,75.03,557.69,1,0
1186.58,1.0,332.73,853.85,5,1
887.43,0.6,211.92,675.51,3,0
991.59,0.8,208.0,783.59,4,1
919.91,0.6,161.19,758.72,3,0
695.6,0.2,122.78,572.82,1,0
702.01,0.2,136.76,565.26,1,0
762.43,0.4,119.35,643.08,2,1
552.09,0.0,87.35,464.74,0,0
973.98,0.8,205.51,768.46,4,1
605.47,0.2,93.16,512.31,1,0
776.93,0.4,118.73,658.21,2,0
1332.99,0.8,602.35,730.64,4,1
751.25,0.2,163.3,587.95,1,0
1687.62,1.0,871.59,816.03,5,1
799.93,0.6,101.73,698.21,3,1
1075.55,0.8,254.14,821.41,4,1
648.99,0.2,83.73,565.26,1,0
820.22,0.6,99.32,720.9,3,1
567.29,0.0,125.24,442.05,0,0
663.72,0.2,98.46,565.26,1,0
993.14,1.0,131.73,861.41,5,1
596.41,0.2,61.41,535.0,1,0
625.58,0.2,113.27,512.31,1,1
1106.3,0.8,390.78,715.51,4,1
620.57,0.2,93.14,527.44,1,0
763.4,0.4,112.76,650.64,2,1
520.21,0.0,63.03,457.18,0,0
630.48,0.2,133.3,497.18,1,0
693.53,0.4,95.84,597.69,2,1
736.82,0.4,116.43,620.38,2,0
462.76,0.0,43.41,419.36,0,0
1106.62,1.2,182.51,924.1,6,1
926.59,0.8,135.43,791.15,4,1
714.49,0.4,86.54,627.95,2,1
622.07,0.0,164.89,457.18,0,0
781.8,0.4,131.16,650.64,2,0
768.22,0.6,107.84,660.38,3,1
790.36,0.6,129.97,660.38,3,1
508.83,0.0,59.22,449.62,0,0
849.83,0.4,191.62,658.21,2,1
725.85,0.2,160.59,565.26,1,0
877.99,0.8,86.84,791.15,4,1
533.89,0.0,91.84,442.05,0,0
871.3,0.6,210.92,660.38,3,1
894.68,1.0,86.22,808.46,5,1
1255.9,0.8,510.14,745.77,4,1
590.84,0.0,110.97,479.87,0,0
464.75,0.0,22.7,442.05,0,0
887.44,0.8,126.54,760.9,4,1
877.38,0.6,156.49,720.9,3,1
658.33,0.2,130.89,527.44,1,0
651.59,0.4,69.03,582.56,2,0
649.35,0.2,114.35,535.0,1,0
767.53,0.4,109.32,658.21,2,0
1030.03,0.8,269.14,760.9,4,1
751.02,0.2,208.46,542.56,1,0
887.9,0.6,235.08,652.82,3,1
634.3,0.2,106.86,527.44,1,0
781.69,0.4,184.0,597.69,2,0
1021.06,0.8,207.22,813.85,4,1
733.74,0.4,120.92,612.82,2,1
1007.72,0.8,224.14,783.59,4,1
665.23,0.2,107.54,557.69,1,0
652.48,0.2,102.35,550.13,1,0
577.0,0.2,42.0,535.0,1,0
2102.42,1.6,1090.76,1011.67,8,1
584.14,0.0,104.27,479.87,0,0
754.67,0.4,119.16,635.51,2,0
819.13,0.6,136.05,683.08,3,1
1014.3,1.2,158.27,856.03,6,1
1340.61,1.4,255.49,1085.13,7,0
897.55,0.8,136.65,760.9,4,1
751.76,0.4,131.38,620.38,2,1
706.6,0.4,86.22,620.38,2,1
623.09,0.2,103.22,519.87,1,1
808.32,0.4,172.81,635.51,2,1
1210.35,0.8,441.89,768.46,4,1
1201.01,1.2,254.22,946.79,6,0
655.53,0.2,97.84,557.69,1,0
580.53,0.0,123.35,457.18,0,0
725.8,0.4,120.54,605.26,2,1
756.05,0.4,120.54,635.51,2,0
689.48,0.2,146.92,542.56,1,0
637.65,0.2,102.65,535.0,1,0
1599.31,1.2,765.97,833.33,6,1
1142.19,0.8,313.22,828.97,4,1
849.44,0.6,128.54,720.9,3,1
758.41,0.4,130.46,627.95,2,0
661.2,0.2,148.89,512.31,1,1
646.73,0.2,111.73,535.0,1,0
744.82,0.4,124.43,620.38,2,0
658.19,0.4,75.62,582.56,2,1
865.03,0.6,189.51,675.51,3,1
841.75,0.8,118.68,723.08,4,1
917.98,0.8,157.08,760.9,4,1
1071.07,0.8,332.86,738.21,4,1
878.0,0.6,194.92,683.08,3,1
669.96,0.2,112.27,557.69,1,0
920.68,0.6,207.35,713.33,3,1
799.62,0.6,116.54,683.08,3,1
1091.35,0.8,368.27,723.08,4,1
841.72,0.6,135.95,705.77,3,1
576.76,0.2,49.32,527.44,1,0
912.21,0.6,176.19,736.03,3,1
937.77,0.8,199.57,738.21,4,0
732.14,0.4,111.76,620.38,2,0
628.73,0.2,93.73,535.0,1,0
520.22,0.0,85.73,434.49,0,0
786.44,0.4,166.05,620.38,2,1
521.99,0.0,64.81,457.18,0,0
653.29,0.2,103.16,550.13,1,0
654.49,0.2,127.05,527.44,1,0
744.85,0.4,147.16,597.69,2,1
1009.12,1.0,155.27,853.85,5,1
1000.67,1.0,184.65,816.03,5,1
868.34,0.6,162.57,705.77,3,1
591.88,0.2,87.14,504.74,1,0
479.58,0.0,75.35,404.23,0,0
778.49,0.8,70.54,707.95,4,1
513.7,0.2,39.22,474.49,1,1
870.07,0.8,131.86,738.21,4,1
687.51,0.2,137.38,550.13,1,0
898.18,0.8,107.03,791.15,4,1
947.65,0.8,179.19,768.46,4,1
629.78,0.2,87.22,542.56,1,1
1402.66,0.8,656.89,745.77,4,1
1530.94,1.0,707.35,823.59,5,1
710.96,0.4,113.27,597.69,2,0
654.41,0.2,126.97,527.44,1,0
827.94,0.6,144.86,683.08,3,0
878.83,0.6,195.76,683.08,3,0
538.07,0.0,73.32,464.74,0,0
992.15,0.8,246.38,745.77,4,1
787.79,0.4,167.41,620.38,2,1
605.0,0.2,70.0,535.0,1,0
673.7,0.2,123.57,550.13,1,0
794.45,0.6,149.19,645.26,3,0
589.76,0.2,62.32,527.44,1,0
639.53,0.2,134.78,504.74,1,1
670.78,0.2,120.65,550.13,1,0
515.08,0.0,73.03,442.05,0,0
890.62,0.8,122.16,768.46,4,1
770.45,0.4,180.32,590.13,2,1
722.73,0.4,155.3,567.44,2,0
941.05,1.0,117.46,823.59,5,1
768.89,0.6,100.95,667.95,3,1
511.51,0.0,77.03,434.49,0,0
465.52,0.0,53.73,411.79,0,0
1506.14,1.0,697.68,808.46,5,1
892.74,0.6,186.97,705.77,3,1
784.26,0.6,93.62,690.64,3,1
679.45,0.2,121.76,557.69,1,1
834.2,0.6,128.43,705.77,3,0
825.99,0.6,135.35,690.64,3,1
832.24,0.6,149.16,683.08,3,0
523.18,0.0,66.0,457.18,0,0
763.07,0.4,225.89,537.18,2,1
606.2,0.4,46.32,559.87,2,0
872.55,0.6,159.22,713.33,3,1
842.72,0.6,205.03,637.69,3,1
635.6,0.2,115.73,519.87,1,1
523.41,0.2,48.92,474.49,1,1
632.81,0.2,97.81,535.0,1,0
607.32,0.2,72.32,535.0,1,0
443.61,0.0,31.81,411.79,0,0
811.98,0.6,151.59,660.38,3,1
829.76,0.4,201.81,627.95,2,0
799.56,0.6,108.92,690.64,3,1
772.81,0.4,144.86,627.95,2,0
634.84,0.2,99.84,535.0,1,0
662.36,0.2,142.49,519.87,1,0
941.15,0.8,142.43,798.72,4,1
843.98,0.6,183.59,660.38,3,1
890.99,0.6,185.22,705.77,3,1
675.29,0.2,125.16,550.13,1,0
591.34,0.0,134.16,457.18,0,0
2040.02,1.0,1269.38,770.64,5,1
1119.79,1.0,265.95,853.85,5,1
721.87,0.4,109.05,612.82,2,0
681.26,0.2,123.57,557.69,1,0
942.22,0.6,213.76,728.46,3,1
1415.64,1.4,436.41,979.23,7,1
739.06,0.4,126.24,612.82,2,1
897.61,0.6,191.84,705.77,3,1
851.85,0.8,113.65,738.21,4,1
893.78,0.6,210.7,683.08,3,1
