"Total_Cost","Ratio_Reloc_Prod","Horiz_Cost","Vert_Cost","nReloc","non_Optimal"
222711.85,0.424,33061.24,189650.65,636,300
874.82,0.6,108.54,766.28,3,1
677.28,0.2,104.46,572.82,1,1
817.08,0.6,88.62,728.46,3,1
813.35,0.6,130.27,683.08,3,1
588.89,0.2,46.32,542.56,1,1
551.03,0.0,56.03,495.0,0,1
693.23,0.2,127.97,565.26,1,1
772.95,0.4,145.0,627.95,2,1
714.38,0.4,86.43,627.95,2,1
537.12,0.0,64.81,472.31,0,1
723.62,0.4,80.54,643.08,2,1
887.67,0.6,144.08,743.59,3,1
905.32,0.8,114.16,791.15,4,1
854.38,0.6,133.49,720.9,3,1
708.93,0.4,88.54,620.38,2,1
482.32,0.0,32.7,449.62,0,1
639.99,0.2,89.86,550.13,1,1
722.09,0.4,109.27,612.82,2,1
661.38,0.2,126.38,535.0,1,1
534.99,0.0,77.81,457.18,0,1
639.32,0.4,64.32,575.0,2,1
798.37,0.4,155.3,643.08,2,1
697.05,0.2,146.92,550.13,1,1
1268.37,1.6,188.62,1079.74,8,1
652.78,0.2,117.78,535.0,1,1
693.25,0.2,112.86,580.38,1,1
1099.39,1.2,152.59,946.79,6,1
657.91,0.2,92.65,565.26,1,1
832.15,0.6,133.95,698.21,3,1
663.64,0.2,105.95,557.69,1,1
889.42,0.6,138.27,751.15,3,1
667.21,0.4,84.65,582.56,2,1
655.49,0.2,120.49,535.0,1,1
631.81,0.4,56.81,575.0,2,1
970.36,0.8,164.08,806.28,4,1
689.8,0.4,84.54,605.26,2,1
588.41,0.2,53.41,535.0,1,1
612.59,0.2,70.03,542.56,1,1
513.43,0.0,63.81,449.62,0,1
641.34,0.2,136.59,504.74,1,1
944.73,0.8,168.7,776.03,4,1
759.19,0.4,123.68,635.51,2,1
596.76,0.2,69.32,527.44,1,1
767.46,0.4,124.38,643.08,2,1
697.29,0.2,139.59,557.69,1,1
653.92,0.2,111.35,542.56,1,1
505.1,0.0,47.92,457.18,0,1
895.98,0.8,135.08,760.9,4,1
854.38,0.6,133.49,720.9,3,1
793.94,0.6,110.86,683.08,3,1
915.61,0.6,209.84,705.77,3,1
734.83,0.4,91.76,643.08,2,1
517.05,0.0,67.43,449.62,0,1
622.03,0.2,87.03,535.0,1,1
906.61,0.6,147.89,758.72,3,1
576.98,0.2,57.11,519.87,1,1
793.2,0.6,87.43,705.77,3,1
812.97,0.4,169.89,643.08,2,1
807.75,0.4,164.68,643.08,2,1
734.5,0.4,121.68,612.82,2,1
834.2,0.8,88.43,745.77,4,1
665.94,0.2,123.38,542.56,1,1
983.13,0.8,199.54,783.59,4,1
1161.95,1.2,200.03,961.92,6,1
738.82,0.4,118.43,620.38,2,1
953.25,0.8,131.84,821.41,4,1
794.9,0.4,121.57,673.33,2,1
557.8,0.0,93.05,464.74,0,1
662.8,0.4,65.11,597.69,2,1
969.82,1.0,115.97,853.85,5,1
930.18,0.8,146.59,783.59,4,1
1022.48,1.0,191.32,831.15,5,1
561.39,0.0,96.65,464.74,0,1
436.9,0.0,25.11,411.79,0,1
592.24,0.2,42.11,550.13,1,1
816.24,0.4,165.59,650.64,2,1
949.05,0.6,205.46,743.59,3,1
614.22,0.2,94.35,519.87,1,1
717.52,0.4,89.57,627.95,2,1
612.35,0.2,77.35,535.0,1,1
958.26,0.8,167.11,791.15,4,1
707.6,0.4,87.22,620.38,2,1
598.41,0.2,78.54,519.87,1,1
768.18,0.6,77.54,690.64,3,1
981.81,1.0,165.78,816.03,5,1
813.44,0.6,92.54,720.9,3,1
869.5,0.8,116.16,753.33,4,1
574.07,0.2,69.32,504.74,1,1
644.14,0.2,109.14,535.0,1,1
664.33,0.4,104.46,559.87,2,1
689.49,0.4,69.11,620.38,2,1
926.56,0.8,142.97,783.59,4,1
928.3,1.0,112.27,816.03,5,1
750.99,0.4,100.35,650.64,2,1
645.11,0.2,117.68,527.44,1,1
728.76,0.4,108.38,620.38,2,1
697.07,0.2,139.38,557.69,1,1
724.31,0.4,119.05,605.26,2,1
816.53,0.6,110.76,705.77,3,1
713.69,0.2,140.86,572.82,1,1
726.19,0.6,43.11,683.08,3,1
1062.73,1.0,186.19,876.54,5,1
830.5,0.8,84.73,745.77,4,1
543.99,0.0,79.24,464.74,0,1
679.45,0.2,121.76,557.69,1,1
551.94,0.0,94.76,457.18,0,1
580.55,0.0,108.24,472.31,0,1
520.7,0.0,78.65,442.05,0,1
946.31,0.8,132.46,813.85,4,1
836.65,0.6,115.76,720.9,3,1
647.83,0.2,90.14,557.69,1,1
692.41,0.2,157.41,535.0,1,1
577.12,0.2,64.81,512.31,1,1
755.85,0.4,97.65,658.21,2,1
908.35,0.6,179.89,728.46,3,1
1062.0,1.2,160.59,901.41,6,1
877.66,0.6,118.95,758.72,3,1
548.72,0.0,91.54,457.18,0,1
545.85,0.2,41.11,504.74,1,1
599.78,0.2,57.22,542.56,1,1
527.8,0.0,70.62,457.18,0,1
905.64,0.6,222.57,683.08,3,1
778.1,0.4,127.46,650.64,2,1
645.41,0.2,117.97,527.44,1,1
753.4,0.6,70.32,683.08,3,1
724.54,0.4,89.03,635.51,2,1
934.69,0.8,135.97,798.72,4,1
782.59,0.4,147.08,635.51,2,1
979.29,1.0,140.57,838.72,5,1
712.13,0.2,162.0,550.13,1,1
767.01,0.4,101.24,665.77,2,1
1200.55,1.4,145.68,1054.87,7,1
755.14,0.4,127.19,627.95,2,1
575.53,0.0,110.78,464.74,0,1
749.99,0.2,184.73,565.26,1,1
684.48,0.4,94.35,590.13,2,1
674.56,0.2,132.0,542.56,1,1
801.34,0.6,103.14,698.21,3,1
806.35,0.6,123.27,683.08,3,1
756.0,0.4,120.49,635.51,2,1
1188.48,1.2,271.95,916.54,6,1
882.11,0.8,113.65,768.46,4,1
820.35,0.6,84.32,736.03,3,1
489.16,0.0,47.11,442.05,0,1
722.28,0.4,109.46,612.82,2,1
494.33,0.0,59.84,434.49,0,1
614.81,0.2,79.81,535.0,1,1
483.6,0.0,49.11,434.49,0,1
503.92,0.0,69.43,434.49,0,1
856.68,0.6,135.78,720.9,3,1
611.57,0.2,84.14,527.44,1,1
663.91,0.4,66.22,597.69,2,1
527.77,0.0,63.03,464.74,0,1
546.77,0.0,82.03,464.74,0,1
603.34,0.2,53.22,550.13,1,1
567.04,0.2,54.73,512.31,1,1
603.78,0.2,61.22,542.56,1,1
866.55,0.6,145.65,720.9,3,1
574.61,0.0,109.86,464.74,0,1
641.18,0.2,75.92,565.26,1,1
627.67,0.2,85.11,542.56,1,1
747.29,0.6,64.22,683.08,3,1
774.46,0.6,98.95,675.51,3,1
1011.42,0.8,205.14,806.28,4,1
974.51,0.8,190.92,783.59,4,1
607.29,0.0,150.11,457.18,0,1
738.44,0.4,118.05,620.38,2,1
542.18,0.0,77.43,464.74,0,1
991.1,1.0,99.43,891.67,5,1
722.5,0.4,109.68,612.82,2,1
1059.79,1.0,205.95,853.85,5,1
953.77,0.8,147.49,806.28,4,1
489.46,0.0,62.54,426.92,0,1
480.41,0.0,45.92,434.49,0,1
823.86,0.6,87.84,736.03,3,1
672.55,0.4,59.73,612.82,2,1
623.09,0.2,110.78,512.31,1,1
1003.17,1.0,156.89,846.28,5,1
823.65,0.6,102.76,720.9,3,1
694.05,0.2,151.49,542.56,1,1
912.19,0.8,151.3,760.9,4,1
824.11,0.6,95.65,728.46,3,1
914.07,0.8,115.35,798.72,4,1
793.91,0.4,143.27,650.64,2,1
613.24,0.2,63.11,550.13,1,1
591.41,0.2,56.41,535.0,1,1
751.26,0.4,146.0,605.26,2,1
701.98,0.4,74.03,627.95,2,1
643.32,0.2,100.76,542.56,1,1
779.42,0.6,81.22,698.21,3,1
814.95,0.6,147.0,667.95,3,1
806.78,0.4,163.7,643.08,2,1
784.74,0.4,171.92,612.82,2,1
922.77,0.8,124.05,798.72,4,1
980.07,0.8,188.92,791.15,4,1
837.0,0.6,108.54,728.46,3,1
631.0,0.2,103.57,527.44,1,1
879.02,0.6,195.95,683.08,3,1
836.5,0.6,138.3,698.21,3,1
508.35,0.0,58.73,449.62,0,1
719.51,0.2,176.95,542.56,1,1
959.36,0.8,153.08,806.28,4,1
883.55,0.8,137.78,745.77,4,1
657.29,0.4,74.73,582.56,2,1
813.77,0.6,115.57,698.21,3,1
814.61,0.6,123.97,690.64,3,1
617.5,0.2,59.81,557.69,1,1
986.33,1.0,117.35,868.97,5,1
508.48,0.0,66.43,442.05,0,1
1211.77,1.4,179.59,1032.18,7,1
706.79,0.4,78.84,627.95,2,1
521.77,0.0,57.03,464.74,0,1
729.97,0.4,94.46,635.51,2,1
858.95,0.8,98.05,760.9,4,1
945.1,0.8,161.51,783.59,4,1
858.72,0.6,107.57,751.15,3,1
857.95,0.8,97.05,760.9,4,1
831.57,0.6,103.11,728.46,3,1
829.29,0.6,131.08,698.21,3,1
747.43,0.4,104.35,643.08,2,1
1028.5,1.0,129.27,899.23,5,1
937.98,0.6,171.7,766.28,3,1
852.55,0.6,146.78,705.77,3,1
604.81,0.2,69.81,535.0,1,1
633.45,0.2,83.32,550.13,1,1
527.21,0.0,70.03,457.18,0,1
604.2,0.0,131.89,472.31,0,1
856.41,0.6,143.08,713.33,3,1
464.68,0.0,45.32,419.36,0,1
499.56,0.0,57.51,442.05,0,1
765.27,0.4,129.76,635.51,2,1
870.8,0.6,119.65,751.15,3,1
493.46,0.0,66.54,426.92,0,1
715.14,0.4,94.76,620.38,2,1
502.69,0.0,45.51,457.18,0,1
673.37,0.4,83.24,590.13,2,1
680.63,0.2,115.38,565.26,1,1
891.64,0.8,108.05,783.59,4,1
1097.82,1.0,191.03,906.79,5,1
837.49,0.6,101.46,736.03,3,1
546.15,0.0,73.84,472.31,0,1
795.94,0.6,112.86,683.08,3,1
492.81,0.0,58.32,434.49,0,1
932.76,0.8,111.35,821.41,4,1
696.9,0.4,76.51,620.38,2,1
596.82,0.4,44.51,552.31,2,1
679.41,0.4,111.97,567.44,2,1
659.09,0.2,93.84,565.26,1,1
1010.57,1.0,141.59,868.97,5,1
554.53,0.0,97.35,457.18,0,1
465.33,0.0,38.41,426.92,0,1
980.48,1.0,103.95,876.54,5,1
667.12,0.2,109.43,557.69,1,1
763.31,0.4,165.62,597.69,2,1
676.13,0.2,133.57,542.56,1,1
525.47,0.0,60.73,464.74,0,1
579.34,0.2,82.16,497.18,1,1
974.22,0.8,205.76,768.46,4,1
690.87,0.4,62.92,627.95,2,1
981.52,0.8,160.11,821.41,4,1
727.69,0.4,114.86,612.82,2,1
895.57,0.6,167.11,728.46,3,1
627.47,0.2,62.22,565.26,1,1
822.22,0.6,146.7,675.51,3,1
868.81,0.8,85.22,783.59,4,1
802.65,0.6,66.62,736.03,3,1
603.09,0.4,43.22,559.87,2,1
1224.53,1.4,199.92,1024.62,7,1
791.01,0.6,85.24,705.77,3,1
765.4,0.4,114.76,650.64,2,1
553.79,0.0,73.92,479.87,0,1
833.11,0.4,205.16,627.95,2,1
1269.89,1.4,199.89,1070.0,7,1
665.14,0.2,92.32,572.82,1,1
909.61,0.8,118.46,791.15,4,1
712.54,0.2,177.54,535.0,1,1
809.3,0.4,188.92,620.38,2,1
482.56,0.0,40.51,442.05,0,1
550.58,0.0,85.84,464.74,0,1
686.91,0.2,136.78,550.13,1,1
495.56,0.0,53.51,442.05,0,1
880.46,0.8,104.43,776.03,4,1
878.29,0.8,87.14,791.15,4,1
575.51,0.0,125.89,449.62,0,1
895.62,0.8,127.16,768.46,4,1
809.79,0.6,149.41,660.38,3,1
739.83,0.4,81.62,658.21,2,1
635.69,0.2,70.43,565.26,1,1
578.79,0.2,58.92,519.87,1,1
512.13,0.0,62.51,449.62,0,1
512.02,0.0,62.41,449.62,0,1
1003.57,0.8,227.54,776.03,4,1
612.34,0.2,62.22,550.13,1,1
668.12,0.2,110.43,557.69,1,1
538.63,0.0,66.32,472.31,0,1
502.27,0.0,60.22,442.05,0,1
641.05,0.2,106.05,535.0,1,1
697.44,0.2,117.05,580.38,1,1
518.38,0.0,76.32,442.05,0,1
701.32,0.4,65.81,635.51,2,1
