"Total_Cost","Ratio_Reloc_Prod","Horiz_Cost","Vert_Cost","nReloc","non_Optimal"
222132.68,0.4133,33326.28,188806.48,620,300
874.82,0.6,108.54,766.28,3,1
677.28,0.2,104.46,572.82,1,1
817.08,0.6,88.62,728.46,3,1
813.35,0.6,130.27,683.08,3,1
588.89,0.2,46.32,542.56,1,1
551.03,0.0,56.03,495.0,0,1
693.23,0.2,127.97,565.26,1,1
772.95,0.4,145.0,627.95,2,1
714.38,0.4,86.43,627.95,2,1
537.12,0.0,64.81,472.31,0,1
723.62,0.4,80.54,643.08,2,1
887.67,0.6,144.08,743.59,3,1
905.32,0.8,114.16,791.15,4,1
854.38,0.6,133.49,720.9,3,1
711.03,0.4,90.65,620.38,2,1
482.32,0.0,32.7,449.62,0,1
639.99,0.2,89.86,550.13,1,1
722.09,0.4,109.27,612.82,2,1
672.3,0.2,137.3,535.0,1,1
564.94,0.0,107.76,457.18,0,1
639.32,0.4,64.32,575.0,2,1
798.37,0.4,155.3,643.08,2,1
697.05,0.2,146.92,550.13,1,1
1268.37,1.6,188.62,1079.74,8,1
677.86,0.2,135.3,542.56,1,1
607.05,0.2,56.92,550.13,1,1
1076.47,1.2,129.68,946.79,6,1
657.91,0.2,92.65,565.26,1,1
831.26,0.6,133.05,698.21,3,1
650.59,0.2,100.46,550.13,1,1
917.15,0.6,166.0,751.15,3,1
742.26,0.4,137.0,605.26,2,1
634.41,0.2,106.97,527.44,1,1
624.25,0.4,56.81,567.44,2,1
977.93,0.8,164.08,813.85,4,1
692.2,0.4,86.95,605.26,2,1
588.41,0.2,53.41,535.0,1,1
612.59,0.2,70.03,542.56,1,1
468.63,0.0,41.7,426.92,0,1
624.42,0.2,119.68,504.74,1,1
949.18,0.8,165.59,783.59,4,1
766.75,0.4,123.68,643.08,2,1
584.49,0.2,64.62,519.87,1,1
762.51,0.4,111.86,650.64,2,1
697.29,0.2,139.59,557.69,1,1
642.54,0.2,107.54,535.0,1,1
580.65,0.2,53.22,527.44,1,1
899.68,0.8,138.78,760.9,4,1
860.43,0.6,131.97,728.46,3,1
636.18,0.2,86.05,550.13,1,1
921.87,0.6,208.54,713.33,3,1
821.95,0.6,101.05,720.9,3,1
525.05,0.0,75.43,449.62,0,1
537.5,0.0,80.32,457.18,0,1
895.05,0.6,143.89,751.15,3,1
632.49,0.2,105.05,527.44,1,1
802.17,0.6,88.84,713.33,3,1
815.13,0.4,164.49,650.64,2,1
795.75,0.4,152.68,643.08,2,1
666.13,0.2,123.57,542.56,1,1
831.75,0.8,93.54,738.21,4,1
711.8,0.4,121.68,590.13,2,1
1009.42,0.8,203.14,806.28,4,1
1151.98,1.2,197.62,954.36,6,1
748.44,0.4,128.05,620.38,2,1
941.66,0.8,142.95,798.72,4,1
802.47,0.4,121.57,680.9,2,1
542.37,0.0,92.76,449.62,0,1
679.63,0.4,66.81,612.82,2,1
877.8,0.8,86.65,791.15,4,1
824.37,0.6,141.3,683.08,3,1
1066.47,1.0,227.76,838.72,5,1
487.7,0.0,53.22,434.49,0,1
557.26,0.2,52.51,504.74,1,1
664.49,0.4,44.11,620.38,2,1
807.4,0.4,171.89,635.51,2,1
949.05,0.6,205.46,743.59,3,1
614.22,0.2,94.35,519.87,1,1
717.52,0.4,89.57,627.95,2,1
692.91,0.4,87.65,605.26,2,1
958.18,0.8,167.03,791.15,4,1
692.83,0.4,95.14,597.69,2,1
500.33,0.0,65.84,434.49,0,1
759.73,0.6,76.65,683.08,3,1
1089.64,1.0,258.49,831.15,5,1
824.7,0.6,96.24,728.46,3,1
884.92,0.8,116.46,768.46,4,1
579.77,0.2,75.03,504.74,1,1
853.7,0.6,125.24,728.46,3,1
846.2,0.6,132.86,713.33,3,1
681.04,0.4,68.22,612.82,2,1
932.89,0.8,149.3,783.59,4,1
797.59,0.6,122.08,675.51,3,1
845.33,0.6,132.0,713.33,3,1
630.19,0.2,102.76,527.44,1,1
716.5,0.4,103.68,612.82,2,1
591.58,0.0,119.27,472.31,0,1
824.64,0.6,141.57,683.08,3,1
1030.64,1.0,138.97,891.67,5,1
776.4,0.4,140.89,635.51,2,1
662.63,0.4,49.81,612.82,2,1
1076.18,1.0,184.51,891.67,5,1
837.77,0.8,84.43,753.33,4,1
675.61,0.2,110.35,565.26,1,1
571.09,0.0,106.35,464.74,0,1
564.8,0.0,100.05,464.74,0,1
581.04,0.0,108.73,472.31,0,1
530.7,0.0,88.65,442.05,0,1
868.0,0.6,131.97,736.03,3,1
849.19,0.6,113.16,736.03,3,1
689.56,0.2,131.86,557.69,1,1
676.87,0.2,157.0,519.87,1,1
576.63,0.2,64.32,512.31,1,1
746.99,0.4,96.35,650.64,2,1
819.27,0.4,176.19,643.08,2,1
952.68,0.8,184.22,768.46,4,1
796.85,0.4,131.08,665.77,2,1
549.94,0.0,92.76,457.18,0,1
617.65,0.4,50.22,567.44,2,1
555.88,0.0,91.14,464.74,0,1
605.81,0.2,70.81,535.0,1,1
827.93,0.4,222.68,605.26,2,1
691.28,0.2,118.46,572.82,1,1
664.24,0.2,121.68,542.56,1,1
761.97,0.6,71.32,690.64,3,1
743.37,0.4,92.73,650.64,2,1
865.61,0.6,167.41,698.21,3,1
886.31,0.6,188.11,698.21,3,1
949.44,0.8,188.54,760.9,4,1
740.58,0.2,175.32,565.26,1,1
604.43,0.2,69.43,535.0,1,1
1055.94,1.0,179.41,876.54,5,1
655.49,0.2,120.49,535.0,1,1
586.41,0.0,106.54,479.87,0,1
694.29,0.2,151.73,542.56,1,1
773.11,0.4,137.59,635.51,2,1
692.77,0.2,135.08,557.69,1,1
631.49,0.2,104.05,527.44,1,1
641.27,0.2,106.27,535.0,1,1
808.56,0.6,125.49,683.08,3,1
1120.62,1.0,251.65,868.97,5,1
764.67,0.6,74.03,690.64,3,1
870.07,0.8,78.92,791.15,4,1
518.58,0.0,61.41,457.18,0,1
745.71,0.4,117.76,627.95,2,1
519.86,0.0,70.24,449.62,0,1
540.88,0.0,76.14,464.74,0,1
605.94,0.2,55.81,550.13,1,1
504.22,0.0,69.73,434.49,0,1
991.17,0.8,177.32,813.85,4,1
590.35,0.2,62.92,527.44,1,1
599.22,0.2,64.22,535.0,1,1
607.92,0.2,72.92,535.0,1,1
507.72,0.0,58.11,449.62,0,1
777.39,0.6,71.62,705.77,3,1
473.46,0.0,31.41,442.05,0,1
635.58,0.2,70.32,565.26,1,1
1071.27,1.0,202.3,868.97,5,1
577.01,0.0,112.27,464.74,0,1
760.15,0.6,69.51,690.64,3,1
652.64,0.2,102.51,550.13,1,1
635.16,0.2,85.03,550.13,1,1
681.85,0.2,124.16,557.69,1,1
1162.3,1.2,207.95,954.36,6,1
1117.53,1.2,193.43,924.1,6,1
697.81,0.2,162.81,535.0,1,1
860.68,0.6,139.78,720.9,3,1
646.8,0.2,81.54,565.26,1,1
953.76,1.0,92.35,861.41,5,1
718.5,0.4,105.68,612.82,2,1
1149.23,1.2,202.43,946.79,6,1
923.67,0.8,140.08,783.59,4,1
551.91,0.0,87.16,464.74,0,1
447.47,0.0,28.11,419.36,0,1
656.56,0.2,98.86,557.69,1,1
682.49,0.4,62.11,620.38,2,1
469.98,0.0,50.62,419.36,0,1
993.95,1.0,124.97,868.97,5,1
747.76,0.4,127.38,620.38,2,1
637.49,0.2,110.05,527.44,1,1
781.22,0.4,145.7,635.51,2,1
773.2,0.6,67.43,705.77,3,1
823.77,0.6,110.43,713.33,3,1
779.54,0.4,136.46,643.08,2,1
646.85,0.2,74.03,572.82,1,1
599.81,0.2,64.81,535.0,1,1
583.23,0.0,118.49,464.74,0,1
649.83,0.2,92.14,557.69,1,1
633.37,0.2,83.24,550.13,1,1
695.9,0.4,75.51,620.38,2,1
618.94,0.2,68.81,550.13,1,1
804.27,0.4,176.32,627.95,2,1
877.86,0.6,187.22,690.64,3,1
783.66,0.4,125.46,658.21,2,1
796.8,0.6,106.16,690.64,3,1
838.3,0.6,109.84,728.46,3,1
566.86,0.2,77.24,489.62,1,1
780.71,0.4,160.32,620.38,2,1
894.19,0.8,133.3,760.9,4,1
512.05,0.0,62.43,449.62,0,1
1072.6,1.0,218.76,853.85,5,1
780.29,0.4,122.08,658.21,2,1
722.34,0.4,117.08,605.26,2,1
500.54,0.0,73.62,426.92,0,1
720.6,0.4,92.65,627.95,2,1
1049.25,1.0,195.41,853.85,5,1
664.96,0.2,92.14,572.82,1,1
884.85,0.8,86.14,798.72,4,1
578.15,0.2,65.84,512.31,1,1
747.23,0.4,134.41,612.82,2,1
650.33,0.4,37.51,612.82,2,1
518.86,0.0,69.24,449.62,0,1
727.65,0.4,92.14,635.51,2,1
947.47,1.0,108.76,838.72,5,1
1099.86,1.0,215.76,884.1,5,1
790.53,0.4,139.89,650.64,2,1
880.25,0.8,119.35,760.9,4,1
970.94,0.8,126.84,844.1,4,1
875.13,0.8,91.54,783.59,4,1
748.83,0.4,105.76,643.08,2,1
932.12,0.8,118.27,813.85,4,1
928.72,0.6,170.0,758.72,3,1
908.56,0.8,124.97,783.59,4,1
878.45,0.6,134.86,743.59,3,1
835.46,0.6,99.43,736.03,3,1
635.72,0.2,78.03,557.69,1,1
699.45,0.2,134.19,565.26,1,1
865.01,0.6,151.68,713.33,3,1
494.97,0.0,52.92,442.05,0,1
539.07,0.0,74.32,464.74,0,1
765.75,0.2,208.05,557.69,1,1
781.12,0.4,115.35,665.77,2,1
517.5,0.0,60.32,457.18,0,1
687.14,0.4,74.32,612.82,2,1
474.6,0.0,40.11,434.49,0,1
513.35,0.0,63.73,449.62,0,1
662.5,0.2,97.24,565.26,1,1
929.49,0.8,115.65,813.85,4,1
941.13,0.6,197.54,743.59,3,1
842.08,0.6,106.05,736.03,3,1
585.3,0.2,65.43,519.87,1,1
697.55,0.2,117.16,580.38,1,1
499.7,0.0,65.22,434.49,0,1
954.12,0.8,140.27,813.85,4,1
663.93,0.4,51.11,612.82,2,1
759.05,0.6,83.54,675.51,3,1
565.38,0.0,130.89,434.49,0,1
661.8,0.2,96.54,565.26,1,1
1029.7,1.0,145.59,884.1,5,1
565.5,0.0,100.76,464.74,0,1
473.3,0.0,38.81,434.49,0,1
862.84,0.6,134.38,728.46,3,1
611.51,0.2,76.51,535.0,1,1
710.94,0.4,113.24,597.69,2,1
611.06,0.2,98.76,512.31,1,1
608.0,0.2,65.43,542.56,1,1
568.1,0.0,118.49,449.62,0,1
1092.59,1.0,216.05,876.54,5,1
699.79,0.2,126.97,572.82,1,1
875.49,1.0,67.03,808.46,5,1
928.07,1.0,96.92,831.15,5,1
879.99,0.6,174.22,705.77,3,1
658.66,0.2,85.84,572.82,1,1
824.14,0.6,103.24,720.9,3,1
656.39,0.2,91.14,565.26,1,1
803.33,0.6,82.43,720.9,3,1
561.55,0.2,56.81,504.74,1,1
837.12,0.6,131.35,705.77,3,1
1066.03,1.0,151.68,914.36,5,1
866.19,0.6,130.16,736.03,3,1
563.65,0.0,76.22,487.44,0,1
849.05,0.6,158.41,690.64,3,1
927.5,0.6,168.78,758.72,3,1
530.75,0.0,81.14,449.62,0,1
854.08,0.6,118.05,736.03,3,1
670.65,0.2,128.08,542.56,1,1
767.91,0.4,170.22,597.69,2,1
503.85,0.0,39.11,464.74,0,1
611.38,0.2,83.95,527.44,1,1
686.07,0.2,128.38,557.69,1,1
608.22,0.2,73.22,535.0,1,1
888.97,0.8,112.95,776.03,4,1
1228.4,1.6,110.84,1117.56,8,1
670.33,0.2,142.89,527.44,1,1
721.63,0.4,116.38,605.26,2,1
559.38,0.0,124.89,434.49,0,1
819.19,0.6,90.73,728.46,3,1
660.71,0.2,80.32,580.38,1,1
788.95,0.8,73.43,715.51,4,1
553.15,0.2,48.41,504.74,1,1
557.77,0.2,53.03,504.74,1,1
1198.09,1.4,158.35,1039.74,7,1
529.82,0.0,57.51,472.31,0,1
839.58,0.6,126.24,713.33,3,1
532.18,0.0,67.43,464.74,0,1
448.06,0.0,28.7,419.36,0,1
467.58,0.0,48.22,419.36,0,1
847.24,0.6,103.65,743.59,3,1
559.23,0.0,102.05,457.18,0,1
781.43,0.6,98.35,683.08,3,1
