"Total_Cost","Ratio_Reloc_Prod","Horiz_Cost","Vert_Cost","nReloc","non_Optimal"
254144.19,0.4327,64087.12,190057.18,649,174
672.44,0.2,92.05,580.38,1,1
580.14,0.0,85.14,495.0,0,0
751.3,0.4,123.35,627.95,2,0
790.84,0.4,109.95,680.9,2,1
604.3,0.0,116.86,487.44,0,0
883.02,0.4,232.38,650.64,2,1
879.58,0.2,314.32,565.26,1,1
894.55,0.6,181.22,713.33,3,1
1156.24,1.4,146.76,1009.49,7,0
865.12,0.6,166.92,698.21,3,0
1271.14,1.4,276.78,994.36,7,0
1134.42,1.2,195.19,939.23,6,0
507.37,0.0,42.62,464.74,0,0
956.16,0.4,313.08,643.08,2,0
729.08,0.4,101.14,627.95,2,1
518.66,0.0,53.92,464.74,0,0
934.8,0.8,143.65,791.15,4,1
1003.44,0.8,197.16,806.28,4,0
829.55,0.6,116.22,713.33,3,1
1033.72,0.8,242.57,791.15,4,0
832.71,0.4,212.32,620.38,2,1
873.92,0.6,198.41,675.51,3,0
888.45,0.6,144.86,743.59,3,0
556.75,0.0,99.57,457.18,0,0
807.83,0.4,157.19,650.64,2,1
1089.14,0.8,275.3,813.85,4,1
971.88,0.6,273.68,698.21,3,0
736.56,0.2,186.43,550.13,1,1
768.31,0.2,203.05,565.26,1,0
677.91,0.2,188.3,489.62,1,1
518.11,0.0,83.62,434.49,0,1
982.37,0.6,291.73,690.64,3,1
1040.22,0.6,311.76,728.46,3,1
830.75,0.2,273.05,557.69,1,1
512.49,0.0,85.57,426.92,0,1
960.92,0.8,192.46,768.46,4,1
547.17,0.0,120.24,426.92,0,1
975.69,0.4,362.86,612.82,2,1
803.65,0.2,268.65,535.0,1,0
797.69,0.4,200.0,597.69,2,1
640.02,0.2,82.32,557.69,1,0
695.18,0.2,145.05,550.13,1,0
441.31,0.0,29.51,411.79,0,1
1001.92,0.6,281.03,720.9,3,1
775.71,0.4,162.89,612.82,2,0
754.59,0.4,103.95,650.64,2,1
1361.4,1.2,369.22,992.18,6,1
768.28,0.4,155.46,612.82,2,1
627.8,0.2,70.11,557.69,1,0
806.4,0.2,263.84,542.56,1,0
952.78,0.4,317.27,635.51,2,0
696.01,0.2,130.76,565.26,1,0
520.42,0.0,63.24,457.18,0,1
786.73,0.4,158.78,627.95,2,1
692.19,0.2,157.19,535.0,1,0
1209.85,1.0,310.62,899.23,5,0
548.16,0.0,98.54,449.62,0,1
564.31,0.0,107.14,457.18,0,0
925.7,0.8,157.24,768.46,4,1
664.38,0.2,129.38,535.0,1,1
827.04,0.2,254.22,572.82,1,0
1090.4,0.8,246.3,844.1,4,0
766.36,0.2,201.11,565.26,1,0
730.53,0.2,165.27,565.26,1,1
823.09,0.2,257.84,565.26,1,0
920.78,0.4,270.14,650.64,2,0
997.37,0.6,306.73,690.64,3,1
665.2,0.2,99.95,565.26,1,1
491.41,0.0,56.92,434.49,0,1
905.77,0.4,292.95,612.82,2,1
492.54,0.0,65.62,426.92,0,1
1134.74,0.4,514.35,620.38,2,1
1084.91,0.8,293.76,791.15,4,0
535.66,0.0,70.92,464.74,0,1
682.24,0.2,147.24,535.0,1,0
569.77,0.0,105.03,464.74,0,0
872.66,0.4,259.84,612.82,2,1
1128.51,0.4,545.95,582.56,2,0
717.91,0.4,120.22,597.69,2,0
941.56,0.6,250.92,690.64,3,0
1127.43,0.6,383.84,743.59,3,1
677.43,0.2,134.86,542.56,1,0
514.03,0.0,79.54,434.49,0,0
857.38,0.4,229.43,627.95,2,1
928.07,0.8,189.86,738.21,4,0
561.01,0.0,96.27,464.74,0,0
825.7,0.4,175.05,650.64,2,0
546.34,0.0,89.16,457.18,0,1
550.53,0.0,93.35,457.18,0,0
759.29,0.4,108.65,650.64,2,0
1456.02,1.0,685.38,770.64,5,1
1074.97,1.0,190.86,884.1,5,1
731.17,0.4,65.41,665.77,2,1
1577.25,2.0,288.92,1288.33,10,0
1175.03,1.0,306.05,868.97,5,1
648.78,0.2,98.65,550.13,1,1
722.58,0.2,164.89,557.69,1,1
1614.04,1.6,473.78,1140.26,8,1
1032.63,0.6,311.73,720.9,3,1
568.23,0.0,111.05,457.18,0,1
840.37,0.4,257.81,582.56,2,1
926.31,0.8,172.97,753.33,4,1
588.03,0.2,53.03,535.0,1,1
519.51,0.0,85.03,434.49,0,1
1307.84,0.8,531.81,776.03,4,1
801.87,0.2,274.43,527.44,1,1
480.39,0.0,76.16,404.23,0,0
881.64,0.4,231.0,650.64,2,1
697.26,0.4,107.14,590.13,2,0
602.65,0.2,67.65,535.0,1,1
1352.64,1.0,468.54,884.1,5,0
705.45,0.2,147.76,557.69,1,1
574.26,0.0,117.08,457.18,0,1
512.92,0.0,78.43,434.49,0,1
681.89,0.2,146.89,535.0,1,1
1069.16,0.6,333.14,736.03,3,0
704.82,0.2,139.57,565.26,1,0
636.42,0.0,179.24,457.18,0,0
1093.61,0.6,395.41,698.21,3,1
562.6,0.0,135.68,426.92,0,0
745.44,0.2,218.0,527.44,1,1
733.34,0.4,135.65,597.69,2,1
960.91,0.4,317.84,643.08,2,0
618.32,0.0,168.7,449.62,0,0
1067.91,0.6,377.27,690.64,3,0
1140.91,1.0,309.76,831.15,5,1
755.71,0.6,95.32,660.38,3,1
692.08,0.4,109.51,582.56,2,1
639.17,0.2,111.73,527.44,1,1
1042.05,0.6,358.97,683.08,3,1
964.93,0.4,306.73,658.21,2,1
598.15,0.0,140.97,457.18,0,1
472.7,0.0,38.22,434.49,0,1
652.77,0.4,47.51,605.26,2,1
791.83,0.6,108.76,683.08,3,1
1146.93,1.0,247.7,899.23,5,1
988.32,0.6,237.16,751.15,3,1
1139.81,1.0,217.89,921.92,5,0
745.39,0.4,132.57,612.82,2,0
1415.88,1.4,429.08,986.79,7,1
1276.75,1.2,292.14,984.62,6,0
721.89,0.2,186.89,535.0,1,1
814.1,0.2,256.41,557.69,1,0
543.46,0.0,116.54,426.92,0,1
1174.8,0.8,368.51,806.28,4,1
1260.15,1.0,413.86,846.28,5,0
1053.79,0.6,340.46,713.33,3,0
790.42,0.2,232.73,557.69,1,1
927.9,0.4,262.14,665.77,2,1
615.83,0.0,166.22,449.62,0,1
621.43,0.2,86.43,535.0,1,1
925.64,0.4,267.43,658.21,2,1
657.8,0.2,107.68,550.13,1,0
938.42,0.6,240.22,698.21,3,0
652.5,0.2,94.81,557.69,1,1
567.18,0.2,70.0,497.18,1,1
450.12,0.0,38.32,411.79,0,0
771.58,0.4,173.89,597.69,2,1
844.05,0.2,309.05,535.0,1,1
637.93,0.2,133.19,504.74,1,1
766.87,0.4,138.92,627.95,2,0
853.38,0.4,217.86,635.51,2,0
685.77,0.2,173.46,512.31,1,1
648.79,0.4,88.92,559.87,2,0
1410.62,0.8,627.03,783.59,4,1
634.0,0.2,91.43,542.56,1,1
728.5,0.4,123.24,605.26,2,1
849.79,0.4,221.84,627.95,2,0
704.42,0.2,139.16,565.26,1,0
489.68,0.0,70.32,419.36,0,0
519.05,0.0,84.57,434.49,0,1
953.11,0.4,325.16,627.95,2,0
662.96,0.2,158.22,504.74,1,1
552.65,0.0,118.16,434.49,0,1
1481.55,1.0,574.76,906.79,5,1
742.4,0.4,144.7,597.69,2,0
579.32,0.2,44.32,535.0,1,1
644.41,0.2,109.41,535.0,1,1
752.2,0.6,91.81,660.38,3,1
911.12,0.6,205.35,705.77,3,0
1155.88,0.4,565.76,590.13,2,1
687.8,0.2,122.54,565.26,1,1
543.58,0.0,78.84,464.74,0,0
894.37,0.4,243.73,650.64,2,1
534.21,0.0,77.03,457.18,0,1
617.84,0.2,82.84,535.0,1,1
738.35,0.4,102.84,635.51,2,1
875.48,0.4,232.41,643.08,2,0
1130.17,0.6,363.89,766.28,3,0
910.77,0.4,252.57,658.21,2,0
511.08,0.0,69.03,442.05,0,1
1003.5,0.6,244.78,758.72,3,1
1019.88,0.6,329.24,690.64,3,0
758.45,0.2,193.19,565.26,1,0
856.69,0.4,198.49,658.21,2,0
519.02,0.0,69.41,449.62,0,1
776.27,0.6,108.32,667.95,3,0
868.15,0.6,162.38,705.77,3,0
820.45,0.4,162.24,658.21,2,1
1669.83,1.2,745.73,924.1,6,1
837.29,0.4,194.22,643.08,2,0
1051.47,0.6,338.14,713.33,3,0
1116.43,0.8,332.84,783.59,4,1
705.2,0.6,44.81,660.38,3,1
1095.86,0.8,304.7,791.15,4,1
549.58,0.2,52.41,497.18,1,1
944.52,0.4,324.14,620.38,2,1
726.57,0.4,91.05,635.51,2,1
1109.22,0.6,441.27,667.95,3,0
555.97,0.0,121.49,434.49,0,1
565.62,0.0,131.14,434.49,0,0
599.07,0.2,94.32,504.74,1,1
1005.13,0.6,269.11,736.03,3,0
738.63,0.2,211.19,527.44,1,1
1439.4,0.8,602.86,836.54,4,0
1061.84,0.6,325.81,736.03,3,1
880.22,0.6,204.7,675.51,3,1
770.92,0.2,235.92,535.0,1,1
804.88,0.4,146.68,658.21,2,1
772.24,0.2,237.24,535.0,1,0
766.5,0.2,193.68,572.82,1,0
805.48,0.2,262.92,542.56,1,0
1257.58,1.2,318.35,939.23,6,1
985.56,0.4,327.35,658.21,2,0
1184.03,0.8,408.0,776.03,4,0
746.67,0.2,188.97,557.69,1,1
943.46,0.6,267.95,675.51,3,1
1131.38,0.6,471.0,660.38,3,1
439.9,0.0,28.11,411.79,0,1
433.9,0.0,22.11,411.79,0,1
782.63,0.6,122.24,660.38,3,1
750.34,0.4,152.65,597.69,2,1
533.73,0.0,99.24,434.49,0,1
555.13,0.0,97.95,457.18,0,0
645.31,0.4,47.62,597.69,2,1
458.31,0.0,46.51,411.79,0,1
878.64,0.8,155.57,723.08,4,1
656.11,0.2,128.68,527.44,1,1
618.83,0.2,121.65,497.18,1,1
817.01,0.4,196.62,620.38,2,1
602.48,0.0,145.3,457.18,0,1
886.64,0.4,243.57,643.08,2,0
616.28,0.0,143.97,472.31,0,1
1004.99,0.8,206.27,798.72,4,1
833.69,0.2,276.0,557.69,1,1
1523.02,1.4,558.92,964.1,7,1
1045.26,0.4,379.49,665.77,2,0
1275.68,1.0,414.27,861.41,5,1
667.75,0.2,125.19,542.56,1,1
850.03,0.4,275.03,575.0,2,1
1052.59,0.8,276.57,776.03,4,1
1210.53,1.0,326.43,884.1,5,0
1338.26,1.0,454.16,884.1,5,0
1093.99,0.6,395.78,698.21,3,0
698.51,0.4,108.38,590.13,2,0
2171.23,1.6,1023.41,1147.82,8,0
1302.14,0.8,480.73,821.41,4,1
642.64,0.2,145.46,497.18,1,1
1589.94,1.4,504.81,1085.13,7,0
931.65,0.8,163.19,768.46,4,1
705.76,0.2,170.76,535.0,1,1
868.81,0.6,140.35,728.46,3,1
1249.19,1.2,279.7,969.49,6,0
914.24,0.6,170.65,743.59,3,0
803.69,0.4,198.43,605.26,2,0
885.76,0.6,210.24,675.51,3,0
951.13,0.8,167.54,783.59,4,0
529.91,0.0,72.73,457.18,0,0
570.24,0.0,120.62,449.62,0,0
1156.66,0.4,543.84,612.82,2,1
972.29,0.4,321.65,650.64,2,1
1150.06,0.8,389.16,760.9,4,1
1308.84,1.0,447.43,861.41,5,1
711.54,0.2,176.54,535.0,1,0
1207.35,0.8,431.32,776.03,4,0
1078.45,1.0,247.3,831.15,5,0
533.23,0.0,60.92,472.31,0,1
943.86,0.6,260.78,683.08,3,0
737.06,0.2,209.62,527.44,1,0
925.63,0.4,320.38,605.26,2,0
877.01,0.8,131.24,745.77,4,1
1191.65,0.8,355.11,836.54,4,0
875.4,0.6,184.76,690.64,3,1
529.75,0.0,80.14,449.62,0,0
518.49,0.0,84.0,434.49,0,1
905.63,0.6,192.3,713.33,3,0
1228.99,0.6,583.73,645.26,3,1
1022.22,0.6,293.76,728.46,3,0
997.24,0.6,261.22,736.03,3,0
834.42,0.4,221.59,612.82,2,1
485.23,0.0,73.43,411.79,0,0
543.28,0.0,78.54,464.74,0,1
807.01,0.4,141.24,665.77,2,1
1530.81,1.4,581.84,948.97,7,1
440.76,0.0,21.41,419.36,0,0
602.81,0.2,60.24,542.56,1,1
1365.42,1.4,393.76,971.67,7,1
506.6,0.0,72.11,434.49,0,1
977.64,0.8,186.49,791.15,4,0
1154.09,1.0,247.3,906.79,5,0
