"Total_Cost","Ratio_Reloc_Prod","Horiz_Cost","Vert_Cost","nReloc","non_Optimal"
224112.43,0.4507,32718.12,191394.39,676,300
856.85,0.4,198.65,658.21,2,1
736.18,0.4,85.54,650.64,2,1
885.94,0.6,134.78,751.15,3,1
548.25,0.0,60.81,487.44,0,1
912.75,0.6,161.59,751.15,3,1
573.54,0.0,131.49,442.05,0,1
656.3,0.2,75.92,580.38,1,1
784.4,0.4,148.89,635.51,2,1
621.0,0.2,93.57,527.44,1,1
589.42,0.2,77.11,512.31,1,1
495.72,0.0,46.11,449.62,0,1
926.24,0.8,142.65,783.59,4,1
510.15,0.0,45.41,464.74,0,1
477.6,0.0,43.11,434.49,0,1
848.49,0.6,112.46,736.03,3,1
862.05,0.6,118.46,743.59,3,1
611.73,0.2,76.73,535.0,1,1
709.59,0.2,167.03,542.56,1,1
563.71,0.2,51.41,512.31,1,1
747.22,0.4,119.27,627.95,2,1
775.08,0.4,139.57,635.51,2,1
724.76,0.4,89.24,635.51,2,1
740.83,0.4,150.7,590.13,2,1
773.37,0.4,115.16,658.21,2,1
828.98,0.6,168.59,660.38,3,1
790.99,0.6,85.22,705.77,3,1
606.17,0.2,78.73,527.44,1,1
654.4,0.2,104.27,550.13,1,1
791.56,0.4,148.49,643.08,2,1
856.63,0.6,143.3,713.33,3,1
1166.84,1.4,149.78,1017.05,7,1
777.09,0.4,156.7,620.38,2,1
482.27,0.0,40.22,442.05,0,1
438.5,0.0,26.7,411.79,0,1
968.51,1.0,137.35,831.15,5,1
656.08,0.2,121.08,535.0,1,1
501.08,0.0,59.03,442.05,0,1
721.6,0.4,93.65,627.95,2,1
952.15,0.8,145.86,806.28,4,1
905.47,0.8,106.76,798.72,4,1
614.83,0.2,64.7,550.13,1,1
850.23,0.6,144.46,705.77,3,1
673.29,0.2,123.16,550.13,1,1
645.4,0.2,87.7,557.69,1,1
924.02,0.8,132.86,791.15,4,1
708.66,0.4,95.84,612.82,2,1
821.02,0.4,162.81,658.21,2,1
702.22,0.4,81.84,620.38,2,1
617.21,0.2,59.51,557.69,1,1
907.58,0.8,108.86,798.72,4,1
939.99,0.8,141.27,798.72,4,1
645.85,0.2,73.03,572.82,1,1
489.89,0.0,55.41,434.49,0,1
584.56,0.2,42.0,542.56,1,1
966.64,0.8,175.49,791.15,4,1
504.38,0.0,62.32,442.05,0,1
634.56,0.2,84.43,550.13,1,1
1204.42,1.4,164.68,1039.74,7,1
831.51,0.6,156.0,675.51,3,1
677.26,0.2,119.57,557.69,1,1
799.61,0.6,93.84,705.77,3,1
683.85,0.4,71.03,612.82,2,1
736.94,0.4,146.81,590.13,2,1
927.94,0.8,136.78,791.15,4,1
825.48,0.6,127.27,698.21,3,1
716.16,0.4,80.65,635.51,2,1
526.24,0.0,91.76,434.49,0,1
802.96,0.6,104.76,698.21,3,1
541.28,0.0,76.54,464.74,0,1
651.19,0.4,68.62,582.56,2,1
713.06,0.2,132.68,580.38,1,1
943.82,1.0,97.54,846.28,5,1
624.24,0.2,89.24,535.0,1,1
870.74,0.8,124.97,745.77,4,1
651.1,0.2,108.54,542.56,1,1
587.76,0.2,60.32,527.44,1,1
547.53,0.2,57.92,489.62,1,1
668.7,0.2,118.57,550.13,1,1
756.52,0.4,128.57,627.95,2,1
850.79,0.6,137.46,713.33,3,1
848.21,0.6,150.0,698.21,3,1
833.43,0.6,104.97,728.46,3,1
655.91,0.2,98.22,557.69,1,1
817.61,0.6,111.84,705.77,3,1
611.29,0.2,68.73,542.56,1,1
1004.79,0.8,175.81,828.97,4,1
986.15,1.0,86.92,899.23,5,1
644.26,0.2,79.0,565.26,1,1
728.21,0.4,85.14,643.08,2,1
763.63,0.6,118.38,645.26,3,1
896.64,0.8,113.05,783.59,4,1
619.68,0.2,92.24,527.44,1,1
596.44,0.2,69.0,527.44,1,1
822.25,0.6,169.43,652.82,3,1
952.25,1.0,90.84,861.41,5,1
760.05,0.6,84.54,675.51,3,1
889.22,0.8,120.76,768.46,4,1
1100.67,1.2,169.0,931.67,6,1
937.99,0.8,139.27,798.72,4,1
494.86,0.0,52.81,442.05,0,1
579.68,0.2,59.81,519.87,1,1
593.63,0.2,81.32,512.31,1,1
610.22,0.2,75.22,535.0,1,1
580.18,0.2,75.43,504.74,1,1
511.57,0.0,84.65,426.92,0,1
628.14,0.2,108.27,519.87,1,1
626.84,0.4,59.41,567.44,2,1
541.69,0.0,84.51,457.18,0,1
730.28,0.4,117.46,612.82,2,1
498.49,0.0,64.0,434.49,0,1
756.83,0.4,113.76,643.08,2,1
1120.64,1.2,188.97,931.67,6,1
577.58,0.0,105.27,472.31,0,1
858.75,0.8,135.68,723.08,4,1
924.94,0.8,133.78,791.15,4,1
682.59,0.4,92.46,590.13,2,1
534.72,0.0,77.54,457.18,0,1
776.27,0.4,140.76,635.51,2,1
585.49,0.2,65.62,519.87,1,1
578.39,0.2,58.51,519.87,1,1
535.86,0.2,53.81,482.05,1,1
726.16,0.4,143.59,582.56,2,1
918.3,0.8,142.27,776.03,4,1
758.65,0.6,83.14,675.51,3,1
536.69,0.0,79.51,457.18,0,1
521.05,0.2,39.0,482.05,1,1
686.24,0.2,143.68,542.56,1,1
1008.58,0.8,194.73,813.85,4,1
921.62,0.8,153.16,768.46,4,1
920.6,0.8,106.76,813.85,4,1
894.4,0.8,103.24,791.15,4,1
877.81,0.6,141.78,736.03,3,1
1045.56,1.0,153.89,891.67,5,1
614.33,0.2,94.46,519.87,1,1
699.66,0.4,86.84,612.82,2,1
686.91,0.2,136.78,550.13,1,1
732.14,0.4,111.76,620.38,2,1
979.72,0.8,181.0,798.72,4,1
845.96,0.8,107.76,738.21,4,1
637.24,0.2,102.24,535.0,1,1
477.25,0.0,50.32,426.92,0,1
911.53,0.8,105.24,806.28,4,1
648.33,0.2,120.89,527.44,1,1
490.89,0.0,56.41,434.49,0,1
1282.71,1.6,195.41,1087.31,8,1
438.06,0.0,18.7,419.36,0,1
547.39,0.0,82.65,464.74,0,1
703.98,0.4,76.03,627.95,2,1
758.42,0.4,145.59,612.82,2,1
683.5,0.4,78.24,605.26,2,1
763.59,0.4,128.08,635.51,2,1
890.24,0.8,106.65,783.59,4,1
848.7,0.6,120.24,728.46,3,1
480.7,0.0,46.22,434.49,0,1
865.66,0.6,159.89,705.77,3,1
632.21,0.2,89.65,542.56,1,1
723.04,0.4,125.35,597.69,2,1
510.67,0.0,68.62,442.05,0,1
922.95,0.8,154.49,768.46,4,1
604.27,0.2,76.84,527.44,1,1
644.42,0.2,86.73,557.69,1,1
672.8,0.2,122.68,550.13,1,1
480.03,0.0,53.11,426.92,0,1
1032.55,1.2,131.14,901.41,6,1
778.35,0.4,150.41,627.95,2,1
774.11,0.4,146.16,627.95,2,1
961.6,0.8,147.76,813.85,4,1
651.19,0.4,68.62,582.56,2,1
772.59,0.4,121.95,650.64,2,1
791.52,0.6,123.57,667.95,3,1
866.79,0.6,145.89,720.9,3,1
541.31,0.0,84.14,457.18,0,1
708.2,0.4,102.95,605.26,2,1
537.7,0.0,95.65,442.05,0,1
725.87,0.6,57.92,667.95,3,1
918.93,0.8,180.73,738.21,4,1
783.34,0.6,85.14,698.21,3,1
944.35,1.0,120.76,823.59,5,1
627.52,0.2,107.65,519.87,1,1
1004.06,0.8,190.22,813.85,4,1
805.86,0.6,122.78,683.08,3,1
467.44,0.0,40.51,426.92,0,1
1293.38,1.4,283.89,1009.49,7,1
799.47,0.6,139.08,660.38,3,1
937.29,0.8,138.57,798.72,4,1
759.22,0.4,131.27,627.95,2,1
750.07,0.4,99.43,650.64,2,1
769.49,0.6,101.54,667.95,3,1
965.84,1.0,104.43,861.41,5,1
920.28,0.8,174.51,745.77,4,1
887.11,0.8,118.65,768.46,4,1
706.65,0.4,71.14,635.51,2,1
1121.66,1.0,222.43,899.23,5,1
474.49,0.0,40.0,434.49,0,1
752.08,0.4,116.57,635.51,2,1
863.65,0.6,188.14,675.51,3,1
1098.67,1.2,174.57,924.1,6,1
831.78,0.6,80.62,751.15,3,1
907.02,0.8,115.86,791.15,4,1
820.25,0.8,66.92,753.33,4,1
511.67,0.0,69.62,442.05,0,1
576.52,0.2,64.22,512.31,1,1
793.19,0.6,117.68,675.51,3,1
915.14,0.8,161.81,753.33,4,1
744.3,0.4,116.35,627.95,2,1
771.91,0.6,88.84,683.08,3,1
627.14,0.2,107.27,519.87,1,1
916.75,0.8,133.16,783.59,4,1
530.69,0.0,73.51,457.18,0,1
792.62,0.6,109.54,683.08,3,1
611.1,0.2,121.49,489.62,1,1
571.39,0.2,51.51,519.87,1,1
645.92,0.2,103.35,542.56,1,1
780.53,0.4,129.89,650.64,2,1
811.87,0.6,151.49,660.38,3,1
699.53,0.2,149.41,550.13,1,1
836.34,0.6,130.57,705.77,3,1
648.53,0.2,90.84,557.69,1,1
768.4,0.4,125.32,643.08,2,1
756.86,0.6,66.22,690.64,3,1
595.37,0.2,52.81,542.56,1,1
478.14,0.0,51.22,426.92,0,1
932.16,0.8,163.7,768.46,4,1
602.35,0.2,74.92,527.44,1,1
702.79,0.6,42.41,660.38,3,1
926.73,1.0,118.27,808.46,5,1
807.05,0.6,123.97,683.08,3,1
627.76,0.2,92.76,535.0,1,1
975.07,0.8,168.78,806.28,4,1
864.95,0.6,144.05,720.9,3,1
480.05,0.0,38.0,442.05,0,1
771.18,0.6,80.54,690.64,3,1
784.8,0.4,134.16,650.64,2,1
663.58,0.2,98.32,565.26,1,1
533.35,0.0,83.73,449.62,0,1
701.5,0.4,96.24,605.26,2,1
784.59,0.4,149.08,635.51,2,1
478.41,0.0,43.92,434.49,0,1
816.66,0.6,118.46,698.21,3,1
943.13,0.8,167.11,776.03,4,1
665.41,0.2,85.03,580.38,1,1
522.13,0.0,72.51,449.62,0,1
607.46,0.2,80.03,527.44,1,1
688.2,0.2,122.95,565.26,1,1
679.43,0.2,129.3,550.13,1,1
897.14,0.8,128.68,768.46,4,1
444.36,0.0,25.0,419.36,0,1
835.33,0.4,214.95,620.38,2,1
743.7,0.6,60.62,683.08,3,1
689.5,0.4,84.24,605.26,2,1
626.05,0.2,91.05,535.0,1,1
814.15,0.6,115.95,698.21,3,1
652.15,0.2,147.41,504.74,1,1
686.44,0.4,73.62,612.82,2,1
850.37,0.8,112.16,738.21,4,1
538.31,0.0,81.14,457.18,0,1
1027.08,1.0,142.97,884.1,5,1
972.02,0.8,188.43,783.59,4,1
790.69,0.6,84.92,705.77,3,1
881.49,0.6,160.59,720.9,3,1
880.87,0.8,119.97,760.9,4,1
875.39,0.6,169.62,705.77,3,1
762.59,0.4,111.95,650.64,2,1
928.69,0.8,129.97,798.72,4,1
710.16,0.4,82.22,627.95,2,1
761.34,0.4,103.14,658.21,2,1
965.14,1.0,103.73,861.41,5,1
682.34,0.4,84.65,597.69,2,1
997.11,1.0,120.57,876.54,5,1
775.88,0.6,85.24,690.64,3,1
728.23,0.4,122.97,605.26,2,1
823.93,0.4,203.54,620.38,2,1
621.4,0.2,78.84,542.56,1,1
667.01,0.2,101.76,565.26,1,1
709.15,0.4,58.51,650.64,2,1
778.04,0.6,79.84,698.21,3,1
880.32,0.6,129.16,751.15,3,1
867.67,0.6,131.65,736.03,3,1
752.77,0.4,147.51,605.26,2,1
571.2,0.2,51.32,519.87,1,1
604.48,0.2,61.92,542.56,1,1
594.35,0.2,66.92,527.44,1,1
683.14,0.4,70.32,612.82,2,1
501.83,0.0,52.22,449.62,0,1
772.21,0.6,89.14,683.08,3,1
713.99,0.2,156.3,557.69,1,1
683.77,0.2,126.08,557.69,1,1
1073.91,1.0,189.81,884.1,5,1
1187.38,1.2,210.32,977.05,6,1
861.49,0.6,125.46,736.03,3,1
738.76,0.4,103.24,635.51,2,1
853.0,0.8,84.54,768.46,4,1
816.44,0.6,95.54,720.9,3,1
728.48,0.4,130.78,597.69,2,1
906.33,0.8,137.86,768.46,4,1
679.4,0.2,129.27,550.13,1,1
777.36,0.6,124.54,652.82,3,1
578.39,0.2,58.51,519.87,1,1
909.3,0.8,148.41,760.9,4,1
777.88,0.6,72.11,705.77,3,1
