"Total_Cost","Ratio_Reloc_Prod","Horiz_Cost","Vert_Cost","nReloc","non_Optimal"
240457.68,0.4133,51999.3,188458.53,620,159
1053.81,1.0,124.32,929.49,5,0
1024.6,0.8,195.62,828.97,4,0
660.82,0.2,80.43,580.38,1,0
1456.59,1.4,379.03,1077.56,7,0
804.05,0.4,153.41,650.64,2,1
510.68,0.0,30.81,479.87,0,1
1030.82,0.8,224.54,806.28,4,0
627.72,0.2,70.03,557.69,1,1
524.05,0.0,74.43,449.62,0,0
1155.0,1.0,293.59,861.41,5,0
911.27,0.6,175.24,736.03,3,0
1064.41,1.0,195.43,868.97,5,1
932.63,0.6,226.86,705.77,3,0
837.17,0.6,123.84,713.33,3,1
824.98,0.4,197.03,627.95,2,0
839.63,0.6,133.86,705.77,3,0
638.65,0.2,103.65,535.0,1,0
676.63,0.4,63.81,612.82,2,1
880.17,0.6,174.41,705.77,3,0
584.99,0.0,135.38,449.62,0,1
743.96,0.4,146.27,597.69,2,0
503.15,0.0,38.41,464.74,0,0
762.73,0.4,119.65,643.08,2,1
866.2,0.6,152.86,713.33,3,1
596.25,0.2,68.81,527.44,1,0
847.14,0.6,126.24,720.9,3,0
711.25,0.4,98.43,612.82,2,1
955.18,0.8,156.46,798.72,4,1
567.97,0.0,118.35,449.62,0,0
860.67,0.4,217.59,643.08,2,0
860.67,0.6,177.59,683.08,3,1
1327.19,1.4,264.76,1062.44,7,1
881.7,0.4,238.62,643.08,2,0
896.73,0.6,228.78,667.95,3,1
1404.78,1.2,427.73,977.05,6,1
1375.15,1.2,428.35,946.79,6,1
861.52,0.4,188.19,673.33,2,1
1153.75,0.8,309.65,844.1,4,1
536.31,0.0,79.14,457.18,0,0
741.23,0.2,175.97,565.26,1,1
870.02,0.6,171.81,698.21,3,0
1163.83,1.0,279.73,884.1,5,1
949.37,0.6,258.73,690.64,3,0
577.1,0.0,127.49,449.62,0,0
817.42,0.4,204.59,612.82,2,1
635.61,0.2,77.92,557.69,1,1
1396.72,1.6,324.54,1072.18,8,1
758.55,0.2,193.3,565.26,1,1
765.77,0.4,168.08,597.69,2,1
961.57,0.6,225.54,736.03,3,1
877.75,0.4,219.54,658.21,2,0
798.5,0.4,125.16,673.33,2,0
845.59,0.4,202.51,643.08,2,1
977.2,0.6,218.49,758.72,3,0
908.73,0.6,180.27,728.46,3,1
1024.81,0.8,188.27,836.54,4,0
930.72,0.6,187.14,743.59,3,0
555.28,0.0,90.54,464.74,0,0
706.08,0.2,171.08,535.0,1,1
808.16,0.4,165.08,643.08,2,1
511.83,0.0,62.22,449.62,0,0
1163.7,1.2,254.73,908.97,6,1
770.59,0.4,135.08,635.51,2,1
653.1,0.2,110.54,542.56,1,1
1198.6,0.8,377.19,821.41,4,0
469.46,0.0,27.41,442.05,0,1
714.24,0.2,171.68,542.56,1,0
634.92,0.2,99.92,535.0,1,1
582.58,0.2,85.41,497.18,1,1
551.77,0.0,87.03,464.74,0,0
1025.33,0.6,304.43,720.9,3,1
700.07,0.2,142.38,557.69,1,0
1023.02,0.8,186.49,836.54,4,0
665.01,0.2,99.76,565.26,1,1
673.32,0.4,98.32,575.0,2,1
949.52,0.6,228.62,720.9,3,1
976.92,0.4,341.41,635.51,2,1
952.39,0.6,246.62,705.77,3,1
723.53,0.2,158.27,565.26,1,0
775.29,0.2,225.16,550.13,1,0
711.02,0.2,160.89,550.13,1,0
981.12,0.8,182.41,798.72,4,0
623.12,0.2,65.43,557.69,1,1
777.59,0.4,126.95,650.64,2,0
817.06,0.4,189.11,627.95,2,0
878.58,0.6,172.81,705.77,3,1
1127.26,1.0,243.16,884.1,5,1
529.71,0.0,57.41,472.31,0,0
1267.81,0.4,692.81,575.0,2,1
870.03,0.6,141.57,728.46,3,0
919.26,0.6,213.49,705.77,3,0
666.25,0.2,146.38,519.87,1,0
608.85,0.0,144.11,464.74,0,1
607.11,0.2,72.11,535.0,1,1
1007.9,0.6,302.14,705.77,3,1
960.78,0.4,325.27,635.51,2,0
610.21,0.2,113.03,497.18,1,1
775.02,0.2,217.32,557.69,1,0
592.81,0.2,57.81,535.0,1,0
789.08,0.2,254.08,535.0,1,1
727.74,0.4,107.35,620.38,2,1
598.51,0.2,63.51,535.0,1,1
755.73,0.4,127.78,627.95,2,0
987.89,0.8,219.43,768.46,4,0
706.99,0.4,101.73,605.26,2,1
991.1,0.8,207.51,783.59,4,1
528.6,0.0,109.24,419.36,0,0
667.78,0.2,132.78,535.0,1,1
863.98,0.6,143.08,720.9,3,1
733.66,0.2,168.41,565.26,1,0
631.37,0.0,166.62,464.74,0,0
698.64,0.2,140.95,557.69,1,1
678.02,0.2,135.46,542.56,1,1
794.8,0.4,144.16,650.64,2,0
720.93,0.2,155.68,565.26,1,0
470.49,0.0,36.0,434.49,0,1
657.42,0.4,59.73,597.69,2,1
781.75,0.4,123.54,658.21,2,1
1020.81,0.6,345.3,675.51,3,1
813.25,0.4,132.35,680.9,2,0
811.58,0.6,105.81,705.77,3,1
742.82,0.2,177.57,565.26,1,1
1032.61,0.4,381.97,650.64,2,1
647.02,0.2,89.32,557.69,1,1
1104.62,1.0,228.08,876.54,5,1
1156.12,0.6,397.41,758.72,3,0
693.42,0.2,128.16,565.26,1,1
648.63,0.4,88.76,559.87,2,1
760.58,0.2,202.89,557.69,1,0
987.96,0.6,289.76,698.21,3,1
586.48,0.0,144.43,442.05,0,1
447.9,0.0,36.11,411.79,0,1
719.43,0.0,284.95,434.49,0,0
433.2,0.0,21.41,411.79,0,1
991.88,0.6,301.24,690.64,3,1
696.94,0.4,114.38,582.56,2,1
705.15,0.2,147.46,557.69,1,1
684.61,0.2,119.35,565.26,1,0
521.95,0.0,87.46,434.49,0,1
737.1,0.4,94.03,643.08,2,0
498.69,0.0,94.46,404.23,0,0
584.62,0.0,150.14,434.49,0,0
635.88,0.0,178.7,457.18,0,1
714.84,0.2,194.97,519.87,1,1
712.29,0.2,154.59,557.69,1,0
833.63,0.4,167.86,665.77,2,0
892.42,0.6,201.78,690.64,3,0
546.12,0.0,66.24,479.87,0,0
693.11,0.2,165.68,527.44,1,1
1020.16,0.8,244.14,776.03,4,1
630.38,0.0,188.32,442.05,0,1
915.42,0.4,257.22,658.21,2,1
1089.59,0.8,306.0,783.59,4,1
600.68,0.2,80.81,519.87,1,0
772.47,0.4,167.22,605.26,2,0
965.28,0.6,259.51,705.77,3,1
676.33,0.2,148.89,527.44,1,0
949.25,0.6,228.35,720.9,3,1
628.26,0.2,78.14,550.13,1,1
544.86,0.0,95.24,449.62,0,0
805.74,0.6,145.35,660.38,3,1
517.29,0.0,75.24,442.05,0,0
1173.35,1.2,249.24,924.1,6,0
1042.38,1.0,180.97,861.41,5,1
734.32,0.4,144.19,590.13,2,1
602.29,0.2,59.73,542.56,1,0
738.27,0.4,102.76,635.51,2,0
766.29,0.6,75.65,690.64,3,0
1133.99,1.0,249.89,884.1,5,1
867.91,0.4,224.84,643.08,2,1
597.33,0.0,162.84,434.49,0,0
855.46,0.6,172.38,683.08,3,1
787.82,0.6,127.43,660.38,3,1
607.29,0.4,70.11,537.18,2,1
781.65,0.4,153.7,627.95,2,1
867.4,0.6,191.89,675.51,3,0
1043.04,0.8,244.32,798.72,4,1
540.96,0.0,76.22,464.74,0,0
829.01,0.4,163.24,665.77,2,0
1034.12,0.8,295.92,738.21,4,1
1146.74,1.0,247.51,899.23,5,0
810.91,0.2,245.65,565.26,1,0
883.25,0.6,154.78,728.46,3,0
823.4,0.6,140.32,683.08,3,1
765.53,0.2,200.27,565.26,1,0
753.45,0.2,188.19,565.26,1,1
738.06,0.4,110.11,627.95,2,0
707.83,0.2,165.27,542.56,1,0
1133.36,1.2,239.51,893.85,6,1
1062.43,0.4,479.86,582.56,2,1
693.99,0.2,143.86,550.13,1,1
689.72,0.2,124.46,565.26,1,0
974.48,0.6,283.84,690.64,3,0
1088.14,0.8,259.16,828.97,4,0
746.27,0.4,110.76,635.51,2,1
603.43,0.2,68.43,535.0,1,0
724.78,0.2,182.22,542.56,1,0
995.4,0.8,211.81,783.59,4,0
945.56,0.8,214.92,730.64,4,1
568.75,0.0,111.57,457.18,0,1
616.43,0.2,81.43,535.0,1,1
616.9,0.4,57.03,559.87,2,1
512.0,0.0,77.51,434.49,0,0
661.8,0.4,64.11,597.69,2,0
935.34,0.4,277.14,658.21,2,0
753.36,0.2,188.11,565.26,1,0
486.49,0.0,52.0,434.49,0,1
958.22,0.6,229.76,728.46,3,1
727.59,0.2,185.03,542.56,1,0
818.34,0.4,152.57,665.77,2,1
682.67,0.2,140.11,542.56,1,0
961.38,0.8,192.92,768.46,4,0
564.05,0.0,114.43,449.62,0,0
689.04,0.4,91.35,597.69,2,1
1000.2,0.2,487.89,512.31,1,1
1594.19,2.0,343.68,1250.51,10,0
854.93,0.4,181.59,673.33,2,1
827.26,0.4,161.49,665.77,2,0
661.69,0.2,96.43,565.26,1,1
593.72,0.0,128.97,464.74,0,0
571.62,0.0,137.14,434.49,0,0
882.91,0.8,144.7,738.21,4,0
868.69,0.6,170.49,698.21,3,1
968.65,0.8,192.62,776.03,4,0
725.62,0.4,82.54,643.08,2,0
513.33,0.0,78.84,434.49,0,0
518.71,0.0,99.35,419.36,0,0
764.37,0.2,214.24,550.13,1,1
994.22,0.6,273.32,720.9,3,1
1273.66,1.2,326.86,946.79,6,1
590.61,0.0,125.86,464.74,0,1
1295.04,1.0,441.19,853.85,5,1
702.42,0.2,137.16,565.26,1,1
724.02,0.4,141.46,582.56,2,1
743.05,0.2,192.92,550.13,1,1
887.42,0.4,229.22,658.21,2,0
758.0,0.4,130.05,627.95,2,0
680.31,0.2,115.05,565.26,1,0
1040.44,1.0,186.59,853.85,5,1
519.55,0.0,54.81,464.74,0,0
704.42,0.2,139.16,565.26,1,1
833.07,0.4,167.3,665.77,2,0
705.85,0.4,108.16,597.69,2,1
988.34,1.0,142.05,846.28,5,1
544.7,0.0,110.22,434.49,0,1
615.49,0.0,181.0,434.49,0,0
502.8,0.0,98.57,404.23,0,1
1061.48,0.6,363.27,698.21,3,0
718.93,0.2,153.68,565.26,1,1
764.5,0.2,206.81,557.69,1,1
1042.09,1.2,148.24,893.85,6,1
619.24,0.0,169.62,449.62,0,1
631.26,0.2,81.14,550.13,1,1
1016.07,1.0,169.78,846.28,5,0
756.72,0.4,151.46,605.26,2,1
676.88,0.2,119.19,557.69,1,0
462.82,0.0,51.03,411.79,0,0
665.33,0.4,105.46,559.87,2,1
619.84,0.2,84.84,535.0,1,0
476.99,0.0,72.76,404.23,0,1
890.76,0.6,230.38,660.38,3,1
960.66,0.6,262.46,698.21,3,1
572.36,0.0,100.05,472.31,0,0
943.04,0.8,136.76,806.28,4,0
885.89,0.4,257.95,627.95,2,0
929.08,0.6,200.62,728.46,3,1
621.69,0.0,149.38,472.31,0,0
573.4,0.0,131.35,442.05,0,1
540.62,0.2,66.14,474.49,1,1
688.31,0.2,176.0,512.31,1,0
676.18,0.2,110.92,565.26,1,1
593.24,0.0,151.19,442.05,0,1
478.93,0.0,67.14,411.79,0,0
1221.27,1.4,264.73,956.54,7,0
742.4,0.4,159.84,582.56,2,1
1114.29,0.8,270.19,844.1,4,0
783.58,0.4,178.32,605.26,2,1
820.27,0.4,184.76,635.51,2,0
825.04,0.4,212.22,612.82,2,1
634.7,0.2,99.7,535.0,1,1
1014.91,1.0,176.19,838.72,5,1
489.03,0.0,62.11,426.92,0,0
638.71,0.2,111.27,527.44,1,1
628.52,0.2,108.65,519.87,1,0
669.18,0.2,119.05,550.13,1,0
1226.44,0.8,405.03,821.41,4,0
1129.06,0.6,415.73,713.33,3,1
996.85,0.8,190.57,806.28,4,1
1623.12,0.8,869.78,753.33,4,1
701.52,0.2,121.14,580.38,1,0
1017.54,0.8,188.57,828.97,4,1
527.67,0.0,85.62,442.05,0,0
895.05,0.6,151.46,743.59,3,0
647.46,0.2,112.46,535.0,1,0
540.69,0.0,83.51,457.18,0,1
962.79,0.8,194.32,768.46,4,1
1225.49,1.0,311.14,914.36,5,1
775.32,0.4,132.24,643.08,2,0
738.07,0.2,187.95,550.13,1,0
887.62,0.6,204.54,683.08,3,0
