"Total_Cost","Ratio_Reloc_Prod","Horiz_Cost","Vert_Cost","nReloc","non_Optimal"
230614.48,0.4667,37261.66,193352.78,700,750
219.73,0.0,18.7,201.03,0,1
211.46,0.0,18.0,193.46,0,1
211.85,0.0,33.51,178.33,0,1
317.82,0.5,31.41,286.41,1,1
225.84,0.0,24.81,201.03,0,1
338.58,0.5,59.73,278.85,1,1
226.77,0.0,48.43,178.33,0,1
223.46,0.0,30.0,193.46,0,1
300.69,0.5,29.41,271.28,1,1
399.36,1.0,72.95,326.41,2,1
245.84,0.0,59.95,185.9,0,1
205.9,0.0,20.0,185.9,0,1
221.46,0.0,28.0,193.46,0,1
199.85,0.0,21.51,178.33,0,1
487.63,1.5,75.84,411.79,3,1
643.48,2.5,60.92,582.56,5,1
200.33,0.0,22.0,178.33,0,1
189.74,0.0,11.41,178.33,0,1
204.3,0.0,18.41,185.9,0,1
338.55,0.5,52.14,286.41,1,1
293.21,0.5,44.62,248.59,1,1
397.14,1.0,70.73,326.41,2,1
190.33,0.0,12.0,178.33,0,1
420.37,1.0,56.14,364.23,2,1
671.79,2.5,104.35,567.44,5,1
200.77,0.0,30.0,170.77,0,1
217.16,0.0,23.7,193.46,0,1
223.46,0.0,30.0,193.46,0,1
429.7,1.0,88.16,341.54,2,1
204.6,0.0,18.7,185.9,0,1
349.88,0.5,86.16,263.72,1,1
223.92,0.0,38.03,185.9,0,1
340.23,0.5,68.95,271.28,1,1
324.92,0.5,38.51,286.41,1,1
440.07,1.0,75.84,364.23,2,1
491.06,1.5,64.14,426.92,3,1
413.45,1.0,49.22,364.23,2,1
230.92,0.0,45.03,185.9,0,1
270.6,0.0,92.27,178.33,0,1
241.14,0.0,55.24,185.9,0,1
505.57,1.5,78.65,426.92,3,1
203.9,0.0,18.0,185.9,0,1
221.77,0.0,43.43,178.33,0,1
224.82,0.0,38.92,185.9,0,1
322.33,0.5,35.92,286.41,1,1
346.2,1.0,34.92,311.28,2,1
294.55,0.5,15.7,278.85,1,1
216.66,0.0,38.32,178.33,0,1
373.79,1.0,39.81,333.97,2,1
258.65,0.0,72.76,185.9,0,1
533.97,2.0,51.92,482.05,4,1
344.05,0.5,95.46,248.59,1,1
208.55,0.0,30.22,178.33,0,1
308.67,0.5,67.65,241.03,1,1
344.14,0.5,57.73,286.41,1,1
312.74,0.5,49.03,263.72,1,1
202.9,0.0,17.0,185.9,0,1
333.33,0.5,46.92,286.41,1,1
226.06,0.0,47.73,178.33,0,1
376.19,1.0,42.22,333.97,2,1
393.9,1.0,22.11,371.79,2,1
216.11,0.0,30.22,185.9,0,1
442.55,1.0,123.7,318.85,2,1
191.04,0.0,12.7,178.33,0,1
380.51,1.0,31.41,349.1,2,1
301.8,0.5,30.51,271.28,1,1
343.84,0.5,57.43,286.41,1,1
308.55,0.5,29.7,278.85,1,1
273.92,0.0,80.46,193.46,0,1
199.9,0.0,14.0,185.9,0,1
207.3,0.0,21.41,185.9,0,1
183.21,0.0,20.0,163.21,0,1
319.66,0.5,55.95,263.72,1,1
203.9,0.0,18.0,185.9,0,1
227.87,0.0,34.41,193.46,0,1
320.58,0.5,41.73,278.85,1,1
225.08,0.0,31.62,193.46,0,1
186.33,0.0,8.0,178.33,0,1
171.91,0.0,8.7,163.21,0,1
300.25,0.5,21.41,278.85,1,1
426.4,1.0,84.86,341.54,2,1
306.22,0.5,19.81,286.41,1,1
415.03,1.0,81.05,333.97,2,1
267.6,0.0,89.27,178.33,0,1
335.45,0.5,86.86,248.59,1,1
221.9,0.0,51.14,170.77,0,1
359.06,0.5,72.65,286.41,1,1
325.26,0.5,61.54,263.72,1,1
330.63,0.5,44.22,286.41,1,1
229.52,0.0,43.62,185.9,0,1
176.91,0.0,13.7,163.21,0,1
169.21,0.0,6.0,163.21,0,1
171.91,0.0,8.7,163.21,0,1
192.77,0.0,22.0,170.77,0,1
231.63,0.0,45.73,185.9,0,1
334.07,0.5,70.35,263.72,1,1
174.61,0.0,11.41,163.21,0,1
399.68,1.0,65.7,333.97,2,1
350.55,0.5,64.14,286.41,1,1
179.21,0.0,16.0,163.21,0,1
174.61,0.0,11.41,163.21,0,1
605.96,2.0,93.65,512.31,4,1
237.14,0.0,51.24,185.9,0,1
229.47,0.0,51.14,178.33,0,1
336.11,0.5,49.7,286.41,1,1
241.58,0.0,63.24,178.33,0,1
204.33,0.0,26.0,178.33,0,1
419.62,1.0,85.65,333.97,2,1
285.78,0.0,84.76,201.03,0,1
317.78,0.5,76.76,241.03,1,1
267.14,0.0,81.24,185.9,0,1
270.41,0.0,92.08,178.33,0,1
582.07,2.0,92.46,489.62,4,1
369.36,0.5,98.08,271.28,1,1
600.18,2.0,110.57,489.62,4,1
559.59,1.5,109.97,449.62,3,1
344.79,0.5,65.95,278.85,1,1
378.46,0.5,92.05,286.41,1,1
370.2,0.5,106.49,263.72,1,1
187.04,0.0,8.7,178.33,0,1
195.04,0.0,16.7,178.33,0,1
203.41,0.0,17.51,185.9,0,1
264.17,0.0,78.27,185.9,0,1
194.33,0.0,16.0,178.33,0,1
593.37,1.5,136.19,457.18,3,1
211.71,0.0,25.81,185.9,0,1
333.52,0.5,47.11,286.41,1,1
235.03,0.0,34.0,201.03,0,1
270.92,0.0,77.46,193.46,0,1
311.1,0.5,54.95,256.15,1,1
184.33,0.0,6.0,178.33,0,1
214.71,0.0,28.81,185.9,0,1
194.33,0.0,16.0,178.33,0,1
330.11,0.5,43.7,286.41,1,1
461.26,1.5,57.03,404.23,3,1
253.46,0.0,52.43,201.03,0,1
199.04,0.0,20.7,178.33,0,1
463.44,1.0,91.65,371.79,2,1
411.2,1.0,39.41,371.79,2,1
188.88,0.0,18.11,170.77,0,1
374.51,1.0,25.41,349.1,2,1
330.58,0.5,51.73,278.85,1,1
250.44,0.0,64.54,185.9,0,1
480.42,1.5,83.76,396.67,3,1
245.84,0.0,59.95,185.9,0,1
380.82,1.0,69.54,311.28,2,1
508.89,1.5,66.84,442.05,3,1
199.46,0.0,6.0,193.46,0,1
305.42,0.5,41.7,263.72,1,1
177.31,0.0,14.11,163.21,0,1
322.85,0.5,44.0,278.85,1,1
369.12,0.5,90.27,278.85,1,1
373.07,0.5,101.78,271.28,1,1
386.12,1.0,74.84,311.28,2,1
357.29,0.5,93.57,263.72,1,1
196.6,0.0,10.7,185.9,0,1
496.19,1.5,61.7,434.49,3,1
388.57,1.0,47.03,341.54,2,1
256.65,0.0,70.76,185.9,0,1
203.74,0.0,25.41,178.33,0,1
478.67,1.5,89.57,389.1,3,1
322.21,0.5,66.05,256.15,1,1
403.04,1.0,38.81,364.23,2,1
372.28,0.5,85.86,286.41,1,1
207.46,0.0,14.0,193.46,0,1
315.54,0.5,66.95,248.59,1,1
240.39,0.0,62.05,178.33,0,1
366.49,0.5,87.65,278.85,1,1
235.03,0.0,34.0,201.03,0,1
223.52,0.0,37.62,185.9,0,1
270.15,0.5,14.0,256.15,1,1
307.06,0.5,28.22,278.85,1,1
207.9,0.0,22.0,185.9,0,1
199.85,0.0,21.51,178.33,0,1
249.09,0.0,70.76,178.33,0,1
256.05,0.0,55.03,201.03,0,1
227.52,0.0,41.62,185.9,0,1
641.3,2.5,81.43,559.87,5,1
195.9,0.0,10.0,185.9,0,1
239.08,0.0,45.62,193.46,0,1
232.58,0.0,54.24,178.33,0,1
335.73,0.5,49.32,286.41,1,1
235.53,0.0,64.76,170.77,0,1
292.85,0.5,14.0,278.85,1,1
207.9,0.0,22.0,185.9,0,1
409.03,1.5,42.62,366.41,3,1
344.14,0.5,57.73,286.41,1,1
213.95,0.0,35.62,178.33,0,1
294.16,0.5,53.14,241.03,1,1
221.2,0.0,50.43,170.77,0,1
230.11,0.0,44.22,185.9,0,1
192.44,0.0,14.11,178.33,0,1
200.33,0.0,22.0,178.33,0,1
226.06,0.0,47.73,178.33,0,1
176.21,0.0,13.0,163.21,0,1
204.14,0.0,25.81,178.33,0,1
185.21,0.0,22.0,163.21,0,1
180.21,0.0,17.0,163.21,0,1
220.71,0.0,34.81,185.9,0,1
204.9,0.0,19.0,185.9,0,1
232.17,0.0,53.84,178.33,0,1
200.04,0.0,21.7,178.33,0,1
345.72,0.5,89.57,256.15,1,1
325.85,0.5,62.14,263.72,1,1
350.99,0.5,87.27,263.72,1,1
241.84,0.0,55.95,185.9,0,1
221.46,0.0,28.0,193.46,0,1
206.33,0.0,28.0,178.33,0,1
185.21,0.0,22.0,163.21,0,1
270.86,0.5,14.7,256.15,1,1
179.21,0.0,16.0,163.21,0,1
402.41,1.0,68.43,333.97,2,1
226.01,0.0,55.24,170.77,0,1
250.89,0.0,57.43,193.46,0,1
455.31,1.5,43.51,411.79,3,1
327.9,0.5,56.62,271.28,1,1
365.12,0.5,86.27,278.85,1,1
198.33,0.0,20.0,178.33,0,1
206.33,0.0,28.0,178.33,0,1
346.53,0.5,75.24,271.28,1,1
212.16,0.0,18.7,193.46,0,1
200.55,0.0,22.22,178.33,0,1
323.41,0.5,37.0,286.41,1,1
206.33,0.0,28.0,178.33,0,1
286.96,0.5,30.81,256.15,1,1
317.66,0.5,38.81,278.85,1,1
188.12,0.0,24.92,163.21,0,1
186.47,0.0,15.7,170.77,0,1
206.33,0.0,28.0,178.33,0,1
376.28,0.5,89.86,286.41,1,1
379.96,0.5,108.68,271.28,1,1
221.2,0.0,50.43,170.77,0,1
196.33,0.0,18.0,178.33,0,1
206.33,0.0,28.0,178.33,0,1
202.99,0.0,32.22,170.77,0,1
396.67,1.0,55.14,341.54,2,1
225.46,0.0,32.0,193.46,0,1
396.67,1.0,55.14,341.54,2,1
333.98,0.5,55.14,278.85,1,1
505.01,1.5,85.65,419.36,3,1
357.46,0.5,71.05,286.41,1,1
721.04,2.5,168.73,552.31,5,1
215.36,0.0,37.03,178.33,0,1
224.82,0.0,38.92,185.9,0,1
331.82,0.5,60.54,271.28,1,1
226.87,0.0,33.41,193.46,0,1
229.52,0.0,43.62,185.9,0,1
449.69,1.0,85.46,364.23,2,1
471.36,1.0,99.57,371.79,2,1
413.68,1.0,87.27,326.41,2,1
489.28,1.5,85.05,404.23,3,1
214.87,0.0,21.41,193.46,0,1
369.41,0.5,90.57,278.85,1,1
215.57,0.0,22.11,193.46,0,1
214.71,0.0,28.81,185.9,0,1
394.79,1.0,75.95,318.85,2,1
273.67,0.0,72.65,201.03,0,1
260.76,0.0,74.86,185.9,0,1
205.9,0.0,20.0,185.9,0,1
431.61,1.0,74.95,356.67,2,1
190.99,0.0,20.22,170.77,0,1
199.04,0.0,20.7,178.33,0,1
223.41,0.0,37.51,185.9,0,1
315.74,0.5,52.03,263.72,1,1
238.58,0.0,60.24,178.33,0,1
407.64,1.0,58.54,349.1,2,1
404.07,1.0,47.41,356.67,2,1
414.31,1.0,42.51,371.79,2,1
186.33,0.0,8.0,178.33,0,1
199.14,0.0,20.81,178.33,0,1
369.76,0.5,83.35,286.41,1,1
226.8,0.0,56.03,170.77,0,1
283.81,0.5,35.22,248.59,1,1
229.36,0.0,51.03,178.33,0,1
196.33,0.0,18.0,178.33,0,1
208.55,0.0,30.22,178.33,0,1
413.0,1.0,71.46,341.54,2,1
342.84,0.5,56.43,286.41,1,1
217.95,0.0,39.62,178.33,0,1
181.21,0.0,18.0,163.21,0,1
466.34,1.0,109.68,356.67,2,1
194.33,0.0,16.0,178.33,0,1
396.41,1.0,62.43,333.97,2,1
379.6,0.5,100.76,278.85,1,1
260.43,0.5,19.41,241.03,1,1
517.52,1.5,98.16,419.36,3,1
386.02,1.0,36.92,349.1,2,1
468.0,1.5,33.51,434.49,3,1
456.39,1.0,92.16,364.23,2,1
468.7,1.0,119.59,349.1,2,1
334.73,0.5,48.32,286.41,1,1
239.84,0.0,38.81,201.03,0,1
196.14,0.0,17.81,178.33,0,1
196.14,0.0,17.81,178.33,0,1
428.95,1.0,94.97,333.97,2,1
222.11,0.0,36.22,185.9,0,1
228.09,0.0,57.32,170.77,0,1
198.33,0.0,20.0,178.33,0,1
407.59,1.0,50.92,356.67,2,1
432.91,1.0,76.24,356.67,2,1
339.39,0.5,60.54,278.85,1,1
326.93,0.5,63.22,263.72,1,1
214.87,0.0,21.41,193.46,0,1
514.17,1.5,87.24,426.92,3,1
202.01,0.0,16.11,185.9,0,1
198.04,0.0,19.7,178.33,0,1
399.74,1.0,35.51,364.23,2,1
187.17,0.0,16.41,170.77,0,1
173.21,0.0,10.0,163.21,0,1
226.22,0.0,40.32,185.9,0,1
206.33,0.0,28.0,178.33,0,1
372.42,1.0,61.14,311.28,2,1
247.89,0.0,54.43,193.46,0,1
251.39,0.0,73.05,178.33,0,1
175.21,0.0,12.0,163.21,0,1
206.33,0.0,28.0,178.33,0,1
391.02,1.0,94.86,296.15,2,1
396.79,0.5,110.38,286.41,1,1
301.59,0.5,45.43,256.15,1,1
236.54,0.0,35.51,201.03,0,1
479.86,1.0,123.19,356.67,2,1
238.68,0.0,45.22,193.46,0,1
315.54,0.5,66.95,248.59,1,1
196.14,0.0,17.81,178.33,0,1
369.22,0.5,75.24,293.97,1,1
221.46,0.0,28.0,193.46,0,1
363.06,0.5,76.65,286.41,1,1
369.65,1.0,28.11,341.54,2,1
312.24,0.5,63.65,248.59,1,1
471.91,1.5,75.24,396.67,3,1
231.63,0.0,45.73,185.9,0,1
337.98,0.5,59.14,278.85,1,1
507.1,1.5,102.86,404.23,3,1
225.46,0.0,32.0,193.46,0,1
214.9,0.0,29.0,185.9,0,1
319.45,0.5,55.73,263.72,1,1
211.9,0.0,26.0,185.9,0,1
185.21,0.0,22.0,163.21,0,1
182.72,0.0,19.51,163.21,0,1
200.88,0.0,30.11,170.77,0,1
209.9,0.0,24.0,185.9,0,1
326.52,0.5,40.11,286.41,1,1
214.95,0.0,36.62,178.33,0,1
234.33,0.0,48.43,185.9,0,1
654.42,2.5,109.68,544.74,5,1
199.46,0.0,6.0,193.46,0,1
193.74,0.0,15.41,178.33,0,1
322.64,0.5,74.05,248.59,1,1
202.33,0.0,24.0,178.33,0,1
187.21,0.0,24.0,163.21,0,1
194.77,0.0,24.0,170.77,0,1
213.69,0.0,42.92,170.77,0,1
413.8,1.0,57.14,356.67,2,1
280.65,0.5,39.62,241.03,1,1
377.05,1.0,35.51,341.54,2,1
386.57,1.0,45.03,341.54,2,1
314.85,0.5,36.0,278.85,1,1
341.03,0.5,54.62,286.41,1,1
210.33,0.0,32.0,178.33,0,1
375.17,0.5,88.76,286.41,1,1
219.87,0.0,26.41,193.46,0,1
308.59,0.5,52.43,256.15,1,1
383.27,1.0,41.73,341.54,2,1
320.31,0.5,49.03,271.28,1,1
199.46,0.0,6.0,193.46,0,1
221.46,0.0,28.0,193.46,0,1
272.06,0.0,86.16,185.9,0,1
605.69,2.0,100.95,504.74,4,1
212.87,0.0,19.41,193.46,0,1
433.47,1.0,69.24,364.23,2,1
251.42,0.0,80.65,170.77,0,1
195.74,0.0,17.41,178.33,0,1
359.22,1.0,32.81,326.41,2,1
444.46,1.0,110.49,333.97,2,1
247.3,0.0,53.84,193.46,0,1
492.55,1.5,80.76,411.79,3,1
338.4,0.5,82.24,256.15,1,1
361.01,0.5,82.16,278.85,1,1
222.87,0.0,44.54,178.33,0,1
393.11,1.0,59.14,333.97,2,1
217.46,0.0,24.0,193.46,0,1
386.19,1.0,52.22,333.97,2,1
199.9,0.0,14.0,185.9,0,1
220.71,0.0,34.81,185.9,0,1
291.07,0.5,34.92,256.15,1,1
312.04,0.5,48.32,263.72,1,1
184.33,0.0,6.0,178.33,0,1
304.59,0.5,48.43,256.15,1,1
327.22,0.5,40.81,286.41,1,1
179.21,0.0,16.0,163.21,0,1
171.91,0.0,8.7,163.21,0,1
441.79,1.5,30.0,411.79,3,1
383.16,1.0,41.62,341.54,2,1
486.0,1.5,51.51,434.49,3,1
264.06,0.0,78.16,185.9,0,1
405.69,1.0,49.03,356.67,2,1
341.44,0.5,55.03,286.41,1,1
384.25,1.0,57.84,326.41,2,1
423.64,1.0,74.54,349.1,2,1
224.27,0.0,30.81,193.46,0,1
512.69,1.5,108.46,404.23,3,1
224.57,0.0,31.11,193.46,0,1
479.66,1.5,75.43,404.23,3,1
203.3,0.0,17.41,185.9,0,1
557.94,1.5,115.89,442.05,3,1
199.46,0.0,6.0,193.46,0,1
207.09,0.0,36.32,170.77,0,1
230.44,0.0,44.54,185.9,0,1
444.99,1.0,80.76,364.23,2,1
214.11,0.0,28.22,185.9,0,1
227.63,0.0,41.73,185.9,0,1
195.33,0.0,17.0,178.33,0,1
177.31,0.0,14.11,163.21,0,1
404.53,1.0,55.43,349.1,2,1
396.83,1.0,47.73,349.1,2,1
194.33,0.0,16.0,178.33,0,1
525.74,1.5,106.38,419.36,3,1
255.58,0.0,92.38,163.21,0,1
195.14,0.0,16.81,178.33,0,1
473.1,1.0,124.0,349.1,2,1
587.76,2.0,113.27,474.49,4,1
372.6,1.0,38.62,333.97,2,1
324.88,0.5,68.73,256.15,1,1
192.44,0.0,14.11,178.33,0,1
216.71,0.0,30.81,185.9,0,1
200.12,0.0,36.92,163.21,0,1
232.44,0.0,46.54,185.9,0,1
434.5,1.0,77.84,356.67,2,1
370.22,1.0,43.81,326.41,2,1
290.51,0.5,41.92,248.59,1,1
330.73,0.5,44.32,286.41,1,1
314.85,0.5,36.0,278.85,1,1
426.91,1.0,70.24,356.67,2,1
392.59,1.0,35.92,356.67,2,1
229.52,0.0,43.62,185.9,0,1
212.57,0.0,19.11,193.46,0,1
194.33,0.0,16.0,178.33,0,1
181.21,0.0,18.0,163.21,0,1
251.95,0.0,66.05,185.9,0,1
204.9,0.0,19.0,185.9,0,1
400.48,1.0,43.81,356.67,2,1
358.1,0.5,94.38,263.72,1,1
184.33,0.0,6.0,178.33,0,1
204.33,0.0,26.0,178.33,0,1
469.29,1.0,120.19,349.1,2,1
196.33,0.0,18.0,178.33,0,1
195.47,0.0,24.7,170.77,0,1
289.67,0.5,33.51,256.15,1,1
211.09,0.0,40.32,170.77,0,1
169.21,0.0,6.0,163.21,0,1
327.17,0.5,48.32,278.85,1,1
309.69,0.5,53.54,256.15,1,1
397.27,1.0,55.73,341.54,2,1
202.33,0.0,24.0,178.33,0,1
208.33,0.0,30.0,178.33,0,1
324.15,0.5,60.43,263.72,1,1
378.35,1.0,36.81,341.54,2,1
194.33,0.0,16.0,178.33,0,1
274.73,0.5,33.7,241.03,1,1
250.46,0.0,57.0,193.46,0,1
327.4,0.5,71.24,256.15,1,1
187.21,0.0,24.0,163.21,0,1
332.17,0.5,53.32,278.85,1,1
345.98,0.5,67.14,278.85,1,1
213.14,0.0,34.81,178.33,0,1
338.33,0.5,51.92,286.41,1,1
328.03,0.5,41.62,286.41,1,1
346.09,0.5,67.24,278.85,1,1
199.04,0.0,20.7,178.33,0,1
282.86,0.5,26.7,256.15,1,1
401.76,1.0,75.35,326.41,2,1
548.72,2.0,59.11,489.62,4,1
495.37,1.0,138.7,356.67,2,1
289.93,0.5,26.22,263.72,1,1
609.91,2.0,105.16,504.74,4,1
498.28,1.5,94.05,404.23,3,1
325.17,0.5,46.32,278.85,1,1
388.46,1.0,46.92,341.54,2,1
642.34,2.0,137.59,504.74,4,1
265.38,0.5,31.92,233.46,1,1
241.84,0.0,40.81,201.03,0,1
255.3,0.0,61.84,193.46,0,1
410.0,0.5,123.59,286.41,1,1
306.59,0.5,50.43,256.15,1,1
320.15,0.5,56.43,263.72,1,1
391.6,1.0,57.62,333.97,2,1
549.52,1.5,122.59,426.92,3,1
307.28,0.5,36.0,271.28,1,1
211.9,0.0,26.0,185.9,0,1
219.11,0.0,33.22,185.9,0,1
498.32,1.5,116.78,381.54,3,1
184.33,0.0,6.0,178.33,0,1
237.63,0.0,51.73,185.9,0,1
372.03,1.0,45.62,326.41,2,1
441.07,1.0,76.84,364.23,2,1
313.45,0.5,49.73,263.72,1,1
253.3,0.0,59.84,193.46,0,1
456.53,1.0,99.86,356.67,2,1
211.46,0.0,18.0,193.46,0,1
220.87,0.0,27.41,193.46,0,1
439.37,1.0,75.14,364.23,2,1
203.9,0.0,18.0,185.9,0,1
221.9,0.0,36.0,185.9,0,1
364.17,0.5,77.76,286.41,1,1
392.77,1.0,36.11,356.67,2,1
417.22,1.0,83.24,333.97,2,1
226.54,0.0,25.51,201.03,0,1
453.79,1.5,42.0,411.79,3,1
231.28,0.0,52.95,178.33,0,1
169.21,0.0,6.0,163.21,0,1
209.25,0.0,30.92,178.33,0,1
204.33,0.0,26.0,178.33,0,1
347.5,1.0,36.22,311.28,2,1
376.46,1.0,34.92,341.54,2,1
290.11,0.5,56.65,233.46,1,1
214.6,0.0,28.7,185.9,0,1
180.02,0.0,16.81,163.21,0,1
293.78,0.5,37.62,256.15,1,1
282.87,0.0,96.97,185.9,0,1
334.33,0.5,47.92,286.41,1,1
485.32,1.5,88.65,396.67,3,1
365.28,1.0,46.43,318.85,2,1
216.82,0.0,30.92,185.9,0,1
513.12,1.5,93.76,419.36,3,1
330.11,0.5,43.7,286.41,1,1
320.41,0.5,34.0,286.41,1,1
248.34,0.0,77.57,170.77,0,1
459.77,1.0,95.54,364.23,2,1
223.46,0.0,30.0,193.46,0,1
183.21,0.0,20.0,163.21,0,1
317.56,0.5,53.84,263.72,1,1
329.33,0.5,42.92,286.41,1,1
417.91,1.0,61.24,356.67,2,1
215.25,0.0,36.92,178.33,0,1
252.39,0.0,74.05,178.33,0,1
201.33,0.0,23.0,178.33,0,1
231.47,0.0,53.14,178.33,0,1
404.43,1.0,55.32,349.1,2,1
273.4,0.5,24.81,248.59,1,1
498.18,1.5,93.95,404.23,3,1
231.03,0.0,30.0,201.03,0,1
360.5,1.0,49.22,311.28,2,1
403.87,1.0,77.46,326.41,2,1
297.28,0.5,26.0,271.28,1,1
378.87,0.5,92.46,286.41,1,1
327.05,0.5,78.46,248.59,1,1
709.68,2.5,149.81,559.87,5,1
210.46,0.0,17.0,193.46,0,1
470.17,1.5,50.81,419.36,3,1
417.45,1.0,53.22,364.23,2,1
439.34,1.5,35.11,404.23,3,1
397.67,1.0,41.0,356.67,2,1
318.04,0.5,54.32,263.72,1,1
218.98,0.0,25.51,193.46,0,1
217.06,0.0,38.73,178.33,0,1
361.36,0.5,74.95,286.41,1,1
413.59,1.0,72.05,341.54,2,1
409.62,1.0,75.65,333.97,2,1
386.81,1.0,37.7,349.1,2,1
417.2,1.0,45.41,371.79,2,1
288.15,0.5,32.0,256.15,1,1
274.86,0.5,18.7,256.15,1,1
475.79,1.5,56.43,419.36,3,1
209.46,0.0,16.0,193.46,0,1
489.95,1.5,63.03,426.92,3,1
387.05,1.0,45.51,341.54,2,1
214.16,0.0,20.7,193.46,0,1
220.71,0.0,34.81,185.9,0,1
312.55,0.5,33.7,278.85,1,1
205.9,0.0,20.0,185.9,0,1
475.32,1.5,78.65,396.67,3,1
295.67,0.5,39.51,256.15,1,1
336.69,1.0,25.41,311.28,2,1
186.17,0.0,15.41,170.77,0,1
177.21,0.0,14.0,163.21,0,1
311.1,0.5,54.95,256.15,1,1
307.29,0.5,51.14,256.15,1,1
184.33,0.0,6.0,178.33,0,1
372.75,0.5,116.59,256.15,1,1
423.89,1.0,82.35,341.54,2,1
498.16,1.5,56.11,442.05,3,1
389.86,1.0,48.32,341.54,2,1
435.04,1.5,30.81,404.23,3,1
324.36,0.5,45.51,278.85,1,1
388.37,1.0,31.7,356.67,2,1
657.49,2.5,90.05,567.44,5,1
239.79,0.0,46.32,193.46,0,1
217.68,0.0,24.22,193.46,0,1
310.55,0.5,31.7,278.85,1,1
418.64,1.0,69.54,349.1,2,1
213.46,0.0,20.0,193.46,0,1
252.55,0.0,66.65,185.9,0,1
556.87,2.0,89.95,466.92,4,1
217.68,0.0,24.22,193.46,0,1
325.96,0.5,62.24,263.72,1,1
213.9,0.0,28.0,185.9,0,1
213.9,0.0,28.0,185.9,0,1
344.14,0.5,57.73,286.41,1,1
423.91,1.0,67.24,356.67,2,1
222.22,0.0,36.32,185.9,0,1
189.58,0.0,18.81,170.77,0,1
314.93,0.5,51.22,263.72,1,1
215.41,0.0,29.51,185.9,0,1
258.98,0.5,25.51,233.46,1,1
259.0,0.0,65.54,193.46,0,1
214.71,0.0,28.81,185.9,0,1
287.96,0.5,31.81,256.15,1,1
339.12,0.5,67.84,271.28,1,1
183.21,0.0,20.0,163.21,0,1
218.25,0.0,39.92,178.33,0,1
569.07,2.0,64.32,504.74,4,1
211.46,0.0,18.0,193.46,0,1
213.95,0.0,35.62,178.33,0,1
180.02,0.0,16.81,163.21,0,1
321.15,0.5,57.43,263.72,1,1
324.85,0.5,46.0,278.85,1,1
229.77,0.0,51.43,178.33,0,1
366.94,1.0,25.41,341.54,2,1
257.03,0.5,16.0,241.03,1,1
327.85,0.5,64.14,263.72,1,1
290.38,0.0,89.35,201.03,0,1
392.67,1.0,51.14,341.54,2,1
567.51,2.0,85.46,482.05,4,1
238.44,0.0,52.54,185.9,0,1
204.6,0.0,18.7,185.9,0,1
183.21,0.0,20.0,163.21,0,1
647.18,2.0,150.0,497.18,4,1
370.03,1.0,43.62,326.41,2,1
501.62,1.5,67.14,434.49,3,1
203.25,0.0,24.92,178.33,0,1
367.1,0.5,103.38,263.72,1,1
290.98,0.0,105.08,185.9,0,1
195.14,0.0,16.81,178.33,0,1
298.12,0.5,34.41,263.72,1,1
404.37,1.0,47.7,356.67,2,1
353.09,0.5,74.24,278.85,1,1
408.51,1.0,74.54,333.97,2,1
451.13,1.0,94.46,356.67,2,1
221.46,0.0,28.0,193.46,0,1
356.04,0.5,84.76,271.28,1,1
476.34,1.5,64.54,411.79,3,1
194.33,0.0,16.0,178.33,0,1
175.21,0.0,12.0,163.21,0,1
532.19,2.0,57.7,474.49,4,1
311.69,0.5,40.41,271.28,1,1
230.17,0.0,51.84,178.33,0,1
190.33,0.0,12.0,178.33,0,1
224.77,0.0,46.43,178.33,0,1
200.88,0.0,30.11,170.77,0,1
358.76,0.5,72.35,286.41,1,1
317.99,0.5,61.84,256.15,1,1
382.22,0.5,103.38,278.85,1,1
265.43,0.5,24.41,241.03,1,1
349.81,0.5,55.84,293.97,1,1
213.95,0.0,35.62,178.33,0,1
401.97,1.0,60.43,341.54,2,1
254.23,0.0,83.46,170.77,0,1
434.77,1.0,70.54,364.23,2,1
186.33,0.0,8.0,178.33,0,1
340.14,0.5,53.73,286.41,1,1
201.85,0.0,23.51,178.33,0,1
203.44,0.0,25.11,178.33,0,1
410.81,1.0,76.84,333.97,2,1
187.04,0.0,8.7,178.33,0,1
193.74,0.0,15.41,178.33,0,1
233.74,0.0,47.84,185.9,0,1
207.9,0.0,22.0,185.9,0,1
185.21,0.0,22.0,163.21,0,1
328.41,0.5,42.0,286.41,1,1
189.21,0.0,26.0,163.21,0,1
358.42,1.0,47.14,311.28,2,1
410.81,1.0,61.7,349.1,2,1
294.78,0.5,38.62,256.15,1,1
230.31,0.0,59.54,170.77,0,1
327.92,0.5,41.51,286.41,1,1
194.77,0.0,24.0,170.77,0,1
316.45,0.5,52.73,263.72,1,1
309.13,0.5,60.54,248.59,1,1
270.22,0.0,76.76,193.46,0,1
200.04,0.0,21.7,178.33,0,1
574.32,1.5,132.27,442.05,3,1
333.94,0.5,85.35,248.59,1,1
343.84,0.5,57.43,286.41,1,1
254.79,0.0,76.46,178.33,0,1
441.37,1.0,77.14,364.23,2,1
284.26,0.5,28.11,256.15,1,1
322.52,0.5,36.11,286.41,1,1
407.48,1.0,65.95,341.54,2,1
215.16,0.0,21.7,193.46,0,1
198.33,0.0,20.0,178.33,0,1
583.13,2.0,85.95,497.18,4,1
304.97,0.5,63.95,241.03,1,1
370.68,0.5,84.27,286.41,1,1
633.22,2.5,58.22,575.0,5,1
221.46,0.0,28.0,193.46,0,1
445.63,1.0,73.84,371.79,2,1
238.84,0.0,52.95,185.9,0,1
341.18,0.5,77.46,263.72,1,1
293.67,0.5,37.51,256.15,1,1
283.52,0.0,105.19,178.33,0,1
187.04,0.0,8.7,178.33,0,1
446.6,1.0,120.19,326.41,2,1
215.55,0.0,37.22,178.33,0,1
284.37,0.5,28.22,256.15,1,1
417.66,1.0,53.43,364.23,2,1
435.26,1.0,86.16,349.1,2,1
198.33,0.0,20.0,178.33,0,1
466.61,1.5,69.95,396.67,3,1
195.33,0.0,17.0,178.33,0,1
396.67,1.0,55.14,341.54,2,1
202.44,0.0,24.11,178.33,0,1
246.14,0.0,60.24,185.9,0,1
339.5,1.0,28.22,311.28,2,1
455.31,1.5,43.51,411.79,3,1
465.07,1.5,60.84,404.23,3,1
331.29,0.5,75.14,256.15,1,1
549.95,1.5,130.59,419.36,3,1
349.74,0.5,78.46,271.28,1,1
306.55,0.5,27.7,278.85,1,1
404.57,1.0,78.16,326.41,2,1
436.69,1.0,72.46,364.23,2,1
427.75,1.0,78.65,349.1,2,1
201.9,0.0,16.0,185.9,0,1
207.9,0.0,22.0,185.9,0,1
220.41,0.0,34.51,185.9,0,1
289.48,0.5,33.32,256.15,1,1
248.55,0.0,62.65,185.9,0,1
295.63,0.0,117.3,178.33,0,1
217.3,0.0,31.41,185.9,0,1
351.95,0.5,65.54,286.41,1,1
499.1,1.5,94.86,404.23,3,1
531.88,1.5,120.08,411.79,3,1
234.74,0.0,48.84,185.9,0,1
222.98,0.0,29.51,193.46,0,1
283.82,0.0,105.49,178.33,0,1
231.42,0.0,60.65,170.77,0,1
332.03,0.5,45.62,286.41,1,1
316.69,0.5,60.54,256.15,1,1
196.33,0.0,18.0,178.33,0,1
355.63,0.5,84.35,271.28,1,1
288.26,0.5,32.11,256.15,1,1
191.04,0.0,12.7,178.33,0,1
435.95,1.0,101.97,333.97,2,1
233.03,0.0,47.14,185.9,0,1
251.58,0.0,73.24,178.33,0,1
208.25,0.0,29.92,178.33,0,1
252.79,0.0,74.46,178.33,0,1
416.69,1.0,60.03,356.67,2,1
309.15,0.5,45.43,263.72,1,1
319.43,0.5,85.97,233.46,1,1
