"Total_Cost","Ratio_Reloc_Prod","Horiz_Cost","Vert_Cost","nReloc","non_Optimal"
241814.7,0.4313,51080.97,190733.64,647,214
769.53,0.4,103.76,665.77,2,0
698.0,0.4,54.92,643.08,2,0
895.42,0.8,89.14,806.28,4,1
900.95,0.6,187.62,713.33,3,0
724.09,0.2,151.27,572.82,1,0
878.97,0.6,135.38,743.59,3,0
858.1,0.6,106.95,751.15,3,1
524.49,0.0,44.62,479.87,0,1
814.85,0.6,109.08,705.77,3,1
875.85,0.6,170.08,705.77,3,1
622.52,0.2,49.7,572.82,1,1
512.1,0.0,54.92,457.18,0,0
1015.14,1.0,146.16,868.97,5,1
793.97,0.6,118.46,675.51,3,0
541.99,0.0,77.24,464.74,0,0
557.37,0.0,92.62,464.74,0,0
517.03,0.0,82.54,434.49,0,0
658.51,0.2,115.95,542.56,1,0
640.64,0.4,50.51,590.13,2,1
806.54,0.6,123.46,683.08,3,1
733.08,0.4,90.0,643.08,2,0
1129.67,0.2,647.62,482.05,1,1
1502.3,0.8,801.92,700.38,4,1
735.25,0.2,147.3,587.95,1,0
973.05,0.8,181.89,791.15,4,1
1347.91,0.8,609.7,738.21,4,1
657.96,0.2,85.14,572.82,1,1
809.15,0.6,110.95,698.21,3,1
963.87,0.4,404.0,559.87,2,1
1157.07,1.2,157.32,999.74,6,1
611.68,0.2,84.24,527.44,1,1
1033.69,1.0,142.03,891.67,5,1
666.95,0.2,147.08,519.87,1,1
1122.17,1.0,207.81,914.36,5,1
741.77,0.2,229.46,512.31,1,0
752.79,0.4,139.97,612.82,2,1
540.77,0.0,76.03,464.74,0,0
1185.44,1.0,324.03,861.41,5,1
512.15,0.0,47.41,464.74,0,1
1089.39,0.4,544.65,544.74,2,1
753.42,0.2,195.73,557.69,1,1
990.8,0.8,184.51,806.28,4,0
938.02,0.6,194.43,743.59,3,1
584.77,0.0,112.46,472.31,0,0
615.78,0.2,73.22,542.56,1,0
630.12,0.2,110.24,519.87,1,1
587.03,0.2,52.03,535.0,1,1
1023.15,0.8,277.38,745.77,4,1
805.02,0.4,154.38,650.64,2,1
1392.35,1.4,322.35,1070.0,7,1
818.48,0.6,127.84,690.64,3,1
688.88,0.2,138.76,550.13,1,1
549.49,0.0,69.62,479.87,0,1
1009.7,1.0,140.73,868.97,5,1
987.65,0.8,226.76,760.9,4,1
961.01,0.6,194.73,766.28,3,0
490.83,0.0,41.22,449.62,0,0
524.98,0.0,98.05,426.92,0,1
656.04,0.2,98.35,557.69,1,1
1007.16,1.0,183.57,823.59,5,1
972.77,0.6,198.92,773.85,3,1
789.14,0.4,161.19,627.95,2,1
1156.12,1.2,262.27,893.85,6,1
1080.5,1.0,234.22,846.28,5,1
867.9,0.6,147.0,720.9,3,1
845.59,0.4,202.51,643.08,2,0
669.91,0.2,104.65,565.26,1,1
965.5,0.4,299.73,665.77,2,1
701.26,0.4,111.14,590.13,2,1
598.34,0.0,141.16,457.18,0,1
746.89,0.4,118.95,627.95,2,1
654.02,0.2,111.46,542.56,1,1
555.26,0.0,105.65,449.62,0,1
540.87,0.0,106.38,434.49,0,1
681.41,0.4,113.97,567.44,2,0
849.94,0.4,259.81,590.13,2,1
718.44,0.4,166.14,552.31,2,1
1072.16,0.6,389.08,683.08,3,1
950.83,0.6,192.11,758.72,3,0
651.07,0.2,100.95,550.13,1,1
783.52,0.4,155.57,627.95,2,1
787.26,0.6,96.62,690.64,3,1
749.97,0.4,114.46,635.51,2,1
835.26,0.6,129.49,705.77,3,1
664.26,0.2,106.57,557.69,1,0
910.49,0.8,134.46,776.03,4,1
806.17,0.4,185.78,620.38,2,0
1189.21,0.6,551.51,637.69,3,1
636.44,0.0,164.14,472.31,0,0
603.81,0.2,68.81,535.0,1,1
893.82,0.6,180.49,713.33,3,1
555.78,0.0,106.16,449.62,0,0
571.15,0.0,113.97,457.18,0,0
1023.02,0.8,239.43,783.59,4,1
867.55,0.6,161.78,705.77,3,1
658.35,0.2,115.78,542.56,1,1
1357.69,0.6,704.86,652.82,3,1
907.11,0.6,171.08,736.03,3,1
595.0,0.2,52.43,542.56,1,1
762.47,0.4,142.08,620.38,2,0
642.53,0.2,84.84,557.69,1,1
705.99,0.4,115.86,590.13,2,0
674.15,0.2,116.46,557.69,1,1
869.25,0.6,140.78,728.46,3,1
1040.16,1.0,156.05,884.1,5,1
1044.24,0.8,207.7,836.54,4,0
699.01,0.2,133.76,565.26,1,1
700.8,0.2,135.54,565.26,1,0
902.17,0.8,141.27,760.9,4,1
545.44,0.0,73.14,472.31,0,0
876.78,0.6,140.76,736.03,3,1
484.49,0.0,50.0,434.49,0,0
731.51,0.4,141.38,590.13,2,0
629.7,0.2,87.14,542.56,1,0
883.35,0.4,240.27,643.08,2,1
759.41,0.4,131.46,627.95,2,0
825.11,0.4,189.59,635.51,2,1
891.79,0.8,138.46,753.33,4,1
583.74,0.0,111.43,472.31,0,1
806.75,0.6,108.54,698.21,3,1
673.02,0.2,115.32,557.69,1,1
645.51,0.2,102.95,542.56,1,1
852.05,0.8,76.03,776.03,4,1
736.33,0.4,115.95,620.38,2,1
460.28,0.0,40.92,419.36,0,0
689.68,0.4,61.73,627.95,2,1
1604.85,1.0,819.08,785.77,5,1
1007.64,0.8,208.92,798.72,4,1
824.93,0.6,119.16,705.77,3,1
657.63,0.2,77.24,580.38,1,1
786.72,0.4,120.95,665.77,2,1
686.82,0.4,74.0,612.82,2,1
558.09,0.0,78.22,479.87,0,0
1011.22,1.0,142.24,868.97,5,1
847.6,0.6,119.14,728.46,3,1
543.9,0.0,64.03,479.87,0,0
585.61,0.0,120.86,464.74,0,0
643.75,0.2,93.62,550.13,1,1
908.92,0.8,140.46,768.46,4,1
649.06,0.0,161.62,487.44,0,0
863.23,0.6,157.46,705.77,3,1
564.96,0.0,92.65,472.31,0,1
608.15,0.2,95.84,512.31,1,1
739.29,0.4,96.22,643.08,2,1
831.78,0.6,156.27,675.51,3,1
680.33,0.2,160.46,519.87,1,1
745.76,0.4,125.38,620.38,2,1
1026.02,0.4,443.46,582.56,2,1
980.32,0.8,204.3,776.03,4,1
493.25,0.0,66.32,426.92,0,0
859.87,0.6,138.97,720.9,3,1
466.86,0.0,24.81,442.05,0,0
909.88,0.6,204.11,705.77,3,1
794.53,0.4,128.76,665.77,2,1
617.7,0.2,75.14,542.56,1,0
851.6,0.6,123.14,728.46,3,1
737.95,0.4,102.43,635.51,2,0
686.75,0.2,144.19,542.56,1,0
685.69,0.2,112.86,572.82,1,0
837.79,0.4,217.41,620.38,2,1
556.97,0.0,107.35,449.62,0,0
542.04,0.0,84.86,457.18,0,0
1503.61,0.6,865.92,637.69,3,1
619.98,0.0,147.68,472.31,0,0
695.15,0.2,137.46,557.69,1,1
648.86,0.2,98.73,550.13,1,1
584.51,0.2,49.51,535.0,1,1
589.0,0.2,54.0,535.0,1,0
837.04,0.4,178.84,658.21,2,0
712.61,0.4,107.35,605.26,2,0
970.66,0.6,204.38,766.28,3,1
523.08,0.0,81.03,442.05,0,0
711.52,0.4,91.14,620.38,2,1
1104.47,0.6,383.57,720.9,3,1
1019.76,1.0,150.78,868.97,5,1
961.15,0.8,154.86,806.28,4,0
1080.16,1.0,203.62,876.54,5,1
658.01,0.2,77.62,580.38,1,1
679.91,0.2,114.65,565.26,1,1
834.28,0.6,120.95,713.33,3,1
965.01,0.8,151.16,813.85,4,1
731.74,0.4,111.35,620.38,2,1
838.72,0.4,180.51,658.21,2,1
985.17,1.0,123.76,861.41,5,1
879.17,0.6,158.27,720.9,3,1
686.02,0.2,135.89,550.13,1,1
899.22,0.8,130.76,768.46,4,1
668.36,0.2,148.49,519.87,1,1
918.11,0.6,182.08,736.03,3,0
580.01,0.0,115.27,464.74,0,0
738.14,0.4,117.76,620.38,2,1
708.42,0.2,143.16,565.26,1,1
464.06,0.0,44.7,419.36,0,0
770.76,0.6,95.24,675.51,3,1
456.17,0.0,36.81,419.36,0,1
706.49,0.4,78.54,627.95,2,1
945.39,0.6,179.11,766.28,3,0
690.22,0.4,69.84,620.38,2,0
682.23,0.4,84.54,597.69,2,1
448.76,0.0,29.41,419.36,0,0
461.68,0.0,42.32,419.36,0,0
643.91,0.2,86.22,557.69,1,1
607.78,0.2,65.22,542.56,1,1
606.25,0.4,38.81,567.44,2,1
614.43,0.2,79.43,535.0,1,1
625.93,0.2,106.05,519.87,1,1
491.95,0.0,65.03,426.92,0,1
937.96,0.6,300.27,637.69,3,1
504.21,0.0,47.03,457.18,0,1
912.31,0.4,307.05,605.26,2,1
622.9,0.0,150.59,472.31,0,1
678.88,0.2,128.76,550.13,1,0
648.58,0.0,191.41,457.18,0,1
1949.89,1.0,1126.3,823.59,5,1
1325.69,1.4,293.51,1032.18,7,1
655.53,0.2,97.84,557.69,1,0
576.87,0.0,89.43,487.44,0,0
1206.35,1.0,329.81,876.54,5,1
645.37,0.2,95.24,550.13,1,0
539.09,0.0,74.35,464.74,0,0
758.02,0.6,74.95,683.08,3,1
626.12,0.2,68.43,557.69,1,0
511.89,0.0,69.84,442.05,0,0
635.87,0.2,108.43,527.44,1,1
656.45,0.4,66.32,590.13,2,0
1167.13,0.6,491.62,675.51,3,1
706.91,0.2,141.65,565.26,1,1
843.13,0.6,160.05,683.08,3,1
1013.07,0.6,254.35,758.72,3,0
761.02,0.4,102.81,658.21,2,0
1060.41,0.8,239.0,821.41,4,1
746.53,0.4,88.32,658.21,2,1
1843.91,1.6,764.16,1079.74,8,1
803.11,0.4,122.22,680.9,2,1
703.6,0.2,130.78,572.82,1,1
1043.21,1.0,212.05,831.15,5,1
1141.69,0.6,488.86,652.82,3,1
1273.49,1.4,203.49,1070.0,7,1
1418.99,1.0,633.22,785.77,5,1
841.07,0.4,175.3,665.77,2,1
1047.84,0.8,226.43,821.41,4,1
999.86,0.6,263.84,736.03,3,1
936.83,0.8,153.24,783.59,4,1
645.2,0.0,165.32,479.87,0,0
717.89,0.4,74.81,643.08,2,1
616.44,0.2,104.14,512.31,1,1
831.96,0.6,133.76,698.21,3,1
1234.1,1.2,294.86,939.23,6,1
883.11,0.6,147.08,736.03,3,1
716.4,0.4,73.32,643.08,2,1
873.89,0.6,137.86,736.03,3,1
524.33,0.0,89.84,434.49,0,1
457.47,0.0,38.11,419.36,0,0
833.07,0.2,282.95,550.13,1,1
600.32,0.2,65.32,535.0,1,0
921.47,0.6,261.08,660.38,3,1
821.35,0.6,145.84,675.51,3,1
708.06,0.4,95.24,612.82,2,0
536.97,0.0,87.35,449.62,0,0
1015.48,1.0,138.95,876.54,5,1
863.84,0.6,188.32,675.51,3,0
929.78,0.6,178.62,751.15,3,0
703.32,0.2,153.19,550.13,1,1
592.39,0.0,120.08,472.31,0,0
927.91,0.8,136.76,791.15,4,1
539.26,0.0,74.51,464.74,0,0
1521.53,0.8,783.32,738.21,4,1
967.8,0.8,169.08,798.72,4,1
776.32,0.4,133.24,643.08,2,1
777.59,0.6,86.95,690.64,3,1
650.0,0.2,107.43,542.56,1,1
532.08,0.0,90.03,442.05,0,1
807.67,0.8,77.03,730.64,4,1
731.31,0.4,126.05,605.26,2,0
506.86,0.0,64.81,442.05,0,0
829.61,0.4,171.41,658.21,2,1
741.83,0.4,83.62,658.21,2,1
679.37,0.2,136.81,542.56,1,1
654.17,0.4,86.73,567.44,2,1
828.51,0.6,137.86,690.64,3,1
1003.92,0.6,267.89,736.03,3,1
960.29,0.8,161.57,798.72,4,1
1173.03,1.0,311.62,861.41,5,1
1345.05,1.2,360.43,984.62,6,1
743.41,0.2,163.03,580.38,1,1
1120.35,0.4,590.73,529.62,2,1
989.08,0.8,213.05,776.03,4,1
753.65,0.4,133.27,620.38,2,1
716.31,0.4,111.05,605.26,2,1
868.06,0.6,147.16,720.9,3,1
1062.42,0.8,256.14,806.28,4,1
1355.68,0.8,594.78,760.9,4,1
811.37,0.4,153.16,658.21,2,1
800.93,0.6,102.73,698.21,3,1
774.5,0.4,108.73,665.77,2,1
793.23,0.2,227.97,565.26,1,0
736.26,0.2,186.14,550.13,1,1
650.72,0.2,93.03,557.69,1,1
1693.47,1.2,807.19,886.28,6,1
808.87,0.4,135.54,673.33,2,0
