"Total_Cost","Ratio_Reloc_Prod","Horiz_Cost","Vert_Cost","nReloc","non_Optimal"
237156.44,0.456,42832.46,194323.98,684,127
989.19,0.8,152.65,836.54,4,0
580.0,0.0,77.43,502.56,0,0
806.31,0.6,100.54,705.77,3,1
1040.19,1.0,171.22,868.97,5,1
891.07,0.6,132.35,758.72,3,1
855.15,0.6,149.38,705.77,3,0
733.23,0.4,75.03,658.21,2,1
555.65,0.0,68.22,487.44,0,0
568.58,0.0,96.27,472.31,0,0
955.63,0.8,141.78,813.85,4,0
802.91,0.6,59.32,743.59,3,1
529.77,0.0,65.03,464.74,0,0
989.76,1.0,128.35,861.41,5,1
870.81,0.6,142.35,728.46,3,0
991.73,0.8,155.19,836.54,4,0
562.09,0.0,97.35,464.74,0,0
615.5,0.2,57.81,557.69,1,0
1117.53,1.0,233.43,884.1,5,0
993.69,0.8,187.41,806.28,4,0
644.43,0.2,101.86,542.56,1,0
507.55,0.0,42.81,464.74,0,0
715.91,0.4,110.65,605.26,2,1
580.59,0.0,130.97,449.62,0,0
788.35,0.4,160.41,627.95,2,1
539.64,0.0,90.03,449.62,0,0
740.25,0.4,119.86,620.38,2,0
720.14,0.4,107.32,612.82,2,0
860.0,0.6,131.54,728.46,3,0
546.8,0.0,89.62,457.18,0,1
1137.7,1.2,228.73,908.97,6,1
592.84,0.2,65.41,527.44,1,0
688.01,0.2,122.76,565.26,1,0
852.44,0.6,131.54,720.9,3,1
1009.14,0.8,248.24,760.9,4,0
642.5,0.2,84.81,557.69,1,1
1243.39,0.6,598.14,645.26,3,1
1095.2,1.0,241.35,853.85,5,0
968.31,0.8,169.59,798.72,4,0
541.74,0.0,69.43,472.31,0,0
1185.92,1.4,184.0,1001.92,7,0
907.09,0.8,93.24,813.85,4,1
1113.87,1.0,199.51,914.36,5,0
566.01,0.0,101.27,464.74,0,1
1161.82,1.2,207.46,954.36,6,1
732.87,0.4,120.05,612.82,2,1
1058.32,0.8,282.3,776.03,4,0
936.95,0.8,115.54,821.41,4,0
783.64,0.2,225.95,557.69,1,1
776.83,0.4,133.76,643.08,2,0
715.46,0.2,188.03,527.44,1,1
669.59,0.4,87.03,582.56,2,0
488.95,0.0,62.03,426.92,0,0
901.74,0.8,140.84,760.9,4,0
807.65,0.8,92.14,715.51,4,0
1104.07,1.0,197.27,906.79,5,0
768.51,0.4,125.43,643.08,2,0
634.87,0.4,67.43,567.44,2,0
701.86,0.4,111.73,590.13,2,0
1142.48,1.0,311.32,831.15,5,0
795.31,0.6,97.11,698.21,3,1
739.18,0.2,173.92,565.26,1,1
801.59,0.4,166.08,635.51,2,1
793.42,0.4,127.65,665.77,2,0
773.61,0.4,107.84,665.77,2,0
682.19,0.2,147.19,535.0,1,0
813.41,0.4,193.03,620.38,2,0
675.31,0.2,110.05,565.26,1,1
684.36,0.2,119.11,565.26,1,0
662.75,0.2,105.05,557.69,1,1
762.59,0.6,79.51,683.08,3,0
859.02,0.6,175.95,683.08,3,1
947.56,0.8,163.97,783.59,4,1
746.71,0.4,118.76,627.95,2,1
788.94,0.4,145.86,643.08,2,0
750.27,0.4,122.32,627.95,2,0
1048.41,1.0,187.0,861.41,5,0
856.99,0.4,191.22,665.77,2,1
577.28,0.2,57.41,519.87,1,0
545.51,0.0,103.46,442.05,0,0
974.21,0.8,190.62,783.59,4,0
673.75,0.2,116.05,557.69,1,0
727.54,0.2,192.54,535.0,1,1
1003.54,1.0,187.51,816.03,5,0
651.7,0.2,109.14,542.56,1,1
1043.49,1.0,227.46,816.03,5,0
1007.43,0.8,223.84,783.59,4,1
902.27,0.6,173.81,728.46,3,0
941.38,0.8,119.97,821.41,4,0
524.52,0.0,52.22,472.31,0,0
555.5,0.0,98.32,457.18,0,0
713.85,0.2,148.59,565.26,1,1
1001.87,0.8,188.03,813.85,4,0
739.22,0.6,78.84,660.38,3,0
668.28,0.2,95.46,572.82,1,1
450.06,0.0,30.7,419.36,0,0
867.13,0.6,191.62,675.51,3,0
590.2,0.2,70.32,519.87,1,0
548.48,0.2,66.43,482.05,1,1
786.07,0.4,180.81,605.26,2,1
762.76,0.4,127.24,635.51,2,0
824.0,0.6,148.49,675.51,3,1
649.53,0.2,91.84,557.69,1,1
571.53,0.0,114.35,457.18,0,1
733.77,0.4,120.95,612.82,2,1
631.4,0.2,88.84,542.56,1,1
926.0,0.6,189.97,736.03,3,0
873.8,0.6,175.59,698.21,3,1
1153.37,1.4,181.7,971.67,7,1
669.41,0.2,89.03,580.38,1,1
490.27,0.0,48.22,442.05,0,1
604.67,0.2,62.11,542.56,1,0
659.77,0.2,94.51,565.26,1,1
687.02,0.4,89.32,597.69,2,0
771.56,0.6,80.92,690.64,3,1
652.72,0.2,95.03,557.69,1,0
1081.87,0.8,260.46,821.41,4,0
829.66,0.4,163.89,665.77,2,1
811.73,0.6,143.78,667.95,3,0
956.14,0.8,187.68,768.46,4,0
846.52,0.6,118.05,728.46,3,1
712.69,0.2,155.0,557.69,1,0
735.53,0.2,177.84,557.69,1,0
622.51,0.2,79.95,542.56,1,1
674.87,0.2,102.05,572.82,1,0
1073.3,1.0,204.32,868.97,5,0
944.8,0.6,186.08,758.72,3,0
658.26,0.2,108.14,550.13,1,0
623.17,0.2,95.73,527.44,1,1
1047.64,1.0,155.97,891.67,5,0
771.09,0.4,105.32,665.77,2,1
768.76,0.4,148.38,620.38,2,1
711.68,0.4,83.73,627.95,2,1
587.82,0.0,123.08,464.74,0,0
917.18,0.6,173.59,743.59,3,0
866.01,0.8,120.24,745.77,4,0
748.54,0.4,113.03,635.51,2,1
1002.42,1.0,156.14,846.28,5,0
766.62,0.6,83.54,683.08,3,0
643.66,0.2,78.41,565.26,1,1
895.13,0.8,179.62,715.51,4,0
670.64,0.2,112.95,557.69,1,0
851.28,0.6,137.95,713.33,3,0
638.19,0.2,95.62,542.56,1,0
697.65,0.4,115.08,582.56,2,1
596.27,0.2,53.7,542.56,1,0
731.73,0.2,196.73,535.0,1,1
890.5,0.8,137.16,753.33,4,1
861.65,0.6,140.76,720.9,3,1
824.4,0.6,148.89,675.51,3,0
568.4,0.0,118.78,449.62,0,0
582.76,0.2,108.27,474.49,1,1
718.8,0.4,128.68,590.13,2,1
759.51,0.4,116.43,643.08,2,1
810.91,0.6,120.27,690.64,3,0
1610.1,0.8,887.03,723.08,4,1
567.93,0.0,95.62,472.31,0,1
709.03,0.2,174.03,535.0,1,0
810.62,0.6,142.68,667.95,3,0
913.28,0.8,167.51,745.77,4,1
989.95,0.8,176.11,813.85,4,0
585.98,0.0,113.68,472.31,0,0
547.64,0.0,90.46,457.18,0,1
860.5,0.6,147.16,713.33,3,0
539.69,0.0,74.95,464.74,0,0
807.21,0.6,116.57,690.64,3,1
583.72,0.2,86.54,497.18,1,1
1026.52,1.0,172.68,853.85,5,0
768.39,0.6,62.62,705.77,3,1
669.69,0.2,104.43,565.26,1,0
439.2,0.0,27.41,411.79,0,1
747.23,0.4,89.03,658.21,2,0
783.85,0.4,125.65,658.21,2,0
962.4,0.8,178.81,783.59,4,1
557.3,0.0,77.43,479.87,0,0
715.72,0.6,78.03,637.69,3,1
884.22,0.6,155.76,728.46,3,1
782.7,0.4,147.19,635.51,2,0
534.69,0.0,77.51,457.18,0,0
664.77,0.2,99.51,565.26,1,1
575.13,0.2,77.95,497.18,1,1
599.17,0.2,71.73,527.44,1,1
464.06,0.0,44.7,419.36,0,0
848.27,0.6,180.32,667.95,3,0
1021.69,1.0,175.41,846.28,5,1
864.72,0.8,118.95,745.77,4,1
652.12,0.2,94.43,557.69,1,0
948.72,0.8,202.95,745.77,4,0
560.18,0.0,95.43,464.74,0,1
526.05,0.0,76.43,449.62,0,1
844.78,0.4,201.7,643.08,2,1
603.12,0.2,83.24,519.87,1,0
544.47,0.0,79.73,464.74,0,0
781.28,0.4,160.89,620.38,2,1
799.23,0.4,133.46,665.77,2,0
1007.73,0.8,239.27,768.46,4,0
560.69,0.0,95.95,464.74,0,1
720.93,0.4,100.54,620.38,2,1
951.15,0.6,192.43,758.72,3,0
645.1,0.2,87.41,557.69,1,0
669.91,0.4,72.22,597.69,2,1
638.0,0.2,95.43,542.56,1,1
1225.57,1.2,309.03,916.54,6,0
692.49,0.4,72.11,620.38,2,1
942.59,0.8,166.57,776.03,4,1
1227.9,1.0,374.05,853.85,5,0
737.5,0.2,179.81,557.69,1,0
857.03,0.4,229.08,627.95,2,1
989.01,0.8,175.16,813.85,4,1
657.53,0.2,99.84,557.69,1,0
681.65,0.2,139.08,542.56,1,1
812.74,0.4,146.97,665.77,2,1
857.77,0.8,119.57,738.21,4,0
1054.49,1.0,185.51,868.97,5,1
666.63,0.2,86.24,580.38,1,0
738.5,0.4,125.68,612.82,2,1
879.35,0.6,135.76,743.59,3,0
862.28,0.6,141.38,720.9,3,1
1131.16,1.2,214.62,916.54,6,0
874.44,0.6,161.11,713.33,3,0
850.43,0.4,207.35,643.08,2,0
1177.76,1.2,208.27,969.49,6,1
804.05,0.4,160.97,643.08,2,0
792.84,0.6,132.46,660.38,3,1
647.64,0.2,89.95,557.69,1,1
582.68,0.0,163.32,419.36,0,0
1238.3,1.4,228.81,1009.49,7,0
747.62,0.4,104.54,643.08,2,1
925.27,0.6,196.81,728.46,3,0
801.15,0.4,142.95,658.21,2,0
535.66,0.0,70.92,464.74,0,1
581.77,0.0,109.46,472.31,0,0
698.45,0.4,100.76,597.69,2,1
958.82,0.6,245.49,713.33,3,1
942.44,0.8,136.16,806.28,4,0
556.58,0.0,91.84,464.74,0,1
508.3,0.0,73.81,434.49,0,1
732.21,0.4,89.14,643.08,2,1
1185.16,1.4,228.62,956.54,7,0
686.06,0.2,113.24,572.82,1,0
767.18,0.4,169.49,597.69,2,0
912.15,0.6,145.86,766.28,3,0
1236.79,1.2,221.92,1014.87,6,0
714.92,0.4,79.41,635.51,2,0
855.25,0.6,126.78,728.46,3,0
952.44,0.8,199.11,753.33,4,0
577.48,0.0,120.3,457.18,0,1
887.57,0.6,159.11,728.46,3,0
879.68,0.6,158.78,720.9,3,0
568.5,0.0,103.76,464.74,0,1
554.55,0.2,49.81,504.74,1,0
692.96,0.2,188.22,504.74,1,1
901.02,0.6,149.86,751.15,3,0
878.8,0.6,173.03,705.77,3,0
844.57,0.6,123.68,720.9,3,1
686.94,0.2,129.24,557.69,1,0
721.51,0.4,86.0,635.51,2,1
640.72,0.2,83.03,557.69,1,1
866.1,0.8,82.51,783.59,4,1
1254.75,1.0,378.22,876.54,5,0
993.24,0.4,350.16,643.08,2,1
483.56,0.0,41.51,442.05,0,0
971.17,1.0,170.27,800.9,5,0
755.75,0.4,105.11,650.64,2,0
1038.18,0.8,194.08,844.1,4,0
1315.44,1.4,268.14,1047.31,7,0
624.18,0.2,58.92,565.26,1,1
1026.76,0.8,197.78,828.97,4,0
745.85,0.2,180.59,565.26,1,1
890.16,0.6,146.57,743.59,3,0
1022.65,0.8,186.11,836.54,4,0
839.59,0.4,196.51,643.08,2,0
568.85,0.0,96.54,472.31,0,0
1311.49,0.4,683.54,627.95,2,1
576.66,0.0,104.35,472.31,0,0
574.69,0.0,102.38,472.31,0,0
841.47,0.4,175.7,665.77,2,0
632.72,0.2,75.03,557.69,1,0
456.6,0.0,22.11,434.49,0,1
510.97,0.0,68.92,442.05,0,0
659.58,0.2,94.32,565.26,1,1
1067.7,1.0,183.59,884.1,5,1
859.7,0.6,176.62,683.08,3,1
549.04,0.0,76.73,472.31,0,1
856.93,0.6,151.16,705.77,3,0
1174.32,1.2,242.65,931.67,6,1
688.21,0.2,138.08,550.13,1,0
905.92,0.6,169.89,736.03,3,0
745.56,0.6,54.92,690.64,3,1
509.99,0.0,52.81,457.18,0,0
723.34,0.2,173.22,550.13,1,0
565.78,0.0,116.16,449.62,0,1
677.37,0.2,119.68,557.69,1,0
691.42,0.2,133.73,557.69,1,1
620.34,0.0,155.59,464.74,0,0
823.26,0.4,157.49,665.77,2,0
1164.84,1.0,227.78,937.05,5,0
907.48,0.8,116.32,791.15,4,0
1019.46,1.0,158.05,861.41,5,1
1072.25,0.4,512.38,559.87,2,1
710.45,0.4,112.76,597.69,2,0
