"Total_Cost","Ratio_Reloc_Prod","Horiz_Cost","Vert_Cost","nReloc","non_Optimal"
259544.33,0.422,72267.97,187276.57,633,230
724.83,0.4,66.62,658.21,2,1
588.71,0.0,101.27,487.44,0,0
829.13,0.4,178.49,650.64,2,1
706.92,0.2,171.92,535.0,1,0
753.72,0.4,87.95,665.77,2,1
546.2,0.0,66.32,479.87,0,0
1048.14,1.0,186.73,861.41,5,1
503.29,0.0,46.11,457.18,0,1
773.74,0.4,160.92,612.82,2,1
504.96,0.0,40.22,464.74,0,0
904.73,0.6,168.7,736.03,3,1
691.83,0.2,149.27,542.56,1,1
869.32,0.4,233.81,635.51,2,1
633.8,0.2,68.54,565.26,1,0
600.08,0.2,72.65,527.44,1,1
1101.56,1.0,209.89,891.67,5,1
794.39,0.6,88.62,705.77,3,1
1176.87,1.2,207.38,969.49,6,1
640.9,0.2,113.46,527.44,1,1
634.7,0.2,92.14,542.56,1,0
545.77,0.0,81.03,464.74,0,0
884.75,0.4,241.68,643.08,2,1
532.64,0.0,83.03,449.62,0,0
836.76,0.4,216.38,620.38,2,1
903.2,0.6,189.86,713.33,3,1
610.8,0.0,146.05,464.74,0,1
829.9,0.6,124.14,705.77,3,0
926.37,0.6,235.73,690.64,3,1
568.33,0.0,96.03,472.31,0,0
1201.89,1.0,385.86,816.03,5,1
541.37,0.0,76.62,464.74,0,0
994.69,0.6,288.92,705.77,3,1
883.55,0.4,217.78,665.77,2,1
736.78,0.4,154.22,582.56,2,0
575.65,0.2,48.22,527.44,1,1
753.86,0.4,171.3,582.56,2,1
660.3,0.2,132.86,527.44,1,1
804.62,0.4,176.68,627.95,2,1
737.1,0.4,94.03,643.08,2,1
730.85,0.2,173.16,557.69,1,1
673.05,0.2,130.49,542.56,1,1
481.7,0.0,47.22,434.49,0,1
558.09,0.2,38.22,519.87,1,1
670.87,0.2,151.0,519.87,1,1
886.88,1.0,101.11,785.77,5,1
512.05,0.0,70.0,442.05,0,1
922.8,0.4,325.11,597.69,2,1
799.93,0.2,227.11,572.82,1,1
989.01,0.8,175.16,813.85,4,0
717.66,0.2,152.41,565.26,1,0
725.6,0.2,205.73,519.87,1,1
584.15,0.2,79.41,504.74,1,1
809.08,0.4,181.14,627.95,2,1
1073.31,0.6,359.97,713.33,3,1
741.74,0.4,136.49,605.26,2,1
1079.91,0.6,389.27,690.64,3,1
682.94,0.2,125.24,557.69,1,1
925.14,0.4,304.76,620.38,2,0
664.26,0.2,99.0,565.26,1,0
992.67,0.8,201.51,791.15,4,1
531.62,0.0,97.14,434.49,0,0
1511.59,1.2,587.49,924.1,6,1
566.64,0.0,109.46,457.18,0,1
1096.93,0.8,283.08,813.85,4,1
712.06,0.4,99.24,612.82,2,0
868.01,0.6,215.19,652.82,3,1
796.77,0.4,138.57,658.21,2,0
562.64,0.0,105.46,457.18,0,1
736.91,0.4,146.78,590.13,2,1
1267.89,0.6,599.95,667.95,3,1
656.82,0.0,184.51,472.31,0,1
722.27,0.4,147.27,575.0,2,1
606.12,0.2,86.24,519.87,1,1
1118.8,0.8,327.65,791.15,4,1
852.42,0.4,194.22,658.21,2,1
825.33,0.4,204.95,620.38,2,1
1063.99,0.6,365.78,698.21,3,1
1564.53,0.6,866.32,698.21,3,1
833.82,0.4,168.05,665.77,2,0
584.3,0.0,104.43,479.87,0,0
1027.06,0.6,313.73,713.33,3,1
649.83,0.0,200.22,449.62,0,0
1604.28,0.8,903.89,700.38,4,1
731.39,0.2,158.57,572.82,1,1
800.9,0.2,273.46,527.44,1,1
1036.37,0.6,277.65,758.72,3,0
1094.26,0.6,335.54,758.72,3,1
886.91,0.6,135.76,751.15,3,1
1078.7,0.4,496.14,582.56,2,1
1095.61,0.8,289.32,806.28,4,1
1511.17,0.8,697.32,813.85,4,1
765.8,0.4,175.68,590.13,2,1
773.15,0.2,215.46,557.69,1,1
887.36,0.4,221.59,665.77,2,1
848.65,0.2,313.65,535.0,1,0
500.65,0.0,73.73,426.92,0,1
670.88,0.2,120.76,550.13,1,1
766.79,0.6,98.84,667.95,3,0
519.0,0.2,44.51,474.49,1,1
1340.02,0.8,616.95,723.08,4,1
1392.93,0.8,518.57,874.36,4,1
997.87,0.4,324.54,673.33,2,1
833.15,0.6,134.95,698.21,3,1
801.38,0.4,181.0,620.38,2,1
843.85,0.4,178.08,665.77,2,0
770.01,0.4,164.76,605.26,2,1
1012.02,1.0,188.43,823.59,5,1
1337.23,1.0,543.89,793.33,5,1
930.49,0.4,302.54,627.95,2,1
1152.74,0.8,399.41,753.33,4,1
900.86,0.4,310.73,590.13,2,0
734.69,0.2,177.0,557.69,1,1
594.84,0.2,59.84,535.0,1,1
837.94,0.6,154.86,683.08,3,1
1082.15,0.6,383.95,698.21,3,1
647.33,0.2,119.89,527.44,1,1
1263.29,0.8,411.62,851.67,4,1
675.02,0.2,132.46,542.56,1,0
971.14,0.6,242.68,728.46,3,1
691.24,0.2,148.68,542.56,1,0
696.7,0.2,146.57,550.13,1,1
814.07,0.2,248.81,565.26,1,1
700.84,0.4,140.97,559.87,2,1
1236.13,0.8,513.05,723.08,4,1
541.19,0.0,99.14,442.05,0,1
1646.38,0.8,946.0,700.38,4,1
1009.73,0.4,366.65,643.08,2,1
677.08,0.2,142.08,535.0,1,0
1496.31,1.2,549.51,946.79,6,1
674.31,0.2,109.05,565.26,1,1
536.02,0.0,93.97,442.05,0,0
629.5,0.2,71.81,557.69,1,0
701.02,0.4,103.32,597.69,2,1
705.26,0.2,147.57,557.69,1,1
974.44,0.6,261.11,713.33,3,1
883.77,0.4,270.95,612.82,2,1
1522.12,1.0,743.92,778.21,5,1
1182.95,0.6,462.05,720.9,3,1
676.81,0.2,149.38,527.44,1,1
1214.76,0.8,385.78,828.97,4,1
1313.19,0.6,637.68,675.51,3,1
902.54,0.4,267.03,635.51,2,1
1384.2,1.2,490.35,893.85,6,1
750.91,0.2,193.22,557.69,1,1
697.54,0.2,170.11,527.44,1,1
672.19,0.2,137.19,535.0,1,0
627.53,0.2,69.84,557.69,1,1
672.88,0.4,67.62,605.26,2,1
728.54,0.2,201.11,527.44,1,1
630.42,0.2,125.68,504.74,1,1
768.78,0.2,218.65,550.13,1,0
711.1,0.2,153.41,557.69,1,0
565.2,0.0,100.46,464.74,0,1
1502.9,1.0,596.11,906.79,5,1
1709.7,1.6,592.14,1117.56,8,1
642.31,0.2,84.62,557.69,1,0
976.12,0.8,230.35,745.77,4,1
559.5,0.0,102.32,457.18,0,1
1134.14,0.4,574.27,559.87,2,1
703.42,0.0,238.68,464.74,0,0
754.31,0.2,257.14,497.18,1,1
675.14,0.2,147.7,527.44,1,1
1475.55,1.0,614.14,861.41,5,1
582.5,0.0,110.19,472.31,0,1
724.37,0.2,166.68,557.69,1,0
2178.9,1.4,1237.49,941.41,7,1
971.52,0.6,258.19,713.33,3,1
1103.24,0.6,473.11,630.13,3,1
1292.75,0.8,562.11,730.64,4,1
649.8,0.2,92.11,557.69,1,0
961.28,0.8,147.43,813.85,4,1
1411.76,1.2,457.41,954.36,6,1
537.45,0.0,87.84,449.62,0,0
2227.04,1.8,1114.86,1112.18,9,1
964.08,0.6,228.05,736.03,3,1
543.39,0.0,78.65,464.74,0,0
603.34,0.0,138.59,464.74,0,0
515.28,0.0,95.92,419.36,0,0
723.67,0.2,181.11,542.56,1,0
511.36,0.0,92.0,419.36,0,0
757.29,0.4,167.16,590.13,2,1
931.36,0.6,218.03,713.33,3,1
580.42,0.0,115.68,464.74,0,0
1302.46,1.2,340.54,961.92,6,1
761.79,0.2,181.41,580.38,1,0
525.99,0.0,68.81,457.18,0,1
858.67,0.6,168.03,690.64,3,0
519.49,0.0,85.0,434.49,0,1
445.2,0.0,33.41,411.79,0,1
497.54,0.0,70.62,426.92,0,1
680.83,0.2,138.27,542.56,1,1
1186.95,0.8,365.54,821.41,4,0
993.64,0.6,295.43,698.21,3,1
670.86,0.2,120.73,550.13,1,0
2293.61,1.6,1274.38,1019.23,8,1
980.15,0.4,321.95,658.21,2,1
1175.78,0.8,392.19,783.59,4,1
948.4,0.6,212.38,736.03,3,1
638.32,0.2,103.32,535.0,1,1
903.26,0.8,104.54,798.72,4,1
1048.63,0.4,481.19,567.44,2,1
1017.34,0.6,311.57,705.77,3,1
733.52,0.6,73.14,660.38,3,1
549.53,0.0,92.35,457.18,0,0
810.28,0.2,290.41,519.87,1,1
663.39,0.2,98.14,565.26,1,0
897.48,0.6,199.27,698.21,3,1
578.76,0.0,144.27,434.49,0,1
1322.35,1.0,498.76,823.59,5,1
763.39,0.2,198.14,565.26,1,0
640.53,0.0,190.92,449.62,0,1
927.99,0.6,169.27,758.72,3,1
1002.7,0.8,166.16,836.54,4,1
703.47,0.2,191.16,512.31,1,0
441.9,0.0,30.11,411.79,0,1
627.96,0.2,130.78,497.18,1,1
1185.49,0.8,364.08,821.41,4,1
578.13,0.0,136.08,442.05,0,1
752.7,0.2,210.14,542.56,1,0
565.13,0.2,67.95,497.18,1,0
936.52,0.6,223.19,713.33,3,1
942.67,0.6,252.03,690.64,3,1
725.65,0.4,143.08,582.56,2,1
1127.33,0.6,398.86,728.46,3,1
1295.38,0.8,579.86,715.51,4,1
585.55,0.0,113.24,472.31,0,1
591.76,0.0,111.89,479.87,0,0
802.61,0.2,244.92,557.69,1,0
1650.7,0.8,920.05,730.64,4,1
1435.31,1.0,581.46,853.85,5,1
793.23,0.2,227.97,565.26,1,1
824.51,0.2,289.51,535.0,1,1
1051.34,0.8,245.05,806.28,4,1
659.45,0.2,109.32,550.13,1,1
605.76,0.2,78.32,527.44,1,1
1040.15,0.4,434.89,605.26,2,1
702.61,0.4,104.92,597.69,2,1
1482.91,1.4,511.24,971.67,7,1
673.09,0.2,107.84,565.26,1,0
450.42,0.0,38.62,411.79,0,1
544.31,0.0,87.14,457.18,0,0
1465.54,1.6,355.54,1110.0,8,1
690.73,0.2,163.3,527.44,1,0
467.07,0.0,62.84,404.23,0,1
1680.94,1.0,849.78,831.15,5,1
1460.5,0.8,714.73,745.77,4,1
998.72,0.6,300.51,698.21,3,1
562.63,0.0,90.32,472.31,0,0
582.61,0.2,85.43,497.18,1,0
1561.57,0.8,793.11,768.46,4,1
974.36,0.8,221.03,753.33,4,1
652.35,0.2,117.35,535.0,1,1
923.01,0.6,202.11,720.9,3,1
1000.76,0.6,340.38,660.38,3,1
643.31,0.4,45.62,597.69,2,1
781.77,0.2,216.51,565.26,1,0
541.45,0.0,91.84,449.62,0,1
1172.07,1.2,225.27,946.79,6,1
553.02,0.0,95.84,457.18,0,1
1508.35,1.2,584.24,924.1,6,1
1581.53,1.4,609.86,971.67,7,1
936.5,0.4,331.24,605.26,2,1
962.03,0.6,241.14,720.9,3,0
1012.63,0.6,352.24,660.38,3,1
1190.96,0.8,452.76,738.21,4,1
563.93,0.0,144.57,419.36,0,0
572.31,0.0,115.14,457.18,0,1
696.3,0.2,168.86,527.44,1,1
683.18,0.0,233.57,449.62,0,1
661.85,0.2,104.16,557.69,1,1
1079.4,0.4,496.84,582.56,2,1
793.78,0.4,158.27,635.51,2,1
658.94,0.4,68.81,590.13,2,1
940.04,0.4,281.84,658.21,2,0
665.21,0.2,122.65,542.56,1,1
958.02,0.4,367.89,590.13,2,1
873.55,0.6,220.73,652.82,3,1
1115.95,0.8,347.49,768.46,4,1
1097.09,0.8,290.81,806.28,4,1
686.78,0.2,144.22,542.56,1,1
665.37,0.4,75.24,590.13,2,1
818.59,0.4,183.08,635.51,2,1
734.51,0.6,111.95,622.56,3,1
603.88,0.2,99.14,504.74,1,1
687.69,0.4,90.0,597.69,2,1
858.7,0.6,168.05,690.64,3,1
756.1,0.4,113.03,643.08,2,1
665.49,0.2,138.05,527.44,1,0
498.74,0.0,86.95,411.79,0,1
798.14,0.6,130.19,667.95,3,1
663.69,0.2,98.43,565.26,1,0
782.84,0.2,247.84,535.0,1,1
943.57,0.6,222.68,720.9,3,1
770.93,0.6,72.73,698.21,3,1
470.07,0.0,65.84,404.23,0,1
1474.74,0.8,721.41,753.33,4,1
550.53,0.0,93.35,457.18,0,0
1376.09,0.8,615.19,760.9,4,1
720.32,0.0,270.7,449.62,0,1
474.18,0.0,69.95,404.23,0,1
