"Total_Cost","Ratio_Reloc_Prod","Horiz_Cost","Vert_Cost","nReloc","non_Optimal"
256805.91,0.4633,63426.08,193379.61,695,300
841.1,0.6,97.51,743.59,3,1
564.15,0.0,91.84,472.31,0,1
622.19,0.0,119.62,502.56,0,1
714.63,0.2,149.38,565.26,1,1
522.24,0.0,87.76,434.49,0,1
769.57,0.6,94.05,675.51,3,1
683.04,0.4,70.22,612.82,2,1
538.09,0.0,73.35,464.74,0,1
1026.09,1.0,179.81,846.28,5,1
742.63,0.4,122.24,620.38,2,1
829.22,0.6,108.32,720.9,3,1
840.71,0.6,127.38,713.33,3,1
719.08,0.4,76.0,643.08,2,1
894.37,0.6,150.78,743.59,3,1
1206.41,1.4,151.54,1054.87,7,1
634.44,0.2,61.62,572.82,1,1
536.74,0.0,72.0,464.74,0,1
758.57,0.4,138.19,620.38,2,1
916.67,0.8,125.51,791.15,4,1
540.94,0.0,91.32,449.62,0,1
608.5,0.0,143.76,464.74,0,1
1471.88,0.8,665.59,806.28,4,1
961.38,0.6,285.86,675.51,3,1
1393.48,1.0,516.95,876.54,5,1
942.3,0.6,281.92,660.38,3,1
1250.49,1.0,381.51,868.97,5,1
840.14,0.4,227.32,612.82,2,1
846.82,0.8,101.05,745.77,4,1
603.72,0.0,138.97,464.74,0,1
688.23,0.2,130.54,557.69,1,1
664.73,0.2,129.73,535.0,1,1
669.59,0.2,119.46,550.13,1,1
786.31,0.2,221.05,565.26,1,1
887.91,0.4,229.7,658.21,2,1
984.49,0.8,208.46,776.03,4,1
868.79,0.6,215.97,652.82,3,1
738.87,0.4,110.92,627.95,2,1
488.7,0.0,54.22,434.49,0,1
645.1,0.2,102.54,542.56,1,1
690.75,0.2,133.05,557.69,1,1
530.6,0.0,96.11,434.49,0,1
1796.93,1.6,641.54,1155.38,8,1
837.89,0.2,295.32,542.56,1,1
577.78,0.2,35.22,542.56,1,1
746.41,0.4,118.46,627.95,2,1
518.7,0.0,76.65,442.05,0,1
620.84,0.4,53.41,567.44,2,1
1158.65,1.0,282.11,876.54,5,1
755.36,0.2,190.11,565.26,1,1
866.65,0.4,238.7,627.95,2,1
739.84,0.4,119.46,620.38,2,1
722.22,0.4,101.84,620.38,2,1
713.36,0.4,100.54,612.82,2,1
823.87,0.6,95.41,728.46,3,1
753.39,0.4,140.57,612.82,2,1
945.19,0.4,309.68,635.51,2,1
682.78,0.2,147.78,535.0,1,1
656.61,0.4,58.92,597.69,2,1
1039.9,1.0,186.05,853.85,5,1
443.2,0.0,31.41,411.79,0,1
1099.54,0.8,323.51,776.03,4,1
1490.16,1.0,606.05,884.1,5,1
888.06,0.4,260.11,627.95,2,1
1434.29,0.8,643.14,791.15,4,1
939.77,0.6,234.0,705.77,3,1
759.8,0.2,202.11,557.69,1,1
1318.82,1.2,364.46,954.36,6,1
842.1,0.2,344.92,497.18,1,1
556.32,0.0,114.27,442.05,0,1
616.5,0.2,111.76,504.74,1,1
866.71,0.4,238.76,627.95,2,1
611.0,0.2,76.0,535.0,1,1
615.76,0.4,48.32,567.44,2,1
849.54,0.4,214.03,635.51,2,1
642.17,0.2,129.86,512.31,1,1
1133.98,0.8,380.65,753.33,4,1
775.23,0.4,177.54,597.69,2,1
834.16,0.6,166.22,667.95,3,1
852.96,0.4,187.19,665.77,2,1
985.74,0.8,224.84,760.9,4,1
1212.12,0.6,445.84,766.28,3,1
872.89,0.6,136.86,736.03,3,1
932.59,0.6,189.0,743.59,3,1
890.63,0.6,177.3,713.33,3,1
764.99,0.4,99.22,665.77,2,1
547.24,0.0,97.62,449.62,0,1
1221.11,0.6,485.08,736.03,3,1
1160.36,0.8,354.08,806.28,4,1
548.97,0.0,99.35,449.62,0,1
1071.49,0.6,335.46,736.03,3,1
1404.69,1.0,497.89,906.79,5,1
1083.09,0.8,276.81,806.28,4,1
749.65,0.2,207.08,542.56,1,1
672.38,0.2,137.38,535.0,1,1
642.56,0.2,100.0,542.56,1,1
865.76,0.6,197.81,667.95,3,1
554.31,0.0,97.14,457.18,0,1
875.94,0.6,185.3,690.64,3,1
1588.08,1.2,618.59,969.49,6,1
888.16,0.4,260.22,627.95,2,1
1093.6,1.0,232.19,861.41,5,1
1135.69,0.8,344.54,791.15,4,1
479.9,0.0,60.54,419.36,0,1
1099.23,1.0,260.51,838.72,5,1
615.99,0.2,111.24,504.74,1,1
609.0,0.2,74.0,535.0,1,1
1028.33,0.6,307.43,720.9,3,1
719.57,0.2,199.7,519.87,1,1
895.35,0.6,151.76,743.59,3,1
630.12,0.2,110.24,519.87,1,1
915.84,0.4,295.46,620.38,2,1
702.06,0.4,89.24,612.82,2,1
649.44,0.4,82.0,567.44,2,1
454.2,0.0,42.41,411.79,0,1
707.17,0.2,179.73,527.44,1,1
659.73,0.2,117.16,542.56,1,1
455.9,0.0,44.11,411.79,0,1
474.17,0.0,54.81,419.36,0,1
1022.69,0.8,216.41,806.28,4,1
558.28,0.0,93.54,464.74,0,1
1047.46,0.6,364.38,683.08,3,1
626.71,0.2,106.84,519.87,1,1
1049.66,0.8,296.32,753.33,4,1
465.9,0.0,54.11,411.79,0,1
665.59,0.2,130.59,535.0,1,1
939.85,0.4,342.16,597.69,2,1
962.6,0.4,334.65,627.95,2,1
1357.62,1.2,373.0,984.62,6,1
1023.93,0.6,310.59,713.33,3,1
1246.26,0.8,447.54,798.72,4,1
1457.85,1.2,511.05,946.79,6,1
1215.77,0.8,409.49,806.28,4,1
484.17,0.0,64.81,419.36,0,1
591.44,0.2,79.14,512.31,1,1
1433.9,1.0,580.05,853.85,5,1
1372.06,1.0,518.22,853.85,5,1
1125.86,0.8,342.27,783.59,4,1
437.2,0.0,25.41,411.79,0,1
835.95,0.4,208.0,627.95,2,1
1168.21,0.8,377.05,791.15,4,1
618.11,0.0,183.62,434.49,0,1
447.5,0.0,35.7,411.79,0,1
476.06,0.0,49.14,426.92,0,1
1173.29,0.8,382.14,791.15,4,1
885.76,0.4,257.81,627.95,2,1
1444.09,1.2,497.3,946.79,6,1
883.25,0.4,255.3,627.95,2,1
665.31,0.2,168.14,497.18,1,1
789.32,0.2,239.19,550.13,1,1
1204.28,0.8,398.0,806.28,4,1
891.01,0.6,185.24,705.77,3,1
844.73,0.6,176.78,667.95,3,1
948.81,0.6,205.22,743.59,3,1
1045.74,0.8,239.46,806.28,4,1
716.48,0.2,158.78,557.69,1,1
732.06,0.2,204.62,527.44,1,1
868.42,0.6,215.59,652.82,3,1
1243.22,1.2,341.81,901.41,6,1
702.33,0.4,89.51,612.82,2,1
953.12,0.6,247.35,705.77,3,1
1378.73,0.8,557.32,821.41,4,1
963.62,0.6,280.54,683.08,3,1
696.41,0.2,168.97,527.44,1,1
690.94,0.2,133.24,557.69,1,1
1225.06,1.0,356.08,868.97,5,1
611.88,0.0,154.7,457.18,0,1
1057.63,0.6,336.73,720.9,3,1
1315.36,1.0,453.95,861.41,5,1
1649.74,1.2,634.86,1014.87,6,1
1009.82,0.6,288.92,720.9,3,1
1068.73,0.8,292.7,776.03,4,1
1123.89,0.8,294.92,828.97,4,1
875.54,0.4,240.03,635.51,2,1
1095.35,0.8,311.76,783.59,4,1
1439.15,1.2,446.97,992.18,6,1
733.7,0.4,143.57,590.13,2,1
759.08,0.6,91.14,667.95,3,1
633.06,0.4,65.62,567.44,2,1
971.06,0.6,242.59,728.46,3,1
1200.52,0.8,432.05,768.46,4,1
809.98,0.4,136.65,673.33,2,1
877.24,0.4,241.73,635.51,2,1
1348.7,1.0,464.59,884.1,5,1
542.58,0.0,77.84,464.74,0,1
1024.25,0.4,403.86,620.38,2,1
531.18,0.2,34.0,497.18,1,1
740.09,0.4,134.84,605.26,2,1
1070.15,1.0,239.0,831.15,5,1
643.75,0.2,93.62,550.13,1,1
741.35,0.2,198.78,542.56,1,1
681.54,0.2,138.97,542.56,1,1
1133.92,0.8,304.95,828.97,4,1
997.63,0.6,284.3,713.33,3,1
1022.07,0.8,215.78,806.28,4,1
791.36,0.4,186.11,605.26,2,1
767.46,0.2,224.89,542.56,1,1
845.55,0.6,124.65,720.9,3,1
596.78,0.2,54.22,542.56,1,1
1069.99,0.8,278.84,791.15,4,1
675.79,0.2,163.49,512.31,1,1
989.61,0.8,190.89,798.72,4,1
836.37,0.4,193.3,643.08,2,1
706.58,0.2,148.89,557.69,1,1
827.85,0.4,169.65,658.21,2,1
552.75,0.0,103.14,449.62,0,1
1153.79,0.8,339.95,813.85,4,1
947.1,0.6,256.46,690.64,3,1
966.36,0.8,205.46,760.9,4,1
646.08,0.2,103.51,542.56,1,1
721.21,0.2,178.65,542.56,1,1
635.42,0.2,130.68,504.74,1,1
904.96,0.8,159.19,745.77,4,1
1092.15,0.6,386.38,705.77,3,1
635.9,0.2,108.46,527.44,1,1
774.11,0.4,146.16,627.95,2,1
690.72,0.2,140.59,550.13,1,1
540.09,0.0,113.16,426.92,0,1
705.42,0.4,107.73,597.69,2,1
709.88,0.4,119.76,590.13,2,1
601.17,0.2,73.73,527.44,1,1
1140.08,0.8,364.05,776.03,4,1
636.72,0.2,79.03,557.69,1,1
1417.31,1.4,430.51,986.79,7,1
693.37,0.2,135.68,557.69,1,1
558.27,0.0,131.35,426.92,0,1
438.61,0.0,26.81,411.79,0,1
645.1,0.2,102.54,542.56,1,1
447.9,0.0,36.11,411.79,0,1
954.04,0.4,295.84,658.21,2,1
967.36,0.6,254.03,713.33,3,1
1184.32,0.8,393.16,791.15,4,1
775.38,0.4,147.43,627.95,2,1
637.81,0.2,95.24,542.56,1,1
923.67,0.6,187.65,736.03,3,1
457.98,0.0,38.62,419.36,0,1
670.5,0.4,65.24,605.26,2,1
753.96,0.4,156.27,597.69,2,1
1206.31,1.0,299.51,906.79,5,1
1445.73,1.2,468.68,977.05,6,1
935.67,0.6,245.03,690.64,3,1
887.91,0.6,197.27,690.64,3,1
1032.08,0.8,263.62,768.46,4,1
736.56,0.4,154.0,582.56,2,1
1097.99,0.6,392.22,705.77,3,1
814.64,0.6,116.43,698.21,3,1
814.55,0.4,194.16,620.38,2,1
637.77,0.2,125.46,512.31,1,1
1025.82,0.6,304.92,720.9,3,1
1113.94,0.6,423.3,690.64,3,1
860.24,0.4,209.59,650.64,2,1
1255.33,1.2,293.41,961.92,6,1
868.78,0.4,218.14,650.64,2,1
748.26,0.2,183.0,565.26,1,1
925.72,0.6,227.51,698.21,3,1
1041.62,0.6,358.54,683.08,3,1
501.14,0.0,74.22,426.92,0,1
818.65,0.4,190.7,627.95,2,1
776.06,0.4,155.68,620.38,2,1
1300.85,1.0,447.0,853.85,5,1
1163.39,0.8,349.54,813.85,4,1
446.79,0.0,35.0,411.79,0,1
761.19,0.4,193.76,567.44,2,1
763.14,0.4,150.32,612.82,2,1
1573.78,1.2,589.16,984.62,6,1
682.08,0.2,147.08,535.0,1,1
853.52,0.4,233.14,620.38,2,1
660.66,0.4,55.41,605.26,2,1
627.0,0.2,92.0,535.0,1,1
912.86,0.2,370.3,542.56,1,1
546.99,0.2,49.81,497.18,1,1
458.47,0.0,39.11,419.36,0,1
586.76,0.0,152.27,434.49,0,1
759.9,0.4,147.08,612.82,2,1
1301.87,1.0,493.41,808.46,5,1
738.06,0.6,85.24,652.82,3,1
835.83,0.4,185.19,650.64,2,1
1081.43,0.4,506.43,575.0,2,1
1007.31,0.8,208.59,798.72,4,1
722.38,0.4,94.43,627.95,2,1
512.68,0.0,85.76,426.92,0,1
868.82,0.6,155.49,713.33,3,1
489.58,0.0,70.22,419.36,0,1
722.54,0.2,179.97,542.56,1,1
574.77,0.2,70.03,504.74,1,1
560.47,0.0,95.73,464.74,0,1
851.25,0.4,238.43,612.82,2,1
637.02,0.0,179.84,457.18,0,1
906.38,0.6,238.43,667.95,3,1
863.89,0.6,188.38,675.51,3,1
860.94,0.4,210.3,650.64,2,1
1065.01,0.6,298.73,766.28,3,1
1466.85,1.2,512.49,954.36,6,1
838.84,0.4,210.89,627.95,2,1
1580.9,1.4,533.59,1047.31,7,1
522.07,0.0,57.32,464.74,0,1
546.19,0.2,64.14,482.05,1,1
1005.41,0.6,284.51,720.9,3,1
769.48,0.2,211.78,557.69,1,1
566.48,0.0,116.86,449.62,0,1
446.79,0.0,35.0,411.79,0,1
