"Total_Cost","Ratio_Reloc_Prod","Horiz_Cost","Vert_Cost","nReloc","non_Optimal"
224169.22,0.4547,32981.06,191188.05,682,250
645.09,0.0,64.7,580.38,0,1
833.37,0.3333,82.22,751.15,2,1
750.91,0.1667,107.84,643.08,1,1
851.1,0.3333,152.89,698.21,2,1
886.24,0.5,102.65,783.59,3,1
1049.37,0.8333,110.14,939.23,5,1
793.66,0.3333,80.32,713.33,2,1
1052.8,0.6667,153.57,899.23,4,1
1072.7,0.8333,156.16,916.54,5,1
851.81,0.3333,123.35,728.46,2,1
896.22,0.3333,175.32,720.9,2,1
1219.16,1.0,149.16,1070.0,6,1
888.4,0.3333,152.38,736.03,2,1
896.61,0.5,90.32,806.28,3,1
731.4,0.1667,88.32,643.08,1,1
774.18,0.3333,83.54,690.64,2,1
1178.78,1.0,154.16,1024.62,6,1
842.79,0.3333,182.41,660.38,2,1
873.05,0.3333,129.46,743.59,2,1
891.99,0.5,100.84,791.15,3,1
953.23,0.5,154.51,798.72,3,1
894.06,0.5,80.22,813.85,3,1
928.02,0.3333,169.3,758.72,2,1
581.0,0.0,46.0,535.0,0,1
895.32,0.3333,144.16,751.15,2,1
720.48,0.1667,69.84,650.64,1,1
840.43,0.3333,111.97,728.46,2,1
979.59,0.5,188.43,791.15,3,1
913.79,0.3333,185.32,728.46,2,1
905.1,0.5,113.95,791.15,3,1
590.3,0.0,70.43,519.87,0,1
725.28,0.1667,112.46,612.82,1,1
980.22,0.5,166.38,813.85,3,1
905.8,0.5,99.51,806.28,3,1
695.26,0.0,137.57,557.69,0,1
800.76,0.3333,140.38,660.38,2,1
866.76,0.1667,231.24,635.51,1,1
1215.55,0.8333,261.19,954.36,5,1
1509.02,1.3333,283.38,1225.64,8,1
957.54,0.3333,213.95,743.59,2,1
639.69,0.0,74.43,565.26,0,1
994.92,0.5,158.38,836.54,3,1
854.24,0.3333,118.22,736.03,2,1
837.41,0.3333,108.95,728.46,2,1
1024.62,0.8333,100.51,924.1,5,1
905.29,0.3333,146.57,758.72,2,1
927.49,0.6667,58.51,868.97,4,1
1027.3,0.6667,165.89,861.41,4,1
1097.99,0.8333,173.89,924.1,5,1
674.49,0.1667,54.11,620.38,1,1
1082.77,0.6667,191.11,891.67,4,1
877.93,0.5,132.16,745.77,3,1
1259.4,1.1667,134.27,1125.13,7,1
789.2,0.1667,168.81,620.38,1,1
1026.28,0.5,159.49,866.79,3,1
871.45,0.3333,180.81,690.64,2,1
699.32,0.1667,63.81,635.51,1,1
695.29,0.1667,52.22,643.08,1,1
792.7,0.1667,157.19,635.51,1,1
974.55,0.6667,113.14,861.41,4,1
619.08,0.0,91.65,527.44,0,1
758.53,0.3333,60.32,698.21,2,1
932.61,0.5,141.46,791.15,3,1
591.44,0.0,79.14,512.31,0,1
600.11,0.0,65.11,535.0,0,1
556.15,0.0,51.41,504.74,0,1
706.44,0.1667,93.62,612.82,1,1
911.71,0.3333,190.81,720.9,2,1
813.29,0.1667,170.22,643.08,1,1
574.84,0.0,47.41,527.44,0,1
743.65,0.1667,123.27,620.38,1,1
958.2,0.5,144.35,813.85,3,1
752.38,0.1667,116.86,635.51,1,1
714.98,0.1667,102.16,612.82,1,1
775.58,0.3333,69.81,705.77,2,1
718.32,0.1667,82.81,635.51,1,1
877.49,0.3333,141.46,736.03,2,1
600.23,0.0,103.05,497.18,0,1
682.18,0.1667,92.05,590.13,1,1
1174.08,1.0,164.59,1009.49,6,1
1154.62,0.8333,170.0,984.62,5,1
897.36,0.5,83.51,813.85,3,1
1230.94,0.8333,238.76,992.18,5,1
1123.4,0.8333,191.73,931.67,5,1
952.29,0.5,168.7,783.59,3,1
748.98,0.1667,128.59,620.38,1,1
744.83,0.1667,101.76,643.08,1,1
724.41,0.1667,104.03,620.38,1,1
1060.1,0.6667,176.0,884.1,4,1
824.82,0.5,63.92,760.9,3,1
1166.25,1.0,171.89,994.36,6,1
719.03,0.1667,98.65,620.38,1,1
1068.12,0.6667,168.89,899.23,4,1
879.46,0.5,103.43,776.03,3,1
1010.21,0.5,219.05,791.15,3,1
1314.44,1.3333,119.05,1195.38,8,1
1274.25,0.8333,259.38,1014.87,5,1
623.89,0.0,81.32,542.56,0,1
821.69,0.1667,163.49,658.21,1,1
820.98,0.3333,107.65,713.33,2,1
977.57,0.5,156.16,821.41,3,1
726.86,0.1667,91.35,635.51,1,1
1054.23,0.8333,107.43,946.79,5,1
838.8,0.5,93.03,745.77,3,1
781.11,0.1667,145.59,635.51,1,1
1077.87,0.8333,168.89,908.97,5,1
1117.93,1.0,123.57,994.36,6,1
699.67,0.0,141.97,557.69,0,1
793.63,0.1667,127.86,665.77,1,1
829.84,0.1667,194.32,635.51,1,1
1130.64,0.8333,191.41,939.23,5,1
589.62,0.0,54.62,535.0,0,1
568.23,0.0,55.92,512.31,0,1
696.28,0.0,123.46,572.82,0,1
1078.45,0.8333,146.78,931.67,5,1
780.37,0.1667,122.16,658.21,1,1
572.66,0.0,67.92,504.74,0,1
693.94,0.0,151.38,542.56,0,1
1100.29,0.8333,123.24,977.05,5,1
828.89,0.3333,100.43,728.46,2,1
741.11,0.1667,113.16,627.95,1,1
831.66,0.5,78.32,753.33,3,1
1296.97,1.1667,179.41,1117.56,7,1
846.24,0.3333,155.59,690.64,2,1
1143.64,1.0,171.97,971.67,6,1
1138.64,0.6667,246.97,891.67,4,1
940.78,0.6667,124.76,816.03,4,1
729.49,0.1667,101.54,627.95,1,1
784.99,0.3333,94.35,690.64,2,1
726.79,0.1667,98.84,627.95,1,1
823.01,0.3333,102.11,720.9,2,1
1214.96,0.8333,283.3,931.67,5,1
793.15,0.3333,102.51,690.64,2,1
564.98,0.0,45.11,519.87,0,1
1020.48,0.6667,136.38,884.1,4,1
790.57,0.3333,115.05,675.51,2,1
1059.5,0.8333,120.27,939.23,5,1
843.33,0.5,82.43,760.9,3,1
1004.49,0.6667,143.08,861.41,4,1
932.21,0.5,156.19,776.03,3,1
834.1,0.3333,135.89,698.21,2,1
771.37,0.3333,80.73,690.64,2,1
1053.81,0.6667,177.27,876.54,4,1
898.86,0.5,115.27,783.59,3,1
1133.31,0.8333,186.51,946.79,5,1
546.71,0.0,34.41,512.31,0,1
744.91,0.1667,101.84,643.08,1,1
664.84,0.1667,104.97,559.87,1,1
737.51,0.3333,62.0,675.51,2,1
816.81,0.5,108.86,707.95,3,1
1061.86,0.6667,185.32,876.54,4,1
561.26,0.0,56.51,504.74,0,1
730.73,0.3333,55.22,675.51,2,1
558.98,0.0,39.11,519.87,0,1
818.66,0.3333,120.46,698.21,2,1
888.0,0.5,119.54,768.46,3,1
933.27,0.5,164.81,768.46,3,1
1622.96,1.6667,302.19,1320.77,10,1
1492.72,1.3333,251.95,1240.77,8,1
858.35,0.3333,114.76,743.59,2,1
878.3,0.3333,142.27,736.03,2,1
739.3,0.1667,111.35,627.95,1,1
1016.63,0.6667,162.78,853.85,4,1
978.74,0.6667,132.46,846.28,4,1
876.46,0.5,100.43,776.03,3,1
716.58,0.1667,103.76,612.82,1,1
721.95,0.1667,86.43,635.51,1,1
748.23,0.1667,90.03,658.21,1,1
731.05,0.1667,95.54,635.51,1,1
673.67,0.3333,51.11,622.56,2,1
735.28,0.1667,122.46,612.82,1,1
614.27,0.0,86.84,527.44,0,1
971.66,0.6667,117.81,853.85,4,1
1102.45,0.8333,170.78,931.67,5,1
961.75,0.5,170.59,791.15,3,1
837.94,0.3333,147.3,690.64,2,1
537.88,0.0,40.7,497.18,0,1
748.22,0.1667,120.27,627.95,1,1
632.17,0.0,119.86,512.31,0,1
1140.14,0.8333,185.78,954.36,5,1
1079.06,0.8333,185.22,893.85,5,1
802.27,0.1667,159.19,643.08,1,1
1224.13,1.0,199.51,1024.62,6,1
1052.12,0.8333,105.32,946.79,5,1
834.14,0.3333,113.24,720.9,2,1
1196.65,1.0,179.59,1017.05,6,1
1003.83,0.6667,119.73,884.1,4,1
1284.38,1.3333,141.95,1142.44,8,1
1051.26,0.6667,159.59,891.67,4,1
677.04,0.0,104.22,572.82,0,1
1189.84,1.0,172.78,1017.05,6,1
833.14,0.3333,112.24,720.9,2,1
1214.48,1.0,182.3,1032.18,6,1
1397.18,1.3333,216.92,1180.26,8,1
1126.63,0.8333,119.32,1007.31,5,1
1013.16,0.6667,144.19,868.97,4,1
1031.76,0.6667,162.78,868.97,4,1
1022.41,0.8333,113.43,908.97,5,1
641.1,0.0,98.54,542.56,0,1
968.63,0.5,154.78,813.85,3,1
702.18,0.1667,112.05,590.13,1,1
856.6,0.3333,143.27,713.33,2,1
715.34,0.1667,110.08,605.26,1,1
1072.25,0.8333,125.46,946.79,5,1
705.96,0.1667,93.14,612.82,1,1
1169.49,1.0,167.57,1001.92,6,1
1268.28,1.1667,180.97,1087.31,7,1
1053.56,0.6667,161.89,891.67,4,1
681.3,0.1667,60.92,620.38,1,1
912.74,0.5,106.46,806.28,3,1
1213.35,0.8333,228.73,984.62,5,1
825.89,0.1667,182.81,643.08,1,1
864.67,0.1667,214.03,650.64,1,1
787.43,0.3333,104.35,683.08,2,1
955.28,0.6667,101.43,853.85,4,1
935.35,0.5,166.89,768.46,3,1
963.93,0.5,165.22,798.72,3,1
941.46,0.5,173.0,768.46,3,1
912.86,0.5,129.27,783.59,3,1
902.58,0.5,103.86,798.72,3,1
848.28,0.5,94.95,753.33,3,1
671.47,0.1667,66.22,605.26,1,1
643.97,0.1667,61.41,582.56,1,1
637.14,0.0,102.14,535.0,0,1
761.63,0.3333,101.24,660.38,2,1
1110.26,0.8333,178.59,931.67,5,1
633.0,0.0,90.43,542.56,0,1
1250.07,1.0,210.32,1039.74,6,1
1068.39,0.6667,161.59,906.79,4,1
855.35,0.5,79.32,776.03,3,1
987.37,0.5,196.22,791.15,3,1
1139.99,0.8333,155.38,984.62,5,1
921.36,0.5,99.95,821.41,3,1
1101.07,0.8333,154.27,946.79,5,1
723.1,0.1667,80.03,643.08,1,1
848.52,0.3333,135.19,713.33,2,1
1173.92,1.0,156.86,1017.05,6,1
775.42,0.1667,124.78,650.64,1,1
1360.16,1.0,290.16,1070.0,6,1
873.0,0.3333,144.54,728.46,2,1
939.08,0.5,170.62,768.46,3,1
898.18,0.3333,139.46,758.72,2,1
1132.27,1.0,130.35,1001.92,6,1
919.68,0.3333,206.35,713.33,2,1
848.23,0.1667,190.03,658.21,1,1
812.86,0.3333,129.78,683.08,2,1
594.46,0.0,67.03,527.44,0,1
1098.36,0.8333,151.57,946.79,5,1
1044.18,0.6667,213.03,831.15,4,1
1048.35,0.8333,124.24,924.1,5,1
