"Total_Cost","Ratio_Reloc_Prod","Horiz_Cost","Vert_Cost","nReloc","non_Optimal"
250124.67,0.3867,62608.17,187516.63,580,300
622.61,0.2,64.92,557.69,1,1
916.27,0.6,187.81,728.46,3,1
780.39,0.4,107.05,673.33,2,1
736.2,0.2,163.38,572.82,1,1
863.62,0.4,220.54,643.08,2,1
997.31,0.8,198.59,798.72,4,1
525.3,0.0,45.43,479.87,0,1
1026.97,0.8,243.38,783.59,4,1
515.69,0.0,58.51,457.18,0,1
819.93,0.6,114.16,705.77,3,1
891.2,0.6,185.43,705.77,3,1
577.71,0.0,97.84,479.87,0,1
762.81,0.4,119.73,643.08,2,1
601.35,0.2,73.92,527.44,1,1
545.66,0.0,80.92,464.74,0,1
868.54,0.6,124.95,743.59,3,1
1106.96,1.0,215.3,891.67,5,1
754.62,0.4,111.54,643.08,2,1
620.97,0.2,78.41,542.56,1,1
783.08,0.4,147.57,635.51,2,1
1085.88,0.6,380.11,705.77,3,1
1089.04,0.8,282.76,806.28,4,1
660.77,0.2,95.51,565.26,1,1
576.01,0.0,111.27,464.74,0,1
849.87,0.4,221.92,627.95,2,1
1113.77,0.8,299.92,813.85,4,1
1318.38,1.0,396.46,921.92,5,1
681.02,0.2,138.46,542.56,1,1
597.13,0.0,147.51,449.62,0,1
1375.32,1.4,358.27,1017.05,7,1
1398.12,1.0,544.27,853.85,5,1
814.27,0.4,171.19,643.08,2,1
674.48,0.2,131.92,542.56,1,1
859.26,0.2,309.14,550.13,1,1
1212.42,0.6,514.22,698.21,3,1
699.12,0.2,141.43,557.69,1,1
809.4,0.2,266.84,542.56,1,1
858.16,0.6,190.22,667.95,3,1
1398.89,0.8,562.35,836.54,4,1
630.4,0.2,72.7,557.69,1,1
559.45,0.0,109.84,449.62,0,1
481.3,0.0,46.81,434.49,0,1
675.5,0.2,117.81,557.69,1,1
577.46,0.0,142.97,434.49,0,1
808.75,0.6,110.54,698.21,3,1
736.07,0.2,178.38,557.69,1,1
1638.63,1.0,716.7,921.92,5,1
571.03,0.0,136.54,434.49,0,1
888.24,0.6,197.59,690.64,3,1
1064.36,0.6,358.59,705.77,3,1
1362.89,1.0,478.78,884.1,5,1
635.77,0.0,178.59,457.18,0,1
846.81,0.4,203.73,643.08,2,1
976.38,0.4,340.86,635.51,2,1
1056.02,0.6,372.95,683.08,3,1
956.49,0.6,235.59,720.9,3,1
788.47,0.4,168.08,620.38,2,1
1289.23,1.0,397.57,891.67,5,1
814.14,0.4,186.19,627.95,2,1
898.85,0.2,333.59,565.26,1,1
624.67,0.2,82.11,542.56,1,1
989.94,0.2,439.81,550.13,1,1
694.56,0.2,136.86,557.69,1,1
607.67,0.0,158.05,449.62,0,1
1541.74,1.0,695.46,846.28,5,1
892.69,0.4,234.49,658.21,2,1
692.54,0.2,157.54,535.0,1,1
1637.94,1.2,645.76,992.18,6,1
790.76,0.4,155.24,635.51,2,1
1079.88,0.6,374.11,705.77,3,1
447.5,0.0,35.7,411.79,0,1
661.8,0.4,64.11,597.69,2,1
776.68,0.2,256.81,519.87,1,1
1394.24,1.2,417.19,977.05,6,1
1189.44,0.6,476.11,713.33,3,1
460.93,0.0,49.14,411.79,0,1
836.13,0.6,153.05,683.08,3,1
1183.58,0.8,377.3,806.28,4,1
943.81,0.4,300.73,643.08,2,1
545.83,0.0,88.65,457.18,0,1
824.91,0.4,227.22,597.69,2,1
798.5,0.2,240.81,557.69,1,1
1263.59,0.8,472.43,791.15,4,1
1334.71,1.2,319.84,1014.87,6,1
1081.78,0.6,330.62,751.15,3,1
924.45,0.6,180.86,743.59,3,1
567.13,0.0,109.95,457.18,0,1
441.9,0.0,30.11,411.79,0,1
483.75,0.0,41.7,442.05,0,1
842.87,0.6,129.54,713.33,3,1
888.85,0.6,190.65,698.21,3,1
741.04,0.2,183.35,557.69,1,1
904.68,0.4,276.73,627.95,2,1
829.22,0.4,193.7,635.51,2,1
852.9,0.4,232.51,620.38,2,1
1083.4,0.8,299.81,783.59,4,1
730.97,0.4,95.46,635.51,2,1
579.54,0.0,145.05,434.49,0,1
1334.29,0.8,543.14,791.15,4,1
658.19,0.4,90.76,567.44,2,1
1501.81,1.2,532.32,969.49,6,1
772.15,0.2,206.89,565.26,1,1
628.69,0.2,123.95,504.74,1,1
900.3,0.6,164.27,736.03,3,1
913.44,0.6,200.11,713.33,3,1
1148.52,1.0,226.59,921.92,5,1
510.4,0.0,53.22,457.18,0,1
494.6,0.0,60.11,434.49,0,1
921.34,0.4,263.14,658.21,2,1
444.01,0.0,32.22,411.79,0,1
485.65,0.0,58.73,426.92,0,1
882.27,0.6,199.19,683.08,3,1
528.26,0.0,78.65,449.62,0,1
757.64,0.4,99.43,658.21,2,1
992.56,0.6,301.92,690.64,3,1
627.54,0.2,92.54,535.0,1,1
892.87,0.4,264.92,627.95,2,1
1395.96,0.8,589.68,806.28,4,1
1102.13,0.8,265.59,836.54,4,1
766.04,0.2,208.35,557.69,1,1
885.1,0.4,242.03,643.08,2,1
832.81,0.2,290.24,542.56,1,1
1179.08,0.8,350.11,828.97,4,1
803.5,0.4,145.3,658.21,2,1
699.82,0.2,134.57,565.26,1,1
754.84,0.4,134.46,620.38,2,1
911.34,0.6,160.19,751.15,3,1
1458.68,1.4,388.68,1070.0,7,1
1132.43,0.8,303.46,828.97,4,1
962.44,0.6,241.54,720.9,3,1
886.62,0.6,143.03,743.59,3,1
532.1,0.0,74.92,457.18,0,1
602.98,0.0,130.68,472.31,0,1
704.69,0.4,99.43,605.26,2,1
1073.34,0.6,382.7,690.64,3,1
909.04,0.4,296.22,612.82,2,1
949.79,0.6,281.84,667.95,3,1
672.7,0.2,130.14,542.56,1,1
966.21,0.6,222.62,743.59,3,1
1034.19,0.6,298.16,736.03,3,1
872.55,0.4,259.73,612.82,2,1
976.32,0.6,240.3,736.03,3,1
1023.24,0.6,332.59,690.64,3,1
569.28,0.0,104.54,464.74,0,1
1176.53,0.8,332.43,844.1,4,1
1239.53,1.0,355.43,884.1,5,1
550.91,0.0,93.73,457.18,0,1
984.23,0.4,318.46,665.77,2,1
1124.55,0.8,303.14,821.41,4,1
880.29,0.4,237.22,643.08,2,1
580.91,0.0,131.3,449.62,0,1
457.36,0.0,38.0,419.36,0,1
823.18,0.4,164.97,658.21,2,1
1170.8,0.8,319.14,851.67,4,1
536.18,0.0,71.43,464.74,0,1
601.17,0.2,73.73,527.44,1,1
929.34,0.4,271.14,658.21,2,1
568.31,0.0,111.14,457.18,0,1
549.84,0.0,115.35,434.49,0,1
552.2,0.0,87.46,464.74,0,1
555.18,0.0,105.57,449.62,0,1
904.89,0.4,276.95,627.95,2,1
970.02,0.6,211.3,758.72,3,1
1170.76,0.6,502.81,667.95,3,1
689.61,0.2,139.49,550.13,1,1
637.39,0.2,72.14,565.26,1,1
1076.11,0.6,347.65,728.46,3,1
768.66,0.2,195.84,572.82,1,1
919.98,0.6,199.08,720.9,3,1
756.39,0.4,90.62,665.77,2,1
1090.98,0.6,370.08,720.9,3,1
868.19,0.4,225.11,643.08,2,1
618.58,0.0,161.41,457.18,0,1
1125.85,0.6,420.08,705.77,3,1
921.86,0.6,170.7,751.15,3,1
830.61,0.4,179.97,650.64,2,1
567.09,0.0,102.35,464.74,0,1
1291.5,0.8,485.22,806.28,4,1
566.2,0.0,101.46,464.74,0,1
524.0,0.0,89.51,434.49,0,1
1263.07,0.8,456.78,806.28,4,1
762.63,0.2,235.19,527.44,1,1
713.16,0.2,178.16,535.0,1,1
746.23,0.4,148.54,597.69,2,1
916.71,0.6,203.38,713.33,3,1
795.72,0.2,230.46,565.26,1,1
696.39,0.4,91.14,605.26,2,1
826.21,0.6,135.57,690.64,3,1
678.67,0.2,120.97,557.69,1,1
1503.7,1.0,619.59,884.1,5,1
915.46,0.4,272.38,643.08,2,1
672.35,0.2,129.78,542.56,1,1
606.02,0.0,156.41,449.62,0,1
1055.15,0.6,356.95,698.21,3,1
738.77,0.2,181.08,557.69,1,1
607.74,0.0,143.0,464.74,0,1
939.67,0.6,196.08,743.59,3,1
967.34,0.6,269.14,698.21,3,1
670.26,0.2,120.14,550.13,1,1
679.8,0.2,114.54,565.26,1,1
599.91,0.0,150.3,449.62,0,1
736.23,0.2,170.97,565.26,1,1
571.62,0.0,122.0,449.62,0,1
780.22,0.4,144.7,635.51,2,1
938.82,0.4,273.05,665.77,2,1
964.62,0.6,221.03,743.59,3,1
801.47,0.2,236.22,565.26,1,1
1089.44,0.8,275.59,813.85,4,1
973.12,0.4,307.35,665.77,2,1
842.72,0.2,285.03,557.69,1,1
1009.51,0.6,318.86,690.64,3,1
713.77,0.4,100.95,612.82,2,1
517.03,0.0,82.54,434.49,0,1
687.28,0.2,114.46,572.82,1,1
709.07,0.0,251.89,457.18,0,1
726.12,0.2,168.43,557.69,1,1
513.4,0.0,71.35,442.05,0,1
670.34,0.2,112.65,557.69,1,1
677.37,0.2,119.68,557.69,1,1
780.45,0.4,122.24,658.21,2,1
477.04,0.0,65.24,411.79,0,1
1194.13,0.6,458.11,736.03,3,1
715.24,0.2,165.11,550.13,1,1
603.18,0.0,146.0,457.18,0,1
1086.05,0.6,350.03,736.03,3,1
577.7,0.2,42.7,535.0,1,1
1189.48,0.6,498.84,690.64,3,1
874.48,0.2,324.35,550.13,1,1
1418.37,0.8,634.78,783.59,4,1
1045.04,0.6,331.7,713.33,3,1
817.43,0.4,174.35,643.08,2,1
492.49,0.0,58.0,434.49,0,1
753.53,0.2,195.84,557.69,1,1
1005.3,0.4,377.35,627.95,2,1
857.46,0.6,121.43,736.03,3,1
1108.96,0.6,350.24,758.72,3,1
991.49,0.6,263.03,728.46,3,1
852.18,0.4,193.97,658.21,2,1
537.95,0.0,103.46,434.49,0,1
437.2,0.0,25.41,411.79,0,1
478.65,0.0,51.73,426.92,0,1
500.1,0.0,42.92,457.18,0,1
770.75,0.2,220.62,550.13,1,1
659.27,0.2,124.27,535.0,1,1
1253.85,0.8,440.0,813.85,4,1
497.49,0.0,63.0,434.49,0,1
1025.31,0.8,226.59,798.72,4,1
497.27,0.0,55.22,442.05,0,1
987.3,0.6,258.84,728.46,3,1
960.7,0.4,310.05,650.64,2,1
963.51,0.6,219.92,743.59,3,1
905.52,0.6,192.19,713.33,3,1
1060.71,0.8,239.3,821.41,4,1
807.81,0.4,172.3,635.51,2,1
633.03,0.2,98.03,535.0,1,1
667.85,0.2,110.16,557.69,1,1
659.94,0.0,202.76,457.18,0,1
627.48,0.2,84.92,542.56,1,1
812.07,0.4,153.86,658.21,2,1
1012.94,0.8,236.92,776.03,4,1
710.37,0.2,152.68,557.69,1,1
676.95,0.2,141.95,535.0,1,1
1310.84,1.0,449.43,861.41,5,1
1149.22,0.8,327.81,821.41,4,1
820.6,0.4,192.65,627.95,2,1
677.86,0.2,142.86,535.0,1,1
495.62,0.0,61.14,434.49,0,1
689.85,0.2,132.16,557.69,1,1
712.49,0.4,84.54,627.95,2,1
574.37,0.0,117.19,457.18,0,1
914.07,0.4,248.3,665.77,2,1
1350.66,0.8,536.81,813.85,4,1
646.07,0.4,40.81,605.26,2,1
616.73,0.2,81.73,535.0,1,1
642.07,0.2,91.95,550.13,1,1
779.94,0.2,229.81,550.13,1,1
647.59,0.2,105.03,542.56,1,1
491.89,0.0,57.41,434.49,0,1
825.82,0.4,213.0,612.82,2,1
772.95,0.4,137.43,635.51,2,1
1430.94,1.2,446.32,984.62,6,1
536.77,0.0,72.03,464.74,0,1
655.53,0.2,97.84,557.69,1,1
854.05,0.4,210.97,643.08,2,1
657.71,0.2,130.27,527.44,1,1
775.23,0.4,117.03,658.21,2,1
689.31,0.2,124.05,565.26,1,1
784.33,0.4,156.38,627.95,2,1
589.7,0.2,54.7,535.0,1,1
1211.28,0.6,497.95,713.33,3,1
572.92,0.2,37.92,535.0,1,1
781.48,0.4,123.27,658.21,2,1
773.79,0.4,145.84,627.95,2,1
470.95,0.0,44.03,426.92,0,1
828.5,0.6,115.16,713.33,3,1
1000.69,0.6,294.92,705.77,3,1
619.14,0.2,99.27,519.87,1,1
760.93,0.4,155.68,605.26,2,1
476.79,0.0,57.43,419.36,0,1
832.67,0.4,189.59,643.08,2,1
