"Total_Cost","Ratio_Reloc_Prod","Horiz_Cost","Vert_Cost","nReloc","non_Optimal"
242289.55,0.4307,53812.24,188477.31,646,222
657.95,0.2,62.43,595.51,1,0
781.46,0.2,238.89,542.56,1,1
675.35,0.2,79.84,595.51,1,0
1004.67,0.8,160.57,844.1,4,1
596.52,0.0,116.65,479.87,0,0
973.82,0.8,159.97,813.85,4,1
699.81,0.4,56.73,643.08,2,1
1449.09,1.2,562.81,886.28,6,1
1076.52,0.8,262.68,813.85,4,1
1060.05,1.0,183.51,876.54,5,1
1536.69,1.0,705.54,831.15,5,1
853.8,0.6,155.59,698.21,3,1
534.42,0.0,77.24,457.18,0,1
685.59,0.4,42.51,643.08,2,1
574.33,0.0,94.46,479.87,0,1
893.43,0.6,157.41,736.03,3,1
638.39,0.2,73.14,565.26,1,1
629.49,0.2,102.05,527.44,1,0
722.07,0.4,124.38,597.69,2,1
619.76,0.2,92.32,527.44,1,1
645.56,0.2,95.43,550.13,1,0
671.88,0.2,106.62,565.26,1,0
662.31,0.2,97.05,565.26,1,1
755.12,0.4,149.86,605.26,2,1
712.2,0.4,106.95,605.26,2,1
734.68,0.4,106.73,627.95,2,0
778.3,0.4,142.78,635.51,2,1
890.83,0.8,107.24,783.59,4,1
623.48,0.2,80.92,542.56,1,1
690.55,0.4,77.73,612.82,2,1
1669.73,1.2,813.7,856.03,6,1
828.72,0.6,122.95,705.77,3,1
1008.24,0.8,179.27,828.97,4,1
1526.96,1.4,494.78,1032.18,7,1
613.26,0.0,148.51,464.74,0,1
636.24,0.2,101.24,535.0,1,1
560.12,0.2,47.81,512.31,1,1
761.05,0.4,125.54,635.51,2,1
996.51,0.6,260.49,736.03,3,1
728.43,0.2,178.3,550.13,1,1
740.99,0.4,75.22,665.77,2,1
819.15,0.4,168.51,650.64,2,1
533.51,0.0,91.46,442.05,0,0
706.3,0.2,171.3,535.0,1,0
730.39,0.4,117.57,612.82,2,1
1011.41,1.0,157.57,853.85,5,1
611.63,0.2,91.76,519.87,1,1
856.93,0.8,111.16,745.77,4,1
1232.87,0.4,665.43,567.44,2,1
1129.05,0.8,292.51,836.54,4,1
724.29,0.4,81.22,643.08,2,1
1052.44,0.8,231.03,821.41,4,1
561.17,0.0,73.73,487.44,0,0
713.44,0.4,93.05,620.38,2,1
621.31,0.2,63.62,557.69,1,1
875.39,0.8,122.05,753.33,4,1
913.85,0.6,200.51,713.33,3,1
698.72,0.4,101.03,597.69,2,1
791.57,0.4,163.62,627.95,2,1
775.66,0.2,255.78,519.87,1,1
969.36,0.8,208.46,760.9,4,1
1174.95,1.0,313.54,861.41,5,1
972.36,1.0,126.08,846.28,5,1
824.62,0.4,181.54,643.08,2,1
560.18,0.0,110.57,449.62,0,1
659.75,0.2,102.05,557.69,1,0
1540.9,1.0,740.0,800.9,5,1
555.02,0.0,97.84,457.18,0,0
1153.03,1.2,198.68,954.36,6,1
807.13,0.6,124.05,683.08,3,0
1618.57,0.8,910.62,707.95,4,1
512.85,0.0,48.11,464.74,0,0
686.85,0.2,129.16,557.69,1,0
624.78,0.2,82.22,542.56,1,1
606.68,0.4,46.81,559.87,2,0
622.22,0.2,102.35,519.87,1,0
798.64,0.4,148.0,650.64,2,1
842.31,0.8,96.54,745.77,4,1
628.46,0.4,61.03,567.44,2,1
522.0,0.0,79.95,442.05,0,1
890.19,0.8,121.73,768.46,4,1
584.96,0.2,80.22,504.74,1,1
583.98,0.2,64.11,519.87,1,1
1030.0,1.2,121.03,908.97,6,1
760.43,0.2,210.3,550.13,1,1
774.04,0.2,216.35,557.69,1,1
577.58,0.0,112.84,464.74,0,1
636.05,0.2,101.05,535.0,1,0
467.36,0.0,48.0,419.36,0,0
1295.46,1.2,394.05,901.41,6,1
710.87,0.2,130.49,580.38,1,0
554.82,0.0,135.46,419.36,0,0
943.23,1.0,157.46,785.77,5,1
1154.47,0.4,594.59,559.87,2,1
867.51,0.8,152.0,715.51,4,1
804.37,0.6,106.16,698.21,3,1
815.39,0.6,102.05,713.33,3,1
861.78,0.4,218.7,643.08,2,0
693.56,0.2,135.86,557.69,1,0
667.92,0.2,125.35,542.56,1,1
745.21,0.2,187.51,557.69,1,1
742.44,0.4,129.62,612.82,2,0
795.48,0.6,104.84,690.64,3,0
932.75,0.8,149.16,783.59,4,1
826.19,0.6,97.73,728.46,3,1
2054.51,1.2,1145.54,908.97,6,1
744.83,0.4,147.14,597.69,2,0
713.65,0.2,133.27,580.38,1,0
663.27,0.2,128.27,535.0,1,0
881.92,0.6,153.46,728.46,3,1
753.53,0.4,95.32,658.21,2,1
743.91,0.2,178.65,565.26,1,1
870.56,0.4,212.35,658.21,2,1
905.53,0.6,154.38,751.15,3,1
716.27,0.2,173.7,542.56,1,1
566.26,0.2,76.65,489.62,1,0
638.4,0.2,95.84,542.56,1,0
1428.0,0.8,712.49,715.51,4,1
802.23,0.4,136.46,665.77,2,0
519.94,0.0,70.32,449.62,0,0
699.43,0.4,124.43,575.0,2,1
783.67,0.2,225.97,557.69,1,0
919.97,0.8,143.95,776.03,4,1
538.45,0.0,88.84,449.62,0,0
1046.41,1.0,185.0,861.41,5,1
736.36,0.2,171.11,565.26,1,1
693.48,0.2,135.78,557.69,1,1
531.55,0.0,66.81,464.74,0,0
678.47,0.2,158.59,519.87,1,1
863.71,0.6,150.38,713.33,3,1
1297.22,0.8,581.7,715.51,4,1
709.01,0.2,136.19,572.82,1,1
583.17,0.0,110.86,472.31,0,1
839.89,0.6,164.38,675.51,3,1
547.59,0.0,97.97,449.62,0,1
1061.81,0.4,486.81,575.0,2,1
909.92,0.6,189.03,720.9,3,1
783.83,0.6,85.62,698.21,3,1
542.92,0.0,100.86,442.05,0,0
637.22,0.2,109.78,527.44,1,1
900.37,0.6,156.78,743.59,3,1
793.24,0.4,150.16,643.08,2,1
655.91,0.2,90.65,565.26,1,1
792.34,0.4,194.65,597.69,2,1
644.83,0.2,102.27,542.56,1,1
773.74,0.6,113.35,660.38,3,1
1621.84,1.2,712.86,908.97,6,1
630.28,0.0,150.41,479.87,0,1
827.22,0.6,159.27,667.95,3,1
1039.85,0.8,226.0,813.85,4,1
763.7,0.2,168.19,595.51,1,0
660.83,0.2,103.14,557.69,1,0
514.19,0.0,72.14,442.05,0,0
668.18,0.2,118.05,550.13,1,1
679.78,0.2,129.65,550.13,1,0
558.58,0.0,93.84,464.74,0,1
620.35,0.4,52.92,567.44,2,1
741.79,0.4,128.97,612.82,2,1
804.4,0.6,113.76,690.64,3,1
533.4,0.0,76.22,457.18,0,1
726.67,0.2,176.54,550.13,1,1
871.67,0.8,95.65,776.03,4,1
539.55,0.0,74.81,464.74,0,0
641.4,0.2,98.84,542.56,1,1
599.6,0.2,79.73,519.87,1,1
529.11,0.2,54.62,474.49,1,0
738.12,0.4,79.92,658.21,2,1
912.48,0.6,221.84,690.64,3,0
935.1,0.6,191.51,743.59,3,1
687.61,0.2,122.35,565.26,1,0
663.23,0.2,105.54,557.69,1,1
592.94,0.2,95.76,497.18,1,1
964.86,0.8,173.7,791.15,4,1
1144.58,0.4,546.89,597.69,2,1
787.02,0.4,136.38,650.64,2,1
947.32,1.0,123.73,823.59,5,1
583.71,0.2,63.84,519.87,1,0
699.53,0.4,101.84,597.69,2,0
506.67,0.0,64.62,442.05,0,1
685.89,0.4,103.32,582.56,2,1
914.69,0.8,168.92,745.77,4,1
703.63,0.2,138.38,565.26,1,1
1362.93,0.6,717.68,645.26,3,1
1043.82,0.8,237.54,806.28,4,1
674.66,0.2,101.84,572.82,1,0
512.85,0.0,48.11,464.74,0,0
1128.93,1.2,174.57,954.36,6,1
880.67,0.6,144.65,736.03,3,1
693.07,0.2,135.38,557.69,1,0
724.26,0.4,73.62,650.64,2,1
1008.23,0.6,355.41,652.82,3,1
872.98,0.6,159.65,713.33,3,1
626.01,0.0,153.7,472.31,0,0
546.31,0.0,89.14,457.18,0,1
618.68,0.4,58.81,559.87,2,0
751.53,0.4,146.27,605.26,2,0
994.89,1.0,186.43,808.46,5,1
574.55,0.0,102.24,472.31,0,0
445.2,0.0,33.41,411.79,0,0
506.11,0.0,71.62,434.49,0,1
770.68,0.6,102.73,667.95,3,1
718.56,0.4,120.86,597.69,2,0
744.53,0.4,139.27,605.26,2,1
1091.3,0.8,322.84,768.46,4,1
1424.32,1.0,608.3,816.03,5,1
1516.6,1.0,708.14,808.46,5,1
705.71,0.2,132.89,572.82,1,0
648.9,0.2,121.46,527.44,1,1
561.57,0.0,74.14,487.44,0,0
764.17,0.4,143.78,620.38,2,1
1222.36,0.4,662.49,559.87,2,1
624.89,0.2,82.32,542.56,1,1
741.3,0.6,80.92,660.38,3,1
907.2,0.6,148.49,758.72,3,1
808.83,0.4,158.19,650.64,2,1
1658.76,1.8,508.76,1150.0,9,1
807.34,0.6,109.14,698.21,3,1
1412.82,0.8,659.49,753.33,4,1
1289.32,1.0,533.81,755.51,5,1
914.58,0.4,248.81,665.77,2,1
947.42,0.6,241.65,705.77,3,1
632.89,0.2,90.32,542.56,1,1
536.42,0.0,79.24,457.18,0,0
771.68,0.4,151.3,620.38,2,1
750.16,0.4,114.65,635.51,2,1
576.7,0.0,127.08,449.62,0,1
1187.41,0.4,612.41,575.0,2,1
785.23,0.4,127.03,658.21,2,1
800.39,0.4,127.05,673.33,2,1
911.64,0.8,128.05,783.59,4,1
571.23,0.0,98.92,472.31,0,0
460.06,0.0,40.7,419.36,0,0
546.97,0.2,64.92,482.05,1,1
672.52,0.4,59.7,612.82,2,1
583.44,0.2,71.14,512.31,1,0
704.82,0.4,84.43,620.38,2,1
617.78,0.2,128.16,489.62,1,1
1064.33,1.0,210.49,853.85,5,1
1159.21,1.0,275.11,884.1,5,1
1206.04,1.0,359.76,846.28,5,1
657.31,0.2,92.05,565.26,1,0
791.86,0.4,148.78,643.08,2,1
727.27,0.4,99.32,627.95,2,1
669.39,0.2,104.14,565.26,1,0
705.18,0.2,147.49,557.69,1,1
472.0,0.0,37.51,434.49,0,0
616.7,0.2,74.14,542.56,1,0
650.22,0.2,122.78,527.44,1,0
923.28,0.6,217.51,705.77,3,1
703.96,0.2,146.27,557.69,1,0
784.78,0.6,109.27,675.51,3,0
742.34,0.6,104.65,637.69,3,1
875.04,0.4,209.27,665.77,2,1
1225.93,0.8,540.68,685.26,4,1
512.29,0.0,55.11,457.18,0,0
1803.6,1.4,862.19,941.41,7,1
655.3,0.2,74.92,580.38,1,1
578.23,0.0,105.92,472.31,0,0
612.5,0.0,147.76,464.74,0,1
834.69,0.6,136.49,698.21,3,1
680.99,0.4,75.73,605.26,2,0
555.18,0.0,90.43,464.74,0,0
614.85,0.0,150.11,464.74,0,1
820.26,0.6,122.05,698.21,3,1
536.63,0.0,64.32,472.31,0,0
880.1,0.6,128.95,751.15,3,0
936.6,0.8,175.7,760.9,4,1
1101.03,1.0,239.62,861.41,5,1
671.96,0.2,114.27,557.69,1,0
783.96,0.4,178.7,605.26,2,1
850.98,0.6,190.59,660.38,3,1
741.72,0.2,184.03,557.69,1,1
960.78,1.0,144.76,816.03,5,1
659.34,0.2,101.65,557.69,1,1
705.43,0.4,122.86,582.56,2,1
914.44,0.8,161.11,753.33,4,1
490.43,0.0,40.81,449.62,0,1
1049.25,1.0,240.78,808.46,5,1
1985.07,1.2,1106.35,878.72,6,1
634.45,0.2,84.32,550.13,1,1
755.21,0.4,157.51,597.69,2,1
675.59,0.2,140.59,535.0,1,1
1007.96,0.8,216.81,791.15,4,1
1059.0,0.6,383.49,675.51,3,1
662.45,0.2,104.76,557.69,1,0
790.95,0.4,215.95,575.0,2,1
1260.67,0.8,537.59,723.08,4,1
794.33,0.4,113.43,680.9,2,1
522.53,0.0,72.92,449.62,0,0
767.01,0.6,46.11,720.9,3,1
820.44,0.6,152.49,667.95,3,1
1159.2,1.2,219.97,939.23,6,1
693.15,0.2,135.46,557.69,1,1
459.58,0.0,40.22,419.36,0,0
879.27,0.8,156.19,723.08,4,1
587.65,0.2,60.22,527.44,1,1
517.89,0.2,43.41,474.49,1,1
604.08,0.2,61.51,542.56,1,1
1006.58,0.8,207.86,798.72,4,1
703.69,0.4,98.43,605.26,2,1
