"Total_Cost","Ratio_Reloc_Prod","Horiz_Cost","Vert_Cost","nReloc","non_Optimal"
222923.93,0.4327,33229.88,189694.12,649,250
739.31,0.1667,73.54,665.77,1,1
1013.83,0.6667,122.16,891.67,4,1
1282.65,1.1667,165.08,1117.56,7,1
653.91,0.0,88.65,565.26,0,1
727.88,0.1667,77.24,650.64,1,1
1440.74,1.1667,300.49,1140.26,7,1
852.33,0.3333,123.86,728.46,2,1
869.09,0.3333,148.19,720.9,2,1
1179.65,0.8333,217.73,961.92,5,1
952.9,0.5,131.49,821.41,3,1
951.7,0.5,115.16,836.54,3,1
1017.53,0.6667,178.81,838.72,4,1
1044.13,0.8333,112.46,931.67,5,1
1047.02,0.8333,122.92,924.1,5,1
733.56,0.1667,82.92,650.64,1,1
636.79,0.0,109.35,527.44,0,1
895.23,0.5,96.51,798.72,3,1
1629.21,1.6667,217.68,1411.54,10,1
560.68,0.0,40.81,519.87,0,1
800.67,0.1667,157.59,643.08,1,1
1154.41,0.8333,192.49,961.92,5,1
586.6,0.0,66.73,519.87,0,1
1288.85,1.1667,156.16,1132.69,7,1
1044.51,0.5,215.54,828.97,3,1
806.21,0.3333,115.57,690.64,2,1
932.3,0.3333,203.84,728.46,2,1
634.92,0.0,92.35,542.56,0,1
1016.95,0.6667,147.97,868.97,4,1
736.7,0.1667,93.62,643.08,1,1
1004.4,0.5,213.24,791.15,3,1
847.65,0.3333,126.76,720.9,2,1
969.81,0.5,186.22,783.59,3,1
546.15,0.0,41.41,504.74,0,1
839.08,0.3333,103.05,736.03,2,1
839.71,0.1667,211.76,627.95,1,1
692.02,0.0,141.89,550.13,0,1
854.01,0.5,93.11,760.9,3,1
584.62,0.0,49.62,535.0,0,1
745.36,0.1667,140.11,605.26,1,1
731.93,0.1667,111.54,620.38,1,1
1020.67,0.5,169.0,851.67,3,1
1419.91,1.5,154.27,1265.64,9,1
1017.79,0.6667,156.38,861.41,4,1
978.35,0.5,149.38,828.97,3,1
1431.91,1.3333,266.78,1165.13,8,1
683.94,0.1667,101.38,582.56,1,1
927.14,0.5,98.16,828.97,3,1
905.16,0.5,121.57,783.59,3,1
1024.17,0.6667,177.89,846.28,4,1
603.41,0.0,83.54,519.87,0,1
785.42,0.5,47.22,738.21,3,1
880.05,0.5,104.03,776.03,3,1
1225.04,1.0,185.3,1039.74,6,1
769.99,0.1667,119.35,650.64,1,1
963.79,0.5,142.38,821.41,3,1
776.7,0.1667,126.05,650.64,1,1
755.91,0.1667,112.84,643.08,1,1
1042.93,0.8333,96.14,946.79,5,1
725.55,0.1667,105.16,620.38,1,1
757.13,0.3333,81.62,675.51,2,1
750.24,0.3333,74.73,675.51,2,1
1022.9,0.8333,129.05,893.85,5,1
754.4,0.1667,103.76,650.64,1,1
794.27,0.3333,65.81,728.46,2,1
862.3,0.5,93.84,768.46,3,1
795.93,0.3333,97.73,698.21,2,1
1352.53,1.3333,187.41,1165.13,8,1
984.07,0.6667,137.78,846.28,4,1
1028.0,0.5,199.03,828.97,3,1
1030.59,0.5,186.49,844.1,3,1
932.55,0.5,126.27,806.28,3,1
683.46,0.1667,55.51,627.95,1,1
987.36,0.5,173.51,813.85,3,1
754.32,0.1667,111.24,643.08,1,1
754.18,0.1667,103.54,650.64,1,1
1197.28,1.0,202.92,994.36,6,1
1077.45,0.6667,185.78,891.67,4,1
928.25,0.5,106.84,821.41,3,1
1277.37,1.0,199.81,1077.56,6,1
668.26,0.1667,63.0,605.26,1,1
679.49,0.1667,59.11,620.38,1,1
752.33,0.1667,124.38,627.95,1,1
686.88,0.0,129.19,557.69,0,1
636.02,0.0,78.32,557.69,0,1
645.16,0.0,95.03,550.13,0,1
601.17,0.0,73.73,527.44,0,1
996.36,0.6667,150.08,846.28,4,1
853.47,0.3333,147.7,705.77,2,1
1097.36,0.8333,150.57,946.79,5,1
921.32,0.5,130.16,791.15,3,1
1413.75,1.3333,256.19,1157.56,8,1
1190.99,1.0,166.38,1024.62,6,1
918.98,0.3333,205.65,713.33,2,1
951.64,0.3333,208.05,743.59,2,1
832.45,0.1667,181.81,650.64,1,1
908.66,0.5,109.95,798.72,3,1
921.48,0.3333,223.27,698.21,2,1
891.85,0.5,93.14,798.72,3,1
900.6,0.5,132.14,768.46,3,1
679.59,0.0,144.59,535.0,0,1
609.12,0.0,89.24,519.87,0,1
658.57,0.0,138.7,519.87,0,1
592.09,0.0,72.22,519.87,0,1
1149.5,0.8333,202.7,946.79,5,1
626.14,0.0,91.14,535.0,0,1
869.43,0.3333,140.97,728.46,2,1
969.57,0.6667,93.03,876.54,4,1
1163.81,0.6667,234.32,929.49,4,1
813.34,0.1667,162.7,650.64,1,1
868.84,0.5,92.81,776.03,3,1
608.87,0.1667,49.0,559.87,1,1
857.83,0.3333,114.24,743.59,2,1
1072.37,0.6667,180.7,891.67,4,1
703.46,0.1667,75.51,627.95,1,1
988.92,0.5,167.51,821.41,3,1
1313.22,1.0,258.35,1054.87,6,1
816.79,0.3333,103.46,713.33,2,1
1268.42,1.1667,181.11,1087.31,7,1
761.15,0.3333,70.51,690.64,2,1
858.09,0.3333,144.76,713.33,2,1
813.45,0.3333,115.24,698.21,2,1
866.5,0.3333,168.3,698.21,2,1
981.86,0.5,137.76,844.1,3,1
805.01,0.0,239.76,565.26,0,1
846.58,0.3333,148.38,698.21,2,1
745.26,0.0,195.14,550.13,0,1
1062.51,0.8333,145.97,916.54,5,1
838.01,0.3333,124.68,713.33,2,1
910.84,0.3333,189.95,720.9,2,1
663.32,0.0,120.76,542.56,0,1
748.63,0.3333,88.24,660.38,2,1
852.84,0.5,76.81,776.03,3,1
794.91,0.3333,111.84,683.08,2,1
712.19,0.1667,69.11,643.08,1,1
1037.39,0.6667,138.16,899.23,4,1
1202.47,1.0,155.16,1047.31,6,1
688.85,0.0,131.16,557.69,0,1
1096.14,0.8333,126.65,969.49,5,1
1106.94,0.6667,222.84,884.1,4,1
1116.05,0.6667,186.57,929.49,4,1
817.63,0.3333,96.73,720.9,2,1
574.12,0.0,61.81,512.31,0,1
1174.94,1.0,142.76,1032.18,6,1
867.11,0.5,98.65,768.46,3,1
978.52,0.5,157.11,821.41,3,1
646.5,0.1667,48.81,597.69,1,1
1072.95,0.5,243.97,828.97,3,1
598.12,0.0,78.24,519.87,0,1
1397.98,1.3333,202.59,1195.38,8,1
1355.09,1.3333,167.27,1187.82,8,1
770.77,0.1667,112.57,658.21,1,1
650.18,0.0,84.92,565.26,0,1
936.63,0.5,130.35,806.28,3,1
1397.24,1.1667,226.73,1170.51,7,1
1065.82,0.6667,151.46,914.36,4,1
771.86,0.3333,81.22,690.64,2,1
848.05,0.3333,112.03,736.03,2,1
1051.41,0.5,237.57,813.85,3,1
882.88,0.3333,124.16,758.72,2,1
783.35,0.1667,155.41,627.95,1,1
775.43,0.3333,92.35,683.08,2,1
865.17,0.3333,159.41,705.77,2,1
757.6,0.3333,89.65,667.95,2,1
1038.92,0.6667,162.38,876.54,4,1
916.27,0.5,132.68,783.59,3,1
1118.7,0.8333,141.65,977.05,5,1
968.75,0.5,124.65,844.1,3,1
806.15,0.1667,155.51,650.64,1,1
917.21,0.6667,93.62,823.59,4,1
1053.97,0.5,217.43,836.54,3,1
740.02,0.1667,81.81,658.21,1,1
686.15,0.0,128.46,557.69,0,1
1192.08,0.8333,215.03,977.05,5,1
830.37,0.3333,147.3,683.08,2,1
1244.3,1.1667,149.43,1094.87,7,1
752.75,0.1667,94.54,658.21,1,1
882.9,0.5,76.62,806.28,3,1
885.09,0.3333,179.32,705.77,2,1
871.69,0.3333,165.92,705.77,2,1
788.98,0.1667,161.03,627.95,1,1
956.47,0.6667,117.76,838.72,4,1
627.79,0.0,100.35,527.44,0,1
974.93,0.5,161.08,813.85,3,1
975.86,0.5,199.84,776.03,3,1
1379.39,1.1667,284.51,1094.87,7,1
1080.88,0.8333,141.65,939.23,5,1
768.13,0.1667,125.05,643.08,1,1
961.69,0.5,155.41,806.28,3,1
997.02,0.6667,105.35,891.67,4,1
805.18,0.3333,106.97,698.21,2,1
886.46,0.3333,158.0,728.46,2,1
774.48,0.3333,83.84,690.64,2,1
798.38,0.1667,178.0,620.38,1,1
738.46,0.1667,102.95,635.51,1,1
726.92,0.0,138.97,587.95,0,1
1008.91,0.6667,117.24,891.67,4,1
856.03,0.5,95.14,760.9,3,1
880.76,0.5,119.86,760.9,3,1
880.93,0.5,82.22,798.72,3,1
1014.01,0.6667,167.73,846.28,4,1
724.95,0.1667,89.43,635.51,1,1
998.24,0.6667,129.27,868.97,4,1
788.4,0.1667,152.89,635.51,1,1
658.13,0.0,115.57,542.56,0,1
771.6,0.3333,103.65,667.95,2,1
883.22,0.5,114.76,768.46,3,1
815.93,0.3333,110.16,705.77,2,1
716.74,0.1667,96.35,620.38,1,1
1184.17,1.0,121.73,1062.44,6,1
756.53,0.1667,98.32,658.21,1,1
851.98,0.3333,131.08,720.9,2,1
877.43,0.3333,148.97,728.46,2,1
853.99,0.3333,155.78,698.21,2,1
979.55,0.5,218.65,760.9,3,1
1217.36,1.0,162.49,1054.87,6,1
723.09,0.1667,110.27,612.82,1,1
691.66,0.1667,78.84,612.82,1,1
678.41,0.0,143.41,535.0,0,1
945.98,0.5,177.51,768.46,3,1
901.42,0.3333,150.27,751.15,2,1
907.13,0.5,115.97,791.15,3,1
828.11,0.3333,152.59,675.51,2,1
870.85,0.3333,112.14,758.72,2,1
966.71,0.5,152.86,813.85,3,1
811.64,0.3333,128.57,683.08,2,1
942.0,0.5,113.03,828.97,3,1
898.63,0.5,92.35,806.28,3,1
679.95,0.1667,52.0,627.95,1,1
545.66,0.0,40.92,504.74,0,1
1238.23,1.0,190.92,1047.31,6,1
856.21,0.3333,105.05,751.15,2,1
647.91,0.1667,50.22,597.69,1,1
723.7,0.1667,80.62,643.08,1,1
835.26,0.1667,184.62,650.64,1,1
637.72,0.0,80.03,557.69,0,1
744.13,0.1667,108.62,635.51,1,1
651.89,0.1667,69.32,582.56,1,1
970.94,0.5,194.92,776.03,3,1
1136.19,1.0,134.27,1001.92,6,1
960.65,0.5,184.62,776.03,3,1
755.93,0.3333,57.73,698.21,2,1
1080.74,0.8333,133.95,946.79,5,1
617.73,0.0,82.73,535.0,0,1
858.99,0.5,120.78,738.21,3,1
831.98,0.5,63.51,768.46,3,1
737.58,0.1667,124.76,612.82,1,1
791.5,0.3333,85.73,705.77,2,1
781.62,0.1667,153.68,627.95,1,1
818.48,0.3333,127.84,690.64,2,1
796.26,0.3333,98.05,698.21,2,1
