"Total_Cost","Ratio_Reloc_Prod","Horiz_Cost","Vert_Cost","nReloc","non_Optimal"
281128.5,0.7913,68235.01,212893.27,1187,217
544.48,0.2,62.43,482.05,1,0
775.83,0.8,98.14,677.69,4,1
460.2,0.0,48.41,411.79,0,0
749.45,0.6,111.76,637.69,3,1
900.72,1.2,82.51,818.21,6,0
446.32,0.0,57.22,389.1,0,0
1534.71,1.4,608.43,926.28,7,1
569.6,0.2,110.24,459.36,1,0
496.82,0.0,85.03,411.79,0,0
628.43,0.4,98.81,529.62,2,0
672.42,0.2,167.68,504.74,1,0
1277.94,1.6,326.78,951.15,8,1
840.05,0.6,209.92,630.13,3,0
721.18,0.6,75.92,645.26,3,1
731.85,0.4,187.11,544.74,2,1
642.29,0.4,105.11,537.18,2,0
480.2,0.0,68.41,411.79,0,0
713.82,0.6,113.95,599.87,3,1
998.09,1.2,164.76,833.33,6,1
1031.97,1.0,276.46,755.51,5,1
1266.95,1.6,285.54,981.41,8,1
1641.02,0.8,857.43,783.59,4,1
1022.3,1.2,181.41,840.9,6,1
779.35,0.6,156.78,622.56,3,1
470.07,0.0,65.84,404.23,0,0
655.22,0.4,80.22,575.0,2,1
712.31,0.4,167.57,544.74,2,1
777.23,0.6,131.97,645.26,3,1
1324.69,1.0,493.54,831.15,5,1
467.91,0.0,78.81,389.1,0,0
482.65,0.0,55.73,426.92,0,0
677.08,0.4,155.03,522.05,2,0
485.73,0.0,58.81,426.92,0,0
956.64,1.0,186.0,770.64,5,1
510.37,0.0,106.14,404.23,0,0
2060.77,1.6,981.03,1079.74,8,1
1594.05,1.8,504.57,1089.49,9,1
1042.47,1.2,201.57,840.9,6,1
824.72,0.8,147.03,677.69,4,0
1060.27,1.2,196.68,863.59,6,1
511.05,0.0,61.43,449.62,0,0
944.2,1.0,150.86,793.33,5,1
617.07,0.4,72.32,544.74,2,1
491.6,0.0,72.24,419.36,0,0
1180.1,0.6,481.89,698.21,3,1
921.06,1.0,127.73,793.33,5,1
1496.24,2.2,258.68,1237.56,11,1
640.33,0.2,120.46,519.87,1,0
494.56,0.0,90.32,404.23,0,0
1302.43,1.4,345.89,956.54,7,1
1051.06,1.2,202.59,848.46,6,1
874.09,0.8,181.27,692.82,4,1
978.98,1.0,185.65,793.33,5,1
787.65,0.6,127.27,660.38,3,0
1078.62,1.4,175.03,903.59,7,1
668.0,0.4,93.0,575.0,2,0
1094.69,1.4,175.97,918.72,7,1
669.61,0.4,124.86,544.74,2,0
705.78,0.4,130.78,575.0,2,1
635.97,0.2,161.49,474.49,1,0
1481.68,0.8,713.22,768.46,4,1
738.94,0.6,101.24,637.69,3,0
918.08,0.8,210.14,707.95,4,1
725.45,0.4,180.7,544.74,2,1
1312.65,1.6,270.73,1041.92,8,1
829.09,0.8,143.84,685.26,4,0
1134.9,1.2,241.05,893.85,6,1
1140.15,1.2,314.38,825.77,6,1
1195.9,1.6,222.05,973.85,8,1
645.49,0.4,85.62,559.87,2,0
839.55,0.8,146.73,692.82,4,1
780.12,0.6,134.86,645.26,3,1
1116.0,1.2,252.41,863.59,6,1
1220.4,1.6,155.78,1064.62,8,1
730.03,0.6,130.16,599.87,3,0
925.17,1.0,184.78,740.38,5,0
1234.56,1.4,323.41,911.15,7,1
467.35,0.0,78.24,389.1,0,0
743.13,0.6,67.62,675.51,3,0
691.53,0.4,146.78,544.74,2,1
710.33,0.4,150.46,559.87,2,1
756.36,0.6,103.54,652.82,3,0
718.67,0.4,120.97,597.69,2,1
1049.02,1.2,177.86,871.15,6,1
755.21,0.6,132.65,622.56,3,0
880.75,0.8,157.68,723.08,4,1
500.76,0.0,73.84,426.92,0,0
523.79,0.2,64.43,459.36,1,0
787.37,0.6,149.68,637.69,3,1
1360.18,0.6,661.97,698.21,3,1
515.61,0.0,118.95,396.67,0,0
656.77,0.4,104.46,552.31,2,1
1882.62,1.0,1013.65,868.97,5,1
487.77,0.0,83.54,404.23,0,0
1476.54,2.2,178.46,1298.08,11,1
644.61,0.4,107.43,537.18,2,1
1014.68,1.2,173.78,840.9,6,1
1910.31,1.4,923.51,986.79,7,1
655.2,0.4,95.32,559.87,2,0
797.21,0.6,174.65,622.56,3,1
1731.06,1.2,822.08,908.97,6,1
798.72,0.6,153.46,645.26,3,1
597.95,0.2,123.46,474.49,1,0
1037.35,1.0,274.27,763.08,5,1
705.67,0.4,168.49,537.18,2,1
725.37,0.6,95.24,630.13,3,0
649.76,0.4,82.32,567.44,2,0
486.28,0.0,66.92,419.36,0,0
682.24,0.4,107.24,575.0,2,1
855.67,0.8,140.16,715.51,4,1
1116.6,1.4,175.19,941.41,7,1
686.91,0.4,142.16,544.74,2,1
1101.7,1.2,245.68,856.03,6,1
979.89,1.0,163.86,816.03,5,1
791.86,0.6,169.3,622.56,3,1
1303.09,1.8,175.78,1127.31,9,1
676.74,0.4,116.86,559.87,2,1
974.49,1.0,158.46,816.03,5,1
750.8,0.6,105.54,645.26,3,0
1149.82,1.4,215.97,933.85,7,1
902.07,1.0,123.86,778.21,5,1
1345.76,1.8,324.35,1021.41,9,1
1050.13,1.2,194.11,856.03,6,1
1061.92,1.2,205.89,856.03,6,1
563.18,0.2,66.0,497.18,1,0
1744.21,1.0,928.19,816.03,5,1
1408.67,1.6,457.51,951.15,8,1
1069.32,1.2,198.16,871.15,6,1
1086.38,1.0,330.86,755.51,5,1
1395.93,0.8,642.59,753.33,4,1
667.07,0.4,137.46,529.62,2,1
809.14,0.4,249.27,559.87,2,1
979.64,1.0,209.0,770.64,5,1
2230.13,1.6,1105.0,1125.13,8,1
1210.86,1.2,339.7,871.15,6,1
1004.52,1.0,211.19,793.33,5,1
716.54,0.4,194.49,522.05,2,1
862.18,0.8,123.97,738.21,4,1
740.24,0.6,117.68,622.56,3,1
489.69,0.0,85.46,404.23,0,0
968.35,1.0,144.76,823.59,5,1
822.38,0.8,114.43,707.95,4,1
1241.45,0.6,596.19,645.26,3,1
1961.67,1.4,937.05,1024.62,7,1
511.69,0.0,107.46,404.23,0,0
745.94,0.4,216.32,529.62,2,1
1041.88,1.2,216.11,825.77,6,1
1003.08,1.2,147.05,856.03,6,1
1106.44,1.4,165.03,941.41,7,1
1298.05,1.6,293.95,1004.1,8,1
824.67,0.8,146.97,677.69,4,0
1443.69,1.4,532.54,911.15,7,1
911.74,0.8,218.92,692.82,4,1
569.9,0.2,110.54,459.36,1,0
1032.19,1.2,176.16,856.03,6,1
894.96,0.8,209.7,685.26,4,1
2193.58,1.8,1020.89,1172.69,9,1
1961.17,1.0,1114.89,846.28,5,1
1203.45,1.0,432.81,770.64,5,1
1311.4,1.8,214.35,1097.05,9,1
871.99,1.0,86.22,785.77,5,1
506.44,0.0,94.65,411.79,0,0
1853.66,1.2,959.81,893.85,6,1
480.23,0.0,76.0,404.23,0,0
787.19,0.6,179.76,607.44,3,1
859.38,0.8,143.86,715.51,4,1
1360.11,1.2,519.22,840.9,6,1
1110.59,1.2,239.43,871.15,6,1
784.08,0.4,216.65,567.44,2,1
676.1,0.4,93.54,582.56,2,1
1007.11,1.0,251.59,755.51,5,1
478.24,0.0,89.14,389.1,0,0
890.5,1.0,104.73,785.77,5,1
1307.95,1.6,258.46,1049.49,8,1
781.84,0.6,121.46,660.38,3,1
1712.0,1.0,850.59,861.41,5,1
607.58,0.2,155.78,451.79,1,0
1004.62,1.2,156.16,848.46,6,1
836.48,0.6,213.92,622.56,3,1
497.94,0.0,108.84,389.1,0,0
464.29,0.0,67.62,396.67,0,0
1792.61,1.0,946.32,846.28,5,1
580.09,0.2,120.73,459.36,1,0
903.21,0.8,172.57,730.64,4,0
495.36,0.0,76.0,419.36,0,1
909.46,0.8,201.51,707.95,4,1
1046.3,1.2,129.76,916.54,6,1
577.49,0.2,110.57,466.92,1,0
1035.2,1.2,141.35,893.85,6,1
803.29,0.6,112.65,690.64,3,1
897.37,0.8,174.3,723.08,4,1
1667.24,1.2,758.27,908.97,6,1
1293.16,1.6,296.62,996.54,8,1
752.41,0.6,144.97,607.44,3,1
1666.79,1.8,539.49,1127.31,9,1
779.42,0.6,134.16,645.26,3,0
749.95,0.6,134.95,615.0,3,1
681.87,0.4,114.43,567.44,2,1
668.57,0.4,101.14,567.44,2,0
933.77,1.0,140.43,793.33,5,1
1222.36,1.6,188.0,1034.36,8,1
504.66,0.0,92.86,411.79,0,0
1055.21,1.2,184.05,871.15,6,1
1097.92,1.0,342.41,755.51,5,1
1595.94,0.8,812.35,783.59,4,1
845.86,0.8,130.35,715.51,4,1
643.05,0.4,113.43,529.62,2,0
1148.84,1.2,292.81,856.03,6,1
667.29,0.4,84.73,582.56,2,1
657.13,0.4,119.95,537.18,2,1
1171.28,1.4,237.43,933.85,7,1
1017.07,1.0,246.43,770.64,5,1
539.04,0.2,87.24,451.79,1,0
1065.26,1.2,178.97,886.28,6,1
703.01,0.4,150.7,552.31,2,0
587.62,0.2,113.14,474.49,1,0
715.23,0.4,170.49,544.74,2,1
838.06,0.8,137.68,700.38,4,1
1090.18,1.2,219.03,871.15,6,1
2253.63,2.0,965.3,1288.33,10,1
1119.75,1.2,309.11,810.64,6,1
1955.91,1.6,830.78,1125.13,8,1
1672.91,1.8,568.3,1104.62,9,1
1096.62,1.2,248.16,848.46,6,1
551.14,0.2,84.22,466.92,1,1
1107.93,1.0,329.73,778.21,5,1
831.5,0.8,146.24,685.26,4,1
470.05,0.0,80.95,389.1,0,0
784.43,0.6,154.3,630.13,3,1
860.69,0.6,207.86,652.82,3,1
1341.89,1.0,533.43,808.46,5,1
817.77,0.8,124.95,692.82,4,1
673.96,0.4,121.65,552.31,2,1
1085.68,1.2,184.27,901.41,6,1
849.14,0.8,141.19,707.95,4,1
888.78,0.8,165.7,723.08,4,1
1187.47,1.2,361.7,825.77,6,1
492.47,0.0,88.24,404.23,0,0
1118.1,1.0,279.38,838.72,5,1
718.25,0.4,158.38,559.87,2,1
731.53,0.4,201.92,529.62,2,0
594.56,0.2,104.95,489.62,1,0
905.32,1.0,134.68,770.64,5,1
778.28,0.6,125.46,652.82,3,1
1101.92,1.4,205.89,896.03,7,1
491.47,0.0,87.24,404.23,0,0
650.61,0.4,105.86,544.74,2,1
728.26,0.6,98.14,630.13,3,0
1072.76,1.4,131.35,941.41,7,1
860.7,0.8,130.05,730.64,4,1
1402.96,2.0,235.65,1167.31,10,1
911.0,1.0,102.54,808.46,5,1
470.94,0.0,81.84,389.1,0,0
657.18,0.4,112.43,544.74,2,1
687.16,0.4,112.16,575.0,2,0
999.61,1.2,128.46,871.15,6,1
470.49,0.0,36.0,434.49,0,1
1677.9,1.8,535.46,1142.44,9,1
753.18,0.6,107.92,645.26,3,0
752.71,0.6,145.27,607.44,3,0
852.42,0.8,159.59,692.82,4,1
571.69,0.0,175.03,396.67,0,0
1019.91,1.0,196.32,823.59,5,1
677.31,0.4,132.57,544.74,2,1
959.67,1.0,189.03,770.64,5,1
1145.6,1.4,211.76,933.85,7,1
928.5,1.0,135.16,793.33,5,1
615.07,0.2,125.46,489.62,1,0
1110.8,1.2,224.51,886.28,6,1
658.94,0.2,176.89,482.05,1,1
1698.15,1.0,859.43,838.72,5,1
728.52,0.6,128.65,599.87,3,1
664.36,0.4,112.05,552.31,2,0
1050.01,1.2,216.68,833.33,6,1
1091.48,1.2,220.32,871.15,6,1
1025.81,1.2,109.27,916.54,6,1
779.35,0.6,156.78,622.56,3,1
1046.13,1.2,174.97,871.15,6,1
836.65,0.8,121.14,715.51,4,1
1021.05,1.2,157.46,863.59,6,1
793.71,0.8,93.32,700.38,4,1
652.9,0.4,93.03,559.87,2,0
954.04,0.8,215.84,738.21,4,1
661.18,0.4,116.43,544.74,2,1
851.42,0.8,105.65,745.77,4,1
1090.56,1.4,171.84,918.72,7,1
766.47,0.6,166.59,599.87,3,1
586.4,0.2,104.35,482.05,1,0
799.14,0.6,138.76,660.38,3,0
641.61,0.2,189.81,451.79,1,0
1119.85,1.4,193.57,926.28,7,1
1144.17,1.4,210.32,933.85,7,1
1909.44,2.0,681.62,1227.82,10,1
699.2,0.4,154.46,544.74,2,1
662.79,0.4,95.35,567.44,2,1
1508.74,1.8,434.38,1074.36,9,1
1281.12,1.4,347.27,933.85,7,1
669.61,0.4,132.43,537.18,2,1
1186.4,1.4,282.81,903.59,7,1
1502.41,1.6,452.92,1049.49,8,1
