"Total_Cost","Ratio_Reloc_Prod","Horiz_Cost","Vert_Cost","nReloc","non_Optimal"
226713.62,0.442,37321.84,189392.0,663,750
227.19,0.0,33.73,193.46,0,1
203.46,0.0,10.0,193.46,0,1
358.01,0.5,79.16,278.85,1,1
237.58,0.0,59.24,178.33,0,1
220.68,0.0,27.22,193.46,0,1
300.64,0.5,36.92,263.72,1,1
400.22,1.0,66.24,333.97,2,1
212.87,0.0,19.41,193.46,0,1
246.98,0.0,68.65,178.33,0,1
417.43,1.0,68.32,349.1,2,1
420.42,1.0,48.62,371.79,2,1
232.38,0.0,38.92,193.46,0,1
223.46,0.0,30.0,193.46,0,1
220.57,0.0,27.11,193.46,0,1
209.41,0.0,23.51,185.9,0,1
330.11,0.5,43.7,286.41,1,1
213.9,0.0,28.0,185.9,0,1
221.36,0.0,43.03,178.33,0,1
336.07,0.5,72.35,263.72,1,1
424.45,1.0,60.22,364.23,2,1
376.93,0.5,98.08,278.85,1,1
213.46,0.0,20.0,193.46,0,1
242.84,0.0,56.95,185.9,0,1
265.36,0.0,79.46,185.9,0,1
248.5,0.0,70.16,178.33,0,1
319.17,0.5,40.32,278.85,1,1
202.01,0.0,16.11,185.9,0,1
231.84,0.0,30.81,201.03,0,1
462.2,1.5,50.41,411.79,3,1
440.02,1.0,83.35,356.67,2,1
298.43,0.5,49.84,248.59,1,1
321.33,0.5,34.92,286.41,1,1
196.6,0.0,10.7,185.9,0,1
244.61,0.0,88.97,155.64,0,1
201.9,0.0,16.0,185.9,0,1
261.31,0.0,82.97,178.33,0,1
342.98,0.5,64.14,278.85,1,1
302.23,0.5,38.51,263.72,1,1
532.85,1.5,113.49,419.36,3,1
425.61,1.0,68.95,356.67,2,1
448.79,1.5,37.0,411.79,3,1
328.92,0.5,42.51,286.41,1,1
199.44,0.0,21.11,178.33,0,1
342.17,0.5,63.32,278.85,1,1
382.62,1.0,33.51,349.1,2,1
342.89,0.5,48.92,293.97,1,1
500.74,1.5,88.95,411.79,3,1
213.11,0.0,27.22,185.9,0,1
206.44,0.0,28.11,178.33,0,1
616.8,2.0,112.05,504.74,4,1
442.33,1.0,108.35,333.97,2,1
299.15,0.5,43.0,256.15,1,1
247.24,0.0,46.22,201.03,0,1
342.44,0.5,56.03,286.41,1,1
564.21,2.0,67.03,497.18,4,1
298.18,0.5,42.03,256.15,1,1
422.78,1.0,81.24,341.54,2,1
318.95,0.5,40.11,278.85,1,1
227.63,0.0,41.73,185.9,0,1
309.59,0.5,53.43,256.15,1,1
294.78,0.5,38.62,256.15,1,1
229.38,0.0,35.92,193.46,0,1
354.65,0.5,68.24,286.41,1,1
197.04,0.0,18.7,178.33,0,1
457.99,1.0,93.76,364.23,2,1
202.6,0.0,16.7,185.9,0,1
179.21,0.0,16.0,163.21,0,1
280.28,0.0,94.38,185.9,0,1
198.33,0.0,20.0,178.33,0,1
497.01,1.5,77.65,419.36,3,1
287.05,0.5,46.03,241.03,1,1
490.0,1.5,55.51,434.49,3,1
538.76,1.5,104.27,434.49,3,1
241.03,0.0,55.14,185.9,0,1
232.98,0.0,39.51,193.46,0,1
222.57,0.0,29.11,193.46,0,1
468.05,1.0,111.38,356.67,2,1
208.9,0.0,23.0,185.9,0,1
319.82,0.5,33.41,286.41,1,1
399.59,1.0,42.92,356.67,2,1
198.33,0.0,20.0,178.33,0,1
259.93,0.0,89.16,170.77,0,1
236.87,0.0,58.54,178.33,0,1
176.21,0.0,13.0,163.21,0,1
177.31,0.0,14.11,163.21,0,1
171.91,0.0,8.7,163.21,0,1
253.79,0.0,75.46,178.33,0,1
192.77,0.0,22.0,170.77,0,1
171.91,0.0,8.7,163.21,0,1
253.25,0.0,67.35,185.9,0,1
207.9,0.0,22.0,185.9,0,1
179.21,0.0,16.0,163.21,0,1
236.33,0.0,50.43,185.9,0,1
466.71,1.5,54.92,411.79,3,1
181.21,0.0,18.0,163.21,0,1
456.66,1.5,52.43,404.23,3,1
417.57,1.0,76.03,341.54,2,1
483.37,1.5,79.14,404.23,3,1
464.87,1.5,45.51,419.36,3,1
455.25,1.0,83.46,371.79,2,1
242.87,0.0,64.54,178.33,0,1
298.85,0.5,20.0,278.85,1,1
464.01,1.5,52.22,411.79,3,1
355.2,0.5,76.35,278.85,1,1
205.9,0.0,20.0,185.9,0,1
610.99,2.0,121.38,489.62,4,1
188.33,0.0,10.0,178.33,0,1
177.91,0.0,14.7,163.21,0,1
199.33,0.0,21.0,178.33,0,1
355.36,0.5,68.95,286.41,1,1
381.28,1.0,62.43,318.85,2,1
435.06,1.0,55.7,379.36,2,1
272.22,0.0,78.76,193.46,0,1
373.75,1.0,32.22,341.54,2,1
286.81,0.5,38.22,248.59,1,1
260.39,0.0,82.05,178.33,0,1
253.41,0.0,59.95,193.46,0,1
194.33,0.0,16.0,178.33,0,1
237.03,0.0,51.14,185.9,0,1
208.9,0.0,23.0,185.9,0,1
243.58,0.0,65.24,178.33,0,1
389.75,1.0,48.22,341.54,2,1
284.35,0.5,43.32,241.03,1,1
188.33,0.0,10.0,178.33,0,1
343.84,0.5,57.43,286.41,1,1
520.1,1.5,131.0,389.1,3,1
394.18,1.0,37.51,356.67,2,1
194.33,0.0,16.0,178.33,0,1
200.33,0.0,22.0,178.33,0,1
285.86,0.5,29.7,256.15,1,1
199.04,0.0,20.7,178.33,0,1
356.69,0.5,92.97,263.72,1,1
200.33,0.0,22.0,178.33,0,1
339.28,1.0,28.0,311.28,2,1
207.41,0.0,21.51,185.9,0,1
174.61,0.0,11.41,163.21,0,1
219.9,0.0,34.0,185.9,0,1
344.63,0.5,73.35,271.28,1,1
442.6,1.0,116.19,326.41,2,1
299.93,0.5,36.22,263.72,1,1
326.96,0.5,63.24,263.72,1,1
360.06,0.5,73.65,286.41,1,1
177.31,0.0,14.11,163.21,0,1
200.04,0.0,21.7,178.33,0,1
304.25,0.5,25.41,278.85,1,1
212.71,0.0,26.81,185.9,0,1
198.44,0.0,20.11,178.33,0,1
527.19,1.5,100.27,426.92,3,1
178.91,0.0,15.7,163.21,0,1
302.34,0.5,38.62,263.72,1,1
324.96,0.5,61.24,263.72,1,1
400.78,1.0,59.24,341.54,2,1
194.33,0.0,16.0,178.33,0,1
321.37,0.5,57.65,263.72,1,1
435.42,1.0,63.62,371.79,2,1
344.14,0.5,57.73,286.41,1,1
209.74,0.0,31.41,178.33,0,1
366.6,0.5,72.62,293.97,1,1
326.34,0.5,62.62,263.72,1,1
331.28,0.5,52.43,278.85,1,1
396.83,1.0,47.73,349.1,2,1
194.33,0.0,16.0,178.33,0,1
317.08,0.5,76.05,241.03,1,1
326.37,0.5,62.65,263.72,1,1
292.02,0.5,43.43,248.59,1,1
305.39,0.5,34.11,271.28,1,1
396.67,1.0,55.14,341.54,2,1
479.72,1.0,115.49,364.23,2,1
506.39,1.5,102.16,404.23,3,1
215.16,0.0,21.7,193.46,0,1
218.22,0.0,32.32,185.9,0,1
303.04,0.5,39.32,263.72,1,1
470.77,1.5,66.54,404.23,3,1
260.06,0.0,74.16,185.9,0,1
202.33,0.0,24.0,178.33,0,1
218.01,0.0,32.11,185.9,0,1
299.72,0.5,36.0,263.72,1,1
203.9,0.0,18.0,185.9,0,1
325.98,0.5,47.14,278.85,1,1
339.73,0.5,53.32,286.41,1,1
491.09,1.5,71.73,419.36,3,1
279.1,0.5,30.51,248.59,1,1
504.33,1.5,69.84,434.49,3,1
497.44,1.5,85.65,411.79,3,1
251.79,0.0,73.46,178.33,0,1
364.46,0.5,78.05,286.41,1,1
242.34,0.0,71.57,170.77,0,1
527.8,1.0,171.14,356.67,2,1
171.91,0.0,8.7,163.21,0,1
446.88,1.0,82.65,364.23,2,1
237.13,0.0,36.11,201.03,0,1
217.3,0.0,31.41,185.9,0,1
207.14,0.0,28.81,178.33,0,1
245.14,0.0,59.24,185.9,0,1
205.9,0.0,20.0,185.9,0,1
177.21,0.0,14.0,163.21,0,1
347.61,1.0,36.32,311.28,2,1
171.21,0.0,8.0,163.21,0,1
202.74,0.0,24.41,178.33,0,1
224.71,0.0,38.81,185.9,0,1
196.33,0.0,18.0,178.33,0,1
506.73,1.5,125.19,381.54,3,1
213.9,0.0,28.0,185.9,0,1
437.92,1.0,96.38,341.54,2,1
381.22,0.5,102.38,278.85,1,1
650.08,2.0,168.03,482.05,4,1
334.96,0.5,71.24,263.72,1,1
403.97,1.0,62.43,341.54,2,1
246.23,0.0,75.46,170.77,0,1
234.33,0.0,48.43,185.9,0,1
431.45,1.0,82.35,349.1,2,1
480.26,1.5,76.03,404.23,3,1
219.87,0.0,26.41,193.46,0,1
221.9,0.0,36.0,185.9,0,1
459.05,1.0,102.38,356.67,2,1
219.68,0.0,26.22,193.46,0,1
415.59,1.0,74.05,341.54,2,1
215.25,0.0,36.92,178.33,0,1
311.4,0.5,55.24,256.15,1,1
411.48,1.0,69.95,341.54,2,1
266.11,0.0,72.65,193.46,0,1
196.14,0.0,17.81,178.33,0,1
236.28,0.0,57.95,178.33,0,1
179.21,0.0,16.0,163.21,0,1
257.09,0.0,78.76,178.33,0,1
227.52,0.0,41.62,185.9,0,1
422.43,1.0,88.46,333.97,2,1
210.04,0.0,31.7,178.33,0,1
419.48,1.0,77.95,341.54,2,1
325.66,0.5,61.95,263.72,1,1
326.63,0.5,40.22,286.41,1,1
229.68,0.0,36.22,193.46,0,1
208.55,0.0,30.22,178.33,0,1
331.73,0.5,45.32,286.41,1,1
205.9,0.0,20.0,185.9,0,1
426.38,1.0,99.97,326.41,2,1
302.0,0.5,53.41,248.59,1,1
180.02,0.0,16.81,163.21,0,1
225.71,0.0,39.81,185.9,0,1
175.21,0.0,12.0,163.21,0,1
246.0,0.0,52.54,193.46,0,1
210.55,0.0,32.22,178.33,0,1
328.85,0.5,65.14,263.72,1,1
441.45,1.0,92.35,349.1,2,1
206.01,0.0,20.11,185.9,0,1
536.64,1.5,87.03,449.62,3,1
310.43,0.5,61.84,248.59,1,1
326.17,0.5,47.32,278.85,1,1
329.91,0.5,73.76,256.15,1,1
197.58,0.0,26.81,170.77,0,1
187.77,0.0,17.0,170.77,0,1
477.76,1.0,90.84,386.92,2,1
371.71,0.5,92.86,278.85,1,1
215.31,0.0,44.54,170.77,0,1
215.55,0.0,37.22,178.33,0,1
248.39,0.0,70.05,178.33,0,1
215.9,0.0,30.0,185.9,0,1
183.21,0.0,20.0,163.21,0,1
216.71,0.0,30.81,185.9,0,1
450.99,1.0,86.76,364.23,2,1
241.58,0.0,63.24,178.33,0,1
204.33,0.0,26.0,178.33,0,1
206.33,0.0,28.0,178.33,0,1
440.04,1.5,35.81,404.23,3,1
289.67,0.5,33.51,256.15,1,1
220.71,0.0,34.81,185.9,0,1
362.87,0.5,76.46,286.41,1,1
259.79,0.0,81.46,178.33,0,1
247.98,0.0,69.65,178.33,0,1
289.67,0.5,33.51,256.15,1,1
208.39,0.0,37.62,170.77,0,1
287.07,0.5,30.92,256.15,1,1
191.42,0.0,28.22,163.21,0,1
374.44,1.0,48.03,326.41,2,1
286.96,0.5,30.81,256.15,1,1
345.42,0.5,89.27,256.15,1,1
212.27,0.0,18.81,193.46,0,1
258.76,0.0,57.73,201.03,0,1
469.4,1.5,87.86,381.54,3,1
243.3,0.0,49.84,193.46,0,1
320.94,0.5,72.35,248.59,1,1
370.35,1.0,28.81,341.54,2,1
194.33,0.0,16.0,178.33,0,1
218.22,0.0,32.32,185.9,0,1
412.4,1.0,55.73,356.67,2,1
432.51,1.0,90.97,341.54,2,1
198.6,0.0,12.7,185.9,0,1
186.88,0.0,16.11,170.77,0,1
301.96,0.5,45.81,256.15,1,1
456.73,1.0,115.19,341.54,2,1
254.5,0.0,76.16,178.33,0,1
517.54,1.5,83.05,434.49,3,1
421.61,1.0,64.95,356.67,2,1
368.96,0.5,97.68,271.28,1,1
209.46,0.0,16.0,193.46,0,1
274.87,0.0,88.97,185.9,0,1
402.85,1.0,38.62,364.23,2,1
201.9,0.0,16.0,185.9,0,1
339.23,0.5,67.95,271.28,1,1
309.09,0.5,37.81,271.28,1,1
195.14,0.0,16.81,178.33,0,1
328.96,0.5,65.24,263.72,1,1
204.14,0.0,25.81,178.33,0,1
430.23,1.5,26.0,404.23,3,1
186.33,0.0,8.0,178.33,0,1
412.88,1.0,56.22,356.67,2,1
258.98,0.0,80.65,178.33,0,1
204.9,0.0,19.0,185.9,0,1
262.9,0.0,84.57,178.33,0,1
169.21,0.0,6.0,163.21,0,1
373.68,0.5,87.27,286.41,1,1
228.27,0.0,34.81,193.46,0,1
360.55,0.5,74.14,286.41,1,1
239.08,0.0,45.62,193.46,0,1
462.18,1.0,113.08,349.1,2,1
262.97,0.0,61.95,201.03,0,1
403.18,1.0,46.51,356.67,2,1
194.33,0.0,16.0,178.33,0,1
488.39,1.5,84.16,404.23,3,1
485.15,1.0,128.49,356.67,2,1
212.16,0.0,18.7,193.46,0,1
322.69,0.5,66.54,256.15,1,1
334.88,0.5,71.16,263.72,1,1
379.02,0.5,115.3,263.72,1,1
412.15,1.0,47.92,364.23,2,1
211.41,0.0,25.51,185.9,0,1
198.33,0.0,20.0,178.33,0,1
341.98,0.5,63.14,278.85,1,1
534.46,1.5,99.97,434.49,3,1
222.13,0.0,21.11,201.03,0,1
256.55,0.0,70.65,185.9,0,1
177.31,0.0,14.11,163.21,0,1
171.91,0.0,8.7,163.21,0,1
379.86,1.0,38.32,341.54,2,1
212.71,0.0,26.81,185.9,0,1
354.95,0.5,68.54,286.41,1,1
318.06,0.5,39.22,278.85,1,1
377.16,1.0,35.62,341.54,2,1
305.28,0.5,34.0,271.28,1,1
243.03,0.0,42.0,201.03,0,1
201.14,0.0,22.81,178.33,0,1
190.77,0.0,20.0,170.77,0,1
503.51,1.0,169.54,333.97,2,1
384.81,1.0,35.7,349.1,2,1
274.76,0.0,88.86,185.9,0,1
425.0,1.0,83.46,341.54,2,1
202.33,0.0,24.0,178.33,0,1
183.31,0.0,20.11,163.21,0,1
399.38,1.0,57.84,341.54,2,1
317.55,0.5,38.7,278.85,1,1
209.9,0.0,24.0,185.9,0,1
198.28,0.0,27.51,170.77,0,1
365.64,0.5,109.49,256.15,1,1
196.33,0.0,18.0,178.33,0,1
454.94,1.0,98.27,356.67,2,1
217.9,0.0,32.0,185.9,0,1
212.33,0.0,34.0,178.33,0,1
350.29,0.5,86.57,263.72,1,1
174.61,0.0,11.41,163.21,0,1
333.82,0.5,47.41,286.41,1,1
214.6,0.0,28.7,185.9,0,1
212.33,0.0,34.0,178.33,0,1
466.12,1.5,54.32,411.79,3,1
342.84,0.5,56.43,286.41,1,1
337.03,0.5,50.62,286.41,1,1
420.69,1.0,64.03,356.67,2,1
214.33,0.0,36.0,178.33,0,1
405.88,1.0,49.22,356.67,2,1
203.25,0.0,24.92,178.33,0,1
379.75,1.0,38.22,341.54,2,1
373.46,0.5,87.05,286.41,1,1
228.77,0.0,50.43,178.33,0,1
208.66,0.0,30.32,178.33,0,1
551.48,1.5,101.86,449.62,3,1
226.82,0.0,40.92,185.9,0,1
339.39,0.5,60.54,278.85,1,1
243.09,0.0,64.76,178.33,0,1
405.39,1.0,101.68,303.72,2,1
400.08,1.0,58.54,341.54,2,1
280.26,0.5,24.11,256.15,1,1
333.98,0.5,55.14,278.85,1,1
226.22,0.0,40.32,185.9,0,1
177.31,0.0,14.11,163.21,0,1
515.57,1.5,88.65,426.92,3,1
197.9,0.0,12.0,185.9,0,1
547.62,2.0,73.14,474.49,4,1
351.95,0.5,65.54,286.41,1,1
206.33,0.0,28.0,178.33,0,1
509.48,1.5,67.43,442.05,3,1
224.84,0.0,23.81,201.03,0,1
208.01,0.0,22.11,185.9,0,1
198.33,0.0,20.0,178.33,0,1
187.21,0.0,24.0,163.21,0,1
351.18,0.5,87.46,263.72,1,1
231.42,0.0,60.65,170.77,0,1
470.61,1.5,58.81,411.79,3,1
202.33,0.0,24.0,178.33,0,1
281.26,0.5,25.11,256.15,1,1
476.68,1.0,142.7,333.97,2,1
366.33,1.0,39.92,326.41,2,1
205.9,0.0,20.0,185.9,0,1
231.89,0.0,38.43,193.46,0,1
299.11,0.5,65.65,233.46,1,1
185.21,0.0,22.0,163.21,0,1
328.61,0.5,72.46,256.15,1,1
212.71,0.0,26.81,185.9,0,1
403.36,1.0,76.95,326.41,2,1
275.0,0.5,26.41,248.59,1,1
571.42,2.0,74.24,497.18,4,1
228.54,0.0,27.51,201.03,0,1
337.87,0.5,59.03,278.85,1,1
448.16,1.0,114.19,333.97,2,1
205.9,0.0,20.0,185.9,0,1
231.53,0.0,60.76,170.77,0,1
196.74,0.0,18.41,178.33,0,1
273.56,0.5,17.41,256.15,1,1
179.21,0.0,16.0,163.21,0,1
315.72,0.5,52.0,263.72,1,1
323.92,0.5,37.51,286.41,1,1
297.78,0.5,41.62,256.15,1,1
543.41,2.0,84.05,459.36,4,1
205.46,0.0,12.0,193.46,0,1
373.36,0.5,102.08,271.28,1,1
294.64,0.5,30.92,263.72,1,1
173.21,0.0,10.0,163.21,0,1
221.71,0.0,35.81,185.9,0,1
472.61,1.5,75.95,396.67,3,1
349.55,0.5,63.14,286.41,1,1
409.76,1.0,83.35,326.41,2,1
379.55,1.0,53.14,326.41,2,1
365.66,1.0,46.81,318.85,2,1
303.18,0.5,47.03,256.15,1,1
471.28,1.5,51.92,419.36,3,1
307.99,0.5,51.84,256.15,1,1
366.33,1.0,39.92,326.41,2,1
218.38,0.0,24.92,193.46,0,1
211.74,0.0,33.41,178.33,0,1
374.76,0.5,88.35,286.41,1,1
318.54,0.5,69.95,248.59,1,1
215.9,0.0,30.0,185.9,0,1
389.27,1.0,47.73,341.54,2,1
182.47,0.0,11.7,170.77,0,1
174.61,0.0,11.41,163.21,0,1
352.74,0.5,81.46,271.28,1,1
204.6,0.0,18.7,185.9,0,1
187.21,0.0,24.0,163.21,0,1
190.77,0.0,20.0,170.77,0,1
449.64,1.5,45.41,404.23,3,1
574.91,2.0,77.73,497.18,4,1
563.45,2.0,73.84,489.62,4,1
205.46,0.0,12.0,193.46,0,1
355.44,0.5,84.16,271.28,1,1
535.36,1.5,123.57,411.79,3,1
257.36,0.0,71.46,185.9,0,1
222.27,0.0,28.81,193.46,0,1
384.3,1.0,50.32,333.97,2,1
171.21,0.0,8.0,163.21,0,1
289.35,0.5,48.32,241.03,1,1
415.64,1.0,66.54,349.1,2,1
282.43,0.0,88.97,193.46,0,1
264.9,0.0,86.57,178.33,0,1
743.29,3.0,113.16,630.13,6,1
380.75,1.0,39.22,341.54,2,1
222.27,0.0,28.81,193.46,0,1
217.25,0.0,38.92,178.33,0,1
235.58,0.0,57.24,178.33,0,1
209.9,0.0,24.0,185.9,0,1
414.99,1.0,58.32,356.67,2,1
226.66,0.0,48.32,178.33,0,1
214.11,0.0,28.22,185.9,0,1
171.21,0.0,8.0,163.21,0,1
177.31,0.0,14.11,163.21,0,1
191.28,0.0,20.51,170.77,0,1
487.81,1.5,106.27,381.54,3,1
302.34,0.5,38.62,263.72,1,1
332.28,0.5,53.43,278.85,1,1
382.54,0.5,88.57,293.97,1,1
398.18,1.0,41.51,356.67,2,1
228.36,0.0,50.03,178.33,0,1
339.01,0.5,67.73,271.28,1,1
195.9,0.0,10.0,185.9,0,1
330.73,0.5,44.32,286.41,1,1
213.9,0.0,28.0,185.9,0,1
183.21,0.0,20.0,163.21,0,1
202.14,0.0,23.81,178.33,0,1
232.12,0.0,61.35,170.77,0,1
317.66,0.5,38.81,278.85,1,1
280.26,0.5,24.11,256.15,1,1
441.42,1.0,69.62,371.79,2,1
355.09,0.5,76.24,278.85,1,1
439.92,1.0,98.38,341.54,2,1
197.85,0.0,19.51,178.33,0,1
169.21,0.0,6.0,163.21,0,1
354.17,0.5,75.32,278.85,1,1
239.79,0.0,46.32,193.46,0,1
195.44,0.0,17.11,178.33,0,1
308.28,0.5,37.0,271.28,1,1
468.66,1.5,64.43,404.23,3,1
498.67,1.0,157.14,341.54,2,1
454.04,1.0,82.24,371.79,2,1
229.84,0.0,28.81,201.03,0,1
214.9,0.0,44.14,170.77,0,1
471.86,1.5,82.76,389.1,3,1
324.11,0.5,37.7,286.41,1,1
246.24,0.0,45.22,201.03,0,1
216.9,0.0,31.0,185.9,0,1
253.28,0.0,74.95,178.33,0,1
203.9,0.0,18.0,185.9,0,1
256.93,0.0,86.16,170.77,0,1
204.3,0.0,18.41,185.9,0,1
312.82,0.5,26.41,286.41,1,1
280.37,0.5,24.22,256.15,1,1
192.33,0.0,14.0,178.33,0,1
203.44,0.0,25.11,178.33,0,1
483.54,1.5,56.62,426.92,3,1
320.64,0.5,72.05,248.59,1,1
468.91,1.0,104.68,364.23,2,1
415.01,1.0,43.22,371.79,2,1
220.11,0.0,34.22,185.9,0,1
197.85,0.0,19.51,178.33,0,1
214.01,0.0,28.11,185.9,0,1
193.74,0.0,15.41,178.33,0,1
388.37,1.0,31.7,356.67,2,1
355.53,0.5,99.38,256.15,1,1
188.88,0.0,18.11,170.77,0,1
259.79,0.0,81.46,178.33,0,1
277.67,0.5,21.51,256.15,1,1
341.5,1.0,30.22,311.28,2,1
182.77,0.0,12.0,170.77,0,1
266.76,0.0,80.86,185.9,0,1
171.21,0.0,8.0,163.21,0,1
466.99,1.5,70.32,396.67,3,1
330.66,0.5,66.95,263.72,1,1
330.52,0.5,44.11,286.41,1,1
282.7,0.5,34.11,248.59,1,1
394.55,1.0,68.14,326.41,2,1
256.55,0.0,70.65,185.9,0,1
394.9,1.0,76.05,318.85,2,1
171.21,0.0,8.0,163.21,0,1
394.08,1.0,52.54,341.54,2,1
185.58,0.0,14.81,170.77,0,1
171.21,0.0,8.0,163.21,0,1
518.82,1.5,99.46,419.36,3,1
351.95,0.5,65.54,286.41,1,1
206.9,0.0,21.0,185.9,0,1
377.87,1.0,59.03,318.85,2,1
253.34,0.0,82.57,170.77,0,1
394.67,1.0,38.0,356.67,2,1
415.43,1.0,81.46,333.97,2,1
217.84,0.0,16.81,201.03,0,1
389.86,1.0,48.32,341.54,2,1
208.6,0.0,22.7,185.9,0,1
280.49,0.0,79.46,201.03,0,1
213.52,0.0,27.62,185.9,0,1
171.21,0.0,8.0,163.21,0,1
222.77,0.0,44.43,178.33,0,1
404.88,1.0,48.22,356.67,2,1
203.04,0.0,24.7,178.33,0,1
255.09,0.0,76.76,178.33,0,1
322.96,0.5,59.24,263.72,1,1
211.25,0.0,32.92,178.33,0,1
208.6,0.0,22.7,185.9,0,1
286.81,0.5,38.22,248.59,1,1
217.9,0.0,32.0,185.9,0,1
258.46,0.5,25.0,233.46,1,1
227.47,0.0,49.14,178.33,0,1
226.36,0.0,48.03,178.33,0,1
371.1,0.5,107.38,263.72,1,1
397.97,1.0,56.43,341.54,2,1
369.05,1.0,27.51,341.54,2,1
248.38,0.0,54.92,193.46,0,1
459.69,1.0,95.46,364.23,2,1
437.32,1.0,80.65,356.67,2,1
227.57,0.0,34.11,193.46,0,1
206.01,0.0,20.11,185.9,0,1
222.41,0.0,36.51,185.9,0,1
188.17,0.0,17.41,170.77,0,1
188.17,0.0,17.41,170.77,0,1
389.14,0.5,95.16,293.97,1,1
196.77,0.0,26.0,170.77,0,1
342.2,1.0,30.92,311.28,2,1
171.21,0.0,8.0,163.21,0,1
273.56,0.5,17.41,256.15,1,1
304.57,0.5,63.54,241.03,1,1
496.98,1.5,77.62,419.36,3,1
406.22,1.0,72.24,333.97,2,1
369.01,0.5,90.16,278.85,1,1
200.55,0.0,22.22,178.33,0,1
422.45,1.0,73.35,349.1,2,1
481.65,1.0,140.11,341.54,2,1
356.44,0.5,85.16,271.28,1,1
321.89,0.5,80.86,241.03,1,1
455.68,1.0,121.7,333.97,2,1
195.9,0.0,10.0,185.9,0,1
344.88,1.0,48.73,296.15,2,1
207.9,0.0,22.0,185.9,0,1
199.04,0.0,20.7,178.33,0,1
589.15,2.0,76.84,512.31,4,1
211.46,0.0,18.0,193.46,0,1
216.33,0.0,38.0,178.33,0,1
345.6,0.5,51.62,293.97,1,1
398.08,1.0,56.54,341.54,2,1
350.13,0.5,93.97,256.15,1,1
204.01,0.0,18.11,185.9,0,1
253.65,0.0,67.76,185.9,0,1
365.13,0.5,124.11,241.03,1,1
334.33,0.5,47.92,286.41,1,1
395.07,1.0,38.41,356.67,2,1
360.36,1.0,41.51,318.85,2,1
226.55,0.0,48.22,178.33,0,1
353.82,0.5,67.41,286.41,1,1
426.71,1.0,54.92,371.79,2,1
368.35,1.0,26.81,341.54,2,1
208.01,0.0,22.11,185.9,0,1
235.27,0.0,41.81,193.46,0,1
315.1,0.5,58.95,256.15,1,1
293.21,0.5,44.62,248.59,1,1
376.81,0.5,128.22,248.59,1,1
169.21,0.0,6.0,163.21,0,1
206.44,0.0,28.11,178.33,0,1
422.56,1.0,58.32,364.23,2,1
202.33,0.0,24.0,178.33,0,1
206.44,0.0,28.11,178.33,0,1
184.17,0.0,13.41,170.77,0,1
448.99,1.0,84.76,364.23,2,1
337.02,0.5,80.86,256.15,1,1
319.4,0.5,63.24,256.15,1,1
407.69,1.0,51.03,356.67,2,1
217.95,0.0,39.62,178.33,0,1
201.44,0.0,23.11,178.33,0,1
202.33,0.0,24.0,178.33,0,1
440.39,1.0,129.11,311.28,2,1
184.33,0.0,6.0,178.33,0,1
402.25,1.0,75.84,326.41,2,1
347.84,0.5,61.43,286.41,1,1
351.3,0.5,57.32,293.97,1,1
210.33,0.0,32.0,178.33,0,1
194.88,0.0,24.11,170.77,0,1
348.9,0.5,70.05,278.85,1,1
242.82,0.0,72.05,170.77,0,1
219.9,0.0,34.0,185.9,0,1
227.3,0.0,41.41,185.9,0,1
284.24,0.5,43.22,241.03,1,1
416.1,1.0,112.38,303.72,2,1
188.77,0.0,18.0,170.77,0,1
312.61,0.5,41.32,271.28,1,1
415.1,1.0,58.43,356.67,2,1
194.33,0.0,16.0,178.33,0,1
174.61,0.0,11.41,163.21,0,1
343.18,0.5,79.46,263.72,1,1
200.33,0.0,22.0,178.33,0,1
229.9,0.0,44.0,185.9,0,1
206.33,0.0,28.0,178.33,0,1
326.85,0.5,63.14,263.72,1,1
196.77,0.0,26.0,170.77,0,1
262.6,0.0,84.27,178.33,0,1
314.97,0.5,73.95,241.03,1,1
204.5,0.0,33.73,170.77,0,1
214.01,0.0,28.11,185.9,0,1
500.39,1.5,81.03,419.36,3,1
203.9,0.0,18.0,185.9,0,1
187.21,0.0,24.0,163.21,0,1
429.48,1.5,32.81,396.67,3,1
240.33,0.0,54.43,185.9,0,1
311.83,0.5,63.24,248.59,1,1
193.74,0.0,15.41,178.33,0,1
177.21,0.0,14.0,163.21,0,1
201.74,0.0,23.41,178.33,0,1
202.33,0.0,24.0,178.33,0,1
215.41,0.0,29.51,185.9,0,1
218.66,0.0,40.32,178.33,0,1
310.5,0.5,39.22,271.28,1,1
236.98,0.0,43.51,193.46,0,1
318.1,0.5,61.95,256.15,1,1
171.21,0.0,8.0,163.21,0,1
177.31,0.0,14.11,163.21,0,1
395.09,0.5,108.68,286.41,1,1
326.75,0.5,78.16,248.59,1,1
184.33,0.0,6.0,178.33,0,1
181.61,0.0,18.41,163.21,0,1
329.56,0.5,65.84,263.72,1,1
410.19,1.0,68.65,341.54,2,1
449.61,1.5,37.81,411.79,3,1
324.8,0.5,68.65,256.15,1,1
260.27,0.5,26.81,233.46,1,1
178.91,0.0,15.7,163.21,0,1
381.75,1.0,40.22,341.54,2,1
209.14,0.0,30.81,178.33,0,1
184.31,0.0,21.11,163.21,0,1
305.59,0.5,49.43,256.15,1,1
320.36,0.5,41.51,278.85,1,1
221.9,0.0,36.0,185.9,0,1
193.21,0.0,30.0,163.21,0,1
307.94,0.5,59.35,248.59,1,1
385.05,1.0,43.51,341.54,2,1
179.21,0.0,16.0,163.21,0,1
222.6,0.0,36.7,185.9,0,1
189.21,0.0,26.0,163.21,0,1
433.0,1.0,91.46,341.54,2,1
244.28,0.0,65.95,178.33,0,1
182.77,0.0,12.0,170.77,0,1
273.09,0.0,94.76,178.33,0,1
408.9,1.0,90.05,318.85,2,1
390.57,1.0,49.03,341.54,2,1
377.73,1.0,51.32,326.41,2,1
374.56,1.0,70.84,303.72,2,1
171.91,0.0,8.7,163.21,0,1
226.92,0.0,41.03,185.9,0,1
297.78,0.5,41.62,256.15,1,1
443.02,1.0,86.35,356.67,2,1
235.47,0.0,57.14,178.33,0,1
353.61,1.0,42.32,311.28,2,1
371.05,1.0,29.51,341.54,2,1
369.65,1.0,28.11,341.54,2,1
366.19,1.0,32.22,333.97,2,1
440.23,1.0,83.57,356.67,2,1
264.87,0.0,78.97,185.9,0,1
321.54,0.5,72.95,248.59,1,1
280.37,0.5,24.22,256.15,1,1
387.11,1.0,53.14,333.97,2,1
245.89,0.0,52.43,193.46,0,1
371.44,1.0,45.03,326.41,2,1
346.58,0.5,82.86,263.72,1,1
186.77,0.0,16.0,170.77,0,1
180.21,0.0,17.0,163.21,0,1
388.46,1.0,46.92,341.54,2,1
352.79,0.5,73.95,278.85,1,1
329.75,0.5,81.16,248.59,1,1
609.88,2.0,105.14,504.74,4,1
217.68,0.0,24.22,193.46,0,1
292.93,0.5,29.22,263.72,1,1
370.71,0.5,91.86,278.85,1,1
253.44,0.0,67.54,185.9,0,1
281.94,0.5,40.92,241.03,1,1
435.93,1.5,31.7,404.23,3,1
182.77,0.0,12.0,170.77,0,1
407.53,1.0,58.43,349.1,2,1
329.98,0.5,51.14,278.85,1,1
319.64,0.5,55.92,263.72,1,1
370.35,1.0,28.81,341.54,2,1
205.3,0.0,19.41,185.9,0,1
290.37,0.5,34.22,256.15,1,1
412.87,1.0,86.46,326.41,2,1
213.46,0.0,20.0,193.46,0,1
433.77,1.0,69.54,364.23,2,1
334.16,0.5,85.57,248.59,1,1
434.83,1.0,78.16,356.67,2,1
206.01,0.0,20.11,185.9,0,1
363.6,0.5,84.76,278.85,1,1
444.4,1.0,102.86,341.54,2,1
