"Total_Cost","Ratio_Reloc_Prod","Horiz_Cost","Vert_Cost","nReloc","non_Optimal"
225973.07,0.4453,36903.31,189070.12,668,750
227.19,0.0,33.73,193.46,0,1
203.46,0.0,10.0,193.46,0,1
358.01,0.5,79.16,278.85,1,1
237.58,0.0,59.24,178.33,0,1
220.68,0.0,27.22,193.46,0,1
300.64,0.5,36.92,263.72,1,1
400.22,1.0,66.24,333.97,2,1
212.87,0.0,19.41,193.46,0,1
246.98,0.0,68.65,178.33,0,1
417.43,1.0,68.32,349.1,2,1
420.42,1.0,48.62,371.79,2,1
232.38,0.0,38.92,193.46,0,1
223.46,0.0,30.0,193.46,0,1
220.57,0.0,27.11,193.46,0,1
209.41,0.0,23.51,185.9,0,1
330.11,0.5,43.7,286.41,1,1
213.9,0.0,28.0,185.9,0,1
215.95,0.0,37.62,178.33,0,1
336.37,0.5,72.65,263.72,1,1
424.45,1.0,60.22,364.23,2,1
376.93,0.5,98.08,278.85,1,1
213.46,0.0,20.0,193.46,0,1
242.84,0.0,56.95,185.9,0,1
265.36,0.0,79.46,185.9,0,1
248.5,0.0,70.16,178.33,0,1
319.17,0.5,40.32,278.85,1,1
202.01,0.0,16.11,185.9,0,1
231.84,0.0,30.81,201.03,0,1
462.2,1.5,50.41,411.79,3,1
440.02,1.0,83.35,356.67,2,1
298.43,0.5,49.84,248.59,1,1
321.33,0.5,34.92,286.41,1,1
196.6,0.0,10.7,185.9,0,1
244.61,0.0,88.97,155.64,0,1
201.9,0.0,16.0,185.9,0,1
261.31,0.0,82.97,178.33,0,1
342.98,0.5,64.14,278.85,1,1
302.23,0.5,38.51,263.72,1,1
532.85,1.5,113.49,419.36,3,1
425.61,1.0,68.95,356.67,2,1
448.79,1.5,37.0,411.79,3,1
328.92,0.5,42.51,286.41,1,1
199.44,0.0,21.11,178.33,0,1
342.17,0.5,63.32,278.85,1,1
382.62,1.0,33.51,349.1,2,1
342.89,0.5,48.92,293.97,1,1
500.74,1.5,88.95,411.79,3,1
213.11,0.0,27.22,185.9,0,1
206.44,0.0,28.11,178.33,0,1
616.8,2.0,112.05,504.74,4,1
442.33,1.0,108.35,333.97,2,1
299.15,0.5,43.0,256.15,1,1
247.24,0.0,46.22,201.03,0,1
342.44,0.5,56.03,286.41,1,1
564.21,2.0,67.03,497.18,4,1
298.18,0.5,42.03,256.15,1,1
422.78,1.0,81.24,341.54,2,1
318.95,0.5,40.11,278.85,1,1
227.63,0.0,41.73,185.9,0,1
309.59,0.5,53.43,256.15,1,1
294.78,0.5,38.62,256.15,1,1
229.38,0.0,35.92,193.46,0,1
354.65,0.5,68.24,286.41,1,1
197.04,0.0,18.7,178.33,0,1
457.99,1.0,93.76,364.23,2,1
202.6,0.0,16.7,185.9,0,1
179.21,0.0,16.0,163.21,0,1
280.28,0.0,94.38,185.9,0,1
198.33,0.0,20.0,178.33,0,1
497.01,1.5,77.65,419.36,3,1
287.05,0.5,46.03,241.03,1,1
490.81,1.5,56.32,434.49,3,1
538.76,1.5,104.27,434.49,3,1
241.03,0.0,55.14,185.9,0,1
232.98,0.0,39.51,193.46,0,1
222.57,0.0,29.11,193.46,0,1
468.05,1.0,111.38,356.67,2,1
208.9,0.0,23.0,185.9,0,1
319.82,0.5,33.41,286.41,1,1
399.59,1.0,42.92,356.67,2,1
198.33,0.0,20.0,178.33,0,1
259.93,0.0,89.16,170.77,0,1
236.87,0.0,58.54,178.33,0,1
176.21,0.0,13.0,163.21,0,1
177.31,0.0,14.11,163.21,0,1
171.91,0.0,8.7,163.21,0,1
253.79,0.0,75.46,178.33,0,1
192.77,0.0,22.0,170.77,0,1
171.91,0.0,8.7,163.21,0,1
253.25,0.0,67.35,185.9,0,1
207.9,0.0,22.0,185.9,0,1
179.21,0.0,16.0,163.21,0,1
230.92,0.0,45.03,185.9,0,1
466.71,1.5,54.92,411.79,3,1
181.21,0.0,18.0,163.21,0,1
486.9,1.5,67.54,419.36,3,1
417.57,1.0,76.03,341.54,2,1
483.37,1.5,79.14,404.23,3,1
459.47,1.5,40.11,419.36,3,1
436.28,1.0,72.05,364.23,2,1
242.87,0.0,64.54,178.33,0,1
298.85,0.5,20.0,278.85,1,1
464.01,1.5,52.22,411.79,3,1
342.63,0.5,71.35,271.28,1,1
216.87,0.0,23.41,193.46,0,1
573.65,2.0,99.16,474.49,4,1
188.33,0.0,10.0,178.33,0,1
177.91,0.0,14.7,163.21,0,1
199.33,0.0,21.0,178.33,0,1
355.36,0.5,68.95,286.41,1,1
381.28,1.0,62.43,318.85,2,1
435.06,1.0,55.7,379.36,2,1
272.22,0.0,78.76,193.46,0,1
307.06,0.5,28.22,278.85,1,1
301.67,0.5,45.51,256.15,1,1
280.71,0.0,102.38,178.33,0,1
253.41,0.0,59.95,193.46,0,1
205.9,0.0,20.0,185.9,0,1
245.14,0.0,59.24,185.9,0,1
208.9,0.0,23.0,185.9,0,1
243.58,0.0,65.24,178.33,0,1
397.32,1.0,48.22,349.1,2,1
210.09,0.0,39.32,170.77,0,1
208.01,0.0,22.11,185.9,0,1
343.84,0.5,57.43,286.41,1,1
460.97,1.0,127.0,333.97,2,1
394.18,1.0,37.51,356.67,2,1
194.33,0.0,16.0,178.33,0,1
196.14,0.0,17.81,178.33,0,1
312.34,0.5,48.62,263.72,1,1
177.21,0.0,14.0,163.21,0,1
353.58,0.5,89.86,263.72,1,1
200.33,0.0,22.0,178.33,0,1
339.28,1.0,28.0,311.28,2,1
207.41,0.0,21.51,185.9,0,1
174.61,0.0,11.41,163.21,0,1
217.3,0.0,31.41,185.9,0,1
352.74,0.5,81.46,271.28,1,1
442.6,1.0,116.19,326.41,2,1
299.93,0.5,36.22,263.72,1,1
326.96,0.5,63.24,263.72,1,1
360.06,0.5,73.65,286.41,1,1
177.31,0.0,14.11,163.21,0,1
200.04,0.0,21.7,178.33,0,1
304.25,0.5,25.41,278.85,1,1
212.71,0.0,26.81,185.9,0,1
198.44,0.0,20.11,178.33,0,1
527.19,1.5,100.27,426.92,3,1
175.21,0.0,12.0,163.21,0,1
302.34,0.5,38.62,263.72,1,1
324.96,0.5,61.24,263.72,1,1
400.78,1.0,59.24,341.54,2,1
194.33,0.0,16.0,178.33,0,1
415.5,1.0,58.84,356.67,2,1
443.63,1.0,71.84,371.79,2,1
344.14,0.5,57.73,286.41,1,1
187.21,0.0,24.0,163.21,0,1
373.81,0.5,79.84,293.97,1,1
326.34,0.5,62.62,263.72,1,1
342.55,0.5,56.14,286.41,1,1
396.83,1.0,47.73,349.1,2,1
194.33,0.0,16.0,178.33,0,1
256.95,0.0,71.05,185.9,0,1
304.74,0.5,41.03,263.72,1,1
292.02,0.5,43.43,248.59,1,1
286.53,0.5,22.81,263.72,1,1
396.67,1.0,55.14,341.54,2,1
491.28,1.0,119.49,371.79,2,1
506.39,1.5,102.16,404.23,3,1
215.16,0.0,21.7,193.46,0,1
218.22,0.0,32.32,185.9,0,1
307.93,0.5,44.22,263.72,1,1
470.77,1.5,66.54,404.23,3,1
260.06,0.0,74.16,185.9,0,1
198.33,0.0,20.0,178.33,0,1
218.01,0.0,32.11,185.9,0,1
277.84,0.5,36.81,241.03,1,1
171.91,0.0,8.7,163.21,0,1
320.58,0.5,41.73,278.85,1,1
339.73,0.5,53.32,286.41,1,1
491.09,1.5,71.73,419.36,3,1
271.0,0.5,22.41,248.59,1,1
504.33,1.5,69.84,434.49,3,1
497.44,1.5,85.65,411.79,3,1
251.79,0.0,73.46,178.33,0,1
364.46,0.5,78.05,286.41,1,1
242.34,0.0,71.57,170.77,0,1
527.8,1.0,171.14,356.67,2,1
196.74,0.0,18.41,178.33,0,1
438.77,1.0,74.54,364.23,2,1
237.13,0.0,36.11,201.03,0,1
217.3,0.0,31.41,185.9,0,1
208.55,0.0,30.22,178.33,0,1
250.55,0.0,64.65,185.9,0,1
193.33,0.0,15.0,178.33,0,1
177.31,0.0,14.11,163.21,0,1
347.61,1.0,36.32,311.28,2,1
171.21,0.0,8.0,163.21,0,1
185.47,0.0,14.7,170.77,0,1
229.52,0.0,43.62,185.9,0,1
169.21,0.0,6.0,163.21,0,1
512.13,1.5,130.59,381.54,3,1
189.47,0.0,18.7,170.77,0,1
355.76,0.5,69.35,286.41,1,1
381.22,0.5,102.38,278.85,1,1
650.08,2.0,168.03,482.05,4,1
334.96,0.5,71.24,263.72,1,1
387.0,1.0,53.03,333.97,2,1
238.82,0.0,68.05,170.77,0,1
234.33,0.0,48.43,185.9,0,1
399.06,1.0,72.65,326.41,2,1
491.68,1.5,72.32,419.36,3,1
213.46,0.0,20.0,193.46,0,1
221.9,0.0,36.0,185.9,0,1
455.05,1.0,98.38,356.67,2,1
219.68,0.0,26.22,193.46,0,1
415.59,1.0,74.05,341.54,2,1
215.25,0.0,36.92,178.33,0,1
223.63,0.0,37.73,185.9,0,1
461.4,1.5,64.73,396.67,3,1
248.14,0.0,62.24,185.9,0,1
211.41,0.0,25.51,185.9,0,1
336.21,0.5,80.05,256.15,1,1
187.02,0.0,23.81,163.21,0,1
262.09,0.0,83.76,178.33,0,1
226.66,0.0,48.32,178.33,0,1
428.43,1.0,94.46,333.97,2,1
210.04,0.0,31.7,178.33,0,1
254.41,0.0,60.95,193.46,0,1
325.66,0.5,61.95,263.72,1,1
331.63,0.5,45.22,286.41,1,1
229.68,0.0,36.22,193.46,0,1
208.55,0.0,30.22,178.33,0,1
331.73,0.5,45.32,286.41,1,1
205.9,0.0,20.0,185.9,0,1
433.95,1.0,99.97,333.97,2,1
302.0,0.5,53.41,248.59,1,1
180.02,0.0,16.81,163.21,0,1
228.11,0.0,42.22,185.9,0,1
175.21,0.0,12.0,163.21,0,1
300.43,0.5,51.84,248.59,1,1
194.99,0.0,24.22,170.77,0,1
334.26,0.5,70.54,263.72,1,1
428.53,1.0,79.43,349.1,2,1
307.39,0.5,36.11,271.28,1,1
533.94,1.5,84.32,449.62,3,1
284.3,0.5,50.84,233.46,1,1
323.01,0.5,51.73,271.28,1,1
341.77,0.5,78.05,263.72,1,1
211.14,0.0,32.81,178.33,0,1
185.21,0.0,22.0,163.21,0,1
485.87,1.0,98.95,386.92,2,1
371.71,0.5,92.86,278.85,1,1
215.31,0.0,44.54,170.77,0,1
215.55,0.0,37.22,178.33,0,1
248.39,0.0,70.05,178.33,0,1
215.9,0.0,30.0,185.9,0,1
183.21,0.0,20.0,163.21,0,1
220.71,0.0,34.81,185.9,0,1
450.99,1.0,86.76,364.23,2,1
231.01,0.0,60.24,170.77,0,1
179.21,0.0,16.0,163.21,0,1
206.33,0.0,28.0,178.33,0,1
410.19,1.0,68.65,341.54,2,1
289.56,0.5,33.41,256.15,1,1
210.71,0.0,24.81,185.9,0,1
370.98,0.5,84.57,286.41,1,1
244.23,0.0,73.46,170.77,0,1
237.17,0.0,58.84,178.33,0,1
289.67,0.5,33.51,256.15,1,1
222.66,0.0,44.32,178.33,0,1
278.96,0.5,22.81,256.15,1,1
341.03,0.5,54.62,286.41,1,1
373.03,1.0,46.62,326.41,2,1
286.96,0.5,30.81,256.15,1,1
345.42,0.5,89.27,256.15,1,1
212.27,0.0,18.81,193.46,0,1
258.76,0.0,57.73,201.03,0,1
469.4,1.5,87.86,381.54,3,1
243.3,0.0,49.84,193.46,0,1
308.38,0.5,67.35,241.03,1,1
370.35,1.0,28.81,341.54,2,1
194.33,0.0,16.0,178.33,0,1
296.18,0.5,40.03,256.15,1,1
412.4,1.0,55.73,356.67,2,1
441.37,1.0,92.27,349.1,2,1
263.29,0.5,14.7,248.59,1,1
188.88,0.0,18.11,170.77,0,1
383.79,1.0,49.81,333.97,2,1
456.73,1.0,115.19,341.54,2,1
254.5,0.0,76.16,178.33,0,1
525.4,1.5,83.35,442.05,3,1
421.61,1.0,64.95,356.67,2,1
368.96,0.5,97.68,271.28,1,1
209.46,0.0,16.0,193.46,0,1
274.87,0.0,88.97,185.9,0,1
402.85,1.0,38.62,364.23,2,1
201.9,0.0,16.0,185.9,0,1
339.23,0.5,67.95,271.28,1,1
309.09,0.5,37.81,271.28,1,1
195.14,0.0,16.81,178.33,0,1
328.96,0.5,65.24,263.72,1,1
204.14,0.0,25.81,178.33,0,1
425.93,1.5,21.7,404.23,3,1
186.33,0.0,8.0,178.33,0,1
412.88,1.0,56.22,356.67,2,1
258.98,0.0,80.65,178.33,0,1
204.9,0.0,19.0,185.9,0,1
262.9,0.0,84.57,178.33,0,1
169.21,0.0,6.0,163.21,0,1
373.68,0.5,87.27,286.41,1,1
212.01,0.0,26.11,185.9,0,1
360.55,0.5,74.14,286.41,1,1
239.08,0.0,45.62,193.46,0,1
465.89,1.0,116.78,349.1,2,1
262.97,0.0,61.95,201.03,0,1
398.18,1.0,41.51,356.67,2,1
194.33,0.0,16.0,178.33,0,1
488.39,1.5,84.16,404.23,3,1
589.97,1.5,155.49,434.49,3,1
184.33,0.0,6.0,178.33,0,1
222.11,0.0,36.22,185.9,0,1
315.96,0.5,52.24,263.72,1,1
489.26,1.0,132.59,356.67,2,1
400.59,1.0,43.92,356.67,2,1
177.31,0.0,14.11,163.21,0,1
171.91,0.0,8.7,163.21,0,1
316.85,0.5,38.0,278.85,1,1
516.36,1.5,104.57,411.79,3,1
222.13,0.0,21.11,201.03,0,1
256.55,0.0,70.65,185.9,0,1
216.71,0.0,30.81,185.9,0,1
198.33,0.0,20.0,178.33,0,1
387.91,1.0,38.81,349.1,2,1
205.9,0.0,20.0,185.9,0,1
420.56,1.0,56.32,364.23,2,1
271.84,0.5,30.81,241.03,1,1
377.16,1.0,35.62,341.54,2,1
305.28,0.5,34.0,271.28,1,1
223.46,0.0,30.0,193.46,0,1
209.25,0.0,30.92,178.33,0,1
204.33,0.0,26.0,178.33,0,1
400.72,0.5,152.14,248.59,1,1
404.37,1.0,47.7,356.67,2,1
356.69,0.5,92.97,263.72,1,1
293.89,0.0,92.86,201.03,0,1
189.21,0.0,26.0,163.21,0,1
179.21,0.0,16.0,163.21,0,1
402.08,1.0,60.54,341.54,2,1
314.8,0.5,43.51,271.28,1,1
209.9,0.0,24.0,185.9,0,1
198.28,0.0,27.51,170.77,0,1
276.26,0.0,105.49,170.77,0,1
178.91,0.0,15.7,163.21,0,1
291.3,0.0,90.27,201.03,0,1
210.33,0.0,32.0,178.33,0,1
212.33,0.0,34.0,178.33,0,1
344.88,0.5,81.16,263.72,1,1
171.91,0.0,8.7,163.21,0,1
335.33,0.5,48.92,286.41,1,1
214.6,0.0,28.7,185.9,0,1
183.21,0.0,20.0,163.21,0,1
458.66,1.5,54.43,404.23,3,1
346.84,0.5,60.43,286.41,1,1
337.03,0.5,50.62,286.41,1,1
420.69,1.0,64.03,356.67,2,1
214.33,0.0,36.0,178.33,0,1
405.88,1.0,49.22,356.67,2,1
203.25,0.0,24.92,178.33,0,1
385.75,1.0,44.22,341.54,2,1
373.46,0.5,87.05,286.41,1,1
243.74,0.0,57.84,185.9,0,1
197.85,0.0,19.51,178.33,0,1
547.78,1.5,98.16,449.62,3,1
234.38,0.0,40.92,193.46,0,1
343.09,0.5,64.24,278.85,1,1
243.09,0.0,64.76,178.33,0,1
409.39,1.0,105.68,303.72,2,1
419.8,1.0,63.14,356.67,2,1
442.2,1.5,30.41,411.79,3,1
456.56,1.5,52.32,404.23,3,1
228.22,0.0,42.32,185.9,0,1
181.21,0.0,18.0,163.21,0,1
480.63,1.5,68.84,411.79,3,1
210.87,0.0,17.41,193.46,0,1
461.96,1.5,57.73,404.23,3,1
346.55,0.5,60.14,286.41,1,1
212.71,0.0,26.81,185.9,0,1
546.94,2.0,57.32,489.62,4,1
226.54,0.0,25.51,201.03,0,1
208.01,0.0,22.11,185.9,0,1
198.33,0.0,20.0,178.33,0,1
188.77,0.0,18.0,170.77,0,1
259.95,0.0,74.05,185.9,0,1
236.66,0.0,73.46,163.21,0,1
384.62,1.0,35.51,349.1,2,1
202.33,0.0,24.0,178.33,0,1
281.26,0.5,25.11,256.15,1,1
460.52,1.0,134.11,326.41,2,1
433.02,1.5,43.92,389.1,3,1
223.46,0.0,30.0,193.46,0,1
237.3,0.0,43.84,193.46,0,1
322.1,0.5,65.95,256.15,1,1
183.21,0.0,20.0,163.21,0,1
386.04,1.0,74.76,311.28,2,1
212.71,0.0,26.81,185.9,0,1
397.15,1.0,85.86,311.28,2,1
275.0,0.5,26.41,248.59,1,1
646.41,2.5,86.54,559.87,5,1
228.54,0.0,27.51,201.03,0,1
337.87,0.5,59.03,278.85,1,1
387.02,0.5,123.3,263.72,1,1
196.33,0.0,18.0,178.33,0,1
247.5,0.0,69.16,178.33,0,1
173.21,0.0,10.0,163.21,0,1
289.23,0.5,25.51,263.72,1,1
201.74,0.0,23.41,178.33,0,1
217.14,0.0,38.81,178.33,0,1
318.41,0.5,32.0,286.41,1,1
296.26,0.5,40.11,256.15,1,1
625.21,2.5,103.16,522.05,5,1
205.46,0.0,12.0,193.46,0,1
373.36,0.5,102.08,271.28,1,1
361.33,1.0,34.92,326.41,2,1
179.21,0.0,16.0,163.21,0,1
221.71,0.0,35.81,185.9,0,1
468.61,1.5,71.95,396.67,3,1
353.25,0.5,66.84,286.41,1,1
413.36,1.0,86.95,326.41,2,1
201.09,0.0,30.32,170.77,0,1
278.1,0.5,29.51,248.59,1,1
314.45,0.5,50.73,263.72,1,1
471.28,1.5,51.92,419.36,3,1
253.04,0.0,82.27,170.77,0,1
404.92,1.0,70.95,333.97,2,1
218.38,0.0,24.92,193.46,0,1
263.9,0.0,85.57,178.33,0,1
365.9,0.5,87.05,278.85,1,1
333.8,0.5,77.65,256.15,1,1
215.9,0.0,30.0,185.9,0,1
389.27,1.0,47.73,341.54,2,1
182.47,0.0,11.7,170.77,0,1
174.61,0.0,11.41,163.21,0,1
427.0,1.0,85.46,341.54,2,1
204.6,0.0,18.7,185.9,0,1
198.77,0.0,28.0,170.77,0,1
193.42,0.0,30.22,163.21,0,1
442.07,1.5,45.41,396.67,3,1
589.74,2.0,77.43,512.31,4,1
501.92,1.5,67.43,434.49,3,1
229.03,0.0,28.0,201.03,0,1
344.63,0.5,73.35,271.28,1,1
514.23,1.5,117.57,396.67,3,1
351.74,0.5,80.46,271.28,1,1
193.04,0.0,14.7,178.33,0,1
392.41,1.0,58.43,333.97,2,1
171.21,0.0,8.0,163.21,0,1
296.91,0.5,48.32,248.59,1,1
489.9,1.5,70.54,419.36,3,1
229.68,0.0,36.22,193.46,0,1
312.22,0.5,78.76,233.46,1,1
395.27,1.0,53.73,341.54,2,1
416.74,1.0,52.51,364.23,2,1
218.82,0.0,32.92,185.9,0,1
303.18,0.5,47.03,256.15,1,1
250.79,0.0,72.46,178.33,0,1
207.9,0.0,22.0,185.9,0,1
387.86,1.0,46.32,341.54,2,1
226.66,0.0,48.32,178.33,0,1
203.09,0.0,32.32,170.77,0,1
171.21,0.0,8.0,163.21,0,1
177.31,0.0,14.11,163.21,0,1
189.58,0.0,18.81,170.77,0,1
487.81,1.5,106.27,381.54,3,1
302.34,0.5,38.62,263.72,1,1
332.28,0.5,53.43,278.85,1,1
515.93,1.5,96.57,419.36,3,1
413.15,1.0,48.92,364.23,2,1
242.42,0.0,71.65,170.77,0,1
393.65,1.0,67.24,326.41,2,1
206.46,0.0,13.0,193.46,0,1
400.59,1.0,43.92,356.67,2,1
202.33,0.0,24.0,178.33,0,1
183.31,0.0,20.11,163.21,0,1
197.74,0.0,19.41,178.33,0,1
309.34,0.5,45.62,263.72,1,1
330.63,0.5,44.22,286.41,1,1
284.26,0.5,28.11,256.15,1,1
515.51,1.5,81.03,434.49,3,1
354.09,0.5,75.24,278.85,1,1
516.61,1.5,112.38,404.23,3,1
197.85,0.0,19.51,178.33,0,1
169.21,0.0,6.0,163.21,0,1
236.41,0.0,50.51,185.9,0,1
328.31,0.5,57.03,271.28,1,1
298.37,0.5,42.22,256.15,1,1
302.98,0.5,31.7,271.28,1,1
414.4,1.0,57.73,356.67,2,1
504.38,1.0,162.84,341.54,2,1
330.37,0.5,66.65,263.72,1,1
229.84,0.0,28.81,201.03,0,1
214.9,0.0,44.14,170.77,0,1
456.5,1.5,59.84,396.67,3,1
399.18,1.0,42.51,356.67,2,1
218.68,0.0,25.22,193.46,0,1
194.33,0.0,16.0,178.33,0,1
242.58,0.0,64.24,178.33,0,1
174.61,0.0,11.41,163.21,0,1
434.58,1.0,123.3,311.28,2,1
207.71,0.0,21.81,185.9,0,1
345.25,0.5,58.84,286.41,1,1
280.37,0.5,24.22,256.15,1,1
192.33,0.0,14.0,178.33,0,1
217.41,0.0,31.51,185.9,0,1
502.57,1.5,75.65,426.92,3,1
319.1,0.5,62.95,256.15,1,1
468.91,1.0,104.68,364.23,2,1
412.9,1.0,41.11,371.79,2,1
212.55,0.0,34.22,178.33,0,1
211.41,0.0,25.51,185.9,0,1
298.53,0.5,34.81,263.72,1,1
202.44,0.0,24.11,178.33,0,1
376.35,1.0,34.81,341.54,2,1
281.28,0.0,95.38,185.9,0,1
333.98,0.5,55.14,278.85,1,1
240.33,0.0,54.43,185.9,0,1
336.8,1.0,25.51,311.28,2,1
342.09,1.0,30.81,311.28,2,1
177.47,0.0,6.7,170.77,0,1
261.36,0.0,75.46,185.9,0,1
193.74,0.0,15.41,178.33,0,1
379.3,1.0,45.32,333.97,2,1
380.09,1.0,61.24,318.85,2,1
186.88,0.0,16.11,170.77,0,1
225.25,0.0,46.92,178.33,0,1
302.43,0.5,53.84,248.59,1,1
251.14,0.0,65.24,185.9,0,1
484.74,1.5,72.95,411.79,3,1
215.9,0.0,30.0,185.9,0,1
423.85,1.0,59.62,364.23,2,1
193.14,0.0,14.81,178.33,0,1
171.21,0.0,8.0,163.21,0,1
350.6,0.5,71.76,278.85,1,1
351.95,0.5,65.54,286.41,1,1
206.9,0.0,21.0,185.9,0,1
459.59,1.5,62.92,396.67,3,1
347.47,0.5,83.76,263.72,1,1
210.6,0.0,24.7,185.9,0,1
400.36,1.0,73.95,326.41,2,1
217.84,0.0,16.81,201.03,0,1
389.86,1.0,48.32,341.54,2,1
216.82,0.0,30.92,185.9,0,1
210.95,0.0,32.62,178.33,0,1
196.33,0.0,18.0,178.33,0,1
182.72,0.0,19.51,163.21,0,1
262.97,0.0,61.95,201.03,0,1
330.63,0.5,44.22,286.41,1,1
181.21,0.0,18.0,163.21,0,1
297.36,0.5,71.46,225.9,1,1
220.06,0.0,41.73,178.33,0,1
211.2,0.0,40.43,170.77,0,1
320.06,0.5,41.22,278.85,1,1
215.3,0.0,29.41,185.9,0,1
282.56,0.5,26.41,256.15,1,1
192.88,0.0,22.11,170.77,0,1
248.44,0.0,62.54,185.9,0,1
242.58,0.0,64.24,178.33,0,1
370.1,0.5,106.38,263.72,1,1
400.67,1.0,59.14,341.54,2,1
369.05,1.0,27.51,341.54,2,1
308.32,0.5,59.73,248.59,1,1
264.22,0.0,70.76,193.46,0,1
357.68,0.5,78.84,278.85,1,1
224.87,0.0,31.41,193.46,0,1
196.44,0.0,18.11,178.33,0,1
229.63,0.0,43.73,185.9,0,1
213.14,0.0,34.81,178.33,0,1
177.31,0.0,14.11,163.21,0,1
461.15,1.0,89.35,371.79,2,1
189.21,0.0,26.0,163.21,0,1
373.87,1.0,55.03,318.85,2,1
171.21,0.0,8.0,163.21,0,1
332.69,1.0,21.41,311.28,2,1
295.05,0.5,54.03,241.03,1,1
464.45,1.5,60.22,404.23,3,1
379.44,1.0,53.03,326.41,2,1
366.76,0.5,80.35,286.41,1,1
200.55,0.0,22.22,178.33,0,1
243.6,0.0,50.14,193.46,0,1
430.79,1.0,104.38,326.41,2,1
231.17,0.0,52.84,178.33,0,1
213.9,0.0,43.14,170.77,0,1
569.81,1.5,142.89,426.92,3,1
195.9,0.0,10.0,185.9,0,1
204.12,0.0,40.92,163.21,0,1
198.74,0.0,20.41,178.33,0,1
183.21,0.0,20.0,163.21,0,1
581.18,2.0,76.43,504.74,4,1
211.46,0.0,18.0,193.46,0,1
314.53,0.5,50.81,263.72,1,1
361.81,0.5,67.84,293.97,1,1
398.08,1.0,56.54,341.54,2,1
345.77,0.5,82.05,263.72,1,1
215.57,0.0,22.11,193.46,0,1
387.09,0.5,100.68,286.41,1,1
421.56,1.0,125.41,296.15,2,1
334.33,0.5,47.92,286.41,1,1
374.94,1.0,33.41,341.54,2,1
346.8,1.0,35.51,311.28,2,1
206.28,0.0,35.51,170.77,0,1
405.1,1.0,56.0,349.1,2,1
413.79,1.0,42.0,371.79,2,1
282.12,0.5,18.41,263.72,1,1
177.31,0.0,14.11,163.21,0,1
204.44,0.0,26.11,178.33,0,1
357.66,1.0,38.81,318.85,2,1
293.21,0.5,44.62,248.59,1,1
432.23,1.0,128.51,303.72,2,1
169.21,0.0,6.0,163.21,0,1
204.33,0.0,26.0,178.33,0,1
412.69,1.0,56.03,356.67,2,1
198.33,0.0,20.0,178.33,0,1
202.33,0.0,24.0,178.33,0,1
203.85,0.0,25.51,178.33,0,1
451.28,1.0,87.05,364.23,2,1
425.7,1.0,84.16,341.54,2,1
229.47,0.0,51.14,178.33,0,1
341.55,0.5,55.14,286.41,1,1
286.94,0.5,45.92,241.03,1,1
176.21,0.0,13.0,163.21,0,1
206.33,0.0,28.0,178.33,0,1
495.64,1.5,98.97,396.67,3,1
184.33,0.0,6.0,178.33,0,1
398.9,1.0,80.05,318.85,2,1
298.16,0.5,57.14,241.03,1,1
351.3,0.5,57.32,293.97,1,1
207.33,0.0,29.0,178.33,0,1
204.33,0.0,26.0,178.33,0,1
439.72,1.0,83.05,356.67,2,1
396.55,1.0,70.14,326.41,2,1
212.55,0.0,34.22,178.33,0,1
300.59,0.5,44.43,256.15,1,1
283.19,0.5,49.73,233.46,1,1
239.53,0.0,68.76,170.77,0,1
187.04,0.0,8.7,178.33,0,1
392.75,1.0,51.22,341.54,2,1
469.26,1.5,65.03,404.23,3,1
194.33,0.0,16.0,178.33,0,1
226.92,0.0,41.03,185.9,0,1
320.41,0.5,34.0,286.41,1,1
208.33,0.0,30.0,178.33,0,1
182.21,0.0,19.0,163.21,0,1
179.21,0.0,16.0,163.21,0,1
332.91,0.5,76.76,256.15,1,1
189.21,0.0,26.0,163.21,0,1
339.61,0.5,83.46,256.15,1,1
369.33,1.0,42.92,326.41,2,1
188.28,0.0,17.51,170.77,0,1
210.01,0.0,24.11,185.9,0,1
473.26,1.5,69.03,404.23,3,1
211.46,0.0,18.0,193.46,0,1
202.33,0.0,24.0,178.33,0,1
370.35,1.0,28.81,341.54,2,1
255.84,0.0,69.95,185.9,0,1
320.8,0.5,64.65,256.15,1,1
218.82,0.0,32.92,185.9,0,1
204.85,0.0,26.51,178.33,0,1
220.06,0.0,41.73,178.33,0,1
188.33,0.0,10.0,178.33,0,1
199.58,0.0,28.81,170.77,0,1
323.85,0.5,60.14,263.72,1,1
338.87,0.5,60.03,278.85,1,1
300.07,0.5,43.92,256.15,1,1
331.61,0.5,75.46,256.15,1,1
171.21,0.0,8.0,163.21,0,1
189.17,0.0,18.41,170.77,0,1
397.79,0.5,111.38,286.41,1,1
358.03,0.5,117.0,241.03,1,1
184.33,0.0,6.0,178.33,0,1
183.91,0.0,20.7,163.21,0,1
208.5,0.0,37.73,170.77,0,1
482.88,1.5,78.65,404.23,3,1
195.74,0.0,17.41,178.33,0,1
396.79,1.0,77.95,318.85,2,1
260.27,0.5,26.81,233.46,1,1
184.31,0.0,21.11,163.21,0,1
204.28,0.0,33.51,170.77,0,1
213.09,0.0,42.32,170.77,0,1
189.21,0.0,26.0,163.21,0,1
228.82,0.0,42.92,185.9,0,1
331.63,0.5,45.22,286.41,1,1
214.33,0.0,36.0,178.33,0,1
193.21,0.0,30.0,163.21,0,1
389.34,1.0,78.05,311.28,2,1
326.55,0.5,47.7,278.85,1,1
183.21,0.0,20.0,163.21,0,1
194.88,0.0,24.11,170.77,0,1
197.42,0.0,34.22,163.21,0,1
461.56,1.5,57.32,404.23,3,1
235.61,0.0,64.84,170.77,0,1
215.9,0.0,30.0,185.9,0,1
261.09,0.0,82.76,178.33,0,1
282.87,0.0,96.97,185.9,0,1
437.93,1.5,33.7,404.23,3,1
509.44,2.0,42.51,466.92,4,1
323.54,0.5,74.95,248.59,1,1
214.16,0.0,20.7,193.46,0,1
220.06,0.0,41.73,178.33,0,1
367.87,1.0,49.03,318.85,2,1
422.78,1.0,81.24,341.54,2,1
231.74,0.0,45.84,185.9,0,1
348.9,1.0,37.62,311.28,2,1
387.05,1.0,45.51,341.54,2,1
369.65,1.0,28.11,341.54,2,1
366.19,1.0,32.22,333.97,2,1
440.23,1.0,83.57,356.67,2,1
267.57,0.0,81.68,185.9,0,1
240.28,0.0,61.95,178.33,0,1
208.71,0.0,22.81,185.9,0,1
460.75,1.5,71.65,389.1,3,1
338.53,0.5,67.24,271.28,1,1
292.93,0.5,29.22,263.72,1,1
346.58,0.5,82.86,263.72,1,1
179.21,0.0,16.0,163.21,0,1
179.21,0.0,16.0,163.21,0,1
413.59,1.0,56.92,356.67,2,1
352.79,0.5,73.95,278.85,1,1
244.23,0.0,73.46,170.77,0,1
594.75,2.0,105.14,489.62,4,1
217.68,0.0,24.22,193.46,0,1
204.39,0.0,33.62,170.77,0,1
275.13,0.5,34.11,241.03,1,1
211.09,0.0,40.32,170.77,0,1
291.1,0.5,42.51,248.59,1,1
447.74,1.5,43.51,404.23,3,1
182.77,0.0,12.0,170.77,0,1
329.58,0.5,50.73,278.85,1,1
388.67,1.0,47.14,341.54,2,1
227.77,0.0,49.43,178.33,0,1
386.02,1.0,36.92,349.1,2,1
207.3,0.0,21.41,185.9,0,1
286.51,0.5,37.92,248.59,1,1
407.12,1.0,88.27,318.85,2,1
300.28,0.5,29.0,271.28,1,1
398.78,1.0,57.24,341.54,2,1
261.9,0.0,83.57,178.33,0,1
499.36,1.5,87.57,411.79,3,1
194.33,0.0,16.0,178.33,0,1
452.42,1.0,95.76,356.67,2,1
252.63,0.0,81.86,170.77,0,1
