"Total_Cost","Ratio_Reloc_Prod","Horiz_Cost","Vert_Cost","nReloc","non_Optimal"
252792.45,0.4307,63210.71,189581.67,646,164
875.82,0.4,210.05,665.77,2,0
741.93,0.4,83.73,658.21,2,0
973.42,0.6,214.7,758.72,3,1
593.29,0.0,90.73,502.56,0,0
1121.99,0.6,363.27,758.72,3,0
622.53,0.0,172.92,449.62,0,0
654.61,0.2,89.35,565.26,1,1
721.09,0.4,108.27,612.82,2,0
653.0,0.2,110.43,542.56,1,1
591.12,0.2,78.81,512.31,1,1
508.85,0.0,44.11,464.74,0,0
965.08,0.8,181.49,783.59,4,0
530.85,0.0,66.11,464.74,0,0
539.61,0.0,82.43,457.18,0,1
1059.94,0.6,316.35,743.59,3,1
906.21,0.6,162.62,743.59,3,1
583.54,0.2,56.11,527.44,1,1
690.56,0.2,148.0,542.56,1,1
601.87,0.2,82.0,519.87,1,1
789.38,0.4,153.86,635.51,2,1
904.94,0.6,161.35,743.59,3,1
749.02,0.4,105.95,643.08,2,1
753.8,0.4,156.11,597.69,2,0
803.24,0.4,152.59,650.64,2,1
896.48,0.6,213.41,683.08,3,0
961.28,0.6,240.38,720.9,3,0
755.08,0.2,212.51,542.56,1,1
735.26,0.2,177.57,557.69,1,1
961.02,0.4,317.95,643.08,2,0
1000.35,0.6,256.76,743.59,3,0
1323.13,1.4,298.51,1024.62,7,1
804.3,0.4,183.92,620.38,2,0
492.76,0.0,73.41,419.36,0,0
438.5,0.0,26.7,411.79,0,0
951.9,0.8,198.57,753.33,4,1
714.34,0.2,164.22,550.13,1,1
487.36,0.0,68.0,419.36,0,0
693.85,0.2,136.16,557.69,1,0
934.43,0.8,165.97,768.46,4,1
995.13,0.6,259.11,736.03,3,0
632.67,0.2,90.11,542.56,1,1
1220.22,0.6,499.32,720.9,3,1
536.07,0.0,71.32,464.74,0,0
744.53,0.2,186.84,557.69,1,1
1501.04,1.2,554.24,946.79,6,1
846.33,0.4,233.51,612.82,2,1
956.12,0.4,290.35,665.77,2,0
884.76,0.4,256.81,627.95,2,1
668.18,0.2,118.05,550.13,1,1
1132.89,0.8,296.35,836.54,4,1
842.64,0.4,192.0,650.64,2,0
722.09,0.2,149.27,572.82,1,1
557.81,0.0,115.76,442.05,0,1
547.84,0.0,113.35,434.49,0,0
1121.66,0.8,322.95,798.72,4,0
608.67,0.0,151.49,457.18,0,1
614.85,0.2,102.54,512.31,1,1
1255.67,1.0,318.62,937.05,5,0
1135.51,0.8,359.49,776.03,4,0
704.18,0.2,154.05,550.13,1,0
932.97,0.6,249.89,683.08,3,1
649.6,0.4,89.73,559.87,2,1
755.27,0.4,172.7,582.56,2,0
1291.68,0.6,570.78,720.9,3,1
957.45,0.6,266.81,690.64,3,1
833.1,0.4,174.89,658.21,2,0
791.23,0.2,233.54,557.69,1,0
907.54,0.6,179.08,728.46,3,1
482.81,0.0,48.32,434.49,0,1
659.87,0.4,92.43,567.44,2,1
1448.41,0.6,780.46,667.95,3,1
935.94,0.6,184.78,751.15,3,0
945.81,0.6,262.73,683.08,3,1
1273.09,1.0,472.19,800.9,5,1
785.98,0.2,205.59,580.38,1,0
671.13,0.2,128.57,542.56,1,1
616.43,0.2,81.43,535.0,1,0
838.4,0.2,295.84,542.56,1,1
695.7,0.2,145.57,550.13,1,0
1087.13,0.6,343.54,743.59,3,0
1145.15,0.6,446.95,698.21,3,0
886.33,0.6,157.86,728.46,3,1
1157.6,0.6,444.27,713.33,3,1
654.56,0.2,104.43,550.13,1,0
1025.31,0.6,319.54,705.77,3,1
1158.45,0.8,314.35,844.1,4,0
1248.6,1.4,186.16,1062.44,7,1
859.04,0.2,301.35,557.69,1,0
774.53,0.2,216.84,557.69,1,1
573.29,0.0,123.68,449.62,0,0
816.99,0.4,158.78,658.21,2,0
453.66,0.0,49.43,404.23,0,1
576.74,0.2,72.0,504.74,1,1
801.58,0.6,156.32,645.26,3,0
649.12,0.2,91.43,557.69,1,1
745.35,0.4,109.84,635.51,2,0
1053.22,0.4,425.27,627.95,2,1
1330.36,1.0,423.57,906.79,5,1
836.4,0.4,200.89,635.51,2,0
571.46,0.0,136.97,434.49,0,0
588.87,0.0,154.38,434.49,0,1
670.3,0.4,110.43,559.87,2,1
551.02,0.0,93.84,457.18,0,0
714.98,0.2,187.54,527.44,1,0
552.54,0.0,118.05,434.49,0,1
652.64,0.2,155.46,497.18,1,0
474.0,0.0,39.51,434.49,0,1
574.23,0.0,117.05,457.18,0,0
678.19,0.2,143.19,535.0,1,0
457.9,0.0,46.11,411.79,0,1
797.6,0.4,177.22,620.38,2,0
999.42,0.6,308.78,690.64,3,0
1084.28,0.6,370.95,713.33,3,1
1061.3,0.8,345.78,715.51,4,1
734.69,0.4,137.0,597.69,2,0
904.71,0.4,276.76,627.95,2,0
605.18,0.2,108.0,497.18,1,1
1099.49,0.8,323.46,776.03,4,0
548.43,0.2,73.95,474.49,1,1
637.38,0.0,202.89,434.49,0,1
944.26,0.8,198.49,745.77,4,1
889.47,0.4,284.22,605.26,2,1
985.62,0.8,209.59,776.03,4,0
828.4,0.6,137.76,690.64,3,1
619.1,0.0,169.49,449.62,0,1
688.36,0.2,176.05,512.31,1,0
794.91,0.4,197.22,597.69,2,1
1316.52,0.8,495.11,821.41,4,1
1280.51,1.2,409.35,871.15,6,0
904.87,0.6,176.41,728.46,3,0
1024.02,0.8,232.86,791.15,4,1
995.98,0.6,267.51,728.46,3,1
1016.1,0.4,357.89,658.21,2,0
914.65,0.4,286.7,627.95,2,1
553.4,0.0,111.35,442.05,0,1
784.56,0.4,194.43,590.13,2,0
802.39,0.2,237.14,565.26,1,0
1036.86,0.8,245.7,791.15,4,0
1155.77,1.2,261.92,893.85,6,0
609.38,0.0,174.89,434.49,0,0
464.82,0.0,53.03,411.79,0,1
603.59,0.2,61.03,542.56,1,1
897.38,0.4,261.86,635.51,2,0
526.54,0.0,92.05,434.49,0,1
1675.95,1.6,565.95,1110.0,8,1
508.52,0.0,89.16,419.36,0,1
674.89,0.4,92.32,582.56,2,0
785.47,0.6,132.65,652.82,3,1
834.04,0.6,181.22,652.82,3,1
856.53,0.6,165.89,690.64,3,0
849.06,0.6,128.16,720.9,3,0
1126.49,0.6,390.46,736.03,3,1
800.04,0.2,234.78,565.26,1,1
525.84,0.0,91.35,434.49,0,1
968.68,0.6,255.35,713.33,3,0
769.38,0.4,133.86,635.51,2,0
546.13,0.0,88.95,457.18,0,0
815.04,0.4,209.78,605.26,2,1
1009.5,1.0,216.16,793.33,5,1
1111.98,0.8,358.65,753.33,4,1
950.42,0.6,259.78,690.64,3,0
742.33,0.2,230.03,512.31,1,0
541.14,0.2,66.65,474.49,1,1
1383.23,1.2,451.57,931.67,6,0
718.38,0.6,58.0,660.38,3,1
872.27,0.4,244.32,627.95,2,1
1018.77,0.8,204.92,813.85,4,1
733.93,0.2,168.68,565.26,1,1
810.4,0.4,174.89,635.51,2,1
556.43,0.0,114.38,442.05,0,0
1381.29,1.0,489.62,891.67,5,1
874.14,0.6,206.19,667.95,3,1
562.04,0.0,104.86,457.18,0,0
455.52,0.0,43.73,411.79,0,1
637.91,0.4,40.22,597.69,2,1
1189.28,1.0,335.43,853.85,5,0
711.85,0.4,99.03,612.82,2,1
629.59,0.0,187.54,442.05,0,0
781.74,0.2,216.49,565.26,1,0
1339.43,1.0,402.38,937.05,5,0
1080.24,0.6,344.22,736.03,3,0
550.02,0.0,92.84,457.18,0,0
1816.46,1.6,714.03,1102.44,8,0
683.81,0.2,141.24,542.56,1,0
1248.88,1.0,349.65,899.23,5,1
1010.91,0.8,212.19,798.72,4,1
686.51,0.2,143.95,542.56,1,1
855.84,0.6,195.46,660.38,3,1
724.76,0.4,89.24,635.51,2,0
1025.31,0.4,367.11,658.21,2,0
1320.23,1.0,428.57,891.67,5,1
708.39,0.4,95.57,612.82,2,1
1308.41,1.2,354.05,954.36,6,0
569.39,0.0,104.65,464.74,0,0
1080.38,0.6,404.86,675.51,3,0
902.43,0.2,352.3,550.13,1,0
1021.22,0.6,292.76,728.46,3,0
908.43,0.6,164.84,743.59,3,1
992.94,0.8,201.78,791.15,4,1
741.93,0.2,176.68,565.26,1,1
639.16,0.2,104.16,535.0,1,0
624.42,0.2,112.11,512.31,1,1
732.67,0.4,134.97,597.69,2,0
833.76,0.6,165.81,667.95,3,0
577.32,0.0,127.7,449.62,0,0
651.95,0.2,132.08,519.87,1,1
595.61,0.2,90.86,504.74,1,1
747.16,0.2,197.03,550.13,1,0
622.62,0.2,140.57,482.05,1,1
779.64,0.4,234.89,544.74,2,1
1360.75,1.0,476.65,884.1,5,0
1025.6,0.6,312.27,713.33,3,1
926.76,0.4,291.24,635.51,2,0
1100.13,0.8,324.11,776.03,4,0
709.55,0.2,189.68,519.87,1,0
972.51,0.6,281.86,690.64,3,1
785.47,0.4,172.65,612.82,2,0
442.31,0.0,30.51,411.79,0,1
1065.5,1.0,158.7,906.79,5,1
641.26,0.2,76.0,565.26,1,1
682.5,0.4,84.81,597.69,2,1
450.5,0.0,38.7,411.79,0,1
615.31,0.2,110.57,504.74,1,0
861.69,0.4,203.49,658.21,2,0
791.65,0.6,116.14,675.51,3,1
724.44,0.2,197.0,527.44,1,1
877.49,0.4,249.54,627.95,2,0
677.07,0.4,86.95,590.13,2,1
974.09,0.4,308.32,665.77,2,0
676.67,0.2,126.54,550.13,1,0
544.1,0.0,86.92,457.18,0,0
696.77,0.4,83.95,612.82,2,1
991.12,0.4,325.35,665.77,2,0
665.59,0.2,115.46,550.13,1,1
902.72,0.6,212.08,690.64,3,1
1075.83,0.6,332.24,743.59,3,0
1038.32,0.8,315.24,723.08,4,1
433.9,0.0,22.11,411.79,0,1
1099.87,1.0,230.89,868.97,5,0
1743.73,1.4,666.16,1077.56,7,0
726.87,0.2,154.05,572.82,1,1
523.2,0.0,103.84,419.36,0,0
680.34,0.2,175.59,504.74,1,1
627.0,0.2,92.0,535.0,1,1
1092.42,0.8,346.65,745.77,4,1
874.92,0.6,146.46,728.46,3,0
491.0,0.0,56.51,434.49,0,0
1199.32,1.0,368.16,831.15,5,0
897.0,0.4,269.05,627.95,2,1
464.82,0.0,53.03,411.79,0,0
981.86,0.8,251.22,730.64,4,0
736.03,0.2,208.59,527.44,1,1
836.81,0.4,208.86,627.95,2,0
1073.92,0.8,252.51,821.41,4,1
873.27,0.6,190.19,683.08,3,0
571.53,0.0,114.35,457.18,0,1
970.39,0.6,257.05,713.33,3,0
841.66,0.4,228.84,612.82,2,0
1071.82,0.4,451.43,620.38,2,1
765.18,0.4,114.54,650.64,2,0
742.02,0.4,98.95,643.08,2,0
1106.56,1.0,214.89,891.67,5,1
1085.83,0.6,342.24,743.59,3,1
1230.75,0.8,386.65,844.1,4,1
755.78,0.2,205.65,550.13,1,0
754.48,0.6,71.41,683.08,3,1
760.83,0.4,117.76,643.08,2,1
772.05,0.2,221.92,550.13,1,1
685.53,0.2,120.27,565.26,1,0
689.35,0.2,146.78,542.56,1,1
761.85,0.4,156.59,605.26,2,1
576.98,0.0,157.62,419.36,0,0
531.35,0.0,96.86,434.49,0,1
881.37,0.2,331.24,550.13,1,1
1079.14,0.4,504.14,575.0,2,1
908.48,0.6,225.41,683.08,3,0
852.29,0.4,194.08,658.21,2,1
903.18,0.6,144.46,758.72,3,0
845.96,0.4,180.19,665.77,2,0
1109.49,0.8,333.46,776.03,4,1
537.62,0.0,88.0,449.62,0,1
745.52,0.4,125.14,620.38,2,1
725.25,0.4,112.43,612.82,2,1
789.35,0.6,113.84,675.51,3,1
800.76,0.6,140.38,660.38,3,1
936.74,0.8,183.41,753.33,4,1
817.69,0.4,212.43,605.26,2,1
1552.31,1.0,653.08,899.23,5,0
942.26,0.6,175.97,766.28,3,0
1221.92,0.6,546.41,675.51,3,1
723.86,0.2,181.3,542.56,1,1
778.01,0.4,112.24,665.77,2,0
835.19,0.4,207.24,627.95,2,1
1029.46,0.6,353.95,675.51,3,1
1481.33,1.0,619.92,861.41,5,1
876.55,0.4,263.73,612.82,2,1
1479.13,1.2,494.51,984.62,6,0
617.27,0.0,190.35,426.92,0,1
1245.5,0.8,446.78,798.72,4,0
765.99,0.2,208.3,557.69,1,1
