"Total_Cost","Ratio_Reloc_Prod","Horiz_Cost","Vert_Cost","nReloc","non_Optimal"
264220.64,0.81,49224.08,214996.67,1215,113
612.66,0.4,67.92,544.74,2,0
602.45,0.2,105.27,497.18,1,0
821.97,0.6,191.84,630.13,3,1
795.5,0.4,197.81,597.69,2,0
468.15,0.0,63.92,404.23,0,0
722.44,0.6,122.57,599.87,3,0
822.08,0.8,114.14,707.95,4,0
493.86,0.0,104.76,389.1,0,0
842.48,0.6,219.92,622.56,3,0
911.78,1.0,156.27,755.51,5,0
524.93,0.0,105.57,419.36,0,0
507.28,0.0,103.05,404.23,0,0
473.64,0.0,84.54,389.1,0,0
1036.97,1.2,233.89,803.08,6,1
1023.65,1.0,268.14,755.51,5,0
935.81,0.8,212.73,723.08,4,0
1033.33,1.2,184.86,848.46,6,0
977.37,1.0,214.3,763.08,5,0
731.5,0.6,86.24,645.26,3,1
761.19,0.6,146.19,615.0,3,0
1137.95,1.2,289.49,848.46,6,1
838.37,0.8,160.68,677.69,4,1
634.7,0.2,160.22,474.49,1,0
922.37,0.8,191.73,730.64,4,0
1082.68,1.2,249.35,833.33,6,0
1316.38,1.8,226.89,1089.49,9,0
632.47,0.4,87.73,544.74,2,1
665.37,0.4,135.76,529.62,2,0
582.24,0.2,107.76,474.49,1,0
466.5,0.0,54.7,411.79,0,0
950.72,1.0,180.08,770.64,5,0
1069.45,1.4,165.86,903.59,7,1
962.38,1.0,222.0,740.38,5,0
929.43,0.8,206.35,723.08,4,1
754.91,0.6,109.65,645.26,3,0
653.3,0.2,178.81,474.49,1,0
950.47,1.0,164.7,785.77,5,0
1093.79,1.4,152.38,941.41,7,1
1193.82,1.6,159.46,1034.36,8,0
1026.36,1.2,193.03,833.33,6,0
985.09,1.0,199.32,785.77,5,0
461.3,0.0,26.81,434.49,0,0
1124.5,1.2,245.78,878.72,6,1
999.87,1.2,106.03,893.85,6,0
908.89,0.8,200.95,707.95,4,1
1017.49,1.0,201.46,816.03,5,0
791.04,0.6,153.35,637.69,3,0
983.4,1.2,127.38,856.03,6,1
1084.16,1.2,235.7,848.46,6,1
888.21,0.8,210.51,677.69,4,0
1062.02,1.2,183.3,878.72,6,1
1043.24,1.4,139.65,903.59,7,1
1408.69,2.0,256.51,1152.18,10,0
710.62,0.4,128.05,582.56,2,0
1070.85,1.2,237.51,833.33,6,0
731.05,0.6,100.92,630.13,3,0
1025.65,1.2,169.62,856.03,6,0
919.02,0.8,188.38,730.64,4,0
656.51,0.4,81.51,575.0,2,1
1190.7,1.6,186.59,1004.1,8,1
494.79,0.0,75.43,419.36,0,0
914.23,1.0,128.46,785.77,5,1
546.27,0.2,64.22,482.05,1,0
1051.42,1.2,172.7,878.72,6,1
826.58,0.6,181.32,645.26,3,1
965.63,1.0,172.3,793.33,5,1
1217.59,1.4,321.57,896.03,7,0
1393.43,1.8,303.95,1089.49,9,0
994.39,1.0,208.62,785.77,5,0
764.79,0.4,204.92,559.87,2,1
970.09,1.0,169.19,800.9,5,1
610.33,0.2,150.97,459.36,1,0
479.71,0.0,67.92,411.79,0,0
962.93,1.0,169.59,793.33,5,0
659.55,0.4,107.24,552.31,2,0
1008.22,1.0,207.32,800.9,5,1
1280.36,1.6,238.43,1041.92,8,1
973.57,1.0,157.54,816.03,5,0
1262.21,1.6,250.54,1011.67,8,1
506.48,0.0,117.38,389.1,0,0
1029.68,1.0,236.35,793.33,5,1
636.57,0.4,69.14,567.44,2,0
1401.41,0.6,688.08,713.33,3,1
667.76,0.4,100.32,567.44,2,1
1272.62,1.6,283.65,988.97,8,0
950.96,1.0,172.76,778.21,5,0
1526.54,2.2,236.03,1290.51,11,1
491.12,0.0,79.32,411.79,0,0
1031.63,1.2,145.35,886.28,6,0
1063.36,1.2,177.08,886.28,6,0
822.35,0.8,106.84,715.51,4,0
1131.61,1.2,245.32,886.28,6,0
673.99,0.4,144.38,529.62,2,0
669.44,0.4,117.14,552.31,2,0
1150.26,1.4,178.59,971.67,7,1
1399.48,2.0,201.92,1197.56,10,1
900.79,0.8,147.46,753.33,4,1
485.63,0.0,73.84,411.79,0,0
899.14,1.0,98.24,800.9,5,1
1147.18,1.4,167.95,979.23,7,1
597.02,0.2,99.84,497.18,1,0
1311.89,1.6,322.92,988.97,8,0
656.72,0.2,167.11,489.62,1,0
1062.91,1.4,151.76,911.15,7,0
1137.34,1.4,165.68,971.67,7,1
787.85,0.6,142.59,645.26,3,1
1098.81,1.2,250.35,848.46,6,1
798.74,0.6,153.49,645.26,3,1
976.76,1.0,175.86,800.9,5,1
1428.64,1.8,324.03,1104.62,9,1
1103.35,1.4,139.24,964.1,7,1
647.34,0.4,110.16,537.18,2,0
545.64,0.2,56.03,489.62,1,0
674.38,0.4,159.89,514.49,2,0
772.05,0.6,149.49,622.56,3,0
676.82,0.4,132.08,544.74,2,1
708.95,0.6,41.0,667.95,3,0
764.62,0.6,142.05,622.56,3,1
734.55,0.6,81.73,652.82,3,1
994.16,0.2,451.59,542.56,1,1
758.56,0.6,120.86,637.69,3,0
767.97,0.6,152.97,615.0,3,0
518.13,0.0,121.46,396.67,0,1
828.81,0.8,105.73,723.08,4,0
1235.43,1.6,231.32,1004.1,8,0
1146.62,1.4,190.08,956.54,7,1
1081.93,1.4,155.65,926.28,7,1
817.14,0.6,164.32,652.82,3,1
829.7,0.6,207.14,622.56,3,1
1345.38,1.8,248.32,1097.05,9,0
1068.29,1.2,189.57,878.72,6,0
542.58,0.2,83.22,459.36,1,0
637.65,0.4,70.22,567.44,2,0
614.21,0.2,132.16,482.05,1,0
826.0,0.6,211.0,615.0,3,1
953.36,1.0,167.59,785.77,5,1
958.57,1.0,142.54,816.03,5,0
594.46,0.2,127.54,466.92,1,0
1055.76,1.2,207.3,848.46,6,1
625.35,0.4,95.73,529.62,2,0
657.06,0.4,104.76,552.31,2,0
791.96,0.8,99.14,692.82,4,1
946.05,1.0,122.46,823.59,5,1
981.7,1.2,133.24,848.46,6,1
1062.87,1.2,229.54,833.33,6,0
645.63,0.4,85.76,559.87,2,1
779.63,0.6,134.38,645.26,3,0
809.68,0.6,209.81,599.87,3,1
701.93,0.4,157.19,544.74,2,0
1056.05,1.2,184.89,871.15,6,1
484.86,0.0,95.76,389.1,0,0
1042.42,1.2,224.22,818.21,6,0
1081.22,1.4,132.24,948.97,7,1
824.12,0.6,186.43,637.69,3,0
693.83,0.4,111.27,582.56,2,1
582.02,0.2,84.84,497.18,1,0
759.43,0.6,136.86,622.56,3,0
494.17,0.0,74.81,419.36,0,0
1142.34,1.6,123.11,1019.23,8,0
477.3,0.0,42.81,434.49,0,0
967.23,0.8,281.97,685.26,4,0
486.23,0.0,74.43,411.79,0,0
893.35,1.0,130.27,763.08,5,0
1027.4,1.2,171.38,856.03,6,0
1267.77,1.6,248.54,1019.23,8,0
1096.95,1.2,263.62,833.33,6,0
887.65,0.8,187.27,700.38,4,1
613.04,0.4,60.73,552.31,2,0
1017.21,1.0,193.62,823.59,5,1
1065.63,1.2,171.78,893.85,6,0
878.09,0.8,177.7,700.38,4,0
915.88,0.8,238.19,677.69,4,0
505.05,0.0,108.38,396.67,0,0
1642.71,2.0,475.41,1167.31,10,0
1015.35,1.2,151.76,863.59,6,0
609.68,0.2,142.76,466.92,1,0
691.01,0.4,146.27,544.74,2,0
482.99,0.0,86.32,396.67,0,0
457.64,0.0,68.54,389.1,0,0
955.6,1.0,162.27,793.33,5,0
763.48,0.6,133.35,630.13,3,0
1104.57,1.2,248.54,856.03,6,0
1693.68,1.0,885.22,808.46,5,1
773.79,0.6,181.49,592.31,3,0
1257.9,1.8,183.54,1074.36,9,0
1282.34,1.6,263.11,1019.23,8,0
931.63,1.0,138.3,793.33,5,0
1309.02,1.8,196.84,1112.18,9,0
665.33,0.2,137.89,527.44,1,0
728.75,0.4,199.14,529.62,2,0
1115.95,1.2,214.54,901.41,6,1
719.76,0.6,51.81,667.95,3,1
1090.34,1.2,211.62,878.72,6,1
1089.39,1.2,203.11,886.28,6,1
718.3,0.4,143.3,575.0,2,1
931.44,1.0,145.68,785.77,5,0
1334.72,1.6,262.54,1072.18,8,0
527.75,0.0,131.08,396.67,0,0
869.39,0.8,116.05,753.33,4,1
805.21,0.6,167.51,637.69,3,1
957.22,0.8,256.84,700.38,4,0
634.17,0.4,66.73,567.44,2,0
1241.39,1.6,207.03,1034.36,8,0
683.04,0.4,138.3,544.74,2,0
981.17,1.0,195.41,785.77,5,1
648.71,0.4,88.84,559.87,2,0
779.37,0.6,149.24,630.13,3,1
1069.49,1.4,135.65,933.85,7,0
696.85,0.4,152.11,544.74,2,1
742.89,0.6,74.95,667.95,3,1
1154.19,1.6,97.14,1057.05,8,1
1698.39,0.8,899.68,798.72,4,1
487.8,0.0,91.14,396.67,0,0
831.83,0.8,93.62,738.21,4,0
725.68,0.4,165.81,559.87,2,0
555.51,0.2,81.03,474.49,1,0
791.54,0.6,184.11,607.44,3,1
1057.45,1.2,186.3,871.15,6,1
514.96,0.0,118.3,396.67,0,0
1243.5,1.8,131.32,1112.18,9,0
514.95,0.0,88.03,426.92,0,0
652.41,0.4,92.54,559.87,2,1
955.02,1.0,176.81,778.21,5,0
1065.46,1.2,148.92,916.54,6,1
717.94,0.6,87.81,630.13,3,0
667.61,0.4,122.86,544.74,2,0
1344.03,1.8,201.59,1142.44,9,0
710.61,0.4,165.86,544.74,2,1
1289.24,1.8,199.76,1089.49,9,0
1056.24,1.0,285.59,770.64,5,0
683.77,0.4,131.46,552.31,2,0
699.2,0.4,146.89,552.31,2,1
1004.73,1.0,249.22,755.51,5,1
1053.28,1.2,151.86,901.41,6,1
466.61,0.0,54.81,411.79,0,0
1322.59,1.8,172.59,1150.0,9,1
1228.44,1.6,247.03,981.41,8,0
1376.13,2.0,178.57,1197.56,10,1
851.79,0.8,158.97,692.82,4,0
984.8,1.0,206.59,778.21,5,0
816.63,0.8,116.24,700.38,4,1
1321.19,1.8,231.7,1089.49,9,0
1713.19,2.4,390.24,1322.95,12,1
1058.98,1.2,210.51,848.46,6,1
683.04,0.4,145.86,537.18,2,0
487.0,0.0,52.51,434.49,0,1
871.47,0.6,226.22,645.26,3,0
674.82,0.4,114.95,559.87,2,0
1110.2,1.4,176.35,933.85,7,1
782.87,0.6,122.49,660.38,3,1
462.75,0.0,20.7,442.05,0,0
1091.68,1.2,243.22,848.46,6,0
450.02,0.0,60.92,389.1,0,0
664.85,0.4,112.54,552.31,2,0
1088.55,1.2,194.7,893.85,6,1
1005.19,1.0,196.73,808.46,5,1
837.27,0.8,121.76,715.51,4,1
814.79,0.8,106.84,707.95,4,0
806.46,0.6,183.89,622.56,3,0
1126.22,1.2,217.24,908.97,6,1
602.62,0.2,120.57,482.05,1,0
701.03,0.4,133.59,567.44,2,0
824.62,0.6,156.68,667.95,3,1
707.81,0.4,140.38,567.44,2,0
686.03,0.6,71.03,615.0,3,0
672.46,0.4,97.46,575.0,2,1
597.03,0.2,122.54,474.49,1,0
1224.53,1.6,152.35,1072.18,8,0
1249.91,1.6,185.3,1064.62,8,0
890.61,0.8,159.97,730.64,4,0
633.11,0.4,111.05,522.05,2,0
729.66,0.6,76.84,652.82,3,0
1078.22,1.2,237.32,840.9,6,1
735.02,0.6,112.46,622.56,3,1
647.43,0.2,165.38,482.05,1,0
1074.31,1.4,140.46,933.85,7,0
843.32,0.8,120.24,723.08,4,1
1072.23,1.2,254.03,818.21,6,1
633.35,0.4,65.92,567.44,2,0
1072.52,1.2,171.11,901.41,6,0
1034.54,1.2,186.08,848.46,6,0
998.74,1.2,120.03,878.72,6,1
776.37,0.6,138.68,637.69,3,0
593.51,0.2,111.46,482.05,1,0
624.33,0.2,157.41,466.92,1,1
962.22,1.0,153.76,808.46,5,0
1051.7,1.2,195.68,856.03,6,0
1096.17,1.4,154.76,941.41,7,1
478.92,0.0,52.0,426.92,0,0
791.89,0.8,68.81,723.08,4,0
1248.69,1.8,128.95,1119.74,9,0
745.2,0.6,99.95,645.26,3,1
924.18,1.0,153.54,770.64,5,1
840.74,0.8,140.35,700.38,4,1
462.91,0.0,73.81,389.1,0,0
756.73,0.6,134.16,622.56,3,1
516.99,0.0,59.81,457.18,0,1
485.2,0.0,73.41,411.79,0,1
836.08,0.8,120.57,715.51,4,0
1165.54,1.4,209.0,956.54,7,0
