"Total_Cost","Ratio_Reloc_Prod","Horiz_Cost","Vert_Cost","nReloc","non_Optimal"
258307.47,0.78,46759.81,211547.59,1170,26
727.1,0.4,136.97,590.13,2,0
900.49,1.0,144.97,755.51,5,0
707.0,0.6,84.43,622.56,3,0
524.65,0.2,57.73,466.92,1,0
870.57,1.0,115.05,755.51,5,0
770.01,0.6,177.7,592.31,3,0
597.67,0.4,75.62,522.05,2,0
796.8,0.8,119.11,677.69,4,0
836.78,0.8,181.78,655.0,4,0
713.72,0.6,76.03,637.69,3,0
596.51,0.2,114.46,482.05,1,0
734.28,0.4,189.54,544.74,2,0
945.15,0.8,214.51,730.64,4,0
1487.66,2.2,287.92,1199.74,11,0
900.28,1.0,106.95,793.33,5,0
831.78,0.6,209.22,622.56,3,1
1079.61,1.4,168.46,911.15,7,1
946.84,0.8,231.32,715.51,4,0
587.84,0.2,113.35,474.49,1,0
832.91,0.6,195.22,637.69,3,0
878.96,0.8,186.14,692.82,4,0
484.07,0.0,79.84,404.23,0,0
719.16,0.6,104.16,615.0,3,0
684.23,0.4,147.05,537.18,2,0
782.06,0.6,129.24,652.82,3,0
1048.87,1.2,207.97,840.9,6,0
524.65,0.0,97.73,426.92,0,0
862.6,0.8,169.78,692.82,4,0
545.63,0.2,93.84,451.79,1,0
844.5,0.8,151.68,692.82,4,0
665.43,0.4,90.43,575.0,2,0
816.23,0.8,130.97,685.26,4,0
918.08,1.0,162.57,755.51,5,0
1586.26,0.6,880.49,705.77,3,1
969.66,1.0,183.89,785.77,5,0
1722.87,2.8,259.41,1463.46,14,0
808.84,0.6,148.46,660.38,3,0
750.93,0.6,151.05,599.87,3,0
770.73,0.6,163.3,607.44,3,0
812.49,0.8,104.54,707.95,4,0
484.83,0.0,95.73,389.1,0,0
910.79,0.8,202.84,707.95,4,0
1238.8,1.6,227.14,1011.67,8,0
888.3,0.8,187.92,700.38,4,0
588.03,0.2,113.54,474.49,1,0
1085.7,1.2,222.11,863.59,6,0
930.92,0.8,215.41,715.51,4,0
1092.59,1.2,229.0,863.59,6,0
841.5,0.8,95.73,745.77,4,0
886.86,0.8,163.78,723.08,4,1
890.4,0.8,212.7,677.69,4,0
1097.52,1.2,203.68,893.85,6,0
1111.98,1.4,185.7,926.28,7,0
915.09,0.8,229.84,685.26,4,0
914.09,1.0,120.76,793.33,5,0
787.2,0.4,227.32,559.87,2,0
1045.86,1.2,121.76,924.1,6,0
596.81,0.2,114.76,482.05,1,0
756.82,0.6,111.57,645.26,3,0
885.21,0.8,154.57,730.64,4,0
763.52,0.6,103.14,660.38,3,0
1227.29,1.6,223.19,1004.1,8,0
731.29,0.6,108.73,622.56,3,0
834.01,0.6,181.19,652.82,3,0
812.76,0.6,205.32,607.44,3,0
481.26,0.0,92.16,389.1,0,0
794.4,0.6,164.27,630.13,3,0
603.77,0.2,151.97,451.79,1,0
476.53,0.0,87.43,389.1,0,0
846.42,0.8,161.16,685.26,4,0
520.77,0.0,116.54,404.23,0,0
925.77,1.0,147.57,778.21,5,0
571.12,0.2,119.32,451.79,1,0
491.54,0.0,64.62,426.92,0,0
838.61,0.6,200.92,637.69,3,0
962.68,1.0,214.73,747.95,5,1
1235.91,1.6,231.81,1004.1,8,0
498.25,0.0,71.32,426.92,0,0
724.09,0.6,63.7,660.38,3,0
647.05,0.2,165.0,482.05,1,0
540.72,0.0,144.05,396.67,0,0
695.73,0.4,113.16,582.56,2,0
852.59,0.8,129.51,723.08,4,0
968.9,1.0,175.57,793.33,5,0
897.04,0.8,204.22,692.82,4,0
477.21,0.0,80.54,396.67,0,0
767.1,0.6,136.97,630.13,3,0
1062.67,1.2,138.57,924.1,6,0
1019.23,1.2,148.08,871.15,6,0
1036.26,1.2,165.11,871.15,6,0
780.58,0.6,142.89,637.69,3,0
926.32,1.0,155.68,770.64,5,0
667.12,0.4,122.38,544.74,2,0
925.83,1.0,155.19,770.64,5,0
805.2,0.6,152.38,652.82,3,0
1328.84,1.8,193.97,1134.87,9,1
992.75,1.0,214.54,778.21,5,0
1040.33,1.2,146.49,893.85,6,0
1045.06,1.2,143.65,901.41,6,0
645.2,0.4,100.46,544.74,2,0
1310.3,1.6,275.95,1034.36,8,0
1012.76,1.0,257.24,755.51,5,0
674.0,0.4,91.43,582.56,2,0
1080.74,1.4,162.03,918.72,7,0
926.13,0.8,210.62,715.51,4,0
886.75,0.8,216.62,670.13,4,0
1662.64,1.2,723.41,939.23,6,1
852.01,0.8,159.19,692.82,4,0
673.29,0.4,143.68,529.62,2,0
1568.77,2.4,208.0,1360.77,12,0
879.55,0.8,194.3,685.26,4,0
825.3,0.8,117.35,707.95,4,0
590.27,0.2,123.35,466.92,1,0
535.36,0.2,68.43,466.92,1,0
686.4,0.4,103.84,582.56,2,0
660.25,0.4,92.81,567.44,2,0
574.74,0.2,70.0,504.74,1,0
956.31,1.0,162.97,793.33,5,1
958.1,1.0,179.89,778.21,5,0
944.59,1.0,189.08,755.51,5,0
849.62,0.8,126.54,723.08,4,0
1207.01,1.4,280.73,926.28,7,1
523.16,0.0,134.05,389.1,0,0
534.26,0.0,130.03,404.23,0,0
911.72,1.0,125.95,785.77,5,0
1294.13,1.6,282.46,1011.67,8,0
482.83,0.0,93.73,389.1,0,0
783.06,0.6,130.24,652.82,3,0
984.93,1.0,244.54,740.38,5,0
1322.9,1.8,248.54,1074.36,9,0
1575.55,2.2,300.16,1275.38,11,0
655.91,0.4,111.16,544.74,2,0
788.22,0.6,180.78,607.44,3,0
1201.74,1.4,275.46,926.28,7,0
1017.55,1.2,131.27,886.28,6,0
744.01,0.6,98.76,645.26,3,0
975.77,1.2,97.05,878.72,6,1
765.59,0.6,143.03,622.56,3,0
755.41,0.6,95.03,660.38,3,0
1183.31,1.4,257.03,926.28,7,0
1021.77,1.2,127.92,893.85,6,1
1118.63,1.4,184.78,933.85,7,0
1427.54,2.0,298.05,1129.49,10,0
501.44,0.0,89.65,411.79,0,0
1236.04,1.6,163.86,1072.18,8,0
1424.16,1.8,327.11,1097.05,9,0
1136.09,1.4,194.68,941.41,7,0
1218.17,1.4,284.32,933.85,7,0
604.6,0.2,137.68,466.92,1,0
1081.71,1.2,180.3,901.41,6,1
859.14,0.6,206.32,652.82,3,0
746.47,0.6,101.22,645.26,3,0
1079.29,1.2,215.7,863.59,6,0
771.75,0.6,134.05,637.69,3,0
1226.46,1.6,176.97,1049.49,8,0
755.44,0.6,95.05,660.38,3,0
491.78,0.0,49.73,442.05,0,0
919.32,1.0,95.73,823.59,5,1
853.32,0.8,130.24,723.08,4,0
769.18,0.6,131.49,637.69,3,1
671.38,0.4,103.95,567.44,2,0
1113.86,1.4,149.76,964.1,7,0
1063.11,1.2,222.22,840.9,6,0
627.0,0.4,104.95,522.05,2,0
913.03,1.0,112.14,800.9,5,0
624.93,0.4,72.62,552.31,2,0
515.9,0.0,96.54,419.36,0,0
713.42,0.6,75.73,637.69,3,0
1260.39,1.8,125.51,1134.87,9,0
489.92,0.0,55.43,434.49,0,0
855.82,0.8,163.0,692.82,4,0
1424.65,2.2,134.14,1290.51,11,0
642.03,0.4,67.03,575.0,2,0
886.13,0.8,155.49,730.64,4,1
694.63,0.4,134.76,559.87,2,0
667.36,0.4,115.05,552.31,2,0
461.85,0.0,57.62,404.23,0,0
785.46,0.6,162.89,622.56,3,0
601.58,0.2,149.78,451.79,1,0
713.01,0.4,160.7,552.31,2,0
578.3,0.2,111.38,466.92,1,0
943.97,1.0,127.95,816.03,5,1
472.88,0.0,76.22,396.67,0,0
926.33,1.0,125.43,800.9,5,0
1084.94,1.2,221.35,863.59,6,0
1443.15,2.0,290.97,1152.18,10,0
461.36,0.0,42.0,419.36,0,0
688.78,0.4,98.65,590.13,2,0
656.03,0.4,81.03,575.0,2,0
479.25,0.0,52.32,426.92,0,0
1295.09,1.8,167.78,1127.31,9,0
648.34,0.4,58.22,590.13,2,0
962.62,1.0,154.16,808.46,5,0
813.0,0.6,190.43,622.56,3,0
475.72,0.0,79.05,396.67,0,0
1652.86,2.2,347.22,1305.64,11,1
974.8,1.0,196.59,778.21,5,0
1263.16,1.8,173.68,1089.49,9,0
605.13,0.4,75.51,529.62,2,0
460.12,0.0,48.32,411.79,0,0
770.66,0.6,117.84,652.82,3,0
924.13,0.8,201.05,723.08,4,0
745.62,0.6,123.05,622.56,3,0
764.42,0.6,119.16,645.26,3,0
830.19,0.8,107.11,723.08,4,0
688.3,0.4,128.43,559.87,2,0
465.53,0.0,76.43,389.1,0,0
947.35,0.8,224.27,723.08,4,1
1011.18,1.2,140.03,871.15,6,0
1069.49,1.2,175.65,893.85,6,1
684.19,0.4,116.76,567.44,2,0
1037.84,1.2,189.38,848.46,6,0
778.93,0.6,133.68,645.26,3,0
914.97,0.8,191.89,723.08,4,0
1316.04,1.8,256.81,1059.23,9,0
1346.98,1.8,272.62,1074.36,9,0
513.76,0.0,86.84,426.92,0,0
657.43,0.4,82.43,575.0,2,0
745.95,0.6,78.0,667.95,3,0
965.37,1.0,202.3,763.08,5,0
1437.0,2.0,239.43,1197.56,10,0
861.14,0.8,153.19,707.95,4,0
782.1,0.6,151.97,630.13,3,0
853.53,0.8,168.27,685.26,4,0
969.12,1.0,175.78,793.33,5,0
1296.24,1.8,199.19,1097.05,9,0
492.34,0.0,80.54,411.79,0,0
875.98,0.8,175.59,700.38,4,0
589.95,0.2,115.46,474.49,1,0
523.3,0.0,103.95,419.36,0,0
602.28,0.2,97.54,504.74,1,0
622.77,0.4,78.03,544.74,2,0
1011.55,1.0,210.65,800.9,5,0
1239.36,1.4,237.43,1001.92,7,1
557.78,0.2,75.73,482.05,1,0
496.97,0.0,54.92,442.05,0,0
570.19,0.2,88.14,482.05,1,0
611.46,0.2,136.97,474.49,1,0
1282.07,1.8,215.27,1066.79,9,0
1207.45,1.6,135.27,1072.18,8,0
894.92,0.8,126.46,768.46,4,1
1072.19,1.2,223.73,848.46,6,0
694.04,0.4,149.3,544.74,2,0
1268.5,1.6,256.84,1011.67,8,0
734.03,0.6,134.16,599.87,3,1
700.1,0.4,170.49,529.62,2,0
1023.22,1.2,129.38,893.85,6,0
1180.67,1.4,224.14,956.54,7,0
596.1,0.4,58.92,537.18,2,0
502.28,0.0,98.05,404.23,0,0
490.77,0.0,86.54,404.23,0,0
993.28,1.0,207.51,785.77,5,0
955.2,1.0,161.86,793.33,5,0
836.18,0.6,190.92,645.26,3,1
673.31,0.4,128.57,544.74,2,0
982.91,1.0,204.7,778.21,5,0
860.46,0.8,144.95,715.51,4,0
787.11,0.6,119.16,667.95,3,0
901.6,1.0,93.14,808.46,5,0
736.1,0.6,105.97,630.13,3,0
773.72,0.6,128.46,645.26,3,0
1386.84,1.8,297.35,1089.49,9,0
606.41,0.2,139.49,466.92,1,0
469.21,0.0,72.54,396.67,0,0
992.03,1.0,176.0,816.03,5,0
1336.26,1.8,216.51,1119.74,9,0
602.46,0.2,127.97,474.49,1,0
761.61,0.6,116.35,645.26,3,0
773.99,0.6,83.35,690.64,3,0
1126.65,1.4,177.68,948.97,7,0
934.62,1.0,126.16,808.46,5,0
799.71,0.6,207.41,592.31,3,0
480.53,0.0,91.43,389.1,0,0
640.31,0.2,188.51,451.79,1,0
713.55,0.4,168.81,544.74,2,0
691.99,0.4,154.81,537.18,2,0
654.04,0.4,116.86,537.18,2,0
916.62,0.8,201.11,715.51,4,0
668.39,0.4,123.65,544.74,2,0
1242.68,1.4,301.27,941.41,7,0
778.91,0.6,148.78,630.13,3,0
998.66,1.2,119.95,878.72,6,0
768.71,0.6,100.76,667.95,3,0
833.77,0.8,140.95,692.82,4,0
1170.79,1.4,221.81,948.97,7,1
938.59,1.0,183.08,755.51,5,0
776.15,0.6,138.46,637.69,3,0
1000.87,1.0,192.41,808.46,5,0
1099.33,1.4,150.35,948.97,7,0
1075.64,1.2,196.92,878.72,6,0
950.78,1.0,134.76,816.03,5,1
941.3,1.0,125.27,816.03,5,0
805.86,0.6,175.73,630.13,3,0
762.89,0.6,94.95,667.95,3,0
1012.52,1.2,111.11,901.41,6,1
1029.49,1.0,221.03,808.46,5,0
1045.35,1.0,229.32,816.03,5,0
523.67,0.0,134.57,389.1,0,0
657.7,0.4,75.14,582.56,2,0
957.54,1.2,101.51,856.03,6,0
