"Total_Cost","Ratio_Reloc_Prod","Horiz_Cost","Vert_Cost","nReloc","non_Optimal"
247636.45,0.3753,60709.15,186927.33,563,300
896.49,0.6,122.65,773.85,3,1
685.39,0.2,112.57,572.82,1,1
958.99,0.6,200.27,758.72,3,1
943.15,0.6,244.95,698.21,3,1
611.92,0.2,69.35,542.56,1,1
532.6,0.0,52.73,479.87,0,1
696.67,0.2,138.97,557.69,1,1
787.27,0.4,159.32,627.95,2,1
772.49,0.4,136.97,635.51,2,1
536.99,0.0,72.24,464.74,0,1
706.19,0.4,78.24,627.95,2,1
933.91,0.6,175.19,758.72,3,1
913.42,0.8,122.27,791.15,4,1
919.51,0.6,175.92,743.59,3,1
771.84,0.4,143.89,627.95,2,1
513.18,0.0,56.0,457.18,0,1
632.81,0.2,90.24,542.56,1,1
784.14,0.4,156.19,627.95,2,1
687.11,0.2,152.11,535.0,1,1
679.31,0.2,114.05,565.26,1,1
718.14,0.4,105.32,612.82,2,1
780.64,0.4,137.57,643.08,2,1
740.18,0.2,174.92,565.26,1,1
1956.71,1.6,808.89,1147.82,8,1
736.89,0.2,194.32,542.56,1,1
646.07,0.2,80.81,565.26,1,1
1686.18,1.2,694.0,992.18,6,1
706.5,0.2,141.24,565.26,1,1
1059.03,0.8,230.05,828.97,4,1
755.77,0.2,190.51,565.26,1,1
866.94,0.6,123.35,743.59,3,1
645.6,0.2,133.3,512.31,1,1
629.11,0.2,101.68,527.44,1,1
643.65,0.4,76.22,567.44,2,1
1137.79,0.8,323.95,813.85,4,1
935.42,0.6,184.27,751.15,3,1
755.18,0.2,197.49,557.69,1,1
628.3,0.2,100.86,527.44,1,1
457.84,0.0,30.92,426.92,0,1
578.16,0.0,143.68,434.49,0,1
1234.94,0.8,443.78,791.15,4,1
903.79,0.4,275.84,627.95,2,1
606.96,0.2,102.22,504.74,1,1
974.82,0.4,309.05,665.77,2,1
735.85,0.2,170.59,565.26,1,1
642.79,0.2,115.35,527.44,1,1
784.42,0.2,226.73,557.69,1,1
995.06,0.6,281.73,713.33,3,1
1126.51,0.6,390.49,736.03,3,1
706.4,0.2,148.7,557.69,1,1
985.01,0.6,279.24,705.77,3,1
834.83,0.4,184.19,650.64,2,1
694.75,0.2,137.05,557.69,1,1
588.34,0.0,131.16,457.18,0,1
1268.12,0.6,501.84,766.28,3,1
720.22,0.2,192.78,527.44,1,1
1481.9,1.0,567.54,914.36,5,1
845.27,0.4,202.19,643.08,2,1
1013.59,0.4,378.08,635.51,2,1
737.08,0.2,194.51,542.56,1,1
749.47,0.4,129.08,620.38,2,1
717.27,0.2,174.7,542.56,1,1
1381.53,0.8,582.81,798.72,4,1
1371.78,0.6,628.19,743.59,3,1
937.78,0.6,254.7,683.08,3,1
1240.31,1.0,333.51,906.79,5,1
774.88,0.4,124.24,650.64,2,1
591.84,0.0,149.78,442.05,0,1
780.94,0.4,190.81,590.13,2,1
853.9,0.6,140.57,713.33,3,1
1366.31,0.8,552.46,813.85,4,1
1257.0,0.8,435.59,821.41,4,1
514.7,0.0,80.22,434.49,0,1
474.0,0.0,39.51,434.49,0,1
608.5,0.2,50.81,557.69,1,1
1288.39,0.8,482.11,806.28,4,1
1237.74,0.6,471.46,766.28,3,1
702.79,0.2,182.92,519.87,1,1
919.22,0.4,291.27,627.95,2,1
629.21,0.2,86.65,542.56,1,1
952.87,0.6,239.54,713.33,3,1
784.67,0.4,186.97,597.69,2,1
510.43,0.0,75.95,434.49,0,1
624.57,0.2,97.14,527.44,1,1
1373.49,1.0,519.65,853.85,5,1
1021.88,0.6,270.73,751.15,3,1
983.55,0.6,262.65,720.9,3,1
731.57,0.2,211.7,519.87,1,1
686.99,0.2,136.86,550.13,1,1
658.29,0.2,108.16,550.13,1,1
723.69,0.4,126.0,597.69,2,1
921.26,0.6,230.62,690.64,3,1
1107.7,0.6,371.68,736.03,3,1
1112.67,0.6,376.65,736.03,3,1
571.12,0.2,58.81,512.31,1,1
819.83,0.2,262.14,557.69,1,1
623.24,0.0,173.62,449.62,0,1
819.83,0.4,176.76,643.08,2,1
1057.44,0.8,296.54,760.9,4,1
911.18,0.4,260.54,650.64,2,1
850.68,0.4,222.73,627.95,2,1
1179.06,0.8,350.08,828.97,4,1
1175.68,0.8,361.84,813.85,4,1
921.12,0.6,207.78,713.33,3,1
720.61,0.2,170.49,550.13,1,1
720.07,0.2,154.81,565.26,1,1
660.61,0.2,102.92,557.69,1,1
736.18,0.4,146.05,590.13,2,1
1113.37,0.8,314.65,798.72,4,1
984.54,0.6,248.51,736.03,3,1
663.92,0.2,121.35,542.56,1,1
697.73,0.2,155.16,542.56,1,1
561.5,0.0,96.76,464.74,0,1
845.78,0.4,210.27,635.51,2,1
998.95,0.6,278.05,720.9,3,1
1118.88,0.8,373.11,745.77,4,1
815.93,0.4,150.16,665.77,2,1
577.18,0.0,112.43,464.74,0,1
767.23,0.2,254.92,512.31,1,1
524.21,0.0,82.16,442.05,0,1
537.14,0.0,102.65,434.49,0,1
874.95,0.4,254.57,620.38,2,1
1021.63,0.6,300.73,720.9,3,1
570.5,0.0,105.76,464.74,0,1
900.6,0.6,187.27,713.33,3,1
745.2,0.4,132.38,612.82,2,1
1556.69,1.2,564.51,992.18,6,1
798.67,0.4,163.16,635.51,2,1
1200.49,0.8,386.65,813.85,4,1
960.7,0.6,217.11,743.59,3,1
859.12,0.4,185.78,673.33,2,1
696.63,0.2,169.19,527.44,1,1
848.1,0.4,205.03,643.08,2,1
672.48,0.2,122.35,550.13,1,1
706.04,0.2,140.78,565.26,1,1
664.39,0.2,99.14,565.26,1,1
795.68,0.4,175.3,620.38,2,1
871.84,0.6,150.95,720.9,3,1
634.46,0.2,99.46,535.0,1,1
682.72,0.2,117.46,565.26,1,1
1157.79,0.8,389.32,768.46,4,1
778.31,0.2,205.49,572.82,1,1
830.77,0.4,165.0,665.77,2,1
495.9,0.0,76.54,419.36,0,1
688.07,0.2,130.38,557.69,1,1
483.89,0.0,49.41,434.49,0,1
470.49,0.0,36.0,434.49,0,1
488.97,0.0,46.92,442.05,0,1
576.77,0.2,72.03,504.74,1,1
836.08,0.6,107.62,728.46,3,1
648.92,0.2,106.35,542.56,1,1
630.19,0.2,87.62,542.56,1,1
679.03,0.2,144.03,535.0,1,1
571.07,0.2,66.32,504.74,1,1
794.58,0.4,136.38,658.21,2,1
564.32,0.0,122.27,442.05,0,1
649.73,0.2,114.73,535.0,1,1
1067.31,0.6,369.11,698.21,3,1
712.09,0.2,139.27,572.82,1,1
822.86,0.4,179.78,643.08,2,1
1047.9,0.6,334.57,713.33,3,1
1151.81,0.8,322.84,828.97,4,1
716.67,0.2,158.97,557.69,1,1
1216.44,0.4,550.68,665.77,2,1
952.25,0.6,231.35,720.9,3,1
777.25,0.4,156.86,620.38,2,1
633.79,0.0,153.92,479.87,0,1
546.58,0.0,81.84,464.74,0,1
658.2,0.2,92.95,565.26,1,1
784.86,0.4,141.78,643.08,2,1
866.19,0.4,223.11,643.08,2,1
842.85,0.4,177.08,665.77,2,1
739.04,0.2,173.78,565.26,1,1
531.41,0.0,112.05,419.36,0,1
945.13,0.6,209.11,736.03,3,1
633.56,0.2,91.0,542.56,1,1
551.13,0.0,93.95,457.18,0,1
994.73,0.6,258.7,736.03,3,1
836.97,0.4,193.89,643.08,2,1
556.69,0.0,91.95,464.74,0,1
1009.24,0.6,265.65,743.59,3,1
1002.32,0.6,258.73,743.59,3,1
874.65,0.2,294.27,580.38,1,1
806.97,0.4,163.89,643.08,2,1
677.39,0.2,112.14,565.26,1,1
953.95,0.6,240.62,713.33,3,1
881.96,0.2,324.27,557.69,1,1
815.23,0.2,257.54,557.69,1,1
650.03,0.2,130.16,519.87,1,1
1121.17,0.4,455.41,665.77,2,1
791.99,0.2,226.73,565.26,1,1
715.45,0.2,150.19,565.26,1,1
873.43,0.4,237.92,635.51,2,1
778.61,0.4,112.84,665.77,2,1
808.24,0.4,172.73,635.51,2,1
906.99,0.4,248.78,658.21,2,1
975.6,0.8,214.7,760.9,4,1
850.97,0.4,207.89,643.08,2,1
799.28,0.2,234.03,565.26,1,1
632.4,0.2,89.84,542.56,1,1
800.81,0.4,165.3,635.51,2,1
777.59,0.2,242.59,535.0,1,1
741.73,0.2,206.73,535.0,1,1
737.26,0.4,132.0,605.26,2,1
937.45,0.4,279.24,658.21,2,1
956.42,0.8,165.27,791.15,4,1
760.58,0.2,202.89,557.69,1,1
1280.98,1.0,419.57,861.41,5,1
565.82,0.2,53.51,512.31,1,1
1222.82,0.4,557.05,665.77,2,1
844.92,0.4,209.41,635.51,2,1
655.62,0.2,113.05,542.56,1,1
537.72,0.0,80.54,457.18,0,1
516.1,0.0,58.92,457.18,0,1
1261.47,0.8,447.62,813.85,4,1
1027.35,0.4,384.27,643.08,2,1
920.26,0.6,214.49,705.77,3,1
1449.89,1.0,512.84,937.05,5,1
830.6,0.4,157.27,673.33,2,1
1036.55,0.6,323.22,713.33,3,1
679.53,0.2,114.27,565.26,1,1
1088.2,0.6,321.92,766.28,3,1
1129.33,0.8,315.49,813.85,4,1
702.93,0.2,137.68,565.26,1,1
560.58,0.0,95.84,464.74,0,1
660.23,0.2,102.54,557.69,1,1
1048.75,0.6,305.16,743.59,3,1
766.59,0.4,176.46,590.13,2,1
627.5,0.2,122.76,504.74,1,1
623.0,0.2,88.0,535.0,1,1
940.73,0.4,305.22,635.51,2,1
1120.97,0.6,384.95,736.03,3,1
793.56,0.4,195.86,597.69,2,1
593.89,0.2,51.32,542.56,1,1
437.2,0.0,25.41,411.79,0,1
691.52,0.4,71.14,620.38,2,1
739.34,0.2,174.08,565.26,1,1
914.63,0.6,148.35,766.28,3,1
1389.31,1.0,482.51,906.79,5,1
568.59,0.0,118.97,449.62,0,1
627.5,0.2,122.76,504.74,1,1
555.18,0.2,50.43,504.74,1,1
538.85,0.2,34.11,504.74,1,1
771.45,0.4,113.24,658.21,2,1
873.48,0.4,230.41,643.08,2,1
885.02,0.4,226.81,658.21,2,1
716.37,0.2,158.68,557.69,1,1
659.42,0.2,101.73,557.69,1,1
1070.18,0.6,311.46,758.72,3,1
793.67,0.4,158.16,635.51,2,1
499.36,0.0,80.0,419.36,0,1
1068.28,0.8,262.0,806.28,4,1
1098.59,0.8,254.49,844.1,4,1
1327.7,0.8,491.16,836.54,4,1
666.38,0.2,131.38,535.0,1,1
547.88,0.0,83.14,464.74,0,1
642.6,0.2,115.16,527.44,1,1
901.1,0.4,258.03,643.08,2,1
716.82,0.2,151.57,565.26,1,1
929.88,0.6,224.11,705.77,3,1
1004.48,0.4,361.41,643.08,2,1
923.74,0.6,210.41,713.33,3,1
716.45,0.2,151.19,565.26,1,1
685.48,0.2,127.78,557.69,1,1
920.92,0.6,192.46,728.46,3,1
813.5,0.4,155.3,658.21,2,1
508.7,0.2,34.22,474.49,1,1
1104.37,0.6,353.22,751.15,3,1
803.7,0.4,153.05,650.64,2,1
1175.57,0.8,354.16,821.41,4,1
538.83,0.0,81.65,457.18,0,1
746.47,0.2,181.22,565.26,1,1
1721.89,1.2,684.32,1037.56,6,1
531.54,0.0,44.11,487.44,0,1
775.82,0.4,110.05,665.77,2,1
554.09,0.0,89.35,464.74,0,1
1103.14,1.0,188.78,914.36,5,1
574.25,0.0,101.95,472.31,0,1
855.89,0.4,212.81,643.08,2,1
1386.96,0.8,588.24,798.72,4,1
889.38,0.6,229.0,660.38,3,1
821.83,0.4,163.62,658.21,2,1
874.88,0.6,176.68,698.21,3,1
600.64,0.0,135.89,464.74,0,1
588.28,0.0,115.97,472.31,0,1
680.54,0.2,137.97,542.56,1,1
1104.62,0.6,361.03,743.59,3,1
751.26,0.4,153.57,597.69,2,1
907.79,0.4,279.84,627.95,2,1
630.62,0.2,95.62,535.0,1,1
756.93,0.4,136.54,620.38,2,1
913.7,0.6,223.05,690.64,3,1
695.12,0.2,129.86,565.26,1,1
567.18,0.0,102.43,464.74,0,1
563.35,0.0,113.73,449.62,0,1
431.2,0.0,19.41,411.79,0,1
485.52,0.0,73.73,411.79,0,1
951.5,0.4,285.73,665.77,2,1
910.57,0.6,242.62,667.95,3,1
848.04,0.6,142.27,705.77,3,1
