"Total_Cost","Ratio_Reloc_Prod","Horiz_Cost","Vert_Cost","nReloc","non_Optimal"
226981.14,0.4373,37362.5,189618.62,656,300
543.17,0.0,55.73,487.44,0,1
710.91,0.2,153.22,557.69,1,1
839.74,0.6,133.97,705.77,3,1
785.03,0.4,157.08,627.95,2,1
749.88,0.4,99.24,650.64,2,1
522.37,0.0,57.62,464.74,0,1
666.15,0.2,108.46,557.69,1,1
854.06,0.6,133.16,720.9,3,1
695.63,0.2,130.38,565.26,1,1
651.64,0.0,194.46,457.18,0,1
548.41,0.0,68.54,479.87,0,1
1058.91,1.0,167.24,891.67,5,1
713.19,0.4,85.24,627.95,2,1
543.16,0.0,108.68,434.49,0,1
707.99,0.2,150.3,557.69,1,1
1174.6,1.2,220.24,954.36,6,1
930.87,0.8,117.03,813.85,4,1
883.78,0.6,147.76,736.03,3,1
992.41,0.8,178.57,813.85,4,1
947.69,0.8,148.97,798.72,4,1
848.83,0.6,165.76,683.08,3,1
1025.35,1.0,141.24,884.1,5,1
779.11,0.6,111.16,667.95,3,1
707.71,0.4,87.32,620.38,2,1
650.12,0.2,92.43,557.69,1,1
937.4,0.6,193.81,743.59,3,1
682.97,0.2,132.84,550.13,1,1
836.15,0.6,137.95,698.21,3,1
1159.79,1.2,213.0,946.79,6,1
585.93,0.0,106.05,479.87,0,1
758.86,0.4,123.35,635.51,2,1
811.82,0.6,90.92,720.9,3,1
538.45,0.0,88.84,449.62,0,1
555.57,0.0,121.08,434.49,0,1
561.64,0.0,112.03,449.62,0,1
608.24,0.2,73.24,535.0,1,1
540.31,0.0,83.14,457.18,0,1
603.92,0.2,68.92,535.0,1,1
1298.13,1.6,233.51,1064.62,8,1
1034.19,1.0,157.65,876.54,5,1
663.04,0.2,105.35,557.69,1,1
780.32,0.4,129.68,650.64,2,1
818.02,0.6,127.38,690.64,3,1
663.34,0.2,105.65,557.69,1,1
964.08,0.8,180.49,783.59,4,1
736.65,0.4,101.14,635.51,2,1
748.92,0.2,206.35,542.56,1,1
620.14,0.2,85.14,535.0,1,1
755.09,0.4,142.27,612.82,2,1
635.1,0.2,92.54,542.56,1,1
1033.45,1.0,194.73,838.72,5,1
584.28,0.2,64.41,519.87,1,1
699.18,0.4,109.05,590.13,2,1
709.74,0.6,56.92,652.82,3,1
624.45,0.2,74.32,550.13,1,1
719.84,0.2,184.84,535.0,1,1
712.93,0.4,92.54,620.38,2,1
658.5,0.2,93.24,565.26,1,1
713.84,0.4,93.46,620.38,2,1
744.79,0.4,131.97,612.82,2,1
793.17,0.6,132.78,660.38,3,1
904.33,0.8,135.86,768.46,4,1
631.1,0.2,88.54,542.56,1,1
1050.77,0.8,236.92,813.85,4,1
682.12,0.2,116.86,565.26,1,1
718.77,0.4,105.95,612.82,2,1
775.57,0.4,155.19,620.38,2,1
996.66,0.8,197.95,798.72,4,1
815.77,0.6,117.57,698.21,3,1
520.65,0.0,86.16,434.49,0,1
545.1,0.2,47.92,497.18,1,1
741.88,0.4,91.24,650.64,2,1
838.7,0.6,148.05,690.64,3,1
1006.48,1.0,182.89,823.59,5,1
826.13,0.4,175.49,650.64,2,1
762.16,0.4,126.65,635.51,2,1
751.6,0.6,91.22,660.38,3,1
569.39,0.0,104.65,464.74,0,1
604.56,0.2,62.0,542.56,1,1
576.04,0.2,63.73,512.31,1,1
526.46,0.0,91.97,434.49,0,1
865.12,0.6,151.78,713.33,3,1
925.72,0.6,235.08,690.64,3,1
643.6,0.2,116.16,527.44,1,1
1067.77,1.0,213.92,853.85,5,1
546.25,0.0,73.95,472.31,0,1
775.05,0.6,99.54,675.51,3,1
774.56,0.6,83.92,690.64,3,1
604.69,0.0,132.38,472.31,0,1
646.43,0.2,111.43,535.0,1,1
715.47,0.4,102.65,612.82,2,1
773.77,0.4,168.51,605.26,2,1
636.61,0.2,78.92,557.69,1,1
678.96,0.2,121.27,557.69,1,1
697.46,0.2,154.89,542.56,1,1
566.94,0.0,109.76,457.18,0,1
785.73,0.4,157.78,627.95,2,1
811.0,0.4,175.49,635.51,2,1
1130.39,1.0,223.59,906.79,5,1
567.31,0.0,110.14,457.18,0,1
1152.63,1.0,245.84,906.79,5,1
564.75,0.0,107.57,457.18,0,1
489.92,0.0,55.43,434.49,0,1
709.08,0.2,166.51,542.56,1,1
531.73,0.0,97.24,434.49,0,1
762.15,0.6,71.51,690.64,3,1
692.99,0.2,135.3,557.69,1,1
697.69,0.4,92.43,605.26,2,1
832.58,0.6,134.38,698.21,3,1
829.7,0.6,154.19,675.51,3,1
704.58,0.4,91.76,612.82,2,1
923.52,0.8,170.19,753.33,4,1
782.32,0.6,99.24,683.08,3,1
662.31,0.2,97.05,565.26,1,1
754.72,0.4,157.03,597.69,2,1
722.15,0.4,124.46,597.69,2,1
900.89,0.8,124.86,776.03,4,1
873.35,0.6,144.89,728.46,3,1
789.34,0.4,138.7,650.64,2,1
698.23,0.2,132.97,565.26,1,1
526.53,0.0,76.92,449.62,0,1
634.08,0.2,106.65,527.44,1,1
849.34,0.6,158.7,690.64,3,1
714.77,0.4,117.08,597.69,2,1
780.64,0.4,122.43,658.21,2,1
851.93,0.6,146.16,705.77,3,1
723.62,0.2,135.68,587.95,1,1
965.14,0.8,204.24,760.9,4,1
571.93,0.2,59.62,512.31,1,1
950.03,0.6,221.57,728.46,3,1
543.83,0.0,86.65,457.18,0,1
743.64,0.4,85.43,658.21,2,1
572.08,0.0,137.59,434.49,0,1
687.31,0.4,82.05,605.26,2,1
966.49,1.0,112.65,853.85,5,1
614.94,0.2,64.81,550.13,1,1
623.9,0.2,96.46,527.44,1,1
853.73,0.6,178.22,675.51,3,1
587.83,0.2,90.65,497.18,1,1
1033.73,1.0,157.19,876.54,5,1
725.27,0.4,97.32,627.95,2,1
676.78,0.2,141.78,535.0,1,1
600.73,0.2,65.73,535.0,1,1
811.21,0.6,128.14,683.08,3,1
493.84,0.0,66.92,426.92,0,1
1146.79,1.2,200.0,946.79,6,1
960.96,0.8,154.68,806.28,4,1
650.88,0.4,45.62,605.26,2,1
679.16,0.4,104.16,575.0,2,1
858.11,0.6,129.65,728.46,3,1
776.06,0.4,148.11,627.95,2,1
858.26,0.8,120.05,738.21,4,1
637.45,0.2,87.32,550.13,1,1
635.97,0.2,100.97,535.0,1,1
777.49,0.4,141.97,635.51,2,1
806.11,0.6,85.22,720.9,3,1
503.22,0.0,68.73,434.49,0,1
577.84,0.0,150.92,426.92,0,1
759.97,0.6,69.32,690.64,3,1
1061.77,1.2,167.92,893.85,6,1
609.51,0.2,74.51,535.0,1,1
590.82,0.2,70.95,519.87,1,1
655.72,0.0,198.54,457.18,0,1
818.44,0.6,97.54,720.9,3,1
651.55,0.2,131.68,519.87,1,1
580.37,0.2,75.62,504.74,1,1
624.2,0.4,64.32,559.87,2,1
647.31,0.2,89.62,557.69,1,1
896.82,0.8,143.49,753.33,4,1
845.93,0.6,140.16,705.77,3,1
863.44,0.6,157.68,705.77,3,1
772.89,0.6,104.95,667.95,3,1
1192.42,1.2,260.76,931.67,6,1
1021.51,1.0,144.97,876.54,5,1
599.11,0.2,64.11,535.0,1,1
836.03,0.4,200.51,635.51,2,1
712.08,0.4,84.14,627.95,2,1
506.57,0.0,79.65,426.92,0,1
647.69,0.4,50.0,597.69,2,1
1090.18,1.0,206.08,884.1,5,1
568.66,0.0,96.35,472.31,0,1
675.64,0.2,117.95,557.69,1,1
760.01,0.6,99.62,660.38,3,1
1195.78,1.4,171.16,1024.62,7,1
1075.84,1.0,153.92,921.92,5,1
537.72,0.0,80.54,457.18,0,1
799.73,0.6,116.65,683.08,3,1
580.9,0.2,61.03,519.87,1,1
523.75,0.0,74.14,449.62,0,1
959.05,0.8,167.89,791.15,4,1
934.02,0.6,190.43,743.59,3,1
1188.92,1.2,219.43,969.49,6,1
662.61,0.2,97.35,565.26,1,1
460.76,0.0,41.41,419.36,0,1
854.5,0.8,101.16,753.33,4,1
994.4,0.8,157.86,836.54,4,1
684.15,0.2,118.89,565.26,1,1
643.24,0.2,93.11,550.13,1,1
858.31,0.6,144.97,713.33,3,1
946.0,0.6,217.54,728.46,3,1
606.25,0.0,126.38,479.87,0,1
777.49,0.4,141.97,635.51,2,1
559.67,0.0,110.05,449.62,0,1
686.57,0.4,111.57,575.0,2,1
728.93,0.4,108.54,620.38,2,1
703.46,0.4,75.51,627.95,2,1
743.58,0.2,178.32,565.26,1,1
653.38,0.2,118.38,535.0,1,1
882.31,0.8,128.97,753.33,4,1
893.04,0.8,147.27,745.77,4,1
647.14,0.2,127.27,519.87,1,1
770.48,0.4,119.84,650.64,2,1
1048.09,1.2,146.68,901.41,6,1
749.79,0.4,121.84,627.95,2,1
866.78,0.6,183.7,683.08,3,1
649.36,0.4,44.11,605.26,2,1
667.07,0.2,109.38,557.69,1,1
970.05,0.8,178.89,791.15,4,1
610.08,0.0,168.03,442.05,0,1
799.66,0.6,101.46,698.21,3,1
714.04,0.4,116.35,597.69,2,1
515.84,0.0,81.35,434.49,0,1
702.72,0.2,152.59,550.13,1,1
671.97,0.4,81.84,590.13,2,1
759.65,0.6,84.14,675.51,3,1
623.41,0.2,103.54,519.87,1,1
740.63,0.4,135.38,605.26,2,1
816.98,0.6,103.65,713.33,3,1
877.96,0.6,172.19,705.77,3,1
547.83,0.0,90.65,457.18,0,1
721.33,0.4,100.95,620.38,2,1
690.75,0.2,133.05,557.69,1,1
666.23,0.4,68.54,597.69,2,1
602.92,0.2,67.92,535.0,1,1
819.75,0.6,136.68,683.08,3,1
725.21,0.4,135.08,590.13,2,1
796.95,0.6,129.0,667.95,3,1
929.3,1.0,113.27,816.03,5,1
699.82,0.4,79.43,620.38,2,1
980.73,1.0,111.76,868.97,5,1
961.98,0.8,155.7,806.28,4,1
551.72,0.0,94.54,457.18,0,1
680.81,0.2,138.24,542.56,1,1
805.7,0.6,115.05,690.64,3,1
874.33,0.6,145.86,728.46,3,1
488.16,0.0,46.11,442.05,0,1
946.38,0.8,177.92,768.46,4,1
594.76,0.2,67.32,527.44,1,1
619.43,0.2,84.43,535.0,1,1
792.73,0.6,124.78,667.95,3,1
810.78,0.6,127.7,683.08,3,1
801.28,0.6,95.51,705.77,3,1
552.05,0.2,62.43,489.62,1,1
693.27,0.2,150.7,542.56,1,1
543.74,0.2,39.0,504.74,1,1
740.18,0.4,89.54,650.64,2,1
784.99,0.4,179.73,605.26,2,1
597.69,0.2,92.95,504.74,1,1
1028.61,1.0,182.32,846.28,5,1
680.96,0.2,123.27,557.69,1,1
486.92,0.0,60.0,426.92,0,1
571.07,0.2,66.32,504.74,1,1
911.64,0.8,173.43,738.21,4,1
1010.06,0.8,181.08,828.97,4,1
673.63,0.4,60.81,612.82,2,1
633.76,0.2,98.76,535.0,1,1
546.31,0.2,34.0,512.31,1,1
628.62,0.4,53.62,575.0,2,1
550.21,0.0,93.03,457.18,0,1
521.01,0.0,101.65,419.36,0,1
597.48,0.2,107.86,489.62,1,1
502.39,0.0,98.16,404.23,0,1
1107.02,1.2,182.92,924.1,6,1
906.52,0.8,153.19,753.33,4,1
700.07,0.4,109.95,590.13,2,1
726.09,0.4,120.84,605.26,2,1
695.36,0.4,90.11,605.26,2,1
805.15,0.6,106.95,698.21,3,1
485.44,0.0,58.51,426.92,0,1
920.67,0.8,137.08,783.59,4,1
764.32,0.4,174.19,590.13,2,1
955.65,0.8,179.62,776.03,4,1
892.41,0.8,139.08,753.33,4,1
643.35,0.2,108.35,535.0,1,1
883.58,0.8,145.38,738.21,4,1
937.05,0.8,153.46,783.59,4,1
999.61,0.8,193.32,806.28,4,1
1014.9,1.0,161.05,853.85,5,1
878.82,0.6,165.49,713.33,3,1
555.18,0.0,90.43,464.74,0,1
916.09,0.6,210.32,705.77,3,1
944.16,0.8,160.57,783.59,4,1
788.79,0.4,168.41,620.38,2,1
1139.79,1.0,278.38,861.41,5,1
993.39,0.8,187.11,806.28,4,1
817.68,0.4,189.73,627.95,2,1
812.94,0.6,129.86,683.08,3,1
1044.47,1.0,190.62,853.85,5,1
714.4,0.4,124.27,590.13,2,1
723.8,0.2,166.11,557.69,1,1
