"Total_Cost","Ratio_Reloc_Prod","Horiz_Cost","Vert_Cost","nReloc","non_Optimal"
248746.07,0.424,59352.55,189393.48,636,221
622.61,0.2,64.92,557.69,1,0
906.98,0.6,178.51,728.46,3,1
779.28,0.4,105.95,673.33,2,0
671.01,0.2,105.76,565.26,1,0
918.54,0.4,275.46,643.08,2,1
1001.72,0.8,203.0,798.72,4,1
527.09,0.0,47.22,479.87,0,1
1083.62,0.8,300.03,783.59,4,1
515.1,0.0,57.92,457.18,0,1
823.42,0.6,117.65,705.77,3,1
965.61,0.6,274.97,690.64,3,1
620.23,0.2,47.41,572.82,1,1
803.05,0.4,159.97,643.08,2,1
604.17,0.2,76.73,527.44,1,1
543.18,0.0,78.43,464.74,0,1
876.64,0.6,133.05,743.59,3,1
1452.15,1.0,666.38,785.77,5,1
872.11,0.6,143.65,728.46,3,0
694.33,0.4,81.51,612.82,2,0
785.49,0.4,149.97,635.51,2,1
1076.66,0.6,370.89,705.77,3,1
979.88,0.8,188.73,791.15,4,1
654.93,0.2,82.11,572.82,1,0
567.5,0.0,102.76,464.74,0,1
811.14,0.4,183.19,627.95,2,1
1307.4,0.8,584.32,723.08,4,1
1076.19,1.0,154.27,921.92,5,1
679.75,0.2,122.05,557.69,1,1
514.45,0.0,49.7,464.74,0,1
1144.6,1.2,235.62,908.97,6,1
1119.8,1.0,281.08,838.72,5,1
771.75,0.4,128.68,643.08,2,1
618.27,0.2,75.7,542.56,1,0
652.39,0.2,87.14,565.26,1,0
946.22,0.6,225.32,720.9,3,1
673.69,0.2,108.43,565.26,1,0
749.37,0.2,206.81,542.56,1,1
835.11,0.6,159.59,675.51,3,1
1238.25,1.0,384.41,853.85,5,1
702.82,0.2,137.57,565.26,1,1
544.99,0.0,87.81,457.18,0,1
584.96,0.0,127.78,457.18,0,1
668.9,0.2,141.46,527.44,1,1
590.04,0.0,132.86,457.18,0,0
803.34,0.6,105.14,698.21,3,0
633.81,0.2,98.81,535.0,1,0
1659.7,0.8,929.05,730.64,4,1
602.33,0.0,122.46,479.87,0,1
813.04,0.6,114.84,698.21,3,1
1004.78,0.6,329.27,675.51,3,1
1333.62,0.8,610.54,723.08,4,1
562.12,0.0,82.24,479.87,0,0
770.71,0.4,142.76,627.95,2,0
1203.65,0.8,503.27,700.38,4,1
888.69,0.6,190.49,698.21,3,1
878.19,0.6,149.73,728.46,3,0
779.23,0.4,166.41,612.82,2,1
952.34,0.8,153.62,798.72,4,0
1044.76,0.4,477.32,567.44,2,1
763.38,0.4,143.0,620.38,2,1
680.99,0.2,130.86,550.13,1,1
877.91,0.4,227.27,650.64,2,1
841.1,0.2,290.97,550.13,1,1
592.96,0.0,120.65,472.31,0,1
833.02,0.6,142.38,690.64,3,1
775.45,0.4,117.24,658.21,2,1
687.98,0.2,115.16,572.82,1,1
1383.3,1.4,426.76,956.54,7,1
847.3,0.6,118.84,728.46,3,1
925.44,0.6,212.11,713.33,3,1
552.31,0.0,95.14,457.18,0,0
645.69,0.4,48.0,597.69,2,1
741.63,0.4,136.38,605.26,2,1
1608.05,1.2,752.03,856.03,6,1
813.29,0.6,115.08,698.21,3,1
526.07,0.0,61.32,464.74,0,0
813.51,0.6,130.43,683.08,3,1
931.94,0.8,148.35,783.59,4,1
1530.56,0.8,792.35,738.21,4,1
567.85,0.0,95.54,472.31,0,0
724.6,0.4,96.65,627.95,2,0
971.99,0.4,321.35,650.64,2,1
859.5,0.6,153.73,705.77,3,0
1383.08,1.0,574.62,808.46,5,1
992.76,0.8,171.35,821.41,4,1
878.24,0.6,134.65,743.59,3,1
669.88,0.2,119.76,550.13,1,1
557.91,0.0,100.73,457.18,0,0
500.92,0.0,66.43,434.49,0,1
837.01,0.6,131.24,705.77,3,0
1373.37,0.6,750.81,622.56,3,1
842.75,0.6,152.11,690.64,3,1
964.04,0.6,258.27,705.77,3,1
2076.5,1.4,1157.78,918.72,7,1
739.17,0.4,126.35,612.82,2,1
648.99,0.2,83.73,565.26,1,0
885.29,0.6,187.08,698.21,3,1
640.76,0.2,105.76,535.0,1,1
744.22,0.4,116.27,627.95,2,1
678.73,0.4,96.16,582.56,2,1
1033.49,0.8,257.46,776.03,4,1
630.91,0.2,73.22,557.69,1,0
531.13,0.0,73.95,457.18,0,0
1120.65,1.0,244.11,876.54,5,1
798.92,0.4,163.41,635.51,2,0
775.57,0.4,155.19,620.38,2,1
556.97,0.0,107.35,449.62,0,0
528.97,0.0,86.92,442.05,0,1
874.5,0.8,121.16,753.33,4,1
535.89,0.0,93.84,442.05,0,1
531.7,0.2,57.22,474.49,1,1
659.61,0.2,162.43,497.18,1,1
501.73,0.0,67.24,434.49,0,1
767.04,0.4,108.84,658.21,2,1
656.94,0.2,99.24,557.69,1,1
694.23,0.4,96.54,597.69,2,1
739.09,0.4,126.27,612.82,2,1
2088.16,1.2,1224.57,863.59,6,1
1279.95,1.0,350.46,929.49,5,1
1023.51,0.6,340.43,683.08,3,1
883.72,0.6,140.14,743.59,3,1
520.21,0.0,63.03,457.18,0,1
923.47,0.8,124.76,798.72,4,1
761.75,0.4,103.54,658.21,2,1
1127.37,1.0,228.14,899.23,5,1
1621.13,1.0,797.54,823.59,5,1
2016.93,1.8,897.19,1119.74,9,1
863.21,0.6,112.05,751.15,3,1
1055.9,0.8,234.49,821.41,4,1
1623.19,1.6,520.76,1102.44,8,1
964.7,0.6,221.11,743.59,3,1
670.82,0.2,105.57,565.26,1,1
728.6,0.4,100.65,627.95,2,0
1087.05,0.4,512.05,575.0,2,1
754.63,0.4,149.38,605.26,2,0
608.04,0.0,143.3,464.74,0,0
706.84,0.2,171.84,535.0,1,0
951.37,0.8,152.65,798.72,4,1
660.55,0.2,87.73,572.82,1,1
910.54,0.6,174.51,736.03,3,1
658.31,0.0,193.57,464.74,0,1
1569.62,0.8,854.11,715.51,4,1
663.55,0.2,90.73,572.82,1,0
624.76,0.2,89.76,535.0,1,0
908.55,0.6,142.27,766.28,3,1
1767.67,1.2,896.51,871.15,6,1
762.11,0.4,134.16,627.95,2,0
767.77,0.4,109.57,658.21,2,1
769.19,0.4,133.68,635.51,2,1
810.78,0.4,167.7,643.08,2,1
714.55,0.2,149.3,565.26,1,1
565.8,0.0,101.05,464.74,0,1
915.24,0.8,131.65,783.59,4,1
1287.51,1.2,318.03,969.49,6,1
545.41,0.0,65.54,479.87,0,0
735.36,0.4,122.54,612.82,2,0
966.78,0.4,316.14,650.64,2,1
659.25,0.2,139.38,519.87,1,1
564.8,0.0,100.05,464.74,0,0
629.58,0.2,132.41,497.18,1,1
523.18,0.0,58.43,464.74,0,0
726.16,0.4,90.65,635.51,2,0
881.47,0.6,160.57,720.9,3,1
845.92,0.4,210.41,635.51,2,0
600.39,0.0,128.08,472.31,0,1
860.67,0.6,124.65,736.03,3,1
908.25,0.6,179.78,728.46,3,1
730.42,0.2,172.73,557.69,1,0
1446.0,0.8,722.92,723.08,4,1
953.98,0.6,187.7,766.28,3,1
814.29,0.4,156.08,658.21,2,0
736.26,0.2,171.0,565.26,1,0
859.63,0.6,153.86,705.77,3,1
668.52,0.2,141.08,527.44,1,0
898.9,0.6,125.05,773.85,3,0
1183.06,0.6,522.68,660.38,3,1
527.01,0.0,54.7,472.31,0,1
1077.88,1.0,231.59,846.28,5,1
708.84,0.4,73.32,635.51,2,0
510.91,0.0,53.73,457.18,0,0
957.6,0.6,229.14,728.46,3,1
555.13,0.0,97.95,457.18,0,1
731.12,0.2,165.86,565.26,1,0
923.15,0.6,217.38,705.77,3,1
756.61,0.2,191.35,565.26,1,1
686.39,0.2,113.57,572.82,1,0
730.86,0.4,95.35,635.51,2,1
679.16,0.2,144.16,535.0,1,1
601.61,0.0,136.86,464.74,0,1
1418.77,1.2,487.11,931.67,6,1
811.0,0.4,167.92,643.08,2,0
688.46,0.2,145.89,542.56,1,1
544.61,0.0,87.43,457.18,0,0
871.42,0.6,165.65,705.77,3,1
886.55,0.6,173.22,713.33,3,1
571.69,0.0,106.95,464.74,0,0
673.73,0.2,131.16,542.56,1,0
670.97,0.2,120.84,550.13,1,1
626.03,0.2,91.03,535.0,1,1
863.26,0.6,165.05,698.21,3,1
547.53,0.0,90.35,457.18,0,1
830.99,0.6,140.35,690.64,3,1
678.98,0.4,111.54,567.44,2,1
678.72,0.2,128.59,550.13,1,0
774.17,0.6,121.35,652.82,3,1
993.11,0.8,224.65,768.46,4,1
747.14,0.2,174.32,572.82,1,0
1352.4,0.6,669.32,683.08,3,1
915.2,0.6,156.49,758.72,3,1
894.42,0.6,143.27,751.15,3,1
890.99,0.4,225.22,665.77,2,1
784.5,0.4,171.68,612.82,2,1
597.5,0.0,125.19,472.31,0,0
1528.06,1.0,734.73,793.33,5,1
737.72,0.4,132.46,605.26,2,0
855.52,0.4,227.57,627.95,2,1
517.62,0.0,68.0,449.62,0,1
626.29,0.2,83.73,542.56,1,1
807.99,0.4,149.78,658.21,2,1
841.55,0.4,221.16,620.38,2,1
589.19,0.2,46.62,542.56,1,0
1298.51,0.6,607.86,690.64,3,1
791.22,0.4,163.27,627.95,2,0
845.24,0.4,194.59,650.64,2,1
574.9,0.0,95.03,479.87,0,0
640.47,0.2,75.22,565.26,1,1
689.46,0.2,146.89,542.56,1,1
697.01,0.2,131.76,565.26,1,1
667.7,0.2,117.57,550.13,1,1
719.31,0.2,154.05,565.26,1,0
668.33,0.2,87.95,580.38,1,1
540.66,0.0,75.92,464.74,0,1
964.7,0.6,289.19,675.51,3,1
666.6,0.4,46.22,620.38,2,1
941.34,0.8,203.14,738.21,4,1
956.78,0.8,226.14,730.64,4,1
497.83,0.0,48.22,449.62,0,0
848.79,0.6,135.46,713.33,3,1
506.86,0.0,57.24,449.62,0,0
518.22,0.0,83.73,434.49,0,0
651.27,0.2,116.27,535.0,1,1
1209.3,0.4,634.3,575.0,2,1
652.0,0.2,124.57,527.44,1,1
707.85,0.4,110.16,597.69,2,0
874.32,0.6,198.81,675.51,3,1
614.56,0.2,72.0,542.56,1,0
759.75,0.4,101.54,658.21,2,0
543.29,0.0,101.24,442.05,0,1
662.23,0.2,104.54,557.69,1,1
918.26,0.6,227.62,690.64,3,0
736.65,0.4,101.14,635.51,2,1
1787.45,1.2,923.86,863.59,6,1
687.56,0.2,129.86,557.69,1,1
1107.35,0.6,363.76,743.59,3,1
787.65,0.4,159.7,627.95,2,0
661.69,0.2,96.43,565.26,1,0
570.31,0.0,105.57,464.74,0,1
643.39,0.2,78.14,565.26,1,1
1078.08,0.4,442.57,635.51,2,1
896.61,0.6,190.84,705.77,3,1
810.39,0.6,97.05,713.33,3,1
813.93,0.4,148.16,665.77,2,1
1103.87,1.2,210.03,893.85,6,1
995.79,0.8,181.95,813.85,4,1
571.99,0.0,122.38,449.62,0,1
540.03,0.2,65.54,474.49,1,1
637.82,0.2,117.95,519.87,1,0
679.41,0.4,59.03,620.38,2,1
847.03,0.6,186.65,660.38,3,1
572.18,0.0,107.43,464.74,0,0
945.75,0.6,194.59,751.15,3,1
789.2,0.4,123.43,665.77,2,1
683.9,0.4,63.51,620.38,2,1
615.89,0.2,73.32,542.56,1,0
711.94,0.2,161.81,550.13,1,1
733.14,0.4,112.76,620.38,2,1
553.56,0.2,71.51,482.05,1,1
688.61,0.4,90.92,597.69,2,0
742.74,0.4,122.35,620.38,2,0
699.87,0.2,180.0,519.87,1,1
1234.22,1.2,272.3,961.92,6,1
556.85,0.0,84.54,472.31,0,0
677.59,0.2,127.46,550.13,1,1
759.35,0.4,123.84,635.51,2,0
788.4,0.4,152.89,635.51,2,1
681.8,0.2,116.54,565.26,1,1
1528.59,0.8,797.95,730.64,4,1
752.0,0.4,124.05,627.95,2,1
584.42,0.0,127.24,457.18,0,1
790.88,0.2,233.19,557.69,1,1
608.51,0.2,73.51,535.0,1,1
728.93,0.6,76.11,652.82,3,1
858.65,0.8,97.76,760.9,4,1
543.1,0.2,45.92,497.18,1,1
1016.87,0.8,187.89,828.97,4,1
984.0,0.6,255.54,728.46,3,1
556.35,0.0,121.86,434.49,0,0
863.5,0.6,150.16,713.33,3,1
1195.0,0.6,580.0,615.0,3,1
746.36,0.4,125.97,620.38,2,1
