"Total_Cost","Ratio_Reloc_Prod","Horiz_Cost","Vert_Cost","nReloc","non_Optimal"
224438.42,0.4533,32823.58,191614.89,680,250
649.3,0.0,68.92,580.38,0,1
1139.48,0.8333,154.86,984.62,5,1
935.97,0.5,99.43,836.54,3,1
732.73,0.1667,89.65,643.08,1,1
934.41,0.5,120.57,813.85,3,1
1068.32,0.6667,184.22,884.1,4,1
681.79,0.1667,61.41,620.38,1,1
856.29,0.3333,158.08,698.21,2,1
572.7,0.0,37.7,535.0,0,1
775.91,0.3333,77.7,698.21,2,1
1163.35,0.8333,186.3,977.05,5,1
791.22,0.3333,70.32,720.9,2,1
753.86,0.1667,118.35,635.51,1,1
1016.99,0.8333,85.32,931.67,5,1
960.08,0.6667,83.54,876.54,4,1
852.23,0.5,106.46,745.77,3,1
735.27,0.1667,99.76,635.51,1,1
1316.18,1.1667,191.05,1125.13,7,1
850.42,0.5,104.65,745.77,3,1
1090.75,0.6667,206.65,884.1,4,1
843.39,0.5,90.05,753.33,3,1
907.73,0.5,139.27,768.46,3,1
998.54,0.6667,129.57,868.97,4,1
625.31,0.0,67.62,557.69,0,1
734.4,0.1667,91.32,643.08,1,1
967.55,0.3333,261.78,705.77,2,1
740.7,0.1667,97.62,643.08,1,1
1014.24,0.6667,145.27,868.97,4,1
844.84,0.3333,123.95,720.9,2,1
898.77,0.5,153.0,745.77,3,1
555.26,0.0,50.51,504.74,0,1
1059.88,0.8333,120.65,939.23,5,1
1063.8,0.6667,164.57,899.23,4,1
964.58,0.6667,125.86,838.72,4,1
973.13,0.5,197.11,776.03,3,1
702.49,0.1667,74.54,627.95,1,1
981.83,0.5,183.11,798.72,3,1
1172.14,0.8333,263.16,908.97,5,1
841.67,0.3333,105.65,736.03,2,1
860.41,0.5,91.95,768.46,3,1
773.23,0.1667,160.41,612.82,1,1
801.1,0.3333,110.46,690.64,2,1
772.51,0.1667,121.86,650.64,1,1
724.03,0.1667,103.65,620.38,1,1
1127.82,1.0,133.46,994.36,6,1
926.88,0.5,128.16,798.72,3,1
1103.57,0.8333,141.65,961.92,5,1
761.6,0.1667,148.78,612.82,1,1
680.35,0.0,137.78,542.56,0,1
973.74,0.6667,127.46,846.28,4,1
958.5,0.6667,119.78,838.72,4,1
765.58,0.1667,92.24,673.33,1,1
771.75,0.1667,121.11,650.64,1,1
1008.57,0.6667,147.16,861.41,4,1
1194.55,0.8333,194.81,999.74,5,1
904.69,0.5,113.54,791.15,3,1
1035.43,0.6667,158.89,876.54,4,1
778.48,0.1667,120.27,658.21,1,1
909.74,0.5,111.03,798.72,3,1
855.27,0.5,86.81,768.46,3,1
1134.61,0.8333,187.81,946.79,5,1
598.94,0.0,48.81,550.13,0,1
1140.06,0.8333,185.7,954.36,5,1
1064.7,0.8333,140.59,924.1,5,1
899.3,0.3333,178.41,720.9,2,1
673.19,0.0,138.19,535.0,0,1
827.07,0.3333,75.92,751.15,2,1
941.12,0.6667,94.84,846.28,4,1
578.65,0.0,51.22,527.44,0,1
818.82,0.3333,113.05,705.77,2,1
1202.25,1.0,147.38,1054.87,6,1
819.1,0.1667,160.89,658.21,1,1
1315.43,1.1667,190.3,1125.13,7,1
823.92,0.3333,148.41,675.51,2,1
960.15,0.6667,113.86,846.28,4,1
834.2,0.5,88.43,745.77,3,1
1071.78,0.6667,187.68,884.1,4,1
857.12,0.3333,98.41,758.72,2,1
1023.37,0.5,224.65,798.72,3,1
831.89,0.3333,103.43,728.46,2,1
1601.93,1.3333,361.16,1240.77,8,1
868.56,0.3333,109.84,758.72,2,1
1107.95,0.8333,153.59,954.36,5,1
962.38,0.5,125.84,836.54,3,1
1081.76,0.6667,167.41,914.36,4,1
866.28,0.3333,145.38,720.9,2,1
766.42,0.3333,68.22,698.21,2,1
815.18,0.5,84.54,730.64,3,1
969.64,0.5,125.54,844.1,3,1
980.99,0.5,189.84,791.15,3,1
1086.99,0.6667,195.32,891.67,4,1
874.94,0.3333,131.35,743.59,2,1
740.16,0.1667,104.65,635.51,1,1
834.09,0.3333,120.76,713.33,2,1
621.7,0.0,79.14,542.56,0,1
932.57,0.5,164.11,768.46,3,1
619.9,0.0,92.46,527.44,0,1
686.39,0.1667,81.14,605.26,1,1
692.23,0.1667,94.54,597.69,1,1
818.93,0.3333,113.16,705.77,2,1
795.61,0.1667,144.97,650.64,1,1
749.09,0.1667,136.27,612.82,1,1
516.43,0.0,26.81,489.62,0,1
762.96,0.1667,157.7,605.26,1,1
1130.79,0.8333,184.0,946.79,5,1
794.51,0.3333,103.86,690.64,2,1
1021.14,0.6667,152.16,868.97,4,1
1217.55,1.0,177.81,1039.74,6,1
601.87,0.0,74.43,527.44,0,1
948.71,0.6667,102.43,846.28,4,1
1053.18,0.6667,169.08,884.1,4,1
992.93,0.5,194.22,798.72,3,1
934.36,0.5,128.08,806.28,3,1
988.5,0.3333,290.3,698.21,2,1
924.99,0.5,126.27,798.72,3,1
852.33,0.3333,139.0,713.33,2,1
639.38,0.0,104.38,535.0,0,1
1023.9,0.5,217.62,806.28,3,1
1068.39,0.8333,129.16,939.23,5,1
728.29,0.1667,85.22,643.08,1,1
987.78,0.5,196.62,791.15,3,1
867.33,0.3333,138.86,728.46,2,1
665.02,0.0,107.32,557.69,0,1
1104.82,0.6667,198.03,906.79,4,1
1025.63,0.6667,118.84,906.79,4,1
1012.84,0.8333,103.86,908.97,5,1
1050.29,0.6667,166.19,884.1,4,1
779.67,0.1667,136.59,643.08,1,1
905.21,0.5,114.05,791.15,3,1
717.88,0.0,160.19,557.69,0,1
969.67,0.5,178.51,791.15,3,1
839.74,0.3333,133.97,705.77,2,1
967.07,0.5,175.92,791.15,3,1
583.35,0.0,55.92,527.44,0,1
1217.95,1.0,147.95,1070.0,6,1
1009.6,0.6667,148.19,861.41,4,1
1155.33,0.8333,193.41,961.92,5,1
786.67,0.1667,143.59,643.08,1,1
1024.27,0.6667,155.3,868.97,4,1
635.37,0.0,85.24,550.13,0,1
1415.3,1.5,172.35,1242.95,9,1
723.02,0.1667,64.81,658.21,1,1
614.24,0.0,64.11,550.13,0,1
963.05,0.5,187.03,776.03,3,1
914.83,0.5,123.68,791.15,3,1
1073.1,0.8333,149.0,924.1,5,1
781.42,0.3333,83.22,698.21,2,1
867.16,0.5,91.14,776.03,3,1
745.53,0.1667,87.32,658.21,1,1
676.63,0.1667,63.81,612.82,1,1
762.98,0.1667,142.59,620.38,1,1
684.74,0.1667,71.92,612.82,1,1
817.25,0.3333,149.3,667.95,2,1
1089.69,0.6667,198.03,891.67,4,1
1207.15,1.0,167.41,1039.74,6,1
995.56,0.6667,111.46,884.1,4,1
769.77,0.3333,64.0,705.77,2,1
593.22,0.0,58.22,535.0,0,1
936.66,0.6667,97.95,838.72,4,1
1416.04,1.5,188.22,1227.82,9,1
647.07,0.0,96.95,550.13,0,1
898.49,0.5,122.46,776.03,3,1
1154.44,0.8333,192.51,961.92,5,1
701.36,0.1667,88.54,612.82,1,1
752.33,0.1667,124.38,627.95,1,1
605.83,0.0,55.7,550.13,0,1
858.26,0.3333,152.49,705.77,2,1
879.27,0.5,103.24,776.03,3,1
1121.18,0.8333,136.57,984.62,5,1
949.86,0.3333,213.84,736.03,2,1
697.65,0.1667,69.7,627.95,1,1
810.82,0.3333,105.05,705.77,2,1
941.6,0.5,127.76,813.85,3,1
981.56,0.6667,97.46,884.1,4,1
1074.91,0.8333,143.24,931.67,5,1
720.6,0.1667,92.65,627.95,1,1
887.33,0.3333,174.0,713.33,2,1
654.31,0.1667,56.62,597.69,1,1
550.4,0.0,53.22,497.18,0,1
652.14,0.1667,77.14,575.0,1,1
1154.34,0.8333,207.54,946.79,5,1
780.77,0.1667,122.57,658.21,1,1
870.57,0.5,94.54,776.03,3,1
737.25,0.1667,116.86,620.38,1,1
1217.37,1.0,185.19,1032.18,6,1
702.01,0.1667,81.62,620.38,1,1
711.25,0.1667,98.43,612.82,1,1
784.16,0.3333,108.65,675.51,2,1
847.21,0.3333,156.57,690.64,2,1
750.15,0.3333,59.51,690.64,2,1
1126.0,0.8333,164.08,961.92,5,1
1000.56,0.6667,116.46,884.1,4,1
928.88,0.5,130.16,798.72,3,1
723.19,0.1667,95.24,627.95,1,1
793.53,0.1667,127.76,665.77,1,1
800.88,0.3333,110.24,690.64,2,1
1089.31,0.8333,150.08,939.23,5,1
870.0,0.5,101.54,768.46,3,1
668.55,0.0,95.73,572.82,0,1
892.78,0.5,116.76,776.03,3,1
1005.86,0.6667,121.76,884.1,4,1
603.63,0.0,83.76,519.87,0,1
549.45,0.0,44.7,504.74,0,1
1078.92,0.8333,162.38,916.54,5,1
767.56,0.1667,116.92,650.64,1,1
739.87,0.3333,71.92,667.95,2,1
1154.13,0.6667,277.59,876.54,4,1
642.95,0.0,107.95,535.0,0,1
1157.95,1.0,163.59,994.36,6,1
1262.76,1.0,253.27,1009.49,6,1
923.7,0.3333,180.11,743.59,2,1
935.0,0.5,151.41,783.59,3,1
822.58,0.3333,109.24,713.33,2,1
1045.47,0.6667,191.62,853.85,4,1
728.02,0.1667,69.81,658.21,1,1
1029.43,0.6667,160.46,868.97,4,1
1282.59,1.0,257.97,1024.62,6,1
956.64,0.3333,197.92,758.72,2,1
610.68,0.0,83.24,527.44,0,1
792.95,0.3333,79.62,713.33,2,1
762.91,0.3333,79.84,683.08,2,1
832.76,0.3333,96.73,736.03,2,1
672.6,0.1667,52.22,620.38,1,1
1114.68,0.6667,200.32,914.36,4,1
651.86,0.0,116.86,535.0,0,1
823.24,0.1667,187.73,635.51,1,1
1011.19,0.6667,134.65,876.54,4,1
822.56,0.3333,124.35,698.21,2,1
1187.08,1.0,177.59,1009.49,6,1
749.88,0.1667,99.24,650.64,1,1
844.11,0.3333,115.65,728.46,2,1
736.3,0.1667,108.35,627.95,1,1
892.78,0.5,116.76,776.03,3,1
952.07,0.6667,113.35,838.72,4,1
981.65,0.5,220.76,760.9,3,1
879.97,0.3333,189.32,690.64,2,1
915.61,0.5,124.46,791.15,3,1
1452.2,1.3333,264.38,1187.82,8,1
1231.41,1.0,176.54,1054.87,6,1
907.86,0.5,131.84,776.03,3,1
1145.57,0.8333,176.08,969.49,5,1
941.91,0.5,143.19,798.72,3,1
1160.6,0.8333,191.11,969.49,5,1
998.33,0.6667,129.35,868.97,4,1
786.78,0.3333,96.14,690.64,2,1
1217.0,0.8333,187.0,1030.0,5,1
854.63,0.5,108.86,745.77,3,1
763.88,0.3333,58.11,705.77,2,1
910.15,0.5,111.43,798.72,3,1
1260.84,1.0,198.41,1062.44,6,1
