"Total_Cost","Ratio_Reloc_Prod","Horiz_Cost","Vert_Cost","nReloc","non_Optimal"
222778.94,0.4433,32339.07,190439.99,665,250
642.22,0.0,61.84,580.38,0,1
1150.29,0.8333,165.68,984.62,5,1
928.41,0.5,99.43,828.97,3,1
732.73,0.1667,89.65,643.08,1,1
933.65,0.5,112.24,821.41,3,1
1033.48,0.6667,149.38,884.1,4,1
692.76,0.1667,64.81,627.95,1,1
856.29,0.3333,158.08,698.21,2,1
572.7,0.0,37.7,535.0,0,1
771.91,0.3333,73.7,698.21,2,1
1162.05,0.8333,185.0,977.05,5,1
788.63,0.3333,67.73,720.9,2,1
760.32,0.1667,117.24,643.08,1,1
1010.02,0.8333,85.92,924.1,5,1
973.5,0.6667,81.84,891.67,4,1
852.23,0.5,106.46,745.77,3,1
724.6,0.1667,96.65,627.95,1,1
1296.05,1.1667,186.05,1110.0,7,1
850.42,0.5,104.65,745.77,3,1
1064.32,0.6667,180.22,884.1,4,1
786.26,0.5,55.62,730.64,3,1
907.73,0.5,139.27,768.46,3,1
990.54,0.6667,121.57,868.97,4,1
644.99,0.0,79.73,565.26,0,1
733.1,0.1667,90.03,643.08,1,1
926.09,0.3333,220.32,705.77,2,1
661.66,0.1667,56.41,605.26,1,1
1007.89,0.6667,131.35,876.54,4,1
843.55,0.3333,122.65,720.9,2,1
897.5,0.5,159.3,738.21,3,1
555.55,0.0,50.81,504.74,0,1
1058.88,0.8333,119.65,939.23,5,1
1075.07,0.6667,168.27,906.79,4,1
832.34,0.3333,126.57,705.77,2,1
984.67,0.5,193.51,791.15,3,1
707.08,0.1667,79.14,627.95,1,1
995.39,0.5,189.11,806.28,3,1
1169.43,0.8333,260.46,908.97,5,1
834.11,0.3333,105.65,728.46,2,1
767.18,0.3333,76.54,690.64,2,1
953.57,0.5,185.11,768.46,3,1
792.99,0.3333,102.35,690.64,2,1
779.59,0.1667,128.95,650.64,1,1
727.63,0.1667,107.24,620.38,1,1
945.66,0.6667,106.95,838.72,4,1
926.88,0.5,128.16,798.72,3,1
1062.83,0.8333,131.16,931.67,5,1
906.82,0.5,153.49,753.33,3,1
672.46,0.0,129.89,542.56,0,1
979.74,0.6667,133.46,846.28,4,1
958.5,0.6667,119.78,838.72,4,1
768.58,0.1667,95.24,673.33,1,1
790.72,0.1667,132.51,658.21,1,1
1042.67,0.6667,158.57,884.1,4,1
1168.46,0.8333,191.41,977.05,5,1
916.53,0.5,110.24,806.28,3,1
1106.83,0.8333,167.59,939.23,5,1
845.17,0.3333,124.27,720.9,2,1
901.02,0.5,117.43,783.59,3,1
842.71,0.5,81.81,760.9,3,1
925.39,0.5,126.68,798.72,3,1
865.6,0.5,97.14,768.46,3,1
1126.6,0.8333,164.68,961.92,5,1
835.82,0.3333,122.49,713.33,2,1
868.87,0.3333,147.97,720.9,2,1
695.61,0.0,145.49,550.13,0,1
1120.02,1.0,95.41,1024.62,6,1
864.86,0.5,88.84,776.03,3,1
556.12,0.0,43.81,512.31,0,1
718.96,0.1667,121.27,597.69,1,1
1029.54,0.6667,153.0,876.54,4,1
997.14,0.5,183.3,813.85,3,1
1069.77,0.6667,178.11,891.67,4,1
768.49,0.1667,148.11,620.38,1,1
975.57,0.6667,114.16,861.41,4,1
794.64,0.3333,96.43,698.21,2,1
1006.3,0.5,184.89,821.41,3,1
868.93,0.3333,110.22,758.72,2,1
1007.1,0.5,215.95,791.15,3,1
822.87,0.3333,109.54,713.33,2,1
1439.05,1.3333,213.41,1225.64,8,1
1031.57,0.5,195.03,836.54,3,1
1011.06,0.6667,142.08,868.97,4,1
1162.53,0.8333,162.78,999.74,5,1
1093.03,0.6667,171.11,921.92,4,1
863.38,0.3333,127.35,736.03,2,1
835.14,0.3333,114.24,720.9,2,1
836.42,0.5,90.65,745.77,3,1
1018.52,0.6667,111.73,906.79,4,1
977.02,0.5,193.43,783.59,3,1
1010.17,0.5,196.32,813.85,3,1
941.63,0.5,135.35,806.28,3,1
855.92,0.3333,127.46,728.46,2,1
838.68,0.3333,125.35,713.33,2,1
728.95,0.1667,93.43,635.51,1,1
925.16,0.5,156.7,768.46,3,1
739.72,0.3333,94.46,645.26,2,1
859.86,0.5,83.84,776.03,3,1
768.0,0.3333,84.92,683.08,2,1
813.77,0.3333,115.57,698.21,2,1
833.34,0.3333,127.57,705.77,2,1
767.03,0.1667,139.08,627.95,1,1
543.74,0.0,39.0,504.74,0,1
778.82,0.1667,166.0,612.82,1,1
1083.96,0.8333,152.3,931.67,5,1
716.63,0.1667,96.24,620.38,1,1
980.98,0.6667,127.14,853.85,4,1
1275.75,1.1667,158.19,1117.56,7,1
890.89,0.5,114.86,776.03,3,1
915.74,0.5,109.46,806.28,3,1
985.44,0.5,171.59,813.85,3,1
990.84,0.5,161.86,828.97,3,1
1014.55,0.8333,128.27,886.28,5,1
971.48,0.3333,288.41,683.08,2,1
850.51,0.3333,106.92,743.59,2,1
841.79,0.3333,128.46,713.33,2,1
894.14,0.5,125.68,768.46,3,1
1134.12,0.8333,194.89,939.23,5,1
930.75,0.3333,179.59,751.15,2,1
679.2,0.1667,58.81,620.38,1,1
822.68,0.3333,94.22,728.46,2,1
980.86,0.5,204.84,776.03,3,1
652.26,0.0,102.14,550.13,0,1
1184.08,0.8333,207.03,977.05,5,1
1025.63,0.6667,118.84,906.79,4,1
694.12,0.1667,88.86,605.26,1,1
825.37,0.3333,127.16,698.21,2,1
742.02,0.1667,98.95,643.08,1,1
724.11,0.1667,103.73,620.38,1,1
847.09,0.3333,133.76,713.33,2,1
1170.51,0.8333,201.03,969.49,5,1
850.12,0.3333,136.78,713.33,2,1
821.6,0.1667,193.65,627.95,1,1
590.3,0.0,70.43,519.87,0,1
925.09,0.5,111.24,813.85,3,1
1149.09,1.0,162.3,986.79,6,1
1078.53,0.6667,179.3,899.23,4,1
756.19,0.1667,120.68,635.51,1,1
1110.98,0.8333,164.19,946.79,5,1
678.52,0.0,98.14,580.38,0,1
1199.31,1.0,159.57,1039.74,6,1
744.25,0.1667,70.92,673.33,1,1
595.7,0.0,60.7,535.0,0,1
971.23,0.5,172.51,798.72,3,1
1040.5,0.6667,141.27,899.23,4,1
883.54,0.5,99.95,783.59,3,1
634.42,0.0,76.73,557.69,0,1
806.82,0.3333,85.92,720.9,2,1
815.41,0.5,54.51,760.9,3,1
762.85,0.1667,104.65,658.21,1,1
994.17,0.6667,147.89,846.28,4,1
847.52,0.5,86.62,760.9,3,1
787.58,0.1667,129.38,658.21,1,1
1107.66,0.6667,208.43,899.23,4,1
1157.83,0.8333,173.22,984.62,5,1
1196.06,1.0,148.76,1047.31,6,1
601.11,0.0,66.11,535.0,0,1
607.0,0.0,72.0,535.0,0,1
824.06,0.3333,103.16,720.9,2,1
1301.15,1.1667,213.84,1087.31,7,1
664.8,0.0,99.54,565.26,0,1
897.78,0.3333,154.19,743.59,2,1
913.21,0.3333,169.62,743.59,2,1
881.78,0.5,105.76,776.03,3,1
724.27,0.1667,96.32,627.95,1,1
592.11,0.0,57.11,535.0,0,1
893.73,0.5,125.27,768.46,3,1
717.62,0.1667,74.54,643.08,1,1
1443.5,1.3333,210.3,1233.21,8,1
1004.18,0.5,213.03,791.15,3,1
683.2,0.1667,62.81,620.38,1,1
699.3,0.1667,78.92,620.38,1,1
754.04,0.1667,95.84,658.21,1,1
883.08,0.5,107.05,776.03,3,1
934.26,0.6667,148.49,785.77,4,1
640.38,0.1667,72.95,567.44,1,1
1022.65,0.5,186.11,836.54,3,1
739.2,0.3333,78.81,660.38,2,1
563.23,0.0,50.92,512.31,0,1
671.7,0.1667,89.14,582.56,1,1
1305.3,1.1667,210.43,1094.87,7,1
887.63,0.5,81.35,806.28,3,1
878.57,0.5,102.54,776.03,3,1
953.17,0.5,131.76,821.41,3,1
1175.25,0.8333,213.32,961.92,5,1
1006.92,0.6667,137.95,868.97,4,1
725.35,0.1667,89.84,635.51,1,1
760.91,0.1667,163.22,597.69,1,1
764.47,0.1667,144.08,620.38,1,1
773.83,0.3333,90.76,683.08,2,1
846.07,0.3333,147.86,698.21,2,1
1034.71,0.6667,120.35,914.36,4,1
988.68,0.5,167.27,821.41,3,1
660.12,0.0,102.43,557.69,0,1
863.45,0.3333,172.81,690.64,2,1
716.2,0.1667,110.95,605.26,1,1
779.4,0.1667,143.89,635.51,1,1
817.58,0.3333,104.24,713.33,2,1
628.7,0.0,86.14,542.56,0,1
666.19,0.0,131.19,535.0,0,1
1102.82,0.8333,148.46,954.36,5,1
751.33,0.3333,90.95,660.38,2,1
617.93,0.0,98.05,519.87,0,1
1042.15,0.8333,102.92,939.23,5,1
758.43,0.1667,115.35,643.08,1,1
717.52,0.1667,97.14,620.38,1,1
1114.33,0.6667,260.49,853.85,4,1
770.81,0.3333,87.73,683.08,2,1
1077.02,0.6667,192.92,884.1,4,1
1088.39,0.6667,181.59,906.79,4,1
1058.26,0.6667,166.59,891.67,4,1
937.59,0.5,154.0,783.59,3,1
808.17,0.3333,94.84,713.33,2,1
1058.17,0.8333,96.24,961.92,5,1
856.97,0.3333,120.95,736.03,2,1
1179.33,0.8333,217.41,961.92,5,1
1109.05,0.8333,192.51,916.54,5,1
930.39,0.3333,164.11,766.28,2,1
666.66,0.0,93.84,572.82,0,1
879.55,0.5,118.65,760.9,3,1
824.55,0.3333,103.65,720.9,2,1
842.7,0.3333,114.24,728.46,2,1
759.61,0.3333,61.41,698.21,2,1
1245.35,1.1667,135.35,1110.0,7,1
755.81,0.1667,127.86,627.95,1,1
881.0,0.3333,197.92,683.08,2,1
971.38,0.6667,94.84,876.54,4,1
779.14,0.1667,151.19,627.95,1,1
1075.0,0.8333,158.46,916.54,5,1
791.8,0.3333,86.03,705.77,2,1
975.22,0.6667,106.24,868.97,4,1
832.66,0.3333,134.46,698.21,2,1
678.5,0.1667,80.81,597.69,1,1
949.68,0.5,181.22,768.46,3,1
710.47,0.0,198.16,512.31,0,1
775.86,0.1667,185.73,590.13,1,1
981.31,0.6667,127.46,853.85,4,1
1054.18,0.8333,130.08,924.1,5,1
1202.38,0.8333,225.32,977.05,5,1
968.79,0.5,139.81,828.97,3,1
977.54,0.6667,108.57,868.97,4,1
784.92,0.1667,149.41,635.51,1,1
1179.42,0.8333,179.68,999.74,5,1
1013.11,0.6667,136.57,876.54,4,1
711.06,0.1667,98.24,612.82,1,1
1329.45,1.1667,204.32,1125.13,7,1
649.97,0.1667,67.41,582.56,1,1
803.31,0.5,65.11,738.21,3,1
698.41,0.1667,78.03,620.38,1,1
975.22,0.5,161.38,813.85,3,1
