"Total_Cost","Ratio_Reloc_Prod","Horiz_Cost","Vert_Cost","nReloc","non_Optimal"
243346.53,0.3667,53656.34,189690.29,550,117
806.0,0.4,170.49,635.51,2,1
720.74,0.2,155.49,565.26,1,0
1075.1,0.6,316.38,758.72,3,1
746.32,0.4,103.24,643.08,2,0
997.43,1.0,113.32,884.1,5,1
932.83,0.8,141.68,791.15,4,0
679.66,0.4,74.41,605.26,2,1
1232.55,1.2,232.81,999.74,6,1
918.51,0.6,174.92,743.59,3,0
682.86,0.4,107.86,575.0,2,0
867.79,0.8,114.46,753.33,4,1
629.21,0.2,71.51,557.69,1,0
1206.53,1.0,314.86,891.67,5,0
678.99,0.4,73.73,605.26,2,1
520.26,0.0,55.51,464.74,0,1
998.68,0.8,177.27,821.41,4,1
914.59,0.6,223.95,690.64,3,0
658.61,0.2,93.35,565.26,1,1
890.56,0.6,207.49,683.08,3,0
800.44,0.4,119.54,680.9,2,0
573.13,0.0,115.95,457.18,0,1
875.49,0.4,247.54,627.95,2,0
646.61,0.2,88.92,557.69,1,0
657.21,0.2,114.65,542.56,1,0
999.47,0.6,278.57,720.9,3,0
899.53,0.6,148.38,751.15,3,0
866.94,0.6,123.35,743.59,3,0
1466.6,1.4,404.16,1062.44,7,1
968.73,0.6,232.7,736.03,3,0
774.22,0.4,146.27,627.95,2,0
920.62,0.6,177.03,743.59,3,1
670.18,0.2,104.92,565.26,1,0
758.15,0.4,152.89,605.26,2,0
1038.02,0.8,239.3,798.72,4,0
706.99,0.2,156.86,550.13,1,1
1402.01,0.8,535.22,866.79,4,0
556.85,0.0,92.11,464.74,0,1
1044.81,0.4,416.86,627.95,2,1
856.35,0.4,213.27,643.08,2,0
829.82,0.4,209.43,620.38,2,0
1116.94,1.0,240.41,876.54,5,0
683.18,0.2,133.05,550.13,1,0
1061.61,0.6,423.92,637.69,3,1
825.22,0.6,104.32,720.9,3,1
629.47,0.2,64.22,565.26,1,1
1061.95,0.8,248.11,813.85,4,0
1262.33,0.8,448.49,813.85,4,0
775.34,0.2,217.65,557.69,1,1
710.63,0.2,145.38,565.26,1,0
919.31,0.4,261.11,658.21,2,0
807.12,0.4,194.3,612.82,2,0
556.09,0.0,91.35,464.74,0,1
940.62,0.4,305.11,635.51,2,1
526.22,0.0,91.73,434.49,0,1
1056.53,0.8,257.81,798.72,4,1
1183.18,0.8,399.59,783.59,4,0
548.64,0.0,99.03,449.62,0,1
824.37,0.4,166.16,658.21,2,0
1238.11,0.8,416.7,821.41,4,0
985.13,0.4,342.05,643.08,2,0
542.56,0.0,92.95,449.62,0,1
942.73,0.6,206.7,736.03,3,1
1433.15,1.2,440.97,992.18,6,0
1045.23,0.4,371.89,673.33,2,1
573.52,0.0,93.65,479.87,0,1
1005.5,0.6,239.22,766.28,3,0
897.01,0.6,183.68,713.33,3,1
894.24,0.4,251.16,643.08,2,0
1028.08,0.4,453.08,575.0,2,1
803.53,0.4,152.89,650.64,2,0
746.1,0.4,103.03,643.08,2,0
625.4,0.2,82.84,542.56,1,1
1311.52,1.0,397.16,914.36,5,0
884.41,0.6,171.08,713.33,3,1
1067.81,0.8,231.27,836.54,4,0
946.13,0.6,194.97,751.15,3,0
897.87,0.4,224.54,673.33,2,0
634.33,0.2,61.51,572.82,1,0
753.39,0.4,87.62,665.77,2,0
1101.02,1.0,216.92,884.1,5,0
731.2,0.2,158.38,572.82,1,1
965.34,0.4,299.57,665.77,2,0
818.44,0.4,152.68,665.77,2,0
993.32,0.6,249.73,743.59,3,0
789.49,0.4,169.11,620.38,2,0
836.98,0.6,123.65,713.33,3,0
852.38,0.4,171.49,680.9,2,0
573.93,0.0,109.19,464.74,0,1
1019.77,0.8,205.92,813.85,4,0
546.8,0.0,82.05,464.74,0,0
798.34,0.4,132.57,665.77,2,1
764.8,0.2,199.54,565.26,1,1
626.07,0.2,60.81,565.26,1,1
775.75,0.4,132.68,643.08,2,0
839.47,0.4,173.7,665.77,2,0
635.96,0.2,70.7,565.26,1,1
709.04,0.2,143.78,565.26,1,1
970.69,0.6,211.97,758.72,3,0
743.7,0.4,100.62,643.08,2,1
816.42,0.4,203.59,612.82,2,1
956.96,0.6,190.68,766.28,3,0
537.07,0.0,72.32,464.74,0,1
1006.58,0.6,240.3,766.28,3,0
633.26,0.2,68.0,565.26,1,1
747.28,0.4,81.51,665.77,2,0
851.58,0.6,138.24,713.33,3,1
855.23,0.4,189.46,665.77,2,0
817.29,0.4,159.08,658.21,2,0
677.12,0.2,111.86,565.26,1,0
814.54,0.4,171.46,643.08,2,0
1049.63,0.6,283.35,766.28,3,1
702.58,0.4,36.81,665.77,2,0
915.01,0.4,249.24,665.77,2,0
691.12,0.2,125.86,565.26,1,0
672.72,0.2,107.46,565.26,1,0
626.07,0.2,60.81,565.26,1,1
996.67,0.8,152.57,844.1,4,1
558.8,0.0,94.05,464.74,0,1
764.54,0.4,121.46,643.08,2,0
798.82,0.4,133.05,665.77,2,0
750.28,0.2,185.03,565.26,1,0
705.67,0.2,147.97,557.69,1,1
1220.17,0.4,607.35,612.82,2,1
573.71,0.0,93.84,479.87,0,0
1184.99,1.0,293.32,891.67,5,0
715.55,0.2,150.3,565.26,1,1
571.61,0.0,106.86,464.74,0,0
855.91,0.2,290.65,565.26,1,0
700.53,0.2,135.27,565.26,1,0
773.53,0.2,208.27,565.26,1,0
807.2,0.4,141.43,665.77,2,0
601.31,0.0,136.57,464.74,0,1
757.99,0.4,92.22,665.77,2,0
696.77,0.2,139.08,557.69,1,0
657.8,0.2,92.54,565.26,1,1
675.39,0.2,110.14,565.26,1,1
846.88,0.4,181.11,665.77,2,0
728.45,0.2,163.19,565.26,1,0
1014.8,0.6,248.51,766.28,3,0
649.64,0.2,91.95,557.69,1,0
561.09,0.0,96.35,464.74,0,0
558.37,0.0,93.62,464.74,0,1
727.74,0.2,162.49,565.26,1,0
618.55,0.0,153.81,464.74,0,1
533.61,0.0,76.43,457.18,0,1
789.04,0.2,231.35,557.69,1,1
726.88,0.2,169.19,557.69,1,0
835.88,0.4,177.68,658.21,2,0
842.55,0.4,176.78,665.77,2,1
705.93,0.2,140.68,565.26,1,1
714.61,0.2,149.35,565.26,1,0
884.04,0.4,218.27,665.77,2,0
441.2,0.0,29.41,411.79,0,1
694.67,0.2,136.97,557.69,1,1
790.07,0.2,232.38,557.69,1,1
1163.23,0.6,404.51,758.72,3,0
507.28,0.0,27.41,479.87,0,0
1133.64,0.8,342.49,791.15,4,1
938.9,0.6,218.0,720.9,3,1
769.81,0.4,141.86,627.95,2,0
618.57,0.0,184.08,434.49,0,0
753.83,0.4,95.62,658.21,2,1
509.19,0.0,74.7,434.49,0,1
749.78,0.4,99.14,650.64,2,0
739.8,0.2,174.54,565.26,1,0
1050.12,0.6,283.84,766.28,3,1
901.67,0.4,251.03,650.64,2,0
718.6,0.2,145.78,572.82,1,0
1289.11,1.0,367.19,921.92,5,0
807.43,0.4,171.92,635.51,2,0
972.74,0.4,299.41,673.33,2,0
1311.9,0.8,445.11,866.79,4,0
696.31,0.2,131.05,565.26,1,0
784.8,0.4,119.03,665.77,2,0
755.98,0.4,128.03,627.95,2,0
1030.71,0.6,264.43,766.28,3,0
719.18,0.2,153.92,565.26,1,0
745.57,0.2,165.19,580.38,1,1
532.77,0.0,68.03,464.74,0,0
781.35,0.4,138.27,643.08,2,0
803.87,0.4,175.92,627.95,2,1
1148.93,1.0,249.7,899.23,5,1
931.04,0.6,164.76,766.28,3,0
698.63,0.2,133.38,565.26,1,1
784.42,0.4,118.65,665.77,2,1
909.26,0.6,142.97,766.28,3,0
613.29,0.2,70.73,542.56,1,1
671.69,0.2,106.43,565.26,1,1
565.61,0.0,100.86,464.74,0,1
562.31,0.0,97.57,464.74,0,0
568.74,0.0,104.0,464.74,0,0
773.75,0.4,115.54,658.21,2,0
682.63,0.2,155.19,527.44,1,0
870.96,0.4,205.19,665.77,2,0
670.34,0.2,112.65,557.69,1,1
520.85,0.0,56.11,464.74,0,0
633.53,0.0,183.92,449.62,0,0
707.82,0.2,142.57,565.26,1,0
948.86,0.4,298.22,650.64,2,1
774.53,0.2,209.27,565.26,1,0
516.26,0.0,51.51,464.74,0,0
936.97,0.6,193.38,743.59,3,0
612.61,0.0,147.86,464.74,0,0
755.61,0.2,197.92,557.69,1,1
709.99,0.2,152.3,557.69,1,1
610.47,0.2,45.22,565.26,1,1
581.78,0.0,132.16,449.62,0,0
624.78,0.2,82.22,542.56,1,1
657.39,0.2,145.08,512.31,1,1
1168.93,0.8,309.7,859.23,4,0
613.4,0.0,156.22,457.18,0,0
1011.42,0.6,252.7,758.72,3,0
715.96,0.2,150.7,565.26,1,0
964.67,0.6,228.65,736.03,3,1
785.53,0.4,119.76,665.77,2,0
763.12,0.4,97.35,665.77,2,1
641.39,0.2,76.14,565.26,1,1
668.5,0.2,103.24,565.26,1,1
959.94,0.4,316.86,643.08,2,1
999.62,0.6,256.03,743.59,3,1
1000.12,0.6,241.41,758.72,3,1
1082.65,0.8,306.62,776.03,4,0
839.55,0.4,173.78,665.77,2,0
770.65,0.2,228.08,542.56,1,0
823.69,0.4,165.49,658.21,2,0
935.8,0.4,270.03,665.77,2,1
749.88,0.2,184.62,565.26,1,0
567.83,0.0,110.65,457.18,0,0
776.55,0.2,211.3,565.26,1,0
512.58,0.0,93.22,419.36,0,0
1108.99,0.6,350.27,758.72,3,0
866.28,0.4,200.51,665.77,2,1
919.53,0.4,253.76,665.77,2,0
704.42,0.2,139.16,565.26,1,0
1047.97,0.4,397.32,650.64,2,0
668.42,0.2,103.16,565.26,1,1
883.27,0.6,139.68,743.59,3,0
948.84,0.6,212.81,736.03,3,1
724.2,0.2,151.38,572.82,1,0
842.56,0.4,199.49,643.08,2,0
834.47,0.4,168.7,665.77,2,0
729.36,0.2,164.11,565.26,1,0
946.02,0.6,187.3,758.72,3,0
669.96,0.2,97.14,572.82,1,0
652.28,0.2,87.03,565.26,1,1
756.8,0.4,91.03,665.77,2,1
560.47,0.0,95.73,464.74,0,1
1018.91,0.6,275.32,743.59,3,1
1079.1,0.6,327.95,751.15,3,1
1045.2,0.6,331.86,713.33,3,0
528.26,0.0,63.51,464.74,0,0
990.41,0.4,309.51,680.9,2,0
810.08,0.4,167.0,643.08,2,0
665.31,0.2,100.05,565.26,1,0
899.34,0.6,133.05,766.28,3,0
766.91,0.2,201.65,565.26,1,0
895.0,0.6,158.97,736.03,3,0
711.42,0.2,138.59,572.82,1,0
951.36,0.4,285.59,665.77,2,0
803.53,0.4,137.76,665.77,2,0
920.99,0.6,162.27,758.72,3,0
536.74,0.0,64.43,472.31,0,1
1102.07,0.6,335.78,766.28,3,0
625.58,0.2,60.32,565.26,1,0
530.58,0.0,65.84,464.74,0,0
716.9,0.2,144.08,572.82,1,0
709.2,0.2,136.38,572.82,1,0
512.96,0.0,48.22,464.74,0,0
1686.56,0.8,948.35,738.21,4,1
899.55,0.4,226.22,673.33,2,0
788.39,0.4,115.05,673.33,2,1
706.6,0.2,133.78,572.82,1,1
918.27,0.6,189.81,728.46,3,0
800.48,0.4,157.41,643.08,2,0
636.28,0.2,71.03,565.26,1,1
909.15,0.4,243.38,665.77,2,1
1546.97,0.8,816.32,730.64,4,1
873.71,0.2,285.76,587.95,1,1
626.66,0.2,61.41,565.26,1,1
693.04,0.2,127.78,565.26,1,0
683.42,0.2,118.16,565.26,1,1
821.48,0.4,163.27,658.21,2,0
839.25,0.2,266.43,572.82,1,0
526.85,0.0,62.11,464.74,0,0
786.53,0.4,120.76,665.77,2,1
675.2,0.2,109.95,565.26,1,1
825.55,0.4,159.78,665.77,2,0
753.09,0.4,87.32,665.77,2,0
1120.17,1.0,205.81,914.36,5,0
691.04,0.2,125.78,565.26,1,1
530.74,0.0,66.0,464.74,0,0
812.8,0.4,162.16,650.64,2,0
683.82,0.2,118.57,565.26,1,1
902.93,0.4,237.16,665.77,2,1
859.56,0.6,115.97,743.59,3,0
520.66,0.0,55.92,464.74,0,0
679.42,0.2,114.16,565.26,1,1
542.74,0.0,78.0,464.74,0,0
770.62,0.4,142.68,627.95,2,0
662.26,0.2,97.0,565.26,1,1
