"Total_Cost","Ratio_Reloc_Prod","Horiz_Cost","Vert_Cost","nReloc","non_Optimal"
222262.02,0.4347,33257.2,189004.87,652,300
707.56,0.4,56.92,650.64,2,1
563.93,0.0,84.05,479.87,0,1
784.46,0.4,141.38,643.08,2,1
665.81,0.2,138.38,527.44,1,1
733.74,0.4,60.41,673.33,2,1
558.01,0.0,78.14,479.87,0,1
1023.0,1.0,161.59,861.41,5,1
507.18,0.0,50.0,457.18,0,1
774.9,0.4,154.51,620.38,2,1
453.19,0.0,18.7,434.49,0,1
861.73,0.6,133.27,728.46,3,1
647.62,0.2,105.05,542.56,1,1
774.78,0.4,139.27,635.51,2,1
654.47,0.2,81.65,572.82,1,1
577.71,0.2,57.84,519.87,1,1
1047.23,1.0,155.57,891.67,5,1
783.99,0.6,78.22,705.77,3,1
1143.05,1.2,173.57,969.49,6,1
639.3,0.2,111.86,527.44,1,1
620.7,0.2,78.14,542.56,1,1
446.06,0.0,26.7,419.36,0,1
769.44,0.4,141.49,627.95,2,1
557.89,0.0,108.27,449.62,0,1
730.93,0.4,110.54,620.38,2,1
860.87,0.6,147.54,713.33,3,1
649.83,0.2,92.14,557.69,1,1
804.08,0.6,128.57,675.51,3,1
819.49,0.6,91.03,728.46,3,1
456.76,0.0,37.41,419.36,0,1
941.42,1.0,95.14,846.28,5,1
533.8,0.0,76.62,457.18,0,1
789.64,0.6,91.43,698.21,3,1
747.64,0.4,89.43,658.21,2,1
657.17,0.4,104.86,552.31,2,1
650.56,0.2,92.86,557.69,1,1
711.15,0.4,113.46,597.69,2,1
671.15,0.2,113.46,557.69,1,1
748.03,0.4,120.08,627.95,2,1
709.24,0.4,73.73,635.51,2,1
652.69,0.2,87.43,565.26,1,1
671.8,0.2,121.68,550.13,1,1
490.16,0.0,48.11,442.05,0,1
709.79,0.6,49.41,660.38,3,1
634.44,0.2,114.57,519.87,1,1
958.1,1.0,126.95,831.15,5,1
469.89,0.0,35.41,434.49,0,1
717.79,0.4,104.97,612.82,2,1
660.94,0.2,118.38,542.56,1,1
1019.14,1.0,150.16,868.97,5,1
617.74,0.2,97.86,519.87,1,1
643.86,0.2,108.86,535.0,1,1
576.09,0.2,56.22,519.87,1,1
924.52,0.8,163.62,760.9,4,1
825.41,0.6,112.08,713.33,3,1
570.12,0.0,105.38,464.74,0,1
783.73,0.6,100.65,683.08,3,1
798.94,0.4,155.86,643.08,2,1
817.3,0.4,196.92,620.38,2,1
660.18,0.4,54.92,605.26,2,1
849.14,0.6,120.68,728.46,3,1
482.3,0.0,47.81,434.49,0,1
1144.21,1.2,212.54,931.67,6,1
551.37,0.0,86.62,464.74,0,1
814.68,0.6,101.35,713.33,3,1
702.32,0.4,66.81,635.51,2,1
820.94,0.6,137.86,683.08,3,1
886.01,0.6,165.11,720.9,3,1
482.0,0.0,47.51,434.49,0,1
693.26,0.4,103.14,590.13,2,1
812.45,0.4,161.81,650.64,2,1
572.96,0.0,100.65,472.31,0,1
699.47,0.4,139.59,559.87,2,1
539.18,0.2,42.0,497.18,1,1
1050.26,1.2,126.16,924.1,6,1
890.48,0.4,232.27,658.21,2,1
764.02,0.4,166.32,597.69,2,1
947.7,1.0,131.68,816.03,5,1
772.21,0.4,121.57,650.64,2,1
803.16,0.4,160.08,643.08,2,1
456.33,0.0,29.41,426.92,0,1
598.15,0.2,85.84,512.31,1,1
513.03,0.0,78.54,434.49,0,1
818.26,0.6,120.05,698.21,3,1
672.67,0.4,82.54,590.13,2,1
662.63,0.2,135.19,527.44,1,1
934.94,0.6,198.92,736.03,3,1
815.04,0.4,149.27,665.77,2,1
831.84,0.6,110.95,720.9,3,1
750.3,0.6,89.92,660.38,3,1
798.04,0.6,99.84,698.21,3,1
738.01,0.6,92.76,645.26,3,1
677.16,0.4,49.22,627.95,2,1
705.69,0.2,148.0,557.69,1,1
787.27,0.4,144.19,643.08,2,1
656.13,0.2,113.57,542.56,1,1
608.87,0.2,81.43,527.44,1,1
535.99,0.0,71.24,464.74,0,1
786.34,0.6,88.14,698.21,3,1
657.35,0.4,82.35,575.0,2,1
961.63,1.0,115.35,846.28,5,1
1092.68,1.0,170.76,921.92,5,1
757.91,0.2,192.65,565.26,1,1
607.56,0.2,65.0,542.56,1,1
747.59,0.4,96.95,650.64,2,1
707.79,0.4,79.84,627.95,2,1
609.66,0.2,97.35,512.31,1,1
919.37,0.8,135.78,783.59,4,1
847.92,0.8,87.03,760.9,4,1
752.02,0.4,108.95,643.08,2,1
797.99,0.4,192.73,605.26,2,1
817.7,0.6,142.19,675.51,3,1
736.67,0.4,86.03,650.64,2,1
640.07,0.4,34.81,605.26,2,1
819.57,0.6,83.54,736.03,3,1
893.59,0.6,157.57,736.03,3,1
734.06,0.4,113.68,620.38,2,1
923.13,0.6,187.11,736.03,3,1
626.17,0.2,98.73,527.44,1,1
751.1,0.4,108.03,643.08,2,1
949.77,0.8,211.57,738.21,4,1
707.57,0.4,79.62,627.95,2,1
645.78,0.2,95.65,550.13,1,1
865.19,0.8,96.73,768.46,4,1
850.87,0.6,129.97,720.9,3,1
505.13,0.0,55.51,449.62,0,1
754.55,0.4,134.16,620.38,2,1
701.05,0.4,118.49,582.56,2,1
581.28,0.2,76.54,504.74,1,1
1127.48,1.2,210.95,916.54,6,1
599.03,0.2,64.03,535.0,1,1
536.91,0.0,79.73,457.18,0,1
739.31,0.4,126.49,612.82,2,1
610.85,0.2,98.54,512.31,1,1
669.15,0.2,111.46,557.69,1,1
798.28,0.6,92.51,705.77,3,1
888.96,0.8,90.24,798.72,4,1
663.17,0.2,143.3,519.87,1,1
845.12,0.6,131.78,713.33,3,1
493.11,0.0,58.62,434.49,0,1
1267.35,1.6,157.35,1110.0,8,1
749.94,0.4,106.86,643.08,2,1
617.9,0.2,90.46,527.44,1,1
1039.69,1.0,193.41,846.28,5,1
590.0,0.2,55.0,535.0,1,1
679.12,0.2,113.86,565.26,1,1
979.84,1.0,163.81,816.03,5,1
727.79,0.6,67.41,660.38,3,1
1035.55,1.0,181.7,853.85,5,1
616.21,0.2,58.51,557.69,1,1
692.69,0.2,135.0,557.69,1,1
805.74,0.4,185.35,620.38,2,1
1169.79,1.6,127.86,1041.92,8,1
742.27,0.4,106.76,635.51,2,1
759.05,0.4,115.97,643.08,2,1
968.47,0.8,162.19,806.28,4,1
525.01,0.0,52.7,472.31,0,1
606.35,0.2,78.92,527.44,1,1
521.56,0.0,71.95,449.62,0,1
662.07,0.4,56.81,605.26,2,1
514.17,0.0,87.24,426.92,0,1
651.35,0.4,76.35,575.0,2,1
679.78,0.4,89.65,590.13,2,1
1082.57,1.0,274.11,808.46,5,1
682.53,0.2,117.27,565.26,1,1
630.35,0.2,95.35,535.0,1,1
869.03,0.8,108.14,760.9,4,1
928.97,0.8,145.38,783.59,4,1
674.66,0.4,61.84,612.82,2,1
1007.58,0.8,193.73,813.85,4,1
575.88,0.2,71.14,504.74,1,1
792.85,0.6,94.65,698.21,3,1
1111.56,1.0,227.46,884.1,5,1
598.85,0.2,86.54,512.31,1,1
1093.29,1.0,201.62,891.67,5,1
955.15,0.8,164.0,791.15,4,1
585.94,0.2,88.76,497.18,1,1
641.28,0.2,76.03,565.26,1,1
466.3,0.0,31.81,434.49,0,1
763.26,0.4,158.0,605.26,2,1
524.64,0.0,75.03,449.62,0,1
621.37,0.2,71.24,550.13,1,1
1103.29,1.2,179.19,924.1,6,1
692.3,0.4,71.92,620.38,2,1
1167.27,1.2,197.78,969.49,6,1
925.42,0.8,134.27,791.15,4,1
799.08,0.4,156.0,643.08,2,1
508.48,0.0,66.43,442.05,0,1
646.24,0.4,56.11,590.13,2,1
511.29,0.0,54.11,457.18,0,1
627.78,0.2,85.22,542.56,1,1
627.74,0.2,107.86,519.87,1,1
1009.07,1.0,177.92,831.15,5,1
814.98,0.4,187.03,627.95,2,1
593.0,0.2,58.0,535.0,1,1
915.92,0.6,195.03,720.9,3,1
774.2,0.6,68.43,705.77,3,1
951.62,0.8,175.59,776.03,4,1
656.64,0.4,66.51,590.13,2,1
558.42,0.2,46.11,512.31,1,1
717.79,0.4,104.97,612.82,2,1
495.97,0.0,53.92,442.05,0,1
805.43,0.4,169.92,635.51,2,1
704.57,0.4,76.62,627.95,2,1
718.44,0.6,65.62,652.82,3,1
798.81,0.6,130.86,667.95,3,1
827.86,0.6,144.78,683.08,3,1
519.94,0.0,70.32,449.62,0,1
538.53,0.0,81.35,457.18,0,1
976.78,0.8,185.62,791.15,4,1
804.57,0.6,129.05,675.51,3,1
615.06,0.2,87.62,527.44,1,1
1095.7,1.2,118.65,977.05,6,1
748.09,0.4,82.32,665.77,2,1
620.08,0.2,92.65,527.44,1,1
477.7,0.0,43.22,434.49,0,1
711.31,0.4,106.05,605.26,2,1
751.19,0.4,115.68,635.51,2,1
584.95,0.2,57.51,527.44,1,1
729.82,0.4,124.57,605.26,2,1
629.08,0.2,101.65,527.44,1,1
745.93,0.4,87.73,658.21,2,1
911.87,0.6,198.54,713.33,3,1
635.54,0.2,100.54,535.0,1,1
818.02,0.4,159.81,658.21,2,1
565.48,0.0,115.86,449.62,0,1
466.28,0.0,46.92,419.36,0,1
614.74,0.4,62.43,552.31,2,1
708.99,0.4,118.86,590.13,2,1
1021.14,1.0,167.3,853.85,5,1
1231.91,1.4,207.3,1024.62,7,1
576.87,0.0,89.43,487.44,0,1
783.69,0.4,178.43,605.26,2,1
678.34,0.2,120.65,557.69,1,1
609.1,0.2,51.41,557.69,1,1
603.25,0.2,90.95,512.31,1,1
781.18,0.4,175.92,605.26,2,1
799.64,0.6,101.43,698.21,3,1
1088.59,1.2,164.49,924.1,6,1
635.47,0.2,115.59,519.87,1,1
456.17,0.0,36.81,419.36,0,1
660.37,0.2,110.24,550.13,1,1
892.06,0.6,163.59,728.46,3,1
617.93,0.2,98.05,519.87,1,1
500.25,0.0,73.32,426.92,0,1
932.2,0.8,133.49,798.72,4,1
937.18,0.8,153.59,783.59,4,1
698.01,0.4,92.76,605.26,2,1
632.75,0.2,82.62,550.13,1,1
998.92,1.0,182.89,816.03,5,1
727.91,0.4,69.7,658.21,2,1
749.6,0.6,89.22,660.38,3,1
468.73,0.0,41.81,426.92,0,1
740.38,0.4,104.86,635.51,2,1
719.66,0.4,106.84,612.82,2,1
588.19,0.2,45.62,542.56,1,1
782.39,0.6,76.62,705.77,3,1
588.84,0.2,61.41,527.44,1,1
798.8,0.6,93.03,705.77,3,1
539.77,0.0,75.03,464.74,0,1
1022.93,1.0,169.08,853.85,5,1
977.88,0.8,171.59,806.28,4,1
598.38,0.0,156.32,442.05,0,1
1110.2,1.2,170.97,939.23,6,1
861.79,0.8,108.46,753.33,4,1
1044.02,0.8,199.92,844.1,4,1
467.19,0.0,32.7,434.49,0,1
798.92,0.4,163.41,635.51,2,1
562.12,0.2,49.81,512.31,1,1
692.28,0.4,79.46,612.82,2,1
808.79,0.6,148.41,660.38,3,1
760.33,0.4,132.38,627.95,2,1
840.29,0.8,109.65,730.64,4,1
918.21,0.8,127.05,791.15,4,1
649.49,0.2,122.05,527.44,1,1
550.99,0.0,86.24,464.74,0,1
795.28,0.6,134.89,660.38,3,1
825.56,0.6,127.35,698.21,3,1
890.41,0.8,121.95,768.46,4,1
962.94,0.8,171.78,791.15,4,1
879.92,0.6,143.89,736.03,3,1
875.83,0.8,145.19,730.64,4,1
670.82,0.4,58.0,612.82,2,1
610.03,0.2,75.03,535.0,1,1
516.75,0.0,67.14,449.62,0,1
777.76,0.6,102.24,675.51,3,1
708.77,0.4,95.95,612.82,2,1
722.19,0.4,79.11,643.08,2,1
682.48,0.4,92.35,590.13,2,1
607.85,0.2,95.54,512.31,1,1
739.26,0.4,134.0,605.26,2,1
901.63,0.8,155.86,745.77,4,1
854.79,0.6,141.46,713.33,3,1
745.47,0.4,125.08,620.38,2,1
614.54,0.2,79.54,535.0,1,1
816.05,0.6,132.97,683.08,3,1
750.06,0.6,97.24,652.82,3,1
882.06,0.8,121.16,760.9,4,1
803.69,0.6,97.92,705.77,3,1
483.3,0.0,48.81,434.49,0,1
673.43,0.2,130.86,542.56,1,1
