"Total_Cost","Ratio_Reloc_Prod","Horiz_Cost","Vert_Cost","nReloc","non_Optimal"
219230.73,0.4173,32620.03,186610.76,626,300
707.56,0.4,56.92,650.64,2,1
563.93,0.0,84.05,479.87,0,1
784.46,0.4,141.38,643.08,2,1
665.81,0.2,138.38,527.44,1,1
733.74,0.4,60.41,673.33,2,1
551.79,0.0,71.92,479.87,0,1
1020.3,1.0,158.89,861.41,5,1
503.29,0.0,46.11,457.18,0,1
763.38,0.4,143.0,620.38,2,1
505.96,0.0,41.22,464.74,0,1
862.38,0.6,141.49,720.9,3,1
653.29,0.2,103.16,550.13,1,1
777.49,0.4,141.97,635.51,2,1
645.2,0.2,79.95,565.26,1,1
589.57,0.2,62.14,527.44,1,1
1047.23,1.0,155.57,891.67,5,1
749.0,0.6,65.92,683.08,3,1
1137.65,1.2,168.16,969.49,6,1
638.3,0.2,110.86,527.44,1,1
607.73,0.2,72.73,535.0,1,1
452.76,0.0,33.41,419.36,0,1
756.62,0.4,128.68,627.95,2,1
560.59,0.0,110.97,449.62,0,1
732.93,0.4,112.54,620.38,2,1
858.28,0.6,144.95,713.33,3,1
649.83,0.2,92.14,557.69,1,1
822.91,0.6,132.27,690.64,3,1
814.49,0.6,86.03,728.46,3,1
517.61,0.0,60.43,457.18,0,1
976.55,1.0,130.27,846.28,5,1
529.8,0.0,72.62,457.18,0,1
766.51,0.6,83.43,683.08,3,1
725.97,0.4,75.32,650.64,2,1
654.42,0.4,109.68,544.74,2,1
668.12,0.2,102.86,565.26,1,1
711.15,0.4,113.46,597.69,2,1
671.15,0.2,113.46,557.69,1,1
721.6,0.4,93.65,627.95,2,1
716.4,0.4,73.32,643.08,2,1
640.12,0.2,82.43,557.69,1,1
738.5,0.4,125.68,612.82,2,1
486.86,0.0,44.81,442.05,0,1
704.79,0.6,44.41,660.38,3,1
641.14,0.2,121.27,519.87,1,1
951.88,1.0,120.73,831.15,5,1
467.63,0.0,40.7,426.92,0,1
703.84,0.4,68.32,635.51,2,1
658.83,0.2,116.27,542.56,1,1
1071.86,1.2,147.76,924.1,6,1
622.33,0.2,102.46,519.87,1,1
639.05,0.2,104.05,535.0,1,1
568.52,0.2,56.22,512.31,1,1
933.63,0.8,172.73,760.9,4,1
825.41,0.6,112.08,713.33,3,1
570.12,0.0,105.38,464.74,0,1
789.29,0.6,98.65,690.64,3,1
685.85,0.2,128.16,557.69,1,1
809.14,0.4,196.32,612.82,2,1
656.77,0.4,51.51,605.26,2,1
873.45,0.6,129.86,743.59,3,1
466.44,0.0,39.51,426.92,0,1
1154.47,1.2,215.24,939.23,6,1
545.72,0.0,88.54,457.18,0,1
820.09,0.6,106.76,713.33,3,1
706.03,0.4,70.51,635.51,2,1
820.94,0.6,137.86,683.08,3,1
975.93,0.8,177.22,798.72,4,1
477.84,0.0,50.92,426.92,0,1
701.78,0.4,111.65,590.13,2,1
871.19,0.6,150.3,720.9,3,1
559.39,0.0,94.65,464.74,0,1
678.44,0.4,118.57,559.87,2,1
520.75,0.0,71.14,449.62,0,1
861.36,0.8,100.46,760.9,4,1
878.25,0.6,149.78,728.46,3,1
771.58,0.4,166.32,605.26,2,1
877.31,0.8,123.97,753.33,4,1
767.4,0.4,116.76,650.64,2,1
766.16,0.4,130.65,635.51,2,1
454.76,0.0,35.41,419.36,0,1
637.76,0.2,102.76,535.0,1,1
476.0,0.0,41.51,434.49,0,1
1003.73,1.0,134.76,868.97,5,1
739.65,0.4,119.27,620.38,2,1
563.04,0.0,105.86,457.18,0,1
1090.7,1.0,221.73,868.97,5,1
883.59,0.6,147.57,736.03,3,1
834.81,0.6,106.35,728.46,3,1
881.21,0.8,97.62,783.59,4,1
860.68,0.8,107.35,753.33,4,1
719.34,0.6,81.65,637.69,3,1
631.47,0.2,66.22,565.26,1,1
727.77,0.2,162.51,565.26,1,1
795.97,0.4,152.89,643.08,2,1
632.14,0.2,112.27,519.87,1,1
600.9,0.2,81.03,519.87,1,1
529.82,0.0,57.51,472.31,0,1
786.13,0.6,103.05,683.08,3,1
519.48,0.0,77.43,442.05,0,1
1018.95,1.2,117.54,901.41,6,1
891.18,0.6,132.46,758.72,3,1
739.53,0.2,181.84,557.69,1,1
611.83,0.2,61.7,550.13,1,1
746.24,0.4,110.73,635.51,2,1
710.49,0.4,82.54,627.95,2,1
638.19,0.2,110.76,527.44,1,1
1059.46,1.0,182.92,876.54,5,1
790.01,0.6,84.24,705.77,3,1
738.19,0.4,110.24,627.95,2,1
791.23,0.4,193.54,597.69,2,1
900.26,0.8,154.49,745.77,4,1
728.81,0.4,85.73,643.08,2,1
647.63,0.4,34.81,612.82,2,1
815.3,0.6,86.84,728.46,3,1
870.17,0.6,149.27,720.9,3,1
823.02,0.6,132.38,690.64,3,1
799.27,0.4,156.19,643.08,2,1
607.01,0.2,87.14,519.87,1,1
776.53,0.4,118.32,658.21,2,1
820.23,0.6,167.41,652.82,3,1
649.45,0.2,91.76,557.69,1,1
493.78,0.0,51.73,442.05,0,1
788.28,0.6,82.51,705.77,3,1
776.91,0.4,126.27,650.64,2,1
441.61,0.0,29.81,411.79,0,1
661.43,0.2,118.86,542.56,1,1
610.69,0.2,105.95,504.74,1,1
603.22,0.2,83.35,519.87,1,1
1064.65,1.0,203.24,861.41,5,1
588.97,0.2,46.41,542.56,1,1
493.46,0.0,51.41,442.05,0,1
764.56,0.6,73.92,690.64,3,1
644.17,0.2,131.86,512.31,1,1
663.29,0.2,113.16,550.13,1,1
671.69,0.4,74.0,597.69,2,1
888.04,0.8,89.32,798.72,4,1
760.26,0.4,170.14,590.13,2,1
772.65,0.4,144.7,627.95,2,1
504.46,0.0,62.41,442.05,0,1
1303.73,1.8,146.16,1157.56,9,1
677.58,0.2,104.76,572.82,1,1
763.11,0.6,95.16,667.95,3,1
923.81,0.8,147.78,776.03,4,1
607.27,0.2,64.7,542.56,1,1
708.89,0.2,166.32,542.56,1,1
781.17,0.4,160.78,620.38,2,1
652.77,0.4,47.51,605.26,2,1
908.51,0.8,117.35,791.15,4,1
653.4,0.2,103.27,550.13,1,1
713.04,0.2,147.78,565.26,1,1
799.93,0.4,179.54,620.38,2,1
846.01,0.6,132.68,713.33,3,1
548.52,0.0,76.22,472.31,0,1
684.18,0.2,126.49,557.69,1,1
868.65,0.6,140.19,728.46,3,1
491.72,0.0,42.11,449.62,0,1
601.76,0.2,74.32,527.44,1,1
523.61,0.0,66.43,457.18,0,1
650.07,0.4,44.81,605.26,2,1
517.73,0.0,83.24,434.49,0,1
647.48,0.2,97.35,550.13,1,1
648.24,0.4,58.11,590.13,2,1
1090.94,1.2,227.35,863.59,6,1
546.34,0.0,89.16,457.18,0,1
627.65,0.2,92.65,535.0,1,1
820.03,0.6,99.14,720.9,3,1
859.31,0.6,145.97,713.33,3,1
677.55,0.4,64.73,612.82,2,1
1078.57,1.0,202.03,876.54,5,1
520.4,0.0,78.35,442.05,0,1
892.19,0.8,116.16,776.03,4,1
998.74,0.8,200.03,798.72,4,1
624.69,0.2,112.38,512.31,1,1
1181.15,1.2,234.35,946.79,6,1
956.88,0.6,205.73,751.15,3,1
653.92,0.2,126.49,527.44,1,1
551.15,0.0,78.84,472.31,0,1
465.0,0.0,30.51,434.49,0,1
543.81,0.0,116.89,426.92,0,1
437.9,0.0,26.11,411.79,0,1
810.85,0.6,112.65,698.21,3,1
966.88,0.8,168.16,798.72,4,1
746.38,0.4,110.86,635.51,2,1
935.32,0.8,159.3,776.03,4,1
752.38,0.4,116.86,635.51,2,1
694.45,0.2,129.19,565.26,1,1
538.96,0.0,74.22,464.74,0,1
698.74,0.4,85.92,612.82,2,1
487.41,0.0,52.92,434.49,0,1
653.86,0.2,118.86,535.0,1,1
628.74,0.2,108.86,519.87,1,1
1025.08,1.0,209.05,816.03,5,1
892.21,0.8,154.0,738.21,4,1
702.82,0.4,82.43,620.38,2,1
976.46,0.8,200.43,776.03,4,1
786.87,0.6,73.54,713.33,3,1
748.69,0.4,151.0,597.69,2,1
619.34,0.2,69.22,550.13,1,1
684.07,0.4,78.81,605.26,2,1
894.95,0.8,126.49,768.46,4,1
531.13,0.0,73.95,457.18,0,1
815.24,0.4,179.73,635.51,2,1
676.66,0.4,63.84,612.82,2,1
556.45,0.2,51.7,504.74,1,1
616.27,0.2,88.84,527.44,1,1
782.29,0.6,99.22,683.08,3,1
563.37,0.2,58.62,504.74,1,1
678.41,0.4,58.03,620.38,2,1
980.23,0.8,181.51,798.72,4,1
809.98,0.6,96.65,713.33,3,1
521.43,0.0,71.81,449.62,0,1
962.11,0.8,125.57,836.54,4,1
822.35,0.6,86.32,736.03,3,1
767.74,0.6,107.35,660.38,3,1
509.35,0.0,59.73,449.62,0,1
710.66,0.4,97.84,612.82,2,1
789.4,0.6,98.76,690.64,3,1
571.39,0.2,51.51,519.87,1,1
674.57,0.4,99.57,575.0,2,1
597.23,0.2,100.05,497.18,1,1
631.51,0.2,88.95,542.56,1,1
877.99,0.8,139.78,738.21,4,1
751.89,0.6,68.81,683.08,3,1
866.38,0.6,145.49,720.9,3,1
696.14,0.4,83.32,612.82,2,1
543.07,0.0,78.32,464.74,0,1
799.39,0.6,93.62,705.77,3,1
580.34,0.2,83.16,497.18,1,1
1133.37,1.4,161.7,971.67,7,1
884.1,0.6,201.03,683.08,3,1
651.99,0.2,86.73,565.26,1,1
745.09,0.4,132.27,612.82,2,1
713.09,0.4,107.84,605.26,2,1
680.67,0.4,90.54,590.13,2,1
557.23,0.0,100.05,457.18,0,1
706.56,0.6,76.43,630.13,3,1
701.91,0.4,96.65,605.26,2,1
816.59,0.6,141.08,675.51,3,1
686.23,0.2,120.97,565.26,1,1
478.92,0.0,52.0,426.92,0,1
644.76,0.4,77.32,567.44,2,1
1061.89,1.0,192.92,868.97,5,1
531.4,0.0,89.35,442.05,0,1
486.14,0.0,59.22,426.92,0,1
1019.66,1.0,165.81,853.85,5,1
1113.77,1.2,182.11,931.67,6,1
744.62,0.4,116.68,627.95,2,1
614.7,0.2,79.7,535.0,1,1
879.23,0.8,133.46,745.77,4,1
626.96,0.2,61.7,565.26,1,1
615.86,0.2,65.73,550.13,1,1
592.27,0.2,49.7,542.56,1,1
792.1,0.6,101.46,690.64,3,1
729.84,0.4,109.46,620.38,2,1
737.62,0.6,62.11,675.51,3,1
860.94,0.8,84.92,776.03,4,1
577.12,0.2,64.81,512.31,1,1
1125.25,1.4,138.46,986.79,7,1
700.34,0.4,102.65,597.69,2,1
910.19,0.8,149.3,760.9,4,1
1059.0,1.0,190.03,868.97,5,1
701.43,0.2,166.43,535.0,1,1
951.54,1.0,143.08,808.46,5,1
775.97,0.6,100.46,675.51,3,1
730.83,0.4,140.7,590.13,2,1
478.6,0.0,44.11,434.49,0,1
577.89,0.0,143.41,434.49,0,1
714.34,0.4,116.65,597.69,2,1
884.78,0.8,108.76,776.03,4,1
766.61,0.4,168.92,597.69,2,1
645.67,0.2,95.54,550.13,1,1
830.02,0.6,139.38,690.64,3,1
906.94,0.8,123.35,783.59,4,1
563.18,0.0,113.57,449.62,0,1
535.56,0.0,85.95,449.62,0,1
636.76,0.2,116.89,519.87,1,1
1034.4,1.0,157.86,876.54,5,1
933.04,0.8,126.76,806.28,4,1
646.43,0.2,103.86,542.56,1,1
1063.72,1.2,132.05,931.67,6,1
590.12,0.0,125.38,464.74,0,1
688.62,0.4,53.11,635.51,2,1
618.95,0.2,83.95,535.0,1,1
495.03,0.0,60.54,434.49,0,1
677.26,0.4,87.14,590.13,2,1
825.63,0.6,119.86,705.77,3,1
636.1,0.2,93.54,542.56,1,1
598.09,0.0,125.78,472.31,0,1
696.73,0.4,114.16,582.56,2,1
810.03,0.4,174.51,635.51,2,1
909.71,0.8,156.38,753.33,4,1
869.9,0.6,156.57,713.33,3,1
771.64,0.4,128.57,643.08,2,1
723.38,0.4,95.43,627.95,2,1
900.85,0.8,155.08,745.77,4,1
490.46,0.0,63.54,426.92,0,1
599.77,0.2,87.46,512.31,1,1
767.73,0.6,92.22,675.51,3,1
532.55,0.0,67.81,464.74,0,1
686.35,0.4,111.35,575.0,2,1
