"Total_Cost","Ratio_Reloc_Prod","Horiz_Cost","Vert_Cost","nReloc","non_Optimal"
221347.67,0.444,31745.09,189602.61,666,300
707.56,0.4,56.92,650.64,2,1
563.93,0.0,84.05,479.87,0,1
752.16,0.4,116.65,635.51,2,1
621.38,0.2,93.95,527.44,1,1
741.85,0.4,68.51,673.33,2,1
551.79,0.0,71.92,479.87,0,1
1032.16,1.0,163.19,868.97,5,1
503.29,0.0,46.11,457.18,0,1
729.0,0.4,101.05,627.95,2,1
517.23,0.0,44.92,472.31,0,1
873.3,0.6,152.41,720.9,3,1
630.75,0.2,80.62,550.13,1,1
729.19,0.4,101.24,627.95,2,1
602.16,0.2,52.03,550.13,1,1
593.52,0.2,73.65,519.87,1,1
1036.37,1.0,152.27,884.1,5,1
745.29,0.6,62.22,683.08,3,1
1148.92,1.2,171.86,977.05,6,1
638.0,0.2,110.57,527.44,1,1
623.29,0.2,80.73,542.56,1,1
452.33,0.0,25.41,426.92,0,1
753.22,0.4,125.27,627.95,2,1
557.89,0.0,108.27,449.62,0,1
730.93,0.4,110.54,620.38,2,1
841.9,0.6,136.14,705.77,3,1
560.44,0.0,88.14,472.31,0,1
804.08,0.6,128.57,675.51,3,1
819.49,0.6,91.03,728.46,3,1
456.76,0.0,37.41,419.36,0,1
933.85,1.0,95.14,838.72,5,1
529.8,0.0,72.62,457.18,0,1
792.31,0.6,86.54,705.77,3,1
737.53,0.4,79.32,658.21,2,1
758.51,0.6,128.38,630.13,3,1
609.05,0.2,74.05,535.0,1,1
719.26,0.4,121.57,597.69,2,1
619.89,0.2,77.32,542.56,1,1
867.49,0.6,146.59,720.9,3,1
698.13,0.4,62.62,635.51,2,1
624.21,0.2,66.51,557.69,1,1
607.22,0.2,87.35,519.87,1,1
517.8,0.0,60.62,457.18,0,1
592.19,0.2,49.62,542.56,1,1
641.14,0.2,121.27,519.87,1,1
967.96,1.0,129.24,838.72,5,1
461.03,0.0,34.11,426.92,0,1
677.25,0.4,64.43,612.82,2,1
746.43,0.4,103.35,643.08,2,1
980.84,1.0,119.43,861.41,5,1
692.67,0.2,134.97,557.69,1,1
655.33,0.2,127.89,527.44,1,1
596.25,0.2,68.81,527.44,1,1
893.82,0.8,140.49,753.33,4,1
838.64,0.6,95.05,743.59,3,1
599.71,0.2,79.84,519.87,1,1
812.26,0.6,114.05,698.21,3,1
672.04,0.2,114.35,557.69,1,1
798.33,0.4,185.51,612.82,2,1
553.87,0.2,34.0,519.87,1,1
839.27,0.6,103.24,736.03,3,1
445.47,0.0,26.11,419.36,0,1
1151.66,1.2,212.43,939.23,6,1
740.3,0.4,112.35,627.95,2,1
888.89,0.8,112.86,776.03,4,1
679.79,0.4,59.41,620.38,2,1
786.3,0.6,118.35,667.95,3,1
1003.38,0.8,174.41,828.97,4,1
477.3,0.0,42.81,434.49,0,1
695.42,0.4,97.73,597.69,2,1
956.72,0.8,158.0,798.72,4,1
567.55,0.0,95.24,472.31,0,1
642.96,0.4,90.65,552.31,2,1
563.82,0.2,51.51,512.31,1,1
817.66,0.8,64.32,753.33,4,1
826.07,0.4,160.3,665.77,2,1
768.31,0.4,170.62,597.69,2,1
860.09,0.8,106.76,753.33,4,1
810.15,0.6,111.95,698.21,3,1
799.75,0.4,156.68,643.08,2,1
553.74,0.0,81.43,472.31,0,1
525.78,0.0,83.73,442.05,0,1
497.62,0.0,63.14,434.49,0,1
988.46,1.0,127.05,861.41,5,1
721.96,0.4,109.14,612.82,2,1
616.5,0.2,111.76,504.74,1,1
912.51,0.6,176.49,736.03,3,1
815.04,0.4,149.27,665.77,2,1
840.81,0.6,112.35,728.46,3,1
706.11,0.4,85.73,620.38,2,1
904.03,0.8,135.57,768.46,4,1
790.7,0.6,100.05,690.64,3,1
749.13,0.4,106.05,643.08,2,1
716.61,0.2,158.92,557.69,1,1
830.86,0.6,147.78,683.08,3,1
639.84,0.2,119.97,519.87,1,1
707.06,0.4,94.24,612.82,2,1
625.05,0.2,74.92,550.13,1,1
943.29,1.0,104.57,838.72,5,1
564.05,0.2,74.43,489.62,1,1
870.02,0.8,86.43,783.59,4,1
961.91,0.8,163.19,798.72,4,1
731.72,0.2,174.03,557.69,1,1
608.24,0.2,58.11,550.13,1,1
748.91,0.4,105.84,643.08,2,1
593.17,0.2,65.73,527.44,1,1
597.15,0.2,84.84,512.31,1,1
957.69,0.8,151.41,806.28,4,1
817.66,0.8,64.32,753.33,4,1
795.13,0.4,144.49,650.64,2,1
728.1,0.2,185.54,542.56,1,1
912.26,0.8,166.49,745.77,4,1
870.65,0.8,94.62,776.03,4,1
647.63,0.4,34.81,612.82,2,1
783.99,0.6,93.35,690.64,3,1
866.47,0.6,145.57,720.9,3,1
760.49,0.4,124.97,635.51,2,1
1132.12,1.2,185.32,946.79,6,1
739.29,0.4,141.59,597.69,2,1
847.89,0.6,119.43,728.46,3,1
674.54,0.2,147.11,527.44,1,1
654.85,0.2,97.16,557.69,1,1
502.53,0.0,52.92,449.62,0,1
780.12,0.6,81.92,698.21,3,1
844.55,0.6,123.65,720.9,3,1
473.36,0.0,54.0,419.36,0,1
705.2,0.4,99.95,605.26,2,1
745.63,0.4,125.24,620.38,2,1
691.45,0.4,93.76,597.69,2,1
966.62,0.8,183.03,783.59,4,1
602.24,0.2,52.11,550.13,1,1
533.02,0.2,43.41,489.62,1,1
518.38,0.0,91.46,426.92,0,1
511.38,0.0,69.32,442.05,0,1
660.34,0.2,102.65,557.69,1,1
693.42,0.4,95.73,597.69,2,1
960.2,1.0,106.35,853.85,5,1
800.52,0.6,132.57,667.95,3,1
923.62,0.8,147.59,776.03,4,1
497.3,0.0,62.81,434.49,0,1
1148.26,1.4,123.65,1024.62,7,1
662.72,0.2,97.46,565.26,1,1
674.99,0.4,84.86,590.13,2,1
1199.41,1.6,157.49,1041.92,8,1
588.7,0.2,53.7,535.0,1,1
583.63,0.0,103.76,479.87,0,1
902.6,0.6,181.7,720.9,3,1
637.1,0.4,39.41,597.69,2,1
1170.7,1.4,146.08,1024.62,7,1
542.44,0.0,70.14,472.31,0,1
539.67,0.0,90.05,449.62,0,1
802.31,0.4,197.05,605.26,2,1
783.85,0.4,125.65,658.21,2,1
620.67,0.2,78.11,542.56,1,1
775.81,0.6,92.73,683.08,3,1
759.73,0.4,116.65,643.08,2,1
631.66,0.2,66.41,565.26,1,1
653.78,0.4,71.22,582.56,2,1
488.97,0.0,46.92,442.05,0,1
645.47,0.4,40.22,605.26,2,1
637.24,0.2,102.24,535.0,1,1
693.14,0.4,80.32,612.82,2,1
633.66,0.2,113.78,519.87,1,1
1097.76,1.4,148.78,948.97,7,1
646.85,0.2,74.03,572.82,1,1
584.41,0.2,49.41,535.0,1,1
1065.72,1.0,166.49,899.23,5,1
891.49,0.8,115.46,776.03,4,1
697.52,0.4,77.14,620.38,2,1
1234.42,1.4,194.68,1039.74,7,1
635.69,0.2,123.38,512.31,1,1
984.33,1.0,115.35,868.97,5,1
932.49,0.6,204.03,728.46,3,1
604.3,0.2,84.43,519.87,1,1
1364.05,1.6,254.05,1110.0,8,1
988.71,1.0,134.86,853.85,5,1
556.73,0.0,114.68,442.05,0,1
457.63,0.0,30.7,426.92,0,1
506.53,0.0,56.92,449.62,0,1
673.61,0.2,176.43,497.18,1,1
488.49,0.0,54.0,434.49,0,1
805.15,0.6,106.95,698.21,3,1
738.84,0.4,118.46,620.38,2,1
786.27,0.4,143.19,643.08,2,1
821.81,0.6,146.3,675.51,3,1
782.52,0.6,114.57,667.95,3,1
663.8,0.2,113.68,550.13,1,1
510.33,0.0,75.84,434.49,0,1
645.77,0.2,80.51,565.26,1,1
467.36,0.0,48.0,419.36,0,1
632.8,0.2,75.11,557.69,1,1
806.97,0.6,131.46,675.51,3,1
1043.51,1.0,212.35,831.15,5,1
989.61,0.8,183.32,806.28,4,1
604.27,0.2,61.7,542.56,1,1
961.29,0.8,177.7,783.59,4,1
888.42,0.8,82.14,806.28,4,1
904.77,0.8,159.0,745.77,4,1
743.26,0.4,92.62,650.64,2,1
661.24,0.4,71.11,590.13,2,1
1036.92,1.0,160.38,876.54,5,1
514.7,0.0,72.65,442.05,0,1
795.41,0.4,175.03,620.38,2,1
681.85,0.4,69.03,612.82,2,1
569.84,0.2,42.41,527.44,1,1
595.06,0.2,67.62,527.44,1,1
875.7,0.8,107.24,768.46,4,1
507.29,0.0,50.11,457.18,0,1
610.29,0.2,67.73,542.56,1,1
972.49,0.8,151.08,821.41,4,1
1031.36,1.0,177.51,853.85,5,1
520.59,0.0,78.54,442.05,0,1
1237.03,1.6,142.16,1094.87,8,1
768.31,0.4,102.54,665.77,2,1
739.56,0.4,88.92,650.64,2,1
488.89,0.0,54.41,434.49,0,1
638.62,0.4,63.62,575.0,2,1
761.74,0.6,101.35,660.38,3,1
638.5,0.4,40.81,597.69,2,1
860.91,0.8,130.27,730.64,4,1
664.02,0.4,66.32,597.69,2,1
760.76,0.6,85.24,675.51,3,1
528.7,0.0,86.65,442.05,0,1
492.01,0.0,72.65,419.36,0,1
752.71,0.4,139.89,612.82,2,1
678.37,0.4,88.24,590.13,2,1
471.58,0.0,52.22,419.36,0,1
665.89,0.4,83.32,582.56,2,1
781.12,0.6,128.3,652.82,3,1
910.87,0.8,142.41,768.46,4,1
785.23,0.4,172.41,612.82,2,1
576.07,0.2,71.32,504.74,1,1
617.54,0.2,82.54,535.0,1,1
725.34,0.4,127.65,597.69,2,1
541.42,0.0,84.24,457.18,0,1
711.29,0.4,121.16,590.13,2,1
793.36,0.4,180.54,612.82,2,1
744.17,0.6,91.35,652.82,3,1
1125.76,1.0,256.78,868.97,5,1
685.96,0.2,128.27,557.69,1,1
464.76,0.0,45.41,419.36,0,1
595.71,0.2,75.84,519.87,1,1
761.29,0.4,110.65,650.64,2,1
484.09,0.0,64.73,419.36,0,1
626.88,0.2,61.62,565.26,1,1
1297.9,1.8,155.46,1142.44,9,1
985.34,0.8,186.62,798.72,4,1
840.42,0.8,94.65,745.77,4,1
611.0,0.2,76.0,535.0,1,1
1099.06,1.2,190.08,908.97,6,1
792.88,0.6,102.24,690.64,3,1
608.92,0.2,73.92,535.0,1,1
662.66,0.4,57.41,605.26,2,1
791.38,0.6,115.86,675.51,3,1
758.3,0.6,90.35,667.95,3,1
749.54,0.6,74.03,675.51,3,1
742.32,0.4,99.24,643.08,2,1
560.31,0.2,48.0,512.31,1,1
803.09,0.6,97.32,705.77,3,1
820.39,0.8,74.62,745.77,4,1
919.08,0.8,135.49,783.59,4,1
1304.47,1.6,224.73,1079.74,8,1
546.7,0.0,104.65,442.05,0,1
862.16,0.6,186.65,675.51,3,1
717.03,0.4,96.65,620.38,2,1
1127.9,1.2,181.11,946.79,6,1
495.64,0.0,46.03,449.62,0,1
518.64,0.0,69.03,449.62,0,1
811.8,0.6,121.16,690.64,3,1
853.72,0.8,107.95,745.77,4,1
732.93,0.4,112.54,620.38,2,1
684.14,0.4,71.32,612.82,2,1
766.63,0.6,121.38,645.26,3,1
854.3,0.6,118.27,736.03,3,1
883.39,0.8,145.19,738.21,4,1
537.72,0.0,80.54,457.18,0,1
560.48,0.0,110.86,449.62,0,1
806.75,0.6,108.54,698.21,3,1
943.6,0.8,129.76,813.85,4,1
955.44,1.0,109.16,846.28,5,1
756.6,0.6,88.65,667.95,3,1
572.2,0.0,107.46,464.74,0,1
752.84,0.6,77.32,675.51,3,1
576.15,0.0,118.97,457.18,0,1
481.9,0.0,62.54,419.36,0,1
744.96,0.6,92.14,652.82,3,1
719.03,0.4,98.65,620.38,2,1
713.46,0.4,85.51,627.95,2,1
483.41,0.0,48.92,434.49,0,1
615.82,0.2,95.95,519.87,1,1
671.14,0.2,143.7,527.44,1,1
675.39,0.2,110.14,565.26,1,1
923.01,0.8,116.73,806.28,4,1
740.12,0.2,167.3,572.82,1,1
752.7,0.6,69.62,683.08,3,1
755.62,0.4,127.68,627.95,2,1
720.99,0.4,130.86,590.13,2,1
782.86,0.4,139.78,643.08,2,1
942.18,0.8,143.46,798.72,4,1
560.01,0.2,47.7,512.31,1,1
773.3,0.4,137.78,635.51,2,1
