"Total_Cost","Ratio_Reloc_Prod","Horiz_Cost","Vert_Cost","nReloc","non_Optimal"
244801.17,0.72,37821.81,206979.46,1080,300
432.91,0.0,43.81,389.1,0,1
563.18,0.2,66.0,497.18,1,1
596.21,0.2,114.16,482.05,1,1
711.08,0.6,103.65,607.44,3,1
482.28,0.0,78.05,404.23,0,1
734.19,0.6,126.76,607.44,3,1
881.95,1.0,126.43,755.51,5,1
555.38,0.2,73.32,482.05,1,1
718.99,0.6,134.24,584.74,3,1
1160.88,1.6,194.59,966.28,8,1
479.43,0.0,90.32,389.1,0,1
671.09,0.4,126.35,544.74,2,1
989.23,1.0,211.03,778.21,5,1
760.87,0.6,92.92,667.95,3,1
989.52,1.2,141.05,848.46,6,1
592.81,0.2,110.76,482.05,1,1
913.61,1.0,142.97,770.64,5,1
506.12,0.0,86.76,419.36,0,1
746.29,0.6,116.16,630.13,3,1
665.45,0.4,128.27,537.18,2,1
1110.37,1.4,206.78,903.59,7,1
582.05,0.2,107.57,474.49,1,1
750.36,0.6,97.54,652.82,3,1
573.11,0.2,98.62,474.49,1,1
1060.51,1.4,149.35,911.15,7,1
756.05,0.6,133.49,622.56,3,1
882.88,1.0,112.24,770.64,5,1
552.65,0.0,118.16,434.49,0,1
483.27,0.0,41.22,442.05,0,1
706.42,0.4,161.68,544.74,2,1
489.9,0.0,70.54,419.36,0,1
479.56,0.0,37.51,442.05,0,1
977.66,1.0,184.32,793.33,5,1
1012.3,1.0,264.35,747.95,5,1
642.44,0.2,122.57,519.87,1,1
901.55,0.8,155.78,745.77,4,1
452.88,0.0,56.22,396.67,0,1
621.18,0.4,76.43,544.74,2,1
855.99,0.8,125.35,730.64,4,1
670.5,0.4,125.76,544.74,2,1
774.13,0.6,98.62,675.51,3,1
729.52,0.4,177.22,552.31,2,1
596.57,0.2,122.08,474.49,1,1
831.95,0.6,216.95,615.0,3,1
637.29,0.0,195.24,442.05,0,1
932.23,0.8,246.97,685.26,4,1
1040.05,1.0,224.03,816.03,5,1
789.05,0.4,214.05,575.0,2,1
494.5,0.0,97.84,396.67,0,1
1058.54,1.2,149.57,908.97,6,1
744.56,0.6,114.43,630.13,3,1
797.56,0.6,175.0,622.56,3,1
462.17,0.0,42.81,419.36,0,1
879.25,0.8,118.35,760.9,4,1
953.7,1.0,137.68,816.03,5,1
677.48,0.6,54.92,622.56,3,1
1109.97,1.4,145.86,964.1,7,1
825.63,0.8,125.24,700.38,4,1
1166.27,1.6,177.3,988.97,8,1
651.3,0.4,91.43,559.87,2,1
684.83,0.2,187.65,497.18,1,1
1262.09,1.6,227.73,1034.36,8,1
1012.26,1.2,133.54,878.72,6,1
665.15,0.4,127.97,537.18,2,1
1330.09,1.8,195.22,1134.87,9,1
1021.18,1.2,157.59,863.59,6,1
638.34,0.4,101.16,537.18,2,1
702.52,0.4,135.08,567.44,2,1
860.8,1.0,75.03,785.77,5,1
568.7,0.2,86.65,482.05,1,1
679.77,0.4,127.46,552.31,2,1
849.28,0.8,95.95,753.33,4,1
925.95,1.0,125.05,800.9,5,1
707.21,0.6,69.51,637.69,3,1
1211.6,1.6,169.68,1041.92,8,1
593.05,0.2,118.57,474.49,1,1
554.51,0.2,80.03,474.49,1,1
583.69,0.2,78.95,504.74,1,1
468.12,0.0,56.32,411.79,0,1
852.47,0.8,99.14,753.33,4,1
848.37,0.8,110.16,738.21,4,1
1148.64,1.2,277.49,871.15,6,1
487.23,0.0,90.57,396.67,0,1
663.33,0.4,50.51,612.82,2,1
918.16,1.0,155.08,763.08,5,1
1030.1,1.2,98.43,931.67,6,1
1036.44,1.2,203.11,833.33,6,1
687.88,0.4,97.76,590.13,2,1
448.04,0.0,43.81,404.23,0,1
796.93,0.8,96.54,700.38,4,1
758.43,0.6,82.92,675.51,3,1
530.63,0.0,58.32,472.31,0,1
656.16,0.2,174.11,482.05,1,1
648.06,0.4,80.62,567.44,2,1
483.66,0.0,79.43,404.23,0,1
1322.98,1.8,188.11,1134.87,9,1
1145.63,1.6,118.84,1026.79,8,1
684.08,0.6,61.51,622.56,3,1
577.56,0.2,87.95,489.62,1,1
1007.19,1.0,198.73,808.46,5,1
958.05,1.0,134.46,823.59,5,1
885.86,0.8,162.78,723.08,4,1
662.7,0.4,140.65,522.05,2,1
912.41,0.8,151.51,760.9,4,1
472.4,0.0,75.73,396.67,0,1
795.3,0.6,195.43,599.87,3,1
1014.45,1.2,150.86,863.59,6,1
473.32,0.0,23.7,449.62,0,1
1025.02,1.2,153.86,871.15,6,1
795.33,0.4,182.51,612.82,2,1
1044.76,1.2,135.78,908.97,6,1
564.79,0.2,97.86,466.92,1,1
927.82,1.0,142.05,785.77,5,1
826.39,0.8,133.57,692.82,4,1
1254.61,1.6,227.81,1026.79,8,1
1540.24,2.2,242.16,1298.08,11,1
774.98,0.6,122.16,652.82,3,1
744.87,0.6,76.92,667.95,3,1
819.89,0.8,111.95,707.95,4,1
560.87,0.2,93.95,466.92,1,1
1108.77,1.4,182.49,926.28,7,1
964.38,1.0,163.49,800.9,5,1
757.27,0.6,89.32,667.95,3,1
638.01,0.4,78.14,559.87,2,1
705.17,0.4,92.35,612.82,2,1
712.45,0.4,114.76,597.69,2,1
622.22,0.2,102.35,519.87,1,1
1040.9,1.2,147.05,893.85,6,1
1304.29,1.6,247.24,1057.05,8,1
641.4,0.2,144.22,497.18,1,1
843.21,0.8,120.14,723.08,4,1
787.47,0.6,187.59,599.87,3,1
883.0,0.8,167.49,715.51,4,1
576.97,0.2,94.92,482.05,1,1
479.66,0.0,75.43,404.23,0,1
660.32,0.4,85.32,575.0,2,1
661.97,0.4,79.41,582.56,2,1
1047.93,1.2,154.08,893.85,6,1
524.43,0.2,34.81,489.62,1,1
456.63,0.0,29.7,426.92,0,1
488.36,0.0,61.43,426.92,0,1
751.77,0.6,98.95,652.82,3,1
1254.02,1.8,141.84,1112.18,9,1
501.44,0.0,89.65,411.79,0,1
775.73,0.6,92.65,683.08,3,1
1032.19,1.2,115.65,916.54,6,1
921.72,1.0,151.08,770.64,5,1
865.19,0.8,149.68,715.51,4,1
765.15,0.6,127.46,637.69,3,1
1088.33,1.4,154.49,933.85,7,1
804.34,0.6,174.22,630.13,3,1
1106.92,1.4,157.95,948.97,7,1
802.89,0.8,94.95,707.95,4,1
581.13,0.2,83.95,497.18,1,1
564.71,0.2,105.35,459.36,1,1
542.83,0.2,53.22,489.62,1,1
946.85,1.0,108.14,838.72,5,1
812.8,0.8,142.68,670.13,4,1
1138.49,1.6,104.14,1034.36,8,1
732.97,0.6,102.84,630.13,3,1
982.32,1.2,118.73,863.59,6,1
771.7,0.6,141.57,630.13,3,1
636.17,0.4,68.73,567.44,2,1
1153.79,1.4,167.0,986.79,7,1
729.74,0.6,76.92,652.82,3,1
957.56,1.0,118.84,838.72,5,1
930.74,1.0,144.97,785.77,5,1
870.71,0.8,170.32,700.38,4,1
1217.0,1.6,228.03,988.97,8,1
547.3,0.2,87.95,459.36,1,1
892.34,0.8,161.7,730.64,4,1
1009.26,1.2,130.54,878.72,6,1
815.72,0.8,138.03,677.69,4,1
1077.96,1.2,131.16,946.79,6,1
484.67,0.0,88.0,396.67,0,1
580.56,0.2,90.95,489.62,1,1
1113.46,1.4,164.49,948.97,7,1
742.2,0.6,96.95,645.26,3,1
638.76,0.4,71.32,567.44,2,1
750.39,0.6,105.14,645.26,3,1
864.86,0.8,141.78,723.08,4,1
784.71,0.6,116.76,667.95,3,1
737.57,0.6,69.62,667.95,3,1
482.41,0.0,47.92,434.49,0,1
950.32,1.0,66.22,884.1,5,1
726.41,0.6,66.03,660.38,3,1
905.85,0.8,213.03,692.82,4,1
695.78,0.6,73.22,622.56,3,1
1245.87,1.4,243.95,1001.92,7,1
1389.08,2.0,199.08,1190.0,10,1
956.61,1.0,178.41,778.21,5,1
1347.84,1.8,258.35,1089.49,9,1
683.48,0.6,60.92,622.56,3,1
899.85,1.0,121.65,778.21,5,1
1452.94,2.2,207.81,1245.13,11,1
624.11,0.4,49.11,575.0,2,1
522.29,0.0,133.19,389.1,0,1
833.79,0.8,125.84,707.95,4,1
1009.47,1.2,130.76,878.72,6,1
716.81,0.6,94.24,622.56,3,1
926.88,1.0,95.73,831.15,5,1
947.4,1.0,116.24,831.15,5,1
600.63,0.2,133.7,466.92,1,1
491.45,0.0,102.35,389.1,0,1
642.36,0.2,122.49,519.87,1,1
567.65,0.2,40.22,527.44,1,1
468.73,0.0,41.81,426.92,0,1
1085.86,1.4,129.32,956.54,7,1
767.68,0.6,152.68,615.0,3,1
610.31,0.2,158.51,451.79,1,1
834.78,0.8,119.27,715.51,4,1
540.02,0.2,50.41,489.62,1,1
616.72,0.4,79.54,537.18,2,1
889.37,0.8,166.3,723.08,4,1
541.14,0.2,66.65,474.49,1,1
1410.03,2.2,195.16,1214.87,11,1
823.72,0.8,138.46,685.26,4,1
962.99,1.0,177.22,785.77,5,1
843.39,0.6,145.19,698.21,3,1
897.38,1.0,88.92,808.46,5,1
802.63,0.8,102.24,700.38,4,1
962.68,1.0,108.84,853.85,5,1
632.14,0.2,165.22,466.92,1,1
759.93,0.6,99.54,660.38,3,1
899.14,1.0,105.81,793.33,5,1
917.81,1.0,109.35,808.46,5,1
754.79,0.6,86.84,667.95,3,1
784.14,0.6,123.76,660.38,3,1
927.33,1.0,134.0,793.33,5,1
646.48,0.4,63.92,582.56,2,1
867.06,0.8,166.68,700.38,4,1
1151.34,1.4,179.68,971.67,7,1
1014.94,1.2,151.35,863.59,6,1
1066.61,1.2,134.95,931.67,6,1
827.79,0.8,134.97,692.82,4,1
776.61,0.6,146.49,630.13,3,1
854.3,0.8,138.78,715.51,4,1
836.78,0.8,121.27,715.51,4,1
615.72,0.4,78.54,537.18,2,1
980.04,1.0,133.76,846.28,5,1
1195.61,1.6,176.38,1019.23,8,1
751.23,0.6,113.54,637.69,3,1
725.58,0.6,80.32,645.26,3,1
631.49,0.4,71.62,559.87,2,1
991.23,1.2,104.95,886.28,6,1
449.1,0.0,60.0,389.1,0,1
663.83,0.4,73.7,590.13,2,1
1092.37,1.2,168.27,924.1,6,1
1092.29,1.2,228.7,863.59,6,1
1054.84,1.2,145.86,908.97,6,1
818.78,0.8,95.7,723.08,4,1
833.28,0.8,132.89,700.38,4,1
874.86,0.8,151.78,723.08,4,1
646.44,0.4,94.14,552.31,2,1
1028.44,1.0,227.54,800.9,5,1
893.03,1.0,92.14,800.9,5,1
718.21,0.4,75.14,643.08,2,1
744.28,0.6,99.03,645.26,3,1
693.52,0.6,93.65,599.87,3,1
875.23,0.6,229.97,645.26,3,1
1009.21,0.8,271.0,738.21,4,1
842.04,0.8,103.84,738.21,4,1
839.56,0.8,108.92,730.64,4,1
700.04,0.4,155.3,544.74,2,1
564.31,0.2,67.14,497.18,1,1
699.59,0.4,124.59,575.0,2,1
654.36,0.4,102.05,552.31,2,1
622.35,0.4,54.92,567.44,2,1
850.46,0.6,182.51,667.95,3,1
645.22,0.2,117.78,527.44,1,1
990.87,1.0,182.41,808.46,5,1
996.26,1.2,117.54,878.72,6,1
1083.34,1.4,172.19,911.15,7,1
825.16,0.6,142.08,683.08,3,1
1188.0,1.6,130.95,1057.05,8,1
470.16,0.0,28.11,442.05,0,1
761.46,0.4,194.03,567.44,2,1
1219.94,1.6,162.89,1057.05,8,1
643.69,0.4,98.95,544.74,2,1
1112.13,1.6,108.03,1004.1,8,1
1118.69,1.4,139.46,979.23,7,1
538.36,0.2,71.43,466.92,1,1
720.49,0.4,145.49,575.0,2,1
816.4,0.8,93.32,723.08,4,1
825.61,0.8,140.35,685.26,4,1
1010.32,1.0,179.16,831.15,5,1
1322.3,1.8,232.81,1089.49,9,1
869.42,0.8,176.59,692.82,4,1
851.47,0.8,151.08,700.38,4,1
760.16,0.6,84.65,675.51,3,1
746.31,0.6,154.0,592.31,3,1
1059.13,1.2,127.46,931.67,6,1
1253.44,1.4,259.08,994.36,7,1
905.77,1.0,112.43,793.33,5,1
810.64,0.8,72.43,738.21,4,1
816.23,0.8,78.03,738.21,4,1
944.19,1.0,128.16,816.03,5,1
952.27,1.0,204.32,747.95,5,1
1023.27,1.2,174.81,848.46,6,1
821.49,0.8,113.54,707.95,4,1
