"Total_Cost","Ratio_Reloc_Prod","Horiz_Cost","Vert_Cost","nReloc","non_Optimal"
224327.0,0.428,33657.16,190669.74,642,300
749.15,0.4,90.95,658.21,2,1
685.43,0.4,49.92,635.51,2,1
892.71,0.8,86.43,806.28,4,1
854.61,0.6,156.41,698.21,3,1
718.79,0.2,145.97,572.82,1,1
873.86,0.6,130.27,743.59,3,1
853.51,0.6,102.35,751.15,3,1
540.6,0.0,60.73,479.87,0,1
784.96,0.6,86.76,698.21,3,1
879.71,0.6,166.38,713.33,3,1
606.5,0.2,48.81,557.69,1,1
525.04,0.0,52.73,472.31,0,1
988.95,1.0,127.54,861.41,5,1
768.41,0.6,100.46,667.95,3,1
545.55,0.0,73.24,472.31,0,1
473.89,0.0,39.41,434.49,0,1
497.76,0.0,70.84,426.92,0,1
643.92,0.2,101.35,542.56,1,1
639.34,0.4,49.22,590.13,2,1
813.54,0.6,130.46,683.08,3,1
654.93,0.4,42.11,612.82,2,1
684.84,0.2,157.41,527.44,1,1
896.09,0.8,135.19,760.9,4,1
723.98,0.2,143.59,580.38,1,1
900.12,0.8,146.78,753.33,4,1
980.71,1.0,126.86,853.85,5,1
628.83,0.2,71.14,557.69,1,1
746.97,0.4,96.32,650.64,2,1
762.36,0.4,157.11,605.26,2,1
916.92,0.8,95.51,821.41,4,1
602.06,0.2,74.62,527.44,1,1
870.53,0.8,71.81,798.72,4,1
658.09,0.2,145.78,512.31,1,1
1079.34,1.0,180.11,899.23,5,1
723.66,0.2,211.35,512.31,1,1
864.86,0.6,174.22,690.64,3,1
505.45,0.0,40.7,464.74,0,1
1190.08,1.2,281.11,908.97,6,1
479.13,0.0,29.51,449.62,0,1
820.8,0.6,130.16,690.64,3,1
762.28,0.4,141.89,620.38,2,1
1025.63,0.8,219.35,806.28,4,1
1101.5,0.8,242.27,859.23,4,1
632.89,0.2,90.32,542.56,1,1
602.08,0.2,59.51,542.56,1,1
565.83,0.2,68.65,497.18,1,1
566.68,0.2,46.81,519.87,1,1
958.53,1.0,112.24,846.28,5,1
847.0,0.6,118.54,728.46,3,1
1030.43,0.8,193.89,836.54,4,1
551.21,0.0,94.03,457.18,0,1
736.71,0.4,108.76,627.95,2,1
572.84,0.2,45.41,527.44,1,1
941.2,0.8,127.35,813.85,4,1
864.64,0.6,121.05,743.59,3,1
948.12,0.8,134.27,813.85,4,1
592.43,0.0,97.43,495.0,0,1
523.89,0.0,81.84,442.05,0,1
566.8,0.0,102.05,464.74,0,1
980.88,1.0,142.16,838.72,5,1
974.69,0.8,168.41,806.28,4,1
754.06,0.4,133.68,620.38,2,1
1086.22,1.2,184.81,901.41,6,1
946.38,0.8,177.92,768.46,4,1
748.05,0.4,104.97,643.08,2,1
775.98,0.4,155.59,620.38,2,1
507.83,0.0,58.22,449.62,0,1
614.71,0.0,127.27,487.44,0,1
666.95,0.4,91.95,575.0,2,1
682.38,0.2,147.38,535.0,1,1
719.6,0.4,91.65,627.95,2,1
621.54,0.2,86.54,535.0,1,1
510.98,0.0,84.05,426.92,0,1
548.58,0.0,83.84,464.74,0,1
479.2,0.0,59.84,419.36,0,1
707.24,0.2,157.11,550.13,1,1
738.44,0.4,118.05,620.38,2,1
881.51,0.6,145.49,736.03,3,1
709.8,0.2,152.11,557.69,1,1
808.01,0.6,102.24,705.77,3,1
646.57,0.2,111.57,535.0,1,1
722.51,0.4,79.43,643.08,2,1
744.55,0.4,124.16,620.38,2,1
1144.9,1.2,198.11,946.79,6,1
938.96,0.8,132.68,806.28,4,1
750.36,0.4,129.97,620.38,2,1
712.78,0.4,137.78,575.0,2,1
851.81,0.6,123.35,728.46,3,1
695.7,0.2,153.14,542.56,1,1
446.06,0.0,26.7,419.36,0,1
778.62,0.4,150.68,627.95,2,1
628.0,0.2,85.43,542.56,1,1
706.71,0.2,133.89,572.82,1,1
819.99,0.4,161.78,658.21,2,1
988.45,0.8,189.73,798.72,4,1
897.59,0.6,154.0,743.59,3,1
788.17,0.6,74.84,713.33,3,1
710.8,0.2,153.11,557.69,1,1
878.81,0.6,142.78,736.03,3,1
771.17,0.4,150.78,620.38,2,1
628.21,0.2,85.65,542.56,1,1
602.85,0.2,90.54,512.31,1,1
649.13,0.2,106.57,542.56,1,1
1077.18,1.2,153.08,924.1,6,1
1016.0,1.0,139.46,876.54,5,1
1175.77,1.2,183.59,992.18,6,1
643.73,0.2,101.16,542.56,1,1
652.42,0.2,94.73,557.69,1,1
950.98,0.8,129.57,821.41,4,1
484.27,0.0,42.22,442.05,0,1
783.47,0.6,77.7,705.77,3,1
455.63,0.0,28.7,426.92,0,1
584.47,0.0,112.16,472.31,0,1
644.85,0.2,72.03,572.82,1,1
842.26,0.4,191.62,650.64,2,1
879.59,0.6,143.57,736.03,3,1
635.95,0.0,156.08,479.87,0,1
804.8,0.6,114.16,690.64,3,1
549.04,0.0,76.73,472.31,0,1
604.69,0.0,132.38,472.31,0,1
530.96,0.0,66.22,464.74,0,1
656.5,0.2,91.24,565.26,1,1
890.26,0.8,91.54,798.72,4,1
809.8,0.6,104.03,705.77,3,1
443.9,0.0,32.11,411.79,0,1
752.76,0.6,77.24,675.51,3,1
850.66,0.6,144.89,705.77,3,1
842.64,0.4,192.0,650.64,2,1
824.56,0.6,141.49,683.08,3,1
513.37,0.0,48.62,464.74,0,1
702.74,0.4,89.92,612.82,2,1
684.42,0.4,86.73,597.69,2,1
639.91,0.2,82.22,557.69,1,1
907.1,0.8,115.95,791.15,4,1
839.33,0.6,118.43,720.9,3,1
544.82,0.0,72.51,472.31,0,1
616.09,0.0,143.78,472.31,0,1
647.31,0.2,89.62,557.69,1,1
827.14,0.6,106.24,720.9,3,1
632.07,0.2,81.95,550.13,1,1
758.12,0.4,145.3,612.82,2,1
531.91,0.0,74.73,457.18,0,1
713.03,0.4,77.51,635.51,2,1
739.93,0.2,167.11,572.82,1,1
672.28,0.2,152.41,519.87,1,1
546.37,0.0,81.62,464.74,0,1
689.28,0.4,84.03,605.26,2,1
657.44,0.2,84.62,572.82,1,1
888.66,0.8,142.89,745.77,4,1
714.98,0.4,87.03,627.95,2,1
944.18,0.8,160.59,783.59,4,1
724.16,0.6,56.22,667.95,3,1
689.4,0.2,139.27,550.13,1,1
805.36,0.6,92.03,713.33,3,1
631.69,0.2,66.43,565.26,1,1
656.04,0.2,98.35,557.69,1,1
704.49,0.2,184.62,519.87,1,1
568.19,0.0,133.7,434.49,0,1
543.37,0.0,78.62,464.74,0,1
682.31,0.2,117.05,565.26,1,1
471.19,0.0,36.7,434.49,0,1
983.51,0.8,199.92,783.59,4,1
808.48,0.6,117.84,690.64,3,1
539.16,0.0,89.54,449.62,0,1
802.35,0.6,119.27,683.08,3,1
748.15,0.4,97.51,650.64,2,1
628.63,0.2,55.81,572.82,1,1
564.31,0.2,52.0,512.31,1,1
948.4,1.0,117.24,831.15,5,1
607.65,0.2,72.65,535.0,1,1
780.83,0.4,137.76,643.08,2,1
502.72,0.0,53.11,449.62,0,1
484.95,0.0,58.03,426.92,0,1
1110.25,1.0,256.41,853.85,5,1
889.67,0.8,113.65,776.03,4,1
915.2,0.6,201.86,713.33,3,1
994.25,0.8,180.41,813.85,4,1
706.65,0.4,71.14,635.51,2,1
620.02,0.2,62.32,557.69,1,1
800.11,0.6,79.22,720.9,3,1
751.44,0.6,91.05,660.38,3,1
989.27,1.0,112.73,876.54,5,1
814.44,0.6,93.54,720.9,3,1
778.59,0.6,95.51,683.08,3,1
847.15,0.6,141.38,705.77,3,1
656.94,0.2,99.24,557.69,1,1
630.18,0.2,64.92,565.26,1,1
910.18,0.8,179.54,730.64,4,1
892.3,0.6,156.27,736.03,3,1
560.8,0.0,96.05,464.74,0,1
681.85,0.2,124.16,557.69,1,1
758.92,0.4,130.97,627.95,2,1
457.63,0.0,30.7,426.92,0,1
790.85,0.6,92.65,698.21,3,1
482.11,0.0,47.62,434.49,0,1
845.25,0.8,91.92,753.33,4,1
972.9,1.0,119.05,853.85,5,1
674.87,0.2,102.05,572.82,1,1
605.92,0.2,70.92,535.0,1,1
482.3,0.0,47.81,434.49,0,1
516.21,0.0,59.03,457.18,0,1
742.89,0.4,99.81,643.08,2,1
750.98,0.6,83.03,667.95,3,1
584.94,0.2,34.81,550.13,1,1
569.41,0.0,89.54,479.87,0,1
659.78,0.2,109.65,550.13,1,1
682.12,0.4,84.43,597.69,2,1
797.86,0.6,107.22,690.64,3,1
489.56,0.0,47.51,442.05,0,1
643.32,0.2,100.76,542.56,1,1
826.9,0.8,81.14,745.77,4,1
631.4,0.2,88.84,542.56,1,1
847.13,0.6,156.49,690.64,3,1
1083.13,1.0,199.03,884.1,5,1
1107.01,1.0,200.22,906.79,5,1
682.66,0.2,109.84,572.82,1,1
499.13,0.0,49.51,449.62,0,1
996.23,1.0,165.08,831.15,5,1
880.08,0.8,104.05,776.03,4,1
490.05,0.0,48.0,442.05,0,1
691.32,0.4,55.81,635.51,2,1
871.46,0.8,95.43,776.03,4,1
668.54,0.2,141.11,527.44,1,1
653.75,0.4,63.62,590.13,2,1
865.1,0.8,81.51,783.59,4,1
1044.6,1.2,143.19,901.41,6,1
621.75,0.2,71.62,550.13,1,1
839.98,0.6,126.65,713.33,3,1
1204.17,1.4,209.81,994.36,7,1
1069.8,1.2,130.57,939.23,6,1
826.37,0.4,175.73,650.64,2,1
661.12,0.2,103.43,557.69,1,1
962.69,0.6,211.54,751.15,3,1
548.52,0.0,76.22,472.31,0,1
649.99,0.2,99.86,550.13,1,1
725.03,0.4,104.65,620.38,2,1
938.49,0.8,124.65,813.85,4,1
652.07,0.2,101.95,550.13,1,1
606.66,0.2,94.35,512.31,1,1
849.99,0.4,184.22,665.77,2,1
954.65,0.8,178.62,776.03,4,1
903.2,0.6,129.35,773.85,3,1
769.35,0.6,93.84,675.51,3,1
924.49,0.8,95.51,828.97,4,1
575.41,0.2,40.41,535.0,1,1
629.88,0.2,64.62,565.26,1,1
626.45,0.2,76.32,550.13,1,1
986.74,0.8,188.03,798.72,4,1
877.2,0.6,163.86,713.33,3,1
703.03,0.4,67.51,635.51,2,1
944.01,0.8,130.16,813.85,4,1
926.78,1.0,110.76,816.03,5,1
486.56,0.0,44.51,442.05,0,1
763.87,0.4,143.49,620.38,2,1
631.48,0.2,81.35,550.13,1,1
891.01,0.8,137.68,753.33,4,1
917.32,0.8,141.3,776.03,4,1
752.65,0.4,117.14,635.51,2,1
668.46,0.4,93.46,575.0,2,1
901.74,0.8,103.03,798.72,4,1
628.2,0.0,155.89,472.31,0,1
998.3,0.8,161.76,836.54,4,1
838.38,0.4,157.49,680.9,2,1
541.8,0.0,77.05,464.74,0,1
994.38,1.0,117.84,876.54,5,1
461.73,0.0,34.81,426.92,0,1
705.02,0.2,154.89,550.13,1,1
1146.05,1.4,121.43,1024.62,7,1
620.29,0.2,77.73,542.56,1,1
697.47,0.4,84.65,612.82,2,1
773.49,0.4,137.97,635.51,2,1
493.13,0.0,43.51,449.62,0,1
767.95,0.6,92.43,675.51,3,1
761.81,0.4,118.73,643.08,2,1
494.32,0.0,44.7,449.62,0,1
645.31,0.2,87.62,557.69,1,1
715.25,0.2,134.86,580.38,1,1
530.48,0.0,88.43,442.05,0,1
606.12,0.2,86.24,519.87,1,1
899.0,0.8,130.54,768.46,4,1
1173.04,1.4,193.81,979.23,7,1
961.12,0.8,147.27,813.85,4,1
981.85,0.8,168.0,813.85,4,1
1036.62,0.8,260.59,776.03,4,1
727.14,0.2,139.19,587.95,1,1
487.6,0.0,53.11,434.49,0,1
802.61,0.4,151.97,650.64,2,1
974.28,0.8,168.0,806.28,4,1
729.74,0.4,109.35,620.38,2,1
941.85,1.0,103.14,838.72,5,1
883.33,0.6,162.43,720.9,3,1
848.31,0.6,134.97,713.33,3,1
659.96,0.2,87.14,572.82,1,1
702.57,0.4,74.62,627.95,2,1
620.94,0.2,70.81,550.13,1,1
918.33,0.8,165.0,753.33,4,1
530.45,0.0,65.7,464.74,0,1
610.13,0.2,60.0,550.13,1,1
727.23,0.4,121.97,605.26,2,1
749.55,0.4,129.16,620.38,2,1
