"Total_Cost","Ratio_Reloc_Prod","Horiz_Cost","Vert_Cost","nReloc","non_Optimal"
223031.37,0.4367,31856.75,191174.62,655,300
749.15,0.4,90.95,658.21,2,1
695.0,0.4,51.92,643.08,2,1
889.71,0.8,83.43,806.28,4,1
853.31,0.6,155.11,698.21,3,1
721.5,0.2,148.68,572.82,1,1
858.59,0.6,122.57,736.03,3,1
862.88,0.6,104.16,758.72,3,1
540.6,0.0,60.73,479.87,0,1
784.66,0.6,86.46,698.21,3,1
832.61,0.6,126.84,705.77,3,1
653.36,0.2,80.54,572.82,1,1
511.47,0.0,46.73,464.74,0,1
978.62,1.0,109.65,868.97,5,1
785.27,0.6,109.76,675.51,3,1
513.81,0.0,71.76,442.05,0,1
483.89,0.0,49.41,434.49,0,1
505.11,0.0,70.62,434.49,0,1
643.92,0.2,101.35,542.56,1,1
672.04,0.4,59.22,612.82,2,1
827.05,0.6,143.97,683.08,3,1
641.69,0.4,44.0,597.69,2,1
627.82,0.2,107.95,519.87,1,1
863.22,0.8,94.76,768.46,4,1
716.42,0.2,143.59,572.82,1,1
938.67,0.8,155.08,783.59,4,1
908.32,0.8,117.16,791.15,4,1
641.18,0.2,91.05,550.13,1,1
729.4,0.4,86.32,643.08,2,1
769.45,0.4,164.19,605.26,2,1
930.49,0.8,101.51,828.97,4,1
590.2,0.2,70.32,519.87,1,1
870.53,0.8,71.81,798.72,4,1
661.06,0.2,141.19,519.87,1,1
1060.37,1.0,168.7,891.67,5,1
732.36,0.2,220.05,512.31,1,1
770.98,0.4,150.59,620.38,2,1
476.75,0.0,34.7,442.05,0,1
1138.47,1.0,284.62,853.85,5,1
492.69,0.0,35.51,457.18,0,1
691.59,0.4,101.46,590.13,2,1
782.65,0.4,154.7,627.95,2,1
927.68,0.6,214.35,713.33,3,1
1052.69,0.8,201.03,851.67,4,1
558.15,0.0,85.84,472.31,0,1
618.34,0.2,68.22,550.13,1,1
566.13,0.2,68.95,497.18,1,1
594.24,0.2,44.11,550.13,1,1
994.76,1.0,133.35,861.41,5,1
905.4,0.8,114.24,791.15,4,1
1192.8,1.2,208.19,984.62,6,1
538.94,0.0,89.32,449.62,0,1
790.43,0.6,107.35,683.08,3,1
586.35,0.2,58.92,527.44,1,1
873.51,0.8,89.92,783.59,4,1
862.64,0.6,119.05,743.59,3,1
829.04,0.6,123.27,705.77,3,1
555.79,0.0,75.92,479.87,0,1
574.35,0.2,46.92,527.44,1,1
538.39,0.0,73.65,464.74,0,1
1107.61,1.2,168.38,939.23,6,1
867.6,0.6,146.7,720.9,3,1
773.0,0.4,137.49,635.51,2,1
1045.24,1.2,136.27,908.97,6,1
864.15,0.6,173.51,690.64,3,1
754.54,0.4,111.46,643.08,2,1
839.02,0.6,148.38,690.64,3,1
528.26,0.0,63.51,464.74,0,1
663.29,0.2,113.16,550.13,1,1
664.91,0.4,67.22,597.69,2,1
647.95,0.2,112.95,535.0,1,1
707.17,0.4,94.35,612.82,2,1
605.37,0.2,62.81,542.56,1,1
517.78,0.0,75.73,442.05,0,1
516.1,0.0,58.92,457.18,0,1
547.53,0.0,90.35,457.18,0,1
744.95,0.4,124.57,620.38,2,1
707.22,0.4,71.7,635.51,2,1
889.67,0.6,146.08,743.59,3,1
846.98,0.6,126.08,720.9,3,1
598.03,0.2,63.03,535.0,1,1
629.54,0.2,94.54,535.0,1,1
731.89,0.4,103.95,627.95,2,1
677.64,0.4,79.95,597.69,2,1
929.13,0.8,137.97,791.15,4,1
1057.21,1.0,173.11,884.1,5,1
810.0,0.6,134.49,675.51,3,1
642.39,0.2,130.08,512.31,1,1
937.82,0.8,131.54,806.28,4,1
696.81,0.2,161.81,535.0,1,1
560.96,0.2,56.22,504.74,1,1
785.3,0.4,149.78,635.51,2,1
621.54,0.2,86.54,535.0,1,1
677.77,0.2,120.08,557.69,1,1
809.72,0.4,159.08,650.64,2,1
962.81,0.8,179.22,783.59,4,1
760.62,0.4,132.68,627.95,2,1
761.32,0.6,78.24,683.08,3,1
1122.79,1.2,176.0,946.79,6,1
901.42,0.8,95.14,806.28,4,1
875.28,0.6,154.38,720.9,3,1
647.88,0.2,97.76,550.13,1,1
522.7,0.0,80.65,442.05,0,1
677.15,0.2,119.46,557.69,1,1
801.12,0.6,95.35,705.77,3,1
921.31,0.8,107.46,813.85,4,1
975.58,0.8,169.3,806.28,4,1
746.02,0.4,102.95,643.08,2,1
663.18,0.2,113.05,550.13,1,1
713.84,0.4,93.46,620.38,2,1
474.0,0.0,39.51,434.49,0,1
801.87,0.6,73.41,728.46,3,1
456.76,0.0,37.41,419.36,0,1
650.02,0.2,107.46,542.56,1,1
662.47,0.4,57.22,605.26,2,1
816.82,0.4,151.05,665.77,2,1
705.48,0.2,147.78,557.69,1,1
726.53,0.2,161.27,565.26,1,1
636.64,0.2,78.95,557.69,1,1
560.15,0.0,87.84,472.31,0,1
767.88,0.6,130.19,637.69,3,1
542.82,0.0,70.51,472.31,0,1
676.25,0.2,103.43,572.82,1,1
907.98,1.0,61.7,846.28,5,1
650.12,0.2,92.43,557.69,1,1
456.87,0.0,37.51,419.36,0,1
748.59,0.6,65.51,683.08,3,1
900.14,0.8,131.68,768.46,4,1
785.94,0.4,142.86,643.08,2,1
680.63,0.2,115.38,565.26,1,1
643.64,0.4,53.51,590.13,2,1
768.97,0.6,78.32,690.64,3,1
617.64,0.2,67.51,550.13,1,1
642.42,0.2,84.73,557.69,1,1
890.83,0.8,107.24,783.59,4,1
879.99,0.6,128.84,751.15,3,1
548.52,0.0,76.22,472.31,0,1
608.14,0.0,128.27,479.87,0,1
759.22,0.6,83.7,675.51,3,1
828.55,0.6,107.65,720.9,3,1
637.48,0.2,87.35,550.13,1,1
746.69,0.4,133.86,612.82,2,1
537.91,0.0,80.73,457.18,0,1
730.86,0.4,80.22,650.64,2,1
934.92,0.8,113.51,821.41,4,1
667.78,0.2,132.78,535.0,1,1
529.75,0.0,80.14,449.62,0,1
696.82,0.4,76.43,620.38,2,1
718.43,0.4,82.92,635.51,2,1
859.75,0.8,136.68,723.08,4,1
800.39,0.6,94.62,705.77,3,1
940.51,1.0,109.35,831.15,5,1
729.46,0.6,61.51,667.95,3,1
679.7,0.2,129.57,550.13,1,1
824.49,0.6,96.03,728.46,3,1
607.37,0.2,64.81,542.56,1,1
801.66,0.6,88.32,713.33,3,1
764.6,0.4,136.65,627.95,2,1
595.01,0.0,130.27,464.74,0,1
589.79,0.2,69.92,519.87,1,1
874.3,0.8,105.84,768.46,4,1
599.44,0.0,119.57,479.87,0,1
621.61,0.2,116.86,504.74,1,1
807.29,0.6,116.65,690.64,3,1
483.46,0.0,41.41,442.05,0,1
847.97,0.6,111.95,736.03,3,1
771.15,0.6,80.51,690.64,3,1
615.5,0.2,57.81,557.69,1,1
579.44,0.2,52.0,527.44,1,1
748.71,0.4,120.76,627.95,2,1
534.21,0.0,77.03,457.18,0,1
828.71,0.4,155.38,673.33,2,1
518.38,0.0,76.32,442.05,0,1
551.28,0.0,86.54,464.74,0,1
1028.6,1.2,127.19,901.41,6,1
822.39,0.6,109.05,713.33,3,1
921.21,0.8,145.19,776.03,4,1
819.48,0.6,121.27,698.21,3,1
770.78,0.6,80.14,690.64,3,1
648.18,0.2,82.92,565.26,1,1
865.76,0.8,89.73,776.03,4,1
754.6,0.6,86.65,667.95,3,1
634.48,0.2,84.35,550.13,1,1
705.19,0.4,77.24,627.95,2,1
783.35,0.6,107.84,675.51,3,1
813.74,0.4,147.97,665.77,2,1
581.58,0.0,109.27,472.31,0,1
706.98,0.4,79.03,627.95,2,1
1113.84,1.2,212.43,901.41,6,1
1143.47,1.2,189.11,954.36,6,1
581.49,0.0,94.05,487.44,0,1
720.17,0.4,54.41,665.77,2,1
708.78,0.4,65.7,643.08,2,1
475.19,0.0,40.7,434.49,0,1
787.05,0.6,103.97,683.08,3,1
469.84,0.0,42.92,426.92,0,1
721.0,0.4,77.92,643.08,2,1
865.55,0.8,104.65,760.9,4,1
849.76,0.6,128.86,720.9,3,1
608.93,0.2,89.05,519.87,1,1
453.47,0.0,34.11,419.36,0,1
461.47,0.0,42.11,419.36,0,1
819.42,0.6,113.65,705.77,3,1
564.68,0.2,44.81,519.87,1,1
584.11,0.2,49.11,535.0,1,1
510.83,0.0,61.22,449.62,0,1
600.41,0.2,65.41,535.0,1,1
585.23,0.2,72.92,512.31,1,1
1038.24,1.2,129.27,908.97,6,1
695.16,0.4,67.22,627.95,2,1
559.88,0.0,95.14,464.74,0,1
912.76,1.0,111.86,800.9,5,1
653.75,0.2,96.05,557.69,1,1
634.59,0.2,92.03,542.56,1,1
1129.29,1.2,197.62,931.67,6,1
1207.18,1.4,175.0,1032.18,7,1
829.92,0.6,109.03,720.9,3,1
518.37,0.0,53.62,464.74,0,1
1225.3,1.2,263.38,961.92,6,1
820.84,0.6,99.95,720.9,3,1
536.31,0.0,64.0,472.31,0,1
709.79,0.6,49.41,660.38,3,1
860.4,0.8,76.81,783.59,4,1
693.02,0.4,110.46,582.56,2,1
820.91,0.6,77.32,743.59,3,1
842.63,0.8,81.73,760.9,4,1
773.78,0.4,130.7,643.08,2,1
651.23,0.2,93.54,557.69,1,1
694.49,0.4,74.11,620.38,2,1
816.11,0.4,180.59,635.51,2,1
901.53,0.8,95.24,806.28,4,1
958.44,0.8,152.16,806.28,4,1
635.7,0.2,93.14,542.56,1,1
850.32,0.4,207.24,643.08,2,1
549.2,0.0,69.32,479.87,0,1
655.54,0.2,112.97,542.56,1,1
835.96,0.6,130.19,705.77,3,1
978.58,1.0,124.73,853.85,5,1
938.12,0.8,131.84,806.28,4,1
744.02,0.4,100.95,643.08,2,1
695.77,0.2,138.08,557.69,1,1
1200.08,1.4,190.59,1009.49,7,1
753.91,0.4,110.84,643.08,2,1
787.59,0.6,96.95,690.64,3,1
768.5,0.6,62.73,705.77,3,1
653.2,0.2,72.81,580.38,1,1
634.66,0.2,114.78,519.87,1,1
602.38,0.2,74.95,527.44,1,1
1127.81,1.2,165.89,961.92,6,1
652.16,0.2,117.16,535.0,1,1
738.53,0.4,80.32,658.21,2,1
720.74,0.4,100.35,620.38,2,1
572.9,0.2,53.03,519.87,1,1
462.76,0.0,43.41,419.36,0,1
758.58,0.4,92.81,665.77,2,1
591.46,0.2,64.03,527.44,1,1
641.19,0.4,58.62,582.56,2,1
851.48,0.8,113.27,738.21,4,1
774.91,0.4,124.27,650.64,2,1
507.24,0.0,57.62,449.62,0,1
998.77,1.0,107.11,891.67,5,1
995.85,1.0,149.57,846.28,5,1
874.47,0.6,153.57,720.9,3,1
929.27,0.8,145.68,783.59,4,1
650.35,0.4,75.35,575.0,2,1
837.21,0.6,139.0,698.21,3,1
516.47,0.0,51.73,464.74,0,1
997.35,0.8,213.76,783.59,4,1
804.01,0.6,83.11,720.9,3,1
787.75,0.4,129.54,658.21,2,1
698.44,0.4,78.05,620.38,2,1
745.0,0.6,61.92,683.08,3,1
520.74,0.0,56.0,464.74,0,1
784.75,0.6,86.54,698.21,3,1
798.81,0.6,130.86,667.95,3,1
448.06,0.0,28.7,419.36,0,1
540.68,0.0,60.81,479.87,0,1
966.15,0.8,175.0,791.15,4,1
507.19,0.0,65.14,442.05,0,1
607.36,0.2,95.05,512.31,1,1
1073.48,1.2,149.38,924.1,6,1
659.53,0.0,202.35,457.18,0,1
822.61,0.6,131.97,690.64,3,1
946.65,0.6,210.62,736.03,3,1
1045.58,0.8,246.86,798.72,4,1
899.86,0.8,116.27,783.59,4,1
702.87,0.4,90.05,612.82,2,1
912.39,0.8,106.11,806.28,4,1
815.89,0.4,187.95,627.95,2,1
688.8,0.4,83.54,605.26,2,1
552.85,0.0,80.54,472.31,0,1
855.52,0.6,142.19,713.33,3,1
894.33,0.8,125.86,768.46,4,1
919.8,0.8,128.65,791.15,4,1
647.69,0.2,90.0,557.69,1,1
806.39,0.6,93.05,713.33,3,1
933.6,0.6,220.27,713.33,3,1
706.01,0.4,100.76,605.26,2,1
593.97,0.2,51.41,542.56,1,1
796.11,0.4,175.73,620.38,2,1
516.24,0.0,66.62,449.62,0,1
