"Total_Cost","Ratio_Reloc_Prod","Horiz_Cost","Vert_Cost","nReloc","non_Optimal"
223305.62,0.4367,32138.58,191166.97,655,300
749.15,0.4,90.95,658.21,2,1
698.29,0.4,55.22,643.08,2,1
889.71,0.8,83.43,806.28,4,1
853.31,0.6,155.11,698.21,3,1
721.5,0.2,148.68,572.82,1,1
858.59,0.6,122.57,736.03,3,1
831.29,0.6,80.14,751.15,3,1
567.08,0.0,79.65,487.44,0,1
795.93,0.6,90.16,705.77,3,1
830.9,0.6,125.14,705.77,3,1
653.36,0.2,80.54,572.82,1,1
511.47,0.0,46.73,464.74,0,1
978.62,1.0,109.65,868.97,5,1
785.97,0.6,110.46,675.51,3,1
513.81,0.0,71.76,442.05,0,1
483.89,0.0,49.41,434.49,0,1
505.11,0.0,70.62,434.49,0,1
643.92,0.2,101.35,542.56,1,1
660.47,0.4,55.22,605.26,2,1
800.27,0.6,124.76,675.51,3,1
628.83,0.4,38.7,590.13,2,1
621.33,0.2,101.46,519.87,1,1
874.49,0.8,98.46,776.03,4,1
716.42,0.2,143.59,572.82,1,1
938.67,0.8,155.08,783.59,4,1
908.32,0.8,117.16,791.15,4,1
599.14,0.2,64.14,535.0,1,1
761.29,0.4,110.65,650.64,2,1
769.66,0.4,164.41,605.26,2,1
941.05,0.8,104.51,836.54,4,1
593.01,0.2,73.14,519.87,1,1
875.83,0.8,77.11,798.72,4,1
663.76,0.2,143.89,519.87,1,1
1060.37,1.0,168.7,891.67,5,1
732.36,0.2,220.05,512.31,1,1
770.98,0.4,150.59,620.38,2,1
485.56,0.0,43.51,442.05,0,1
1228.29,1.2,296.62,931.67,6,1
471.56,0.0,29.51,442.05,0,1
769.74,0.6,109.35,660.38,3,1
784.65,0.4,156.7,627.95,2,1
933.95,0.6,213.05,720.9,3,1
1055.4,0.8,203.73,851.67,4,1
558.15,0.0,85.84,472.31,0,1
600.48,0.2,57.92,542.56,1,1
530.72,0.2,41.11,489.62,1,1
594.24,0.2,44.11,550.13,1,1
976.23,1.0,129.95,846.28,5,1
965.84,1.0,104.43,861.41,5,1
1106.14,1.0,191.78,914.36,5,1
680.26,0.4,90.14,590.13,2,1
809.26,0.6,111.05,698.21,3,1
492.16,0.0,50.11,442.05,0,1
905.24,0.8,121.65,783.59,4,1
870.21,0.6,119.05,751.15,3,1
911.3,0.8,135.27,776.03,4,1
555.79,0.0,75.92,479.87,0,1
521.66,0.0,56.92,464.74,0,1
541.69,0.0,76.95,464.74,0,1
1023.09,1.0,161.68,861.41,5,1
769.54,0.4,141.59,627.95,2,1
770.35,0.4,127.27,643.08,2,1
1042.38,1.2,140.97,901.41,6,1
857.29,0.6,174.22,683.08,3,1
737.54,0.4,94.46,643.08,2,1
839.02,0.6,148.38,690.64,3,1
526.85,0.0,62.11,464.74,0,1
663.29,0.2,113.16,550.13,1,1
731.6,0.6,71.22,660.38,3,1
636.49,0.2,109.05,527.44,1,1
693.2,0.4,87.95,605.26,2,1
607.97,0.2,65.41,542.56,1,1
519.19,0.0,77.14,442.05,0,1
477.7,0.0,43.22,434.49,0,1
504.62,0.0,70.14,434.49,0,1
697.48,0.2,139.78,557.69,1,1
825.66,0.6,127.46,698.21,3,1
894.62,0.6,158.59,736.03,3,1
846.98,0.6,126.08,720.9,3,1
592.62,0.2,57.62,535.0,1,1
624.65,0.2,89.65,535.0,1,1
744.46,0.4,108.95,635.51,2,1
867.72,0.8,84.14,783.59,4,1
922.83,0.8,131.68,791.15,4,1
963.98,0.8,157.7,806.28,4,1
750.6,0.4,137.78,612.82,2,1
724.65,0.4,142.08,582.56,2,1
831.14,0.6,110.24,720.9,3,1
601.21,0.0,144.03,457.18,0,1
569.82,0.2,57.51,512.31,1,1
778.89,0.4,143.38,635.51,2,1
847.37,0.8,109.16,738.21,4,1
764.94,0.4,121.86,643.08,2,1
833.05,0.4,182.41,650.64,2,1
950.49,0.8,182.03,768.46,4,1
659.54,0.2,116.97,542.56,1,1
775.9,0.6,70.14,705.77,3,1
988.9,0.8,167.49,821.41,4,1
855.99,0.6,104.84,751.15,3,1
823.15,0.6,124.95,698.21,3,1
614.0,0.2,71.43,542.56,1,1
601.96,0.2,89.65,512.31,1,1
653.07,0.2,102.95,550.13,1,1
801.96,0.6,103.76,698.21,3,1
852.45,0.6,108.86,743.59,3,1
1040.89,1.0,156.78,884.1,5,1
729.57,0.4,94.05,635.51,2,1
796.9,0.4,131.14,665.77,2,1
773.59,0.6,82.95,690.64,3,1
501.55,0.0,36.81,464.74,0,1
807.84,0.6,71.81,736.03,3,1
458.28,0.0,38.92,419.36,0,1
650.02,0.2,107.46,542.56,1,1
610.29,0.2,67.73,542.56,1,1
899.19,0.6,163.16,736.03,3,1
718.04,0.2,152.78,565.26,1,1
708.8,0.2,158.68,550.13,1,1
726.55,0.4,106.16,620.38,2,1
556.69,0.0,91.95,464.74,0,1
728.45,0.4,123.19,605.26,2,1
615.91,0.2,58.22,557.69,1,1
665.91,0.2,100.65,565.26,1,1
918.98,1.0,72.7,846.28,5,1
742.35,0.4,106.84,635.51,2,1
443.2,0.0,31.41,411.79,0,1
686.36,0.4,73.54,612.82,2,1
925.25,0.8,156.78,768.46,4,1
672.29,0.2,122.16,550.13,1,1
730.36,0.4,109.97,620.38,2,1
564.54,0.2,37.11,527.44,1,1
537.61,0.0,80.43,457.18,0,1
585.44,0.2,58.0,527.44,1,1
529.82,0.0,57.51,472.31,0,1
804.09,0.6,98.32,705.77,3,1
876.29,0.6,125.14,751.15,3,1
503.13,0.0,53.51,449.62,0,1
598.12,0.0,133.38,464.74,0,1
660.4,0.4,62.7,597.69,2,1
895.24,0.8,111.65,783.59,4,1
708.33,0.4,87.95,620.38,2,1
740.79,0.4,127.97,612.82,2,1
516.43,0.0,66.81,449.62,0,1
802.99,0.6,97.22,705.77,3,1
918.66,0.8,104.81,813.85,4,1
573.4,0.0,123.78,449.62,0,1
549.33,0.0,77.03,472.31,0,1
704.82,0.4,84.43,620.38,2,1
683.33,0.4,70.51,612.82,2,1
765.34,0.6,120.08,645.26,3,1
558.79,0.0,78.92,479.87,0,1
870.11,0.8,101.65,768.46,4,1
717.3,0.6,56.92,660.38,3,1
703.48,0.2,145.78,557.69,1,1
894.88,0.8,103.73,791.15,4,1
607.37,0.2,64.81,542.56,1,1
788.83,0.6,90.62,698.21,3,1
850.88,0.4,253.19,597.69,2,1
607.45,0.0,142.7,464.74,0,1
592.01,0.2,72.14,519.87,1,1
729.03,0.4,108.65,620.38,2,1
638.37,0.4,55.81,582.56,2,1
620.9,0.2,93.46,527.44,1,1
729.74,0.4,109.35,620.38,2,1
597.28,0.0,124.97,472.31,0,1
860.14,0.6,131.68,728.46,3,1
716.35,0.4,80.84,635.51,2,1
596.37,0.2,53.81,542.56,1,1
506.58,0.0,49.41,457.18,0,1
843.31,0.6,129.97,713.33,3,1
706.52,0.4,86.14,620.38,2,1
803.44,0.4,137.68,665.77,2,1
492.75,0.0,50.7,442.05,0,1
534.31,0.0,77.14,457.18,0,1
1108.15,1.2,168.92,939.23,6,1
843.5,0.6,130.16,713.33,3,1
1049.92,1.0,188.51,861.41,5,1
1016.46,1.0,147.49,868.97,5,1
639.58,0.2,74.32,565.26,1,1
588.41,0.2,53.41,535.0,1,1
885.29,0.8,94.14,791.15,4,1
688.61,0.4,90.92,597.69,2,1
695.25,0.2,114.86,580.38,1,1
826.41,0.6,97.95,728.46,3,1
626.7,0.2,84.14,542.56,1,1
854.88,0.6,156.68,698.21,3,1
574.31,0.0,109.57,464.74,0,1
686.66,0.4,73.84,612.82,2,1
718.8,0.4,113.54,605.26,2,1
1075.43,1.0,191.32,884.1,5,1
588.49,0.0,101.05,487.44,0,1
628.77,0.2,63.51,565.26,1,1
604.67,0.2,62.11,542.56,1,1
467.36,0.0,48.0,419.36,0,1
878.59,0.8,102.57,776.03,4,1
621.21,0.2,63.51,557.69,1,1
623.05,0.2,72.92,550.13,1,1
785.29,0.6,94.65,690.64,3,1
772.51,0.4,121.86,650.64,2,1
639.84,0.2,104.84,535.0,1,1
445.61,0.0,33.81,411.79,0,1
444.31,0.0,32.51,411.79,0,1
563.93,0.2,51.62,512.31,1,1
635.1,0.4,37.41,597.69,2,1
577.54,0.2,50.11,527.44,1,1
711.95,0.6,44.0,667.95,3,1
619.08,0.2,76.51,542.56,1,1
557.31,0.2,60.14,497.18,1,1
562.29,0.2,80.24,482.05,1,1
601.97,0.2,59.41,542.56,1,1
758.53,0.6,113.27,645.26,3,1
634.4,0.2,91.84,542.56,1,1
633.95,0.2,98.95,535.0,1,1
733.55,0.4,113.16,620.38,2,1
1163.23,1.2,216.43,946.79,6,1
1448.0,2.0,197.49,1250.51,10,1
828.6,0.6,100.14,728.46,3,1
515.37,0.0,50.62,464.74,0,1
1358.68,1.8,223.81,1134.87,9,1
867.41,0.8,98.95,768.46,4,1
514.66,0.0,49.92,464.74,0,1
748.0,0.6,64.92,683.08,3,1
929.59,1.0,98.43,831.15,5,1
782.51,0.4,147.0,635.51,2,1
751.27,0.6,83.32,667.95,3,1
588.79,0.2,68.92,519.87,1,1
1034.57,1.0,165.59,868.97,5,1
756.43,0.4,113.35,643.08,2,1
697.8,0.4,92.54,605.26,2,1
1061.23,1.0,214.95,846.28,5,1
1016.58,1.0,117.35,899.23,5,1
875.08,0.6,139.05,736.03,3,1
645.45,0.2,95.32,550.13,1,1
1071.84,0.8,242.86,828.97,4,1
635.58,0.2,70.32,565.26,1,1
793.89,0.4,150.81,643.08,2,1
859.5,0.8,106.16,753.33,4,1
1006.97,1.0,130.43,876.54,5,1
835.55,0.6,114.65,720.9,3,1
790.5,0.6,84.73,705.77,3,1
789.16,0.4,146.08,643.08,2,1
1143.41,1.2,181.49,961.92,6,1
878.89,0.8,110.43,768.46,4,1
831.79,0.6,118.46,713.33,3,1
988.22,1.0,134.38,853.85,5,1
546.34,0.0,89.16,457.18,0,1
798.26,0.6,100.05,698.21,3,1
726.69,0.4,113.86,612.82,2,1
1108.17,1.0,193.81,914.36,5,1
806.08,0.6,130.57,675.51,3,1
523.66,0.0,58.92,464.74,0,1
760.64,0.4,117.57,643.08,2,1
624.84,0.2,89.84,535.0,1,1
454.17,0.0,34.81,419.36,0,1
631.93,0.2,59.11,572.82,1,1
680.5,0.4,75.24,605.26,2,1
555.83,0.0,98.65,457.18,0,1
719.75,0.4,122.05,597.69,2,1
879.56,0.6,120.84,758.72,3,1
563.26,0.2,58.51,504.74,1,1
1096.86,1.2,119.81,977.05,6,1
868.71,0.6,155.38,713.33,3,1
1026.54,1.0,157.57,868.97,5,1
532.58,0.0,67.84,464.74,0,1
642.43,0.4,67.43,575.0,2,1
675.99,0.2,125.86,550.13,1,1
478.49,0.0,44.0,434.49,0,1
1027.4,0.8,236.24,791.15,4,1
801.74,0.6,80.84,720.9,3,1
655.64,0.2,97.95,557.69,1,1
787.48,0.6,96.84,690.64,3,1
787.8,0.6,82.03,705.77,3,1
583.04,0.2,70.73,512.31,1,1
610.19,0.2,67.62,542.56,1,1
903.33,0.8,150.0,753.33,4,1
531.66,0.0,66.92,464.74,0,1
638.12,0.2,80.43,557.69,1,1
789.45,0.4,131.24,658.21,2,1
623.29,0.2,80.73,542.56,1,1
504.48,0.0,62.43,442.05,0,1
1033.27,1.0,164.3,868.97,5,1
900.53,0.4,234.76,665.77,2,1
926.43,0.8,157.97,768.46,4,1
729.36,0.2,164.11,565.26,1,1
1133.0,1.0,271.59,861.41,5,1
783.04,0.4,117.27,665.77,2,1
740.24,0.4,97.16,643.08,2,1
660.43,0.2,117.86,542.56,1,1
894.82,0.6,173.92,720.9,3,1
696.2,0.4,75.81,620.38,2,1
630.77,0.2,65.51,565.26,1,1
874.11,0.6,138.08,736.03,3,1
960.14,0.8,131.16,828.97,4,1
933.56,0.8,134.84,798.72,4,1
657.21,0.4,59.51,597.69,2,1
650.29,0.4,67.73,582.56,2,1
990.67,0.8,214.65,776.03,4,1
678.28,0.4,73.03,605.26,2,1
742.67,0.4,92.03,650.64,2,1
802.48,0.4,159.41,643.08,2,1
778.59,0.4,143.08,635.51,2,1
