"Total_Cost","Ratio_Reloc_Prod","Horiz_Cost","Vert_Cost","nReloc","non_Optimal"
226573.19,0.4547,33728.47,192844.63,682,250
1094.78,0.6667,150.16,944.62,4,1
1280.83,1.0,195.7,1085.13,6,1
1065.65,0.6667,136.16,929.49,4,1
888.59,0.5,97.43,791.15,3,1
738.91,0.1667,95.84,643.08,1,1
977.82,0.5,156.41,821.41,3,1
985.04,0.5,171.19,813.85,3,1
1028.45,0.6667,144.35,884.1,4,1
1005.48,0.6667,128.95,876.54,4,1
811.42,0.3333,105.65,705.77,2,1
1011.0,0.8333,102.03,908.97,5,1
862.23,0.3333,148.89,713.33,2,1
869.83,0.5,86.24,783.59,3,1
661.18,0.0,111.05,550.13,0,1
1249.6,1.1667,200.11,1049.49,7,1
873.2,0.5,119.86,753.33,3,1
999.12,0.5,192.84,806.28,3,1
1207.77,0.8333,208.03,999.74,5,1
886.17,0.5,72.32,813.85,3,1
908.32,0.5,117.16,791.15,3,1
1019.79,0.5,190.81,828.97,3,1
895.89,0.3333,152.3,743.59,2,1
789.54,0.3333,106.46,683.08,2,1
1115.29,0.6667,223.62,891.67,4,1
998.28,0.5,184.43,813.85,3,1
735.25,0.1667,114.86,620.38,1,1
605.17,0.0,77.73,527.44,0,1
822.68,0.3333,109.35,713.33,2,1
865.29,0.1667,214.65,650.64,1,1
1329.32,1.1667,204.19,1125.13,7,1
1102.72,0.6667,218.62,884.1,4,1
1003.5,0.5,197.22,806.28,3,1
728.62,0.1667,85.54,643.08,1,1
885.89,0.3333,149.86,736.03,2,1
759.06,0.1667,85.73,673.33,1,1
724.27,0.1667,96.32,627.95,1,1
1070.4,0.6667,186.3,884.1,4,1
966.44,0.6667,105.03,861.41,4,1
1021.11,0.6667,144.57,876.54,4,1
759.31,0.3333,61.11,698.21,2,1
816.19,0.3333,87.73,728.46,2,1
1066.89,0.6667,197.92,868.97,4,1
1453.3,1.3333,250.35,1202.95,8,1
862.89,0.3333,126.86,736.03,2,1
832.81,0.1667,189.73,643.08,1,1
581.65,0.0,54.22,527.44,0,1
832.87,0.5,64.41,768.46,3,1
899.47,0.5,138.57,760.9,3,1
960.19,0.5,191.73,768.46,3,1
678.83,0.1667,81.14,597.69,1,1
956.22,0.3333,227.76,728.46,2,1
764.35,0.3333,88.84,675.51,2,1
611.29,0.0,68.73,542.56,0,1
750.06,0.1667,129.68,620.38,1,1
1221.7,1.0,212.22,1009.49,6,1
716.87,0.0,136.49,580.38,0,1
981.8,0.5,175.51,806.28,3,1
938.49,0.5,124.65,813.85,3,1
801.28,0.3333,87.95,713.33,2,1
687.66,0.1667,74.84,612.82,1,1
1048.15,0.6667,156.49,891.67,4,1
763.42,0.3333,65.22,698.21,2,1
663.49,0.1667,43.11,620.38,1,1
750.21,0.3333,52.0,698.21,2,1
880.79,0.5,127.46,753.33,3,1
819.39,0.3333,106.05,713.33,2,1
817.31,0.1667,159.11,658.21,1,1
759.84,0.1667,131.89,627.95,1,1
598.48,0.0,55.92,542.56,0,1
560.74,0.0,56.0,504.74,0,1
961.24,0.6667,84.7,876.54,4,1
1208.09,1.1667,113.22,1094.87,7,1
753.28,0.1667,140.46,612.82,1,1
1074.89,0.8333,150.78,924.1,5,1
876.87,0.3333,148.41,728.46,2,1
1174.88,0.8333,182.7,992.18,5,1
1122.65,0.8333,153.16,969.49,5,1
1022.06,0.5,208.22,813.85,3,1
785.82,0.1667,120.05,665.77,1,1
868.61,0.3333,117.46,751.15,2,1
1034.27,0.5,197.73,836.54,3,1
903.91,0.5,112.76,791.15,3,1
807.39,0.3333,94.05,713.33,2,1
939.03,0.5,163.0,776.03,3,1
642.39,0.0,130.08,512.31,0,1
1043.6,0.6667,129.24,914.36,4,1
722.68,0.1667,94.73,627.95,1,1
1013.15,0.5,214.43,798.72,3,1
822.39,0.5,76.62,745.77,3,1
674.83,0.1667,77.14,597.69,1,1
1115.55,0.8333,161.19,954.36,5,1
1015.56,0.6667,131.46,884.1,4,1
680.5,0.0,115.24,565.26,0,1
1028.11,0.5,206.7,821.41,3,1
956.54,0.5,180.51,776.03,3,1
1198.25,0.8333,251.46,946.79,5,1
864.96,0.5,73.81,791.15,3,1
770.94,0.1667,127.86,643.08,1,1
736.89,0.1667,108.95,627.95,1,1
1083.5,0.8333,144.27,939.23,5,1
1027.43,0.6667,150.89,876.54,4,1
758.13,0.1667,115.05,643.08,1,1
1028.56,0.6667,144.46,884.1,4,1
801.21,0.3333,110.57,690.64,2,1
1056.73,0.6667,195.32,861.41,4,1
874.33,0.5,105.86,768.46,3,1
897.09,0.5,90.81,806.28,3,1
1083.48,0.6667,191.81,891.67,4,1
905.65,0.3333,177.19,728.46,2,1
942.43,0.3333,198.84,743.59,2,1
1205.54,1.0,135.54,1070.0,6,1
874.4,0.3333,123.24,751.15,2,1
747.67,0.1667,97.03,650.64,1,1
1181.01,0.8333,241.78,939.23,5,1
756.23,0.1667,98.03,658.21,1,1
851.55,0.5,90.65,760.9,3,1
951.54,0.3333,207.95,743.59,2,1
736.14,0.1667,115.76,620.38,1,1
1001.78,0.5,210.62,791.15,3,1
911.26,0.3333,144.97,766.28,2,1
867.21,0.5,136.57,730.64,3,1
1079.47,1.0,100.24,979.23,6,1
862.47,0.5,109.14,753.33,3,1
912.1,0.5,120.95,791.15,3,1
595.49,0.0,75.62,519.87,0,1
1363.05,1.3333,152.54,1210.51,8,1
1000.72,0.6667,109.05,891.67,4,1
1409.46,1.1667,291.89,1117.56,7,1
783.11,0.1667,147.59,635.51,1,1
564.68,0.0,44.81,519.87,0,1
840.71,0.3333,127.38,713.33,2,1
1424.06,1.5,181.11,1242.95,9,1
949.1,0.5,150.38,798.72,3,1
1109.21,0.8333,117.03,992.18,5,1
841.92,0.3333,113.46,728.46,2,1
907.81,0.5,131.78,776.03,3,1
777.53,0.3333,79.32,698.21,2,1
866.81,0.3333,138.35,728.46,2,1
943.4,0.5,159.81,783.59,3,1
1243.47,1.0,203.73,1039.74,6,1
769.72,0.1667,111.51,658.21,1,1
943.74,0.5,137.46,806.28,3,1
938.13,0.5,146.97,791.15,3,1
752.02,0.1667,93.81,658.21,1,1
886.77,0.1667,228.57,658.21,1,1
842.19,0.3333,159.11,683.08,2,1
526.32,0.0,36.7,489.62,0,1
1379.54,1.1667,261.97,1117.56,7,1
1243.41,0.8333,281.49,961.92,5,1
891.74,0.3333,178.41,713.33,2,1
868.83,0.5,138.19,730.64,3,1
672.63,0.0,145.19,527.44,0,1
906.19,0.5,130.16,776.03,3,1
913.94,0.3333,162.78,751.15,2,1
973.34,0.5,174.62,798.72,3,1
1414.69,1.5,194.43,1220.26,9,1
929.02,0.5,137.86,791.15,3,1
1285.12,1.0,245.38,1039.74,6,1
891.86,0.5,100.7,791.15,3,1
857.09,0.3333,136.19,720.9,2,1
943.46,0.5,122.05,821.41,3,1
965.74,0.5,151.89,813.85,3,1
960.83,0.6667,137.24,823.59,4,1
901.08,0.5,125.05,776.03,3,1
846.62,0.3333,118.16,728.46,2,1
926.38,0.6667,57.41,868.97,4,1
803.11,0.3333,82.22,720.9,2,1
1019.81,0.6667,143.27,876.54,4,1
770.91,0.3333,87.84,683.08,2,1
1006.25,0.6667,152.41,853.85,4,1
808.86,0.3333,72.84,736.03,2,1
1092.87,0.8333,130.95,961.92,5,1
1340.53,1.1667,215.41,1125.13,7,1
692.03,0.1667,56.51,635.51,1,1
767.32,0.1667,124.24,643.08,1,1
614.53,0.0,56.84,557.69,0,1
841.45,0.5,103.24,738.21,3,1
858.47,0.3333,152.7,705.77,2,1
1003.81,0.6667,134.84,868.97,4,1
880.59,0.5,89.43,791.15,3,1
988.3,0.6667,111.76,876.54,4,1
1231.68,1.0,229.76,1001.92,6,1
713.6,0.0,140.78,572.82,0,1
1040.69,0.6667,141.46,899.23,4,1
997.52,0.5,176.11,821.41,3,1
1056.96,0.6667,165.3,891.67,4,1
1173.99,0.8333,181.81,992.18,5,1
703.52,0.1667,83.14,620.38,1,1
737.89,0.1667,155.32,582.56,1,1
755.33,0.1667,127.38,627.95,1,1
1058.16,0.6667,181.62,876.54,4,1
751.73,0.1667,108.65,643.08,1,1
902.95,0.3333,189.62,713.33,2,1
1037.08,0.8333,112.97,924.1,5,1
727.51,0.1667,84.43,643.08,1,1
835.41,0.5,74.51,760.9,3,1
840.27,0.3333,104.24,736.03,2,1
736.46,0.1667,100.95,635.51,1,1
775.99,0.3333,70.22,705.77,2,1
830.19,0.3333,101.73,728.46,2,1
884.76,0.3333,156.3,728.46,2,1
975.57,0.5,146.59,828.97,3,1
729.62,0.1667,86.54,643.08,1,1
788.32,0.3333,105.24,683.08,2,1
820.58,0.3333,107.24,713.33,2,1
616.62,0.0,81.62,535.0,0,1
1214.39,0.8333,199.51,1014.87,5,1
756.97,0.1667,121.46,635.51,1,1
1078.1,0.8333,138.86,939.23,5,1
1067.73,0.8333,151.19,916.54,5,1
852.08,0.5,83.62,768.46,3,1
842.23,0.3333,136.46,705.77,2,1
795.87,0.1667,167.92,627.95,1,1
686.01,0.1667,65.62,620.38,1,1
935.55,0.5,114.14,821.41,3,1
942.79,0.5,128.95,813.85,3,1
886.32,0.5,102.73,783.59,3,1
1015.64,0.5,216.92,798.72,3,1
784.18,0.1667,125.97,658.21,1,1
961.55,0.6667,100.14,861.41,4,1
594.84,0.0,67.41,527.44,0,1
754.24,0.1667,111.16,643.08,1,1
760.11,0.1667,132.16,627.95,1,1
787.12,0.1667,121.35,665.77,1,1
868.3,0.3333,132.27,736.03,2,1
1316.42,1.1667,176.16,1140.26,7,1
1098.58,0.8333,151.78,946.79,5,1
693.93,0.1667,73.54,620.38,1,1
583.2,0.0,63.32,519.87,0,1
755.05,0.1667,119.54,635.51,1,1
1067.18,0.8333,127.95,939.23,5,1
802.56,0.3333,104.35,698.21,2,1
1052.65,0.6667,176.11,876.54,4,1
595.7,0.0,60.7,535.0,0,1
1190.27,0.8333,228.35,961.92,5,1
1190.7,0.8333,266.59,924.1,5,1
1008.02,0.5,171.49,836.54,3,1
852.87,0.3333,131.97,720.9,2,1
571.44,0.0,44.0,527.44,0,1
764.99,0.1667,114.35,650.64,1,1
864.66,0.3333,158.89,705.77,2,1
692.25,0.1667,79.43,612.82,1,1
749.86,0.1667,114.35,635.51,1,1
812.92,0.3333,92.03,720.9,2,1
903.38,0.5,142.49,760.9,3,1
1015.44,0.6667,169.16,846.28,4,1
698.5,0.1667,93.24,605.26,1,1
849.93,0.1667,191.73,658.21,1,1
760.64,0.1667,102.43,658.21,1,1
939.78,0.5,156.19,783.59,3,1
