"Total_Cost","Ratio_Reloc_Prod","Horiz_Cost","Vert_Cost","nReloc","non_Optimal"
258472.73,0.4713,64469.34,194003.49,707,226
1053.62,1.0,124.14,929.49,5,1
1024.89,0.8,195.92,828.97,4,1
663.41,0.2,83.03,580.38,1,0
1573.87,1.4,519.0,1054.87,7,1
840.12,0.4,166.78,673.33,2,1
510.68,0.0,30.81,479.87,0,1
1068.18,0.8,284.59,783.59,4,1
626.42,0.2,68.73,557.69,1,1
526.05,0.0,76.43,449.62,0,0
1144.04,1.0,290.19,853.85,5,1
898.16,0.6,162.14,736.03,3,1
1080.92,1.0,211.95,868.97,5,1
920.2,0.6,206.86,713.33,3,0
1157.63,0.6,497.24,660.38,3,1
781.03,0.4,153.08,627.95,2,0
746.98,0.4,134.16,612.82,2,1
699.51,0.2,164.51,535.0,1,1
665.23,0.4,52.41,612.82,2,1
770.28,0.4,149.89,620.38,2,0
677.08,0.2,142.08,535.0,1,1
729.56,0.4,131.86,597.69,2,0
503.15,0.0,38.41,464.74,0,0
745.54,0.4,102.46,643.08,2,1
836.77,0.6,123.43,713.33,3,1
577.54,0.2,50.11,527.44,1,0
820.33,0.6,99.43,720.9,3,1
705.55,0.4,92.73,612.82,2,1
968.82,0.8,154.97,813.85,4,1
555.26,0.0,105.65,449.62,0,0
867.32,0.4,224.24,643.08,2,1
847.48,0.6,164.41,683.08,3,1
2006.64,1.4,1034.97,971.67,7,1
1474.7,0.6,799.19,675.51,3,1
968.65,0.6,240.19,728.46,3,1
1601.41,1.2,707.57,893.85,6,1
1748.25,1.4,761.46,986.79,7,1
839.49,0.4,158.59,680.9,2,1
924.34,0.6,173.19,751.15,3,1
565.08,0.0,77.65,487.44,0,0
784.86,0.4,141.78,643.08,2,0
917.64,0.8,134.05,783.59,4,1
1201.14,0.8,372.16,828.97,4,1
814.21,0.6,123.57,690.64,3,1
805.39,0.4,200.14,605.26,2,0
701.94,0.4,104.24,597.69,2,1
628.07,0.2,62.81,565.26,1,1
1817.36,1.6,783.0,1034.36,8,1
745.57,0.2,150.05,595.51,1,0
1491.72,0.6,854.03,637.69,3,1
999.7,0.8,216.11,783.59,4,1
1076.9,0.8,270.62,806.28,4,1
784.25,0.4,103.35,680.9,2,0
1031.68,0.4,464.24,567.44,2,1
794.04,0.4,128.27,665.77,2,0
838.93,0.4,173.16,665.77,2,1
917.34,0.6,151.05,766.28,3,0
910.92,0.6,174.89,736.03,3,1
553.77,0.0,81.46,472.31,0,0
708.62,0.2,173.62,535.0,1,1
757.81,0.4,114.73,643.08,2,1
542.26,0.0,77.51,464.74,0,0
1163.69,1.2,216.89,946.79,6,1
650.2,0.2,84.95,565.26,1,0
765.09,0.4,152.27,612.82,2,1
1508.17,0.8,747.27,760.9,4,1
539.6,0.0,59.73,479.87,0,0
643.19,0.2,100.62,542.56,1,0
529.35,0.0,79.73,449.62,0,0
625.32,0.2,90.32,535.0,1,1
689.12,0.2,123.86,565.26,1,0
1299.16,0.6,570.7,728.46,3,1
718.31,0.2,145.49,572.82,1,1
1031.43,0.8,194.89,836.54,4,1
896.09,0.6,175.19,720.9,3,1
647.54,0.2,112.54,535.0,1,1
802.58,0.6,104.38,698.21,3,1
862.78,0.4,227.27,635.51,2,1
697.98,0.2,125.16,572.82,1,0
703.23,0.2,137.97,565.26,1,0
672.73,0.2,145.3,527.44,1,0
909.0,0.8,140.54,768.46,4,1
783.91,0.4,178.65,605.26,2,1
694.03,0.4,58.51,635.51,2,1
1050.72,0.4,453.03,597.69,2,1
696.8,0.2,131.54,565.26,1,0
864.52,0.6,151.19,713.33,3,1
1011.34,0.6,245.05,766.28,3,1
631.58,0.2,66.32,565.26,1,0
809.07,0.4,143.3,665.77,2,1
615.36,0.2,50.11,565.26,1,0
816.88,0.6,126.24,690.64,3,0
675.81,0.2,133.24,542.56,1,0
723.76,0.4,156.32,567.44,2,1
669.61,0.2,104.35,565.26,1,1
815.28,0.4,210.03,605.26,2,1
620.29,0.0,163.11,457.18,0,0
631.08,0.2,88.51,542.56,1,1
780.37,0.4,137.3,643.08,2,0
691.71,0.4,71.32,620.38,2,1
1213.11,0.2,685.68,527.44,1,1
598.24,0.2,63.24,535.0,1,1
589.6,0.2,69.73,519.87,1,1
812.86,0.4,169.78,643.08,2,1
864.25,0.4,243.86,620.38,2,0
650.72,0.2,93.03,557.69,1,1
1001.16,0.8,232.7,768.46,4,1
617.55,0.0,145.24,472.31,0,0
879.22,0.6,218.84,660.38,3,1
810.99,0.6,105.22,705.77,3,1
620.07,0.2,54.81,565.26,1,1
630.31,0.0,158.0,472.31,0,0
1360.12,0.6,714.86,645.26,3,1
749.12,0.2,176.3,572.82,1,1
921.11,0.6,200.22,720.9,3,1
760.44,0.2,187.62,572.82,1,0
470.05,0.0,28.0,442.05,0,0
622.81,0.2,80.24,542.56,1,1
790.08,0.6,61.62,728.46,3,1
1285.44,0.8,532.11,753.33,4,1
721.11,0.2,133.16,587.95,1,0
798.79,0.6,130.84,667.95,3,0
1003.08,0.4,435.65,567.44,2,1
1075.02,0.6,384.38,690.64,3,1
1182.16,0.6,514.22,667.95,3,1
915.32,0.6,171.73,743.59,3,1
1066.22,1.0,212.38,853.85,5,1
660.52,0.2,80.14,580.38,1,1
608.88,0.2,104.14,504.74,1,1
814.62,0.6,131.54,683.08,3,1
751.82,0.4,191.95,559.87,2,1
503.3,0.0,68.81,434.49,0,1
481.49,0.0,62.14,419.36,0,0
779.73,0.2,237.16,542.56,1,0
464.06,0.0,44.7,419.36,0,0
824.5,0.4,226.81,597.69,2,1
944.91,0.6,254.27,690.64,3,1
721.31,0.2,156.05,565.26,1,1
767.89,0.6,99.95,667.95,3,1
632.21,0.2,89.65,542.56,1,0
650.59,0.4,68.03,582.56,2,1
548.45,0.0,98.84,449.62,0,0
789.69,0.4,184.43,605.26,2,0
758.57,0.4,191.14,567.44,2,1
876.12,0.8,130.35,745.77,4,1
1205.41,1.0,351.57,853.85,5,1
978.25,0.8,217.35,760.9,4,1
861.64,0.6,171.0,690.64,3,1
604.97,0.2,62.41,542.56,1,1
551.18,0.0,101.57,449.62,0,1
1001.16,1.0,177.57,823.59,5,1
572.58,0.0,107.84,464.74,0,0
826.29,0.6,135.65,690.64,3,1
1077.34,0.8,271.05,806.28,4,1
668.72,0.2,103.46,565.26,1,0
1541.85,1.4,562.62,979.23,7,1
816.37,0.4,173.3,643.08,2,1
1235.81,1.0,412.22,823.59,5,1
1273.04,0.6,574.84,698.21,3,1
832.41,0.6,103.95,728.46,3,1
559.88,0.0,95.14,464.74,0,0
883.44,0.6,215.49,667.95,3,1
596.08,0.2,53.51,542.56,1,0
1761.76,1.4,865.73,896.03,7,1
865.94,0.6,122.35,743.59,3,1
871.27,0.6,188.19,683.08,3,1
925.97,0.8,142.38,783.59,4,1
863.38,0.6,142.49,720.9,3,1
694.22,0.4,73.84,620.38,2,1
1486.15,1.0,655.0,831.15,5,1
1208.93,0.4,649.05,559.87,2,1
524.52,0.0,52.22,472.31,0,1
991.93,0.8,238.59,753.33,4,1
784.59,0.6,101.51,683.08,3,1
756.42,0.6,111.16,645.26,3,1
834.89,0.4,199.38,635.51,2,1
904.71,0.6,191.38,713.33,3,0
1269.16,0.6,593.65,675.51,3,1
640.35,0.0,152.92,487.44,0,0
777.49,0.4,157.11,620.38,2,1
1511.66,0.8,765.89,745.77,4,1
1159.33,1.0,237.41,921.92,5,1
1019.68,0.6,291.22,728.46,3,1
875.84,0.6,147.38,728.46,3,1
811.56,0.6,120.92,690.64,3,1
1041.78,0.8,197.68,844.1,4,1
899.37,0.6,201.16,698.21,3,1
551.94,0.0,102.32,449.62,0,0
542.53,0.0,92.92,449.62,0,1
1931.68,1.4,990.27,941.41,7,1
904.89,0.6,168.86,736.03,3,1
1141.72,0.6,511.59,630.13,3,1
705.38,0.4,77.43,627.95,2,1
980.74,0.8,227.41,753.33,4,1
1846.98,1.2,953.14,893.85,6,1
897.4,0.6,161.38,736.03,3,1
705.25,0.4,92.43,612.82,2,1
1025.93,0.6,267.22,758.72,3,1
588.79,0.0,116.49,472.31,0,0
1680.34,1.4,761.62,918.72,7,1
670.34,0.2,112.65,557.69,1,1
672.41,0.2,144.97,527.44,1,1
578.02,0.0,120.84,457.18,0,1
581.13,0.0,123.95,457.18,0,0
467.52,0.0,55.73,411.79,0,0
879.48,0.4,228.84,650.64,2,1
756.18,0.2,190.92,565.26,1,1
650.83,0.2,93.14,557.69,1,1
1033.13,1.0,209.54,823.59,5,1
736.25,0.4,115.86,620.38,2,0
827.71,0.4,154.38,673.33,2,1
936.17,0.6,222.84,713.33,3,1
780.35,0.4,137.27,643.08,2,0
560.99,0.0,96.24,464.74,0,0
586.04,0.0,128.86,457.18,0,1
918.32,0.6,227.68,690.64,3,1
2416.56,2.2,1118.49,1298.08,11,1
763.46,0.2,175.51,587.95,1,1
783.85,0.4,125.65,658.21,2,0
692.07,0.4,86.81,605.26,2,0
1081.98,0.4,514.54,567.44,2,1
566.96,0.0,102.22,464.74,0,0
631.58,0.2,119.27,512.31,1,1
1525.86,0.8,810.35,715.51,4,1
1043.2,0.8,244.49,798.72,4,1
834.5,0.6,128.73,705.77,3,1
711.43,0.4,128.86,582.56,2,0
439.2,0.0,27.41,411.79,0,0
729.67,0.4,147.11,582.56,2,1
663.41,0.2,135.97,527.44,1,0
869.01,0.8,123.24,745.77,4,1
865.91,0.8,135.27,730.64,4,1
1404.86,0.8,689.35,715.51,4,1
616.76,0.2,89.32,527.44,1,1
559.18,0.0,109.57,449.62,0,1
1411.59,0.8,696.08,715.51,4,1
840.26,0.6,142.05,698.21,3,1
951.91,0.8,160.76,791.15,4,1
661.8,0.2,111.68,550.13,1,1
876.21,0.6,185.57,690.64,3,1
748.21,0.4,165.65,582.56,2,1
793.87,0.6,133.49,660.38,3,1
1106.18,0.8,315.03,791.15,4,1
497.67,0.0,55.62,442.05,0,1
604.91,0.2,100.16,504.74,1,1
727.37,0.2,169.68,557.69,1,1
785.59,0.4,203.03,582.56,2,1
571.02,0.0,113.84,457.18,0,1
985.18,0.8,201.59,783.59,4,1
752.4,0.4,162.27,590.13,2,1
709.94,0.4,127.38,582.56,2,1
648.75,0.2,98.62,550.13,1,1
729.4,0.4,131.7,597.69,2,1
620.84,0.2,85.84,535.0,1,1
958.99,0.6,253.22,705.77,3,1
742.58,0.2,184.89,557.69,1,1
713.94,0.2,163.81,550.13,1,1
478.75,0.0,36.7,442.05,0,0
750.57,0.4,115.05,635.51,2,1
728.9,0.6,68.51,660.38,3,1
652.6,0.4,85.16,567.44,2,1
924.76,0.6,203.86,720.9,3,1
846.32,0.4,203.24,643.08,2,1
531.5,0.0,74.32,457.18,0,0
716.29,0.4,73.22,643.08,2,1
763.39,0.4,150.57,612.82,2,1
1307.04,0.8,621.78,685.26,4,1
624.87,0.0,145.0,479.87,0,0
1239.12,0.6,586.3,652.82,3,1
681.31,0.2,116.05,565.26,1,1
1369.77,1.2,475.92,893.85,6,1
708.87,0.2,128.49,580.38,1,0
544.53,0.0,87.35,457.18,0,0
562.18,0.2,65.0,497.18,1,1
1477.01,1.4,437.27,1039.74,7,1
862.12,0.6,156.35,705.77,3,1
1074.66,1.0,220.81,853.85,5,1
578.93,0.0,114.19,464.74,0,1
761.29,0.6,78.22,683.08,3,1
729.26,0.2,164.0,565.26,1,0
587.87,0.2,68.0,519.87,1,1
824.86,0.4,181.78,643.08,2,1
580.39,0.0,115.65,464.74,0,0
620.15,0.2,107.84,512.31,1,1
815.33,0.6,147.38,667.95,3,1
1040.07,1.0,193.78,846.28,5,1
1251.51,1.0,435.49,816.03,5,1
933.72,0.8,142.57,791.15,4,1
883.5,0.6,170.16,713.33,3,1
1449.22,1.4,447.3,1001.92,7,1
846.75,0.4,196.11,650.64,2,0
641.83,0.2,84.14,557.69,1,1
870.26,0.2,380.65,489.62,1,1
1249.66,1.4,270.43,979.23,7,1
777.09,0.4,111.32,665.77,2,1
754.87,0.2,174.49,580.38,1,1
1034.03,0.6,298.0,736.03,3,1
1000.09,0.8,178.68,821.41,4,1
960.03,0.8,184.0,776.03,4,1
628.48,0.2,85.92,542.56,1,0
1402.57,0.8,702.19,700.38,4,1
