"Total_Cost","Ratio_Reloc_Prod","Horiz_Cost","Vert_Cost","nReloc","non_Optimal"
236331.27,0.5027,40447.94,195883.46,754,142
683.24,0.2,87.73,595.51,1,0
927.98,0.8,114.14,813.85,4,1
529.98,0.0,50.11,479.87,0,0
795.01,0.4,121.68,673.33,2,0
1024.23,1.0,117.43,906.79,5,1
524.23,0.0,51.92,472.31,0,0
1208.33,1.4,153.46,1054.87,7,1
563.04,0.0,105.86,457.18,0,0
544.47,0.0,79.73,464.74,0,0
673.66,0.4,68.41,605.26,2,0
717.12,0.2,151.86,565.26,1,0
1129.05,1.2,159.57,969.49,6,1
938.1,0.6,194.51,743.59,3,0
717.4,0.4,74.32,643.08,2,1
957.11,0.6,228.65,728.46,3,0
526.72,0.0,77.11,449.62,0,0
549.18,0.0,84.43,464.74,0,0
630.76,0.2,95.76,535.0,1,0
927.67,0.8,144.08,783.59,4,0
993.12,0.8,194.41,798.72,4,0
959.59,0.6,223.57,736.03,3,0
873.26,0.6,167.49,705.77,3,1
991.46,0.8,162.49,828.97,4,0
841.92,0.6,166.41,675.51,3,1
468.49,0.0,34.0,434.49,0,0
695.14,0.4,82.32,612.82,2,1
621.36,0.2,109.05,512.31,1,1
650.02,0.2,107.46,542.56,1,0
1256.22,0.6,595.84,660.38,3,1
550.04,0.0,77.73,472.31,0,0
450.06,0.0,30.7,419.36,0,0
607.64,0.0,158.03,449.62,0,1
484.49,0.0,50.0,434.49,0,0
892.63,0.8,146.86,745.77,4,0
462.06,0.0,42.7,419.36,0,0
889.11,0.6,168.22,720.9,3,1
923.87,0.8,155.41,768.46,4,0
942.02,0.8,143.3,798.72,4,0
686.83,0.2,129.14,557.69,1,0
799.44,0.4,133.68,665.77,2,1
630.31,0.2,72.62,557.69,1,0
856.06,0.6,135.16,720.9,3,0
683.36,0.4,78.11,605.26,2,1
674.33,0.4,61.51,612.82,2,0
703.47,0.6,58.22,645.26,3,1
790.48,0.6,107.41,683.08,3,1
1143.55,1.2,189.19,954.36,6,0
785.79,0.4,112.46,673.33,2,0
495.67,0.0,53.62,442.05,0,0
891.58,0.6,185.81,705.77,3,1
694.94,0.2,144.81,550.13,1,0
835.64,0.6,152.57,683.08,3,1
1006.44,0.8,192.59,813.85,4,0
632.61,0.2,74.92,557.69,1,0
943.08,1.0,127.05,816.03,5,0
505.66,0.0,40.92,464.74,0,1
716.31,0.4,111.05,605.26,2,0
697.48,0.4,107.35,590.13,2,0
553.99,0.0,104.38,449.62,0,1
734.57,0.6,66.62,667.95,3,0
826.24,0.4,190.73,635.51,2,1
619.89,0.2,77.32,542.56,1,0
555.56,0.0,98.38,457.18,0,0
693.56,0.2,151.0,542.56,1,1
1138.86,1.4,167.19,971.67,7,1
667.4,0.4,69.7,597.69,2,0
649.56,0.2,99.43,550.13,1,0
1020.12,1.0,181.41,838.72,5,1
1260.71,1.4,273.92,986.79,7,0
750.81,0.4,122.86,627.95,2,0
887.66,0.8,141.89,745.77,4,1
784.97,0.6,109.46,675.51,3,1
811.19,0.6,135.68,675.51,3,0
1147.83,1.4,183.73,964.1,7,1
748.5,0.6,103.24,645.26,3,0
897.28,1.0,156.89,740.38,5,0
958.35,1.0,134.76,823.59,5,1
505.89,0.2,31.41,474.49,1,1
642.1,0.4,44.41,597.69,2,1
697.92,0.4,115.35,582.56,2,1
679.3,0.4,111.86,567.44,2,0
624.24,0.2,89.24,535.0,1,0
690.0,0.2,155.0,535.0,1,1
876.09,0.6,155.19,720.9,3,0
617.47,0.2,112.73,504.74,1,1
780.02,0.4,129.38,650.64,2,0
451.58,0.0,32.22,419.36,0,0
628.84,0.2,93.84,535.0,1,0
915.61,0.8,124.46,791.15,4,0
595.57,0.2,75.7,519.87,1,1
532.81,0.0,90.76,442.05,0,0
711.85,0.6,59.03,652.82,3,1
785.99,0.6,95.35,690.64,3,1
470.68,0.0,51.32,419.36,0,1
1064.78,1.2,148.24,916.54,6,0
697.21,0.4,99.51,597.69,2,1
1238.36,1.4,251.57,986.79,7,0
1039.16,0.6,295.57,743.59,3,0
576.04,0.0,103.73,472.31,0,0
639.37,0.2,96.81,542.56,1,1
1010.39,1.2,116.54,893.85,6,1
635.59,0.2,93.03,542.56,1,1
590.02,0.2,107.97,482.05,1,1
657.89,0.2,175.84,482.05,1,0
779.52,0.6,119.14,660.38,3,1
686.9,0.4,66.51,620.38,2,1
548.95,0.0,114.46,434.49,0,1
450.42,0.0,38.62,411.79,0,0
529.25,0.2,62.32,466.92,1,1
755.47,0.4,135.08,620.38,2,0
1371.49,0.8,663.54,707.95,4,1
709.66,0.4,104.41,605.26,2,0
677.2,0.2,111.95,565.26,1,0
1162.23,1.2,223.0,939.23,6,1
1142.94,0.6,520.38,622.56,3,1
1208.21,1.2,223.59,984.62,6,0
689.74,0.2,109.35,580.38,1,0
953.05,1.0,129.46,823.59,5,0
812.8,0.6,122.16,690.64,3,0
1224.06,1.4,229.7,994.36,7,0
1007.44,1.0,161.16,846.28,5,1
1216.86,1.2,292.76,924.1,6,0
961.12,0.8,162.41,798.72,4,0
712.88,0.2,155.19,557.69,1,1
546.69,0.0,81.95,464.74,0,1
791.22,0.4,163.27,627.95,2,1
863.0,0.4,280.43,582.56,2,0
927.91,0.8,136.76,791.15,4,1
1098.63,1.0,237.22,861.41,5,0
705.0,0.2,170.0,535.0,1,1
640.2,0.4,80.32,559.87,2,1
828.35,0.2,338.73,489.62,1,1
761.71,0.6,101.32,660.38,3,1
1519.44,1.6,417.0,1102.44,8,0
1092.55,1.0,246.27,846.28,5,0
810.82,0.6,105.05,705.77,3,1
1123.82,1.0,209.46,914.36,5,1
639.29,0.2,96.73,542.56,1,1
852.57,0.6,116.54,736.03,3,1
531.94,0.0,82.32,449.62,0,0
827.94,0.6,144.86,683.08,3,1
709.79,0.4,89.41,620.38,2,0
806.95,0.6,93.62,713.33,3,1
996.76,0.8,220.73,776.03,4,1
928.0,0.8,151.97,776.03,4,0
1066.93,1.0,220.65,846.28,5,1
914.49,0.8,153.59,760.9,4,1
954.32,0.8,178.3,776.03,4,1
838.02,0.6,147.38,690.64,3,0
1049.17,1.2,147.76,901.41,6,0
814.78,0.6,139.27,675.51,3,0
781.36,0.4,176.11,605.26,2,0
1068.99,1.0,237.84,831.15,5,0
1000.98,1.0,139.57,861.41,5,0
897.19,0.6,161.16,736.03,3,0
694.96,0.4,82.14,612.82,2,0
1140.39,1.4,161.16,979.23,7,1
836.77,0.6,138.57,698.21,3,1
700.43,0.2,150.3,550.13,1,0
1111.08,1.0,234.54,876.54,5,0
794.32,0.4,143.68,650.64,2,0
553.13,0.0,95.95,457.18,0,0
931.02,0.8,207.95,723.08,4,0
446.06,0.0,26.7,419.36,0,0
542.42,0.0,85.24,457.18,0,0
664.09,0.2,98.84,565.26,1,0
758.68,0.4,198.81,559.87,2,0
1097.54,1.0,228.57,868.97,5,0
912.56,0.6,168.97,743.59,3,0
538.58,0.0,73.84,464.74,0,1
782.01,0.4,169.19,612.82,2,0
523.77,0.0,59.03,464.74,0,0
875.34,0.8,129.57,745.77,4,1
831.11,0.6,155.59,675.51,3,1
699.58,0.2,126.76,572.82,1,1
692.63,0.4,79.81,612.82,2,0
828.58,0.8,135.76,692.82,4,0
741.31,0.4,136.05,605.26,2,1
549.02,0.0,91.84,457.18,0,1
757.35,0.6,81.84,675.51,3,0
643.0,0.2,100.43,542.56,1,1
794.02,0.6,110.95,683.08,3,1
511.73,0.0,77.24,434.49,0,1
1241.86,1.4,209.68,1032.18,7,0
514.75,0.0,65.14,449.62,0,0
572.81,0.2,90.76,482.05,1,1
850.67,0.4,215.16,635.51,2,1
946.91,0.8,148.19,798.72,4,0
865.92,0.8,105.03,760.9,4,0
660.07,0.2,109.95,550.13,1,1
642.9,0.2,115.46,527.44,1,0
818.99,0.4,160.78,658.21,2,0
812.63,0.4,199.81,612.82,2,0
810.75,0.6,127.68,683.08,3,1
662.08,0.2,134.65,527.44,1,0
618.66,0.2,53.41,565.26,1,1
538.62,0.0,89.0,449.62,0,1
487.0,0.0,52.51,434.49,0,1
543.5,0.2,46.32,497.18,1,1
873.15,0.8,127.38,745.77,4,1
662.68,0.2,127.68,535.0,1,0
750.08,0.6,82.14,667.95,3,1
665.78,0.2,115.65,550.13,1,0
1062.52,1.0,201.11,861.41,5,1
657.23,0.2,84.41,572.82,1,0
779.8,0.4,114.03,665.77,2,0
629.76,0.4,62.32,567.44,2,1
898.6,0.6,177.7,720.9,3,0
442.01,0.0,30.22,411.79,0,1
592.88,0.2,88.14,504.74,1,1
953.03,0.8,177.0,776.03,4,0
798.99,0.4,193.73,605.26,2,1
546.21,0.2,49.03,497.18,1,1
861.31,0.6,147.97,713.33,3,0
934.02,0.8,142.86,791.15,4,1
699.95,0.2,172.51,527.44,1,1
603.29,0.2,60.73,542.56,1,0
812.46,0.4,169.38,643.08,2,1
870.26,0.6,179.62,690.64,3,1
656.54,0.2,113.97,542.56,1,0
1038.84,1.0,169.86,868.97,5,0
951.4,0.8,220.76,730.64,4,1
822.61,0.6,184.92,637.69,3,0
1293.68,1.6,183.68,1110.0,8,0
552.04,0.0,79.73,472.31,0,1
884.78,0.6,148.76,736.03,3,1
642.05,0.2,107.05,535.0,1,0
674.55,0.4,61.73,612.82,2,0
701.48,0.2,143.78,557.69,1,1
689.02,0.2,138.89,550.13,1,1
923.22,1.0,114.76,808.46,5,1
677.53,0.2,112.27,565.26,1,0
607.43,0.2,72.43,535.0,1,0
713.53,0.2,163.41,550.13,1,0
803.7,0.6,113.05,690.64,3,1
692.07,0.2,134.38,557.69,1,1
1046.4,1.0,169.86,876.54,5,0
632.0,0.2,89.43,542.56,1,1
968.63,1.0,122.35,846.28,5,1
678.35,0.4,103.35,575.0,2,1
1030.69,1.0,184.41,846.28,5,0
512.72,0.0,63.11,449.62,0,1
732.63,0.4,119.81,612.82,2,1
607.44,0.4,40.0,567.44,2,0
783.99,0.6,93.35,690.64,3,0
598.9,0.2,79.03,519.87,1,1
485.99,0.0,81.76,404.23,0,1
790.24,0.4,139.59,650.64,2,0
1188.11,1.4,186.19,1001.92,7,0
719.82,0.2,147.0,572.82,1,1
1290.02,1.6,172.46,1117.56,8,0
917.14,0.2,397.27,519.87,1,1
723.63,0.4,103.24,620.38,2,1
787.74,0.6,74.41,713.33,3,1
546.7,0.0,104.65,442.05,0,0
1097.78,1.2,173.68,924.1,6,0
494.05,0.0,52.0,442.05,0,0
778.44,0.4,150.49,627.95,2,0
662.59,0.2,112.46,550.13,1,0
966.62,0.6,223.03,743.59,3,0
713.48,0.4,123.35,590.13,2,1
657.24,0.4,82.24,575.0,2,1
701.73,0.4,134.3,567.44,2,1
655.33,0.2,127.89,527.44,1,1
855.05,0.6,179.54,675.51,3,0
658.11,0.2,130.68,527.44,1,0
891.6,0.8,138.27,753.33,4,1
487.67,0.0,45.62,442.05,0,0
615.11,0.2,80.11,535.0,1,1
716.88,0.4,126.76,590.13,2,1
823.82,0.6,118.05,705.77,3,1
787.82,0.4,175.0,612.82,2,0
616.14,0.4,48.7,567.44,2,0
802.78,0.6,127.27,675.51,3,1
995.36,1.0,133.95,861.41,5,1
982.47,1.0,136.19,846.28,5,1
755.23,0.6,57.03,698.21,3,1
792.46,0.6,116.95,675.51,3,1
590.01,0.0,125.27,464.74,0,1
730.75,0.2,180.62,550.13,1,0
872.4,0.8,88.81,783.59,4,1
658.72,0.2,101.03,557.69,1,1
762.05,0.6,71.41,690.64,3,1
556.26,0.0,106.65,449.62,0,1
770.48,0.6,79.84,690.64,3,0
1018.61,1.0,179.89,838.72,5,0
1070.08,1.0,201.11,868.97,5,1
510.27,0.0,83.35,426.92,0,0
781.71,0.6,113.76,667.95,3,1
743.05,0.4,107.54,635.51,2,1
959.07,1.0,120.35,838.72,5,0
856.24,0.6,165.59,690.64,3,0
1115.15,1.0,215.92,899.23,5,0
726.97,0.4,144.41,582.56,2,1
808.75,0.6,125.68,683.08,3,1
827.05,0.8,111.54,715.51,4,1
1095.46,1.0,218.92,876.54,5,0
795.53,0.6,97.32,698.21,3,0
964.78,0.6,213.62,751.15,3,0
1267.27,1.6,210.22,1057.05,8,0
