"Total_Cost","Ratio_Reloc_Prod","Horiz_Cost","Vert_Cost","nReloc","non_Optimal"
271759.1,0.4787,78684.79,193074.36,718,238
562.56,0.0,60.0,502.56,0,0
1640.66,1.0,854.89,785.77,5,1
881.04,0.6,122.32,758.72,3,1
569.39,0.0,97.08,472.31,0,0
911.98,0.6,198.65,713.33,3,1
782.36,0.4,177.11,605.26,2,0
1426.55,1.4,371.68,1054.87,7,1
632.95,0.2,97.95,535.0,1,1
1018.04,0.6,304.7,713.33,3,1
738.72,0.4,133.46,605.26,2,1
1211.22,1.4,141.22,1070.0,7,1
699.17,0.4,86.35,612.82,2,1
912.74,0.8,106.46,806.28,4,1
1034.99,1.0,135.76,899.23,5,1
623.39,0.2,111.08,512.31,1,1
704.29,0.2,146.59,557.69,1,1
791.77,0.4,133.57,658.21,2,1
865.09,0.6,151.76,713.33,3,1
1127.09,1.2,165.16,961.92,6,1
1589.37,1.4,564.76,1024.62,7,1
1182.85,0.6,469.51,713.33,3,1
872.85,0.4,207.08,665.77,2,1
812.15,0.4,146.38,665.77,2,1
870.41,0.6,157.08,713.33,3,1
816.85,0.4,151.08,665.77,2,0
520.07,0.0,55.32,464.74,0,0
694.23,0.2,128.97,565.26,1,0
779.65,0.4,159.27,620.38,2,1
729.44,0.4,116.62,612.82,2,1
582.28,0.0,102.41,479.87,0,1
788.54,0.4,145.46,643.08,2,1
1079.47,0.8,386.65,692.82,4,1
651.69,0.2,86.43,565.26,1,0
1191.96,0.8,499.14,692.82,4,1
909.42,0.6,218.78,690.64,3,1
703.01,0.2,137.76,565.26,1,1
1226.72,1.0,342.62,884.1,5,1
694.33,0.2,166.89,527.44,1,0
713.53,0.2,148.27,565.26,1,0
519.78,0.0,77.73,442.05,0,1
1838.87,1.2,1005.54,833.33,6,1
620.5,0.0,148.19,472.31,0,0
1098.86,0.6,355.27,743.59,3,1
1026.94,0.6,290.92,736.03,3,0
756.7,0.4,113.62,643.08,2,1
1060.11,0.6,339.22,720.9,3,1
1569.8,0.8,831.59,738.21,4,1
557.9,0.0,78.03,479.87,0,0
750.88,0.2,185.62,565.26,1,1
592.05,0.0,157.57,434.49,0,0
941.91,0.8,158.32,783.59,4,1
1113.07,0.8,314.35,798.72,4,1
1040.19,0.6,364.68,675.51,3,0
845.1,0.4,247.41,597.69,2,0
573.88,0.2,69.14,504.74,1,1
1273.46,0.6,597.95,675.51,3,1
587.63,0.0,107.76,479.87,0,1
629.66,0.2,117.35,512.31,1,1
710.54,0.4,127.97,582.56,2,1
911.13,0.6,220.49,690.64,3,1
1517.12,0.6,879.43,637.69,3,1
460.75,0.0,18.7,442.05,0,1
438.2,0.0,26.41,411.79,0,1
1645.6,1.2,804.7,840.9,6,1
1011.8,0.6,253.08,758.72,3,1
793.16,0.4,203.03,590.13,2,1
1086.55,0.6,441.3,645.26,3,1
724.09,0.4,118.84,605.26,2,1
942.14,0.6,274.19,667.95,3,1
704.41,0.4,84.03,620.38,2,1
535.27,0.2,68.35,466.92,1,1
651.8,0.4,54.11,597.69,2,1
535.14,0.2,68.22,466.92,1,1
435.2,0.0,23.41,411.79,0,1
1051.77,0.4,454.08,597.69,2,1
1364.86,0.4,789.86,575.0,2,1
707.75,0.2,165.19,542.56,1,0
886.55,0.2,321.3,565.26,1,1
942.27,0.6,198.68,743.59,3,1
827.25,0.4,199.3,627.95,2,1
803.78,0.4,168.27,635.51,2,0
848.27,0.4,205.19,643.08,2,1
1663.58,1.2,769.73,893.85,6,1
1155.63,1.0,241.27,914.36,5,1
1190.09,1.0,275.73,914.36,5,1
573.8,0.0,109.05,464.74,0,1
544.66,0.0,79.92,464.74,0,1
733.44,0.4,113.05,620.38,2,1
863.11,0.4,235.16,627.95,2,1
1079.4,0.6,343.38,736.03,3,1
699.5,0.2,126.68,572.82,1,0
520.15,0.0,55.41,464.74,0,1
2154.89,1.4,1190.78,964.1,7,1
1325.8,1.0,381.19,944.62,5,1
539.88,0.0,75.14,464.74,0,0
1753.91,1.6,689.3,1064.62,8,1
608.15,0.0,143.41,464.74,0,1
998.28,0.6,232.0,766.28,3,0
646.99,0.2,81.73,565.26,1,1
1096.18,0.4,490.92,605.26,2,1
1274.04,1.0,367.24,906.79,5,1
534.78,0.0,92.73,442.05,0,1
922.17,0.6,216.41,705.77,3,0
1239.7,1.0,370.73,868.97,5,1
695.99,0.2,138.3,557.69,1,1
439.2,0.0,27.41,411.79,0,1
862.1,0.4,203.89,658.21,2,1
888.21,0.8,104.62,783.59,4,1
1528.4,1.2,596.73,931.67,6,1
793.49,0.4,173.11,620.38,2,1
731.93,0.6,71.54,660.38,3,0
488.49,0.0,54.0,434.49,0,1
1579.34,1.4,592.54,986.79,7,1
796.2,0.4,122.86,673.33,2,0
873.46,0.4,245.51,627.95,2,1
706.14,0.2,178.7,527.44,1,1
1078.75,0.6,380.54,698.21,3,1
1134.57,0.8,373.68,760.9,4,1
1259.02,0.6,621.32,637.69,3,1
951.41,0.6,222.95,728.46,3,1
957.17,0.6,251.41,705.77,3,1
1118.02,1.0,241.49,876.54,5,1
941.25,0.6,212.78,728.46,3,1
579.29,0.2,97.24,482.05,1,0
525.51,0.2,51.03,474.49,1,1
924.07,0.6,233.43,690.64,3,1
1729.72,1.0,951.51,778.21,5,1
924.09,0.6,203.19,720.9,3,1
652.72,0.2,95.03,557.69,1,1
567.13,0.0,109.95,457.18,0,0
448.2,0.0,36.41,411.79,0,1
850.99,0.4,192.78,658.21,2,1
799.65,0.2,264.65,535.0,1,1
988.32,0.8,265.24,723.08,4,1
581.67,0.0,124.49,457.18,0,0
599.03,0.2,64.03,535.0,1,1
1068.0,0.4,440.05,627.95,2,1
635.77,0.2,70.51,565.26,1,0
689.91,0.2,124.65,565.26,1,0
959.92,0.6,284.41,675.51,3,1
682.77,0.2,109.95,572.82,1,1
558.26,0.0,93.51,464.74,0,0
669.52,0.2,149.65,519.87,1,1
478.88,0.0,74.65,404.23,0,1
725.91,0.0,276.3,449.62,0,1
1084.94,0.6,462.38,622.56,3,1
1053.95,0.8,240.11,813.85,4,1
649.69,0.2,84.43,565.26,1,0
601.3,0.0,166.81,434.49,0,0
1550.83,1.6,433.27,1117.56,8,1
574.87,0.0,95.0,479.87,0,1
1174.12,0.6,536.43,637.69,3,1
812.24,0.4,161.59,650.64,2,1
1188.86,0.8,397.7,791.15,4,0
1485.89,0.8,777.95,707.95,4,1
1046.28,0.8,300.51,745.77,4,1
1019.73,0.4,452.3,567.44,2,1
1338.92,0.8,502.38,836.54,4,1
862.57,0.4,234.62,627.95,2,1
646.35,0.2,111.35,535.0,1,1
1451.47,1.0,605.19,846.28,5,1
1141.9,1.0,341.0,800.9,5,1
592.88,0.0,120.57,472.31,0,0
701.7,0.2,151.57,550.13,1,0
1663.92,0.8,948.41,715.51,4,1
1237.72,1.0,346.05,891.67,5,1
701.93,0.2,136.68,565.26,1,0
970.2,0.6,211.49,758.72,3,0
1180.9,1.0,274.11,906.79,5,1
828.7,0.4,185.62,643.08,2,1
1630.0,0.8,914.49,715.51,4,1
841.15,0.6,90.0,751.15,3,1
2015.07,1.2,1143.92,871.15,6,1
578.04,0.0,105.73,472.31,0,1
586.26,0.0,129.08,457.18,0,1
871.08,0.6,188.0,683.08,3,1
486.49,0.0,52.0,434.49,0,1
635.93,0.4,76.05,559.87,2,1
838.19,0.6,170.24,667.95,3,1
556.18,0.2,59.0,497.18,1,0
856.92,0.4,228.97,627.95,2,1
622.42,0.2,125.24,497.18,1,1
582.58,0.2,85.41,497.18,1,0
455.5,0.0,43.7,411.79,0,1
1118.99,0.6,473.73,645.26,3,1
1323.18,1.0,439.08,884.1,5,1
626.71,0.0,154.41,472.31,0,1
1123.31,0.8,317.03,806.28,4,1
741.21,0.6,111.08,630.13,3,1
435.9,0.0,24.11,411.79,0,1
531.61,0.0,74.43,457.18,0,1
1051.0,0.8,327.92,723.08,4,1
860.82,0.4,300.95,559.87,2,1
901.98,0.4,289.16,612.82,2,0
1281.19,0.8,520.3,760.9,4,1
1112.63,1.0,258.78,853.85,5,1
1435.23,1.0,649.46,785.77,5,1
880.81,0.4,245.3,635.51,2,1
1625.35,1.4,676.38,948.97,7,1
566.86,0.0,109.68,457.18,0,1
1468.25,0.6,800.3,667.95,3,1
709.98,0.2,137.16,572.82,1,0
1135.2,0.8,321.35,813.85,4,1
542.53,0.0,85.35,457.18,0,0
654.05,0.2,119.05,535.0,1,1
2025.68,1.4,1031.32,994.36,7,1
851.72,0.4,201.08,650.64,2,1
1148.1,0.6,457.46,690.64,3,1
1600.16,0.8,884.65,715.51,4,1
1117.47,0.8,318.76,798.72,4,1
856.74,0.6,135.84,720.9,3,1
880.14,0.2,307.32,572.82,1,1
638.6,0.2,111.16,527.44,1,1
710.83,0.4,120.7,590.13,2,1
646.48,0.2,96.35,550.13,1,0
1241.44,1.0,395.16,846.28,5,1
665.95,0.2,146.08,519.87,1,1
1041.03,0.8,265.0,776.03,4,1
901.63,0.6,195.86,705.77,3,1
1022.6,0.6,294.14,728.46,3,0
681.31,0.2,116.05,565.26,1,1
906.72,0.4,309.03,597.69,2,0
702.68,0.4,135.24,567.44,2,1
1376.95,0.6,709.0,667.95,3,1
1658.92,1.2,810.46,848.46,6,1
1090.29,0.8,306.7,783.59,4,1
1024.65,0.8,263.76,760.9,4,1
624.94,0.2,74.81,550.13,1,0
660.77,0.2,95.51,565.26,1,0
848.81,0.4,213.3,635.51,2,1
768.72,0.2,263.97,504.74,1,1
950.12,0.8,196.78,753.33,4,1
836.3,0.6,160.78,675.51,3,1
984.24,0.4,348.73,635.51,2,1
693.26,0.2,135.57,557.69,1,0
443.15,0.0,38.92,404.23,0,1
1322.99,1.2,444.27,878.72,6,1
879.95,0.6,159.05,720.9,3,1
617.92,0.2,82.92,535.0,1,1
1026.0,0.4,390.49,635.51,2,1
687.61,0.2,122.35,565.26,1,1
986.7,0.6,296.05,690.64,3,1
677.75,0.2,120.05,557.69,1,0
843.24,0.6,160.16,683.08,3,1
555.13,0.0,97.95,457.18,0,1
935.14,0.4,307.19,627.95,2,1
516.98,0.0,90.05,426.92,0,1
696.31,0.2,138.62,557.69,1,1
1000.87,0.4,433.43,567.44,2,1
897.68,0.4,277.3,620.38,2,1
571.87,0.2,52.0,519.87,1,1
656.86,0.2,106.73,550.13,1,0
601.11,0.2,66.11,535.0,1,1
658.1,0.4,60.41,597.69,2,1
783.11,0.4,155.16,627.95,2,1
685.45,0.2,127.76,557.69,1,0
448.5,0.0,36.7,411.79,0,1
739.41,0.6,79.03,660.38,3,1
610.81,0.0,176.32,434.49,0,0
900.52,0.8,139.62,760.9,4,1
1108.21,0.6,425.14,683.08,3,1
1186.74,1.0,348.03,838.72,5,1
540.86,0.0,144.19,396.67,0,0
454.01,0.0,42.22,411.79,0,1
1166.69,0.6,513.86,652.82,3,1
837.24,0.4,194.16,643.08,2,1
951.84,0.6,276.32,675.51,3,1
1522.64,1.2,598.54,924.1,6,1
1660.77,1.2,842.57,818.21,6,1
976.07,0.6,285.43,690.64,3,1
724.43,0.2,174.3,550.13,1,0
562.26,0.0,112.65,449.62,0,0
872.1,0.6,181.46,690.64,3,0
1045.42,0.8,299.65,745.77,4,1
444.5,0.0,32.7,411.79,0,1
1882.36,1.2,1049.03,833.33,6,1
903.63,0.4,283.24,620.38,2,1
887.05,0.4,251.54,635.51,2,1
841.55,0.6,120.65,720.9,3,1
1218.71,0.8,412.43,806.28,4,1
1250.75,0.6,567.68,683.08,3,1
762.27,0.4,126.76,635.51,2,0
738.43,0.4,155.86,582.56,2,1
783.36,0.4,178.11,605.26,2,0
930.62,0.6,262.68,667.95,3,1
982.91,0.8,259.84,723.08,4,1
1246.36,1.2,344.95,901.41,6,1
560.0,0.0,117.95,442.05,0,0
775.25,0.4,154.86,620.38,2,0
1072.38,0.6,343.92,728.46,3,0
935.8,0.6,237.59,698.21,3,1
656.08,0.2,128.65,527.44,1,0
841.84,0.4,274.41,567.44,2,1
1010.48,0.4,367.41,643.08,2,1
657.19,0.2,114.62,542.56,1,1
1086.07,0.4,488.38,597.69,2,1
746.25,0.4,125.86,620.38,2,1
460.56,0.0,56.32,404.23,0,1
1560.7,1.0,737.11,823.59,5,1
713.74,0.2,148.49,565.26,1,0
