"Total_Cost","Ratio_Reloc_Prod","Horiz_Cost","Vert_Cost","nReloc","non_Optimal"
230635.7,0.468,36862.52,193773.24,702,750
219.03,0.0,18.0,201.03,0,1
222.11,0.0,36.22,185.9,0,1
212.16,0.0,18.7,193.46,0,1
388.59,1.0,31.92,356.67,2,1
513.81,1.5,79.32,434.49,3,1
199.14,0.0,20.81,178.33,0,1
395.72,1.0,46.62,349.1,2,1
333.3,0.5,39.32,293.97,1,1
208.16,0.0,14.7,193.46,0,1
203.41,0.0,17.51,185.9,0,1
228.33,0.0,42.43,185.9,0,1
297.64,0.5,33.92,263.72,1,1
317.5,0.5,46.22,271.28,1,1
432.47,1.0,68.24,364.23,2,1
224.92,0.0,39.03,185.9,0,1
203.3,0.0,17.41,185.9,0,1
442.06,1.0,108.08,333.97,2,1
423.35,1.0,74.24,349.1,2,1
214.46,0.0,21.0,193.46,0,1
211.3,0.0,25.41,185.9,0,1
275.7,0.5,27.11,248.59,1,1
228.77,0.0,50.43,178.33,0,1
388.81,1.0,39.7,349.1,2,1
235.42,0.0,64.65,170.77,0,1
210.16,0.0,16.7,193.46,0,1
197.14,0.0,18.81,178.33,0,1
194.44,0.0,16.11,178.33,0,1
372.22,1.0,45.81,326.41,2,1
202.01,0.0,16.11,185.9,0,1
193.04,0.0,14.7,178.33,0,1
440.52,1.0,68.73,371.79,2,1
261.14,0.0,75.24,185.9,0,1
486.95,1.5,60.03,426.92,3,1
310.04,0.5,46.32,263.72,1,1
359.54,1.0,18.0,341.54,2,1
186.33,0.0,8.0,178.33,0,1
171.91,0.0,8.7,163.21,0,1
211.85,0.0,33.51,178.33,0,1
359.6,0.5,80.76,278.85,1,1
399.74,1.0,35.51,364.23,2,1
447.99,1.5,51.32,396.67,3,1
221.68,0.0,28.22,193.46,0,1
204.6,0.0,18.7,185.9,0,1
175.21,0.0,12.0,163.21,0,1
599.47,2.0,87.16,512.31,4,1
204.71,0.0,18.81,185.9,0,1
276.81,0.5,28.22,248.59,1,1
391.95,1.0,65.54,326.41,2,1
228.17,0.0,49.84,178.33,0,1
336.14,0.5,49.73,286.41,1,1
207.9,0.0,22.0,185.9,0,1
516.14,1.5,81.65,434.49,3,1
334.33,0.5,47.92,286.41,1,1
453.67,1.5,57.0,396.67,3,1
442.88,1.5,46.22,396.67,3,1
225.17,0.0,46.84,178.33,0,1
174.61,0.0,11.41,163.21,0,1
362.76,0.5,76.35,286.41,1,1
384.95,1.0,58.54,326.41,2,1
341.63,0.5,70.35,271.28,1,1
367.28,1.0,48.43,318.85,2,1
204.71,0.0,18.81,185.9,0,1
180.17,0.0,9.41,170.77,0,1
501.01,1.5,81.65,419.36,3,1
228.11,0.0,42.22,185.9,0,1
201.9,0.0,16.0,185.9,0,1
336.14,0.5,49.73,286.41,1,1
204.6,0.0,18.7,185.9,0,1
420.24,1.0,86.27,333.97,2,1
210.16,0.0,16.7,193.46,0,1
215.71,0.0,29.81,185.9,0,1
199.14,0.0,20.81,178.33,0,1
425.37,1.0,61.14,364.23,2,1
194.33,0.0,16.0,178.33,0,1
229.63,0.0,43.73,185.9,0,1
271.04,0.0,100.27,170.77,0,1
457.23,1.0,100.57,356.67,2,1
278.92,0.0,85.46,193.46,0,1
188.33,0.0,10.0,178.33,0,1
196.33,0.0,18.0,178.33,0,1
318.85,0.5,55.14,263.72,1,1
291.18,0.5,35.03,256.15,1,1
503.22,1.5,68.73,434.49,3,1
208.44,0.0,30.11,178.33,0,1
326.22,0.5,39.81,286.41,1,1
201.04,0.0,22.7,178.33,0,1
433.0,1.0,91.46,341.54,2,1
336.37,0.5,72.65,263.72,1,1
388.04,1.0,76.76,311.28,2,1
192.44,0.0,14.11,178.33,0,1
199.04,0.0,20.7,178.33,0,1
330.33,0.5,43.92,286.41,1,1
201.14,0.0,22.81,178.33,0,1
270.86,0.5,14.7,256.15,1,1
224.71,0.0,38.81,185.9,0,1
434.8,1.0,78.14,356.67,2,1
425.26,1.0,61.03,364.23,2,1
306.78,0.5,50.62,256.15,1,1
331.53,0.5,60.24,271.28,1,1
214.01,0.0,28.11,185.9,0,1
277.94,0.5,36.92,241.03,1,1
335.12,0.5,63.84,271.28,1,1
323.69,0.5,67.54,256.15,1,1
491.95,1.5,65.03,426.92,3,1
260.23,0.0,89.46,170.77,0,1
216.01,0.0,30.11,185.9,0,1
197.33,0.0,19.0,178.33,0,1
315.42,0.5,44.14,271.28,1,1
442.37,1.0,93.27,349.1,2,1
213.3,0.0,27.41,185.9,0,1
333.07,0.5,69.35,263.72,1,1
465.05,1.0,108.38,356.67,2,1
401.04,1.0,89.76,311.28,2,1
322.02,0.5,73.43,248.59,1,1
319.41,0.5,33.0,286.41,1,1
228.38,0.0,34.92,193.46,0,1
291.51,0.5,42.92,248.59,1,1
304.69,0.5,48.54,256.15,1,1
193.04,0.0,14.7,178.33,0,1
381.91,1.0,32.81,349.1,2,1
432.43,1.0,98.46,333.97,2,1
247.84,0.0,61.95,185.9,0,1
196.44,0.0,18.11,178.33,0,1
450.83,1.0,94.16,356.67,2,1
197.85,0.0,19.51,178.33,0,1
193.04,0.0,14.7,178.33,0,1
177.21,0.0,14.0,163.21,0,1
383.52,0.5,104.68,278.85,1,1
201.04,0.0,22.7,178.33,0,1
356.79,0.5,77.95,278.85,1,1
183.21,0.0,20.0,163.21,0,1
174.61,0.0,11.41,163.21,0,1
350.55,1.0,31.7,318.85,2,1
431.49,1.0,105.08,326.41,2,1
314.61,0.5,43.32,271.28,1,1
398.46,1.0,56.92,341.54,2,1
213.57,0.0,20.11,193.46,0,1
316.51,0.5,60.35,256.15,1,1
464.12,1.5,52.32,411.79,3,1
212.8,0.0,42.03,170.77,0,1
383.1,1.0,34.0,349.1,2,1
344.51,0.5,88.35,256.15,1,1
353.25,0.5,66.84,286.41,1,1
204.44,0.0,26.11,178.33,0,1
226.22,0.0,40.32,185.9,0,1
245.14,0.0,59.24,185.9,0,1
202.23,0.0,39.03,163.21,0,1
489.18,1.5,100.08,389.1,3,1
218.98,0.0,25.51,193.46,0,1
206.33,0.0,28.0,178.33,0,1
331.02,0.5,74.86,256.15,1,1
203.9,0.0,18.0,185.9,0,1
369.75,1.0,28.22,341.54,2,1
186.33,0.0,8.0,178.33,0,1
332.68,0.5,53.84,278.85,1,1
302.28,0.5,31.0,271.28,1,1
195.9,0.0,10.0,185.9,0,1
209.9,0.0,24.0,185.9,0,1
381.12,0.5,102.27,278.85,1,1
183.21,0.0,20.0,163.21,0,1
489.99,1.5,85.76,404.23,3,1
393.58,0.5,122.3,271.28,1,1
442.72,1.0,86.05,356.67,2,1
401.38,1.0,59.84,341.54,2,1
308.93,0.5,45.22,263.72,1,1
397.79,1.0,26.0,371.79,2,1
195.14,0.0,16.81,178.33,0,1
250.12,0.0,79.35,170.77,0,1
635.48,2.0,138.3,497.18,4,1
359.6,0.5,80.76,278.85,1,1
194.33,0.0,16.0,178.33,0,1
419.91,1.0,63.24,356.67,2,1
190.88,0.0,20.11,170.77,0,1
216.11,0.0,30.22,185.9,0,1
208.55,0.0,30.22,178.33,0,1
209.9,0.0,24.0,185.9,0,1
343.73,0.5,57.32,286.41,1,1
452.79,1.5,41.0,411.79,3,1
199.85,0.0,21.51,178.33,0,1
202.33,0.0,24.0,178.33,0,1
337.34,0.5,66.05,271.28,1,1
505.27,1.5,78.35,426.92,3,1
184.33,0.0,6.0,178.33,0,1
210.71,0.0,24.81,185.9,0,1
208.33,0.0,30.0,178.33,0,1
377.86,1.0,36.32,341.54,2,1
405.88,1.0,49.22,356.67,2,1
403.22,1.0,69.24,333.97,2,1
338.23,0.5,66.95,271.28,1,1
519.22,1.5,99.86,419.36,3,1
405.04,1.0,40.81,364.23,2,1
281.37,0.5,25.22,256.15,1,1
217.3,0.0,31.41,185.9,0,1
452.8,1.0,141.51,311.28,2,1
347.2,0.5,68.35,278.85,1,1
219.9,0.0,34.0,185.9,0,1
406.18,1.0,49.51,356.67,2,1
454.43,1.0,112.89,341.54,2,1
318.82,0.5,32.41,286.41,1,1
326.33,0.5,39.92,286.41,1,1
211.46,0.0,18.0,193.46,0,1
403.69,1.0,47.03,356.67,2,1
368.19,1.0,34.22,333.97,2,1
367.49,1.0,33.51,333.97,2,1
270.7,0.5,22.11,248.59,1,1
195.74,0.0,17.41,178.33,0,1
198.55,0.0,20.22,178.33,0,1
334.0,0.5,92.97,241.03,1,1
207.9,0.0,22.0,185.9,0,1
195.85,0.0,17.51,178.33,0,1
391.27,1.0,49.73,341.54,2,1
345.55,0.5,59.14,286.41,1,1
372.35,1.0,30.81,341.54,2,1
323.63,0.5,37.22,286.41,1,1
251.68,0.0,73.35,178.33,0,1
208.9,0.0,23.0,185.9,0,1
320.47,0.5,41.62,278.85,1,1
543.3,1.5,116.38,426.92,3,1
302.98,0.5,31.7,271.28,1,1
241.53,0.0,70.76,170.77,0,1
207.9,0.0,22.0,185.9,0,1
411.28,1.0,84.86,326.41,2,1
455.1,1.5,58.43,396.67,3,1
373.91,1.0,24.81,349.1,2,1
227.52,0.0,41.62,185.9,0,1
217.8,0.0,47.03,170.77,0,1
197.9,0.0,12.0,185.9,0,1
273.56,0.5,17.41,256.15,1,1
193.28,0.0,22.51,170.77,0,1
736.51,2.5,161.51,575.0,5,1
233.9,0.0,48.0,185.9,0,1
321.63,0.5,35.22,286.41,1,1
226.27,0.0,32.81,193.46,0,1
341.03,0.5,54.62,286.41,1,1
321.69,0.5,65.54,256.15,1,1
206.01,0.0,20.11,185.9,0,1
387.17,0.5,115.89,271.28,1,1
211.46,0.0,18.0,193.46,0,1
408.59,1.0,51.92,356.67,2,1
232.33,0.0,46.43,185.9,0,1
452.69,1.0,88.46,364.23,2,1
430.24,1.0,96.27,333.97,2,1
606.89,1.5,164.84,442.05,3,1
313.64,0.5,65.05,248.59,1,1
428.07,1.0,63.84,364.23,2,1
233.74,0.0,47.84,185.9,0,1
573.7,2.0,91.65,482.05,4,1
229.03,0.0,43.14,185.9,0,1
204.9,0.0,19.0,185.9,0,1
597.31,1.5,132.57,464.74,3,1
347.39,0.5,68.54,278.85,1,1
229.03,0.0,28.0,201.03,0,1
361.87,0.5,75.46,286.41,1,1
194.33,0.0,16.0,178.33,0,1
556.02,1.5,113.97,442.05,3,1
194.33,0.0,16.0,178.33,0,1
614.06,2.0,101.76,512.31,4,1
325.12,0.5,53.84,271.28,1,1
447.61,1.5,35.81,411.79,3,1
223.46,0.0,30.0,193.46,0,1
218.2,0.0,47.43,170.77,0,1
202.39,0.0,31.62,170.77,0,1
174.61,0.0,11.41,163.21,0,1
250.65,0.0,64.76,185.9,0,1
416.88,1.0,60.22,356.67,2,1
217.46,0.0,24.0,193.46,0,1
541.86,2.0,59.81,482.05,4,1
319.21,0.5,63.05,256.15,1,1
304.04,0.0,125.7,178.33,0,1
468.2,1.0,103.97,364.23,2,1
427.81,1.0,86.27,341.54,2,1
257.09,0.0,78.76,178.33,0,1
227.73,0.0,26.7,201.03,0,1
355.79,0.5,76.95,278.85,1,1
406.23,1.0,42.0,364.23,2,1
202.14,0.0,23.81,178.33,0,1
242.03,0.0,56.14,185.9,0,1
302.04,0.5,38.32,263.72,1,1
193.74,0.0,15.41,178.33,0,1
202.33,0.0,24.0,178.33,0,1
333.21,0.5,77.05,256.15,1,1
206.9,0.0,21.0,185.9,0,1
198.33,0.0,20.0,178.33,0,1
177.21,0.0,14.0,163.21,0,1
361.36,0.5,74.95,286.41,1,1
223.84,0.0,22.81,201.03,0,1
342.77,0.5,79.05,263.72,1,1
437.21,1.0,95.68,341.54,2,1
291.12,0.5,27.41,263.72,1,1
192.33,0.0,14.0,178.33,0,1
205.04,0.0,26.7,178.33,0,1
204.33,0.0,26.0,178.33,0,1
249.14,0.0,63.24,185.9,0,1
384.46,1.0,42.92,341.54,2,1
278.67,0.5,22.51,256.15,1,1
171.21,0.0,8.0,163.21,0,1
299.86,0.5,58.84,241.03,1,1
194.99,0.0,24.22,170.77,0,1
418.3,1.0,76.76,341.54,2,1
213.9,0.0,28.0,185.9,0,1
346.73,0.5,60.32,286.41,1,1
247.84,0.0,61.95,185.9,0,1
429.11,1.0,87.57,341.54,2,1
254.34,0.0,83.57,170.77,0,1
245.14,0.0,59.24,185.9,0,1
322.64,0.5,74.05,248.59,1,1
196.14,0.0,17.81,178.33,0,1
171.21,0.0,8.0,163.21,0,1
205.04,0.0,26.7,178.33,0,1
353.58,0.5,89.86,263.72,1,1
237.53,0.0,66.76,170.77,0,1
188.77,0.0,18.0,170.77,0,1
322.52,0.5,36.11,286.41,1,1
602.24,2.0,120.19,482.05,4,1
282.26,0.5,26.11,256.15,1,1
379.32,1.0,30.22,349.1,2,1
333.21,0.5,77.05,256.15,1,1
184.33,0.0,6.0,178.33,0,1
334.28,0.5,55.43,278.85,1,1
235.08,0.0,41.62,193.46,0,1
238.49,0.0,45.03,193.46,0,1
212.71,0.0,26.81,185.9,0,1
639.61,2.5,94.86,544.74,5,1
299.78,0.5,43.62,256.15,1,1
248.29,0.0,85.08,163.21,0,1
226.54,0.0,25.51,201.03,0,1
186.33,0.0,8.0,178.33,0,1
388.37,1.0,31.7,356.67,2,1
189.74,0.0,11.41,178.33,0,1
195.44,0.0,17.11,178.33,0,1
258.41,0.0,64.95,193.46,0,1
373.33,1.0,46.92,326.41,2,1
393.43,1.0,44.32,349.1,2,1
323.8,0.5,52.51,271.28,1,1
314.99,0.5,58.84,256.15,1,1
179.21,0.0,16.0,163.21,0,1
369.07,1.0,65.35,303.72,2,1
318.15,0.5,54.43,263.72,1,1
197.3,0.0,11.41,185.9,0,1
202.17,0.0,31.41,170.77,0,1
227.87,0.0,49.54,178.33,0,1
558.58,1.0,194.35,364.23,2,1
270.17,0.0,84.27,185.9,0,1
258.06,0.0,72.16,185.9,0,1
298.41,0.5,12.0,286.41,1,1
212.36,0.0,34.03,178.33,0,1
192.33,0.0,14.0,178.33,0,1
459.15,1.0,87.35,371.79,2,1
289.12,0.5,25.41,263.72,1,1
322.4,0.5,66.24,256.15,1,1
291.83,0.5,28.11,263.72,1,1
351.18,0.5,87.46,263.72,1,1
432.16,1.0,83.05,349.1,2,1
357.25,0.5,70.84,286.41,1,1
489.04,1.5,77.24,411.79,3,1
250.65,0.0,64.76,185.9,0,1
343.79,0.5,64.95,278.85,1,1
217.46,0.0,24.0,193.46,0,1
320.41,0.5,34.0,286.41,1,1
315.17,0.5,36.32,278.85,1,1
347.6,0.5,68.76,278.85,1,1
431.03,1.0,97.05,333.97,2,1
202.6,0.0,16.7,185.9,0,1
606.08,1.5,164.03,442.05,3,1
266.11,0.0,72.65,193.46,0,1
401.32,1.0,52.22,349.1,2,1
207.9,0.0,22.0,185.9,0,1
175.21,0.0,12.0,163.21,0,1
359.69,0.5,95.97,263.72,1,1
460.84,1.0,119.3,341.54,2,1
450.26,1.5,46.03,404.23,3,1
304.85,0.5,26.0,278.85,1,1
425.69,1.0,69.03,356.67,2,1
200.6,0.0,14.7,185.9,0,1
406.45,1.0,42.22,364.23,2,1
192.44,0.0,14.11,178.33,0,1
195.74,0.0,17.41,178.33,0,1
464.37,1.5,60.14,404.23,3,1
347.84,0.5,61.43,286.41,1,1
212.01,0.0,26.11,185.9,0,1
470.77,1.5,66.54,404.23,3,1
214.06,0.0,35.73,178.33,0,1
191.04,0.0,12.7,178.33,0,1
242.54,0.0,41.51,201.03,0,1
211.95,0.0,33.62,178.33,0,1
197.85,0.0,19.51,178.33,0,1
313.64,0.5,65.05,248.59,1,1
510.97,1.5,68.92,442.05,3,1
202.6,0.0,16.7,185.9,0,1
567.37,1.5,163.14,404.23,3,1
338.84,0.5,52.43,286.41,1,1
570.22,1.5,143.3,426.92,3,1
211.57,0.0,18.11,193.46,0,1
289.83,0.5,26.11,263.72,1,1
242.98,0.0,64.65,178.33,0,1
295.78,0.5,39.62,256.15,1,1
390.36,1.0,63.95,326.41,2,1
285.3,0.5,51.84,233.46,1,1
249.63,0.0,78.86,170.77,0,1
185.47,0.0,14.7,170.77,0,1
209.11,0.0,23.22,185.9,0,1
186.33,0.0,8.0,178.33,0,1
333.33,0.5,46.92,286.41,1,1
242.54,0.0,41.51,201.03,0,1
403.38,1.0,61.84,341.54,2,1
519.09,1.5,92.16,426.92,3,1
322.26,0.5,58.54,263.72,1,1
280.26,0.5,24.11,256.15,1,1
345.68,0.5,66.84,278.85,1,1
229.92,0.0,44.03,185.9,0,1
477.63,1.5,65.84,411.79,3,1
331.63,0.5,45.22,286.41,1,1
254.5,0.0,76.16,178.33,0,1
324.05,0.5,75.46,248.59,1,1
321.96,0.5,58.24,263.72,1,1
365.76,0.5,79.35,286.41,1,1
392.83,1.0,43.73,349.1,2,1
211.41,0.0,25.51,185.9,0,1
255.89,0.0,62.43,193.46,0,1
195.74,0.0,17.41,178.33,0,1
576.26,2.0,71.51,504.74,4,1
527.11,1.5,85.05,442.05,3,1
319.01,0.5,47.73,271.28,1,1
314.41,0.5,28.0,286.41,1,1
222.87,0.0,29.41,193.46,0,1
245.14,0.0,59.24,185.9,0,1
181.21,0.0,18.0,163.21,0,1
184.77,0.0,14.0,170.77,0,1
363.54,1.0,22.0,341.54,2,1
199.74,0.0,21.41,178.33,0,1
364.26,0.5,92.97,271.28,1,1
376.5,0.5,112.78,263.72,1,1
280.3,0.5,46.84,233.46,1,1
484.14,1.5,57.22,426.92,3,1
605.77,2.0,93.46,512.31,4,1
399.53,1.0,50.43,349.1,2,1
359.22,0.5,65.24,293.97,1,1
402.67,1.0,61.14,341.54,2,1
214.98,0.0,21.51,193.46,0,1
334.28,0.5,55.43,278.85,1,1
208.6,0.0,22.7,185.9,0,1
324.92,0.5,38.51,286.41,1,1
206.33,0.0,28.0,178.33,0,1
363.87,1.0,45.03,318.85,2,1
217.41,0.0,31.51,185.9,0,1
332.03,0.5,45.62,286.41,1,1
180.02,0.0,16.81,163.21,0,1
198.33,0.0,20.0,178.33,0,1
395.18,1.0,38.51,356.67,2,1
202.33,0.0,24.0,178.33,0,1
417.0,1.0,75.46,341.54,2,1
299.18,0.5,43.03,256.15,1,1
422.93,1.0,58.7,364.23,2,1
351.95,0.5,65.54,286.41,1,1
208.55,0.0,30.22,178.33,0,1
216.71,0.0,30.81,185.9,0,1
320.94,0.5,72.35,248.59,1,1
179.21,0.0,16.0,163.21,0,1
320.8,0.5,64.65,256.15,1,1
596.34,2.0,99.16,497.18,4,1
397.79,1.0,26.0,371.79,2,1
264.81,0.0,71.35,193.46,0,1
392.48,1.0,35.81,356.67,2,1
194.33,0.0,16.0,178.33,0,1
455.8,1.0,91.57,364.23,2,1
243.6,0.0,50.14,193.46,0,1
335.73,0.5,49.32,286.41,1,1
197.04,0.0,18.7,178.33,0,1
329.33,0.5,42.92,286.41,1,1
202.33,0.0,24.0,178.33,0,1
207.3,0.0,21.41,185.9,0,1
180.77,0.0,10.0,170.77,0,1
177.21,0.0,14.0,163.21,0,1
200.74,0.0,22.41,178.33,0,1
270.15,0.5,14.0,256.15,1,1
171.21,0.0,8.0,163.21,0,1
342.63,0.5,71.35,271.28,1,1
355.6,0.5,76.76,278.85,1,1
614.53,2.0,109.78,504.74,4,1
419.12,1.0,100.27,318.85,2,1
225.46,0.0,32.0,193.46,0,1
421.61,1.0,64.95,356.67,2,1
208.16,0.0,14.7,193.46,0,1
207.14,0.0,28.81,178.33,0,1
437.34,1.5,33.11,404.23,3,1
416.3,1.0,74.76,341.54,2,1
298.04,0.5,34.32,263.72,1,1
310.15,0.5,46.43,263.72,1,1
528.36,1.5,116.57,411.79,3,1
394.99,1.0,38.32,356.67,2,1
224.82,0.0,38.92,185.9,0,1
407.48,1.0,65.95,341.54,2,1
202.6,0.0,16.7,185.9,0,1
347.34,0.5,76.05,271.28,1,1
215.28,0.0,44.51,170.77,0,1
199.9,0.0,14.0,185.9,0,1
211.9,0.0,26.0,185.9,0,1
183.21,0.0,20.0,163.21,0,1
357.71,1.0,46.43,311.28,2,1
201.8,0.0,31.03,170.77,0,1
185.58,0.0,14.81,170.77,0,1
335.98,1.0,24.7,311.28,2,1
379.16,1.0,37.62,341.54,2,1
217.25,0.0,38.92,178.33,0,1
250.55,0.0,64.65,185.9,0,1
318.1,0.5,61.95,256.15,1,1
610.35,2.0,128.3,482.05,4,1
587.91,1.5,138.3,449.62,3,1
247.3,0.0,53.84,193.46,0,1
232.46,0.0,39.0,193.46,0,1
211.9,0.0,26.0,185.9,0,1
235.03,0.0,34.0,201.03,0,1
183.21,0.0,20.0,163.21,0,1
213.41,0.0,27.51,185.9,0,1
193.04,0.0,14.7,178.33,0,1
198.88,0.0,28.11,170.77,0,1
192.77,0.0,22.0,170.77,0,1
331.63,0.5,45.22,286.41,1,1
200.33,0.0,22.0,178.33,0,1
181.21,0.0,18.0,163.21,0,1
688.57,2.5,113.57,575.0,5,1
221.24,0.0,20.22,201.03,0,1
381.47,1.0,62.62,318.85,2,1
282.21,0.5,33.62,248.59,1,1
184.33,0.0,6.0,178.33,0,1
174.61,0.0,11.41,163.21,0,1
291.83,0.5,28.11,263.72,1,1
229.03,0.0,43.14,185.9,0,1
292.72,0.5,29.0,263.72,1,1
372.57,0.5,86.16,286.41,1,1
250.5,0.0,72.16,178.33,0,1
195.74,0.0,17.41,178.33,0,1
177.21,0.0,14.0,163.21,0,1
196.99,0.0,26.22,170.77,0,1
178.91,0.0,15.7,163.21,0,1
207.74,0.0,29.41,178.33,0,1
244.98,0.0,66.65,178.33,0,1
226.22,0.0,40.32,185.9,0,1
183.21,0.0,20.0,163.21,0,1
184.31,0.0,21.11,163.21,0,1
592.96,2.5,48.22,544.74,5,1
317.26,0.5,53.54,263.72,1,1
408.62,1.0,74.65,333.97,2,1
442.63,1.0,70.84,371.79,2,1
217.9,0.0,32.0,185.9,0,1
452.42,1.5,40.62,411.79,3,1
409.69,1.0,53.03,356.67,2,1
194.33,0.0,16.0,178.33,0,1
449.42,1.0,92.76,356.67,2,1
365.41,0.5,86.57,278.85,1,1
220.98,0.0,27.51,193.46,0,1
322.96,0.5,59.24,263.72,1,1
511.71,1.5,92.35,419.36,3,1
364.39,0.5,100.68,263.72,1,1
420.21,1.0,63.54,356.67,2,1
214.41,0.0,28.51,185.9,0,1
231.63,0.0,45.73,185.9,0,1
177.31,0.0,14.11,163.21,0,1
208.33,0.0,30.0,178.33,0,1
351.44,0.5,80.16,271.28,1,1
203.9,0.0,18.0,185.9,0,1
250.44,0.0,64.54,185.9,0,1
430.22,1.0,111.38,318.85,2,1
182.77,0.0,12.0,170.77,0,1
436.04,1.5,31.81,404.23,3,1
338.73,0.5,52.32,286.41,1,1
304.93,0.5,41.22,263.72,1,1
389.11,1.0,55.14,333.97,2,1
199.46,0.0,6.0,193.46,0,1
171.21,0.0,8.0,163.21,0,1
276.15,0.5,20.0,256.15,1,1
291.12,0.0,112.78,178.33,0,1
396.67,1.0,40.0,356.67,2,1
304.02,0.5,55.43,248.59,1,1
207.9,0.0,22.0,185.9,0,1
361.54,1.0,20.0,341.54,2,1
365.97,1.0,32.0,333.97,2,1
222.92,0.0,37.03,185.9,0,1
233.63,0.0,47.73,185.9,0,1
223.42,0.0,52.65,170.77,0,1
211.9,0.0,26.0,185.9,0,1
204.85,0.0,26.51,178.33,0,1
385.68,0.5,99.27,286.41,1,1
209.25,0.0,30.92,178.33,0,1
406.51,1.0,72.54,333.97,2,1
347.55,1.0,28.7,318.85,2,1
229.38,0.0,35.92,193.46,0,1
409.99,1.0,53.32,356.67,2,1
389.34,1.0,78.05,311.28,2,1
177.31,0.0,14.11,163.21,0,1
524.17,1.5,112.38,411.79,3,1
352.74,0.5,81.46,271.28,1,1
226.01,0.0,55.24,170.77,0,1
351.95,0.5,65.54,286.41,1,1
206.33,0.0,28.0,178.33,0,1
324.92,0.5,38.51,286.41,1,1
286.96,0.5,30.81,256.15,1,1
443.16,1.0,109.19,333.97,2,1
211.46,0.0,18.0,193.46,0,1
199.14,0.0,20.81,178.33,0,1
203.58,0.0,32.81,170.77,0,1
176.21,0.0,13.0,163.21,0,1
372.28,0.5,85.86,286.41,1,1
213.9,0.0,28.0,185.9,0,1
247.14,0.0,61.24,185.9,0,1
326.41,0.5,40.0,286.41,1,1
181.21,0.0,18.0,163.21,0,1
174.61,0.0,11.41,163.21,0,1
411.48,1.0,69.95,341.54,2,1
223.9,0.0,38.0,185.9,0,1
257.46,0.5,24.0,233.46,1,1
668.98,2.5,116.68,552.31,5,1
343.68,0.5,49.7,293.97,1,1
215.16,0.0,21.7,193.46,0,1
314.13,0.5,65.54,248.59,1,1
392.57,1.0,51.03,341.54,2,1
202.33,0.0,24.0,178.33,0,1
210.33,0.0,32.0,178.33,0,1
284.66,0.0,113.89,170.77,0,1
421.0,1.0,79.46,341.54,2,1
211.95,0.0,33.62,178.33,0,1
169.21,0.0,6.0,163.21,0,1
350.77,0.5,87.05,263.72,1,1
206.33,0.0,28.0,178.33,0,1
484.11,1.5,49.62,434.49,3,1
476.21,1.5,79.54,396.67,3,1
301.91,0.5,53.32,248.59,1,1
399.69,1.0,43.03,356.67,2,1
484.73,1.5,57.81,426.92,3,1
356.39,0.5,92.68,263.72,1,1
184.77,0.0,14.0,170.77,0,1
449.23,1.0,145.51,303.72,2,1
482.17,1.0,110.38,371.79,2,1
359.11,0.5,65.14,293.97,1,1
218.87,0.0,25.41,193.46,0,1
451.15,1.0,79.35,371.79,2,1
194.33,0.0,16.0,178.33,0,1
186.77,0.0,16.0,170.77,0,1
477.26,1.5,73.03,404.23,3,1
234.01,0.0,63.24,170.77,0,1
307.08,0.5,66.05,241.03,1,1
315.98,0.5,44.7,271.28,1,1
324.17,0.5,45.32,278.85,1,1
226.16,0.0,32.7,193.46,0,1
369.01,0.5,90.16,278.85,1,1
269.46,0.5,36.0,233.46,1,1
397.37,1.0,40.7,356.67,2,1
370.24,1.0,28.7,341.54,2,1
455.41,1.0,129.0,326.41,2,1
434.81,1.0,93.27,341.54,2,1
332.79,0.5,38.81,293.97,1,1
310.36,0.5,31.51,278.85,1,1
246.07,0.0,82.86,163.21,0,1
184.33,0.0,6.0,178.33,0,1
190.74,0.0,12.41,178.33,0,1
390.02,1.0,40.92,349.1,2,1
194.33,0.0,16.0,178.33,0,1
290.67,0.5,34.51,256.15,1,1
190.33,0.0,12.0,178.33,0,1
391.65,1.0,65.24,326.41,2,1
376.67,1.0,20.0,356.67,2,1
194.33,0.0,16.0,178.33,0,1
311.72,0.5,63.14,248.59,1,1
202.33,0.0,24.0,178.33,0,1
181.21,0.0,18.0,163.21,0,1
452.69,1.0,88.46,364.23,2,1
213.03,0.0,12.0,201.03,0,1
215.46,0.0,22.0,193.46,0,1
212.6,0.0,26.7,185.9,0,1
312.41,0.5,26.0,286.41,1,1
331.77,0.5,52.92,278.85,1,1
421.75,1.0,72.65,349.1,2,1
322.21,0.5,66.05,256.15,1,1
227.63,0.0,41.73,185.9,0,1
241.03,0.0,55.14,185.9,0,1
581.6,1.5,147.11,434.49,3,1
265.31,0.0,86.97,178.33,0,1
219.46,0.0,26.0,193.46,0,1
361.85,0.5,90.57,271.28,1,1
369.46,0.5,83.05,286.41,1,1
181.21,0.0,18.0,163.21,0,1
341.23,0.5,69.95,271.28,1,1
208.9,0.0,23.0,185.9,0,1
274.06,0.0,88.16,185.9,0,1
459.15,1.0,87.35,371.79,2,1
208.55,0.0,30.22,178.33,0,1
543.41,1.5,116.49,426.92,3,1
242.44,0.0,56.54,185.9,0,1
208.3,0.0,22.41,185.9,0,1
332.92,0.5,46.51,286.41,1,1
316.9,0.5,45.62,271.28,1,1
203.9,0.0,18.0,185.9,0,1
337.87,0.5,59.03,278.85,1,1
277.67,0.0,76.65,201.03,0,1
312.04,0.5,48.32,263.72,1,1
175.21,0.0,12.0,163.21,0,1
177.91,0.0,14.7,163.21,0,1
239.63,0.0,53.73,185.9,0,1
354.36,1.0,35.51,318.85,2,1
302.18,0.5,46.03,256.15,1,1
205.46,0.0,12.0,193.46,0,1
297.78,0.5,41.62,256.15,1,1
569.92,1.5,143.0,426.92,3,1
275.47,0.0,89.57,185.9,0,1
202.33,0.0,24.0,178.33,0,1
411.59,1.0,70.05,341.54,2,1
221.36,0.0,43.03,178.33,0,1
224.11,0.0,38.22,185.9,0,1
283.56,0.5,27.41,256.15,1,1
211.9,0.0,26.0,185.9,0,1
369.65,1.0,28.11,341.54,2,1
213.14,0.0,34.81,178.33,0,1
529.09,1.5,102.16,426.92,3,1
311.34,0.5,47.62,263.72,1,1
321.47,0.5,42.62,278.85,1,1
432.19,1.0,105.78,326.41,2,1
471.79,1.0,92.43,379.36,2,1
351.38,0.5,57.41,293.97,1,1
248.19,0.0,54.73,193.46,0,1
423.4,1.0,66.73,356.67,2,1
463.53,1.0,106.86,356.67,2,1
350.11,0.5,56.14,293.97,1,1
210.46,0.0,17.0,193.46,0,1
317.04,0.5,53.32,263.72,1,1
205.6,0.0,19.7,185.9,0,1
572.75,1.5,115.57,457.18,3,1
544.26,1.5,94.65,449.62,3,1
228.13,0.0,27.11,201.03,0,1
502.73,1.5,121.19,381.54,3,1
214.46,0.0,21.0,193.46,0,1
230.47,0.0,52.14,178.33,0,1
451.85,1.5,47.62,404.23,3,1
342.45,0.5,93.86,248.59,1,1
322.63,0.5,36.22,286.41,1,1
213.46,0.0,20.0,193.46,0,1
334.33,0.5,47.92,286.41,1,1
488.74,1.5,76.95,411.79,3,1
447.06,1.5,27.7,419.36,3,1
271.52,0.0,78.05,193.46,0,1
343.18,0.5,79.46,263.72,1,1
309.67,0.5,68.65,241.03,1,1
169.21,0.0,6.0,163.21,0,1
200.71,0.0,14.81,185.9,0,1
331.92,0.5,45.51,286.41,1,1
183.21,0.0,20.0,163.21,0,1
406.24,1.0,57.14,349.1,2,1
418.1,1.0,61.43,356.67,2,1
186.33,0.0,8.0,178.33,0,1
525.19,1.5,98.27,426.92,3,1
334.4,0.5,93.38,241.03,1,1
