"Total_Cost","Ratio_Reloc_Prod","Horiz_Cost","Vert_Cost","nReloc","non_Optimal"
229449.5,0.49,33350.29,196099.25,735,150
1612.72,0.4,319.0,1293.72,4,1
1870.05,0.7,305.05,1565.0,7,1
1153.47,0.1,93.22,1060.26,1,1
1459.43,0.4,241.35,1218.08,4,1
1446.05,0.3,267.97,1178.08,3,1
2010.43,1.0,264.92,1745.51,10,1
1200.95,0.2,130.95,1070.0,2,1
1609.57,0.5,253.16,1356.41,5,1
1752.09,0.7,262.73,1489.36,7,1
1446.01,0.4,190.11,1255.9,4,1
1698.41,0.6,309.57,1388.85,6,1
1738.09,0.6,235.78,1502.31,6,1
1539.38,0.4,275.92,1263.46,4,1
1530.55,0.5,242.22,1288.33,5,1
1362.31,0.3,229.62,1132.69,3,1
912.45,0.0,73.73,838.72,0,1
1487.1,0.4,193.38,1293.72,4,1
1336.04,0.3,195.78,1140.26,3,1
1649.1,0.7,182.43,1466.67,7,1
1509.57,0.5,206.11,1303.46,5,1
1464.02,0.5,145.43,1318.59,5,1
1242.8,0.3,110.11,1132.69,3,1
1159.97,0.2,150.49,1009.49,2,1
1387.61,0.4,161.97,1225.64,4,1
1709.8,0.7,243.14,1466.67,7,1
1215.95,0.1,193.51,1022.44,1,1
1406.78,0.4,188.7,1218.08,4,1
1451.15,0.4,225.51,1225.64,4,1
1700.22,0.7,210.86,1489.36,7,1
1354.64,0.4,136.57,1218.08,4,1
1436.75,0.3,243.54,1193.21,3,1
1792.19,0.7,348.22,1443.97,7,1
1653.49,0.6,264.65,1388.85,6,1
1641.35,0.6,297.89,1343.46,6,1
1336.58,0.3,188.76,1147.82,3,1
1470.86,0.5,159.84,1311.03,5,1
1422.27,0.4,204.19,1218.08,4,1
1306.29,0.2,213.59,1092.69,2,1
1768.07,0.6,326.27,1441.79,6,1
1323.77,0.4,135.95,1187.82,4,1
1886.86,0.8,319.68,1567.18,8,1
1590.83,0.4,297.11,1293.72,4,1
1567.08,0.4,288.49,1278.59,4,1
1902.33,0.8,365.41,1536.92,8,1
1318.09,0.2,202.7,1115.38,2,1
1293.53,0.3,153.27,1140.26,3,1
1521.91,0.5,256.27,1265.64,5,1
1854.1,0.7,379.86,1474.23,7,1
1857.64,0.8,290.46,1567.18,8,1
1080.43,0.1,110.95,969.49,1,1
1361.52,0.4,173.7,1187.82,4,1
1439.63,0.5,143.73,1295.9,5,1
1359.0,0.3,188.49,1170.51,3,1
1688.39,0.7,259.54,1428.85,7,1
1501.68,0.4,253.35,1248.33,4,1
1259.96,0.2,152.14,1107.82,2,1
1904.39,1.0,234.51,1669.87,10,1
1429.89,0.4,158.86,1271.03,4,1
1629.16,0.5,257.62,1371.54,5,1
1475.71,0.4,219.81,1255.9,4,1
1345.0,0.4,142.05,1202.95,4,1
1361.89,0.4,151.38,1210.51,4,1
1143.94,0.1,166.89,977.05,1,1
1552.13,0.5,233.54,1318.59,5,1
2025.17,1.0,302.35,1722.82,10,1
1402.83,0.4,177.19,1225.64,4,1
1637.47,0.6,263.76,1373.72,6,1
1979.98,0.9,350.11,1629.87,9,1
1409.25,0.3,185.78,1223.46,3,1
1840.13,0.8,272.95,1567.18,8,1
1358.71,0.3,203.32,1155.38,3,1
1442.91,0.4,224.84,1218.08,4,1
1121.76,0.1,152.27,969.49,1,1
1389.82,0.3,234.43,1155.38,3,1
1520.06,0.5,216.59,1303.46,5,1
1682.65,0.6,278.68,1403.97,6,1
1559.81,0.5,188.27,1371.54,5,1
1696.54,0.6,239.62,1456.92,6,1
1563.93,0.5,215.08,1348.85,5,1
1851.07,0.7,323.89,1527.18,7,1
1376.02,0.4,157.95,1218.08,4,1
1548.74,0.5,215.03,1333.72,5,1
1438.93,0.4,190.59,1248.33,4,1
1259.94,0.3,127.24,1132.69,3,1
1419.29,0.4,193.65,1225.64,4,1
1685.4,0.7,233.86,1451.54,7,1
1422.52,0.3,214.19,1208.33,3,1
1310.37,0.3,177.68,1132.69,3,1
1682.4,0.7,223.3,1459.1,7,1
1352.98,0.4,165.16,1187.82,4,1
1804.0,0.9,227.08,1576.92,9,1
1325.97,0.3,208.41,1117.56,3,1
1406.22,0.3,235.7,1170.51,3,1
2454.56,1.3,452.89,2001.67,13,1
1440.01,0.2,339.76,1100.26,2,1
1757.77,0.7,283.54,1474.23,7,1
1345.34,0.3,152.14,1193.21,3,1
1593.77,0.6,212.49,1381.28,6,1
1552.4,0.6,193.81,1358.59,6,1
1264.65,0.3,154.65,1110.0,3,1
1287.88,0.3,162.76,1125.13,3,1
1309.55,0.3,169.3,1140.26,3,1
1082.25,0.1,135.46,946.79,1,1
1247.57,0.2,177.57,1070.0,2,1
1708.09,0.7,226.3,1481.79,7,1
1627.02,0.7,213.3,1413.72,7,1
1787.27,0.8,235.22,1552.05,8,1
1386.08,0.5,135.57,1250.51,5,1
1293.58,0.4,113.32,1180.26,4,1
2191.69,1.1,375.92,1815.77,11,1
1621.34,0.6,194.68,1426.67,6,1
1270.6,0.2,215.73,1054.87,2,1
1633.61,0.7,212.32,1421.28,7,1
1386.99,0.3,261.86,1125.13,3,1
1834.31,0.8,267.14,1567.18,8,1
1475.74,0.4,227.41,1248.33,4,1
2062.83,1.0,309.76,1753.08,10,1
1600.53,0.5,266.81,1333.72,5,1
1707.16,0.7,248.05,1459.1,7,1
1664.67,0.6,253.14,1411.54,6,1
1564.26,0.5,230.54,1333.72,5,1
1795.7,0.7,283.65,1512.05,7,1
1361.67,0.3,176.03,1185.64,3,1
1558.32,0.5,239.73,1318.59,5,1
1672.2,0.5,330.92,1341.28,5,1
1510.76,0.4,254.86,1255.9,4,1
1565.79,0.5,209.38,1356.41,5,1
1709.96,0.7,243.3,1466.67,7,1
1455.4,0.4,237.32,1218.08,4,1
1375.85,0.3,228.03,1147.82,3,1
1227.5,0.2,195.32,1032.18,2,1
1794.94,0.8,235.32,1559.62,8,1
1291.67,0.3,158.97,1132.69,3,1
1618.06,0.6,282.16,1335.9,6,1
2084.79,1.2,266.84,1817.95,12,1
1465.89,0.3,295.38,1170.51,3,1
1351.09,0.3,142.76,1208.33,3,1
1817.19,0.8,265.14,1552.05,8,1
1680.27,0.7,175.78,1504.49,7,1
2034.03,1.0,288.51,1745.51,10,1
2098.6,1.1,267.7,1830.9,11,1
1535.34,0.5,209.19,1326.15,5,1
1625.34,0.6,251.62,1373.72,6,1
967.51,0.0,98.54,868.97,0,1
1387.72,0.3,202.08,1185.64,3,1
1475.41,0.5,187.08,1288.33,5,1
1665.85,0.6,284.57,1381.28,6,1
1038.56,0.1,99.32,939.23,1,1
1399.13,0.3,213.49,1185.64,3,1
1325.15,0.3,184.89,1140.26,3,1
