"Total_Cost","Ratio_Reloc_Prod","Horiz_Cost","Vert_Cost","nReloc","non_Optimal"
267368.93,0.506,71890.62,195478.36,759,246
1190.41,0.6,575.41,615.0,3,1
552.96,0.0,80.65,472.31,0,0
576.4,0.0,73.84,502.56,0,0
708.36,0.2,135.54,572.82,1,1
591.94,0.0,134.76,457.18,0,0
829.42,0.6,138.78,690.64,3,1
681.25,0.4,68.43,612.82,2,1
538.09,0.0,73.35,464.74,0,0
1020.47,1.0,174.19,846.28,5,1
819.8,0.6,129.16,690.64,3,1
827.63,0.6,106.73,720.9,3,1
823.09,0.6,109.76,713.33,3,1
967.23,0.4,354.41,612.82,2,1
874.27,0.6,130.68,743.59,3,1
1248.84,1.4,193.97,1054.87,7,1
689.17,0.2,116.35,572.82,1,1
519.07,0.0,54.32,464.74,0,0
718.41,0.4,98.03,620.38,2,1
983.03,1.0,121.62,861.41,5,1
531.13,0.0,81.51,449.62,0,1
537.85,0.0,73.11,464.74,0,0
1182.31,0.8,368.46,813.85,4,1
950.48,0.6,259.84,690.64,3,1
1183.28,1.0,321.86,861.41,5,1
815.0,0.6,147.05,667.95,3,1
1136.09,0.8,329.81,806.28,4,1
1225.28,0.6,580.03,645.26,3,1
1384.06,0.8,691.24,692.82,4,1
595.03,0.0,115.16,479.87,0,0
672.39,0.2,107.14,565.26,1,0
699.93,0.2,134.68,565.26,1,0
755.77,0.2,190.51,565.26,1,1
640.28,0.2,75.03,565.26,1,1
822.04,0.4,156.27,665.77,2,0
806.5,0.6,100.73,705.77,3,1
1001.78,0.6,318.7,683.08,3,1
660.91,0.2,103.22,557.69,1,0
487.7,0.0,53.22,434.49,0,1
511.36,0.0,99.57,411.79,0,1
677.91,0.2,112.65,565.26,1,0
567.13,0.0,117.51,449.62,0,1
1707.29,1.8,595.11,1112.18,9,1
653.33,0.0,165.89,487.44,0,1
681.39,0.2,116.14,565.26,1,1
628.23,0.2,70.54,557.69,1,0
573.37,0.0,123.76,449.62,0,1
605.28,0.4,45.41,559.87,2,1
1298.45,1.2,359.22,939.23,6,1
669.02,0.2,111.32,557.69,1,1
685.1,0.2,127.41,557.69,1,1
766.76,0.4,146.38,620.38,2,1
732.31,0.2,167.05,565.26,1,1
678.12,0.4,80.43,597.69,2,1
958.46,0.6,275.38,683.08,3,1
860.56,0.4,217.49,643.08,2,1
716.99,0.4,126.86,590.13,2,0
644.9,0.2,117.46,527.44,1,0
592.62,0.2,57.62,535.0,1,0
800.96,0.6,102.76,698.21,3,1
471.3,0.0,36.81,434.49,0,0
1079.81,0.8,311.35,768.46,4,1
1443.09,1.4,441.16,1001.92,7,1
1018.73,1.0,210.27,808.46,5,1
992.48,0.8,208.89,783.59,4,1
988.9,0.8,228.0,760.9,4,1
761.62,0.4,133.68,627.95,2,0
812.55,0.4,146.78,665.77,2,1
814.91,0.6,177.22,637.69,3,1
632.03,0.2,112.16,519.87,1,1
659.93,0.4,100.05,559.87,2,1
733.45,0.2,175.76,557.69,1,0
588.87,0.2,69.0,519.87,1,1
633.76,0.4,66.32,567.44,2,1
1012.53,0.6,314.32,698.21,3,1
746.87,0.4,179.43,567.44,2,1
1287.2,0.8,586.81,700.38,4,1
902.5,0.6,196.73,705.77,3,1
1704.54,1.6,760.95,943.59,8,1
1057.06,0.8,243.22,813.85,4,1
832.74,0.4,212.35,620.38,2,1
1078.77,0.8,280.05,798.72,4,1
725.63,0.2,160.38,565.26,1,1
1082.14,0.6,353.68,728.46,3,1
1222.96,1.2,291.3,931.67,6,1
712.34,0.2,147.08,565.26,1,1
554.21,0.0,97.03,457.18,0,0
1150.26,1.0,303.97,846.28,5,1
1601.99,1.0,823.78,778.21,5,1
539.2,0.0,59.32,479.87,0,1
1132.5,0.4,519.68,612.82,2,1
1304.01,1.2,304.27,999.74,6,1
1001.15,0.8,194.86,806.28,4,1
648.58,0.2,83.32,565.26,1,1
748.43,0.2,205.86,542.56,1,1
635.0,0.2,100.0,535.0,1,1
957.82,0.6,312.57,645.26,3,1
548.26,0.0,83.51,464.74,0,0
768.23,0.4,155.41,612.82,2,1
1409.35,1.0,525.24,884.1,5,1
1261.71,0.8,553.76,707.95,4,1
1130.58,0.8,324.3,806.28,4,1
1301.4,1.0,530.76,770.64,5,1
737.6,0.4,109.65,627.95,2,1
777.39,0.6,124.57,652.82,3,1
781.01,0.2,276.27,504.74,1,1
649.24,0.2,99.11,550.13,1,0
753.2,0.4,132.81,620.38,2,0
1053.16,0.8,345.22,707.95,4,1
910.76,0.4,290.38,620.38,2,0
828.32,0.6,137.68,690.64,3,1
1286.58,0.8,548.38,738.21,4,1
1299.5,0.6,661.81,637.69,3,1
560.04,0.0,87.73,472.31,0,1
463.36,0.0,44.0,419.36,0,0
1008.9,0.6,295.57,713.33,3,1
826.08,0.6,150.57,675.51,3,1
441.9,0.0,30.11,411.79,0,1
444.2,0.0,32.41,411.79,0,1
1222.94,1.0,406.92,816.03,5,1
584.82,0.0,104.95,479.87,0,0
1561.11,0.8,845.59,715.51,4,1
718.81,0.2,191.38,527.44,1,1
933.0,0.8,156.97,776.03,4,1
454.5,0.0,42.7,411.79,0,1
1266.46,1.2,357.49,908.97,6,1
1087.52,1.2,193.68,893.85,6,1
833.11,0.4,197.59,635.51,2,1
1507.74,1.6,412.86,1094.87,8,1
1641.26,1.0,870.62,770.64,5,1
1242.85,0.6,590.03,652.82,3,1
958.25,0.6,244.92,713.33,3,1
1150.24,1.0,266.14,884.1,5,1
548.66,0.0,83.92,464.74,0,0
679.16,0.2,144.16,535.0,1,1
924.89,1.0,116.43,808.46,5,1
1098.15,1.0,251.86,846.28,5,1
1252.73,1.2,336.19,916.54,6,1
509.87,0.0,82.95,426.92,0,1
681.77,0.2,124.08,557.69,1,1
1921.42,1.0,1143.22,778.21,5,1
782.72,0.4,177.46,605.26,2,1
453.9,0.0,42.11,411.79,0,1
457.98,0.0,38.62,419.36,0,1
1171.98,1.2,285.7,886.28,6,1
713.07,0.2,155.38,557.69,1,1
1243.06,1.2,341.65,901.41,6,1
566.18,0.0,116.57,449.62,0,1
1410.12,0.8,724.86,685.26,4,1
925.83,0.6,235.19,690.64,3,1
1208.09,0.8,515.27,692.82,4,1
1053.69,0.4,448.43,605.26,2,1
865.97,0.6,182.89,683.08,3,1
813.61,0.4,162.97,650.64,2,1
1013.29,0.8,214.57,798.72,4,1
714.32,0.2,164.19,550.13,1,1
696.72,0.2,139.03,557.69,1,1
669.48,0.4,86.92,582.56,2,1
1303.19,1.4,293.7,1009.49,7,1
943.74,0.6,230.41,713.33,3,1
987.79,0.8,219.32,768.46,4,1
1071.93,0.8,333.73,738.21,4,1
963.57,0.6,235.11,728.46,3,1
882.68,0.6,214.73,667.95,3,1
705.55,0.2,200.81,504.74,1,1
1695.33,1.6,660.97,1034.36,8,1
1001.91,0.4,358.84,643.08,2,1
1938.55,1.0,1137.65,800.9,5,1
1414.53,1.0,636.32,778.21,5,1
733.08,0.2,205.65,527.44,1,0
858.52,0.4,185.19,673.33,2,1
535.56,0.0,85.95,449.62,0,0
1229.97,0.8,499.32,730.64,4,1
760.18,0.2,194.92,565.26,1,1
1050.6,0.8,221.62,828.97,4,1
1243.07,1.2,250.89,992.18,6,1
710.85,0.4,98.03,612.82,2,0
612.35,0.2,84.92,527.44,1,1
551.99,0.0,87.24,464.74,0,1
691.29,0.2,141.16,550.13,1,1
1131.76,1.0,323.3,808.46,5,1
1098.0,0.8,276.59,821.41,4,1
1405.45,1.0,627.24,778.21,5,1
837.45,0.4,186.81,650.64,2,0
722.53,0.2,157.27,565.26,1,1
892.15,0.6,186.38,705.77,3,1
678.72,0.2,113.46,565.26,1,1
806.98,0.4,179.03,627.95,2,1
1587.41,1.2,746.51,840.9,6,1
639.3,0.2,111.86,527.44,1,1
1523.22,0.6,862.84,660.38,3,1
915.23,0.4,309.97,605.26,2,1
946.74,0.6,180.46,766.28,3,1
880.15,0.6,181.95,698.21,3,1
1062.07,0.8,255.78,806.28,4,1
894.32,0.6,211.24,683.08,3,1
672.19,0.2,137.19,535.0,1,1
680.73,0.4,98.16,582.56,2,1
651.02,0.2,108.46,542.56,1,1
1264.42,1.0,418.14,846.28,5,1
1047.48,0.8,256.32,791.15,4,1
1278.08,1.0,409.11,868.97,5,1
899.36,0.4,233.59,665.77,2,1
660.13,0.2,117.57,542.56,1,1
1066.02,0.8,282.43,783.59,4,1
607.62,0.0,158.0,449.62,0,1
1232.59,0.8,456.57,776.03,4,1
982.49,0.6,254.03,728.46,3,0
714.01,0.4,108.76,605.26,2,1
859.63,0.4,193.86,665.77,2,1
907.42,0.8,161.65,745.77,4,1
1321.67,0.4,784.49,537.18,2,1
570.89,0.0,136.41,434.49,0,0
985.94,1.0,169.92,816.03,5,1
734.75,0.2,184.62,550.13,1,1
677.71,0.2,150.27,527.44,1,1
861.71,0.6,193.76,667.95,3,1
948.08,0.6,272.57,675.51,3,1
701.91,0.2,136.65,565.26,1,1
654.32,0.2,111.76,542.56,1,1
693.99,0.2,128.73,565.26,1,1
1156.57,0.4,528.62,627.95,2,1
801.31,0.4,127.97,673.33,2,1
1005.03,0.8,244.14,760.9,4,1
1250.79,0.6,643.35,607.44,3,1
785.75,0.4,188.05,597.69,2,1
525.81,0.0,91.32,434.49,0,0
721.37,0.4,123.68,597.69,2,0
449.2,0.0,37.41,411.79,0,1
1131.86,1.0,240.19,891.67,5,1
870.51,0.4,235.0,635.51,2,1
1018.33,0.6,289.86,728.46,3,0
877.9,0.6,164.57,713.33,3,1
665.51,0.2,122.95,542.56,1,0
775.5,0.4,109.73,665.77,2,1
594.72,0.2,97.54,497.18,1,0
624.27,0.2,89.27,535.0,1,1
738.07,0.2,172.81,565.26,1,0
1171.69,1.0,325.41,846.28,5,1
984.55,0.8,223.65,760.9,4,1
821.23,0.4,208.41,612.82,2,0
667.18,0.2,101.92,565.26,1,0
1094.78,1.0,278.76,816.03,5,1
714.99,0.2,164.86,550.13,1,1
845.83,0.6,155.19,690.64,3,1
1608.5,0.8,915.68,692.82,4,1
1152.71,0.4,592.84,559.87,2,1
809.41,0.4,181.46,627.95,2,1
889.1,0.6,206.03,683.08,3,1
940.77,0.6,235.0,705.77,3,1
857.62,0.6,114.03,743.59,3,1
1167.05,1.0,282.95,884.1,5,1
1002.64,0.6,243.92,758.72,3,1
550.18,0.0,85.43,464.74,0,1
998.01,0.6,292.24,705.77,3,1
1063.55,1.0,209.7,853.85,5,1
564.39,0.0,99.65,464.74,0,1
694.95,0.4,135.08,559.87,2,1
704.7,0.4,122.14,582.56,2,1
745.37,0.2,202.81,542.56,1,1
874.15,0.6,183.51,690.64,3,1
504.01,0.0,84.65,419.36,0,0
835.47,0.4,222.65,612.82,2,0
835.4,0.6,144.76,690.64,3,1
1054.65,0.6,318.62,736.03,3,0
886.04,0.6,180.27,705.77,3,1
1079.63,0.4,474.38,605.26,2,1
732.91,0.2,167.65,565.26,1,1
531.51,0.2,57.03,474.49,1,1
716.75,0.2,174.19,542.56,1,1
694.09,0.6,33.7,660.38,3,0
478.0,0.0,43.51,434.49,0,1
559.51,0.0,125.03,434.49,0,1
1561.05,1.2,697.46,863.59,6,1
564.68,0.0,130.19,434.49,0,0
678.49,0.2,143.49,535.0,1,1
1439.25,0.8,738.86,700.38,4,1
1021.56,0.8,283.35,738.21,4,1
1329.02,0.8,590.81,738.21,4,1
756.2,0.4,90.43,665.77,2,1
613.77,0.0,149.03,464.74,0,0
980.01,0.8,173.73,806.28,4,0
513.29,0.0,71.24,442.05,0,1
815.79,0.4,255.92,559.87,2,1
866.51,0.8,143.43,723.08,4,1
685.34,0.2,127.65,557.69,1,1
554.69,0.0,97.51,457.18,0,0
1003.36,1.0,157.08,846.28,5,1
830.78,0.6,155.27,675.51,3,0
881.41,0.6,221.03,660.38,3,1
834.88,0.6,136.68,698.21,3,1
1029.14,0.8,275.81,753.33,4,1
1697.91,1.6,693.81,1004.1,8,1
751.44,0.4,131.05,620.38,2,1
941.13,0.6,258.05,683.08,3,0
525.66,0.0,60.92,464.74,0,1
729.95,0.2,210.08,519.87,1,0
753.51,0.4,170.95,582.56,2,1
915.7,0.6,232.62,683.08,3,0
1849.49,1.4,908.08,941.41,7,1
532.14,0.0,44.7,487.44,0,0
