"Total_Cost","Ratio_Reloc_Prod","Horiz_Cost","Vert_Cost","nReloc","non_Optimal"
223385.98,0.45,31101.26,192284.69,675,150
2004.09,0.9,253.19,1750.9,9,1
1872.34,0.8,252.22,1620.13,8,1
1298.02,0.2,152.38,1145.64,2,1
1729.12,0.6,279.76,1449.36,6,1
1606.08,0.5,295.05,1311.03,5,1
1874.09,0.8,299.35,1574.74,8,1
1670.38,0.6,273.97,1396.41,6,1
1447.19,0.4,229.11,1218.08,4,1
1350.6,0.3,187.65,1162.95,3,1
1419.03,0.3,263.65,1155.38,3,1
1275.89,0.2,205.89,1070.0,2,1
1484.06,0.5,180.59,1303.46,5,1
1331.16,0.4,120.65,1210.51,4,1
1794.26,0.8,227.08,1567.18,8,1
1256.7,0.2,186.7,1070.0,2,1
2010.41,1.0,280.03,1730.38,10,1
1563.14,0.5,267.24,1295.9,5,1
2291.97,1.2,353.0,1938.97,12,1
1718.03,0.6,253.54,1464.49,6,1
1138.17,0.1,115.73,1022.44,1,1
1965.94,0.9,298.24,1667.69,9,1
1384.96,0.3,237.14,1147.82,3,1
1287.68,0.3,124.73,1162.95,3,1
2042.4,1.1,256.89,1785.51,11,1
1538.74,0.4,245.03,1293.72,4,1
1468.6,0.3,260.27,1208.33,3,1
1531.07,0.4,244.92,1286.15,4,1
1651.6,0.6,202.24,1449.36,6,1
1542.4,0.5,223.81,1318.59,5,1
1364.49,0.3,209.11,1155.38,3,1
1524.64,0.6,166.05,1358.59,6,1
1280.93,0.2,180.68,1100.26,2,1
1586.79,0.5,222.81,1363.97,5,1
1271.37,0.3,146.24,1125.13,3,1
1189.54,0.2,127.11,1062.44,2,1
1574.23,0.4,288.08,1286.15,4,1
1711.62,0.7,199.57,1512.05,7,1
1379.74,0.4,138.97,1240.77,4,1
1406.32,0.3,228.24,1178.08,3,1
1613.26,0.4,311.97,1301.28,4,1
1558.56,0.5,232.41,1326.15,5,1
1498.28,0.4,181.86,1316.41,4,1
1708.26,0.6,289.16,1419.1,6,1
1605.06,0.5,248.65,1356.41,5,1
1545.84,0.6,141.86,1403.97,6,1
1369.62,0.4,151.54,1218.08,4,1
1079.38,0.1,117.46,961.92,1,1
1462.91,0.3,277.27,1185.64,3,1
1291.55,0.2,176.16,1115.38,2,1
1267.09,0.3,126.84,1140.26,3,1
1075.22,0.1,120.86,954.36,1,1
1202.09,0.1,194.78,1007.31,1,1
1680.03,0.6,223.11,1456.92,6,1
1145.39,0.1,145.65,999.74,1,1
1634.28,0.7,144.92,1489.36,7,1
1399.87,0.4,136.41,1263.46,4,1
1324.2,0.2,208.81,1115.38,2,1
1329.65,0.3,174.27,1155.38,3,1
1550.93,0.6,169.65,1381.28,6,1
1741.51,0.8,189.46,1552.05,8,1
1591.25,0.6,202.41,1388.85,6,1
1461.2,0.4,220.43,1240.77,4,1
1659.66,0.6,217.86,1441.79,6,1
1344.62,0.4,126.54,1218.08,4,1
1452.36,0.4,211.59,1240.77,4,1
1015.4,0.0,123.73,891.67,0,1
1190.56,0.1,258.89,931.67,1,1
1503.85,0.4,263.08,1240.77,4,1
1383.54,0.3,220.59,1162.95,3,1
1476.03,0.5,172.57,1303.46,5,1
1858.76,0.9,228.89,1629.87,9,1
1645.46,0.6,233.92,1411.54,6,1
1657.41,0.6,200.49,1456.92,6,1
1145.56,0.1,153.38,992.18,1,1
1372.94,0.3,187.3,1185.64,3,1
1448.28,0.4,192.38,1255.9,4,1
1550.13,0.5,239.11,1311.03,5,1
1650.1,0.5,316.38,1333.72,5,1
1654.63,0.6,205.27,1449.36,6,1
1413.36,0.4,157.46,1255.9,4,1
1314.43,0.3,189.3,1125.13,3,1
1550.99,0.5,224.84,1326.15,5,1
1380.54,0.4,177.59,1202.95,4,1
1476.18,0.5,150.03,1326.15,5,1
1420.34,0.4,194.7,1225.64,4,1
1251.1,0.3,133.54,1117.56,3,1
1118.33,0.1,148.84,969.49,1,1
1671.83,0.5,285.16,1386.67,5,1
1614.67,0.6,195.57,1419.1,6,1
1460.93,0.4,212.59,1248.33,4,1
1721.24,0.7,277.27,1443.97,7,1
1455.32,0.4,184.3,1271.03,4,1
1709.31,0.6,320.46,1388.85,6,1
1166.15,0.2,118.84,1047.31,2,1
1713.49,0.5,349.51,1363.97,5,1
1378.59,0.4,152.95,1225.64,4,1
2279.84,1.2,408.95,1870.9,12,1
1594.6,0.6,198.19,1396.41,6,1
1274.27,0.2,196.7,1077.56,2,1
1566.18,0.5,240.03,1326.15,5,1
1298.56,0.2,221.0,1077.56,2,1
1319.82,0.4,124.43,1195.38,4,1
1579.43,0.5,275.97,1303.46,5,1
1477.15,0.6,171.51,1305.64,6,1
1500.62,0.5,189.59,1311.03,5,1
1492.05,0.5,173.46,1318.59,5,1
1044.44,0.1,97.65,946.79,1,1
2069.25,1.0,285.92,1783.33,10,1
1307.49,0.2,176.97,1130.51,2,1
1322.61,0.2,229.92,1092.69,2,1
1157.69,0.1,157.95,999.74,1,1
1745.14,0.7,248.22,1496.92,7,1
1405.37,0.4,172.16,1233.21,4,1
1078.87,0.1,124.51,954.36,1,1
1496.9,0.6,176.14,1320.77,6,1
1629.99,0.5,243.32,1386.67,5,1
1393.18,0.4,159.97,1233.21,4,1
1326.2,0.4,145.95,1180.26,4,1
1472.01,0.3,271.24,1200.77,3,1
1113.41,0.0,191.49,921.92,0,1
1457.17,0.4,216.41,1240.77,4,1
1389.42,0.4,163.78,1225.64,4,1
1193.22,0.2,138.35,1054.87,2,1
1529.09,0.5,233.19,1295.9,5,1
1164.7,0.1,195.22,969.49,1,1
1191.79,0.2,129.35,1062.44,2,1
1734.17,0.8,212.38,1521.79,8,1
1421.28,0.4,165.38,1255.9,4,1
1301.46,0.3,130.95,1170.51,3,1
1380.6,0.3,225.22,1155.38,3,1
2060.98,1.1,298.16,1762.82,11,1
1296.34,0.3,156.08,1140.26,3,1
1480.22,0.5,176.76,1303.46,5,1
1704.21,0.7,245.11,1459.1,7,1
1367.92,0.4,217.92,1150.0,4,1
1355.36,0.4,167.54,1187.82,4,1
1518.17,0.5,237.41,1280.77,5,1
1530.76,0.4,214.35,1316.41,4,1
1585.19,0.5,274.16,1311.03,5,1
1194.79,0.2,132.35,1062.44,2,1
1200.6,0.1,193.3,1007.31,1,1
1572.32,0.6,206.16,1366.15,6,1
1808.76,0.8,324.78,1483.97,8,1
1950.02,0.9,282.32,1667.69,9,1
1657.23,0.6,223.0,1434.23,6,1
1506.69,0.5,172.97,1333.72,5,1
1585.86,0.5,259.7,1326.15,5,1
1504.88,0.4,203.59,1301.28,4,1
1613.19,0.6,209.22,1403.97,6,1
1385.21,0.5,127.14,1258.08,5,1
