"Total_Cost","Ratio_Reloc_Prod","Horiz_Cost","Vert_Cost","nReloc","non_Optimal"
226804.75,0.4367,35819.2,190985.57,655,98
706.6,0.4,86.22,620.38,2,0
881.27,0.6,137.68,743.59,3,0
1006.56,0.8,215.41,791.15,4,0
733.38,0.2,205.95,527.44,1,0
896.14,0.6,182.81,713.33,3,0
760.04,0.4,101.84,658.21,2,0
884.99,0.6,126.27,758.72,3,1
1041.04,1.0,134.24,906.79,5,0
856.74,0.6,143.41,713.33,3,0
999.93,1.0,146.08,853.85,5,1
803.58,0.6,90.24,713.33,3,0
714.89,0.4,71.81,643.08,2,0
1341.27,0.8,633.32,707.95,4,1
609.22,0.2,89.35,519.87,1,0
802.64,0.4,152.0,650.64,2,1
942.4,0.6,191.24,751.15,3,0
1095.25,1.2,148.46,946.79,6,0
808.62,0.4,173.11,635.51,2,0
834.26,0.6,136.05,698.21,3,0
497.78,0.0,55.73,442.05,0,0
869.76,0.6,141.3,728.46,3,1
734.61,0.4,68.84,665.77,2,0
710.49,0.4,82.54,627.95,2,0
560.86,0.2,71.24,489.62,1,0
752.65,0.4,132.27,620.38,2,1
643.58,0.2,78.32,565.26,1,0
904.48,0.8,113.32,791.15,4,1
936.05,0.8,144.89,791.15,4,0
1049.24,1.0,172.7,876.54,5,0
582.58,0.0,110.27,472.31,0,0
490.75,0.0,48.7,442.05,0,0
817.01,0.6,111.24,705.77,3,0
702.68,0.4,127.68,575.0,2,0
664.45,0.2,106.76,557.69,1,1
454.17,0.0,34.81,419.36,0,0
757.8,0.4,92.03,665.77,2,0
532.21,0.0,90.16,442.05,0,0
620.68,0.2,93.24,527.44,1,1
878.34,0.8,147.7,730.64,4,0
787.82,0.6,66.92,720.9,3,1
710.82,0.2,190.95,519.87,1,0
1221.22,1.4,211.73,1009.49,7,0
720.84,0.4,85.32,635.51,2,0
619.65,0.2,84.65,535.0,1,1
979.24,0.8,135.14,844.1,4,0
639.14,0.2,66.32,572.82,1,0
994.48,0.8,203.32,791.15,4,0
958.21,0.6,260.0,698.21,3,0
886.73,0.6,150.7,736.03,3,0
618.61,0.2,60.92,557.69,1,0
727.31,0.2,169.62,557.69,1,1
894.42,0.6,143.27,751.15,3,0
871.38,0.6,150.49,720.9,3,1
953.23,0.8,162.08,791.15,4,1
760.14,0.6,99.76,660.38,3,0
1136.53,1.0,244.86,891.67,5,0
568.96,0.0,96.65,472.31,0,1
627.19,0.2,99.76,527.44,1,0
533.29,0.2,36.11,497.18,1,1
660.75,0.2,103.05,557.69,1,1
884.44,0.6,171.11,713.33,3,0
695.93,0.4,75.54,620.38,2,0
900.8,0.8,109.65,791.15,4,0
490.16,0.0,48.11,442.05,0,0
478.44,0.0,51.51,426.92,0,0
437.04,0.0,32.81,404.23,0,1
560.92,0.0,118.86,442.05,0,0
505.35,0.0,55.73,449.62,0,1
873.49,0.8,97.46,776.03,4,1
787.19,0.2,252.19,535.0,1,1
553.9,0.0,74.03,479.87,0,1
456.87,0.0,37.51,419.36,0,0
728.06,0.6,60.11,667.95,3,0
561.85,0.0,89.54,472.31,0,1
863.3,0.6,127.27,736.03,3,1
663.37,0.2,113.24,550.13,1,1
555.55,0.0,83.24,472.31,0,1
854.31,0.6,140.97,713.33,3,1
764.32,0.4,121.24,643.08,2,1
865.66,0.6,159.89,705.77,3,0
735.67,0.4,85.03,650.64,2,0
987.95,0.8,158.97,828.97,4,0
1213.77,1.4,181.59,1032.18,7,0
522.33,0.0,50.03,472.31,0,1
1094.48,1.2,170.38,924.1,6,1
556.66,0.0,84.35,472.31,0,0
670.42,0.2,105.16,565.26,1,0
846.13,0.6,155.49,690.64,3,0
491.72,0.0,42.11,449.62,0,1
459.63,0.0,32.7,426.92,0,0
609.08,0.2,66.51,542.56,1,0
485.7,0.0,51.22,434.49,0,0
963.47,0.8,157.19,806.28,4,0
842.63,0.6,136.86,705.77,3,0
1023.19,0.8,194.22,828.97,4,1
684.63,0.2,119.38,565.26,1,0
1055.9,0.8,189.11,866.79,4,0
713.69,0.2,140.86,572.82,1,0
860.84,0.6,132.38,728.46,3,1
591.3,0.0,103.86,487.44,0,0
667.42,0.2,102.16,565.26,1,1
788.26,0.4,183.0,605.26,2,0
907.77,0.8,109.05,798.72,4,0
1213.86,1.4,196.81,1017.05,7,1
526.68,0.0,46.81,479.87,0,1
451.87,0.0,32.51,419.36,0,0
668.2,0.2,102.95,565.26,1,1
698.3,0.2,110.35,587.95,1,0
938.48,0.8,154.89,783.59,4,0
759.34,0.4,101.14,658.21,2,0
486.16,0.0,44.11,442.05,0,0
698.42,0.2,133.16,565.26,1,0
1059.08,1.0,190.11,868.97,5,0
795.79,0.4,175.41,620.38,2,0
661.29,0.2,111.16,550.13,1,0
823.48,0.8,92.84,730.64,4,1
454.28,0.0,34.92,419.36,0,0
953.52,0.8,139.68,813.85,4,0
465.73,0.0,38.81,426.92,0,0
807.63,0.4,187.24,620.38,2,0
712.17,0.2,139.35,572.82,1,1
647.22,0.4,72.22,575.0,2,1
744.27,0.6,76.32,667.95,3,1
755.55,0.4,150.3,605.26,2,1
634.51,0.2,91.95,542.56,1,0
748.03,0.6,72.51,675.51,3,1
1009.92,0.8,188.51,821.41,4,0
671.31,0.2,106.05,565.26,1,0
787.75,0.6,97.11,690.64,3,0
1094.11,1.2,124.62,969.49,6,1
915.9,1.0,69.62,846.28,5,1
809.32,0.4,173.81,635.51,2,0
897.99,0.6,192.22,705.77,3,0
718.74,0.2,153.49,565.26,1,0
560.53,0.0,103.35,457.18,0,0
968.68,0.8,147.27,821.41,4,0
758.81,0.6,75.73,683.08,3,1
542.72,0.0,85.54,457.18,0,0
1032.6,1.0,171.19,861.41,5,0
798.74,0.4,185.92,612.82,2,1
446.17,0.0,26.81,419.36,0,0
456.06,0.0,36.7,419.36,0,0
798.22,0.6,77.32,720.9,3,0
780.88,0.6,90.24,690.64,3,1
849.89,0.6,113.86,736.03,3,0
715.29,0.4,125.16,590.13,2,1
909.38,0.8,148.49,760.9,4,0
743.48,0.4,92.84,650.64,2,0
919.09,0.8,173.32,745.77,4,1
803.1,0.6,112.46,690.64,3,0
685.98,0.4,58.03,627.95,2,0
802.32,0.4,151.68,650.64,2,1
669.63,0.2,89.24,580.38,1,0
627.33,0.2,107.46,519.87,1,1
789.15,0.4,130.95,658.21,2,0
800.99,0.4,142.78,658.21,2,0
553.13,0.0,111.08,442.05,0,0
640.96,0.2,75.7,565.26,1,0
686.18,0.4,96.05,590.13,2,0
795.02,0.6,111.95,683.08,3,0
682.91,0.2,132.78,550.13,1,1
751.57,0.4,131.19,620.38,2,1
785.28,0.6,79.51,705.77,3,0
531.02,0.0,73.84,457.18,0,1
682.09,0.2,109.27,572.82,1,0
1161.39,1.2,207.03,954.36,6,0
496.43,0.0,46.81,449.62,0,0
519.89,0.0,77.84,442.05,0,1
1002.26,1.0,155.97,846.28,5,0
836.79,0.6,123.46,713.33,3,1
786.97,0.6,111.46,675.51,3,1
597.08,0.2,54.51,542.56,1,1
909.43,0.6,173.41,736.03,3,1
651.68,0.2,116.68,535.0,1,0
855.79,0.8,87.32,768.46,4,0
735.89,0.4,107.95,627.95,2,0
558.5,0.2,61.32,497.18,1,1
840.19,0.6,111.73,728.46,3,0
710.21,0.2,160.08,550.13,1,0
801.5,0.4,128.16,673.33,2,1
724.38,0.2,144.0,580.38,1,0
837.47,0.6,116.57,720.9,3,0
714.21,0.4,71.14,643.08,2,0
789.48,0.4,131.27,658.21,2,0
860.81,0.4,232.86,627.95,2,0
922.75,0.8,139.16,783.59,4,1
706.23,0.4,93.41,612.82,2,0
890.61,0.8,152.41,738.21,4,0
648.3,0.2,67.92,580.38,1,0
667.62,0.4,85.05,582.56,2,0
938.59,0.8,155.0,783.59,4,0
502.43,0.0,52.81,449.62,0,0
502.27,0.0,60.22,442.05,0,0
691.21,0.2,141.08,550.13,1,1
763.29,0.6,80.22,683.08,3,1
714.95,0.6,47.0,667.95,3,0
786.95,0.6,126.57,660.38,3,1
926.34,0.8,135.19,791.15,4,1
624.77,0.2,127.59,497.18,1,0
540.63,0.0,68.32,472.31,0,0
1032.71,1.0,171.3,861.41,5,0
605.54,0.4,38.11,567.44,2,1
697.63,0.2,132.38,565.26,1,0
652.02,0.2,94.32,557.69,1,1
716.45,0.4,118.76,597.69,2,1
653.29,0.2,103.16,550.13,1,1
611.22,0.2,91.35,519.87,1,0
867.2,0.8,113.86,753.33,4,1
539.53,0.0,89.92,449.62,0,0
779.25,0.4,151.3,627.95,2,0
630.26,0.2,80.14,550.13,1,0
634.51,0.2,91.95,542.56,1,0
577.56,0.0,120.38,457.18,0,0
899.38,0.8,123.35,776.03,4,0
936.55,0.8,115.14,821.41,4,0
779.43,0.6,96.35,683.08,3,0
806.52,0.6,85.62,720.9,3,1
617.45,0.0,152.7,464.74,0,1
628.35,0.4,60.92,567.44,2,0
738.23,0.4,80.03,658.21,2,1
865.04,0.8,119.27,745.77,4,0
1028.17,1.0,174.32,853.85,5,1
689.7,0.2,154.7,535.0,1,1
707.47,0.4,94.65,612.82,2,0
766.8,0.4,101.03,665.77,2,1
793.56,0.6,95.35,698.21,3,1
876.69,0.8,138.49,738.21,4,0
771.7,0.4,136.19,635.51,2,1
828.55,0.6,122.78,705.77,3,1
807.21,0.4,149.0,658.21,2,0
597.08,0.0,109.65,487.44,0,1
558.28,0.0,93.54,464.74,0,0
689.55,0.4,76.73,612.82,2,0
981.4,0.8,197.81,783.59,4,1
768.97,0.6,93.46,675.51,3,0
737.14,0.4,116.76,620.38,2,0
691.47,0.2,118.65,572.82,1,0
737.53,0.4,147.41,590.13,2,0
777.45,0.4,119.24,658.21,2,0
672.07,0.4,81.95,590.13,2,1
492.97,0.0,50.92,442.05,0,0
874.89,0.8,106.43,768.46,4,0
638.92,0.2,96.35,542.56,1,0
594.81,0.2,59.81,535.0,1,0
631.95,0.2,96.95,535.0,1,1
557.08,0.2,75.03,482.05,1,0
635.83,0.2,78.14,557.69,1,0
866.25,0.8,105.35,760.9,4,1
998.79,1.0,205.46,793.33,5,0
667.78,0.2,117.65,550.13,1,0
879.96,0.4,221.76,658.21,2,0
822.38,0.6,162.0,660.38,3,1
521.59,0.0,79.54,442.05,0,0
580.28,0.0,115.54,464.74,0,0
935.28,0.8,121.43,813.85,4,0
633.69,0.2,76.0,557.69,1,0
709.03,0.4,88.65,620.38,2,0
941.96,1.0,103.24,838.72,5,1
550.23,0.0,77.92,472.31,0,0
615.27,0.2,72.7,542.56,1,0
645.48,0.4,62.92,582.56,2,0
739.71,0.4,111.76,627.95,2,1
610.03,0.2,75.03,535.0,1,0
905.83,0.8,122.24,783.59,4,0
822.63,0.4,202.24,620.38,2,1
1318.3,1.6,208.3,1110.0,8,0
499.62,0.0,50.0,449.62,0,0
1005.27,0.8,229.24,776.03,4,0
647.5,0.2,82.24,565.26,1,1
859.99,0.4,209.35,650.64,2,0
588.25,0.0,108.38,479.87,0,0
708.26,0.2,143.0,565.26,1,1
894.43,0.8,110.84,783.59,4,0
778.32,0.6,95.24,683.08,3,0
755.73,0.4,112.65,643.08,2,0
1056.53,1.4,92.43,964.1,7,1
499.05,0.0,49.43,449.62,0,0
909.77,0.6,196.43,713.33,3,0
743.23,0.4,130.41,612.82,2,0
685.34,0.2,120.08,565.26,1,0
613.69,0.2,56.0,557.69,1,0
1711.64,0.8,973.43,738.21,4,1
648.24,0.4,73.24,575.0,2,1
826.01,0.6,120.24,705.77,3,0
709.3,0.4,88.92,620.38,2,0
858.12,0.8,112.35,745.77,4,0
640.07,0.2,74.81,565.26,1,1
594.6,0.2,74.73,519.87,1,0
463.63,0.0,36.7,426.92,0,0
545.69,0.2,48.51,497.18,1,0
610.44,0.4,43.0,567.44,2,0
940.64,0.8,149.49,791.15,4,0
486.32,0.0,36.7,449.62,0,0
808.06,0.4,195.24,612.82,2,0
1116.91,1.2,192.81,924.1,6,0
983.0,0.8,214.54,768.46,4,0
790.23,0.6,92.03,698.21,3,0
1232.45,1.4,207.84,1024.62,7,0
576.44,0.2,49.0,527.44,1,1
682.22,0.2,101.84,580.38,1,1
