"Total_Cost","Ratio_Reloc_Prod","Horiz_Cost","Vert_Cost","nReloc","non_Optimal"
265000.77,0.4453,72716.19,192284.74,668,211
775.42,0.4,109.65,665.77,2,1
523.66,0.0,58.92,464.74,0,0
754.85,0.4,96.65,658.21,2,1
859.08,0.4,216.0,643.08,2,1
910.13,0.4,267.05,643.08,2,1
915.98,0.8,155.08,760.9,4,1
735.83,0.4,92.76,643.08,2,1
813.52,0.6,92.62,720.9,3,1
680.65,0.2,153.22,527.44,1,1
687.14,0.4,74.32,612.82,2,0
783.14,0.4,155.19,627.95,2,0
1169.49,0.8,401.03,768.46,4,1
717.66,0.2,152.41,565.26,1,0
1006.29,0.8,222.7,783.59,4,1
765.94,0.4,122.86,643.08,2,1
529.77,0.0,65.03,464.74,0,0
525.31,0.0,68.14,457.18,0,1
857.63,0.6,151.86,705.77,3,1
958.15,0.4,292.38,665.77,2,0
515.18,0.0,58.0,457.18,0,0
730.03,0.4,94.51,635.51,2,1
1631.47,1.0,838.14,793.33,5,1
1041.38,0.8,265.35,776.03,4,1
1409.21,1.6,276.51,1132.69,8,1
1026.1,0.6,274.95,751.15,3,1
488.02,0.0,38.41,449.62,0,0
816.22,0.4,195.84,620.38,2,1
671.86,0.4,81.73,590.13,2,0
1546.53,0.8,808.32,738.21,4,1
661.22,0.2,80.84,580.38,1,1
948.03,0.8,172.0,776.03,4,1
610.48,0.2,67.92,542.56,1,1
1482.82,0.8,782.43,700.38,4,1
895.27,0.6,151.68,743.59,3,1
624.0,0.2,81.43,542.56,1,0
871.05,0.4,220.41,650.64,2,0
567.29,0.0,117.68,449.62,0,0
590.74,0.0,126.0,464.74,0,0
583.8,0.0,134.19,449.62,0,0
1498.05,1.2,634.46,863.59,6,1
1519.18,0.6,828.54,690.64,3,1
667.41,0.2,87.03,580.38,1,0
1320.38,1.0,451.41,868.97,5,1
750.07,0.2,192.38,557.69,1,0
750.11,0.4,122.16,627.95,2,1
1013.3,0.8,237.27,776.03,4,1
520.96,0.0,56.22,464.74,0,0
673.92,0.2,131.35,542.56,1,0
653.8,0.2,88.54,565.26,1,0
900.86,0.8,124.84,776.03,4,0
1347.76,1.0,531.73,816.03,5,1
549.04,0.0,76.73,472.31,0,1
906.87,0.8,93.03,813.85,4,1
680.5,0.2,115.24,565.26,1,0
869.61,0.4,203.84,665.77,2,1
831.01,0.6,125.24,705.77,3,1
768.73,0.4,125.65,643.08,2,0
1482.43,0.4,892.3,590.13,2,1
1271.03,0.6,550.14,720.9,3,1
957.42,0.6,251.65,705.77,3,1
761.1,0.2,210.97,550.13,1,0
643.75,0.2,86.05,557.69,1,1
1691.19,0.8,975.68,715.51,4,1
909.86,0.6,166.27,743.59,3,1
918.04,0.6,204.7,713.33,3,1
1321.35,1.2,336.73,984.62,6,1
601.09,0.0,128.78,472.31,0,1
532.6,0.0,98.11,434.49,0,0
782.07,0.4,131.43,650.64,2,1
1008.17,0.4,334.84,673.33,2,1
1488.72,0.8,758.08,730.64,4,1
757.2,0.2,191.95,565.26,1,0
547.69,0.0,82.95,464.74,0,0
1544.57,0.8,783.68,760.9,4,1
928.75,0.6,245.68,683.08,3,1
839.46,0.4,211.51,627.95,2,1
1263.37,1.0,379.27,884.1,5,1
635.68,0.2,108.24,527.44,1,1
1014.89,0.6,271.3,743.59,3,0
1313.07,0.8,567.3,745.77,4,1
1294.84,0.6,573.95,720.9,3,1
889.06,0.4,261.11,627.95,2,1
1087.5,0.8,349.3,738.21,4,1
729.09,0.2,148.7,580.38,1,0
641.25,0.2,121.38,519.87,1,1
704.53,0.2,154.41,550.13,1,0
680.53,0.2,115.27,565.26,1,1
551.18,0.0,86.43,464.74,0,0
676.65,0.2,134.08,542.56,1,1
657.56,0.2,99.86,557.69,1,1
540.12,0.0,67.81,472.31,0,0
803.6,0.2,223.22,580.38,1,0
930.96,0.4,318.14,612.82,2,1
1150.26,1.0,266.16,884.1,5,1
571.44,0.0,91.57,479.87,0,0
745.82,0.2,180.57,565.26,1,0
1068.36,0.8,262.08,806.28,4,1
721.97,0.2,171.84,550.13,1,0
707.71,0.2,187.84,519.87,1,1
473.47,0.0,69.24,404.23,0,1
1383.67,1.0,507.14,876.54,5,1
1136.12,0.6,377.41,758.72,3,0
573.12,0.0,93.24,479.87,0,1
740.19,0.4,112.24,627.95,2,0
717.45,0.2,152.19,565.26,1,0
531.55,0.0,66.81,464.74,0,1
584.65,0.0,150.16,434.49,0,1
634.57,0.2,99.57,535.0,1,1
708.96,0.2,151.27,557.69,1,0
783.71,0.4,170.89,612.82,2,1
643.65,0.4,76.22,567.44,2,1
636.52,0.2,116.65,519.87,1,1
675.51,0.2,140.51,535.0,1,1
890.89,0.4,247.81,643.08,2,1
1051.36,1.0,205.08,846.28,5,1
1163.8,0.6,533.68,630.13,3,1
1276.18,0.8,598.49,677.69,4,1
587.01,0.0,122.27,464.74,0,1
781.88,0.4,131.24,650.64,2,0
864.26,0.4,213.62,650.64,2,0
546.74,0.0,74.43,472.31,0,0
1029.53,0.6,338.89,690.64,3,1
1378.34,0.8,640.14,738.21,4,1
736.11,0.2,148.16,587.95,1,0
1526.07,0.8,780.3,745.77,4,1
1263.2,1.0,356.41,906.79,5,1
846.43,0.6,102.84,743.59,3,0
1160.07,1.0,268.41,891.67,5,1
805.04,0.4,199.78,605.26,2,1
579.18,0.0,122.0,457.18,0,0
749.85,0.4,91.65,658.21,2,1
850.34,0.6,144.57,705.77,3,1
713.63,0.4,93.24,620.38,2,1
1470.24,1.2,500.76,969.49,6,1
1231.96,0.8,440.81,791.15,4,1
597.64,0.0,132.89,464.74,0,1
1706.96,1.2,835.81,871.15,6,1
724.45,0.2,159.19,565.26,1,0
730.77,0.4,65.0,665.77,2,1
579.01,0.0,114.27,464.74,0,0
896.28,0.6,190.51,705.77,3,1
1118.94,0.4,536.38,582.56,2,1
1344.28,1.2,344.54,999.74,6,1
823.95,0.4,196.0,627.95,2,1
753.3,0.4,125.35,627.95,2,1
804.31,0.2,239.05,565.26,1,1
755.81,0.4,127.86,627.95,2,1
704.61,0.2,139.35,565.26,1,1
691.58,0.2,133.89,557.69,1,1
1004.55,0.6,291.22,713.33,3,1
643.14,0.2,108.14,535.0,1,1
1194.99,0.6,557.3,637.69,3,1
1300.91,1.0,416.81,884.1,5,1
740.82,0.4,120.43,620.38,2,0
1257.61,1.0,418.89,838.72,5,1
861.04,0.4,187.7,673.33,2,1
684.32,0.2,134.19,550.13,1,1
707.88,0.2,150.19,557.69,1,1
1154.17,0.8,393.27,760.9,4,1
831.21,0.6,140.57,690.64,3,1
1203.03,0.8,427.0,776.03,4,1
682.06,0.2,109.24,572.82,1,1
791.56,0.4,133.35,658.21,2,1
1265.09,0.6,544.19,720.9,3,1
1405.97,0.6,722.89,683.08,3,1
691.96,0.2,134.27,557.69,1,1
1047.93,0.8,234.08,813.85,4,1
1446.73,1.4,437.24,1009.49,7,1
1318.65,1.0,449.68,868.97,5,1
782.77,0.2,217.51,565.26,1,0
1182.41,0.8,421.51,760.9,4,1
692.84,0.2,165.41,527.44,1,0
516.7,0.2,42.22,474.49,1,1
769.22,0.6,108.84,660.38,3,1
874.75,0.2,317.05,557.69,1,1
1059.65,0.6,391.7,667.95,3,1
1281.65,0.8,513.19,768.46,4,1
717.96,0.2,160.27,557.69,1,0
1070.66,0.8,256.81,813.85,4,1
587.82,0.0,123.08,464.74,0,0
687.14,0.2,159.7,527.44,1,1
591.61,0.0,126.86,464.74,0,0
1137.79,0.8,323.95,813.85,4,1
540.66,0.0,75.92,464.74,0,0
806.82,0.2,294.51,512.31,1,0
734.92,0.2,207.49,527.44,1,0
811.13,0.6,128.05,683.08,3,1
1377.76,0.6,770.32,607.44,3,1
641.39,0.2,76.14,565.26,1,0
588.26,0.0,123.51,464.74,0,1
873.94,0.4,230.86,643.08,2,0
1451.14,1.0,650.24,800.9,5,1
1565.02,1.0,733.86,831.15,5,1
565.0,0.0,62.43,502.56,0,0
791.8,0.4,141.16,650.64,2,1
550.91,0.0,86.16,464.74,0,0
674.28,0.2,109.03,565.26,1,0
655.49,0.2,128.05,527.44,1,1
1006.79,0.6,293.46,713.33,3,1
1268.02,0.6,577.38,690.64,3,0
864.26,0.6,173.62,690.64,3,1
438.93,0.0,34.7,404.23,0,0
767.23,0.4,109.03,658.21,2,1
1118.04,0.6,351.76,766.28,3,0
700.71,0.4,80.32,620.38,2,1
1055.92,0.8,295.03,760.9,4,1
768.71,0.6,108.32,660.38,3,1
623.32,0.2,88.32,535.0,1,0
819.74,0.4,153.97,665.77,2,0
862.96,0.4,197.19,665.77,2,1
1594.18,0.8,855.97,738.21,4,1
792.36,0.4,111.46,680.9,2,0
1420.32,1.0,649.68,770.64,5,1
635.46,0.2,100.46,535.0,1,0
831.55,0.4,226.3,605.26,2,0
592.84,0.2,57.84,535.0,1,0
664.54,0.2,129.54,535.0,1,1
1211.61,0.8,412.89,798.72,4,0
1384.43,1.2,475.46,908.97,6,1
861.7,0.6,133.24,728.46,3,1
1240.92,1.0,379.51,861.41,5,1
791.5,0.4,125.73,665.77,2,1
827.84,0.4,199.89,627.95,2,0
731.48,0.4,141.35,590.13,2,1
682.37,0.2,132.24,550.13,1,0
1000.73,0.8,277.65,723.08,4,0
1120.39,0.8,306.54,813.85,4,1
982.25,0.8,228.92,753.33,4,1
1054.03,0.4,479.03,575.0,2,1
846.69,0.2,281.43,565.26,1,0
950.66,0.4,292.46,658.21,2,0
1344.63,0.8,591.3,753.33,4,1
1390.07,0.4,799.95,590.13,2,1
1105.84,0.8,276.86,828.97,4,1
648.47,0.2,75.65,572.82,1,0
782.85,0.4,177.59,605.26,2,1
659.03,0.2,131.59,527.44,1,1
874.12,0.4,208.35,665.77,2,0
941.31,0.4,283.11,658.21,2,0
931.28,0.6,217.95,713.33,3,1
695.8,0.4,90.54,605.26,2,1
857.5,0.6,144.16,713.33,3,1
831.7,0.6,141.05,690.64,3,1
1280.95,1.0,366.59,914.36,5,1
536.96,0.0,72.22,464.74,0,1
973.8,0.6,275.59,698.21,3,1
711.53,0.2,146.27,565.26,1,1
806.12,0.2,240.86,565.26,1,1
491.19,0.0,56.7,434.49,0,1
834.89,0.6,106.43,728.46,3,1
855.75,0.6,172.68,683.08,3,1
628.72,0.2,71.03,557.69,1,1
818.58,0.2,313.84,504.74,1,1
547.18,0.0,82.43,464.74,0,0
618.62,0.0,169.0,449.62,0,0
759.04,0.4,100.84,658.21,2,1
902.97,0.4,259.89,643.08,2,1
598.29,0.4,61.11,537.18,2,1
764.46,0.4,181.89,582.56,2,1
1427.46,1.0,550.92,876.54,5,1
1317.02,0.8,578.81,738.21,4,1
980.71,0.8,166.86,813.85,4,1
1151.03,1.2,196.68,954.36,6,1
561.97,0.0,112.35,449.62,0,1
723.34,0.4,125.65,597.69,2,1
468.49,0.0,34.0,434.49,0,1
1372.47,0.8,611.57,760.9,4,1
1070.49,0.6,334.46,736.03,3,1
581.8,0.0,132.19,449.62,0,0
910.08,0.2,382.65,527.44,1,1
660.59,0.2,110.46,550.13,1,1
767.47,0.4,101.7,665.77,2,1
698.1,0.2,155.54,542.56,1,1
904.21,0.6,213.57,690.64,3,1
1074.62,0.8,245.65,828.97,4,1
1258.9,1.2,304.54,954.36,6,1
593.04,0.0,128.3,464.74,0,1
581.72,0.0,124.54,457.18,0,1
482.49,0.0,48.0,434.49,0,1
608.75,0.0,151.57,457.18,0,1
774.04,0.4,115.84,658.21,2,1
833.89,0.4,205.95,627.95,2,1
726.1,0.2,168.41,557.69,1,1
1426.78,0.8,764.22,662.56,4,1
645.45,0.2,87.76,557.69,1,1
985.36,0.4,319.59,665.77,2,0
1332.81,0.8,496.27,836.54,4,1
900.34,0.6,209.7,690.64,3,1
619.07,0.0,154.32,464.74,0,1
906.63,0.4,286.24,620.38,2,0
539.62,0.0,105.14,434.49,0,0
979.51,0.6,296.43,683.08,3,1
1041.33,1.0,240.43,800.9,5,1
896.85,0.4,231.08,665.77,2,0
731.56,0.2,173.86,557.69,1,0
513.72,0.0,64.11,449.62,0,0
702.09,0.6,41.7,660.38,3,1
1026.77,0.6,328.57,698.21,3,1
544.26,0.0,94.65,449.62,0,0
935.63,0.8,189.86,745.77,4,1
