"Total_Cost","Ratio_Reloc_Prod","Horiz_Cost","Vert_Cost","nReloc","non_Optimal"
229705.07,0.4513,36878.85,192826.21,677,750
217.73,0.0,16.7,201.03,0,1
215.06,0.0,36.73,178.33,0,1
357.88,0.5,94.16,263.72,1,1
294.53,0.5,30.81,263.72,1,1
456.9,1.0,77.54,379.36,2,1
222.03,0.0,21.0,201.03,0,1
376.84,0.5,82.86,293.97,1,1
425.96,1.0,61.73,364.23,2,1
205.46,0.0,12.0,193.46,0,1
227.77,0.0,49.43,178.33,0,1
347.13,0.5,90.97,256.15,1,1
364.85,0.5,93.57,271.28,1,1
366.71,0.5,87.86,278.85,1,1
212.16,0.0,18.7,193.46,0,1
507.09,1.5,87.73,419.36,3,1
214.46,0.0,21.0,193.46,0,1
208.41,0.0,22.51,185.9,0,1
266.17,0.0,80.27,185.9,0,1
239.08,0.0,45.62,193.46,0,1
678.88,2.0,174.14,504.74,4,1
221.03,0.0,20.0,201.03,0,1
227.46,0.0,34.0,193.46,0,1
411.13,1.0,62.03,349.1,2,1
210.46,0.0,17.0,193.46,0,1
332.64,0.5,84.05,248.59,1,1
245.79,0.0,67.46,178.33,0,1
341.77,0.5,78.05,263.72,1,1
455.5,1.0,91.27,364.23,2,1
195.14,0.0,16.81,178.33,0,1
251.55,0.0,65.65,185.9,0,1
379.16,1.0,37.62,341.54,2,1
197.99,0.0,27.22,170.77,0,1
238.49,0.0,45.03,193.46,0,1
292.46,0.5,51.43,241.03,1,1
204.71,0.0,18.81,185.9,0,1
192.33,0.0,14.0,178.33,0,1
194.33,0.0,16.0,178.33,0,1
374.41,0.5,95.57,278.85,1,1
208.9,0.0,23.0,185.9,0,1
367.54,1.0,26.0,341.54,2,1
384.46,1.0,42.92,341.54,2,1
416.67,1.0,75.14,341.54,2,1
550.37,1.5,100.76,449.62,3,1
238.49,0.0,45.03,193.46,0,1
190.33,0.0,12.0,178.33,0,1
341.71,0.5,70.43,271.28,1,1
204.01,0.0,18.11,185.9,0,1
197.04,0.0,18.7,178.33,0,1
179.21,0.0,16.0,163.21,0,1
438.8,1.0,82.14,356.67,2,1
230.54,0.0,29.51,201.03,0,1
446.4,1.0,104.86,341.54,2,1
277.55,0.0,106.78,170.77,0,1
419.85,1.0,55.62,364.23,2,1
411.73,1.0,77.76,333.97,2,1
213.46,0.0,20.0,193.46,0,1
312.25,0.5,33.41,278.85,1,1
219.46,0.0,26.0,193.46,0,1
262.0,0.0,68.54,193.46,0,1
204.33,0.0,26.0,178.33,0,1
375.91,1.0,26.81,349.1,2,1
209.75,0.0,46.54,163.21,0,1
201.44,0.0,23.11,178.33,0,1
499.76,1.5,72.84,426.92,3,1
345.55,0.5,59.14,286.41,1,1
365.65,1.0,24.11,341.54,2,1
338.44,0.5,52.03,286.41,1,1
413.26,1.0,49.03,364.23,2,1
333.02,0.5,76.86,256.15,1,1
302.42,0.5,38.7,263.72,1,1
199.74,0.0,21.41,178.33,0,1
177.31,0.0,14.11,163.21,0,1
329.0,0.5,87.97,241.03,1,1
618.69,2.5,73.95,544.74,5,1
444.15,1.0,79.92,364.23,2,1
431.4,1.0,89.86,341.54,2,1
498.74,1.5,86.95,411.79,3,1
292.43,0.0,98.97,193.46,0,1
363.54,1.0,22.0,341.54,2,1
260.06,0.0,74.16,185.9,0,1
299.42,0.5,35.7,263.72,1,1
228.22,0.0,42.32,185.9,0,1
207.41,0.0,21.51,185.9,0,1
334.55,0.5,48.14,286.41,1,1
190.33,0.0,12.0,178.33,0,1
591.3,1.5,156.81,434.49,3,1
203.9,0.0,18.0,185.9,0,1
183.21,0.0,20.0,163.21,0,1
324.47,0.5,45.62,278.85,1,1
226.98,0.0,33.51,193.46,0,1
288.48,0.5,32.32,256.15,1,1
417.65,1.0,91.24,326.41,2,1
207.8,0.0,37.03,170.77,0,1
530.49,1.5,103.57,426.92,3,1
194.33,0.0,16.0,178.33,0,1
456.94,1.0,100.27,356.67,2,1
374.12,0.5,95.27,278.85,1,1
245.3,0.0,51.84,193.46,0,1
234.77,0.0,56.43,178.33,0,1
300.85,0.5,22.0,278.85,1,1
198.33,0.0,20.0,178.33,0,1
199.33,0.0,21.0,178.33,0,1
224.66,0.0,46.32,178.33,0,1
205.3,0.0,19.41,185.9,0,1
208.55,0.0,30.22,178.33,0,1
330.55,0.5,51.7,278.85,1,1
169.21,0.0,6.0,163.21,0,1
226.16,0.0,32.7,193.46,0,1
287.52,0.0,109.19,178.33,0,1
194.33,0.0,16.0,178.33,0,1
477.68,1.5,58.32,419.36,3,1
227.52,0.0,41.62,185.9,0,1
325.41,0.5,39.0,286.41,1,1
217.85,0.0,39.51,178.33,0,1
196.33,0.0,18.0,178.33,0,1
444.46,1.0,110.49,333.97,2,1
437.77,1.0,73.54,364.23,2,1
207.3,0.0,21.41,185.9,0,1
177.21,0.0,14.0,163.21,0,1
199.04,0.0,20.7,178.33,0,1
348.39,0.5,84.68,263.72,1,1
291.4,0.5,42.81,248.59,1,1
469.07,1.5,64.84,404.23,3,1
236.49,0.0,43.03,193.46,0,1
409.8,0.5,138.51,271.28,1,1
199.9,0.0,14.0,185.9,0,1
463.23,1.5,51.43,411.79,3,1
337.87,0.5,59.03,278.85,1,1
229.03,0.0,43.14,185.9,0,1
216.71,0.0,30.81,185.9,0,1
446.46,1.5,64.92,381.54,3,1
249.79,0.0,71.46,178.33,0,1
217.41,0.0,31.51,185.9,0,1
400.69,1.0,44.03,356.67,2,1
327.48,0.5,71.32,256.15,1,1
455.32,1.5,66.22,389.1,3,1
317.45,0.5,53.73,263.72,1,1
273.67,0.0,72.65,201.03,0,1
416.94,1.0,67.84,349.1,2,1
190.33,0.0,12.0,178.33,0,1
336.84,0.5,50.43,286.41,1,1
258.0,0.0,64.54,193.46,0,1
553.82,2.0,94.46,459.36,4,1
300.29,0.5,51.7,248.59,1,1
377.1,1.0,28.0,349.1,2,1
207.46,0.0,14.0,193.46,0,1
393.59,1.0,36.92,356.67,2,1
270.79,0.5,37.32,233.46,1,1
255.65,0.0,69.76,185.9,0,1
321.75,0.5,73.16,248.59,1,1
195.14,0.0,16.81,178.33,0,1
242.54,0.0,41.51,201.03,0,1
274.9,0.0,96.57,178.33,0,1
532.64,1.5,128.41,404.23,3,1
280.26,0.5,24.11,256.15,1,1
194.33,0.0,16.0,178.33,0,1
380.84,1.0,54.43,326.41,2,1
345.14,0.5,58.73,286.41,1,1
202.33,0.0,24.0,178.33,0,1
296.59,0.0,95.57,201.03,0,1
304.59,0.5,48.43,256.15,1,1
175.21,0.0,12.0,163.21,0,1
507.62,1.5,73.14,434.49,3,1
361.54,1.0,20.0,341.54,2,1
361.36,0.5,74.95,286.41,1,1
196.33,0.0,18.0,178.33,0,1
253.41,0.0,59.95,193.46,0,1
222.16,0.0,28.7,193.46,0,1
408.04,1.0,43.81,364.23,2,1
641.11,2.0,166.62,474.49,4,1
203.9,0.0,18.0,185.9,0,1
366.79,0.5,87.95,278.85,1,1
257.41,0.0,63.95,193.46,0,1
226.27,0.0,32.81,193.46,0,1
387.34,1.0,76.05,311.28,2,1
210.11,0.0,24.22,185.9,0,1
194.33,0.0,16.0,178.33,0,1
180.21,0.0,17.0,163.21,0,1
448.23,1.0,91.57,356.67,2,1
194.33,0.0,16.0,178.33,0,1
196.33,0.0,18.0,178.33,0,1
349.83,0.5,93.68,256.15,1,1
286.7,0.5,38.11,248.59,1,1
410.33,1.0,76.35,333.97,2,1
587.8,2.0,83.05,504.74,4,1
490.88,1.5,86.65,404.23,3,1
240.6,0.0,47.14,193.46,0,1
192.33,0.0,14.0,178.33,0,1
171.21,0.0,8.0,163.21,0,1
174.61,0.0,11.41,163.21,0,1
332.69,1.0,21.41,311.28,2,1
333.33,0.5,46.92,286.41,1,1
311.34,0.5,47.62,263.72,1,1
202.44,0.0,24.11,178.33,0,1
508.43,1.5,73.95,434.49,3,1
202.33,0.0,24.0,178.33,0,1
583.53,2.0,86.35,497.18,4,1
198.3,0.0,12.41,185.9,0,1
220.98,0.0,27.51,193.46,0,1
227.2,0.0,56.43,170.77,0,1
479.88,1.5,75.65,404.23,3,1
189.74,0.0,11.41,178.33,0,1
171.91,0.0,8.7,163.21,0,1
332.68,0.5,53.84,278.85,1,1
381.14,0.5,87.16,293.97,1,1
354.58,0.5,75.73,278.85,1,1
291.86,0.5,35.7,256.15,1,1
336.14,0.5,49.73,286.41,1,1
403.59,1.0,46.92,356.67,2,1
477.52,1.5,65.73,411.79,3,1
418.5,1.0,46.7,371.79,2,1
443.18,1.0,78.95,364.23,2,1
238.55,0.0,52.65,185.9,0,1
250.55,0.0,64.65,185.9,0,1
390.62,1.0,41.51,349.1,2,1
312.36,0.5,33.51,278.85,1,1
230.92,0.0,45.03,185.9,0,1
221.27,0.0,27.81,193.46,0,1
194.33,0.0,16.0,178.33,0,1
179.21,0.0,16.0,163.21,0,1
206.33,0.0,28.0,178.33,0,1
206.33,0.0,28.0,178.33,0,1
364.17,1.0,45.32,318.85,2,1
391.54,1.0,50.0,341.54,2,1
410.94,1.0,61.84,349.1,2,1
203.9,0.0,18.0,185.9,0,1
221.82,0.0,35.92,185.9,0,1
721.05,3.0,106.05,615.0,6,1
369.98,0.5,83.57,286.41,1,1
197.9,0.0,12.0,185.9,0,1
496.62,1.0,147.51,349.1,2,1
217.22,0.0,31.32,185.9,0,1
186.33,0.0,8.0,178.33,0,1
399.06,1.0,72.65,326.41,2,1
382.65,1.0,41.11,341.54,2,1
334.44,0.5,48.03,286.41,1,1
341.71,0.5,70.43,271.28,1,1
461.26,1.5,57.03,404.23,3,1
250.39,0.0,72.05,178.33,0,1
259.52,0.0,66.05,193.46,0,1
225.98,0.0,32.51,193.46,0,1
577.99,2.0,73.24,504.74,4,1
224.27,0.0,30.81,193.46,0,1
206.39,0.0,35.62,170.77,0,1
240.6,0.0,47.14,193.46,0,1
275.89,0.5,42.43,233.46,1,1
198.33,0.0,20.0,178.33,0,1
412.8,1.0,56.14,356.67,2,1
243.58,0.0,65.24,178.33,0,1
282.42,0.5,18.7,263.72,1,1
317.22,0.5,30.81,286.41,1,1
661.88,2.5,109.57,552.31,5,1
354.2,0.5,75.35,278.85,1,1
308.36,0.5,29.51,278.85,1,1
210.11,0.0,24.22,185.9,0,1
206.55,0.0,28.22,178.33,0,1
174.61,0.0,11.41,163.21,0,1
241.03,0.0,40.0,201.03,0,1
294.57,0.5,53.54,241.03,1,1
417.26,1.0,53.03,364.23,2,1
286.15,0.5,30.0,256.15,1,1
404.83,1.0,55.73,349.1,2,1
255.9,0.0,77.57,178.33,0,1
441.82,1.0,70.03,371.79,2,1
376.46,1.0,34.92,341.54,2,1
226.77,0.0,48.43,178.33,0,1
225.27,0.0,31.81,193.46,0,1
200.55,0.0,22.22,178.33,0,1
292.83,0.5,29.11,263.72,1,1
198.33,0.0,20.0,178.33,0,1
449.69,1.0,85.46,364.23,2,1
212.27,0.0,18.81,193.46,0,1
171.21,0.0,8.0,163.21,0,1
194.44,0.0,16.11,178.33,0,1
180.02,0.0,16.81,163.21,0,1
177.91,0.0,14.7,163.21,0,1
210.33,0.0,32.0,178.33,0,1
212.71,0.0,26.81,185.9,0,1
213.9,0.0,43.14,170.77,0,1
374.38,0.5,140.92,233.46,1,1
214.11,0.0,28.22,185.9,0,1
192.77,0.0,22.0,170.77,0,1
179.21,0.0,16.0,163.21,0,1
534.16,1.5,84.54,449.62,3,1
193.69,0.0,22.92,170.77,0,1
222.68,0.0,29.22,193.46,0,1
316.41,0.5,30.0,286.41,1,1
182.72,0.0,19.51,163.21,0,1
327.28,0.5,48.43,278.85,1,1
215.9,0.0,30.0,185.9,0,1
343.28,0.5,64.43,278.85,1,1
331.96,0.5,68.24,263.72,1,1
192.33,0.0,14.0,178.33,0,1
526.38,1.5,99.46,426.92,3,1
460.8,1.0,96.57,364.23,2,1
324.68,0.5,30.7,293.97,1,1
590.39,2.0,85.65,504.74,4,1
290.53,0.5,26.81,263.72,1,1
403.48,1.0,61.95,341.54,2,1
339.4,0.5,98.38,241.03,1,1
454.18,1.0,105.08,349.1,2,1
211.41,0.0,25.51,185.9,0,1
223.38,0.0,29.92,193.46,0,1
302.64,0.5,38.92,263.72,1,1
228.41,0.0,42.51,185.9,0,1
558.24,2.0,83.76,474.49,4,1
494.85,1.5,83.05,411.79,3,1
309.74,0.5,46.03,263.72,1,1
332.03,0.5,45.62,286.41,1,1
407.8,1.0,51.14,356.67,2,1
426.75,1.0,77.65,349.1,2,1
191.33,0.0,13.0,178.33,0,1
336.8,1.0,25.51,311.28,2,1
483.81,1.0,134.7,349.1,2,1
458.05,1.5,68.95,389.1,3,1
341.47,0.5,62.62,278.85,1,1
380.33,0.5,86.35,293.97,1,1
564.4,1.5,114.78,449.62,3,1
449.56,1.5,45.32,404.23,3,1
404.45,1.0,40.22,364.23,2,1
290.12,0.5,26.41,263.72,1,1
429.36,1.0,50.0,379.36,2,1
590.82,2.0,78.51,512.31,4,1
444.3,1.0,117.89,326.41,2,1
437.01,0.5,165.73,271.28,1,1
213.13,0.0,12.11,201.03,0,1
344.7,0.5,50.73,293.97,1,1
223.46,0.0,30.0,193.46,0,1
433.02,1.0,76.35,356.67,2,1
216.11,0.0,30.22,185.9,0,1
485.36,1.5,58.43,426.92,3,1
228.38,0.0,34.92,193.46,0,1
222.16,0.0,28.7,193.46,0,1
233.46,0.0,40.0,193.46,0,1
306.72,0.5,43.0,263.72,1,1
451.83,1.0,95.16,356.67,2,1
337.89,0.5,43.92,293.97,1,1
290.53,0.5,26.81,263.72,1,1
302.45,0.5,38.73,263.72,1,1
203.69,0.0,32.92,170.77,0,1
336.26,0.5,72.54,263.72,1,1
295.84,0.0,102.38,193.46,0,1
327.92,0.5,41.51,286.41,1,1
243.74,0.0,57.84,185.9,0,1
513.61,1.5,56.43,457.18,3,1
199.46,0.0,6.0,193.46,0,1
463.92,1.5,37.0,426.92,3,1
261.31,0.0,82.97,178.33,0,1
475.18,1.5,70.95,404.23,3,1
375.16,1.0,33.62,341.54,2,1
416.91,1.0,60.24,356.67,2,1
372.12,0.5,93.27,278.85,1,1
369.38,1.0,35.41,333.97,2,1
480.31,1.0,116.08,364.23,2,1
303.97,0.5,62.95,241.03,1,1
444.72,1.0,88.05,356.67,2,1
327.82,0.5,41.41,286.41,1,1
406.2,1.0,34.41,371.79,2,1
306.5,0.5,35.22,271.28,1,1
221.52,0.0,35.62,185.9,0,1
322.52,0.5,36.11,286.41,1,1
317.03,0.5,30.62,286.41,1,1
440.47,1.0,76.24,364.23,2,1
401.15,1.0,36.92,364.23,2,1
263.41,0.0,69.95,193.46,0,1
236.14,0.0,50.24,185.9,0,1
204.6,0.0,18.7,185.9,0,1
338.18,0.5,74.46,263.72,1,1
519.24,1.5,84.76,434.49,3,1
382.64,1.0,18.41,364.23,2,1
246.44,0.0,60.54,185.9,0,1
522.01,1.5,117.78,404.23,3,1
322.8,0.5,66.65,256.15,1,1
398.93,1.0,34.7,364.23,2,1
264.52,0.0,71.05,193.46,0,1
212.27,0.0,18.81,193.46,0,1
379.72,0.5,116.0,263.72,1,1
198.6,0.0,12.7,185.9,0,1
175.21,0.0,12.0,163.21,0,1
247.09,0.0,68.76,178.33,0,1
316.41,0.5,30.0,286.41,1,1
237.47,0.0,59.14,178.33,0,1
408.81,1.0,59.7,349.1,2,1
320.41,0.5,34.0,286.41,1,1
537.83,1.5,80.65,457.18,3,1
199.9,0.0,14.0,185.9,0,1
195.04,0.0,16.7,178.33,0,1
395.41,1.0,61.43,333.97,2,1
203.9,0.0,18.0,185.9,0,1
175.21,0.0,12.0,163.21,0,1
429.37,1.0,65.14,364.23,2,1
195.9,0.0,10.0,185.9,0,1
403.14,0.5,124.3,278.85,1,1
201.9,0.0,16.0,185.9,0,1
257.36,0.0,71.46,185.9,0,1
406.22,1.0,72.24,333.97,2,1
175.21,0.0,12.0,163.21,0,1
174.61,0.0,11.41,163.21,0,1
368.96,1.0,65.24,303.72,2,1
294.88,0.5,38.73,256.15,1,1
359.01,1.0,47.73,311.28,2,1
344.95,1.0,26.11,318.85,2,1
201.74,0.0,23.41,178.33,0,1
432.86,1.0,83.76,349.1,2,1
199.46,0.0,6.0,193.46,0,1
445.34,1.0,73.54,371.79,2,1
209.46,0.0,16.0,193.46,0,1
223.25,0.0,44.92,178.33,0,1
247.22,0.0,61.32,185.9,0,1
222.61,0.0,51.84,170.77,0,1
169.21,0.0,6.0,163.21,0,1
273.86,0.5,17.7,256.15,1,1
368.17,0.5,81.76,286.41,1,1
363.06,1.0,44.22,318.85,2,1
266.76,0.0,80.86,185.9,0,1
292.83,0.5,29.11,263.72,1,1
450.26,1.0,86.03,364.23,2,1
310.77,0.5,31.92,278.85,1,1
504.2,1.5,84.84,419.36,3,1
342.09,0.5,63.24,278.85,1,1
304.72,0.5,41.0,263.72,1,1
223.63,0.0,37.73,185.9,0,1
469.91,1.0,105.68,364.23,2,1
396.81,1.0,62.84,333.97,2,1
245.35,0.0,44.32,201.03,0,1
413.73,1.0,79.76,333.97,2,1
200.01,0.0,14.11,185.9,0,1
207.9,0.0,22.0,185.9,0,1
264.3,0.0,70.84,193.46,0,1
283.62,0.0,90.16,193.46,0,1
456.05,1.0,99.38,356.67,2,1
205.46,0.0,12.0,193.46,0,1
300.85,0.5,22.0,278.85,1,1
307.6,0.0,121.7,185.9,0,1
409.04,1.0,44.81,364.23,2,1
426.87,1.0,47.51,379.36,2,1
203.55,0.0,25.22,178.33,0,1
438.42,1.0,66.62,371.79,2,1
331.89,0.5,37.92,293.97,1,1
329.49,0.5,35.51,293.97,1,1
208.9,0.0,23.0,185.9,0,1
215.9,0.0,30.0,185.9,0,1
263.71,0.0,85.38,178.33,0,1
236.82,0.0,66.05,170.77,0,1
214.22,0.0,28.32,185.9,0,1
224.06,0.0,45.73,178.33,0,1
272.26,0.5,16.11,256.15,1,1
213.9,0.0,28.0,185.9,0,1
220.57,0.0,27.11,193.46,0,1
207.9,0.0,22.0,185.9,0,1
386.58,0.5,115.3,271.28,1,1
324.11,0.5,37.7,286.41,1,1
226.46,0.0,33.0,193.46,0,1
221.36,0.0,43.03,178.33,0,1
234.49,0.0,41.03,193.46,0,1
392.38,0.5,105.97,286.41,1,1
205.04,0.0,26.7,178.33,0,1
235.52,0.0,49.62,185.9,0,1
218.71,0.0,32.81,185.9,0,1
223.41,0.0,37.51,185.9,0,1
204.9,0.0,19.0,185.9,0,1
465.65,1.0,124.11,341.54,2,1
528.44,1.5,109.08,419.36,3,1
229.68,0.0,36.22,193.46,0,1
192.44,0.0,14.11,178.33,0,1
258.06,0.0,72.16,185.9,0,1
194.33,0.0,16.0,178.33,0,1
211.9,0.0,26.0,185.9,0,1
298.0,0.0,96.97,201.03,0,1
367.82,0.5,88.97,278.85,1,1
260.6,0.0,82.27,178.33,0,1
202.33,0.0,24.0,178.33,0,1
293.67,0.5,37.51,256.15,1,1
361.46,0.5,75.05,286.41,1,1
374.12,0.5,95.27,278.85,1,1
479.13,1.5,82.46,396.67,3,1
409.24,1.0,60.14,349.1,2,1
271.24,0.5,30.22,241.03,1,1
293.42,0.5,29.7,263.72,1,1
250.11,0.0,56.65,193.46,0,1
213.46,0.0,20.0,193.46,0,1
208.82,0.0,22.92,185.9,0,1
280.37,0.5,24.22,256.15,1,1
192.33,0.0,14.0,178.33,0,1
243.79,0.0,50.32,193.46,0,1
231.9,0.0,61.14,170.77,0,1
213.25,0.0,34.92,178.33,0,1
235.79,0.0,42.32,193.46,0,1
220.27,0.0,26.81,193.46,0,1
485.42,1.5,88.76,396.67,3,1
220.66,0.0,42.32,178.33,0,1
224.38,0.0,30.92,193.46,0,1
186.33,0.0,8.0,178.33,0,1
213.9,0.0,28.0,185.9,0,1
556.29,2.0,74.24,482.05,4,1
454.39,1.0,90.16,364.23,2,1
180.02,0.0,16.81,163.21,0,1
174.61,0.0,11.41,163.21,0,1
352.79,0.5,73.95,278.85,1,1
259.3,0.0,65.84,193.46,0,1
203.3,0.0,17.41,185.9,0,1
434.77,1.0,70.54,364.23,2,1
220.27,0.0,26.81,193.46,0,1
243.03,0.0,42.0,201.03,0,1
203.85,0.0,25.51,178.33,0,1
346.84,0.5,60.43,286.41,1,1
223.9,0.0,38.0,185.9,0,1
258.76,0.0,57.73,201.03,0,1
313.56,0.5,49.84,263.72,1,1
406.35,1.0,57.24,349.1,2,1
212.6,0.0,26.7,185.9,0,1
602.48,2.0,112.86,489.62,4,1
199.46,0.0,6.0,193.46,0,1
352.25,0.5,65.84,286.41,1,1
406.12,1.0,87.27,318.85,2,1
265.79,0.0,87.46,178.33,0,1
205.46,0.0,12.0,193.46,0,1
179.21,0.0,16.0,163.21,0,1
501.5,1.0,129.7,371.79,2,1
328.58,0.5,49.73,278.85,1,1
408.71,1.0,36.92,371.79,2,1
336.49,0.5,57.65,278.85,1,1
430.93,1.0,59.14,371.79,2,1
389.32,1.0,40.22,349.1,2,1
211.9,0.0,26.0,185.9,0,1
356.36,0.5,69.95,286.41,1,1
306.88,0.5,50.73,256.15,1,1
237.23,0.0,66.46,170.77,0,1
177.91,0.0,14.7,163.21,0,1
546.0,1.5,119.08,426.92,3,1
355.41,0.5,76.57,278.85,1,1
346.55,0.5,60.14,286.41,1,1
227.08,0.0,33.62,193.46,0,1
235.28,0.0,56.95,178.33,0,1
430.35,1.0,81.24,349.1,2,1
270.47,0.0,84.57,185.9,0,1
171.21,0.0,8.0,163.21,0,1
598.29,2.5,76.24,522.05,5,1
386.41,1.0,52.43,333.97,2,1
191.33,0.0,13.0,178.33,0,1
213.9,0.0,28.0,185.9,0,1
171.21,0.0,8.0,163.21,0,1
206.33,0.0,28.0,178.33,0,1
328.11,0.5,41.7,286.41,1,1
359.61,1.0,48.32,311.28,2,1
403.93,1.0,39.7,364.23,2,1
245.09,0.0,66.76,178.33,0,1
205.9,0.0,20.0,185.9,0,1
252.05,0.0,51.03,201.03,0,1
213.14,0.0,34.81,178.33,0,1
210.01,0.0,24.11,185.9,0,1
177.21,0.0,14.0,163.21,0,1
171.91,0.0,8.7,163.21,0,1
565.37,2.0,60.62,504.74,4,1
400.04,1.0,35.81,364.23,2,1
336.36,0.5,57.51,278.85,1,1
404.81,1.0,70.84,333.97,2,1
238.98,0.0,45.51,193.46,0,1
280.37,0.5,24.22,256.15,1,1
448.16,1.0,114.19,333.97,2,1
423.5,1.0,66.84,356.67,2,1
233.24,0.0,32.22,201.03,0,1
186.33,0.0,8.0,178.33,0,1
298.34,0.5,34.62,263.72,1,1
415.1,1.0,58.43,356.67,2,1
226.11,0.0,40.22,185.9,0,1
378.87,0.5,92.46,286.41,1,1
341.47,0.5,77.76,263.72,1,1
218.11,0.0,32.22,185.9,0,1
330.63,0.5,44.22,286.41,1,1
333.28,1.0,22.0,311.28,2,1
171.21,0.0,8.0,163.21,0,1
643.66,2.5,91.35,552.31,5,1
264.6,0.0,86.27,178.33,0,1
257.65,0.0,71.76,185.9,0,1
366.1,0.5,102.38,263.72,1,1
308.95,0.5,30.11,278.85,1,1
223.46,0.0,30.0,193.46,0,1
389.6,1.0,70.76,318.85,2,1
184.33,0.0,6.0,178.33,0,1
455.72,1.0,99.05,356.67,2,1
289.63,0.0,111.3,178.33,0,1
211.46,0.0,18.0,193.46,0,1
179.21,0.0,16.0,163.21,0,1
220.9,0.0,35.0,185.9,0,1
507.38,1.5,65.32,442.05,3,1
321.22,0.5,34.81,286.41,1,1
219.46,0.0,26.0,193.46,0,1
293.88,0.5,37.73,256.15,1,1
383.01,0.5,104.16,278.85,1,1
216.11,0.0,30.22,185.9,0,1
450.44,1.0,78.65,371.79,2,1
217.46,0.0,24.0,193.46,0,1
325.33,0.5,38.92,286.41,1,1
461.61,1.0,150.32,311.28,2,1
192.33,0.0,14.0,178.33,0,1
171.21,0.0,8.0,163.21,0,1
199.44,0.0,21.11,178.33,0,1
177.21,0.0,14.0,163.21,0,1
213.41,0.0,27.51,185.9,0,1
212.6,0.0,26.7,185.9,0,1
415.59,1.0,74.05,341.54,2,1
213.9,0.0,28.0,185.9,0,1
286.96,0.5,30.81,256.15,1,1
181.77,0.0,11.0,170.77,0,1
177.91,0.0,14.7,163.21,0,1
436.96,0.5,173.24,263.72,1,1
226.26,0.0,63.05,163.21,0,1
325.41,0.5,39.0,286.41,1,1
208.55,0.0,30.22,178.33,0,1
415.4,1.0,58.73,356.67,2,1
189.74,0.0,11.41,178.33,0,1
302.95,0.5,24.11,278.85,1,1
215.9,0.0,30.0,185.9,0,1
214.11,0.0,28.22,185.9,0,1
213.36,0.0,35.03,178.33,0,1
328.11,0.5,41.7,286.41,1,1
181.21,0.0,18.0,163.21,0,1
203.44,0.0,25.11,178.33,0,1
374.87,0.5,88.46,286.41,1,1
312.41,0.5,26.0,286.41,1,1
443.79,1.5,32.0,411.79,3,1
547.41,1.5,120.49,426.92,3,1
365.61,0.5,101.89,263.72,1,1
195.6,0.0,9.7,185.9,0,1
309.72,0.5,46.0,263.72,1,1
475.44,1.5,48.51,426.92,3,1
194.33,0.0,16.0,178.33,0,1
440.23,1.5,36.0,404.23,3,1
242.82,0.0,56.92,185.9,0,1
229.38,0.0,35.92,193.46,0,1
206.6,0.0,20.7,185.9,0,1
205.3,0.0,19.41,185.9,0,1
412.04,1.0,47.81,364.23,2,1
242.89,0.0,49.43,193.46,0,1
503.36,1.5,91.57,411.79,3,1
221.31,0.0,50.54,170.77,0,1
248.3,0.0,54.84,193.46,0,1
212.57,0.0,19.11,193.46,0,1
420.56,1.0,56.32,364.23,2,1
223.36,0.0,45.03,178.33,0,1
259.85,0.0,89.08,170.77,0,1
201.01,0.0,15.11,185.9,0,1
171.21,0.0,8.0,163.21,0,1
229.13,0.0,28.11,201.03,0,1
266.86,0.0,65.84,201.03,0,1
200.77,0.0,30.0,170.77,0,1
306.95,0.5,28.11,278.85,1,1
560.42,1.5,148.62,411.79,3,1
354.95,1.0,36.11,318.85,2,1
260.11,0.0,66.65,193.46,0,1
492.96,1.5,81.16,411.79,3,1
205.8,0.0,35.03,170.77,0,1
206.6,0.0,20.7,185.9,0,1
334.33,0.5,47.92,286.41,1,1
228.41,0.0,42.51,185.9,0,1
604.86,2.0,107.68,497.18,4,1
469.1,1.0,120.0,349.1,2,1
342.6,0.5,48.62,293.97,1,1
405.4,1.0,48.73,356.67,2,1
366.94,1.0,25.41,341.54,2,1
324.56,0.5,60.84,263.72,1,1
190.33,0.0,12.0,178.33,0,1
233.13,0.0,32.11,201.03,0,1
251.46,0.5,18.0,233.46,1,1
231.63,0.0,45.73,185.9,0,1
202.6,0.0,16.7,185.9,0,1
360.24,1.0,18.7,341.54,2,1
191.04,0.0,12.7,178.33,0,1
395.53,1.0,46.43,349.1,2,1
456.26,1.5,52.03,404.23,3,1
194.33,0.0,16.0,178.33,0,1
324.73,0.5,38.32,286.41,1,1
451.63,1.0,79.84,371.79,2,1
207.9,0.0,22.0,185.9,0,1
465.56,1.5,61.32,404.23,3,1
333.33,0.5,46.92,286.41,1,1
482.28,1.5,62.92,419.36,3,1
242.98,0.0,64.65,178.33,0,1
353.65,0.5,67.24,286.41,1,1
219.57,0.0,26.11,193.46,0,1
487.3,1.5,67.95,419.36,3,1
315.4,0.5,59.24,256.15,1,1
177.31,0.0,14.11,163.21,0,1
204.33,0.0,26.0,178.33,0,1
256.27,0.5,22.81,233.46,1,1
588.39,2.0,83.65,504.74,4,1
205.46,0.0,12.0,193.46,0,1
338.53,0.5,67.24,271.28,1,1
415.4,1.0,58.73,356.67,2,1
199.44,0.0,21.11,178.33,0,1
303.95,0.5,25.11,278.85,1,1
249.55,0.0,63.65,185.9,0,1
197.33,0.0,19.0,178.33,0,1
213.25,0.0,34.92,178.33,0,1
332.71,0.5,61.43,271.28,1,1
225.9,0.0,40.0,185.9,0,1
294.26,0.5,38.11,256.15,1,1
328.64,0.5,80.05,248.59,1,1
219.52,0.0,33.62,185.9,0,1
412.36,1.0,101.08,311.28,2,1
505.19,1.5,63.14,442.05,3,1
289.72,0.5,26.0,263.72,1,1
205.41,0.0,19.51,185.9,0,1
205.3,0.0,19.41,185.9,0,1
330.11,0.5,43.7,286.41,1,1
211.95,0.0,33.62,178.33,0,1
321.94,0.5,73.35,248.59,1,1
322.33,0.5,35.92,286.41,1,1
194.33,0.0,16.0,178.33,0,1
323.61,0.5,52.32,271.28,1,1
340.8,1.0,29.51,311.28,2,1
408.26,1.0,96.97,311.28,2,1
196.44,0.0,18.11,178.33,0,1
320.85,0.5,42.0,278.85,1,1
192.88,0.0,22.11,170.77,0,1
274.86,0.5,18.7,256.15,1,1
477.77,1.5,73.54,404.23,3,1
207.9,0.0,22.0,185.9,0,1
226.56,0.0,63.35,163.21,0,1
190.33,0.0,12.0,178.33,0,1
350.09,0.5,71.24,278.85,1,1
264.11,0.0,70.65,193.46,0,1
206.33,0.0,28.0,178.33,0,1
481.79,1.5,62.43,419.36,3,1
199.46,0.0,6.0,193.46,0,1
171.21,0.0,8.0,163.21,0,1
356.44,0.5,85.16,271.28,1,1
217.46,0.0,24.0,193.46,0,1
228.01,0.0,57.24,170.77,0,1
229.06,0.0,50.73,178.33,0,1
326.41,0.5,40.0,286.41,1,1
181.21,0.0,18.0,163.21,0,1
201.04,0.0,22.7,178.33,0,1
347.2,0.5,68.35,278.85,1,1
365.46,0.5,79.05,286.41,1,1
376.35,1.0,34.81,341.54,2,1
205.41,0.0,19.51,185.9,0,1
518.52,1.5,99.16,419.36,3,1
523.65,1.5,89.16,434.49,3,1
221.57,0.0,28.11,193.46,0,1
231.85,0.0,68.65,163.21,0,1
389.21,1.0,40.11,349.1,2,1
260.81,0.0,67.35,193.46,0,1
207.01,0.0,21.11,185.9,0,1
215.3,0.0,29.41,185.9,0,1
283.7,0.5,35.11,248.59,1,1
221.74,0.0,43.41,178.33,0,1
235.74,0.0,49.84,185.9,0,1
193.9,0.0,8.0,185.9,0,1
