"Total_Cost","Ratio_Reloc_Prod","Horiz_Cost","Vert_Cost","nReloc","non_Optimal"
229540.86,0.4513,36805.55,192735.34,677,750
217.73,0.0,16.7,201.03,0,1
212.36,0.0,34.03,178.33,0,1
357.88,0.5,94.16,263.72,1,1
294.53,0.5,30.81,263.72,1,1
456.9,1.0,77.54,379.36,2,1
222.03,0.0,21.0,201.03,0,1
376.84,0.5,82.86,293.97,1,1
425.96,1.0,61.73,364.23,2,1
205.46,0.0,12.0,193.46,0,1
227.77,0.0,49.43,178.33,0,1
347.13,0.5,90.97,256.15,1,1
364.85,0.5,93.57,271.28,1,1
366.71,0.5,87.86,278.85,1,1
212.16,0.0,18.7,193.46,0,1
507.09,1.5,87.73,419.36,3,1
214.46,0.0,21.0,193.46,0,1
208.41,0.0,22.51,185.9,0,1
266.17,0.0,80.27,185.9,0,1
239.08,0.0,45.62,193.46,0,1
678.88,2.0,174.14,504.74,4,1
221.03,0.0,20.0,201.03,0,1
227.46,0.0,34.0,193.46,0,1
411.13,1.0,62.03,349.1,2,1
210.46,0.0,17.0,193.46,0,1
332.64,0.5,84.05,248.59,1,1
245.79,0.0,67.46,178.33,0,1
341.77,0.5,78.05,263.72,1,1
455.5,1.0,91.27,364.23,2,1
195.14,0.0,16.81,178.33,0,1
251.55,0.0,65.65,185.9,0,1
379.16,1.0,37.62,341.54,2,1
197.99,0.0,27.22,170.77,0,1
238.49,0.0,45.03,193.46,0,1
292.46,0.5,51.43,241.03,1,1
204.71,0.0,18.81,185.9,0,1
192.33,0.0,14.0,178.33,0,1
194.33,0.0,16.0,178.33,0,1
374.41,0.5,95.57,278.85,1,1
208.9,0.0,23.0,185.9,0,1
367.54,1.0,26.0,341.54,2,1
384.46,1.0,42.92,341.54,2,1
416.67,1.0,75.14,341.54,2,1
550.37,1.5,100.76,449.62,3,1
238.49,0.0,45.03,193.46,0,1
190.33,0.0,12.0,178.33,0,1
341.71,0.5,70.43,271.28,1,1
204.01,0.0,18.11,185.9,0,1
197.04,0.0,18.7,178.33,0,1
179.21,0.0,16.0,163.21,0,1
438.8,1.0,82.14,356.67,2,1
230.54,0.0,29.51,201.03,0,1
446.4,1.0,104.86,341.54,2,1
277.55,0.0,106.78,170.77,0,1
419.85,1.0,55.62,364.23,2,1
411.73,1.0,77.76,333.97,2,1
213.46,0.0,20.0,193.46,0,1
312.25,0.5,33.41,278.85,1,1
219.46,0.0,26.0,193.46,0,1
262.0,0.0,68.54,193.46,0,1
204.33,0.0,26.0,178.33,0,1
375.91,1.0,26.81,349.1,2,1
209.75,0.0,46.54,163.21,0,1
201.44,0.0,23.11,178.33,0,1
499.76,1.5,72.84,426.92,3,1
345.55,0.5,59.14,286.41,1,1
365.65,1.0,24.11,341.54,2,1
338.44,0.5,52.03,286.41,1,1
413.26,1.0,49.03,364.23,2,1
333.02,0.5,76.86,256.15,1,1
302.42,0.5,38.7,263.72,1,1
199.74,0.0,21.41,178.33,0,1
177.31,0.0,14.11,163.21,0,1
329.0,0.5,87.97,241.03,1,1
618.69,2.5,73.95,544.74,5,1
444.15,1.0,79.92,364.23,2,1
431.4,1.0,89.86,341.54,2,1
498.74,1.5,86.95,411.79,3,1
292.43,0.0,98.97,193.46,0,1
363.54,1.0,22.0,341.54,2,1
260.06,0.0,74.16,185.9,0,1
299.42,0.5,35.7,263.72,1,1
228.22,0.0,42.32,185.9,0,1
207.41,0.0,21.51,185.9,0,1
334.55,0.5,48.14,286.41,1,1
190.33,0.0,12.0,178.33,0,1
591.3,1.5,156.81,434.49,3,1
203.9,0.0,18.0,185.9,0,1
183.21,0.0,20.0,163.21,0,1
324.47,0.5,45.62,278.85,1,1
226.98,0.0,33.51,193.46,0,1
288.48,0.5,32.32,256.15,1,1
417.65,1.0,91.24,326.41,2,1
207.8,0.0,37.03,170.77,0,1
530.49,1.5,103.57,426.92,3,1
194.33,0.0,16.0,178.33,0,1
456.94,1.0,100.27,356.67,2,1
374.12,0.5,95.27,278.85,1,1
245.3,0.0,51.84,193.46,0,1
234.77,0.0,56.43,178.33,0,1
300.85,0.5,22.0,278.85,1,1
198.33,0.0,20.0,178.33,0,1
199.33,0.0,21.0,178.33,0,1
224.66,0.0,46.32,178.33,0,1
205.3,0.0,19.41,185.9,0,1
208.55,0.0,30.22,178.33,0,1
330.55,0.5,51.7,278.85,1,1
169.21,0.0,6.0,163.21,0,1
226.16,0.0,32.7,193.46,0,1
287.52,0.0,109.19,178.33,0,1
194.33,0.0,16.0,178.33,0,1
477.68,1.5,58.32,419.36,3,1
227.52,0.0,41.62,185.9,0,1
325.41,0.5,39.0,286.41,1,1
217.85,0.0,39.51,178.33,0,1
196.33,0.0,18.0,178.33,0,1
444.46,1.0,110.49,333.97,2,1
437.77,1.0,73.54,364.23,2,1
207.3,0.0,21.41,185.9,0,1
177.21,0.0,14.0,163.21,0,1
199.04,0.0,20.7,178.33,0,1
348.39,0.5,84.68,263.72,1,1
291.4,0.5,42.81,248.59,1,1
469.07,1.5,64.84,404.23,3,1
236.49,0.0,43.03,193.46,0,1
409.8,0.5,138.51,271.28,1,1
199.9,0.0,14.0,185.9,0,1
463.23,1.5,51.43,411.79,3,1
337.87,0.5,59.03,278.85,1,1
229.03,0.0,43.14,185.9,0,1
216.71,0.0,30.81,185.9,0,1
446.46,1.5,64.92,381.54,3,1
249.79,0.0,71.46,178.33,0,1
217.41,0.0,31.51,185.9,0,1
400.69,1.0,44.03,356.67,2,1
327.48,0.5,71.32,256.15,1,1
455.32,1.5,66.22,389.1,3,1
317.45,0.5,53.73,263.72,1,1
273.67,0.0,72.65,201.03,0,1
416.94,1.0,67.84,349.1,2,1
190.33,0.0,12.0,178.33,0,1
336.84,0.5,50.43,286.41,1,1
258.0,0.0,64.54,193.46,0,1
553.82,2.0,94.46,459.36,4,1
300.29,0.5,51.7,248.59,1,1
377.1,1.0,28.0,349.1,2,1
208.87,0.0,15.41,193.46,0,1
391.02,1.0,41.92,349.1,2,1
273.49,0.5,40.03,233.46,1,1
255.65,0.0,69.76,185.9,0,1
321.75,0.5,73.16,248.59,1,1
195.14,0.0,16.81,178.33,0,1
242.54,0.0,41.51,201.03,0,1
274.9,0.0,96.57,178.33,0,1
532.64,1.5,128.41,404.23,3,1
280.26,0.5,24.11,256.15,1,1
194.33,0.0,16.0,178.33,0,1
380.84,1.0,54.43,326.41,2,1
345.14,0.5,58.73,286.41,1,1
202.33,0.0,24.0,178.33,0,1
296.59,0.0,95.57,201.03,0,1
300.59,0.5,44.43,256.15,1,1
190.33,0.0,12.0,178.33,0,1
507.62,1.5,73.14,434.49,3,1
361.54,1.0,20.0,341.54,2,1
361.36,0.5,74.95,286.41,1,1
196.33,0.0,18.0,178.33,0,1
253.41,0.0,59.95,193.46,0,1
222.16,0.0,28.7,193.46,0,1
408.04,1.0,43.81,364.23,2,1
641.11,2.0,166.62,474.49,4,1
203.9,0.0,18.0,185.9,0,1
366.79,0.5,87.95,278.85,1,1
257.41,0.0,63.95,193.46,0,1
226.27,0.0,32.81,193.46,0,1
387.34,1.0,76.05,311.28,2,1
210.11,0.0,24.22,185.9,0,1
194.33,0.0,16.0,178.33,0,1
180.21,0.0,17.0,163.21,0,1
448.23,1.0,91.57,356.67,2,1
194.33,0.0,16.0,178.33,0,1
196.33,0.0,18.0,178.33,0,1
349.83,0.5,93.68,256.15,1,1
286.7,0.5,38.11,248.59,1,1
410.33,1.0,76.35,333.97,2,1
588.09,2.0,83.35,504.74,4,1
490.88,1.5,86.65,404.23,3,1
240.6,0.0,47.14,193.46,0,1
192.33,0.0,14.0,178.33,0,1
171.21,0.0,8.0,163.21,0,1
174.61,0.0,11.41,163.21,0,1
332.69,1.0,21.41,311.28,2,1
333.33,0.5,46.92,286.41,1,1
311.34,0.5,47.62,263.72,1,1
202.44,0.0,24.11,178.33,0,1
500.87,1.5,73.95,426.92,3,1
202.33,0.0,24.0,178.33,0,1
583.53,2.0,86.35,497.18,4,1
198.3,0.0,12.41,185.9,0,1
220.98,0.0,27.51,193.46,0,1
227.2,0.0,56.43,170.77,0,1
495.44,1.5,83.65,411.79,3,1
189.74,0.0,11.41,178.33,0,1
171.91,0.0,8.7,163.21,0,1
332.68,0.5,53.84,278.85,1,1
381.14,0.5,87.16,293.97,1,1
354.58,0.5,75.73,278.85,1,1
291.86,0.5,35.7,256.15,1,1
337.14,0.5,50.73,286.41,1,1
403.59,1.0,46.92,356.67,2,1
477.52,1.5,65.73,411.79,3,1
418.5,1.0,46.7,371.79,2,1
443.18,1.0,78.95,364.23,2,1
238.55,0.0,52.65,185.9,0,1
250.55,0.0,64.65,185.9,0,1
390.62,1.0,41.51,349.1,2,1
312.36,0.5,33.51,278.85,1,1
230.92,0.0,45.03,185.9,0,1
221.27,0.0,27.81,193.46,0,1
194.33,0.0,16.0,178.33,0,1
174.61,0.0,11.41,163.21,0,1
201.44,0.0,23.11,178.33,0,1
180.02,0.0,16.81,163.21,0,1
347.5,1.0,36.22,311.28,2,1
391.54,1.0,50.0,341.54,2,1
336.68,0.5,57.84,278.85,1,1
201.9,0.0,16.0,185.9,0,1
217.9,0.0,32.0,185.9,0,1
563.61,2.0,66.43,497.18,4,1
369.98,0.5,83.57,286.41,1,1
229.03,0.0,28.0,201.03,0,1
485.81,1.0,136.7,349.1,2,1
217.22,0.0,31.32,185.9,0,1
186.33,0.0,8.0,178.33,0,1
399.06,1.0,72.65,326.41,2,1
390.21,1.0,41.11,349.1,2,1
334.44,0.5,48.03,286.41,1,1
341.71,0.5,70.43,271.28,1,1
461.26,1.5,57.03,404.23,3,1
250.39,0.0,72.05,178.33,0,1
259.52,0.0,66.05,193.46,0,1
225.98,0.0,32.51,193.46,0,1
579.88,2.0,75.14,504.74,4,1
304.09,0.5,32.81,271.28,1,1
206.39,0.0,35.62,170.77,0,1
240.6,0.0,47.14,193.46,0,1
268.33,0.5,42.43,225.9,1,1
198.33,0.0,20.0,178.33,0,1
412.8,1.0,56.14,356.67,2,1
243.58,0.0,65.24,178.33,0,1
282.42,0.5,18.7,263.72,1,1
317.22,0.5,30.81,286.41,1,1
654.31,2.5,109.57,544.74,5,1
354.2,0.5,75.35,278.85,1,1
395.18,1.0,38.51,356.67,2,1
210.11,0.0,24.22,185.9,0,1
206.55,0.0,28.22,178.33,0,1
174.61,0.0,11.41,163.21,0,1
241.03,0.0,40.0,201.03,0,1
294.57,0.5,53.54,241.03,1,1
417.26,1.0,53.03,364.23,2,1
348.25,1.0,29.41,318.85,2,1
479.09,1.5,59.73,419.36,3,1
255.9,0.0,77.57,178.33,0,1
441.82,1.0,70.03,371.79,2,1
371.05,1.0,29.51,341.54,2,1
226.77,0.0,48.43,178.33,0,1
225.27,0.0,31.81,193.46,0,1
200.55,0.0,22.22,178.33,0,1
281.26,0.5,25.11,256.15,1,1
198.33,0.0,20.0,178.33,0,1
450.99,1.0,86.76,364.23,2,1
212.27,0.0,18.81,193.46,0,1
171.21,0.0,8.0,163.21,0,1
194.44,0.0,16.11,178.33,0,1
180.02,0.0,16.81,163.21,0,1
177.91,0.0,14.7,163.21,0,1
210.33,0.0,32.0,178.33,0,1
212.71,0.0,26.81,185.9,0,1
213.9,0.0,43.14,170.77,0,1
374.38,0.5,140.92,233.46,1,1
214.11,0.0,28.22,185.9,0,1
181.21,0.0,18.0,163.21,0,1
181.61,0.0,18.41,163.21,0,1
531.45,1.5,81.84,449.62,3,1
193.69,0.0,22.92,170.77,0,1
222.68,0.0,29.22,193.46,0,1
320.41,0.5,34.0,286.41,1,1
182.72,0.0,19.51,163.21,0,1
327.28,0.5,48.43,278.85,1,1
215.9,0.0,30.0,185.9,0,1
343.28,0.5,64.43,278.85,1,1
331.96,0.5,68.24,263.72,1,1
192.33,0.0,14.0,178.33,0,1
517.79,1.5,90.86,426.92,3,1
460.8,1.0,96.57,364.23,2,1
324.68,0.5,30.7,293.97,1,1
590.39,2.0,85.65,504.74,4,1
290.53,0.5,26.81,263.72,1,1
403.48,1.0,61.95,341.54,2,1
339.4,0.5,98.38,241.03,1,1
509.61,1.5,105.38,404.23,3,1
211.41,0.0,25.51,185.9,0,1
223.38,0.0,29.92,193.46,0,1
287.07,0.5,30.92,256.15,1,1
228.41,0.0,42.51,185.9,0,1
558.24,2.0,83.76,474.49,4,1
494.85,1.5,83.05,411.79,3,1
309.74,0.5,46.03,263.72,1,1
332.03,0.5,45.62,286.41,1,1
466.93,1.5,55.14,411.79,3,1
426.75,1.0,77.65,349.1,2,1
191.33,0.0,13.0,178.33,0,1
351.77,1.0,32.92,318.85,2,1
554.2,1.5,142.41,411.79,3,1
399.46,1.0,73.05,326.41,2,1
335.06,0.5,56.22,278.85,1,1
380.33,0.5,86.35,293.97,1,1
551.59,1.5,101.97,449.62,3,1
452.26,1.5,48.03,404.23,3,1
409.15,1.0,44.92,364.23,2,1
292.12,0.5,28.41,263.72,1,1
428.76,1.0,49.41,379.36,2,1
606.39,2.0,86.51,519.87,4,1
444.3,1.0,117.89,326.41,2,1
402.78,0.5,146.62,256.15,1,1
209.11,0.0,23.22,185.9,0,1
344.7,0.5,50.73,293.97,1,1
316.55,0.5,37.7,278.85,1,1
433.02,1.0,76.35,356.67,2,1
216.11,0.0,30.22,185.9,0,1
485.36,1.5,58.43,426.92,3,1
228.38,0.0,34.92,193.46,0,1
190.33,0.0,12.0,178.33,0,1
205.9,0.0,20.0,185.9,0,1
344.06,0.5,65.22,278.85,1,1
451.83,1.0,95.16,356.67,2,1
337.89,0.5,43.92,293.97,1,1
198.44,0.0,20.11,178.33,0,1
302.45,0.5,38.73,263.72,1,1
203.69,0.0,32.92,170.77,0,1
317.29,0.5,61.14,256.15,1,1
295.84,0.0,102.38,193.46,0,1
327.92,0.5,41.51,286.41,1,1
241.58,0.0,63.24,178.33,0,1
403.53,1.0,54.43,349.1,2,1
199.46,0.0,6.0,193.46,0,1
443.79,1.5,32.0,411.79,3,1
273.03,0.0,79.57,193.46,0,1
574.61,2.0,77.43,497.18,4,1
398.29,1.0,41.62,356.67,2,1
416.91,1.0,60.24,356.67,2,1
372.12,0.5,93.27,278.85,1,1
369.38,1.0,35.41,333.97,2,1
480.31,1.0,116.08,364.23,2,1
224.72,0.0,53.95,170.77,0,1
522.68,1.5,95.76,426.92,3,1
201.55,0.0,23.22,178.33,0,1
418.42,1.0,46.62,371.79,2,1
295.23,0.5,31.51,263.72,1,1
204.39,0.0,33.62,170.77,0,1
322.52,0.5,36.11,286.41,1,1
317.03,0.5,30.62,286.41,1,1
440.47,1.0,76.24,364.23,2,1
404.15,1.0,39.92,364.23,2,1
251.14,0.0,65.24,185.9,0,1
238.44,0.0,52.54,185.9,0,1
203.41,0.0,17.51,185.9,0,1
324.66,0.5,60.95,263.72,1,1
519.24,1.5,84.76,434.49,3,1
382.64,1.0,18.41,364.23,2,1
246.44,0.0,60.54,185.9,0,1
526.01,1.5,121.78,404.23,3,1
320.1,0.5,63.95,256.15,1,1
398.93,1.0,34.7,364.23,2,1
264.52,0.0,71.05,193.46,0,1
200.3,0.0,14.41,185.9,0,1
401.64,0.5,137.92,263.72,1,1
221.68,0.0,28.22,193.46,0,1
194.33,0.0,16.0,178.33,0,1
230.87,0.0,52.54,178.33,0,1
316.41,0.5,30.0,286.41,1,1
237.47,0.0,59.14,178.33,0,1
408.81,1.0,59.7,349.1,2,1
231.03,0.0,30.0,201.03,0,1
537.83,1.5,80.65,457.18,3,1
199.9,0.0,14.0,185.9,0,1
171.91,0.0,8.7,163.21,0,1
508.01,2.0,56.22,451.79,4,1
222.98,0.0,29.51,193.46,0,1
198.33,0.0,20.0,178.33,0,1
327.73,0.5,41.32,286.41,1,1
194.33,0.0,16.0,178.33,0,1
403.14,0.5,124.3,278.85,1,1
201.9,0.0,16.0,185.9,0,1
283.08,0.0,82.05,201.03,0,1
398.76,1.0,72.35,326.41,2,1
174.61,0.0,11.41,163.21,0,1
178.91,0.0,15.7,163.21,0,1
326.8,0.5,70.65,256.15,1,1
294.88,0.5,38.73,256.15,1,1
359.01,1.0,47.73,311.28,2,1
344.95,1.0,26.11,318.85,2,1
201.74,0.0,23.41,178.33,0,1
464.28,1.0,100.05,364.23,2,1
199.46,0.0,6.0,193.46,0,1
449.04,1.0,77.24,371.79,2,1
209.46,0.0,16.0,193.46,0,1
234.92,0.0,49.03,185.9,0,1
247.22,0.0,61.32,185.9,0,1
226.61,0.0,55.84,170.77,0,1
193.33,0.0,15.0,178.33,0,1
195.74,0.0,17.41,178.33,0,1
360.06,0.5,73.65,286.41,1,1
363.06,1.0,44.22,318.85,2,1
266.76,0.0,80.86,185.9,0,1
292.83,0.5,29.11,263.72,1,1
450.26,1.0,86.03,364.23,2,1
310.77,0.5,31.92,278.85,1,1
323.71,0.5,52.43,271.28,1,1
335.82,0.5,64.54,271.28,1,1
307.8,0.5,36.51,271.28,1,1
221.47,0.0,43.14,178.33,0,1
487.58,1.0,115.78,371.79,2,1
330.12,0.5,58.84,271.28,1,1
245.35,0.0,44.32,201.03,0,1
409.57,1.0,83.16,326.41,2,1
217.27,0.0,23.81,193.46,0,1
207.3,0.0,21.41,185.9,0,1
279.22,0.0,85.76,193.46,0,1
283.62,0.0,90.16,193.46,0,1
537.71,1.5,110.78,426.92,3,1
199.46,0.0,6.0,193.46,0,1
324.41,0.5,38.0,286.41,1,1
380.15,0.5,124.0,256.15,1,1
420.31,1.0,48.51,371.79,2,1
426.87,1.0,47.51,379.36,2,1
348.36,1.0,29.51,318.85,2,1
354.39,0.5,75.54,278.85,1,1
327.19,0.5,33.22,293.97,1,1
331.92,0.5,45.51,286.41,1,1
230.98,0.0,37.51,193.46,0,1
206.41,0.0,20.51,185.9,0,1
398.22,1.0,64.24,333.97,2,1
234.12,0.0,63.35,170.77,0,1
200.55,0.0,22.22,178.33,0,1
308.59,0.5,52.43,256.15,1,1
270.15,0.5,14.0,256.15,1,1
213.3,0.0,27.41,185.9,0,1
190.33,0.0,12.0,178.33,0,1
177.21,0.0,14.0,163.21,0,1
351.44,0.5,80.16,271.28,1,1
324.11,0.5,37.7,286.41,1,1
214.71,0.0,28.81,185.9,0,1
385.97,1.0,44.43,341.54,2,1
237.19,0.0,43.73,193.46,0,1
392.38,0.5,105.97,286.41,1,1
183.21,0.0,20.0,163.21,0,1
223.52,0.0,37.62,185.9,0,1
214.71,0.0,28.81,185.9,0,1
305.78,0.5,49.62,256.15,1,1
192.33,0.0,14.0,178.33,0,1
506.18,1.0,149.51,356.67,2,1
553.17,1.5,133.81,419.36,3,1
251.3,0.0,57.84,193.46,0,1
192.44,0.0,14.11,178.33,0,1
375.98,0.5,89.57,286.41,1,1
207.9,0.0,22.0,185.9,0,1
197.85,0.0,19.51,178.33,0,1
368.46,0.5,82.05,286.41,1,1
375.38,0.5,88.97,286.41,1,1
260.6,0.0,82.27,178.33,0,1
202.33,0.0,24.0,178.33,0,1
293.67,0.5,37.51,256.15,1,1
448.28,1.0,84.05,364.23,2,1
374.12,0.5,95.27,278.85,1,1
321.26,0.5,57.54,263.72,1,1
406.53,1.0,57.43,349.1,2,1
272.24,0.5,31.22,241.03,1,1
293.42,0.5,29.7,263.72,1,1
326.96,0.5,63.24,263.72,1,1
192.44,0.0,14.11,178.33,0,1
198.04,0.0,19.7,178.33,0,1
274.15,0.5,18.0,256.15,1,1
171.21,0.0,8.0,163.21,0,1
430.56,1.0,66.32,364.23,2,1
221.09,0.0,50.32,170.77,0,1
241.08,0.0,47.62,193.46,0,1
246.6,0.0,53.14,193.46,0,1
217.57,0.0,24.11,193.46,0,1
492.99,1.5,88.76,404.23,3,1
220.66,0.0,42.32,178.33,0,1
232.49,0.0,39.03,193.46,0,1
186.33,0.0,8.0,178.33,0,1
211.9,0.0,26.0,185.9,0,1
493.76,1.5,66.84,426.92,3,1
368.57,0.5,82.16,286.41,1,1
211.9,0.0,26.0,185.9,0,1
243.84,0.0,42.81,201.03,0,1
239.49,0.0,46.03,193.46,0,1
251.0,0.0,57.54,193.46,0,1
186.33,0.0,8.0,178.33,0,1
414.45,1.0,50.22,364.23,2,1
215.41,0.0,29.51,185.9,0,1
256.05,0.0,55.03,201.03,0,1
210.71,0.0,24.81,185.9,0,1
244.79,0.0,51.32,193.46,0,1
198.33,0.0,20.0,178.33,0,1
342.73,0.5,56.32,286.41,1,1
393.25,1.0,66.84,326.41,2,1
470.47,1.5,66.24,404.23,3,1
212.6,0.0,26.7,185.9,0,1
549.92,1.5,107.86,442.05,3,1
199.46,0.0,6.0,193.46,0,1
372.62,0.5,78.65,293.97,1,1
411.52,1.0,92.68,318.85,2,1
265.79,0.0,87.46,178.33,0,1
205.46,0.0,12.0,193.46,0,1
186.77,0.0,16.0,170.77,0,1
493.64,1.0,129.41,364.23,2,1
339.84,0.5,53.43,286.41,1,1
408.71,1.0,36.92,371.79,2,1
477.58,1.5,73.35,404.23,3,1
419.37,1.0,55.14,364.23,2,1
381.75,1.0,40.22,341.54,2,1
211.9,0.0,26.0,185.9,0,1
356.36,0.5,69.95,286.41,1,1
226.47,0.0,48.14,178.33,0,1
422.4,1.0,80.86,341.54,2,1
194.33,0.0,16.0,178.33,0,1
549.71,1.5,122.78,426.92,3,1
355.41,0.5,76.57,278.85,1,1
342.84,0.5,56.43,286.41,1,1
227.08,0.0,33.62,193.46,0,1
233.58,0.0,55.24,178.33,0,1
361.9,0.5,83.05,278.85,1,1
268.17,0.0,82.27,185.9,0,1
171.21,0.0,8.0,163.21,0,1
574.42,2.0,77.24,497.18,4,1
392.81,1.0,58.84,333.97,2,1
193.33,0.0,15.0,178.33,0,1
232.49,0.0,39.03,193.46,0,1
179.21,0.0,16.0,163.21,0,1
218.66,0.0,40.32,178.33,0,1
328.11,0.5,41.7,286.41,1,1
226.22,0.0,40.32,185.9,0,1
317.11,0.5,30.7,286.41,1,1
278.33,0.0,84.86,193.46,0,1
220.01,0.0,34.11,185.9,0,1
327.92,0.5,41.51,286.41,1,1
210.44,0.0,32.11,178.33,0,1
210.01,0.0,24.11,185.9,0,1
177.21,0.0,14.0,163.21,0,1
171.91,0.0,8.7,163.21,0,1
441.53,1.0,84.86,356.67,2,1
318.22,0.5,31.81,286.41,1,1
316.8,0.5,45.51,271.28,1,1
248.44,0.0,62.54,185.9,0,1
243.94,0.0,42.92,201.03,0,1
339.5,1.0,28.22,311.28,2,1
378.2,0.5,114.49,263.72,1,1
544.33,2.0,69.84,474.49,4,1
223.24,0.0,22.22,201.03,0,1
207.9,0.0,22.0,185.9,0,1
290.23,0.5,26.51,263.72,1,1
389.97,1.0,48.43,341.54,2,1
228.11,0.0,42.22,185.9,0,1
266.52,0.0,73.05,193.46,0,1
337.37,0.5,73.65,263.72,1,1
216.92,0.0,31.03,185.9,0,1
338.73,0.5,52.32,286.41,1,1
267.03,0.5,26.0,241.03,1,1
201.85,0.0,23.51,178.33,0,1
394.57,1.0,53.03,341.54,2,1
232.82,0.0,46.92,185.9,0,1
252.25,0.0,66.35,185.9,0,1
280.71,0.0,102.38,178.33,0,1
306.25,0.5,27.41,278.85,1,1
223.46,0.0,30.0,193.46,0,1
331.32,0.5,75.16,256.15,1,1
171.21,0.0,8.0,163.21,0,1
379.71,0.5,100.86,278.85,1,1
288.77,0.0,118.0,170.77,0,1
220.27,0.0,26.81,193.46,0,1
217.9,0.0,32.0,185.9,0,1
208.6,0.0,22.7,185.9,0,1
427.71,1.0,55.92,371.79,2,1
225.03,0.0,24.0,201.03,0,1
233.03,0.0,32.0,201.03,0,1
310.1,0.5,53.95,256.15,1,1
349.13,0.5,92.97,256.15,1,1
210.6,0.0,24.7,185.9,0,1
523.41,2.0,48.92,474.49,4,1
215.57,0.0,22.11,193.46,0,1
432.02,1.0,75.35,356.67,2,1
461.61,1.0,150.32,311.28,2,1
209.25,0.0,30.92,178.33,0,1
196.33,0.0,18.0,178.33,0,1
203.33,0.0,25.0,178.33,0,1
192.77,0.0,22.0,170.77,0,1
202.33,0.0,24.0,178.33,0,1
210.33,0.0,32.0,178.33,0,1
450.94,1.0,94.27,356.67,2,1
194.33,0.0,16.0,178.33,0,1
179.31,0.0,16.11,163.21,0,1
207.14,0.0,28.81,178.33,0,1
178.91,0.0,15.7,163.21,0,1
408.18,0.5,152.03,256.15,1,1
328.45,0.5,79.86,248.59,1,1
323.92,0.5,37.51,286.41,1,1
197.85,0.0,19.51,178.33,0,1
503.17,1.5,76.24,426.92,3,1
189.74,0.0,11.41,178.33,0,1
377.21,1.0,28.11,349.1,2,1
213.9,0.0,28.0,185.9,0,1
219.52,0.0,33.62,185.9,0,1
213.36,0.0,35.03,178.33,0,1
324.41,0.5,38.0,286.41,1,1
181.21,0.0,18.0,163.21,0,1
207.74,0.0,29.41,178.33,0,1
283.08,0.0,82.05,201.03,0,1
318.52,0.5,32.11,286.41,1,1
384.67,1.0,28.0,356.67,2,1
639.23,2.0,134.49,504.74,4,1
431.81,1.0,90.27,341.54,2,1
290.98,0.5,19.7,271.28,1,1
215.25,0.0,36.92,178.33,0,1
395.64,1.0,31.41,364.23,2,1
201.3,0.0,15.41,185.9,0,1
358.94,1.0,17.41,341.54,2,1
414.88,1.0,58.22,356.67,2,1
343.84,0.5,57.43,286.41,1,1
219.46,0.0,26.0,193.46,0,1
197.33,0.0,19.0,178.33,0,1
412.04,1.0,47.81,364.23,2,1
242.89,0.0,49.43,193.46,0,1
395.22,1.0,61.24,333.97,2,1
207.25,0.0,28.92,178.33,0,1
251.0,0.0,57.54,193.46,0,1
213.46,0.0,20.0,193.46,0,1
442.64,1.5,38.41,404.23,3,1
207.09,0.0,36.32,170.77,0,1
359.64,0.5,103.49,256.15,1,1
200.01,0.0,14.11,185.9,0,1
171.21,0.0,8.0,163.21,0,1
322.22,0.5,35.81,286.41,1,1
266.86,0.0,65.84,201.03,0,1
188.12,0.0,24.92,163.21,0,1
317.41,0.5,31.0,286.41,1,1
550.25,1.5,130.89,419.36,3,1
352.2,1.0,40.92,311.28,2,1
321.1,0.5,64.95,256.15,1,1
335.49,0.5,56.65,278.85,1,1
225.63,0.0,39.73,185.9,0,1
203.9,0.0,18.0,185.9,0,1
330.63,0.5,44.22,286.41,1,1
228.41,0.0,42.51,185.9,0,1
642.77,2.5,90.46,552.31,5,1
489.02,1.0,139.92,349.1,2,1
333.03,0.5,46.62,286.41,1,1
439.63,1.0,67.84,371.79,2,1
382.07,1.0,25.41,356.67,2,1
324.56,0.5,60.84,263.72,1,1
190.33,0.0,12.0,178.33,0,1
190.17,0.0,19.41,170.77,0,1
261.68,0.5,28.22,233.46,1,1
227.52,0.0,41.62,185.9,0,1
195.04,0.0,16.7,178.33,0,1
367.65,1.0,26.11,341.54,2,1
205.3,0.0,19.41,185.9,0,1
399.29,1.0,42.62,356.67,2,1
385.86,1.0,44.32,341.54,2,1
194.33,0.0,16.0,178.33,0,1
406.34,1.0,42.11,364.23,2,1
341.63,0.5,70.35,271.28,1,1
222.27,0.0,28.81,193.46,0,1
193.58,0.0,22.81,170.77,0,1
342.09,0.5,63.24,278.85,1,1
488.3,1.5,53.81,434.49,3,1
205.8,0.0,35.03,170.77,0,1
355.41,0.5,61.43,293.97,1,1
206.6,0.0,20.7,185.9,0,1
632.6,2.5,72.73,559.87,5,1
397.91,1.0,48.81,349.1,2,1
205.9,0.0,20.0,185.9,0,1
180.02,0.0,16.81,163.21,0,1
324.41,0.5,38.0,286.41,1,1
494.65,1.5,67.73,426.92,3,1
205.46,0.0,12.0,193.46,0,1
262.68,0.5,29.22,233.46,1,1
445.13,1.0,88.46,356.67,2,1
202.33,0.0,24.0,178.33,0,1
314.77,0.5,35.92,278.85,1,1
259.41,0.0,65.95,193.46,0,1
197.33,0.0,19.0,178.33,0,1
212.33,0.0,34.0,178.33,0,1
351.18,0.5,87.46,263.72,1,1
215.14,0.0,36.81,178.33,0,1
231.46,0.0,38.0,193.46,0,1
325.17,0.5,99.27,225.9,1,1
233.82,0.0,47.92,185.9,0,1
344.97,0.5,96.38,248.59,1,1
526.56,1.5,76.95,449.62,3,1
398.32,1.0,49.22,349.1,2,1
205.3,0.0,19.41,185.9,0,1
197.04,0.0,18.7,178.33,0,1
328.11,0.5,41.7,286.41,1,1
289.67,0.5,33.51,256.15,1,1
412.12,1.0,93.27,318.85,2,1
214.71,0.0,28.81,185.9,0,1
202.33,0.0,24.0,178.33,0,1
329.01,0.5,57.73,271.28,1,1
205.9,0.0,20.0,185.9,0,1
394.74,1.0,83.46,311.28,2,1
275.86,0.5,19.7,256.15,1,1
329.77,0.5,50.92,278.85,1,1
199.74,0.0,21.41,178.33,0,1
333.28,1.0,22.0,311.28,2,1
389.55,1.0,63.14,326.41,2,1
223.46,0.0,30.0,193.46,0,1
289.76,0.5,48.73,241.03,1,1
169.21,0.0,6.0,163.21,0,1
354.95,0.5,68.54,286.41,1,1
260.55,0.0,74.65,185.9,0,1
169.21,0.0,6.0,163.21,0,1
230.71,0.0,44.81,185.9,0,1
192.33,0.0,14.0,178.33,0,1
181.21,0.0,18.0,163.21,0,1
375.66,0.5,104.38,271.28,1,1
202.9,0.0,17.0,185.9,0,1
229.47,0.0,51.14,178.33,0,1
235.22,0.0,49.32,185.9,0,1
212.82,0.0,26.92,185.9,0,1
198.33,0.0,20.0,178.33,0,1
208.33,0.0,30.0,178.33,0,1
409.48,1.0,67.95,341.54,2,1
274.76,0.0,88.86,185.9,0,1
542.78,2.0,60.73,482.05,4,1
199.46,0.0,6.0,193.46,0,1
404.38,1.0,62.84,341.54,2,1
597.55,2.0,85.24,512.31,4,1
221.57,0.0,28.11,193.46,0,1
309.81,0.5,76.35,233.46,1,1
383.86,1.0,42.32,341.54,2,1
243.14,0.0,57.24,185.9,0,1
205.01,0.0,19.11,185.9,0,1
203.33,0.0,25.0,178.33,0,1
286.7,0.5,38.11,248.59,1,1
201.58,0.0,30.81,170.77,0,1
307.29,0.5,51.14,256.15,1,1
232.63,0.0,46.73,185.9,0,1
