"Total_Cost","Ratio_Reloc_Prod","Horiz_Cost","Vert_Cost","nReloc","non_Optimal"
233693.23,0.448,44115.34,189577.88,672,215
1425.56,1.4,408.51,1017.05,7,1
578.95,0.0,99.08,479.87,0,1
790.01,0.4,169.62,620.38,2,1
519.42,0.0,47.11,472.31,0,0
740.58,0.4,127.76,612.82,2,1
575.49,0.0,88.05,487.44,0,0
544.49,0.0,64.62,479.87,0,0
947.9,0.8,134.05,813.85,4,1
731.05,0.4,95.54,635.51,2,1
731.21,0.4,88.14,643.08,2,0
954.82,0.6,241.49,713.33,3,1
553.12,0.0,73.24,479.87,0,0
755.55,0.4,150.3,605.26,2,1
1237.33,1.2,275.41,961.92,6,1
711.31,0.4,106.05,605.26,2,1
453.36,0.0,34.0,419.36,0,0
707.74,0.4,87.35,620.38,2,0
738.92,0.4,156.35,582.56,2,1
748.04,0.4,89.84,658.21,2,1
882.46,0.6,199.38,683.08,3,1
726.56,0.4,75.92,650.64,2,0
676.51,0.2,141.51,535.0,1,1
763.6,0.6,95.65,667.95,3,1
650.09,0.2,84.84,565.26,1,1
1006.8,0.8,268.59,738.21,4,1
608.12,0.2,88.24,519.87,1,1
718.87,0.4,106.05,612.82,2,1
947.71,1.0,101.43,846.28,5,1
473.63,0.0,61.84,411.79,0,0
1173.79,1.4,179.43,994.36,7,1
1013.1,1.0,121.43,891.67,5,1
488.67,0.0,46.62,442.05,0,0
1066.73,1.0,190.19,876.54,5,1
1035.99,1.2,157.27,878.72,6,1
1180.03,0.4,605.03,575.0,2,1
788.71,0.4,168.32,620.38,2,1
803.81,0.4,168.3,635.51,2,1
708.4,0.4,118.27,590.13,2,1
751.37,0.4,100.73,650.64,2,0
543.82,0.0,71.51,472.31,0,0
612.13,0.2,62.0,550.13,1,0
756.88,0.2,206.76,550.13,1,0
723.79,0.4,110.97,612.82,2,0
845.74,0.6,139.97,705.77,3,1
1214.53,1.0,330.43,884.1,5,1
635.05,0.2,84.92,550.13,1,0
456.06,0.0,36.7,419.36,0,0
1006.84,0.4,446.97,559.87,2,1
749.7,0.6,66.62,683.08,3,1
446.76,0.0,27.41,419.36,0,0
1040.09,1.2,146.24,893.85,6,1
548.97,0.0,99.35,449.62,0,1
866.0,0.6,182.92,683.08,3,1
460.17,0.0,40.81,419.36,0,0
540.03,0.0,105.54,434.49,0,0
977.36,0.8,216.46,760.9,4,1
690.14,0.2,162.7,527.44,1,0
880.76,0.6,159.86,720.9,3,1
531.33,0.0,59.03,472.31,0,0
1014.93,1.2,121.08,893.85,6,1
541.94,0.0,84.76,457.18,0,0
1158.73,1.0,297.32,861.41,5,1
555.93,0.0,83.62,472.31,0,0
657.49,0.4,90.05,567.44,2,0
674.73,0.2,132.16,542.56,1,0
646.72,0.2,89.03,557.69,1,0
639.98,0.2,127.68,512.31,1,0
699.53,0.2,149.41,550.13,1,0
703.4,0.4,120.84,582.56,2,1
754.49,0.2,174.11,580.38,1,1
658.99,0.2,108.86,550.13,1,1
821.86,0.6,146.35,675.51,3,0
590.04,0.2,77.73,512.31,1,0
781.65,0.6,121.27,660.38,3,1
636.07,0.2,70.81,565.26,1,0
647.43,0.2,104.86,542.56,1,1
853.14,0.8,92.24,760.9,4,1
967.14,0.8,138.16,828.97,4,1
1559.48,0.8,821.27,738.21,4,1
653.75,0.2,96.05,557.69,1,0
987.38,0.6,266.49,720.9,3,1
739.48,0.4,88.84,650.64,2,1
1913.01,1.2,1019.16,893.85,6,1
937.98,0.6,171.7,766.28,3,1
1014.75,0.8,231.16,783.59,4,1
1010.27,0.2,528.22,482.05,1,1
834.65,0.4,214.27,620.38,2,1
654.91,0.2,89.65,565.26,1,0
778.7,0.4,143.19,635.51,2,1
446.06,0.0,26.7,419.36,0,0
579.84,0.2,52.41,527.44,1,0
919.97,1.0,103.95,816.03,5,1
549.61,0.0,92.43,457.18,0,1
983.29,1.0,159.7,823.59,5,1
649.59,0.2,99.46,550.13,1,0
875.71,0.6,154.81,720.9,3,1
590.66,0.0,110.78,479.87,0,1
1443.79,1.0,635.32,808.46,5,1
649.34,0.2,91.65,557.69,1,1
901.98,0.6,181.08,720.9,3,1
945.27,1.0,129.24,816.03,5,1
872.68,0.6,151.78,720.9,3,0
576.15,0.0,118.97,457.18,0,1
716.63,0.4,96.24,620.38,2,1
899.8,0.8,161.59,738.21,4,1
642.72,0.2,85.03,557.69,1,1
1134.63,1.0,273.22,861.41,5,1
859.82,0.6,146.49,713.33,3,0
1026.93,1.0,173.08,853.85,5,1
867.22,0.6,138.76,728.46,3,0
654.92,0.2,127.49,527.44,1,1
1079.16,1.2,155.05,924.1,6,1
711.19,0.4,68.11,643.08,2,1
766.54,0.4,138.59,627.95,2,1
721.31,0.2,163.62,557.69,1,1
728.14,0.6,75.32,652.82,3,1
764.19,0.6,96.24,667.95,3,1
974.72,0.8,191.14,783.59,4,1
866.0,0.8,97.54,768.46,4,1
486.05,0.0,44.0,442.05,0,0
636.1,0.2,93.54,542.56,1,1
757.43,0.4,114.35,643.08,2,0
515.33,0.0,80.84,434.49,0,1
559.18,0.0,94.43,464.74,0,1
774.26,0.6,136.57,637.69,3,1
538.47,0.0,73.73,464.74,0,1
728.01,0.6,67.62,660.38,3,1
1607.0,1.2,750.97,856.03,6,1
577.12,0.0,112.38,464.74,0,1
446.76,0.0,27.41,419.36,0,0
496.27,0.0,54.22,442.05,0,1
502.81,0.0,68.32,434.49,0,1
627.07,0.2,129.89,497.18,1,1
712.98,0.4,100.16,612.82,2,0
527.6,0.2,53.11,474.49,1,0
714.19,0.4,86.24,627.95,2,1
504.86,0.0,62.81,442.05,0,1
958.03,1.0,149.57,808.46,5,1
816.67,0.6,133.59,683.08,3,1
840.26,0.4,189.62,650.64,2,1
896.19,0.6,160.16,736.03,3,1
780.78,0.6,90.14,690.64,3,1
495.41,0.0,60.92,434.49,0,1
612.09,0.4,52.22,559.87,2,1
654.0,0.2,126.57,527.44,1,1
647.38,0.2,112.38,535.0,1,1
837.88,0.8,107.24,730.64,4,1
853.17,0.6,132.27,720.9,3,1
665.33,0.2,137.89,527.44,1,1
752.83,0.4,109.76,643.08,2,1
745.83,0.4,102.76,643.08,2,1
514.16,0.0,72.11,442.05,0,1
744.76,0.4,124.38,620.38,2,1
2117.17,1.2,1223.32,893.85,6,1
785.8,0.6,80.03,705.77,3,1
689.99,0.4,84.73,605.26,2,1
490.53,0.0,40.92,449.62,0,0
723.76,0.4,88.24,635.51,2,1
924.85,0.8,126.14,798.72,4,1
855.48,0.6,157.27,698.21,3,0
496.86,0.0,54.81,442.05,0,1
474.7,0.0,40.22,434.49,0,1
657.34,0.2,99.65,557.69,1,0
705.36,0.4,92.54,612.82,2,1
539.86,0.0,90.24,449.62,0,1
1016.21,1.0,200.19,816.03,5,1
954.27,0.8,185.81,768.46,4,1
831.82,0.8,70.92,760.9,4,1
1291.89,1.6,227.27,1064.62,8,1
543.87,0.0,64.0,479.87,0,0
540.93,0.0,68.62,472.31,0,0
2046.94,1.6,1042.84,1004.1,8,1
794.78,0.6,104.14,690.64,3,1
650.47,0.2,85.22,565.26,1,1
1020.87,1.0,151.89,868.97,5,1
656.68,0.4,89.24,567.44,2,1
1327.79,1.4,280.49,1047.31,7,1
898.48,0.6,207.84,690.64,3,1
584.95,0.2,57.51,527.44,1,0
698.36,0.4,85.54,612.82,2,1
548.77,0.0,84.03,464.74,0,0
653.03,0.4,78.03,575.0,2,1
798.19,0.6,122.68,675.51,3,1
611.66,0.4,66.92,544.74,2,1
718.46,0.4,90.51,627.95,2,1
858.96,0.6,153.19,705.77,3,1
669.42,0.2,111.73,557.69,1,1
680.3,0.4,112.86,567.44,2,0
625.43,0.2,90.43,535.0,1,1
735.56,0.4,153.0,582.56,2,1
528.83,0.0,79.22,449.62,0,0
738.5,0.2,180.81,557.69,1,1
861.09,0.8,107.76,753.33,4,1
863.6,0.6,150.27,713.33,3,1
658.45,0.4,68.32,590.13,2,0
1303.84,1.0,434.86,868.97,5,1
768.45,0.6,77.81,690.64,3,1
575.87,0.0,96.0,479.87,0,1
702.8,0.4,97.54,605.26,2,1
609.32,0.2,74.32,535.0,1,1
455.79,0.0,44.0,411.79,0,0
554.67,0.0,105.05,449.62,0,0
1197.85,1.0,344.0,853.85,5,1
844.03,0.6,168.51,675.51,3,1
783.45,0.6,92.81,690.64,3,0
793.43,0.6,110.35,683.08,3,1
981.06,1.0,187.73,793.33,5,1
550.1,0.2,52.92,497.18,1,0
684.62,0.2,142.05,542.56,1,1
1022.86,1.0,206.84,816.03,5,1
581.36,0.0,109.05,472.31,0,1
1020.93,0.8,214.65,806.28,4,1
600.96,0.2,88.65,512.31,1,0
917.94,0.6,181.92,736.03,3,0
818.42,0.6,112.65,705.77,3,1
593.09,0.0,120.78,472.31,0,0
722.37,0.6,92.24,630.13,3,1
641.31,0.2,83.62,557.69,1,1
732.01,0.4,126.76,605.26,2,1
620.05,0.2,69.92,550.13,1,1
906.55,0.8,160.78,745.77,4,1
954.61,1.0,108.32,846.28,5,1
729.47,0.4,116.65,612.82,2,0
669.44,0.4,109.57,559.87,2,1
846.94,0.6,156.3,690.64,3,0
904.36,0.8,158.59,745.77,4,1
515.95,0.0,81.46,434.49,0,1
887.75,0.6,189.54,698.21,3,1
967.14,0.8,153.3,813.85,4,1
744.52,0.6,84.14,660.38,3,1
506.69,0.0,49.51,457.18,0,1
1403.83,1.0,633.19,770.64,5,1
629.74,0.2,109.86,519.87,1,1
551.01,0.2,38.7,512.31,1,1
753.37,0.4,102.73,650.64,2,0
1335.45,1.4,310.84,1024.62,7,1
832.55,0.6,111.65,720.9,3,1
608.81,0.2,66.24,542.56,1,1
1412.92,1.4,335.35,1077.56,7,1
586.03,0.0,106.16,479.87,0,0
827.67,0.6,144.59,683.08,3,1
610.7,0.2,68.14,542.56,1,0
700.77,0.2,143.08,557.69,1,1
843.5,0.6,145.3,698.21,3,0
580.04,0.2,67.73,512.31,1,0
898.5,0.6,192.73,705.77,3,1
997.32,0.8,213.73,783.59,4,1
622.16,0.2,72.03,550.13,1,0
713.99,0.6,68.73,645.26,3,0
998.86,1.0,122.32,876.54,5,1
913.73,0.8,145.27,768.46,4,1
536.97,0.0,87.35,449.62,0,0
631.95,0.2,112.08,519.87,1,0
525.02,0.0,67.84,457.18,0,1
947.1,1.0,115.95,831.15,5,1
705.52,0.4,85.14,620.38,2,1
448.06,0.0,28.7,419.36,0,0
659.43,0.2,116.86,542.56,1,0
757.75,0.2,200.05,557.69,1,1
787.31,0.6,89.11,698.21,3,0
1812.7,1.0,996.68,816.03,5,1
802.24,0.6,119.16,683.08,3,1
1116.81,1.2,192.7,924.1,6,1
634.82,0.2,54.43,580.38,1,1
782.28,0.4,161.89,620.38,2,1
905.71,0.8,99.43,806.28,4,1
768.16,0.4,132.65,635.51,2,1
595.52,0.4,43.22,552.31,2,1
716.03,0.4,80.51,635.51,2,1
529.07,0.0,64.32,464.74,0,0
812.77,0.6,99.43,713.33,3,1
1733.26,1.2,809.16,924.1,6,1
738.91,0.4,95.84,643.08,2,1
1003.96,0.8,197.68,806.28,4,1
638.24,0.2,88.11,550.13,1,0
730.26,0.2,165.0,565.26,1,1
531.28,0.0,66.54,464.74,0,0
487.56,0.0,45.51,442.05,0,0
748.32,0.4,105.24,643.08,2,0
693.3,0.4,72.92,620.38,2,1
741.95,0.4,114.0,627.95,2,0
673.53,0.4,75.84,597.69,2,1
812.13,0.6,129.05,683.08,3,1
481.81,0.0,47.32,434.49,0,0
743.79,0.4,130.97,612.82,2,1
634.21,0.2,91.65,542.56,1,0
747.89,0.6,64.81,683.08,3,1
748.76,0.4,128.38,620.38,2,1
592.97,0.2,50.41,542.56,1,1
686.16,0.2,143.59,542.56,1,1
1192.99,1.4,153.24,1039.74,7,1
831.16,0.4,195.65,635.51,2,1
852.83,0.4,194.62,658.21,2,1
673.99,0.4,68.73,605.26,2,1
490.46,0.0,63.54,426.92,0,1
608.37,0.2,65.81,542.56,1,1
598.81,0.2,63.81,535.0,1,0
672.12,0.2,106.86,565.26,1,1
578.34,0.0,121.16,457.18,0,1
700.82,0.4,80.43,620.38,2,1
