"Total_Cost","Ratio_Reloc_Prod","Horiz_Cost","Vert_Cost","nReloc","non_Optimal"
225388.47,0.4307,33908.25,191480.23,646,375
536.25,0.25,48.81,487.44,1,1
778.11,0.75,142.59,635.51,3,1
725.53,0.5,175.41,550.13,2,1
559.57,0.25,72.14,487.44,1,1
394.18,0.0,37.51,356.67,0,1
456.92,0.0,62.43,394.49,0,1
810.03,1.0,142.08,667.95,4,1
595.95,0.25,116.08,479.87,1,1
703.37,0.75,105.68,597.69,3,1
706.33,0.75,85.95,620.38,3,1
700.16,0.75,72.22,627.95,3,1
577.4,0.25,127.78,449.62,1,1
588.32,0.5,106.27,482.05,2,1
629.28,0.25,149.41,479.87,1,1
439.84,0.0,52.92,386.92,0,1
546.56,0.25,96.95,449.62,1,1
526.82,0.25,54.51,472.31,1,1
453.15,0.0,81.35,371.79,0,1
706.74,0.5,141.49,565.26,2,1
587.49,0.5,67.62,519.87,2,1
452.55,0.0,80.76,371.79,0,1
433.37,0.0,69.14,364.23,0,1
405.64,0.0,41.41,364.23,0,1
706.91,0.75,101.65,605.26,3,1
552.65,0.25,65.22,487.44,1,1
734.42,0.75,121.59,612.82,3,1
626.34,0.5,121.59,504.74,2,1
809.09,1.0,148.7,660.38,4,1
416.66,0.0,52.43,364.23,0,1
834.76,1.0,166.81,667.95,4,1
418.07,0.0,53.84,364.23,0,1
364.51,0.0,15.41,349.1,0,1
535.16,0.25,85.54,449.62,1,1
543.23,0.25,70.92,472.31,1,1
547.87,0.5,28.0,519.87,2,1
526.66,0.25,61.92,464.74,1,1
569.26,0.5,64.51,504.74,2,1
530.54,0.25,96.05,434.49,1,1
622.0,0.5,79.43,542.56,2,1
952.96,1.25,161.81,791.15,5,1
540.11,0.25,98.05,442.05,1,1
801.91,0.75,143.7,658.21,3,1
604.92,0.5,69.92,535.0,2,1
529.93,0.25,57.62,472.31,1,1
446.73,0.0,59.81,386.92,0,1
391.1,0.0,42.0,349.1,0,1
449.14,0.0,62.22,386.92,0,1
560.8,0.25,96.05,464.74,1,1
960.8,1.25,162.08,798.72,5,1
890.74,1.25,144.97,745.77,5,1
422.92,0.0,36.0,386.92,0,1
873.03,1.0,144.57,728.46,4,1
601.09,0.25,128.78,472.31,1,1
529.74,0.25,65.0,464.74,1,1
564.68,0.25,77.24,487.44,1,1
781.18,0.75,122.97,658.21,3,1
612.56,0.5,70.0,542.56,2,1
771.4,1.0,88.32,683.08,4,1
378.51,0.0,29.41,349.1,0,1
665.46,0.5,130.46,535.0,2,1
668.13,0.5,125.57,542.56,2,1
561.69,0.25,96.95,464.74,1,1
922.45,1.25,138.86,783.59,5,1
488.58,0.25,31.41,457.18,1,1
600.53,0.5,50.41,550.13,2,1
380.62,0.0,31.51,349.1,0,1
652.47,0.5,79.65,572.82,2,1
716.42,0.5,158.73,557.69,2,1
547.15,0.25,74.84,472.31,1,1
565.47,0.5,60.73,504.74,2,1
740.67,0.75,105.16,635.51,3,1
389.79,0.0,18.0,371.79,0,1
597.64,0.25,132.89,464.74,1,1
541.29,0.5,44.11,497.18,2,1
497.55,0.0,118.19,379.36,0,1
509.61,0.0,137.81,371.79,0,1
903.9,1.25,143.0,760.9,5,1
607.1,0.5,64.54,542.56,2,1
514.33,0.25,79.84,434.49,1,1
447.58,0.0,68.22,379.36,0,1
557.07,0.5,52.32,504.74,2,1
491.08,0.25,49.03,442.05,1,1
617.59,0.5,75.03,542.56,2,1
576.76,0.5,49.32,527.44,2,1
664.76,0.75,89.76,575.0,3,1
472.05,0.25,30.0,442.05,1,1
486.98,0.0,115.19,371.79,0,1
699.7,0.75,109.57,590.13,3,1
551.68,0.5,31.81,519.87,2,1
538.83,0.25,81.65,457.18,1,1
732.84,0.75,112.46,620.38,3,1
443.32,0.0,86.65,356.67,0,1
372.65,0.0,31.11,341.54,0,1
570.29,0.25,120.68,449.62,1,1
958.51,1.5,142.49,816.03,6,1
610.84,0.5,75.84,535.0,2,1
469.16,0.25,27.11,442.05,1,1
569.96,0.25,112.78,457.18,1,1
559.41,0.25,79.54,479.87,1,1
632.97,0.5,82.84,550.13,2,1
706.49,0.75,86.11,620.38,3,1
697.15,0.75,99.46,597.69,3,1
366.35,0.0,24.81,341.54,0,1
861.45,1.0,170.81,690.64,4,1
503.55,0.0,124.19,379.36,0,1
802.56,1.0,104.35,698.21,4,1
837.13,1.0,161.62,675.51,4,1
824.27,1.0,141.19,683.08,4,1
485.47,0.0,113.68,371.79,0,1
509.89,0.25,67.84,442.05,1,1
637.97,0.5,87.84,550.13,2,1
665.96,0.5,93.14,572.82,2,1
546.83,0.25,89.65,457.18,1,1
720.19,0.75,92.24,627.95,3,1
784.16,0.75,194.03,590.13,3,1
643.48,0.5,100.92,542.56,2,1
547.86,0.25,98.24,449.62,1,1
775.71,0.75,162.89,612.82,3,1
684.65,0.5,157.22,527.44,2,1
494.72,0.25,45.11,449.62,1,1
523.83,0.25,74.22,449.62,1,1
478.0,0.0,83.51,394.49,0,1
688.7,0.5,153.7,535.0,2,1
432.34,0.25,28.11,404.23,1,1
650.38,0.5,115.38,535.0,2,1
963.0,1.25,179.41,783.59,5,1
396.18,0.0,39.51,356.67,0,1
789.21,1.0,106.14,683.08,4,1
681.41,0.5,101.03,580.38,2,1
469.73,0.25,42.81,426.92,1,1
594.37,0.5,51.81,542.56,2,1
808.99,1.25,63.22,745.77,5,1
421.66,0.0,57.43,364.23,0,1
385.1,0.0,36.0,349.1,0,1
375.35,0.0,33.81,341.54,0,1
383.91,0.0,34.81,349.1,0,1
425.26,0.0,61.03,364.23,0,1
942.7,1.5,126.68,816.03,6,1
504.5,0.25,47.32,457.18,1,1
455.79,0.25,44.0,411.79,1,1
660.51,0.5,110.38,550.13,2,1
634.27,0.5,99.27,535.0,2,1
773.16,0.75,198.16,575.0,3,1
1065.45,1.5,241.86,823.59,6,1
648.31,0.5,83.05,565.26,2,1
795.92,0.75,160.41,635.51,3,1
869.24,1.25,85.65,783.59,5,1
418.01,0.0,46.22,371.79,0,1
413.29,0.0,56.62,356.67,0,1
426.5,0.0,69.84,356.67,0,1
468.75,0.25,26.7,442.05,1,1
466.09,0.25,46.73,419.36,1,1
447.04,0.0,75.24,371.79,0,1
444.94,0.0,88.27,356.67,0,1
1025.99,1.5,194.84,831.15,6,1
557.71,0.25,77.84,479.87,1,1
798.11,1.0,122.59,675.51,4,1
614.06,0.25,134.19,479.87,1,1
906.37,1.25,175.73,730.64,5,1
899.49,1.25,123.46,776.03,5,1
598.25,0.25,118.38,479.87,1,1
412.37,0.0,48.14,364.23,0,1
996.1,1.5,172.51,823.59,6,1
557.39,0.25,77.51,479.87,1,1
604.28,0.25,131.97,472.31,1,1
874.73,1.0,146.27,728.46,4,1
517.45,0.25,67.84,449.62,1,1
741.57,0.75,106.05,635.51,3,1
618.16,0.5,83.16,535.0,2,1
567.35,0.5,39.92,527.44,2,1
504.76,0.25,77.84,426.92,1,1
678.21,0.5,128.08,550.13,2,1
679.4,0.75,96.84,582.56,3,1
529.91,0.25,72.73,457.18,1,1
459.44,0.0,72.51,386.92,0,1
633.16,0.5,83.03,550.13,2,1
770.86,1.0,95.35,675.51,4,1
589.63,0.5,77.32,512.31,2,1
463.17,0.25,43.81,419.36,1,1
547.98,0.5,28.11,519.87,2,1
515.94,0.25,66.32,449.62,1,1
619.05,0.5,84.05,535.0,2,1
517.01,0.25,44.7,472.31,1,1
762.62,1.0,79.54,683.08,4,1
554.81,0.25,127.89,426.92,1,1
1013.74,1.5,159.89,853.85,6,1
652.99,0.5,102.86,550.13,2,1
377.91,0.0,28.81,349.1,0,1
715.69,0.75,102.86,612.82,3,1
582.02,0.5,84.84,497.18,2,1
593.62,0.25,159.14,434.49,1,1
686.15,0.75,88.46,597.69,3,1
423.9,0.0,52.11,371.79,0,1
769.05,1.0,93.54,675.51,4,1
370.67,0.0,14.0,356.67,0,1
589.91,0.25,140.3,449.62,1,1
638.86,0.5,88.73,550.13,2,1
848.43,1.0,172.92,675.51,4,1
1078.34,1.75,146.68,931.67,7,1
554.48,0.25,104.86,449.62,1,1
517.27,0.0,130.35,386.92,0,1
845.65,1.0,109.62,736.03,4,1
1035.42,1.5,143.76,891.67,6,1
504.62,0.25,55.0,449.62,1,1
830.54,1.0,94.51,736.03,4,1
402.5,0.0,30.7,371.79,0,1
379.16,0.0,37.62,341.54,0,1
959.07,1.5,120.35,838.72,6,1
583.97,0.5,41.41,542.56,2,1
550.8,0.25,86.05,464.74,1,1
716.05,0.5,165.92,550.13,2,1
625.33,0.5,105.46,519.87,2,1
596.57,0.5,69.14,527.44,2,1
414.45,0.0,50.22,364.23,0,1
518.26,0.25,53.51,464.74,1,1
532.75,0.25,83.14,449.62,1,1
727.51,0.75,84.43,643.08,3,1
599.19,0.25,111.76,487.44,1,1
546.63,0.25,74.32,472.31,1,1
625.05,0.5,90.05,535.0,2,1
401.43,0.0,52.32,349.1,0,1
564.56,0.25,107.38,457.18,1,1
673.06,0.5,100.24,572.82,2,1
512.36,0.25,100.57,411.79,1,1
685.41,0.5,150.41,535.0,2,1
669.42,0.5,157.11,512.31,2,1
517.24,0.25,67.62,449.62,1,1
556.07,0.25,106.46,449.62,1,1
502.32,0.25,52.7,449.62,1,1
751.75,0.75,93.54,658.21,3,1
627.51,0.5,84.95,542.56,2,1
569.17,0.25,96.86,472.31,1,1
777.58,0.75,172.32,605.26,3,1
711.07,0.5,153.38,557.69,2,1
494.43,0.25,44.81,449.62,1,1
458.46,0.0,71.54,386.92,0,1
485.23,0.0,121.0,364.23,0,1
584.09,0.25,119.35,464.74,1,1
383.37,0.0,26.7,356.67,0,1
538.69,0.25,73.95,464.74,1,1
502.92,0.25,68.43,434.49,1,1
516.15,0.25,51.41,464.74,1,1
668.24,0.5,125.68,542.56,2,1
495.08,0.25,53.03,442.05,1,1
598.9,0.5,79.03,519.87,2,1
659.34,0.5,101.65,557.69,2,1
733.31,0.5,175.62,557.69,2,1
705.11,0.75,84.73,620.38,3,1
432.71,0.0,60.92,371.79,0,1
539.61,0.25,82.43,457.18,1,1
683.04,0.75,85.35,597.69,3,1
669.86,0.75,79.73,590.13,3,1
380.67,0.0,24.0,356.67,0,1
643.23,0.5,70.41,572.82,2,1
581.63,0.5,69.32,512.31,2,1
580.01,0.5,60.14,519.87,2,1
793.63,1.0,140.81,652.82,4,1
441.19,0.0,46.7,394.49,0,1
373.54,0.0,32.0,341.54,0,1
627.69,0.5,115.38,512.31,2,1
408.24,0.0,59.14,349.1,0,1
635.31,0.5,77.62,557.69,2,1
565.15,0.25,107.97,457.18,1,1
721.91,0.75,78.84,643.08,3,1
772.12,0.5,206.86,565.26,2,1
540.3,0.25,60.43,479.87,1,1
601.96,0.5,89.65,512.31,2,1
598.14,0.25,118.27,479.87,1,1
523.26,0.25,58.51,464.74,1,1
530.37,0.25,80.76,449.62,1,1
468.55,0.0,96.76,371.79,0,1
506.69,0.25,49.51,457.18,1,1
647.99,0.5,82.73,565.26,2,1
394.07,0.0,37.41,356.67,0,1
547.23,0.25,74.92,472.31,1,1
765.68,0.75,145.3,620.38,3,1
525.19,0.25,83.14,442.05,1,1
526.77,0.25,62.03,464.74,1,1
816.95,1.0,149.0,667.95,4,1
1127.41,1.5,266.0,861.41,6,1
604.44,0.25,124.57,479.87,1,1
555.22,0.25,60.22,495.0,1,1
588.93,0.25,109.05,479.87,1,1
585.88,0.25,128.7,457.18,1,1
578.8,0.25,114.05,464.74,1,1
636.19,0.5,108.76,527.44,2,1
422.85,0.0,58.62,364.23,0,1
531.49,0.25,51.62,479.87,1,1
430.12,0.0,58.32,371.79,0,1
649.34,0.5,91.65,557.69,2,1
577.33,0.25,97.46,479.87,1,1
755.87,0.75,135.49,620.38,3,1
485.75,0.25,43.7,442.05,1,1
471.2,0.0,106.97,364.23,0,1
470.46,0.25,28.41,442.05,1,1
378.35,0.0,36.81,341.54,0,1
378.24,0.0,36.7,341.54,0,1
414.69,0.0,58.03,356.67,0,1
1030.36,1.5,176.51,853.85,6,1
428.71,0.0,56.92,371.79,0,1
541.28,0.25,76.54,464.74,1,1
568.12,0.25,88.24,479.87,1,1
577.01,0.5,57.14,519.87,2,1
448.39,0.0,69.03,379.36,0,1
489.46,0.25,62.54,426.92,1,1
631.0,0.5,103.57,527.44,2,1
529.16,0.5,47.11,482.05,2,1
548.1,0.5,50.92,497.18,2,1
512.05,0.25,62.43,449.62,1,1
622.24,0.5,87.24,535.0,2,1
551.87,0.5,32.0,519.87,2,1
611.18,0.75,66.43,544.74,3,1
552.63,0.25,80.32,472.31,1,1
489.16,0.25,47.11,442.05,1,1
543.11,0.25,116.19,426.92,1,1
523.8,0.25,66.62,457.18,1,1
780.59,1.0,89.95,690.64,4,1
591.92,0.5,56.92,535.0,2,1
388.02,0.0,38.92,349.1,0,1
479.31,0.0,115.08,364.23,0,1
809.58,1.0,164.32,645.26,4,1
585.54,0.25,158.62,426.92,1,1
574.16,0.5,99.68,474.49,2,1
512.35,0.25,62.73,449.62,1,1
839.48,1.0,156.41,683.08,4,1
618.53,0.5,68.41,550.13,2,1
403.48,0.0,61.95,341.54,0,1
703.51,0.75,113.38,590.13,3,1
518.45,0.25,53.7,464.74,1,1
399.21,0.0,50.11,349.1,0,1
575.42,0.25,110.68,464.74,1,1
672.7,0.5,122.57,550.13,2,1
639.92,0.5,104.92,535.0,2,1
561.27,0.25,73.84,487.44,1,1
514.74,0.25,50.0,464.74,1,1
636.95,0.5,117.08,519.87,2,1
364.54,0.0,23.0,341.54,0,1
408.74,0.0,44.51,364.23,0,1
497.41,0.25,62.92,434.49,1,1
614.9,0.5,87.46,527.44,2,1
693.05,0.5,150.49,542.56,2,1
743.23,0.5,170.41,572.82,2,1
608.34,0.5,58.22,550.13,2,1
402.74,0.0,38.51,364.23,0,1
550.57,0.5,30.7,519.87,2,1
619.74,0.5,99.86,519.87,2,1
507.36,0.0,128.0,379.36,0,1
406.56,0.0,42.32,364.23,0,1
466.2,0.0,101.97,364.23,0,1
368.94,0.0,27.41,341.54,0,1
739.41,0.75,111.46,627.95,3,1
480.05,0.25,38.0,442.05,1,1
577.47,0.25,105.16,472.31,1,1
870.78,1.0,134.76,736.03,4,1
505.03,0.25,70.54,434.49,1,1
1021.01,1.5,106.65,914.36,6,1
633.26,0.5,68.0,565.26,2,1
662.18,0.5,112.05,550.13,2,1
550.09,0.25,70.22,479.87,1,1
865.25,1.0,136.78,728.46,4,1
948.2,1.25,134.35,813.85,5,1
635.02,0.5,77.32,557.69,2,1
665.65,0.5,123.08,542.56,2,1
450.46,0.0,63.54,386.92,0,1
537.92,0.25,95.86,442.05,1,1
890.74,1.5,89.84,800.9,6,1
711.55,0.75,91.16,620.38,3,1
605.96,0.5,93.65,512.31,2,1
555.96,0.25,83.65,472.31,1,1
435.36,0.0,56.0,379.36,0,1
769.35,0.5,226.78,542.56,2,1
577.86,0.25,120.68,457.18,1,1
465.25,0.0,78.32,386.92,0,1
411.04,0.0,46.81,364.23,0,1
810.59,0.75,167.51,643.08,3,1
