"Total_Cost","Ratio_Reloc_Prod","Horiz_Cost","Vert_Cost","nReloc","non_Optimal"
229819.36,0.4647,36261.33,193558.1,697,300
569.89,0.0,67.32,502.56,0,1
1105.88,1.0,214.22,891.67,5,1
864.26,0.6,113.11,751.15,3,1
555.88,0.0,83.57,472.31,0,1
806.7,0.6,116.05,690.64,3,1
773.85,0.4,168.59,605.26,2,1
1144.82,1.2,190.46,954.36,6,1
576.84,0.2,49.41,527.44,1,1
946.33,0.6,225.43,720.9,3,1
640.43,0.2,105.43,535.0,1,1
1220.92,1.4,150.92,1070.0,7,1
717.14,0.4,96.76,620.38,2,1
909.93,0.8,103.65,806.28,4,1
1039.69,1.0,140.46,899.23,5,1
620.98,0.2,108.68,512.31,1,1
700.09,0.2,127.27,572.82,1,1
833.42,0.4,175.22,658.21,2,1
826.66,0.6,113.32,713.33,3,1
1110.41,1.2,156.05,954.36,6,1
1292.46,1.4,230.03,1062.44,7,1
894.53,0.6,196.32,698.21,3,1
825.36,0.4,159.59,665.77,2,1
777.74,0.4,111.97,665.77,2,1
924.47,0.6,211.14,713.33,3,1
822.26,0.4,156.49,665.77,2,1
549.15,0.0,76.84,472.31,0,1
830.72,0.4,172.51,658.21,2,1
772.22,0.4,144.27,627.95,2,1
720.14,0.4,107.32,612.82,2,1
605.67,0.2,63.11,542.56,1,1
749.05,0.4,113.54,635.51,2,1
761.14,0.6,100.76,660.38,3,1
557.7,0.2,22.7,535.0,1,1
826.83,0.8,88.62,738.21,4,1
770.79,0.6,102.84,667.95,3,1
563.0,0.2,28.0,535.0,1,1
958.82,1.0,112.54,846.28,5,1
650.51,0.2,107.95,542.56,1,1
624.94,0.2,67.24,557.69,1,1
531.61,0.0,74.43,457.18,0,1
980.14,0.8,219.24,760.9,4,1
584.2,0.0,119.46,464.74,0,1
847.06,0.6,126.16,720.9,3,1
1011.69,0.8,205.41,806.28,4,1
640.18,0.2,74.92,565.26,1,1
879.66,0.6,120.95,758.72,3,1
933.28,0.8,111.86,821.41,4,1
521.13,0.0,71.51,449.62,0,1
715.4,0.2,157.7,557.69,1,1
570.47,0.0,105.73,464.74,0,1
882.4,0.8,98.81,783.59,4,1
857.79,0.6,136.89,720.9,3,1
1000.18,0.8,209.03,791.15,4,1
742.47,0.4,129.65,612.82,2,1
611.93,0.2,92.05,519.87,1,1
815.91,0.6,125.27,690.64,3,1
487.03,0.0,60.11,426.92,0,1
645.38,0.2,110.38,535.0,1,1
699.62,0.4,117.05,582.56,2,1
834.89,0.6,151.81,683.08,3,1
665.09,0.4,59.84,605.26,2,1
444.61,0.0,32.81,411.79,0,1
442.31,0.0,30.51,411.79,0,1
1120.59,1.2,188.92,931.67,6,1
854.87,0.6,133.97,720.9,3,1
721.67,0.4,123.97,597.69,2,1
712.72,0.4,107.46,605.26,2,1
519.18,0.0,62.0,457.18,0,1
629.8,0.4,32.11,597.69,2,1
636.89,0.2,94.32,542.56,1,1
503.71,0.0,84.35,419.36,0,1
595.67,0.2,53.11,542.56,1,1
591.92,0.2,56.92,535.0,1,1
485.3,0.0,50.81,434.49,0,1
795.39,0.6,89.62,705.77,3,1
692.66,0.4,79.84,612.82,2,1
660.64,0.4,70.51,590.13,2,1
768.79,0.4,148.41,620.38,2,1
922.15,0.8,115.86,806.28,4,1
870.17,0.6,164.41,705.77,3,1
1004.29,1.0,165.57,838.72,5,1
869.21,0.8,85.62,783.59,4,1
991.35,0.8,162.38,828.97,4,1
897.54,0.6,153.95,743.59,3,1
1264.12,1.2,256.81,1007.31,6,1
776.4,0.4,125.76,650.64,2,1
546.66,0.0,81.92,464.74,0,1
614.69,0.2,109.95,504.74,1,1
883.23,0.6,169.89,713.33,3,1
1065.46,1.0,204.05,861.41,5,1
794.59,0.6,119.08,675.51,3,1
570.77,0.0,98.46,472.31,0,1
772.68,0.4,152.3,620.38,2,1
1139.6,1.2,177.68,961.92,6,1
541.37,0.0,76.62,464.74,0,1
1235.3,1.4,225.81,1009.49,7,1
556.83,0.0,99.65,457.18,0,1
1029.9,1.0,168.49,861.41,5,1
685.58,0.2,112.76,572.82,1,1
786.75,0.4,143.68,643.08,2,1
784.83,0.4,141.76,643.08,2,1
655.83,0.2,113.27,542.56,1,1
1008.57,1.0,147.16,861.41,5,1
1014.09,1.0,152.68,861.41,5,1
641.09,0.2,75.84,565.26,1,1
489.22,0.0,54.73,434.49,0,1
837.41,0.6,108.95,728.46,3,1
816.69,0.4,158.49,658.21,2,1
956.77,0.8,158.05,798.72,4,1
679.89,0.2,144.89,535.0,1,1
728.41,0.6,68.03,660.38,3,1
557.55,0.2,52.81,504.74,1,1
1028.71,0.8,222.43,806.28,4,1
907.42,0.6,156.27,751.15,3,1
849.66,0.6,143.89,705.77,3,1
550.45,0.0,100.84,449.62,0,1
839.24,0.6,148.59,690.64,3,1
1015.33,1.0,161.49,853.85,5,1
828.67,0.4,178.03,650.64,2,1
813.23,0.6,107.46,705.77,3,1
863.86,0.8,72.7,791.15,4,1
1002.73,1.0,133.76,868.97,5,1
634.98,0.2,107.54,527.44,1,1
483.95,0.0,57.03,426.92,0,1
526.29,0.0,84.24,442.05,0,1
797.9,0.6,92.14,705.77,3,1
922.34,0.6,216.57,705.77,3,1
711.31,0.4,106.05,605.26,2,1
836.97,0.6,153.89,683.08,3,1
467.3,0.0,32.81,434.49,0,1
468.84,0.0,41.92,426.92,0,1
841.06,0.6,120.16,720.9,3,1
886.86,0.8,110.84,776.03,4,1
938.38,1.0,122.35,816.03,5,1
732.04,0.4,73.84,658.21,2,1
672.44,0.4,59.62,612.82,2,1
896.7,0.8,120.68,776.03,4,1
896.43,0.6,160.41,736.03,3,1
580.45,0.0,123.27,457.18,0,1
722.82,0.4,117.57,605.26,2,1
628.46,0.2,93.46,535.0,1,1
680.4,0.4,97.84,582.56,2,1
525.86,0.0,76.24,449.62,0,1
545.85,0.2,41.11,504.74,1,1
656.88,0.2,106.76,550.13,1,1
867.44,0.8,106.54,760.9,4,1
840.11,0.6,111.65,728.46,3,1
790.25,0.6,129.86,660.38,3,1
880.64,0.6,190.0,690.64,3,1
1185.33,1.2,223.41,961.92,6,1
753.37,0.4,102.73,650.64,2,1
675.58,0.2,110.32,565.26,1,1
787.7,0.4,152.19,635.51,2,1
771.67,0.4,136.16,635.51,2,1
830.39,0.6,117.05,713.33,3,1
606.08,0.2,63.51,542.56,1,1
867.55,0.6,161.78,705.77,3,1
835.52,0.6,107.05,728.46,3,1
844.27,0.6,108.24,736.03,3,1
598.83,0.2,48.7,550.13,1,1
955.39,0.8,141.54,813.85,4,1
919.16,0.8,135.57,783.59,4,1
550.8,0.0,86.05,464.74,0,1
781.62,0.4,153.68,627.95,2,1
672.78,0.4,90.22,582.56,2,1
720.94,0.2,170.81,550.13,1,1
686.96,0.2,129.27,557.69,1,1
1041.62,1.0,165.08,876.54,5,1
703.86,0.2,161.3,542.56,1,1
682.56,0.2,124.86,557.69,1,1
1110.77,1.2,179.11,931.67,6,1
878.7,0.6,142.68,736.03,3,1
965.57,0.8,144.16,821.41,4,1
555.28,0.0,90.54,464.74,0,1
714.94,0.2,164.81,550.13,1,1
785.35,0.4,157.41,627.95,2,1
545.69,0.2,48.51,497.18,1,1
688.23,0.4,90.54,597.69,2,1
755.16,0.6,87.22,667.95,3,1
459.98,0.0,40.62,419.36,0,1
769.73,0.6,94.22,675.51,3,1
596.65,0.2,69.22,527.44,1,1
622.35,0.2,87.35,535.0,1,1
449.01,0.0,37.22,411.79,0,1
868.01,0.6,154.68,713.33,3,1
885.04,0.6,126.32,758.72,3,1
572.21,0.0,115.03,457.18,0,1
751.06,0.4,138.24,612.82,2,1
767.35,0.6,91.84,675.51,3,1
481.36,0.0,62.0,419.36,0,1
537.51,0.0,95.46,442.05,0,1
756.71,0.6,96.32,660.38,3,1
809.19,0.6,133.68,675.51,3,1
723.09,0.2,218.35,504.74,1,1
666.7,0.2,116.57,550.13,1,1
990.36,1.0,128.95,861.41,5,1
1021.04,1.0,182.32,838.72,5,1
881.31,0.8,127.97,753.33,4,1
935.45,0.8,151.86,783.59,4,1
605.22,0.2,70.22,535.0,1,1
1016.24,1.0,200.22,816.03,5,1
555.89,0.0,106.27,449.62,0,1
1270.04,1.4,230.3,1039.74,7,1
596.95,0.2,69.51,527.44,1,1
715.55,0.2,150.3,565.26,1,1
1197.28,1.4,202.92,994.36,7,1
855.52,0.6,127.05,728.46,3,1
696.61,0.2,146.49,550.13,1,1
675.48,0.2,125.35,550.13,1,1
961.89,0.8,178.3,783.59,4,1
659.35,0.2,124.35,535.0,1,1
622.48,0.2,79.92,542.56,1,1
712.99,0.4,122.86,590.13,2,1
584.41,0.2,49.41,535.0,1,1
807.21,0.6,116.57,690.64,3,1
862.99,0.6,164.78,698.21,3,1
542.94,0.0,93.32,449.62,0,1
851.63,0.8,90.73,760.9,4,1
671.72,0.4,74.03,597.69,2,1
878.49,0.8,110.03,768.46,4,1
891.03,0.8,122.57,768.46,4,1
768.8,0.2,218.68,550.13,1,1
693.48,0.4,103.35,590.13,2,1
790.11,0.4,169.73,620.38,2,1
993.88,0.8,202.73,791.15,4,1
796.77,0.6,151.51,645.26,3,1
949.65,0.6,228.76,720.9,3,1
572.17,0.0,99.86,472.31,0,1
612.38,0.2,84.95,527.44,1,1
498.38,0.0,56.32,442.05,0,1
853.17,0.6,132.27,720.9,3,1
827.32,0.6,136.68,690.64,3,1
1095.24,1.2,125.76,969.49,6,1
679.5,0.2,114.24,565.26,1,1
718.71,0.4,98.32,620.38,2,1
801.99,0.6,111.35,690.64,3,1
964.01,0.8,218.24,745.77,4,1
712.49,0.4,84.54,627.95,2,1
612.83,0.2,62.7,550.13,1,1
849.07,0.4,198.43,650.64,2,1
809.23,0.6,103.46,705.77,3,1
655.54,0.2,120.54,535.0,1,1
1020.68,1.0,159.27,861.41,5,1
1037.22,1.0,175.81,861.41,5,1
770.34,0.6,72.14,698.21,3,1
663.67,0.2,105.97,557.69,1,1
491.36,0.0,64.43,426.92,0,1
620.27,0.2,92.84,527.44,1,1
874.11,0.8,105.65,768.46,4,1
495.67,0.0,53.62,442.05,0,1
462.76,0.0,43.41,419.36,0,1
679.28,0.4,74.03,605.26,2,1
600.49,0.2,80.62,519.87,1,1
698.53,0.4,100.84,597.69,2,1
896.07,0.8,104.92,791.15,4,1
869.19,0.8,100.73,768.46,4,1
530.05,0.0,88.0,442.05,0,1
683.64,0.4,85.95,597.69,2,1
692.33,0.4,124.89,567.44,2,1
789.38,0.6,113.86,675.51,3,1
916.64,0.8,133.05,783.59,4,1
840.64,0.6,150.0,690.64,3,1
1008.93,1.0,155.08,853.85,5,1
496.22,0.0,61.73,434.49,0,1
906.3,0.8,130.27,776.03,4,1
744.35,0.4,108.84,635.51,2,1
744.62,0.4,101.54,643.08,2,1
1122.69,1.0,231.03,891.67,5,1
718.32,0.4,82.81,635.51,2,1
754.5,0.4,156.81,597.69,2,1
691.1,0.2,140.97,550.13,1,1
468.87,0.0,49.51,419.36,0,1
916.11,1.0,115.22,800.9,5,1
793.84,0.4,165.89,627.95,2,1
502.84,0.0,75.92,426.92,0,1
736.1,0.4,145.97,590.13,2,1
835.94,0.6,152.86,683.08,3,1
862.76,0.6,141.86,720.9,3,1
614.14,0.2,79.14,535.0,1,1
745.22,0.4,117.27,627.95,2,1
968.52,0.8,154.68,813.85,4,1
585.13,0.2,87.95,497.18,1,1
717.61,0.4,112.35,605.26,2,1
711.64,0.4,113.95,597.69,2,1
631.1,0.2,88.54,542.56,1,1
802.75,0.6,104.54,698.21,3,1
950.45,0.8,159.3,791.15,4,1
680.03,0.2,152.59,527.44,1,1
782.77,0.4,177.51,605.26,2,1
708.12,0.2,188.24,519.87,1,1
773.3,0.4,137.78,635.51,2,1
530.94,0.0,81.32,449.62,0,1
769.47,0.4,164.22,605.26,2,1
1019.04,1.0,165.19,853.85,5,1
599.08,0.0,157.03,442.05,0,1
697.74,0.4,77.35,620.38,2,1
551.61,0.0,94.43,457.18,0,1
474.44,0.0,47.51,426.92,0,1
1104.17,1.2,157.38,946.79,6,1
766.78,0.4,131.27,635.51,2,1
