"Total_Cost","Ratio_Reloc_Prod","Horiz_Cost","Vert_Cost","nReloc","non_Optimal"
221275.39,0.4213,33342.95,187932.5,632,250
882.1,0.3333,123.38,758.72,2,1
745.01,0.0,164.62,580.38,0,1
1139.26,0.8333,147.08,992.18,5,1
623.12,0.0,65.43,557.69,0,1
1013.91,0.6667,122.24,891.67,4,1
808.35,0.3333,72.32,736.03,2,1
1495.81,1.3333,224.78,1271.03,8,1
1419.91,1.1667,294.78,1125.13,7,1
1131.7,0.8333,147.08,984.62,5,1
998.1,0.5,206.95,791.15,3,1
641.7,0.0,91.57,550.13,0,1
776.27,0.3333,47.81,728.46,2,1
828.5,0.1667,162.73,665.77,1,1
981.51,0.5,144.97,836.54,3,1
687.88,0.1667,97.76,590.13,1,1
755.25,0.3333,94.86,660.38,2,1
728.2,0.1667,122.95,605.26,1,1
852.48,0.3333,101.32,751.15,2,1
731.18,0.1667,80.54,650.64,1,1
848.58,0.3333,150.38,698.21,2,1
870.58,0.5,117.24,753.33,3,1
700.57,0.1667,72.62,627.95,1,1
1217.92,1.0,155.49,1062.44,6,1
734.81,0.1667,91.73,643.08,1,1
739.81,0.3333,56.73,683.08,2,1
1123.43,1.0,113.95,1009.49,6,1
1139.76,0.8333,170.27,969.49,5,1
1354.2,1.1667,266.89,1087.31,7,1
1100.06,0.6667,185.7,914.36,4,1
566.25,0.0,38.81,527.44,0,1
727.16,0.1667,91.65,635.51,1,1
966.99,0.5,168.27,798.72,3,1
781.76,0.1667,153.81,627.95,1,1
1194.83,0.8333,210.22,984.62,5,1
955.55,0.5,149.27,806.28,3,1
775.96,0.1667,117.76,658.21,1,1
631.49,0.0,104.05,527.44,0,1
1111.39,0.8333,164.59,946.79,5,1
978.66,0.6667,132.38,846.28,4,1
936.89,0.5,153.3,783.59,3,1
1030.21,0.6667,153.68,876.54,4,1
1179.38,0.8333,217.46,961.92,5,1
866.7,0.3333,130.68,736.03,2,1
1014.03,0.5,192.62,821.41,3,1
944.38,0.5,122.97,821.41,3,1
824.81,0.3333,96.35,728.46,2,1
1084.5,0.6667,177.7,906.79,4,1
895.27,0.5,119.24,776.03,3,1
885.47,0.3333,172.14,713.33,2,1
782.35,0.0,239.78,542.56,0,1
1290.95,1.1667,188.51,1102.44,7,1
1213.52,0.8333,251.59,961.92,5,1
908.47,0.5,109.76,798.72,3,1
772.97,0.1667,129.89,643.08,1,1
747.25,0.1667,126.86,620.38,1,1
985.2,0.5,171.35,813.85,3,1
763.65,0.1667,135.7,627.95,1,1
1105.77,0.8333,158.97,946.79,5,1
771.73,0.1667,143.78,627.95,1,1
698.93,0.1667,78.54,620.38,1,1
803.28,0.3333,89.95,713.33,2,1
744.31,0.1667,86.11,658.21,1,1
648.53,0.1667,58.41,590.13,1,1
958.9,0.5,137.49,821.41,3,1
802.8,0.3333,112.16,690.64,2,1
565.09,0.0,45.22,519.87,0,1
805.01,0.3333,99.24,705.77,2,1
655.8,0.1667,58.11,597.69,1,1
773.48,0.3333,82.84,690.64,2,1
950.19,0.5,113.65,836.54,3,1
759.91,0.1667,162.22,597.69,1,1
803.22,0.1667,167.7,635.51,1,1
797.45,0.3333,99.24,698.21,2,1
566.12,0.0,53.81,512.31,0,1
982.79,0.6667,121.38,861.41,4,1
918.06,0.5,149.59,768.46,3,1
775.43,0.1667,132.35,643.08,1,1
780.65,0.3333,120.27,660.38,2,1
1019.44,0.8333,118.03,901.41,5,1
869.25,0.3333,155.92,713.33,2,1
1076.79,0.6667,170.0,906.79,4,1
858.46,0.1667,222.95,635.51,1,1
772.96,0.1667,114.76,658.21,1,1
853.19,0.3333,170.11,683.08,2,1
799.38,0.3333,139.0,660.38,2,1
984.83,0.6667,100.73,884.1,4,1
822.39,0.3333,109.05,713.33,2,1
941.78,0.5,158.19,783.59,3,1
1099.56,0.8333,167.89,931.67,5,1
639.8,0.0,82.11,557.69,0,1
1015.73,0.5,179.19,836.54,3,1
1035.15,0.6667,128.35,906.79,4,1
985.53,0.5,186.81,798.72,3,1
985.95,0.5,172.11,813.85,3,1
1040.75,0.5,204.22,836.54,3,1
692.83,0.1667,95.14,597.69,1,1
962.91,0.5,179.32,783.59,3,1
891.63,0.5,145.86,745.77,3,1
1258.92,1.1667,156.49,1102.44,7,1
572.35,0.0,44.92,527.44,0,1
938.05,0.5,146.89,791.15,3,1
1143.73,0.6667,221.81,921.92,4,1
963.74,0.6667,125.03,838.72,4,1
827.74,0.3333,106.84,720.9,2,1
921.08,0.3333,192.62,728.46,2,1
1004.22,0.5,182.81,821.41,3,1
612.03,0.0,77.03,535.0,0,1
998.77,0.5,200.05,798.72,3,1
571.84,0.0,44.41,527.44,0,1
1120.66,0.6667,221.43,899.23,4,1
796.49,0.3333,120.97,675.51,2,1
742.81,0.1667,114.86,627.95,1,1
595.87,0.0,68.43,527.44,0,1
1312.84,1.1667,255.78,1057.05,7,1
806.7,0.1667,163.62,643.08,1,1
632.97,0.1667,50.41,582.56,1,1
976.18,0.6667,137.46,838.72,4,1
624.35,0.0,89.35,535.0,0,1
1087.73,0.6667,218.76,868.97,4,1
1015.18,0.6667,115.95,899.23,4,1
753.09,0.1667,140.27,612.82,1,1
990.26,0.5,199.11,791.15,3,1
1167.28,1.0,127.54,1039.74,6,1
809.14,0.3333,141.19,667.95,2,1
1232.77,1.0,200.59,1032.18,6,1
880.21,0.3333,129.05,751.15,2,1
662.08,0.0,127.08,535.0,0,1
730.76,0.1667,95.24,635.51,1,1
900.97,0.3333,157.38,743.59,2,1
585.06,0.0,57.62,527.44,0,1
743.65,0.1667,108.14,635.51,1,1
773.8,0.1667,123.16,650.64,1,1
849.12,0.1667,190.92,658.21,1,1
855.73,0.1667,212.65,643.08,1,1
1272.78,1.1667,162.78,1110.0,7,1
762.63,0.3333,102.24,660.38,2,1
739.05,0.1667,88.41,650.64,1,1
610.51,0.0,75.51,535.0,0,1
965.14,0.6667,103.73,861.41,4,1
1025.53,0.5,234.38,791.15,3,1
923.55,0.5,102.14,821.41,3,1
1221.01,1.0,173.7,1047.31,6,1
645.31,0.0,87.62,557.69,0,1
907.04,0.5,108.32,798.72,3,1
978.08,0.6667,101.54,876.54,4,1
833.15,0.1667,182.51,650.64,1,1
1118.28,0.8333,171.49,946.79,5,1
820.74,0.3333,99.84,720.9,2,1
771.72,0.3333,73.51,698.21,2,1
727.2,0.3333,66.81,660.38,2,1
1037.94,0.5,246.78,791.15,3,1
785.09,0.3333,132.27,652.82,2,1
1083.89,0.8333,174.92,908.97,5,1
883.8,0.3333,132.65,751.15,2,1
701.68,0.1667,73.73,627.95,1,1
1174.02,0.8333,196.97,977.05,5,1
805.82,0.1667,140.05,665.77,1,1
712.7,0.1667,69.62,643.08,1,1
989.82,0.6667,135.97,853.85,4,1
1069.79,0.6667,200.81,868.97,4,1
958.94,0.5,182.92,776.03,3,1
744.73,0.1667,101.65,643.08,1,1
908.32,0.3333,172.3,736.03,2,1
781.73,0.3333,98.65,683.08,2,1
614.34,0.0,64.22,550.13,0,1
555.74,0.0,51.0,504.74,0,1
727.48,0.1667,129.78,597.69,1,1
888.41,0.5,135.08,753.33,3,1
918.18,0.5,119.46,798.72,3,1
1108.16,0.8333,191.62,916.54,5,1
1014.0,0.6667,152.59,861.41,4,1
1360.53,1.1667,227.84,1132.69,7,1
720.1,0.1667,77.03,643.08,1,1
936.31,0.5,122.46,813.85,3,1
965.81,0.5,197.35,768.46,3,1
607.54,0.1667,40.11,567.44,1,1
599.84,0.0,64.84,535.0,0,1
826.01,0.5,80.24,745.77,3,1
981.53,0.5,182.81,798.72,3,1
1338.07,1.3333,165.38,1172.69,8,1
903.95,0.5,135.49,768.46,3,1
926.93,0.5,120.65,806.28,3,1
1033.71,0.6667,172.3,861.41,4,1
1288.76,1.0,226.32,1062.44,6,1
936.26,0.5,129.97,806.28,3,1
625.51,0.0,82.95,542.56,0,1
1258.25,1.0,256.32,1001.92,6,1
802.92,0.3333,82.03,720.9,2,1
550.15,0.0,45.41,504.74,0,1
769.83,0.3333,86.76,683.08,2,1
903.89,0.5,127.86,776.03,3,1
872.05,0.5,96.03,776.03,3,1
582.25,0.0,54.81,527.44,0,1
604.65,0.0,77.22,527.44,0,1
753.35,0.3333,77.84,675.51,2,1
1029.45,0.8333,105.35,924.1,5,1
673.93,0.1667,61.11,612.82,1,1
1325.66,1.0,270.78,1054.87,6,1
1339.03,1.0,276.59,1062.44,6,1
1063.52,0.5,249.68,813.85,3,1
605.45,0.0,55.32,550.13,0,1
670.19,0.0,135.19,535.0,0,1
1159.86,0.8333,167.68,992.18,5,1
805.55,0.3333,92.22,713.33,2,1
755.73,0.1667,112.65,643.08,1,1
1196.16,1.0,179.11,1017.05,6,1
1219.58,1.0,187.41,1032.18,6,1
1038.53,0.6667,146.86,891.67,4,1
935.16,0.5,151.57,783.59,3,1
662.06,0.0,89.24,572.82,0,1
941.93,0.5,135.65,806.28,3,1
787.07,0.3333,96.43,690.64,2,1
734.91,0.1667,91.84,643.08,1,1
941.9,0.5,128.05,813.85,3,1
546.58,0.0,49.41,497.18,0,1
698.09,0.1667,77.7,620.38,1,1
793.15,0.1667,127.38,665.77,1,1
639.16,0.0,89.03,550.13,0,1
731.86,0.1667,96.35,635.51,1,1
1238.48,1.0,221.43,1017.05,6,1
854.43,0.3333,110.84,743.59,2,1
706.38,0.1667,78.43,627.95,1,1
987.7,0.5,219.24,768.46,3,1
729.33,0.1667,108.95,620.38,1,1
689.95,0.1667,62.0,627.95,1,1
1024.64,0.6667,185.92,838.72,4,1
1130.45,0.6667,238.78,891.67,4,1
702.38,0.1667,82.0,620.38,1,1
779.54,0.3333,96.46,683.08,2,1
671.43,0.0,128.86,542.56,0,1
713.77,0.1667,100.95,612.82,1,1
828.14,0.3333,107.24,720.9,2,1
755.35,0.1667,119.84,635.51,1,1
1196.67,1.0,164.49,1032.18,6,1
914.98,0.5,101.14,813.85,3,1
1099.34,0.6667,200.11,899.23,4,1
886.32,0.3333,150.3,736.03,2,1
725.68,0.1667,97.73,627.95,1,1
775.71,0.1667,147.76,627.95,1,1
1156.78,0.8333,172.16,984.62,5,1
604.62,0.0,69.62,535.0,0,1
1049.56,0.8333,110.32,939.23,5,1
1053.45,0.6667,161.78,891.67,4,1
779.0,0.3333,95.92,683.08,2,1
679.02,0.0,128.89,550.13,0,1
614.25,0.0,101.95,512.31,0,1
923.67,0.6667,107.65,816.03,4,1
732.89,0.3333,49.81,683.08,2,1
1007.77,0.6667,161.49,846.28,4,1
674.77,0.1667,69.51,605.26,1,1
