"Total_Cost","Ratio_Reloc_Prod","Horiz_Cost","Vert_Cost","nReloc","non_Optimal"
222635.24,0.4393,32518.29,190116.83,659,250
882.1,0.3333,123.38,758.72,2,1
703.84,0.0,123.46,580.38,0,1
1131.15,0.8333,123.84,1007.31,5,1
646.96,0.0,74.14,572.82,0,1
998.69,0.6667,107.03,891.67,4,1
821.91,0.3333,78.32,743.59,2,1
1413.05,1.3333,194.97,1218.08,8,1
1413.97,1.1667,296.41,1117.56,7,1
1121.29,0.8333,136.68,984.62,5,1
972.1,0.5,188.51,783.59,3,1
675.67,0.0,117.97,557.69,0,1
758.14,0.3333,44.81,713.33,2,1
929.39,0.5,130.68,798.72,3,1
971.06,0.5,142.08,828.97,3,1
698.31,0.1667,93.05,605.26,1,1
797.16,0.3333,114.08,683.08,2,1
722.91,0.1667,117.65,605.26,1,1
833.51,0.3333,89.92,743.59,2,1
745.12,0.1667,79.35,665.77,1,1
869.69,0.3333,171.49,698.21,2,1
888.9,0.5,135.57,753.33,3,1
731.02,0.1667,87.95,643.08,1,1
1214.52,1.0,152.08,1062.44,6,1
696.6,0.1667,76.22,620.38,1,1
777.5,0.3333,71.73,705.77,2,1
1123.43,1.0,113.95,1009.49,6,1
1088.79,0.8333,134.43,954.36,5,1
1271.92,1.0,254.86,1017.05,6,1
1100.06,0.6667,185.7,914.36,4,1
549.12,0.0,36.81,512.31,0,1
698.82,0.1667,78.43,620.38,1,1
975.15,0.5,168.86,806.28,3,1
793.92,0.1667,158.41,635.51,1,1
1099.01,0.6667,192.22,906.79,4,1
961.2,0.6667,107.35,853.85,4,1
823.74,0.1667,157.97,665.77,1,1
631.49,0.0,104.05,527.44,0,1
1096.77,0.8333,149.97,946.79,5,1
827.06,0.3333,106.16,720.9,2,1
932.97,0.5,149.38,783.59,3,1
1023.4,0.6667,146.86,876.54,4,1
994.42,0.5,188.14,806.28,3,1
886.92,0.3333,150.89,736.03,2,1
993.66,0.5,179.81,813.85,3,1
775.09,0.1667,101.76,673.33,1,1
899.31,0.5,93.03,806.28,3,1
859.49,0.3333,138.59,720.9,2,1
1058.45,0.8333,134.35,924.1,5,1
940.19,0.5,171.73,768.46,3,1
703.05,0.0,160.49,542.56,0,1
1182.14,1.0,180.22,1001.92,6,1
1303.88,1.1667,171.19,1132.69,7,1
887.35,0.5,103.76,783.59,3,1
699.17,0.1667,86.35,612.82,1,1
755.36,0.1667,134.97,620.38,1,1
983.01,0.5,169.16,813.85,3,1
713.19,0.1667,85.24,627.95,1,1
1052.66,0.6667,145.86,906.79,4,1
666.43,0.0,123.86,542.56,0,1
772.48,0.3333,81.84,690.64,2,1
778.18,0.1667,119.97,658.21,1,1
845.21,0.3333,101.62,743.59,2,1
677.63,0.1667,64.81,612.82,1,1
983.73,0.6667,114.76,868.97,4,1
975.73,0.6667,106.76,868.97,4,1
868.86,0.5,92.84,776.03,3,1
915.45,0.5,116.73,798.72,3,1
738.57,0.3333,70.62,667.95,2,1
845.31,0.3333,131.97,713.33,2,1
899.47,0.5,85.62,813.85,3,1
756.91,0.1667,159.22,597.69,1,1
986.07,0.5,194.92,791.15,3,1
730.14,0.1667,109.76,620.38,1,1
521.13,0.0,31.51,489.62,0,1
963.15,0.6667,116.86,846.28,4,1
925.62,0.5,149.59,776.03,3,1
842.12,0.3333,136.35,705.77,2,1
797.08,0.3333,121.57,675.51,2,1
978.12,0.8333,91.84,886.28,5,1
787.27,0.1667,144.19,643.08,1,1
1149.26,0.8333,210.03,939.23,5,1
755.63,0.1667,150.38,605.26,1,1
636.08,0.0,108.65,527.44,0,1
1038.61,0.6667,192.32,846.28,4,1
734.69,0.1667,137.0,597.69,1,1
907.77,0.5,93.92,813.85,3,1
887.1,0.5,95.95,791.15,3,1
750.98,0.1667,130.59,620.38,1,1
755.76,0.1667,135.38,620.38,1,1
570.31,0.0,58.0,512.31,0,1
1005.92,0.5,169.38,836.54,3,1
1021.88,0.6667,122.65,899.23,4,1
1046.15,0.6667,154.49,891.67,4,1
1133.41,0.6667,203.92,929.49,4,1
1033.41,0.5,204.43,828.97,3,1
710.47,0.1667,97.65,612.82,1,1
942.68,0.5,174.22,768.46,3,1
946.96,0.6667,108.24,838.72,4,1
1110.32,0.8333,133.27,977.05,5,1
624.4,0.0,66.7,557.69,0,1
916.77,0.5,118.05,798.72,3,1
1364.24,1.1667,299.62,1064.62,7,1
992.23,0.6667,145.95,846.28,4,1
807.36,0.1667,141.59,665.77,1,1
1077.83,0.6667,193.73,884.1,4,1
1149.7,0.8333,180.22,969.49,5,1
615.59,0.0,73.03,542.56,0,1
1440.74,1.1667,300.49,1140.26,7,1
805.71,0.5,44.81,760.9,3,1
1250.16,1.0,225.54,1024.62,6,1
716.98,0.1667,104.16,612.82,1,1
889.13,0.5,105.54,783.59,3,1
626.59,0.0,84.03,542.56,0,1
1153.04,0.8333,259.19,893.85,5,1
792.86,0.5,62.22,730.64,3,1
594.08,0.0,66.65,527.44,0,1
961.91,0.5,178.32,783.59,3,1
640.78,0.0,90.65,550.13,0,1
911.98,0.3333,183.51,728.46,2,1
1163.97,1.0,154.49,1009.49,6,1
694.06,0.1667,81.24,612.82,1,1
1295.03,1.1667,192.59,1102.44,7,1
982.03,0.6667,120.62,861.41,4,1
838.99,0.3333,140.78,698.21,2,1
888.13,0.5,157.49,730.64,3,1
891.72,0.3333,140.57,751.15,2,1
738.34,0.1667,133.08,605.26,1,1
610.37,0.0,67.81,542.56,0,1
870.92,0.3333,142.46,728.46,2,1
589.65,0.0,62.22,527.44,0,1
802.53,0.1667,151.89,650.64,1,1
772.7,0.1667,122.05,650.64,1,1
1085.43,0.8333,100.81,984.62,5,1
856.7,0.3333,173.62,683.08,2,1
1083.46,0.8333,121.54,961.92,5,1
835.29,0.3333,137.08,698.21,2,1
682.9,0.1667,62.51,620.38,1,1
698.93,0.1667,86.11,612.82,1,1
974.92,0.6667,105.95,868.97,4,1
1058.44,0.6667,212.16,846.28,4,1
919.55,0.5,98.14,821.41,3,1
1164.62,0.8333,180.0,984.62,5,1
614.19,0.0,71.62,542.56,0,1
847.72,0.3333,104.14,743.59,2,1
969.11,0.6667,100.14,868.97,4,1
690.06,0.0,162.62,527.44,0,1
1078.76,0.8333,116.84,961.92,5,1
713.49,0.1667,85.54,627.95,1,1
653.18,0.0,103.05,550.13,0,1
933.22,0.5,104.24,828.97,3,1
1147.45,0.6667,255.78,891.67,4,1
804.64,0.3333,106.43,698.21,2,1
1041.7,0.8333,125.16,916.54,5,1
638.65,0.0,103.65,535.0,0,1
739.27,0.1667,103.76,635.51,1,1
1236.09,1.0,188.78,1047.31,6,1
829.14,0.1667,148.24,680.9,1,1
795.14,0.3333,81.81,713.33,2,1
932.67,0.6667,116.65,816.03,4,1
1083.88,0.6667,177.08,906.79,4,1
773.14,0.1667,145.19,627.95,1,1
743.52,0.1667,115.57,627.95,1,1
914.78,0.3333,171.19,743.59,2,1
952.0,0.6667,135.97,816.03,4,1
668.07,0.1667,62.81,605.26,1,1
586.2,0.0,66.32,519.87,0,1
664.19,0.1667,81.62,582.56,1,1
1036.13,0.6667,144.46,891.67,4,1
845.38,0.3333,116.92,728.46,2,1
1347.22,1.3333,197.22,1150.0,8,1
1016.66,0.6667,162.81,853.85,4,1
1259.46,1.1667,149.46,1110.0,7,1
790.25,0.3333,76.92,713.33,2,1
705.84,0.1667,70.32,635.51,1,1
893.41,0.3333,172.51,720.9,2,1
706.77,0.1667,93.95,612.82,1,1
643.45,0.1667,53.32,590.13,1,1
705.82,0.1667,85.43,620.38,1,1
1108.4,0.8333,184.3,924.1,5,1
1102.62,0.6667,226.08,876.54,4,1
1079.14,0.8333,109.65,969.49,5,1
866.68,0.3333,145.78,720.9,2,1
998.33,0.6667,129.35,868.97,4,1
1067.02,0.8333,135.35,931.67,5,1
909.61,0.5,103.32,806.28,3,1
871.96,0.3333,113.24,758.72,2,1
728.06,0.1667,115.24,612.82,1,1
827.41,0.3333,98.95,728.46,2,1
535.29,0.0,38.11,497.18,0,1
889.19,0.5,113.16,776.03,3,1
856.83,0.3333,113.24,743.59,2,1
911.51,0.5,120.35,791.15,3,1
602.25,0.0,74.81,527.44,0,1
598.84,0.0,71.41,527.44,0,1
799.31,0.3333,93.54,705.77,2,1
905.59,0.5,129.57,776.03,3,1
766.64,0.1667,108.43,658.21,1,1
1262.71,1.0,260.78,1001.92,6,1
1377.16,1.1667,267.16,1110.0,7,1
1389.95,1.0,274.57,1115.38,6,1
702.87,0.1667,74.92,627.95,1,1
943.34,0.5,152.19,791.15,3,1
993.39,0.5,187.11,806.28,3,1
860.51,0.5,76.92,783.59,3,1
744.71,0.1667,131.89,612.82,1,1
1087.47,0.8333,148.24,939.23,5,1
865.09,0.3333,144.19,720.9,2,1
1207.64,1.0,175.46,1032.18,6,1
1081.33,0.8333,126.97,954.36,5,1
923.16,0.5,154.7,768.46,3,1
861.91,0.3333,163.7,698.21,2,1
813.69,0.3333,107.92,705.77,2,1
761.4,0.3333,78.32,683.08,2,1
913.66,0.5,114.95,798.72,3,1
579.92,0.0,44.92,535.0,0,1
773.42,0.3333,75.22,698.21,2,1
741.33,0.1667,113.38,627.95,1,1
647.86,0.0,97.73,550.13,0,1
632.84,0.0,97.84,535.0,0,1
1025.43,0.5,256.97,768.46,3,1
873.02,0.5,89.43,783.59,3,1
705.9,0.1667,85.51,620.38,1,1
1028.28,0.5,214.43,813.85,3,1
817.04,0.3333,118.84,698.21,2,1
612.08,0.0,69.51,542.56,0,1
1082.35,0.6667,198.24,884.1,4,1
1122.61,0.6667,230.95,891.67,4,1
731.86,0.1667,96.35,635.51,1,1
727.05,0.1667,91.54,635.51,1,1
735.02,0.0,177.32,557.69,0,1
722.11,0.1667,101.73,620.38,1,1
910.4,0.5,119.24,791.15,3,1
672.94,0.0,130.38,542.56,0,1
1056.41,0.6667,142.05,914.36,4,1
870.55,0.5,109.65,760.9,3,1
1070.03,0.6667,208.62,861.41,4,1
1059.17,0.6667,137.24,921.92,4,1
784.52,0.3333,116.57,667.95,2,1
1107.58,0.8333,160.78,946.79,5,1
1323.61,1.1667,183.35,1140.26,7,1
802.98,0.3333,74.51,728.46,2,1
1133.02,0.8333,140.84,992.18,5,1
1064.01,0.6667,149.65,914.36,4,1
840.76,0.3333,104.73,736.03,2,1
739.11,0.1667,111.16,627.95,1,1
793.59,0.3333,102.95,690.64,2,1
651.65,0.1667,84.22,567.44,1,1
755.29,0.3333,72.22,683.08,2,1
994.31,0.6667,155.59,838.72,4,1
910.31,0.5,104.03,806.28,3,1
