"Total_Cost","Ratio_Reloc_Prod","Horiz_Cost","Vert_Cost","nReloc","non_Optimal"
247316.55,0.4727,53717.25,193599.41,709,231
558.08,0.0,55.51,502.56,0,0
649.58,0.2,84.32,565.26,1,0
651.26,0.2,101.14,550.13,1,0
881.65,0.6,160.76,720.9,3,1
562.09,0.0,97.35,464.74,0,0
787.83,0.6,104.76,683.08,3,1
960.28,1.0,106.43,853.85,5,1
615.07,0.2,49.81,565.26,1,1
772.24,0.6,96.73,675.51,3,1
1530.15,1.4,558.49,971.67,7,1
514.99,0.0,57.81,457.18,0,0
709.98,0.4,97.16,612.82,2,1
785.79,0.4,165.41,620.38,2,1
861.32,0.6,117.73,743.59,3,1
1052.34,1.0,160.68,891.67,5,1
555.94,0.0,98.76,457.18,0,0
827.93,0.6,122.16,705.77,3,1
650.09,0.2,84.84,565.26,1,1
734.93,0.4,114.54,620.38,2,0
735.58,0.4,122.76,612.82,2,1
1060.74,1.0,206.89,853.85,5,0
740.44,0.4,120.05,620.38,2,1
735.81,0.4,92.73,643.08,2,1
622.56,0.2,72.43,550.13,1,1
761.4,0.4,110.76,650.64,2,1
817.53,0.6,111.76,705.77,3,1
744.13,0.4,101.05,643.08,2,0
707.17,0.2,134.35,572.82,1,0
1288.09,0.4,728.22,559.87,2,1
711.6,0.4,91.22,620.38,2,0
655.47,0.2,82.65,572.82,1,0
639.26,0.2,74.0,565.26,1,1
1063.28,0.8,241.86,821.41,4,1
772.81,0.4,190.24,582.56,2,0
669.7,0.2,119.57,550.13,1,1
706.34,0.2,141.08,565.26,1,1
518.35,0.0,68.73,449.62,0,0
564.29,0.0,114.68,449.62,0,1
787.47,0.4,167.08,620.38,2,1
739.33,0.4,118.95,620.38,2,0
816.47,0.6,103.14,713.33,3,1
688.75,0.2,146.19,542.56,1,1
481.74,0.0,69.95,411.79,0,0
1070.21,0.8,294.19,776.03,4,1
757.28,0.2,192.03,565.26,1,0
1455.99,1.4,416.24,1039.74,7,1
1178.04,0.8,379.32,798.72,4,1
764.38,0.2,184.0,580.38,1,0
596.03,0.0,116.16,479.87,0,1
975.0,0.6,238.97,736.03,3,1
963.1,0.8,164.38,798.72,4,1
1148.31,0.6,495.49,652.82,3,1
474.02,0.0,24.41,449.62,0,0
929.51,0.8,138.35,791.15,4,1
833.8,0.6,143.16,690.64,3,1
971.87,1.0,118.03,853.85,5,1
913.67,0.6,170.08,743.59,3,1
878.87,0.8,125.54,753.33,4,1
975.39,1.0,136.68,838.72,5,1
645.59,0.2,103.03,542.56,1,1
803.97,0.4,160.89,643.08,2,1
1355.07,1.0,508.78,846.28,5,1
1161.31,0.8,415.54,745.77,4,1
581.8,0.0,117.05,464.74,0,0
1058.95,0.8,245.11,813.85,4,1
801.96,0.4,136.19,665.77,2,1
572.49,0.0,138.0,434.49,0,1
696.12,0.2,130.86,565.26,1,0
637.58,0.2,72.32,565.26,1,1
560.5,0.0,95.76,464.74,0,1
815.42,0.6,117.22,698.21,3,1
771.29,0.4,128.22,643.08,2,1
551.19,0.0,109.14,442.05,0,1
577.81,0.2,42.81,535.0,1,1
876.29,0.6,193.22,683.08,3,1
608.99,0.2,119.38,489.62,1,1
484.7,0.0,50.22,434.49,0,0
511.51,0.0,77.03,434.49,0,1
463.47,0.0,44.11,419.36,0,0
501.18,0.0,44.0,457.18,0,0
655.73,0.2,113.16,542.56,1,1
804.99,0.4,214.86,590.13,2,0
530.43,0.0,95.95,434.49,0,0
494.05,0.0,52.0,442.05,0,1
753.69,0.4,156.0,597.69,2,1
764.15,0.4,105.95,658.21,2,1
1042.17,0.6,336.41,705.77,3,1
1164.55,0.4,604.68,559.87,2,1
512.7,0.0,70.65,442.05,0,1
701.85,0.4,89.03,612.82,2,1
626.7,0.2,84.14,542.56,1,0
608.51,0.2,73.51,535.0,1,1
690.39,0.2,170.51,519.87,1,1
543.56,0.0,93.95,449.62,0,1
503.67,0.0,61.62,442.05,0,0
1159.95,1.2,205.59,954.36,6,1
914.62,0.6,178.59,736.03,3,1
1019.5,0.2,514.76,504.74,1,1
672.85,0.2,115.16,557.69,1,1
1065.49,1.0,196.51,868.97,5,1
810.26,0.6,112.05,698.21,3,0
736.97,0.2,186.84,550.13,1,1
835.27,0.8,119.76,715.51,4,1
658.68,0.2,123.68,535.0,1,1
486.05,0.0,44.0,442.05,0,0
728.05,0.4,145.49,582.56,2,1
1363.58,0.8,617.81,745.77,4,1
534.54,0.0,47.11,487.44,0,0
828.78,0.8,113.27,715.51,4,1
648.11,0.2,120.68,527.44,1,0
870.79,0.6,157.46,713.33,3,1
727.55,0.2,162.3,565.26,1,0
768.52,0.4,140.57,627.95,2,1
958.86,0.8,175.27,783.59,4,0
987.58,0.8,181.3,806.28,4,1
1224.44,1.0,317.65,906.79,5,1
687.69,0.2,114.86,572.82,1,1
726.11,0.4,105.73,620.38,2,1
868.31,0.4,323.57,544.74,2,1
780.0,0.2,245.0,535.0,1,1
777.13,0.4,134.05,643.08,2,1
823.61,0.6,132.97,690.64,3,1
659.61,0.2,94.35,565.26,1,1
564.92,0.0,122.86,442.05,0,1
526.72,0.0,69.54,457.18,0,1
626.58,0.2,114.27,512.31,1,1
648.59,0.0,198.97,449.62,0,1
815.99,0.4,157.78,658.21,2,1
888.07,0.6,182.3,705.77,3,1
586.96,0.0,129.78,457.18,0,0
1313.4,0.6,690.84,622.56,3,1
921.03,0.6,253.08,667.95,3,1
1031.12,1.0,192.41,838.72,5,1
580.63,0.0,108.32,472.31,0,0
465.63,0.0,53.84,411.79,0,1
527.4,0.0,85.35,442.05,0,1
1454.56,1.0,676.35,778.21,5,1
1138.31,1.2,199.08,939.23,6,1
704.06,0.2,123.68,580.38,1,1
506.05,0.0,64.0,442.05,0,0
451.96,0.0,47.73,404.23,0,1
915.72,1.0,92.14,823.59,5,1
1420.86,1.0,604.84,816.03,5,1
1138.17,0.6,432.41,705.77,3,1
585.82,0.0,105.95,479.87,0,1
629.18,0.2,63.92,565.26,1,0
1087.42,1.2,155.76,931.67,6,1
971.6,1.0,117.76,853.85,5,1
882.19,0.6,146.16,736.03,3,1
935.28,0.8,174.38,760.9,4,1
961.07,0.6,255.3,705.77,3,1
629.83,0.2,72.14,557.69,1,1
902.38,0.8,126.35,776.03,4,1
789.62,0.6,106.54,683.08,3,1
607.71,0.4,55.41,552.31,2,1
662.21,0.4,64.51,597.69,2,1
777.07,0.6,86.43,690.64,3,1
621.36,0.2,101.49,519.87,1,1
751.63,0.4,146.38,605.26,2,1
811.4,0.6,128.32,683.08,3,1
903.62,0.8,120.03,783.59,4,1
1254.21,1.0,423.05,831.15,5,1
714.12,0.4,108.86,605.26,2,1
881.09,0.6,175.32,705.77,3,1
538.96,0.0,74.22,464.74,0,0
1492.35,1.2,643.89,848.46,6,1
1030.56,0.8,246.97,783.59,4,1
723.77,0.2,158.51,565.26,1,1
867.59,0.4,216.95,650.64,2,1
799.66,0.4,141.46,658.21,2,1
663.96,0.4,111.65,552.31,2,0
1114.77,1.2,183.11,931.67,6,1
1094.62,1.2,125.14,969.49,6,1
833.36,0.4,167.59,665.77,2,1
554.63,0.0,82.32,472.31,0,0
531.19,0.0,89.14,442.05,0,1
907.5,0.8,169.3,738.21,4,1
633.59,0.2,91.03,542.56,1,1
599.92,0.2,64.92,535.0,1,1
514.33,0.0,79.84,434.49,0,0
782.44,0.4,169.62,612.82,2,1
672.99,0.2,122.86,550.13,1,0
658.4,0.2,108.27,550.13,1,1
655.64,0.4,65.51,590.13,2,1
657.15,0.2,99.46,557.69,1,1
720.4,0.2,162.7,557.69,1,1
1816.38,1.4,867.41,948.97,7,1
655.66,0.2,82.84,572.82,1,0
1358.41,1.6,263.54,1094.87,8,1
1347.92,1.4,277.92,1070.0,7,1
1107.63,1.0,185.7,921.92,5,1
720.78,0.4,130.65,590.13,2,0
673.88,0.4,68.62,605.26,2,1
688.0,0.2,153.0,535.0,1,0
1078.59,1.0,194.49,884.1,5,1
734.05,0.4,98.54,635.51,2,1
712.29,0.4,122.16,590.13,2,1
681.42,0.2,169.11,512.31,1,1
588.96,0.0,131.78,457.18,0,0
869.66,0.6,163.89,705.77,3,1
670.52,0.2,143.08,527.44,1,0
1575.66,0.8,882.84,692.82,4,1
1010.66,1.0,164.38,846.28,5,1
793.07,0.6,102.43,690.64,3,1
876.52,0.6,163.19,713.33,3,1
744.21,0.4,154.08,590.13,2,1
525.81,0.0,83.76,442.05,0,1
943.35,0.8,159.76,783.59,4,1
849.51,0.4,214.0,635.51,2,1
661.97,0.2,111.84,550.13,1,0
760.69,0.4,147.86,612.82,2,1
532.37,0.0,67.62,464.74,0,0
801.52,0.6,133.57,667.95,3,0
898.36,0.6,237.97,660.38,3,1
988.19,0.8,265.11,723.08,4,1
1174.83,1.0,283.16,891.67,5,1
768.22,0.6,107.84,660.38,3,1
873.07,0.6,167.3,705.77,3,1
1191.01,1.4,196.65,994.36,7,1
777.7,0.4,127.05,650.64,2,0
681.44,0.4,68.62,612.82,2,1
867.55,0.8,106.65,760.9,4,1
604.22,0.2,69.22,535.0,1,0
966.4,0.8,175.24,791.15,4,1
1043.78,0.8,313.14,730.64,4,1
1035.75,1.0,151.65,884.1,5,1
630.94,0.2,80.81,550.13,1,0
696.72,0.4,99.03,597.69,2,1
810.1,0.6,119.46,690.64,3,1
793.42,0.4,127.65,665.77,2,0
727.89,0.2,185.32,542.56,1,1
1295.5,1.0,396.27,899.23,5,1
835.67,0.6,152.59,683.08,3,1
1068.8,1.0,169.57,899.23,5,1
671.04,0.2,113.35,557.69,1,0
1511.51,1.0,695.49,816.03,5,1
858.69,0.6,107.54,751.15,3,1
764.48,0.4,113.84,650.64,2,1
645.28,0.2,132.97,512.31,1,1
863.67,0.6,173.03,690.64,3,1
703.72,0.2,153.59,550.13,1,1
770.57,0.4,135.05,635.51,2,1
677.29,0.2,127.16,550.13,1,1
1434.46,0.6,811.89,622.56,3,1
1049.76,1.0,127.84,921.92,5,1
655.97,0.4,73.41,582.56,2,1
481.51,0.0,47.03,434.49,0,1
821.19,0.6,145.68,675.51,3,1
943.64,0.6,200.05,743.59,3,1
933.53,0.8,127.24,806.28,4,1
894.14,0.6,180.81,713.33,3,1
593.39,0.2,88.65,504.74,1,0
979.02,0.8,180.3,798.72,4,1
773.68,0.6,105.73,667.95,3,1
602.26,0.0,145.08,457.18,0,0
538.21,0.0,81.03,457.18,0,0
494.16,0.0,52.11,442.05,0,0
1002.86,1.0,171.7,831.15,5,1
614.69,0.0,157.51,457.18,0,0
917.28,0.6,211.51,705.77,3,1
1853.21,2.2,547.57,1305.64,11,1
825.66,0.6,112.32,713.33,3,1
1063.69,1.0,217.41,846.28,5,1
879.27,0.8,103.24,776.03,4,1
525.55,0.0,60.81,464.74,0,0
759.44,0.6,99.05,660.38,3,0
510.27,0.0,83.35,426.92,0,0
559.11,0.0,117.05,442.05,0,1
1387.6,1.0,647.22,740.38,5,1
861.54,0.4,226.03,635.51,2,1
858.18,0.4,199.97,658.21,2,1
1003.95,0.8,190.11,813.85,4,1
992.72,0.6,294.51,698.21,3,1
890.84,0.6,162.38,728.46,3,1
1472.24,0.8,756.73,715.51,4,1
576.17,0.0,88.73,487.44,0,0
927.81,0.8,151.78,776.03,4,1
1056.57,1.0,187.59,868.97,5,1
615.57,0.2,88.14,527.44,1,0
752.08,0.4,124.14,627.95,2,1
1233.42,0.8,548.16,685.26,4,1
1013.41,1.2,104.43,908.97,6,1
733.98,0.2,153.59,580.38,1,1
911.5,0.6,152.78,758.72,3,1
665.88,0.2,115.76,550.13,1,1
1274.77,0.8,529.0,745.77,4,1
938.55,0.6,232.78,705.77,3,0
623.52,0.0,136.08,487.44,0,0
1030.16,1.0,153.62,876.54,5,1
670.44,0.2,143.0,527.44,1,1
766.34,0.4,161.08,605.26,2,1
521.24,0.0,86.76,434.49,0,0
1353.43,1.0,529.84,823.59,5,1
624.84,0.2,89.84,535.0,1,1
641.32,0.2,98.76,542.56,1,1
648.92,0.2,106.35,542.56,1,1
659.12,0.2,93.86,565.26,1,1
1770.67,1.6,774.14,996.54,8,1
1386.82,0.6,681.05,705.77,3,1
805.83,0.4,162.76,643.08,2,1
