"Total_Cost","Ratio_Reloc_Prod","Horiz_Cost","Vert_Cost","nReloc","non_Optimal"
222706.03,0.4447,31989.27,190716.69,667,150
1553.05,0.5,173.95,1379.1,5,1
1329.72,0.3,128.95,1200.77,3,1
1462.92,0.4,191.89,1271.03,4,1
1503.35,0.4,232.32,1271.03,4,1
1343.1,0.3,210.41,1132.69,3,1
1153.79,0.2,98.92,1054.87,2,1
1749.86,0.7,237.81,1512.05,7,1
1332.49,0.3,161.97,1170.51,3,1
1639.31,0.7,165.08,1474.23,7,1
1414.48,0.4,181.27,1233.21,4,1
1953.18,1.0,245.49,1707.69,10,1
1514.17,0.4,258.27,1255.9,4,1
1449.78,0.5,191.7,1258.08,5,1
1227.42,0.2,127.16,1100.26,2,1
1165.01,0.2,110.14,1054.87,2,1
1421.48,0.3,288.78,1132.69,3,1
1557.72,0.5,224.0,1333.72,5,1
1525.64,0.5,252.43,1273.21,5,1
1110.66,0.1,110.92,999.74,1,1
1683.1,0.6,264.0,1419.1,6,1
1661.97,0.6,303.38,1358.59,6,1
1350.2,0.3,194.81,1155.38,3,1
1721.11,0.6,317.14,1403.97,6,1
1366.33,0.4,163.38,1202.95,4,1
1478.59,0.4,252.95,1225.64,4,1
1324.12,0.2,216.3,1107.82,2,1
1415.57,0.5,165.05,1250.51,5,1
1635.89,0.6,216.78,1419.1,6,1
1493.03,0.4,222.0,1271.03,4,1
1294.03,0.2,224.03,1070.0,2,1
1410.58,0.4,169.81,1240.77,4,1
1264.61,0.2,164.35,1100.26,2,1
1938.48,0.8,310.78,1627.69,8,1
1794.26,0.7,259.51,1534.74,7,1
1221.43,0.2,143.86,1077.56,2,1
1358.4,0.4,140.32,1218.08,4,1
1419.83,0.4,194.19,1225.64,4,1
2109.51,1.1,308.86,1800.64,11,1
1656.76,0.5,292.78,1363.97,5,1
1330.98,0.2,215.59,1115.38,2,1
1370.75,0.4,137.54,1233.21,4,1
1137.49,0.2,135.57,1001.92,2,1
1872.3,0.8,274.86,1597.44,8,1
1496.21,0.4,217.62,1278.59,4,1
1672.83,0.7,213.73,1459.1,7,1
1622.34,0.6,248.62,1373.72,6,1
1412.87,0.3,204.54,1208.33,3,1
1580.95,0.5,232.11,1348.85,5,1
1822.43,0.6,342.81,1479.62,6,1
1610.17,0.5,261.32,1348.85,5,1
1468.94,0.3,283.3,1185.64,3,1
1562.48,0.6,203.89,1358.59,6,1
1519.19,0.5,223.3,1295.9,5,1
1605.28,0.5,256.43,1348.85,5,1
1762.03,0.6,312.68,1449.36,6,1
1018.77,0.0,119.54,899.23,0,1
1288.77,0.2,196.08,1092.69,2,1
1420.52,0.4,225.14,1195.38,4,1
1176.99,0.3,97.24,1079.74,3,1
1326.09,0.3,178.27,1147.82,3,1
1386.45,0.2,293.76,1092.69,2,1
1348.93,0.3,201.11,1147.82,3,1
1670.6,0.6,281.76,1388.85,6,1
1272.13,0.3,154.57,1117.56,3,1
1789.0,0.8,244.51,1544.49,8,1
1452.67,0.5,141.65,1311.03,5,1
1758.09,0.7,268.73,1489.36,7,1
1286.61,0.3,161.49,1125.13,3,1
1866.05,0.7,399.38,1466.67,7,1
1151.53,0.2,119.35,1032.18,2,1
1514.6,0.4,251.14,1263.46,4,1
1377.24,0.4,159.16,1218.08,4,1
1755.25,0.6,305.89,1449.36,6,1
1515.86,0.4,244.84,1271.03,4,1
1603.95,0.6,215.11,1388.85,6,1
1451.69,0.5,178.49,1273.21,5,1
1311.33,0.3,148.38,1162.95,3,1
1314.81,0.2,237.24,1077.56,2,1
1679.84,0.6,275.86,1403.97,6,1
1484.64,0.4,251.43,1233.21,4,1
1562.17,0.5,220.89,1341.28,5,1
1934.6,0.9,304.73,1629.87,9,1
1477.04,0.4,243.84,1233.21,4,1
1327.21,0.3,141.57,1185.64,3,1
2001.18,1.1,200.54,1800.64,11,1
1148.16,0.2,123.54,1024.62,2,1
1776.55,0.7,294.76,1481.79,7,1
1500.77,0.4,199.49,1301.28,4,1
1172.93,0.2,118.05,1054.87,2,1
1404.61,0.3,211.41,1193.21,3,1
1435.14,0.5,192.19,1242.95,5,1
1307.43,0.3,182.3,1125.13,3,1
1742.98,0.7,246.05,1496.92,7,1
1550.59,0.5,179.05,1371.54,5,1
939.89,0.0,70.92,868.97,0,1
1800.45,0.7,273.27,1527.18,7,1
1151.39,0.1,151.65,999.74,1,1
1782.05,0.7,277.57,1504.49,7,1
1425.58,0.4,237.76,1187.82,4,1
933.53,0.0,87.24,846.28,0,1
1432.5,0.4,191.73,1240.77,4,1
1631.6,0.5,282.76,1348.85,5,1
1164.68,0.2,109.81,1054.87,2,1
1328.49,0.3,165.54,1162.95,3,1
1728.34,0.7,254.11,1474.23,7,1
1164.62,0.1,180.0,984.62,1,1
1084.85,0.1,138.05,946.79,1,1
990.63,0.1,89.22,901.41,1,1
1742.25,0.7,245.32,1496.92,7,1
1476.23,0.4,190.08,1286.15,4,1
1825.12,0.9,263.32,1561.79,9,1
1337.62,0.3,159.54,1178.08,3,1
1109.14,0.1,154.78,954.36,1,1
1507.82,0.5,211.92,1295.9,5,1
1679.38,0.7,227.84,1451.54,7,1
1771.43,0.7,266.95,1504.49,7,1
1214.12,0.2,174.38,1039.74,2,1
1385.54,0.4,167.46,1218.08,4,1
1794.43,0.7,335.32,1459.1,7,1
1327.02,0.3,194.32,1132.69,3,1
1424.22,0.4,213.7,1210.51,4,1
1082.14,0.1,112.65,969.49,1,1
1765.97,0.8,274.43,1491.54,8,1
1365.77,0.3,225.51,1140.26,3,1
1710.7,0.8,219.16,1491.54,8,1
2100.36,1.1,345.11,1755.26,11,1
1480.35,0.4,262.27,1218.08,4,1
1234.63,0.2,172.19,1062.44,2,1
1368.46,0.3,205.51,1162.95,3,1
1841.83,0.6,475.68,1366.15,6,1
1674.56,0.7,200.32,1474.23,7,1
1114.02,0.1,121.84,992.18,1,1
1071.89,0.0,134.84,937.05,0,1
1486.85,0.4,185.57,1301.28,4,1
1393.39,0.3,200.19,1193.21,3,1
1632.96,0.5,306.81,1326.15,5,1
1329.3,0.3,166.35,1162.95,3,1
1743.88,0.7,216.7,1527.18,7,1
1240.68,0.2,170.68,1070.0,2,1
1509.3,0.5,205.84,1303.46,5,1
1192.34,0.1,192.59,999.74,1,1
1326.66,0.3,186.41,1140.26,3,1
2061.42,1.1,253.22,1808.21,11,1
1838.69,0.7,311.51,1527.18,7,1
1397.15,0.3,211.51,1185.64,3,1
1775.73,0.8,238.81,1536.92,8,1
1567.74,0.5,286.97,1280.77,5,1
1781.5,0.7,254.32,1527.18,7,1
1206.52,0.2,151.65,1054.87,2,1
1842.38,0.8,297.89,1544.49,8,1
