"Total_Cost","Ratio_Reloc_Prod","Horiz_Cost","Vert_Cost","nReloc","non_Optimal"
245360.04,0.7173,38245.64,207114.5,1076,68
458.77,0.0,54.54,404.23,0,0
581.0,0.2,114.08,466.92,1,0
717.31,0.6,132.57,584.74,3,1
676.08,0.4,108.65,567.44,2,0
711.24,0.6,96.24,615.0,3,0
470.56,0.0,66.32,404.23,0,0
611.07,0.2,121.46,489.62,1,0
825.87,0.8,133.05,692.82,4,0
628.98,0.2,116.68,512.31,1,0
702.34,0.2,205.16,497.18,1,1
500.22,0.0,65.73,434.49,0,0
901.21,1.0,138.14,763.08,5,0
675.52,0.4,115.65,559.87,2,0
504.13,0.0,107.46,396.67,0,0
718.31,0.4,166.0,552.31,2,0
1394.45,2.0,249.84,1144.62,10,0
798.9,0.8,98.51,700.38,4,0
917.68,1.0,124.35,793.33,5,0
970.3,1.0,154.27,816.03,5,0
887.92,1.0,139.97,747.95,5,1
860.82,0.8,175.57,685.26,4,0
1010.39,1.2,116.54,893.85,6,1
717.33,0.6,117.46,599.87,3,0
836.51,0.8,113.43,723.08,4,0
653.9,0.4,94.03,559.87,2,0
1035.89,1.2,172.3,863.59,6,1
489.26,0.0,100.16,389.1,0,0
742.09,0.6,96.84,645.26,3,0
1142.19,1.4,193.22,948.97,7,0
576.43,0.2,101.95,474.49,1,0
912.4,1.0,141.76,770.64,5,0
672.36,0.4,67.11,605.26,2,0
560.62,0.2,86.14,474.49,1,0
604.76,0.2,130.27,474.49,1,0
556.95,0.2,90.03,466.92,1,0
569.84,0.2,95.35,474.49,1,0
472.93,0.0,61.14,411.79,0,0
460.24,0.0,71.14,389.1,0,0
1567.73,2.4,237.22,1330.51,12,0
1103.84,1.4,154.86,948.97,7,1
615.63,0.2,95.76,519.87,1,0
781.22,0.6,113.27,667.95,3,0
944.8,1.0,166.59,778.21,5,0
734.83,0.6,97.14,637.69,3,1
1378.2,2.0,210.89,1167.31,10,0
789.32,0.8,73.81,715.51,4,0
721.07,0.4,176.32,544.74,2,0
575.26,0.2,85.65,489.62,1,0
1086.23,1.4,175.08,911.15,7,0
754.49,0.6,86.54,667.95,3,1
1116.32,1.4,212.73,903.59,7,0
669.91,0.4,72.22,597.69,2,0
669.97,0.4,79.84,590.13,2,0
717.22,0.6,102.22,615.0,3,0
867.28,1.0,81.51,785.77,5,1
1121.59,1.2,250.43,871.15,6,0
907.58,1.0,114.24,793.33,5,0
769.7,0.6,86.62,683.08,3,1
802.24,0.8,86.73,715.51,4,1
829.52,0.8,121.57,707.95,4,0
946.95,1.0,138.49,808.46,5,1
863.73,0.8,140.65,723.08,4,0
608.43,0.2,73.43,535.0,1,0
1202.28,1.4,215.49,986.79,7,0
835.24,0.8,112.16,723.08,4,0
631.45,0.4,101.84,529.62,2,0
756.67,0.6,118.97,637.69,3,0
783.05,0.6,152.92,630.13,3,0
1063.71,1.4,129.86,933.85,7,1
544.13,0.2,54.51,489.62,1,0
506.12,0.2,54.32,451.79,1,0
782.46,0.6,106.95,675.51,3,1
906.83,1.0,143.76,763.08,5,0
1245.32,1.6,180.7,1064.62,8,0
560.55,0.0,141.19,419.36,0,1
845.27,0.8,129.76,715.51,4,1
501.0,0.0,66.51,434.49,0,0
921.31,1.0,127.97,793.33,5,0
653.5,0.4,55.81,597.69,2,0
662.48,0.4,79.92,582.56,2,0
924.57,1.0,123.68,800.9,5,1
822.35,0.6,139.27,683.08,3,1
1536.3,2.0,285.78,1250.51,10,0
723.72,0.6,86.03,637.69,3,0
1405.18,2.0,192.49,1212.69,10,0
658.27,0.4,90.84,567.44,2,0
773.7,0.6,90.62,683.08,3,1
890.26,1.0,119.62,770.64,5,1
691.44,0.4,131.57,559.87,2,0
525.03,0.0,90.54,434.49,0,0
1021.66,1.2,135.38,886.28,6,1
866.35,0.8,143.27,723.08,4,0
711.64,0.6,81.51,630.13,3,0
839.73,0.8,116.65,723.08,4,0
772.61,0.6,127.35,645.26,3,0
650.19,0.4,67.62,582.56,2,0
600.81,0.2,133.89,466.92,1,0
1136.75,1.4,165.08,971.67,7,0
1395.08,2.0,205.08,1190.0,10,0
674.35,0.4,99.35,575.0,2,0
1051.04,1.0,212.32,838.72,5,1
737.45,0.6,99.76,637.69,3,0
450.13,0.0,61.03,389.1,0,0
714.24,0.4,131.68,582.56,2,1
598.84,0.2,124.35,474.49,1,0
908.21,1.0,84.62,823.59,5,0
696.44,0.4,136.57,559.87,2,1
807.08,0.8,99.14,707.95,4,0
652.69,0.4,107.95,544.74,2,0
1215.03,1.6,180.68,1034.36,8,0
696.02,0.4,113.46,582.56,2,0
1064.88,1.2,193.73,871.15,6,0
853.61,0.8,107.84,745.77,4,0
732.55,0.6,79.73,652.82,3,0
919.56,0.8,188.92,730.64,4,0
1196.48,1.6,192.38,1004.1,8,0
708.57,0.6,101.14,607.44,3,1
1063.17,1.2,161.76,901.41,6,0
751.8,0.6,106.54,645.26,3,0
998.91,1.2,127.76,871.15,6,0
655.74,0.4,103.43,552.31,2,0
573.43,0.2,98.95,474.49,1,0
881.49,0.8,181.11,700.38,4,0
505.82,0.0,86.46,419.36,0,0
1016.32,1.2,160.3,856.03,6,1
1098.96,1.2,212.68,886.28,6,0
760.99,0.6,130.86,630.13,3,0
1198.88,1.2,312.59,886.28,6,1
547.75,0.2,65.7,482.05,1,0
1280.89,1.6,223.84,1057.05,8,0
468.45,0.0,79.35,389.1,0,0
1042.74,1.2,164.03,878.72,6,0
625.35,0.4,57.92,567.44,2,0
914.59,1.0,83.43,831.15,5,1
829.71,0.8,136.89,692.82,4,0
506.13,0.0,56.51,449.62,0,0
551.57,0.2,84.65,466.92,1,0
1087.23,1.2,208.51,878.72,6,0
765.4,0.6,82.32,683.08,3,0
766.65,0.6,91.14,675.51,3,0
674.17,0.4,106.73,567.44,2,0
759.21,0.4,161.51,597.69,2,0
774.37,0.6,83.73,690.64,3,0
529.52,0.0,110.16,419.36,0,0
469.3,0.0,34.81,434.49,0,0
944.03,1.0,135.57,808.46,5,0
994.61,1.2,108.32,886.28,6,0
782.15,0.6,83.95,698.21,3,1
580.94,0.2,83.76,497.18,1,0
1003.54,1.2,139.95,863.59,6,0
825.09,0.8,132.27,692.82,4,0
1138.09,1.4,136.16,1001.92,7,0
669.28,0.4,64.03,605.26,2,0
829.21,0.8,106.14,723.08,4,0
989.5,1.0,150.78,838.72,5,0
991.4,1.2,120.24,871.15,6,1
460.49,0.0,26.0,434.49,0,0
898.94,0.8,168.3,730.64,4,1
677.42,0.4,132.68,544.74,2,0
1110.44,1.2,209.03,901.41,6,1
539.43,0.2,49.81,489.62,1,0
479.72,0.0,83.05,396.67,0,0
779.34,0.6,134.08,645.26,3,0
818.25,0.8,64.92,753.33,4,0
1062.67,1.2,191.51,871.15,6,1
754.49,0.6,86.54,667.95,3,0
783.45,0.6,138.19,645.26,3,1
752.67,0.6,122.54,630.13,3,0
1135.25,1.4,148.46,986.79,7,0
755.12,0.4,142.3,612.82,2,0
1317.46,1.8,220.41,1097.05,9,0
1107.13,1.4,135.46,971.67,7,0
1247.68,1.6,198.19,1049.49,8,0
894.4,1.0,123.76,770.64,5,0
959.11,1.0,143.08,816.03,5,1
1194.35,1.6,144.86,1049.49,8,0
784.65,0.6,109.14,675.51,3,0
683.57,0.4,108.57,575.0,2,0
745.29,0.6,62.22,683.08,3,1
1287.51,1.8,129.95,1157.56,9,0
940.23,1.0,146.89,793.33,5,1
871.7,0.8,156.19,715.51,4,0
803.29,0.8,80.22,723.08,4,0
812.56,0.8,134.86,677.69,4,0
1044.79,1.0,251.46,793.33,5,0
896.4,1.0,125.76,770.64,5,0
996.05,1.2,132.46,863.59,6,0
899.03,1.0,98.14,800.9,5,0
472.85,0.0,68.62,404.23,0,0
768.59,0.6,153.59,615.0,3,0
842.21,0.6,144.0,698.21,3,1
1130.77,1.4,204.49,926.28,7,0
555.7,0.2,81.22,474.49,1,0
454.2,0.0,42.41,411.79,0,0
1028.72,1.2,104.62,924.1,6,0
921.13,0.8,190.49,730.64,4,0
909.16,0.8,193.65,715.51,4,0
834.76,0.8,134.38,700.38,4,0
918.26,0.8,172.49,745.77,4,1
921.58,0.8,175.81,745.77,4,0
712.52,0.6,112.65,599.87,3,1
985.13,1.2,121.54,863.59,6,0
782.11,0.6,167.11,615.0,3,1
622.06,0.2,109.76,512.31,1,0
881.06,1.0,87.73,793.33,5,0
450.83,0.0,61.73,389.1,0,0
994.73,1.0,178.7,816.03,5,1
811.23,0.6,105.46,705.77,3,0
933.8,1.0,102.65,831.15,5,0
852.6,0.8,159.78,692.82,4,0
675.61,0.2,178.43,497.18,1,1
921.51,1.0,166.0,755.51,5,0
1260.01,1.8,125.14,1134.87,9,1
700.99,0.4,95.73,605.26,2,1
1033.01,1.2,192.11,840.9,6,0
777.02,0.6,78.81,698.21,3,1
651.64,0.4,114.46,537.18,2,0
1029.91,1.2,158.76,871.15,6,0
1107.07,1.4,195.92,911.15,7,0
650.71,0.4,90.84,559.87,2,0
536.62,0.2,62.14,474.49,1,0
673.78,0.4,83.65,590.13,2,0
971.15,1.0,124.86,846.28,5,0
680.69,0.4,143.51,537.18,2,0
902.17,1.0,108.84,793.33,5,0
638.39,0.2,133.65,504.74,1,0
877.3,0.8,161.78,715.51,4,1
977.16,1.2,121.14,856.03,6,1
1101.59,1.4,145.05,956.54,7,0
580.03,0.2,120.68,459.36,1,0
722.84,0.6,107.84,615.0,3,1
491.47,0.0,87.24,404.23,0,0
872.79,0.8,119.46,753.33,4,0
572.05,0.2,82.43,489.62,1,0
782.6,0.4,215.16,567.44,2,0
939.76,1.0,191.81,747.95,5,1
1169.57,1.6,127.65,1041.92,8,1
699.68,0.4,124.68,575.0,2,0
460.33,0.0,33.41,426.92,0,0
805.95,0.8,90.43,715.51,4,0
579.83,0.2,82.65,497.18,1,0
968.26,1.0,121.97,846.28,5,0
697.29,0.4,107.16,590.13,2,0
984.24,1.2,120.65,863.59,6,0
935.77,1.0,157.57,778.21,5,0
482.23,0.0,78.0,404.23,0,0
733.44,0.4,181.14,552.31,2,0
980.45,1.2,101.73,878.72,6,1
533.71,0.2,74.35,459.36,1,0
471.5,0.0,74.84,396.67,0,0
543.06,0.2,76.14,466.92,1,0
730.54,0.6,115.54,615.0,3,0
825.76,0.8,110.24,715.51,4,1
967.35,1.0,158.89,808.46,5,1
589.48,0.2,99.86,489.62,1,0
819.82,0.8,134.57,685.26,4,0
855.7,0.6,225.57,630.13,3,1
587.81,0.2,120.89,466.92,1,0
849.29,0.6,151.08,698.21,3,0
673.8,0.4,76.11,597.69,2,0
477.09,0.0,57.73,419.36,0,0
583.76,0.2,109.27,474.49,1,0
1119.88,1.2,173.08,946.79,6,0
786.31,0.8,108.62,677.69,4,1
551.08,0.2,69.03,482.05,1,0
889.56,0.8,166.49,723.08,4,1
552.48,0.2,70.43,482.05,1,0
663.31,0.4,118.57,544.74,2,0
747.78,0.6,117.65,630.13,3,0
914.3,1.0,105.84,808.46,5,0
1510.5,0.8,764.73,745.77,4,1
567.14,0.2,92.65,474.49,1,0
954.27,1.0,130.68,823.59,5,0
815.91,0.8,92.84,723.08,4,1
460.35,0.0,71.24,389.1,0,0
488.95,0.0,62.03,426.92,0,0
546.13,0.2,56.51,489.62,1,0
619.23,0.2,122.05,497.18,1,0
492.25,0.0,65.32,426.92,0,0
987.53,1.0,156.38,831.15,5,1
962.81,1.0,199.73,763.08,5,0
1206.41,1.6,164.49,1041.92,8,1
934.41,1.0,125.95,808.46,5,0
586.83,0.2,89.65,497.18,1,0
992.26,1.0,145.97,846.28,5,0
1260.91,1.8,141.16,1119.74,9,1
543.31,0.0,131.51,411.79,0,0
963.35,1.0,139.76,823.59,5,0
1130.97,1.4,166.86,964.1,7,1
494.54,0.0,67.62,426.92,0,0
982.04,1.2,156.27,825.77,6,0
876.88,0.8,138.68,738.21,4,0
915.12,1.0,129.35,785.77,5,1
910.89,1.0,155.38,755.51,5,0
1039.01,1.2,145.16,893.85,6,1
1079.06,1.2,185.22,893.85,6,1
944.78,1.0,128.76,816.03,5,1
1140.61,1.4,161.38,979.23,7,0
1098.01,1.2,211.73,886.28,6,0
880.03,0.8,172.08,707.95,4,1
