"Total_Cost","Ratio_Reloc_Prod","Horiz_Cost","Vert_Cost","nReloc","non_Optimal"
259373.17,0.436,69078.19,190295.01,654,223
1053.62,1.0,124.14,929.49,5,1
1026.6,0.8,197.62,828.97,4,1
663.41,0.2,83.03,580.38,1,0
1547.63,1.4,485.19,1062.44,7,1
918.36,0.4,252.59,665.77,2,1
516.68,0.0,36.81,479.87,0,1
1105.39,0.8,299.11,806.28,4,1
621.02,0.2,63.32,557.69,1,1
524.05,0.0,74.43,449.62,0,0
1168.15,1.0,321.86,846.28,5,1
971.78,0.6,228.19,743.59,3,1
1112.54,1.0,243.57,868.97,5,1
1048.36,0.6,342.59,705.77,3,1
806.36,0.6,93.03,713.33,3,1
824.98,0.4,197.03,627.95,2,1
868.26,0.6,162.49,705.77,3,1
644.76,0.2,109.76,535.0,1,0
674.52,0.4,61.7,612.82,2,1
863.26,0.6,157.49,705.77,3,0
681.33,0.2,153.89,527.44,1,1
731.26,0.4,133.57,597.69,2,0
514.45,0.0,49.7,464.74,0,0
756.02,0.4,112.95,643.08,2,1
872.2,0.6,158.86,713.33,3,1
594.14,0.2,66.7,527.44,1,0
825.92,0.6,105.03,720.9,3,1
715.25,0.4,102.43,612.82,2,1
971.64,0.8,180.49,791.15,4,1
566.26,0.0,116.65,449.62,0,0
867.46,0.4,231.95,635.51,2,1
849.78,0.6,166.7,683.08,3,1
1942.73,1.4,986.19,956.54,7,1
1511.67,0.6,828.59,683.08,3,1
976.35,0.6,247.89,728.46,3,1
1404.34,1.0,497.54,906.79,5,1
1724.82,1.2,838.54,886.28,6,1
999.98,0.4,311.51,688.46,2,1
917.89,0.6,174.3,743.59,3,1
522.37,0.0,57.62,464.74,0,0
669.01,0.2,103.76,565.26,1,1
1055.43,0.8,271.84,783.59,4,1
1325.41,0.8,496.43,828.97,4,1
844.91,0.6,154.27,690.64,3,1
674.7,0.0,225.08,449.62,0,0
804.87,0.4,184.49,620.38,2,1
633.36,0.2,68.11,565.26,1,1
1822.7,1.6,773.22,1049.49,8,1
774.67,0.2,179.16,595.51,1,0
640.51,0.2,97.95,542.56,1,1
785.56,0.4,142.49,643.08,2,1
1200.21,0.8,469.57,730.64,4,1
773.44,0.4,92.54,680.9,2,0
1072.68,0.6,412.3,660.38,3,1
958.96,0.8,160.24,798.72,4,1
822.37,0.4,164.16,658.21,2,1
1083.01,1.0,168.65,914.36,5,1
832.4,0.4,189.32,643.08,2,1
679.01,0.2,113.76,565.26,1,0
621.18,0.0,164.0,457.18,0,1
840.84,0.6,119.95,720.9,3,1
554.74,0.0,90.0,464.74,0,0
1267.51,1.2,350.97,916.54,6,1
673.72,0.2,108.46,565.26,1,1
814.51,0.4,163.86,650.64,2,1
1163.06,1.0,248.7,914.36,5,1
645.78,0.2,95.65,550.13,1,1
758.5,0.2,200.81,557.69,1,0
647.8,0.0,190.62,457.18,0,1
703.68,0.2,168.68,535.0,1,1
727.82,0.2,207.95,519.87,1,1
1141.59,0.6,405.57,736.03,3,1
862.56,0.4,219.49,643.08,2,1
1459.38,1.2,603.35,856.03,6,1
1034.76,0.6,298.73,736.03,3,1
676.81,0.2,134.24,542.56,1,1
1026.15,0.8,235.0,791.15,4,1
910.81,0.4,275.3,635.51,2,1
868.15,0.6,177.51,690.64,3,1
768.22,0.4,140.27,627.95,2,0
624.31,0.2,119.57,504.74,1,0
827.57,0.4,207.19,620.38,2,0
717.28,0.4,112.03,605.26,2,0
626.91,0.2,69.22,557.69,1,1
939.46,0.6,211.0,728.46,3,1
676.18,0.2,126.05,550.13,1,0
837.82,0.6,132.05,705.77,3,1
1312.38,1.0,435.84,876.54,5,1
537.79,0.0,57.92,479.87,0,0
957.47,0.4,291.7,665.77,2,1
668.12,0.2,102.86,565.26,1,0
802.57,0.6,127.05,675.51,3,1
667.28,0.2,154.97,512.31,1,1
541.61,0.0,84.43,457.18,0,1
496.22,0.0,61.73,434.49,0,1
1182.7,0.6,507.19,675.51,3,1
744.5,0.2,186.81,557.69,1,0
578.09,0.0,113.35,464.74,0,1
703.83,0.2,153.7,550.13,1,1
665.15,0.2,107.46,557.69,1,1
716.98,0.2,197.11,519.87,1,1
609.05,0.2,74.05,535.0,1,1
694.11,0.2,166.68,527.44,1,1
693.96,0.2,136.27,557.69,1,0
722.18,0.2,164.49,557.69,1,0
898.64,0.4,300.95,597.69,2,1
1481.2,0.8,735.43,745.77,4,1
583.44,0.0,111.14,472.31,0,0
769.88,0.4,164.62,605.26,2,1
1583.48,0.8,845.27,738.21,4,1
685.44,0.2,105.05,580.38,1,0
708.72,0.2,143.46,565.26,1,0
826.95,0.4,199.0,627.95,2,1
778.11,0.4,142.59,635.51,2,1
1067.14,0.6,346.24,720.9,3,1
741.58,0.2,176.32,565.26,1,0
470.49,0.0,36.0,434.49,0,1
571.6,0.2,51.73,519.87,1,1
615.88,0.2,50.62,565.26,1,0
1278.37,0.8,555.3,723.08,4,1
896.07,0.6,137.35,758.72,3,1
704.83,0.4,107.14,597.69,2,1
656.12,0.2,98.43,557.69,1,1
1626.96,0.8,934.14,692.82,4,1
825.38,0.4,189.86,635.51,2,1
904.05,0.6,160.46,743.59,3,1
995.16,0.6,266.7,728.46,3,0
760.14,0.4,139.76,620.38,2,1
700.48,0.2,142.78,557.69,1,1
821.69,0.2,264.0,557.69,1,1
1161.41,1.0,368.08,793.33,5,1
563.13,0.0,105.95,457.18,0,1
443.9,0.0,32.11,411.79,0,1
883.02,0.2,325.32,557.69,1,0
500.03,0.0,65.54,434.49,0,0
1231.42,1.2,360.27,871.15,6,1
1033.3,0.8,264.84,768.46,4,1
819.43,0.6,136.35,683.08,3,1
817.36,0.4,212.11,605.26,2,1
642.06,0.2,122.19,519.87,1,1
711.67,0.2,169.11,542.56,1,1
760.21,0.6,77.14,683.08,3,1
643.13,0.0,201.08,442.05,0,1
645.66,0.0,180.92,464.74,0,1
1280.4,0.6,657.84,622.56,3,1
943.49,0.8,182.59,760.9,4,1
679.69,0.2,114.43,565.26,1,0
821.35,0.4,178.27,643.08,2,0
762.74,0.4,157.49,605.26,2,1
672.15,0.2,167.41,504.74,1,1
921.14,0.8,167.81,753.33,4,1
583.72,0.0,118.97,464.74,0,0
966.45,0.6,268.24,698.21,3,1
963.48,0.8,240.41,723.08,4,1
1076.85,1.0,238.14,838.72,5,1
1427.06,1.2,465.14,961.92,6,1
966.22,0.6,245.32,720.9,3,1
723.43,0.2,188.43,535.0,1,0
1139.98,0.8,326.14,813.85,4,1
978.83,1.0,147.68,831.15,5,1
520.92,0.0,86.43,434.49,0,0
737.48,0.2,187.35,550.13,1,1
516.43,0.0,66.81,449.62,0,0
1595.77,0.8,850.0,745.77,4,1
728.52,0.4,108.14,620.38,2,1
861.27,0.6,178.19,683.08,3,1
961.4,0.6,217.81,743.59,3,1
839.26,0.6,133.49,705.77,3,1
707.93,0.4,87.54,620.38,2,0
1724.68,1.2,830.84,893.85,6,1
1147.64,0.8,303.54,844.1,4,1
570.99,0.0,106.24,464.74,0,0
1013.49,1.0,205.03,808.46,5,1
742.26,0.2,192.14,550.13,1,1
628.95,0.2,93.95,535.0,1,1
2183.27,1.4,1226.73,956.54,7,1
715.31,0.2,142.49,572.82,1,0
1076.33,0.8,247.35,828.97,4,1
563.2,0.0,98.46,464.74,0,0
919.85,0.6,214.08,705.77,3,1
711.28,0.2,138.46,572.82,1,1
958.1,0.6,199.38,758.72,3,0
671.61,0.2,106.35,565.26,1,0
803.86,0.4,153.22,650.64,2,1
774.49,0.6,106.54,667.95,3,1
952.27,0.6,208.68,743.59,3,1
1080.4,0.8,296.81,783.59,4,1
880.27,0.6,197.19,683.08,3,0
1250.33,0.6,597.51,652.82,3,1
971.86,0.6,220.7,751.15,3,1
782.81,0.2,255.38,527.44,1,1
606.64,0.2,56.51,550.13,1,1
730.28,0.2,165.03,565.26,1,1
909.68,0.6,188.78,720.9,3,0
1104.81,0.8,268.27,836.54,4,1
931.13,0.6,179.97,751.15,3,1
525.15,0.0,60.41,464.74,0,0
734.55,0.2,169.3,565.26,1,0
730.81,0.4,87.73,643.08,2,0
1090.74,0.8,292.03,798.72,4,1
1195.93,0.4,583.11,612.82,2,1
704.39,0.2,131.57,572.82,1,1
543.18,0.0,86.0,457.18,0,1
579.5,0.0,114.76,464.74,0,0
602.35,0.2,74.92,527.44,1,1
914.7,0.4,271.62,643.08,2,1
741.21,0.2,183.51,557.69,1,1
1017.04,0.4,464.73,552.31,2,1
993.38,0.6,333.0,660.38,3,1
721.87,0.2,149.05,572.82,1,0
951.18,0.6,207.59,743.59,3,1
862.84,0.4,227.32,635.51,2,1
956.93,0.6,243.59,713.33,3,1
561.62,0.0,127.14,434.49,0,0
575.16,0.2,100.68,474.49,1,1
783.25,0.4,162.86,620.38,2,1
1427.29,1.2,442.68,984.62,6,1
981.09,0.4,436.35,544.74,2,1
714.71,0.2,126.76,587.95,1,0
991.77,0.6,286.0,705.77,3,1
794.26,0.4,189.0,605.26,2,1
606.88,0.0,134.57,472.31,0,0
719.1,0.4,128.97,590.13,2,1
1245.42,0.2,733.11,512.31,1,1
1374.98,0.6,707.03,667.95,3,1
908.92,0.6,172.89,736.03,3,1
708.35,0.2,165.78,542.56,1,0
550.41,0.0,131.05,419.36,0,0
650.3,0.4,90.43,559.87,2,0
876.14,0.4,248.19,627.95,2,1
1270.66,0.8,577.84,692.82,4,1
554.61,0.0,97.43,457.18,0,0
839.24,0.4,196.16,643.08,2,1
814.8,0.6,109.03,705.77,3,1
552.1,0.0,94.92,457.18,0,1
1477.48,0.6,839.78,637.69,3,1
789.2,0.4,115.86,673.33,2,0
1228.01,1.2,334.16,893.85,6,1
721.8,0.2,164.11,557.69,1,1
736.65,0.2,209.22,527.44,1,1
785.7,0.2,243.14,542.56,1,1
1099.01,0.2,586.7,512.31,1,1
921.15,0.4,255.38,665.77,2,1
612.31,0.2,100.0,512.31,1,1
1471.57,0.6,811.19,660.38,3,1
635.55,0.0,170.81,464.74,0,1
596.09,0.0,131.35,464.74,0,0
708.23,0.2,150.54,557.69,1,1
1545.06,1.4,543.14,1001.92,7,1
568.61,0.0,103.86,464.74,0,0
780.28,0.4,159.89,620.38,2,1
1674.53,1.0,896.32,778.21,5,1
743.04,0.2,170.22,572.82,1,1
741.76,0.6,73.81,667.95,3,1
988.81,0.8,205.22,783.59,4,1
666.07,0.2,115.95,550.13,1,0
723.91,0.4,80.84,643.08,2,1
564.85,0.0,145.49,419.36,0,1
722.24,0.4,139.68,582.56,2,1
624.98,0.2,97.54,527.44,1,1
968.58,0.2,463.84,504.74,1,1
629.0,0.2,101.57,527.44,1,1
847.98,0.6,180.03,667.95,3,1
718.34,0.2,153.08,565.26,1,0
744.6,0.4,116.65,627.95,2,1
737.59,0.2,195.03,542.56,1,0
802.97,0.6,112.32,690.64,3,1
808.19,0.4,172.68,635.51,2,0
705.29,0.6,82.73,622.56,3,1
528.54,0.0,94.05,434.49,0,1
874.19,0.6,198.68,675.51,3,0
648.48,0.2,98.35,550.13,1,0
527.89,0.0,85.84,442.05,0,1
524.11,0.2,49.62,474.49,1,1
968.5,0.8,222.73,745.77,4,0
555.99,0.0,91.24,464.74,0,1
990.66,0.8,237.32,753.33,4,1
517.33,0.0,82.84,434.49,0,0
566.5,0.0,101.76,464.74,0,0
693.97,0.4,103.84,590.13,2,0
461.89,0.0,27.41,434.49,0,1
653.26,0.2,103.14,550.13,1,1
633.51,0.0,183.89,449.62,0,0
997.3,0.4,429.86,567.44,2,1
981.74,0.8,235.97,745.77,4,1
1037.18,0.8,253.59,783.59,4,1
914.94,0.6,171.35,743.59,3,0
1036.85,0.8,238.14,798.72,4,1
995.08,0.6,266.62,728.46,3,1
1785.87,1.2,937.41,848.46,6,1
861.12,0.4,202.92,658.21,2,1
634.6,0.2,107.16,527.44,1,0
908.65,0.4,288.27,620.38,2,1
938.0,0.6,262.49,675.51,3,1
1385.7,0.6,695.05,690.64,3,1
555.79,0.0,75.92,479.87,0,1
1091.98,0.6,363.51,728.46,3,1
1686.03,1.4,744.62,941.41,7,1
872.07,0.4,206.3,665.77,2,0
647.51,0.2,104.95,542.56,1,0
782.53,0.2,224.84,557.69,1,1
