"Total_Cost","Ratio_Reloc_Prod","Horiz_Cost","Vert_Cost","nReloc","non_Optimal"
247272.12,0.7327,38246.77,209025.29,1099,77
495.3,0.0,75.95,419.36,0,0
617.37,0.4,72.62,544.74,2,0
598.31,0.2,93.57,504.74,1,0
608.77,0.4,64.03,544.74,2,1
648.31,0.2,136.0,512.31,1,0
468.26,0.0,64.03,404.23,0,0
669.54,0.6,62.11,607.44,3,1
854.62,0.8,146.68,707.95,4,0
600.47,0.2,141.11,459.36,1,0
827.95,0.6,212.95,615.0,3,1
1158.8,1.4,232.51,926.28,7,0
529.23,0.2,77.43,451.79,1,0
785.48,0.6,147.78,637.69,3,0
969.97,1.2,113.95,856.03,6,1
886.2,1.0,153.38,732.82,5,0
701.12,0.4,141.24,559.87,2,1
549.67,0.2,67.62,482.05,1,0
542.81,0.2,68.32,474.49,1,0
764.56,0.6,142.0,622.56,3,0
564.08,0.2,82.03,482.05,1,0
566.59,0.2,84.54,482.05,1,0
1340.62,1.8,251.14,1089.49,9,0
1211.6,1.6,222.62,988.97,8,0
577.61,0.2,80.43,497.18,1,0
650.07,0.4,120.46,529.62,2,1
880.4,0.8,149.76,730.64,4,1
624.04,0.2,126.86,497.18,1,0
726.91,0.6,89.22,637.69,3,0
664.8,0.4,120.05,544.74,2,0
1051.2,1.2,172.49,878.72,6,1
818.56,0.8,140.86,677.69,4,0
958.6,1.0,165.27,793.33,5,1
624.19,0.4,102.14,522.05,2,0
978.37,1.0,207.73,770.64,5,1
511.71,0.0,92.35,419.36,0,0
564.36,0.2,97.43,466.92,1,0
1320.82,1.8,254.03,1066.79,9,1
739.64,0.6,101.95,637.69,3,1
564.11,0.2,89.62,474.49,1,0
735.05,0.6,104.92,630.13,3,0
820.74,0.8,120.35,700.38,4,1
1147.37,1.6,128.14,1019.23,8,0
766.03,0.6,158.59,607.44,3,0
644.32,0.4,69.32,575.0,2,0
697.68,0.4,130.24,567.44,2,0
812.16,0.6,182.03,630.13,3,1
810.17,0.6,149.78,660.38,3,0
749.5,0.6,104.24,645.26,3,0
439.21,0.0,50.11,389.1,0,0
680.92,0.4,98.35,582.56,2,0
585.09,0.2,118.16,466.92,1,0
866.36,0.8,181.11,685.26,4,1
986.89,1.0,163.3,823.59,5,0
495.67,0.0,53.62,442.05,0,0
844.93,0.8,106.73,738.21,4,1
1033.35,1.2,184.89,848.46,6,1
657.25,0.4,104.95,552.31,2,0
518.44,0.0,106.65,411.79,0,0
659.89,0.4,77.32,582.56,2,0
1177.44,1.4,251.16,926.28,7,0
866.77,0.8,181.51,685.26,4,0
456.13,0.0,67.03,389.1,0,0
669.9,0.4,110.03,559.87,2,0
918.68,1.0,125.35,793.33,5,0
652.64,0.0,195.46,457.18,0,0
802.21,0.8,79.14,723.08,4,0
1012.44,1.2,126.16,886.28,6,1
1202.63,1.4,215.84,986.79,7,0
825.04,0.8,139.78,685.26,4,0
463.47,0.0,44.11,419.36,0,0
1271.91,1.6,192.16,1079.74,8,0
872.77,1.0,79.43,793.33,5,1
976.53,1.0,145.38,831.15,5,0
894.25,0.8,201.43,692.82,4,1
1261.43,1.6,204.38,1057.05,8,0
942.2,1.0,148.86,793.33,5,0
806.01,0.6,153.19,652.82,3,0
1025.74,1.2,139.46,886.28,6,1
874.46,1.0,118.95,755.51,5,0
940.77,0.8,187.43,753.33,4,0
801.52,0.8,101.14,700.38,4,0
1149.04,1.2,255.19,893.85,6,1
486.05,0.0,44.0,442.05,0,0
1092.38,1.4,150.97,941.41,7,0
726.46,0.6,58.51,667.95,3,0
752.28,0.6,99.46,652.82,3,0
1291.13,1.8,194.08,1097.05,9,0
637.19,0.4,54.62,582.56,2,0
1115.52,1.4,128.73,986.79,7,0
1321.9,1.8,194.59,1127.31,9,0
882.1,0.8,151.46,730.64,4,0
799.55,0.8,106.73,692.82,4,1
537.61,0.2,85.81,451.79,1,0
940.62,0.8,217.54,723.08,4,0
536.18,0.0,71.43,464.74,0,0
966.82,1.0,173.49,793.33,5,1
1015.25,1.2,113.84,901.41,6,1
910.15,0.8,179.51,730.64,4,0
753.31,0.4,140.49,612.82,2,1
732.23,0.6,94.54,637.69,3,0
565.62,0.0,123.57,442.05,0,1
741.77,0.6,88.95,652.82,3,0
759.06,0.6,106.24,652.82,3,1
1038.49,1.2,190.03,848.46,6,0
540.74,0.2,88.95,451.79,1,0
659.17,0.4,106.86,552.31,2,0
1100.54,1.4,151.57,948.97,7,0
1042.65,1.2,141.24,901.41,6,1
1103.36,1.4,161.95,941.41,7,0
1283.64,1.8,171.46,1112.18,9,1
880.4,0.8,164.89,715.51,4,1
715.98,0.4,156.11,559.87,2,0
804.0,0.8,80.92,723.08,4,0
726.84,0.4,159.41,567.44,2,0
701.64,0.4,103.95,597.69,2,0
777.84,0.8,62.32,715.51,4,0
497.79,0.0,78.43,419.36,0,0
740.69,0.6,95.43,645.26,3,0
964.79,1.0,163.89,800.9,5,1
553.52,0.2,94.16,459.36,1,0
1309.37,1.8,197.19,1112.18,9,0
662.69,0.4,117.95,544.74,2,0
908.38,0.8,147.49,760.9,4,1
473.19,0.0,38.7,434.49,0,0
1029.95,1.0,176.11,853.85,5,0
746.26,0.4,141.0,605.26,2,0
630.79,0.4,70.92,559.87,2,0
1072.59,1.0,256.57,816.03,5,0
1165.59,1.6,169.05,996.54,8,0
555.1,0.2,57.92,497.18,1,0
577.03,0.2,102.54,474.49,1,0
800.0,0.8,76.92,723.08,4,0
702.52,0.4,135.08,567.44,2,0
546.24,0.2,56.62,489.62,1,0
495.97,0.0,106.86,389.1,0,0
1127.62,1.4,224.03,903.59,7,1
571.71,0.2,59.41,512.31,1,0
508.13,0.0,111.46,396.67,0,0
687.95,0.4,128.08,559.87,2,1
1152.34,1.4,226.05,926.28,7,0
1135.71,1.2,241.86,893.85,6,1
830.11,0.8,122.16,707.95,4,1
611.42,0.4,59.11,552.31,2,0
1168.48,1.4,211.95,956.54,7,1
1002.33,1.0,148.49,853.85,5,0
475.58,0.0,56.22,419.36,0,0
1042.06,1.2,208.73,833.33,6,0
863.23,0.8,117.46,745.77,4,0
698.24,0.4,115.68,582.56,2,0
761.44,0.6,101.05,660.38,3,0
714.26,0.6,84.14,630.13,3,0
1526.42,2.0,245.65,1280.77,10,1
896.81,0.8,181.3,715.51,4,0
993.74,1.2,115.03,878.72,6,0
1404.09,2.0,236.78,1167.31,10,1
939.95,1.0,139.05,800.9,5,0
644.12,0.4,84.24,559.87,2,1
882.85,0.8,137.08,745.77,4,0
478.76,0.0,59.41,419.36,0,0
493.34,0.0,81.54,411.79,0,0
483.47,0.0,64.11,419.36,0,0
641.06,0.4,73.62,567.44,2,0
909.35,1.0,93.32,816.03,5,0
1504.99,2.2,244.73,1260.26,11,0
967.16,1.0,143.57,823.59,5,0
1032.93,1.2,139.08,893.85,6,1
826.95,0.8,126.57,700.38,4,0
648.19,0.4,65.62,582.56,2,0
953.6,1.0,160.27,793.33,5,0
744.68,0.6,129.68,615.0,3,1
1324.71,1.8,182.27,1142.44,9,0
574.77,0.2,70.03,504.74,1,0
1039.39,1.2,213.62,825.77,6,0
1283.09,1.6,195.78,1087.31,8,0
1136.64,1.4,164.97,971.67,7,0
757.16,0.6,89.22,667.95,3,1
502.1,0.0,44.92,457.18,0,0
467.05,0.0,77.95,389.1,0,0
1047.8,1.2,169.08,878.72,6,0
483.46,0.0,41.41,442.05,0,0
697.59,0.4,107.46,590.13,2,1
703.33,0.4,135.89,567.44,2,0
525.52,0.2,73.73,451.79,1,0
738.82,0.6,78.43,660.38,3,1
698.51,0.4,108.38,590.13,2,0
1044.79,1.2,143.38,901.41,6,1
1255.13,1.6,243.46,1011.67,8,0
1044.21,1.2,188.19,856.03,6,1
1192.43,1.6,142.95,1049.49,8,1
1059.81,1.2,143.27,916.54,6,0
1073.97,1.2,165.0,908.97,6,1
919.15,1.0,140.95,778.21,5,0
1044.31,1.2,218.54,825.77,6,0
921.69,1.0,90.54,831.15,5,1
728.18,0.6,98.05,630.13,3,0
1302.33,1.8,159.89,1142.44,9,0
641.59,0.4,59.03,582.56,2,0
716.8,0.4,179.62,537.18,2,0
872.12,0.8,179.3,692.82,4,1
667.98,0.4,100.54,567.44,2,0
771.59,0.6,141.46,630.13,3,1
1443.67,2.0,291.49,1152.18,10,0
810.52,0.8,110.14,700.38,4,0
874.1,0.8,143.46,730.64,4,0
916.97,0.8,186.32,730.64,4,0
498.16,0.0,56.11,442.05,0,0
769.8,0.6,139.68,630.13,3,0
1151.74,1.6,124.95,1026.79,8,0
734.42,0.6,96.73,637.69,3,0
577.65,0.2,50.22,527.44,1,0
1207.12,1.6,187.89,1019.23,8,0
1222.67,1.8,125.62,1097.05,9,0
462.61,0.0,50.81,411.79,0,0
1174.2,1.6,154.97,1019.23,8,1
925.16,1.0,109.14,816.03,5,0
1171.73,1.2,255.19,916.54,6,1
480.33,0.0,53.41,426.92,0,0
730.72,0.6,93.03,637.69,3,0
755.8,0.6,125.68,630.13,3,0
577.23,0.2,64.92,512.31,1,0
831.9,0.6,171.51,660.38,3,1
734.31,0.4,121.49,612.82,2,0
1215.33,1.6,180.97,1034.36,8,0
742.3,0.4,167.3,575.0,2,0
773.18,0.6,143.05,630.13,3,0
628.88,0.2,116.57,512.31,1,0
1372.83,2.0,228.22,1144.62,10,0
766.59,0.6,136.46,630.13,3,0
1112.36,1.4,186.08,926.28,7,0
809.45,0.6,164.19,645.26,3,0
732.32,0.6,109.76,622.56,3,0
486.36,0.0,59.43,426.92,0,0
468.31,0.0,56.51,411.79,0,0
859.14,0.6,130.68,728.46,3,0
811.76,0.8,96.24,715.51,4,0
771.77,0.6,118.95,652.82,3,0
809.72,0.6,119.08,690.64,3,1
1057.55,1.4,116.14,941.41,7,0
780.41,0.6,112.46,667.95,3,0
481.43,0.0,92.32,389.1,0,0
1050.37,1.2,111.14,939.23,6,1
985.15,1.2,106.43,878.72,6,1
1112.47,1.4,186.19,926.28,7,1
757.14,0.6,157.27,599.87,3,1
911.91,1.0,88.32,823.59,5,0
470.52,0.0,58.73,411.79,0,0
890.06,0.8,182.11,707.95,4,0
1194.35,1.4,230.24,964.1,7,1
1045.43,1.2,121.32,924.1,6,1
569.71,0.2,110.35,459.36,1,0
979.16,1.0,170.7,808.46,5,1
532.97,0.0,83.35,449.62,0,0
573.03,0.2,98.54,474.49,1,0
885.68,0.8,132.35,753.33,4,0
895.07,0.8,96.35,798.72,4,1
614.1,0.4,76.92,537.18,2,0
860.4,0.8,144.89,715.51,4,0
932.62,1.0,124.16,808.46,5,1
644.79,0.4,84.92,559.87,2,0
571.01,0.2,58.7,512.31,1,0
470.58,0.0,51.22,419.36,0,0
939.1,1.0,107.95,831.15,5,0
1046.12,1.2,167.41,878.72,6,0
756.26,0.6,118.57,637.69,3,1
698.94,0.4,116.38,582.56,2,0
1328.01,1.8,200.7,1127.31,9,1
726.36,0.6,81.11,645.26,3,1
527.51,0.2,53.03,474.49,1,0
1376.3,2.0,186.3,1190.0,10,0
481.23,0.0,69.43,411.79,0,0
1134.62,1.4,178.08,956.54,7,1
596.64,0.2,99.46,497.18,1,0
670.52,0.4,110.65,559.87,2,0
1040.09,1.2,146.24,893.85,6,1
1137.06,1.4,188.08,948.97,7,0
773.04,0.6,127.78,645.26,3,1
765.83,0.6,67.62,698.21,3,0
764.24,0.6,88.73,675.51,3,0
768.32,0.6,85.24,683.08,3,1
766.95,0.6,106.57,660.38,3,0
472.92,0.0,46.0,426.92,0,0
1113.52,1.4,126.73,986.79,7,0
654.31,0.4,56.62,597.69,2,0
860.65,1.0,105.14,755.51,5,1
569.0,0.2,86.95,482.05,1,0
531.36,0.2,64.43,466.92,1,0
557.53,0.2,67.92,489.62,1,0
688.95,0.4,113.95,575.0,2,0
912.08,1.0,103.62,808.46,5,0
709.1,0.6,86.54,622.56,3,1
736.71,0.6,76.32,660.38,3,1
1143.05,1.4,186.51,956.54,7,0
1025.34,1.0,239.57,785.77,5,0
1466.82,2.2,206.57,1260.26,11,0
655.4,0.4,72.84,582.56,2,0
743.23,0.6,105.54,637.69,3,0
566.52,0.0,154.73,411.79,0,0
543.73,0.2,76.81,466.92,1,0
664.27,0.4,96.84,567.44,2,0
723.43,0.6,47.92,675.51,3,1
