"Total_Cost","Ratio_Reloc_Prod","Horiz_Cost","Vert_Cost","nReloc","non_Optimal"
252528.43,0.4267,63005.1,189523.28,640,157
831.57,0.4,150.68,680.9,2,0
1153.8,0.6,395.08,758.72,3,0
865.45,0.4,207.24,658.21,2,0
904.49,0.6,130.65,773.85,3,0
724.14,0.2,136.19,587.95,1,0
507.15,0.0,42.41,464.74,0,0
1282.35,0.6,614.41,667.95,3,1
944.22,0.6,223.32,720.9,3,1
524.85,0.0,60.11,464.74,0,0
649.57,0.2,114.57,535.0,1,0
789.72,0.4,123.95,665.77,2,0
850.82,0.6,137.49,713.33,3,0
630.67,0.2,80.54,550.13,1,0
978.29,0.4,320.08,658.21,2,0
672.53,0.2,107.27,565.26,1,0
918.89,0.6,175.3,743.59,3,1
745.73,0.4,102.65,643.08,2,1
622.58,0.2,57.32,565.26,1,1
534.26,0.0,84.65,449.62,0,1
736.12,0.2,178.43,557.69,1,0
1037.68,0.6,324.35,713.33,3,0
879.5,0.6,166.16,713.33,3,1
736.82,0.4,131.57,605.26,2,1
626.21,0.2,83.65,542.56,1,1
716.79,0.4,88.84,627.95,2,1
896.46,0.8,120.43,776.03,4,0
632.69,0.2,67.43,565.26,1,1
1074.72,1.0,183.05,891.67,5,1
1022.43,0.6,278.84,743.59,3,0
867.74,0.6,161.97,705.77,3,1
884.94,0.6,141.35,743.59,3,0
985.55,0.8,171.7,813.85,4,1
599.94,0.0,150.32,449.62,0,1
1464.21,1.2,479.59,984.62,6,0
717.23,0.2,151.97,565.26,1,0
879.79,0.6,158.89,720.9,3,0
586.5,0.0,121.76,464.74,0,1
1077.55,0.8,256.14,821.41,4,0
1293.67,1.0,417.14,876.54,5,1
876.47,0.6,163.14,713.33,3,0
717.53,0.2,152.27,565.26,1,0
706.42,0.2,141.16,565.26,1,1
919.24,0.6,175.65,743.59,3,0
831.23,0.2,318.92,512.31,1,1
860.52,0.4,232.57,627.95,2,0
1046.26,0.4,380.49,665.77,2,1
1115.1,0.8,316.38,798.72,4,1
650.69,0.2,85.43,565.26,1,0
1042.24,0.8,266.22,776.03,4,1
996.63,0.4,330.86,665.77,2,0
942.29,0.6,244.08,698.21,3,0
812.3,0.4,191.92,620.38,2,0
867.58,0.4,201.81,665.77,2,0
1120.26,0.6,353.97,766.28,3,0
787.72,0.4,182.46,605.26,2,0
1035.43,0.6,306.97,728.46,3,0
796.2,0.4,130.43,665.77,2,0
878.08,0.4,235.0,643.08,2,1
657.44,0.2,137.57,519.87,1,1
835.07,0.4,176.86,658.21,2,1
877.77,0.6,164.43,713.33,3,1
1061.05,0.4,410.41,650.64,2,0
1368.08,0.8,539.11,828.97,4,0
698.3,0.2,163.3,535.0,1,1
744.48,0.4,146.78,597.69,2,1
447.9,0.0,36.11,411.79,0,1
666.6,0.2,139.16,527.44,1,1
484.28,0.0,80.05,404.23,0,1
1330.45,1.0,446.35,884.1,5,0
739.36,0.2,219.49,519.87,1,0
788.45,0.2,230.76,557.69,1,1
655.43,0.2,120.43,535.0,1,1
813.98,0.4,193.59,620.38,2,1
573.02,0.2,75.84,497.18,1,1
982.67,0.6,299.59,683.08,3,1
1054.89,0.6,326.43,728.46,3,1
981.9,0.6,276.14,705.77,3,1
578.47,0.0,106.16,472.31,0,0
657.75,0.2,100.05,557.69,1,1
681.78,0.2,139.22,542.56,1,0
498.17,0.0,71.24,426.92,0,1
1589.45,1.2,650.22,939.23,6,1
1127.29,0.8,336.14,791.15,4,1
1007.9,0.8,194.05,813.85,4,1
546.94,0.0,89.76,457.18,0,0
742.49,0.4,114.54,627.95,2,1
749.91,0.2,192.22,557.69,1,1
865.74,0.6,144.84,720.9,3,0
588.43,0.2,53.43,535.0,1,1
468.17,0.0,48.81,419.36,0,1
566.54,0.0,132.05,434.49,0,0
499.07,0.0,87.27,411.79,0,1
1008.56,0.8,209.84,798.72,4,1
780.01,0.4,167.19,612.82,2,1
1216.67,0.6,480.65,736.03,3,0
1136.09,0.6,422.76,713.33,3,1
832.95,0.4,205.0,627.95,2,0
592.37,0.0,142.76,449.62,0,0
891.0,0.4,247.92,643.08,2,0
900.05,0.6,156.46,743.59,3,0
546.49,0.0,112.0,434.49,0,0
1112.46,0.8,275.92,836.54,4,0
724.79,0.2,212.49,512.31,1,1
678.74,0.4,118.86,559.87,2,1
695.54,0.4,112.97,582.56,2,0
1053.5,0.4,455.81,597.69,2,0
719.53,0.2,169.41,550.13,1,1
1266.82,0.8,460.54,806.28,4,1
706.32,0.2,156.19,550.13,1,1
442.61,0.0,30.81,411.79,0,1
795.81,0.6,127.86,667.95,3,0
539.53,0.0,89.92,449.62,0,0
609.38,0.0,174.89,434.49,0,1
680.68,0.2,145.68,535.0,1,1
881.21,0.4,238.14,643.08,2,0
684.02,0.2,126.32,557.69,1,0
588.56,0.0,131.38,457.18,0,0
886.13,0.6,195.49,690.64,3,0
538.49,0.0,104.0,434.49,0,0
647.0,0.2,112.0,535.0,1,1
611.77,0.0,154.59,457.18,0,0
546.8,0.0,89.62,457.18,0,1
916.99,0.6,158.27,758.72,3,1
499.99,0.0,42.81,457.18,0,1
775.63,0.4,170.38,605.26,2,0
639.16,0.2,104.16,535.0,1,1
599.29,0.0,149.68,449.62,0,1
958.31,0.6,252.54,705.77,3,0
1079.7,0.8,235.59,844.1,4,0
838.42,0.4,187.78,650.64,2,0
1437.05,0.8,721.54,715.51,4,1
1001.18,0.6,257.59,743.59,3,1
658.68,0.2,131.24,527.44,1,0
646.41,0.2,118.97,527.44,1,1
572.91,0.0,108.16,464.74,0,0
562.58,0.0,97.84,464.74,0,0
1073.52,0.8,252.11,821.41,4,1
999.07,0.4,401.38,597.69,2,1
777.41,0.4,149.46,627.95,2,1
831.43,0.2,281.3,550.13,1,0
727.33,0.2,199.89,527.44,1,1
1480.14,1.2,518.22,961.92,6,1
1020.43,0.8,251.97,768.46,4,0
918.31,0.6,220.11,698.21,3,0
661.15,0.2,103.46,557.69,1,0
893.42,0.4,288.16,605.26,2,1
477.36,0.0,58.0,419.36,0,0
954.81,0.6,286.86,667.95,3,1
451.36,0.0,32.0,419.36,0,0
632.25,0.2,112.38,519.87,1,0
868.53,0.6,162.76,705.77,3,1
548.11,0.0,113.62,434.49,0,0
856.51,0.4,221.0,635.51,2,1
486.9,0.0,67.54,419.36,0,0
1130.47,0.6,409.57,720.9,3,1
1318.46,1.2,401.92,916.54,6,1
500.75,0.0,58.7,442.05,0,1
1192.78,0.6,441.62,751.15,3,0
934.45,0.6,190.86,743.59,3,1
1397.27,1.0,460.22,937.05,5,0
810.23,0.4,144.46,665.77,2,1
1164.27,0.8,380.68,783.59,4,1
861.24,0.6,178.16,683.08,3,1
619.01,0.4,59.14,559.87,2,0
667.47,0.4,62.22,605.26,2,1
1055.76,0.8,279.73,776.03,4,0
450.5,0.0,38.7,411.79,0,1
808.31,0.4,203.05,605.26,2,0
1022.88,0.8,231.73,791.15,4,1
692.47,0.2,180.16,512.31,1,0
1008.77,0.6,295.43,713.33,3,0
785.72,0.2,228.03,557.69,1,0
804.55,0.6,144.16,660.38,3,1
437.15,0.0,32.92,404.23,0,0
713.63,0.2,148.38,565.26,1,0
973.28,0.6,267.51,705.77,3,0
686.01,0.2,120.76,565.26,1,1
850.28,0.8,96.95,753.33,4,1
1198.79,1.0,344.95,853.85,5,0
1251.36,0.8,429.95,821.41,4,0
574.56,0.0,124.95,449.62,0,0
936.09,0.6,230.32,705.77,3,0
781.65,0.4,161.27,620.38,2,0
603.22,0.2,68.22,535.0,1,1
850.38,0.4,230.0,620.38,2,1
652.47,0.2,87.22,565.26,1,0
896.53,0.4,230.76,665.77,2,0
899.38,1.0,90.92,808.46,5,1
811.7,0.8,88.62,723.08,4,1
635.44,0.4,68.0,567.44,2,1
635.53,0.2,77.84,557.69,1,1
691.65,0.2,164.22,527.44,1,1
447.2,0.0,35.41,411.79,0,1
542.46,0.0,115.54,426.92,0,0
537.91,0.0,80.73,457.18,0,0
507.38,0.0,65.32,442.05,0,1
593.29,0.2,50.73,542.56,1,0
652.02,0.2,109.46,542.56,1,1
1150.79,1.0,342.32,808.46,5,1
437.2,0.0,25.41,411.79,0,1
1162.01,1.2,275.73,886.28,6,1
890.38,0.4,262.43,627.95,2,0
612.04,0.2,114.86,497.18,1,0
1318.7,1.2,394.59,924.1,6,1
1063.7,0.6,373.05,690.64,3,0
1719.22,1.6,616.78,1102.44,8,1
503.15,0.0,38.41,464.74,0,0
503.9,0.0,84.54,419.36,0,1
861.4,0.4,225.89,635.51,2,0
1115.62,0.8,347.16,768.46,4,1
1695.98,1.6,593.54,1102.44,8,0
577.94,0.0,120.76,457.18,0,1
1009.71,0.6,288.81,720.9,3,0
1139.62,0.8,356.03,783.59,4,0
1009.17,0.6,303.41,705.77,3,1
770.39,0.2,258.08,512.31,1,0
674.34,0.2,116.65,557.69,1,1
952.65,0.2,417.65,535.0,1,0
695.57,0.2,160.57,535.0,1,1
1291.81,1.0,407.7,884.1,5,0
561.31,0.0,104.14,457.18,0,1
608.13,0.2,110.95,497.18,1,1
1503.21,1.4,471.03,1032.18,7,1
777.5,0.4,164.68,612.82,2,0
693.35,0.2,150.78,542.56,1,0
1106.48,0.6,408.27,698.21,3,1
958.85,0.6,245.51,713.33,3,1
924.74,0.6,271.92,652.82,3,1
708.21,0.2,158.08,550.13,1,1
656.1,0.2,113.54,542.56,1,1
622.86,0.2,125.68,497.18,1,1
443.5,0.0,31.7,411.79,0,1
646.81,0.2,111.81,535.0,1,1
647.69,0.4,50.0,597.69,2,1
1010.2,0.4,397.38,612.82,2,1
1333.56,1.0,441.89,891.67,5,0
1560.06,1.2,651.08,908.97,6,0
1233.94,0.8,442.78,791.15,4,0
891.71,0.4,271.32,620.38,2,0
501.3,0.0,66.81,434.49,0,0
514.92,0.0,80.43,434.49,0,1
779.43,0.6,96.35,683.08,3,1
537.84,0.0,103.35,434.49,0,1
647.22,0.2,112.22,535.0,1,0
1428.01,1.2,488.78,939.23,6,1
1633.51,1.2,648.89,984.62,6,1
951.37,0.6,260.73,690.64,3,1
701.92,0.2,166.92,535.0,1,0
884.62,0.6,216.68,667.95,3,0
945.12,0.4,279.35,665.77,2,1
970.71,0.8,217.38,753.33,4,1
692.91,0.2,127.65,565.26,1,0
1068.24,0.2,578.62,489.62,1,1
1075.14,0.6,354.24,720.9,3,0
548.48,0.0,106.43,442.05,0,1
762.52,0.6,102.14,660.38,3,1
795.7,0.4,145.05,650.64,2,1
1219.62,1.0,350.65,868.97,5,1
738.66,0.4,125.84,612.82,2,0
1247.62,0.8,524.54,723.08,4,0
577.96,0.0,120.78,457.18,0,0
686.11,0.2,158.68,527.44,1,0
653.16,0.2,103.03,550.13,1,0
760.48,0.2,202.78,557.69,1,1
861.63,0.6,155.86,705.77,3,0
557.61,0.0,100.43,457.18,0,1
689.09,0.4,83.84,605.26,2,1
1043.95,0.6,315.49,728.46,3,0
758.92,0.4,130.97,627.95,2,1
744.18,0.2,194.05,550.13,1,0
822.89,0.4,179.81,643.08,2,0
767.92,0.2,225.35,542.56,1,0
944.94,0.6,254.3,690.64,3,1
1403.52,1.0,542.11,861.41,5,0
838.81,0.6,170.86,667.95,3,0
1160.31,0.8,346.46,813.85,4,0
1066.07,0.6,314.92,751.15,3,0
688.92,0.2,161.49,527.44,1,0
553.13,0.0,95.95,457.18,0,1
649.31,0.4,51.62,597.69,2,1
1248.07,0.8,441.78,806.28,4,0
1146.65,0.8,325.24,821.41,4,1
675.15,0.2,117.46,557.69,1,1
874.03,0.4,238.51,635.51,2,1
554.02,0.2,56.84,497.18,1,0
1072.15,0.6,366.38,705.77,3,0
669.3,0.2,141.86,527.44,1,1
450.12,0.0,38.32,411.79,0,1
867.47,0.6,146.57,720.9,3,1
590.8,0.2,93.62,497.18,1,1
571.99,0.2,74.81,497.18,1,1
1091.01,1.0,305.24,785.77,5,1
726.31,0.2,153.49,572.82,1,0
790.51,0.4,215.51,575.0,2,0
975.71,1.0,129.43,846.28,5,1
564.02,0.2,66.84,497.18,1,1
1241.11,0.8,465.08,776.03,4,1
1666.85,1.2,667.11,999.74,6,0
966.88,0.6,261.11,705.77,3,1
1347.04,1.0,447.81,899.23,5,0
