"Total_Cost","Ratio_Reloc_Prod","Horiz_Cost","Vert_Cost","nReloc","non_Optimal"
242530.71,0.4053,53629.54,188901.37,608,148
769.53,0.4,103.76,665.77,2,0
698.0,0.4,54.92,643.08,2,0
1026.09,0.8,204.68,821.41,4,0
984.17,0.6,263.27,720.9,3,0
792.44,0.2,219.62,572.82,1,0
886.27,0.6,142.68,743.59,3,0
835.24,0.6,91.65,743.59,3,1
528.15,0.0,55.84,472.31,0,1
806.74,0.6,100.97,705.77,3,0
1320.7,0.6,645.19,675.51,3,1
544.44,0.0,57.0,487.44,0,1
501.58,0.0,44.41,457.18,0,0
1010.14,1.0,141.16,868.97,5,1
770.16,0.6,94.65,675.51,3,0
541.69,0.0,76.95,464.74,0,0
528.85,0.0,64.11,464.74,0,0
514.33,0.0,79.84,434.49,0,0
650.51,0.2,107.95,542.56,1,0
695.14,0.4,82.32,612.82,2,1
850.56,0.6,167.49,683.08,3,1
745.89,0.4,102.81,643.08,2,0
1150.43,0.2,675.95,474.49,1,1
1027.67,0.8,236.51,791.15,4,1
735.38,0.2,155.0,580.38,1,1
983.05,0.8,191.89,791.15,4,0
1021.2,0.8,222.49,798.72,4,1
646.64,0.2,88.95,557.69,1,1
759.52,0.4,131.57,627.95,2,1
744.23,0.4,138.97,605.26,2,1
1033.05,0.8,188.95,844.1,4,1
639.38,0.2,111.95,527.44,1,1
965.65,0.8,144.24,821.41,4,0
724.9,0.2,205.03,519.87,1,0
1132.87,1.0,218.51,914.36,5,0
791.14,0.2,271.27,519.87,1,0
787.23,0.4,174.41,612.82,2,1
561.94,0.0,112.32,449.62,0,0
1222.22,1.0,368.38,853.85,5,0
560.47,0.0,88.16,472.31,0,0
795.32,0.4,205.19,590.13,2,1
739.43,0.2,204.43,535.0,1,1
1051.85,0.8,253.14,798.72,4,0
1023.2,0.6,264.49,758.72,3,0
744.79,0.4,131.97,612.82,2,1
683.92,0.2,141.35,542.56,1,0
566.4,0.2,84.35,482.05,1,1
558.14,0.2,30.7,527.44,1,1
1007.54,0.8,231.51,776.03,4,1
1005.83,0.6,247.11,758.72,3,0
1374.71,1.2,352.27,1022.44,6,0
647.67,0.2,97.54,550.13,1,0
666.02,0.2,123.46,542.56,1,1
582.37,0.0,132.76,449.62,0,1
1039.85,0.8,233.57,806.28,4,1
1199.11,0.8,362.57,836.54,4,1
1094.23,0.6,335.51,758.72,3,0
516.59,0.0,74.54,442.05,0,0
673.26,0.2,115.57,557.69,1,1
546.16,0.0,111.68,434.49,0,1
1053.72,1.0,215.0,838.72,5,0
1129.97,0.8,285.86,844.1,4,1
841.63,0.4,221.24,620.38,2,1
1094.15,1.2,215.43,878.72,6,1
965.76,0.6,229.73,736.03,3,0
927.34,0.4,261.57,665.77,2,1
972.92,0.6,252.03,720.9,3,0
664.28,0.2,99.03,565.26,1,1
823.56,0.4,165.35,658.21,2,0
805.18,0.4,207.49,597.69,2,1
615.89,0.0,181.41,434.49,0,1
760.6,0.4,147.78,612.82,2,1
657.67,0.2,107.54,550.13,1,1
542.95,0.2,76.03,466.92,1,1
527.24,0.0,92.76,434.49,0,1
504.11,0.0,69.62,434.49,0,0
750.18,0.2,184.92,565.26,1,0
538.49,0.0,111.57,426.92,0,1
1008.51,0.6,264.92,743.59,3,1
863.23,0.4,205.03,658.21,2,0
684.07,0.2,126.38,557.69,1,1
670.01,0.2,157.7,512.31,1,1
830.44,0.4,202.49,627.95,2,1
697.75,0.2,140.05,557.69,1,0
1072.16,0.6,328.57,743.59,3,0
1057.12,0.8,250.84,806.28,4,0
821.86,0.4,178.78,643.08,2,0
707.59,0.2,165.03,542.56,1,0
1111.76,0.8,282.78,828.97,4,1
812.85,0.4,200.03,612.82,2,0
627.48,0.0,170.3,457.18,0,1
789.14,0.4,161.19,627.95,2,0
536.07,0.0,71.32,464.74,0,0
764.57,0.2,237.14,527.44,1,1
842.29,0.4,184.08,658.21,2,0
992.46,0.6,256.43,736.03,3,0
678.94,0.2,136.38,542.56,1,0
842.36,0.6,136.59,705.77,3,1
998.64,0.6,239.92,758.72,3,0
847.98,0.6,127.08,720.9,3,1
1073.8,0.8,267.51,806.28,4,0
648.92,0.2,106.35,542.56,1,1
543.26,0.0,93.65,449.62,0,0
658.35,0.2,123.35,535.0,1,1
836.61,0.4,178.41,658.21,2,0
970.55,0.6,204.27,766.28,3,0
1158.11,1.0,236.19,921.92,5,0
1361.69,0.4,764.0,597.69,2,1
914.88,0.6,163.73,751.15,3,1
861.28,0.6,140.38,720.9,3,0
563.99,0.0,99.24,464.74,0,0
1395.23,0.6,757.54,637.69,3,1
593.22,0.0,113.35,479.87,0,0
617.1,0.0,159.92,457.18,0,0
679.85,0.2,122.16,557.69,1,0
792.05,0.4,148.97,643.08,2,0
929.28,0.4,263.51,665.77,2,0
790.68,0.4,170.3,620.38,2,0
889.99,0.4,239.35,650.64,2,1
579.13,0.0,121.95,457.18,0,1
693.88,0.2,189.14,504.74,1,0
505.61,0.0,48.43,457.18,0,1
667.76,0.2,132.76,535.0,1,1
780.8,0.6,75.03,705.77,3,0
899.0,0.8,130.54,768.46,4,0
431.2,0.0,19.41,411.79,0,1
738.11,0.4,110.16,627.95,2,1
969.84,0.8,193.81,776.03,4,1
901.1,0.6,218.03,683.08,3,0
719.79,0.4,106.97,612.82,2,0
764.97,0.6,89.46,675.51,3,1
621.18,0.2,131.57,489.62,1,1
608.08,0.2,65.51,542.56,1,1
857.39,0.4,199.19,658.21,2,1
1024.68,0.8,203.27,821.41,4,0
1021.23,0.6,262.51,758.72,3,0
617.68,0.2,90.24,527.44,1,0
648.07,0.2,97.95,550.13,1,1
791.84,0.6,131.46,660.38,3,1
883.06,0.8,122.16,760.9,4,1
554.41,0.0,74.54,479.87,0,0
1063.82,1.0,209.97,853.85,5,0
608.11,0.2,126.05,482.05,1,1
556.72,0.2,59.54,497.18,1,1
936.26,0.6,177.54,758.72,3,0
760.13,0.4,170.0,590.13,2,0
674.01,0.2,108.76,565.26,1,1
687.01,0.2,121.76,565.26,1,1
641.92,0.2,106.92,535.0,1,1
879.34,0.6,188.7,690.64,3,0
448.61,0.0,36.81,411.79,0,0
763.53,0.2,205.84,557.69,1,1
654.42,0.2,96.73,557.69,1,0
1106.17,0.8,292.32,813.85,4,0
809.63,0.4,143.86,665.77,2,1
779.08,0.6,111.14,667.95,3,0
699.01,0.4,78.62,620.38,2,1
1173.91,0.6,415.19,758.72,3,0
741.24,0.2,191.11,550.13,1,0
588.13,0.0,130.95,457.18,0,0
822.82,0.4,157.05,665.77,2,0
573.43,0.0,131.38,442.05,0,0
874.37,0.6,176.16,698.21,3,0
725.38,0.4,150.38,575.0,2,1
692.62,0.2,150.05,542.56,1,0
812.32,0.4,161.68,650.64,2,1
836.14,0.6,115.24,720.9,3,1
719.18,0.2,169.05,550.13,1,1
650.56,0.4,68.0,582.56,2,0
772.16,0.4,136.65,635.51,2,0
807.59,0.4,172.08,635.51,2,0
901.06,0.6,172.59,728.46,3,1
583.73,0.0,149.24,434.49,0,0
700.26,0.2,142.57,557.69,1,1
1331.58,0.8,578.24,753.33,4,1
1055.17,0.6,273.76,781.41,3,0
945.34,0.4,294.7,650.64,2,0
679.36,0.2,106.54,572.82,1,0
691.84,0.2,111.46,580.38,1,1
663.88,0.2,98.62,565.26,1,1
901.71,0.6,188.38,713.33,3,1
991.98,0.6,278.65,713.33,3,0
731.07,0.2,165.81,565.26,1,1
673.96,0.2,116.27,557.69,1,0
950.54,0.6,222.08,728.46,3,0
970.4,0.4,319.76,650.64,2,0
833.98,0.4,206.03,627.95,2,1
863.13,0.6,172.49,690.64,3,1
738.43,0.2,188.3,550.13,1,0
960.23,0.6,201.51,758.72,3,0
568.77,0.0,96.46,472.31,0,0
802.2,0.6,96.43,705.77,3,1
672.5,0.2,114.81,557.69,1,1
500.22,0.0,80.86,419.36,0,1
989.54,0.8,213.51,776.03,4,1
534.58,0.2,37.41,497.18,1,1
1213.11,0.6,537.59,675.51,3,1
1047.8,0.6,289.08,758.72,3,0
740.02,0.4,96.95,643.08,2,0
589.42,0.0,124.68,464.74,0,0
607.95,0.0,173.46,434.49,0,0
445.2,0.0,33.41,411.79,0,1
816.76,0.6,148.81,667.95,3,1
633.56,0.2,91.0,542.56,1,0
487.18,0.0,82.95,404.23,0,1
539.73,0.0,105.24,434.49,0,1
628.7,0.2,93.7,535.0,1,1
558.64,0.0,101.46,457.18,0,1
1124.04,0.6,418.27,705.77,3,1
799.62,0.6,116.54,683.08,3,1
678.81,0.4,111.38,567.44,2,1
855.35,0.6,179.84,675.51,3,1
788.37,0.4,130.16,658.21,2,0
907.45,0.6,163.86,743.59,3,0
1093.27,0.8,309.68,783.59,4,0
911.06,0.6,190.16,720.9,3,0
950.36,0.6,237.03,713.33,3,0
585.13,0.0,127.95,457.18,0,0
1345.26,1.2,353.08,992.18,6,0
677.7,0.2,127.57,550.13,1,0
522.53,0.0,72.92,449.62,0,0
563.11,0.2,28.11,535.0,1,1
664.28,0.2,99.03,565.26,1,0
705.41,0.4,130.41,575.0,2,0
670.45,0.2,112.76,557.69,1,1
640.07,0.2,74.81,565.26,1,0
1475.19,0.8,767.24,707.95,4,1
727.69,0.2,154.86,572.82,1,1
1048.37,0.8,249.65,798.72,4,0
1072.9,0.8,251.49,821.41,4,0
926.39,0.6,152.54,773.85,3,1
941.46,0.6,258.38,683.08,3,0
861.86,0.6,125.84,736.03,3,1
965.12,0.6,191.27,773.85,3,0
547.25,0.0,59.81,487.44,0,0
697.42,0.2,132.16,565.26,1,1
774.1,0.4,131.03,643.08,2,1
1301.43,1.4,223.86,1077.56,7,1
1490.82,1.4,451.08,1039.74,7,0
507.33,0.0,72.84,434.49,0,1
1016.77,0.6,258.05,758.72,3,1
1143.41,0.8,329.57,813.85,4,0
888.66,0.6,190.46,698.21,3,1
808.75,0.4,165.68,643.08,2,0
684.92,0.2,157.49,527.44,1,0
849.6,0.4,229.22,620.38,2,0
791.75,0.2,241.62,550.13,1,1
849.95,0.4,222.0,627.95,2,1
998.56,1.0,167.41,831.15,5,1
1064.03,0.8,295.57,768.46,4,1
725.8,0.4,120.54,605.26,2,1
570.42,0.0,105.68,464.74,0,0
631.78,0.0,189.73,442.05,0,1
460.82,0.0,49.03,411.79,0,1
617.14,0.2,97.27,519.87,1,1
674.52,0.4,114.65,559.87,2,0
854.22,0.8,138.7,715.51,4,1
694.72,0.4,157.54,537.18,2,0
890.32,0.4,254.81,635.51,2,1
718.61,0.4,128.49,590.13,2,0
1075.23,0.8,276.51,798.72,4,1
864.88,0.4,199.11,665.77,2,0
1410.51,1.4,332.95,1077.56,7,0
1404.12,0.6,751.3,652.82,3,1
780.89,0.4,145.38,635.51,2,0
755.55,0.2,190.3,565.26,1,0
574.47,0.0,109.73,464.74,0,0
1069.88,1.0,223.59,846.28,5,0
895.29,0.8,111.7,783.59,4,0
864.33,0.4,243.95,620.38,2,1
774.55,0.4,154.16,620.38,2,1
809.18,0.4,150.97,658.21,2,1
618.15,0.2,105.84,512.31,1,1
887.19,0.8,111.16,776.03,4,1
1024.37,0.6,326.16,698.21,3,0
575.81,0.0,141.32,434.49,0,0
712.88,0.2,155.19,557.69,1,1
834.82,0.2,269.57,565.26,1,1
619.57,0.2,92.14,527.44,1,1
728.88,0.4,138.76,590.13,2,1
786.32,0.2,243.76,542.56,1,0
1089.64,0.6,346.05,743.59,3,0
722.26,0.2,157.0,565.26,1,0
568.94,0.0,111.76,457.18,0,0
1168.61,1.0,261.81,906.79,5,0
634.28,0.0,154.41,479.87,0,1
612.77,0.2,47.51,565.26,1,1
813.82,0.4,148.05,665.77,2,0
865.59,0.4,230.08,635.51,2,0
663.39,0.2,98.14,565.26,1,1
655.28,0.2,90.03,565.26,1,1
1071.68,0.8,257.84,813.85,4,0
749.34,0.4,91.14,658.21,2,1
909.14,0.4,235.81,673.33,2,0
923.92,0.6,203.03,720.9,3,1
810.26,0.4,144.49,665.77,2,1
769.67,0.4,134.16,635.51,2,0
765.51,0.4,122.43,643.08,2,0
576.5,0.0,111.76,464.74,0,1
1173.51,1.0,304.54,868.97,5,1
769.68,0.4,149.3,620.38,2,0
