"Total_Cost","Ratio_Reloc_Prod","Horiz_Cost","Vert_Cost","nReloc","non_Optimal"
229729.63,0.464,34502.03,195227.65,696,300
948.46,0.8,127.05,821.41,4,1
522.98,0.0,43.11,479.87,0,1
809.33,0.6,88.43,720.9,3,1
1045.05,1.0,168.51,876.54,5,1
875.07,0.6,116.35,758.72,3,1
835.29,0.6,137.08,698.21,3,1
728.12,0.4,69.92,658.21,2,1
543.82,0.0,63.95,479.87,0,1
564.12,0.0,99.38,464.74,0,1
951.19,0.8,114.65,836.54,4,1
814.26,0.6,63.11,751.15,3,1
550.74,0.0,78.43,472.31,0,1
935.45,1.0,96.73,838.72,5,1
839.68,0.6,126.35,713.33,3,1
972.16,0.8,143.19,828.97,4,1
575.39,0.0,110.65,464.74,0,1
608.1,0.2,50.41,557.69,1,1
1156.12,1.2,209.32,946.79,6,1
974.83,0.8,176.11,798.72,4,1
638.27,0.2,103.27,535.0,1,1
473.46,0.0,31.41,442.05,0,1
682.83,0.4,85.14,597.69,2,1
587.96,0.0,130.78,457.18,0,1
743.87,0.4,123.49,620.38,2,1
563.84,0.0,121.78,442.05,0,1
688.04,0.4,90.35,597.69,2,1
669.62,0.4,87.05,582.56,2,1
743.11,0.4,115.16,627.95,2,1
530.1,0.0,72.92,457.18,0,1
1058.98,1.2,172.7,886.28,6,1
617.38,0.2,89.95,527.44,1,1
649.94,0.2,92.24,557.69,1,1
821.27,0.6,92.81,728.46,3,1
969.17,0.8,215.84,753.33,4,1
622.91,0.2,65.22,557.69,1,1
822.3,0.8,61.41,760.9,4,1
1019.53,1.0,180.81,838.72,5,1
1226.84,1.6,169.78,1057.05,8,1
507.4,0.0,50.22,457.18,0,1
1383.99,1.8,211.3,1172.69,9,1
904.39,0.8,90.54,813.85,4,1
1043.2,1.0,143.97,899.23,5,1
573.25,0.2,45.81,527.44,1,1
1062.1,1.0,162.86,899.23,5,1
732.6,0.4,104.65,627.95,2,1
1072.02,0.8,273.3,798.72,4,1
752.04,0.4,93.84,658.21,2,1
691.5,0.2,126.24,565.26,1,1
733.45,0.4,82.81,650.64,2,1
542.38,0.0,115.46,426.92,0,1
720.36,0.4,107.54,612.82,2,1
486.27,0.0,44.22,442.05,0,1
915.86,0.8,139.84,776.03,4,1
807.65,0.8,92.14,715.51,4,1
1058.3,1.0,143.95,914.36,5,1
825.61,0.6,119.84,705.77,3,1
503.24,0.0,53.62,449.62,0,1
722.2,0.4,101.81,620.38,2,1
885.95,0.4,258.0,627.95,2,1
790.09,0.6,84.32,705.77,3,1
791.03,0.4,155.51,635.51,2,1
629.35,0.2,94.35,535.0,1,1
820.84,0.6,84.81,736.03,3,1
730.65,0.4,95.14,635.51,2,1
712.5,0.2,139.68,572.82,1,1
911.09,0.6,205.32,705.77,3,1
721.74,0.4,101.35,620.38,2,1
606.83,0.2,56.7,550.13,1,1
673.55,0.4,60.73,612.82,2,1
640.64,0.4,50.51,590.13,2,1
911.04,0.8,172.84,738.21,4,1
837.2,0.6,123.86,713.33,3,1
753.32,0.4,110.24,643.08,2,1
747.65,0.4,127.27,620.38,2,1
739.38,0.4,111.43,627.95,2,1
997.88,1.0,151.59,846.28,5,1
776.86,0.4,133.78,643.08,2,1
640.11,0.2,112.68,527.44,1,1
637.62,0.2,95.05,542.56,1,1
1016.3,1.0,154.89,861.41,5,1
663.64,0.2,105.95,557.69,1,1
856.68,0.6,188.73,667.95,3,1
886.74,0.6,173.41,713.33,3,1
623.75,0.2,73.62,550.13,1,1
1013.26,0.8,214.54,798.72,4,1
689.18,0.2,131.49,557.69,1,1
790.78,0.4,147.7,643.08,2,1
942.87,0.8,121.46,821.41,4,1
523.37,0.0,58.62,464.74,0,1
475.19,0.0,40.7,434.49,0,1
666.72,0.2,101.46,565.26,1,1
1071.15,1.2,139.49,931.67,6,1
751.29,0.6,68.22,683.08,3,1
658.87,0.2,86.05,572.82,1,1
465.49,0.0,31.0,434.49,0,1
757.78,0.4,175.22,582.56,2,1
478.16,0.0,36.11,442.05,0,1
594.44,0.2,82.14,512.31,1,1
770.52,0.4,142.57,627.95,2,1
825.78,0.4,182.7,643.08,2,1
884.3,0.6,148.27,736.03,3,1
847.15,0.6,141.38,705.77,3,1
662.12,0.2,104.43,557.69,1,1
625.29,0.2,82.73,542.56,1,1
632.64,0.2,82.51,550.13,1,1
671.43,0.2,128.86,542.56,1,1
722.55,0.4,102.16,620.38,2,1
941.8,0.8,143.08,798.72,4,1
584.67,0.2,42.11,542.56,1,1
552.12,0.2,39.81,512.31,1,1
756.86,0.6,66.22,690.64,3,1
608.14,0.2,73.14,535.0,1,1
710.17,0.4,97.35,612.82,2,1
793.07,0.4,134.86,658.21,2,1
502.11,0.0,67.62,434.49,0,1
994.36,0.8,180.51,813.85,4,1
704.79,0.4,76.84,627.95,2,1
847.15,0.6,141.38,705.77,3,1
845.06,0.6,124.16,720.9,3,1
772.56,0.4,114.35,658.21,2,1
665.0,0.2,130.0,535.0,1,1
1028.79,0.8,214.95,813.85,4,1
624.86,0.2,74.73,550.13,1,1
638.99,0.2,88.86,550.13,1,1
821.06,0.6,153.11,667.95,3,1
819.77,0.4,161.57,658.21,2,1
561.36,0.0,89.05,472.31,0,1
537.43,0.2,47.81,489.62,1,1
1120.16,1.2,150.68,969.49,6,1
716.52,0.4,96.14,620.38,2,1
705.85,0.2,140.59,565.26,1,1
775.67,0.6,85.03,690.64,3,1
750.49,0.6,82.54,667.95,3,1
920.28,1.0,74.0,846.28,5,1
723.54,0.4,88.03,635.51,2,1
707.43,0.4,71.92,635.51,2,1
1061.38,1.2,144.84,916.54,6,1
839.83,0.6,96.24,743.59,3,1
603.19,0.2,60.62,542.56,1,1
947.4,0.8,163.81,783.59,4,1
736.86,0.4,101.35,635.51,2,1
710.17,0.4,97.35,612.82,2,1
735.15,0.4,84.51,650.64,2,1
783.02,0.6,99.95,683.08,3,1
614.31,0.2,56.62,557.69,1,1
723.33,0.4,102.95,620.38,2,1
886.62,0.8,118.16,768.46,4,1
873.38,0.6,152.49,720.9,3,1
848.34,0.6,157.7,690.64,3,1
662.9,0.2,135.46,527.44,1,1
635.25,0.2,115.38,519.87,1,1
666.34,0.2,108.65,557.69,1,1
626.05,0.2,75.92,550.13,1,1
631.56,0.2,81.43,550.13,1,1
783.26,0.4,125.05,658.21,2,1
728.35,0.4,92.84,635.51,2,1
572.18,0.0,122.57,449.62,0,1
749.6,0.4,121.65,627.95,2,1
850.1,0.6,167.03,683.08,3,1
906.42,0.6,155.27,751.15,3,1
806.7,0.6,116.05,690.64,3,1
637.63,0.2,64.81,572.82,1,1
882.59,0.6,191.95,690.64,3,1
607.42,0.2,102.68,504.74,1,1
798.08,0.4,155.0,643.08,2,1
655.88,0.2,90.62,565.26,1,1
927.23,0.8,136.08,791.15,4,1
668.76,0.4,40.81,627.95,2,1
584.62,0.2,49.62,535.0,1,1
488.05,0.0,46.0,442.05,0,1
813.74,0.6,92.84,720.9,3,1
678.79,0.4,58.41,620.38,2,1
1033.56,1.2,109.46,924.1,6,1
590.03,0.0,110.16,479.87,0,1
510.13,0.0,60.51,449.62,0,1
725.46,0.6,57.51,667.95,3,1
968.53,0.8,177.38,791.15,4,1
488.6,0.0,54.11,434.49,0,1
683.04,0.4,70.22,612.82,2,1
629.8,0.2,72.11,557.69,1,1
530.41,0.2,55.92,474.49,1,1
464.87,0.0,45.51,419.36,0,1
598.18,0.2,108.57,489.62,1,1
971.98,0.8,165.7,806.28,4,1
812.84,0.6,91.95,720.9,3,1
748.81,0.4,120.86,627.95,2,1
942.11,0.6,213.65,728.46,3,1
732.01,0.4,119.19,612.82,2,1
736.93,0.4,131.68,605.26,2,1
800.64,0.6,117.57,683.08,3,1
655.91,0.4,58.22,597.69,2,1
677.16,0.4,87.03,590.13,2,1
775.49,0.4,155.11,620.38,2,1
658.78,0.2,108.65,550.13,1,1
908.1,0.6,217.46,690.64,3,1
677.12,0.2,111.86,565.26,1,1
564.07,0.2,59.32,504.74,1,1
691.8,0.2,141.68,550.13,1,1
757.27,0.4,121.76,635.51,2,1
669.36,0.4,64.11,605.26,2,1
639.36,0.4,34.11,605.26,2,1
1258.56,1.6,201.51,1057.05,8,1
625.84,0.2,90.84,535.0,1,1
794.04,0.6,80.7,713.33,3,1
908.48,0.6,217.84,690.64,3,1
616.92,0.0,129.49,487.44,0,1
665.17,0.2,145.3,519.87,1,1
752.62,0.4,109.54,643.08,2,1
790.54,0.6,107.46,683.08,3,1
536.16,0.0,86.54,449.62,0,1
928.88,0.8,130.16,798.72,4,1
899.45,0.8,115.86,783.59,4,1
901.82,0.6,180.92,720.9,3,1
710.12,0.4,104.86,605.26,2,1
605.12,0.2,85.24,519.87,1,1
1063.53,1.2,131.86,931.67,6,1
861.33,0.6,148.0,713.33,3,1
1074.31,1.0,175.08,899.23,5,1
832.64,0.8,94.43,738.21,4,1
644.26,0.0,194.65,449.62,0,1
1213.6,1.2,206.3,1007.31,6,1
1037.25,1.0,183.41,853.85,5,1
838.13,0.8,62.11,776.03,4,1
632.99,0.2,67.73,565.26,1,1
786.32,0.4,150.81,635.51,2,1
1048.77,1.0,149.54,899.23,5,1
809.68,0.6,81.22,728.46,3,1
857.48,0.6,159.27,698.21,3,1
883.54,0.4,240.46,643.08,2,1
734.86,0.4,84.22,650.64,2,1
654.72,0.2,97.03,557.69,1,1
878.95,0.6,150.49,728.46,3,1
995.44,0.8,174.03,821.41,4,1
918.32,0.8,142.3,776.03,4,1
570.25,0.2,42.81,527.44,1,1
558.15,0.0,85.84,472.31,0,1
877.79,0.6,156.89,720.9,3,1
1027.09,0.8,213.24,813.85,4,1
862.41,0.8,93.95,768.46,4,1
1124.2,1.2,184.97,939.23,6,1
905.93,0.8,107.22,798.72,4,1
1161.05,1.2,184.0,977.05,6,1
947.07,1.0,108.35,838.72,5,1
1222.85,1.4,183.11,1039.74,7,1
828.9,0.4,208.51,620.38,2,1
478.75,0.0,36.7,442.05,0,1
901.39,0.8,155.62,745.77,4,1
690.12,0.2,124.86,565.26,1,1
534.02,0.0,76.84,457.18,0,1
619.61,0.2,61.92,557.69,1,1
981.88,0.8,175.59,806.28,4,1
648.22,0.2,120.78,527.44,1,1
1013.87,1.0,144.89,868.97,5,1
634.72,0.2,77.03,557.69,1,1
717.17,0.4,104.35,612.82,2,1
932.32,0.6,188.73,743.59,3,1
793.95,0.6,80.62,713.33,3,1
728.4,0.4,85.32,643.08,2,1
907.26,0.6,209.05,698.21,3,1
709.79,0.4,81.84,627.95,2,1
617.81,0.2,75.24,542.56,1,1
1149.4,1.2,217.73,931.67,6,1
1001.11,1.0,124.57,876.54,5,1
775.99,0.2,225.86,550.13,1,1
861.07,0.6,155.3,705.77,3,1
547.98,0.0,60.54,487.44,0,1
648.9,0.2,121.46,527.44,1,1
774.15,0.4,115.95,658.21,2,1
839.03,0.6,163.51,675.51,3,1
770.4,0.4,119.76,650.64,2,1
676.16,0.2,133.59,542.56,1,1
721.82,0.6,61.43,660.38,3,1
662.25,0.2,89.43,572.82,1,1
546.63,0.0,74.32,472.31,0,1
694.31,0.4,89.05,605.26,2,1
758.87,0.4,138.49,620.38,2,1
578.41,0.0,98.54,479.87,0,1
495.46,0.0,53.41,442.05,0,1
669.4,0.2,119.27,550.13,1,1
650.4,0.4,67.84,582.56,2,1
930.53,0.8,139.38,791.15,4,1
987.05,0.8,203.46,783.59,4,1
622.96,0.2,57.7,565.26,1,1
778.94,0.4,135.86,643.08,2,1
962.33,0.8,148.49,813.85,4,1
754.04,0.2,196.35,557.69,1,1
1089.98,1.0,168.05,921.92,5,1
601.19,0.2,58.62,542.56,1,1
497.13,0.0,47.51,449.62,0,1
782.97,0.4,139.89,643.08,2,1
693.46,0.4,65.51,627.95,2,1
677.07,0.2,119.38,557.69,1,1
497.56,0.0,55.51,442.05,0,1
691.36,0.4,78.54,612.82,2,1
642.28,0.2,77.03,565.26,1,1
917.43,0.8,73.32,844.1,4,1
679.07,0.2,121.38,557.69,1,1
892.04,0.8,93.32,798.72,4,1
766.61,0.4,115.97,650.64,2,1
652.04,0.2,94.35,557.69,1,1
