"Total_Cost","Ratio_Reloc_Prod","Horiz_Cost","Vert_Cost","nReloc","non_Optimal"
229432.88,0.4653,34019.43,195413.44,698,300
948.46,0.8,127.05,821.41,4,1
522.98,0.0,43.11,479.87,0,1
809.33,0.6,88.43,720.9,3,1
1045.05,1.0,168.51,876.54,5,1
875.07,0.6,116.35,758.72,3,1
835.29,0.6,137.08,698.21,3,1
728.12,0.4,69.92,658.21,2,1
543.82,0.0,63.95,479.87,0,1
564.12,0.0,99.38,464.74,0,1
951.19,0.8,114.65,836.54,4,1
814.26,0.6,63.11,751.15,3,1
550.74,0.0,78.43,472.31,0,1
935.45,1.0,96.73,838.72,5,1
839.68,0.6,126.35,713.33,3,1
972.16,0.8,143.19,828.97,4,1
575.39,0.0,110.65,464.74,0,1
608.1,0.2,50.41,557.69,1,1
1156.12,1.2,209.32,946.79,6,1
974.83,0.8,176.11,798.72,4,1
638.27,0.2,103.27,535.0,1,1
473.46,0.0,31.41,442.05,0,1
682.83,0.4,85.14,597.69,2,1
587.96,0.0,130.78,457.18,0,1
743.87,0.4,123.49,620.38,2,1
563.84,0.0,121.78,442.05,0,1
688.04,0.4,90.35,597.69,2,1
669.62,0.4,87.05,582.56,2,1
743.11,0.4,115.16,627.95,2,1
530.1,0.0,72.92,457.18,0,1
1058.98,1.2,172.7,886.28,6,1
617.38,0.2,89.95,527.44,1,1
649.94,0.2,92.24,557.69,1,1
821.27,0.6,92.81,728.46,3,1
969.17,0.8,215.84,753.33,4,1
622.91,0.2,65.22,557.69,1,1
822.3,0.8,61.41,760.9,4,1
1019.53,1.0,180.81,838.72,5,1
1226.84,1.6,169.78,1057.05,8,1
507.4,0.0,50.22,457.18,0,1
1383.99,1.8,211.3,1172.69,9,1
904.39,0.8,90.54,813.85,4,1
1043.2,1.0,143.97,899.23,5,1
573.25,0.2,45.81,527.44,1,1
1072.44,1.0,165.65,906.79,5,1
735.3,0.4,107.35,627.95,2,1
1072.02,0.8,273.3,798.72,4,1
752.04,0.4,93.84,658.21,2,1
670.2,0.2,104.95,565.26,1,1
737.45,0.4,86.81,650.64,2,1
542.38,0.0,115.46,426.92,0,1
717.66,0.4,104.84,612.82,2,1
484.56,0.0,42.51,442.05,0,1
918.57,0.8,142.54,776.03,4,1
807.65,0.8,92.14,715.51,4,1
1134.31,1.2,142.14,992.18,6,1
809.64,0.6,111.43,698.21,3,1
485.6,0.0,51.11,434.49,0,1
655.94,0.4,65.81,590.13,2,1
1057.8,0.8,259.08,798.72,4,1
773.75,0.6,83.11,690.64,3,1
782.22,0.4,146.7,635.51,2,1
636.92,0.2,94.35,542.56,1,1
820.84,0.6,84.81,736.03,3,1
815.33,0.6,94.43,720.9,3,1
712.5,0.2,139.68,572.82,1,1
822.01,0.4,201.62,620.38,2,1
721.74,0.4,101.35,620.38,2,1
606.83,0.2,56.7,550.13,1,1
596.7,0.2,54.14,542.56,1,1
693.96,0.4,81.14,612.82,2,1
808.74,0.4,188.35,620.38,2,1
825.74,0.6,119.97,705.77,3,1
757.91,0.4,114.84,643.08,2,1
736.09,0.4,123.27,612.82,2,1
733.98,0.4,106.03,627.95,2,1
995.17,1.0,148.89,846.28,5,1
776.86,0.4,133.78,643.08,2,1
635.11,0.2,107.68,527.44,1,1
637.62,0.2,95.05,542.56,1,1
1016.3,1.0,154.89,861.41,5,1
663.64,0.2,105.95,557.69,1,1
711.73,0.2,176.73,535.0,1,1
875.47,0.6,169.7,705.77,3,1
623.75,0.2,73.62,550.13,1,1
1013.26,0.8,214.54,798.72,4,1
689.18,0.2,131.49,557.69,1,1
849.82,0.6,136.49,713.33,3,1
954.73,1.0,93.32,861.41,5,1
490.16,0.0,48.11,442.05,0,1
561.29,0.0,111.68,449.62,0,1
676.69,0.2,103.86,572.82,1,1
920.85,0.8,114.57,806.28,4,1
751.29,0.6,68.22,683.08,3,1
658.87,0.2,86.05,572.82,1,1
465.49,0.0,31.0,434.49,0,1
782.26,0.4,177.0,605.26,2,1
510.85,0.0,46.11,464.74,0,1
583.93,0.2,71.62,512.31,1,1
758.41,0.4,130.46,627.95,2,1
892.47,0.6,186.7,705.77,3,1
871.73,0.6,143.27,728.46,3,1
767.3,0.6,99.35,667.95,3,1
703.07,0.2,145.38,557.69,1,1
653.53,0.2,95.84,557.69,1,1
652.26,0.2,102.14,550.13,1,1
685.99,0.2,135.86,550.13,1,1
737.41,0.4,109.46,627.95,2,1
859.09,0.6,138.19,720.9,3,1
652.47,0.2,87.22,565.26,1,1
538.69,0.2,41.51,497.18,1,1
819.25,0.8,65.92,753.33,4,1
690.22,0.4,69.84,620.38,2,1
701.77,0.4,88.95,612.82,2,1
640.05,0.2,105.05,535.0,1,1
531.64,0.0,82.03,449.62,0,1
1009.58,0.8,195.73,813.85,4,1
696.63,0.4,76.24,620.38,2,1
848.44,0.6,142.68,705.77,3,1
770.8,0.4,120.16,650.64,2,1
780.12,0.4,114.35,665.77,2,1
688.94,0.2,138.81,550.13,1,1
1184.25,1.2,237.46,946.79,6,1
625.45,0.2,75.32,550.13,1,1
659.56,0.2,101.86,557.69,1,1
899.02,0.8,160.81,738.21,4,1
1017.51,0.8,180.97,836.54,4,1
550.04,0.0,77.73,472.31,0,1
543.8,0.2,46.62,497.18,1,1
1105.14,1.2,150.78,954.36,6,1
902.99,0.8,111.84,791.15,4,1
705.85,0.2,140.59,565.26,1,1
763.29,0.6,80.22,683.08,3,1
763.16,0.6,87.65,675.51,3,1
829.16,0.8,60.7,768.46,4,1
625.16,0.2,75.03,550.13,1,1
708.13,0.4,72.62,635.51,2,1
1061.38,1.2,144.84,916.54,6,1
839.83,0.6,96.24,743.59,3,1
603.19,0.2,60.62,542.56,1,1
983.73,1.0,167.7,816.03,5,1
650.18,0.2,100.05,550.13,1,1
710.17,0.4,97.35,612.82,2,1
735.15,0.4,84.51,650.64,2,1
775.46,0.6,99.95,675.51,3,1
622.31,0.2,64.62,557.69,1,1
728.95,0.4,108.57,620.38,2,1
812.28,0.6,98.95,713.33,3,1
873.38,0.6,152.49,720.9,3,1
765.87,0.4,145.49,620.38,2,1
699.07,0.4,108.95,590.13,2,1
559.78,0.0,125.3,434.49,0,1
664.45,0.2,106.76,557.69,1,1
611.19,0.2,68.62,542.56,1,1
630.26,0.2,80.14,550.13,1,1
782.96,0.4,124.76,658.21,2,1
616.08,0.2,73.51,542.56,1,1
765.85,0.6,128.16,637.69,3,1
557.28,0.0,92.54,464.74,0,1
874.58,0.6,168.81,705.77,3,1
758.67,0.4,123.16,635.51,2,1
890.41,0.8,121.95,768.46,4,1
641.23,0.2,68.41,572.82,1,1
954.44,0.8,193.54,760.9,4,1
470.86,0.0,28.81,442.05,0,1
737.81,0.4,94.73,643.08,2,1
642.53,0.2,84.84,557.69,1,1
723.25,0.4,102.86,620.38,2,1
684.43,0.4,48.92,635.51,2,1
613.21,0.2,55.51,557.69,1,1
489.38,0.0,47.32,442.05,0,1
782.01,0.6,61.11,720.9,3,1
678.79,0.4,58.41,620.38,2,1
985.54,1.0,116.57,868.97,5,1
658.88,0.2,108.76,550.13,1,1
504.48,0.0,62.43,442.05,0,1
860.03,0.8,84.0,776.03,4,1
670.83,0.2,128.27,542.56,1,1
477.19,0.0,42.7,434.49,0,1
630.21,0.2,72.51,557.69,1,1
607.76,0.2,80.32,527.44,1,1
511.48,0.0,69.43,442.05,0,1
484.92,0.0,58.0,426.92,0,1
663.35,0.2,173.73,489.62,1,1
908.38,0.8,147.49,760.9,4,1
820.46,0.6,84.43,736.03,3,1
718.76,0.4,83.24,635.51,2,1
1006.23,0.8,199.95,806.28,4,1
720.5,0.4,107.68,612.82,2,1
644.86,0.2,109.86,535.0,1,1
824.77,0.6,126.57,698.21,3,1
653.37,0.2,103.24,550.13,1,1
600.96,0.2,88.65,512.31,1,1
709.33,0.4,88.95,620.38,2,1
635.97,0.2,85.84,550.13,1,1
987.13,0.8,203.54,783.59,4,1
692.17,0.2,119.35,572.82,1,1
590.9,0.2,71.03,519.87,1,1
665.89,0.4,83.32,582.56,2,1
649.16,0.2,114.16,535.0,1,1
668.93,0.4,56.11,612.82,2,1
702.49,0.6,42.11,660.38,3,1
1309.33,1.6,222.03,1087.31,8,1
613.17,0.2,85.73,527.44,1,1
761.59,0.6,78.51,683.08,3,1
965.5,0.6,267.3,698.21,3,1
594.39,0.0,122.08,472.31,0,1
917.72,0.8,126.57,791.15,4,1
753.07,0.4,102.43,650.64,2,1
756.22,0.4,128.27,627.95,2,1
549.89,0.0,100.27,449.62,0,1
919.32,0.8,128.16,791.15,4,1
867.22,0.8,98.76,768.46,4,1
874.74,0.6,161.41,713.33,3,1
788.22,0.6,120.27,667.95,3,1
659.02,0.2,116.46,542.56,1,1
1140.93,1.4,146.57,994.36,7,1
901.09,0.8,140.19,760.9,4,1
1038.81,0.8,209.84,828.97,4,1
1123.62,1.4,114.14,1009.49,7,1
638.51,0.0,196.46,442.05,0,1
1270.57,1.4,215.7,1054.87,7,1
906.2,0.6,200.43,705.77,3,1
791.77,0.6,78.43,713.33,3,1
633.18,0.2,67.92,565.26,1,1
792.42,0.4,141.78,650.64,2,1
1107.46,1.2,145.54,961.92,6,1
959.89,0.8,123.35,836.54,4,1
773.99,0.4,123.35,650.64,2,1
1016.33,0.8,202.49,813.85,4,1
521.99,0.0,64.81,457.18,0,1
632.21,0.2,74.51,557.69,1,1
972.82,0.8,158.97,813.85,4,1
934.99,0.8,136.27,798.72,4,1
950.82,0.8,136.97,813.85,4,1
571.57,0.2,51.7,519.87,1,1
620.45,0.2,70.32,550.13,1,1
861.63,0.8,100.73,760.9,4,1
1112.64,1.2,180.97,931.67,6,1
730.66,0.6,77.84,652.82,3,1
900.87,0.8,139.97,760.9,4,1
912.5,0.8,106.22,806.28,4,1
1235.84,1.4,173.41,1062.44,7,1
831.2,0.8,85.43,745.77,4,1
1135.6,1.2,166.11,969.49,6,1
781.64,0.4,191.51,590.13,2,1
516.96,0.0,52.22,464.74,0,1
1001.58,1.0,155.3,846.28,5,1
902.83,0.6,151.68,751.15,3,1
531.42,0.0,74.24,457.18,0,1
531.79,0.0,51.92,479.87,0,1
739.26,0.2,174.0,565.26,1,1
555.07,0.0,105.46,449.62,0,1
862.31,0.6,164.11,698.21,3,1
651.83,0.2,94.14,557.69,1,1
754.03,0.4,133.65,620.38,2,1
891.71,0.6,170.81,720.9,3,1
780.23,0.6,82.03,698.21,3,1
699.22,0.4,63.7,635.51,2,1
1154.88,1.0,248.08,906.79,5,1
864.45,0.6,105.73,758.72,3,1
574.95,0.2,47.51,527.44,1,1
942.88,0.8,144.16,798.72,4,1
632.02,0.2,74.32,557.69,1,1
784.3,0.4,163.92,620.38,2,1
1172.56,1.2,195.51,977.05,6,1
490.29,0.0,33.11,457.18,0,1
919.56,0.8,135.97,783.59,4,1
655.59,0.2,105.46,550.13,1,1
782.46,0.4,139.38,643.08,2,1
1083.9,1.0,177.11,906.79,5,1
861.54,0.4,218.46,643.08,2,1
621.25,0.2,101.38,519.87,1,1
770.78,0.4,135.27,635.51,2,1
537.88,0.0,73.14,464.74,0,1
790.66,0.6,92.46,698.21,3,1
678.25,0.2,105.43,572.82,1,1
619.45,0.2,69.32,550.13,1,1
470.33,0.0,43.41,426.92,0,1
567.91,0.0,103.16,464.74,0,1
674.33,0.4,61.51,612.82,2,1
1071.66,1.2,132.43,939.23,6,1
873.82,0.6,160.49,713.33,3,1
507.55,0.0,42.81,464.74,0,1
934.11,0.8,158.08,776.03,4,1
973.09,1.0,119.24,853.85,5,1
903.54,0.6,167.51,736.03,3,1
1022.03,0.8,200.62,821.41,4,1
531.39,0.0,51.51,479.87,0,1
457.58,0.0,38.22,419.36,0,1
585.17,0.0,112.86,472.31,0,1
685.44,0.2,105.05,580.38,1,1
667.91,0.2,102.65,565.26,1,1
501.02,0.0,51.41,449.62,0,1
737.36,0.4,116.97,620.38,2,1
683.14,0.2,102.76,580.38,1,1
1094.35,1.2,124.86,969.49,6,1
656.35,0.2,113.78,542.56,1,1
871.15,0.6,112.43,758.72,3,1
709.01,0.2,136.19,572.82,1,1
554.5,0.0,89.76,464.74,0,1
