"Total_Cost","Ratio_Reloc_Prod","Horiz_Cost","Vert_Cost","nReloc","non_Optimal"
235620.68,0.448,44847.7,190772.9,672,300
573.46,0.0,78.46,495.0,0,1
703.18,0.2,145.49,557.69,1,1
900.09,0.6,179.19,720.9,3,1
743.09,0.4,130.27,612.82,2,1
730.62,0.4,87.54,643.08,2,1
540.37,0.0,75.62,464.74,0,1
668.85,0.2,111.16,557.69,1,1
850.65,0.6,129.76,720.9,3,1
687.45,0.2,122.19,565.26,1,1
643.53,0.0,186.35,457.18,0,1
649.2,0.2,83.95,565.26,1,1
1057.13,1.0,165.46,891.67,5,1
712.3,0.4,84.35,627.95,2,1
552.76,0.0,118.27,434.49,0,1
698.58,0.2,140.89,557.69,1,1
1174.17,1.2,212.24,961.92,6,1
965.46,0.8,144.05,821.41,4,1
975.59,0.6,232.0,743.59,3,1
993.52,0.8,179.68,813.85,4,1
932.56,0.8,148.97,783.59,4,1
848.7,0.6,158.05,690.64,3,1
1036.94,1.0,152.84,884.1,5,1
810.94,0.6,127.86,683.08,3,1
765.05,0.4,129.54,635.51,2,1
744.21,0.4,101.14,643.08,2,1
922.0,0.6,178.41,743.59,3,1
579.8,0.0,115.05,464.74,0,1
862.4,0.6,171.76,690.64,3,1
1225.04,1.2,278.24,946.79,6,1
562.96,0.0,90.65,472.31,0,1
810.49,0.4,174.97,635.51,2,1
815.42,0.4,149.65,665.77,2,1
574.07,0.0,124.46,449.62,0,1
590.33,0.0,163.41,426.92,0,1
537.56,0.0,95.51,442.05,0,1
595.66,0.2,83.35,512.31,1,1
502.59,0.0,60.54,442.05,0,1
506.11,0.0,71.62,434.49,0,1
1402.48,1.4,377.86,1024.62,7,1
1111.75,1.0,220.08,891.67,5,1
655.48,0.2,105.35,550.13,1,1
935.38,0.6,206.92,728.46,3,1
1025.83,0.6,327.62,698.21,3,1
624.56,0.2,82.0,542.56,1,1
990.29,0.8,206.7,783.59,4,1
765.46,0.4,129.95,635.51,2,1
804.4,0.2,254.27,550.13,1,1
582.16,0.0,132.54,449.62,0,1
732.01,0.4,126.76,605.26,2,1
653.97,0.2,103.84,550.13,1,1
955.58,0.6,242.24,713.33,3,1
588.74,0.2,84.0,504.74,1,1
581.78,0.0,132.16,449.62,0,1
748.36,0.6,95.54,652.82,3,1
652.02,0.2,94.32,557.69,1,1
708.13,0.2,158.0,550.13,1,1
714.53,0.2,149.27,565.26,1,1
691.48,0.2,133.78,557.69,1,1
700.11,0.4,79.73,620.38,2,1
766.18,0.4,168.49,597.69,2,1
816.99,0.6,118.78,698.21,3,1
829.32,0.4,178.68,650.64,2,1
715.53,0.2,150.27,565.26,1,1
964.62,0.6,228.59,736.03,3,1
677.15,0.2,119.46,557.69,1,1
726.58,0.4,113.76,612.82,2,1
1035.17,1.0,188.89,846.28,5,1
1044.13,0.8,260.54,783.59,4,1
897.47,0.6,191.7,705.77,3,1
536.65,0.0,102.16,434.49,0,1
467.63,0.0,40.7,426.92,0,1
819.39,0.6,106.05,713.33,3,1
973.28,0.8,212.38,760.9,4,1
1059.46,1.2,203.43,856.03,6,1
1024.09,0.8,217.81,806.28,4,1
872.49,0.6,136.46,736.03,3,1
729.56,0.2,171.86,557.69,1,1
642.88,0.2,145.7,497.18,1,1
571.22,0.2,36.22,535.0,1,1
518.78,0.0,76.73,442.05,0,1
709.23,0.4,103.97,605.26,2,1
867.82,0.6,154.49,713.33,3,1
1120.98,1.0,274.7,846.28,5,1
556.04,0.0,98.86,457.18,0,1
1104.87,1.0,251.03,853.85,5,1
739.64,0.4,141.95,597.69,2,1
644.13,0.2,101.57,542.56,1,1
845.45,0.8,107.24,738.21,4,1
566.37,0.0,116.76,449.62,0,1
594.7,0.0,145.08,449.62,0,1
705.96,0.4,93.14,612.82,2,1
756.86,0.2,206.73,550.13,1,1
780.86,0.4,145.35,635.51,2,1
767.38,0.4,131.86,635.51,2,1
666.83,0.2,124.27,542.56,1,1
578.86,0.0,129.24,449.62,0,1
806.37,0.4,148.16,658.21,2,1
1032.52,0.6,304.05,728.46,3,1
1149.69,1.0,258.03,891.67,5,1
576.48,0.0,126.86,449.62,0,1
1252.65,1.2,283.16,969.49,6,1
742.19,0.2,199.62,542.56,1,1
442.01,0.0,30.22,411.79,0,1
679.05,0.2,136.49,542.56,1,1
484.44,0.0,72.65,411.79,0,1
822.56,0.6,124.35,698.21,3,1
725.25,0.4,104.86,620.38,2,1
608.47,0.2,103.73,504.74,1,1
768.38,0.4,148.0,620.38,2,1
1119.6,1.0,265.76,853.85,5,1
774.12,0.4,168.86,605.26,2,1
742.22,0.2,222.35,519.87,1,1
689.8,0.4,84.54,605.26,2,1
696.93,0.4,76.54,620.38,2,1
870.97,0.6,180.32,690.64,3,1
949.07,0.6,250.86,698.21,3,1
959.86,0.6,223.84,736.03,3,1
989.75,0.6,246.16,743.59,3,1
723.46,0.4,87.95,635.51,2,1
726.82,0.2,161.57,565.26,1,1
670.34,0.2,112.65,557.69,1,1
503.57,0.0,76.65,426.92,0,1
1057.16,0.6,328.7,728.46,3,1
723.36,0.4,110.54,612.82,2,1
826.36,0.6,113.03,713.33,3,1
782.97,0.4,147.46,635.51,2,1
801.0,0.4,165.49,635.51,2,1
1028.94,0.8,237.78,791.15,4,1
534.64,0.0,85.03,449.62,0,1
1020.73,0.6,284.7,736.03,3,1
576.31,0.0,111.57,464.74,0,1
755.39,0.4,89.62,665.77,2,1
670.57,0.2,135.57,535.0,1,1
674.94,0.4,77.24,597.69,2,1
1187.0,1.4,185.08,1001.92,7,1
724.82,0.4,112.0,612.82,2,1
609.47,0.2,97.16,512.31,1,1
1020.62,1.0,204.59,816.03,5,1
517.81,0.2,43.32,474.49,1,1
923.27,0.6,194.81,728.46,3,1
532.05,0.0,82.43,449.62,0,1
686.5,0.2,174.19,512.31,1,1
616.37,0.2,73.81,542.56,1,1
688.72,0.2,131.03,557.69,1,1
448.79,0.0,37.0,411.79,0,1
1066.73,1.0,190.19,876.54,5,1
883.0,0.6,146.97,736.03,3,1
701.47,0.4,88.65,612.82,2,1
659.76,0.2,139.89,519.87,1,1
844.61,0.4,193.97,650.64,2,1
887.8,0.6,189.59,698.21,3,1
790.59,0.6,99.95,690.64,3,1
520.11,0.0,85.62,434.49,0,1
874.09,0.6,153.19,720.9,3,1
685.04,0.2,127.35,557.69,1,1
881.78,0.6,145.76,736.03,3,1
454.87,0.0,35.51,419.36,0,1
808.77,0.4,203.51,605.26,2,1
655.26,0.4,50.0,605.26,2,1
1161.21,1.4,197.11,964.1,7,1
628.62,0.2,93.62,535.0,1,1
629.29,0.2,86.73,542.56,1,1
762.19,0.4,179.62,582.56,2,1
880.46,0.6,144.43,736.03,3,1
551.57,0.0,117.08,434.49,0,1
847.55,0.6,187.16,660.38,3,1
458.17,0.0,38.81,419.36,0,1
893.57,0.6,157.54,736.03,3,1
742.65,0.4,122.27,620.38,2,1
811.78,0.4,176.27,635.51,2,1
855.15,0.6,164.51,690.64,3,1
753.18,0.4,102.54,650.64,2,1
1121.29,1.0,282.57,838.72,5,1
822.31,0.6,116.54,705.77,3,1
908.38,0.6,172.35,736.03,3,1
687.38,0.2,152.38,535.0,1,1
676.53,0.2,118.84,557.69,1,1
785.46,0.6,109.95,675.51,3,1
596.48,0.2,53.92,542.56,1,1
1249.15,1.4,262.35,986.79,7,1
688.99,0.2,138.86,550.13,1,1
810.05,0.6,126.97,683.08,3,1
828.27,0.6,152.76,675.51,3,1
1239.04,1.4,206.86,1032.18,7,1
1122.87,0.8,309.03,813.85,4,1
881.02,0.6,190.38,690.64,3,1
788.73,0.4,160.78,627.95,2,1
838.49,0.4,210.54,627.95,2,1
540.67,0.0,91.05,449.62,0,1
799.59,0.6,124.08,675.51,3,1
887.3,0.6,166.41,720.9,3,1
1160.7,1.0,284.16,876.54,5,1
678.69,0.2,105.86,572.82,1,1
559.24,0.0,124.76,434.49,0,1
639.94,0.2,82.24,557.69,1,1
1012.08,0.6,283.62,728.46,3,1
1009.13,0.8,225.54,783.59,4,1
652.35,0.2,117.35,535.0,1,1
873.67,0.6,183.03,690.64,3,1
912.37,0.4,269.3,643.08,2,1
644.25,0.2,124.38,519.87,1,1
712.53,0.2,162.41,550.13,1,1
714.46,0.2,187.03,527.44,1,1
688.91,0.2,131.22,557.69,1,1
871.81,0.6,143.35,728.46,3,1
816.73,0.6,133.65,683.08,3,1
799.88,0.4,194.62,605.26,2,1
545.02,0.0,102.97,442.05,0,1
983.78,1.0,160.19,823.59,5,1
869.56,0.6,186.49,683.08,3,1
798.63,0.4,238.76,559.87,2,1
1253.03,1.2,291.11,961.92,6,1
995.8,1.0,157.08,838.72,5,1
678.53,0.2,120.84,557.69,1,1
757.09,0.4,144.27,612.82,2,1
728.06,0.4,107.68,620.38,2,1
734.68,0.6,66.73,667.95,3,1
926.9,0.8,166.0,760.9,4,1
798.55,0.4,193.3,605.26,2,1
867.41,0.6,138.95,728.46,3,1
672.83,0.2,115.14,557.69,1,1
458.76,0.0,39.41,419.36,0,1
702.19,0.2,167.19,535.0,1,1
861.87,0.6,209.05,652.82,3,1
932.41,0.8,179.08,753.33,4,1
608.19,0.0,166.14,442.05,0,1
710.76,0.2,183.32,527.44,1,1
951.05,0.8,159.89,791.15,4,1
751.9,0.4,139.08,612.82,2,1
602.92,0.2,67.92,535.0,1,1
844.91,0.6,154.27,690.64,3,1
703.35,0.2,168.35,535.0,1,1
807.3,0.8,99.35,707.95,4,1
679.23,0.4,81.54,597.69,2,1
692.82,0.2,172.95,519.87,1,1
721.37,0.2,178.81,542.56,1,1
1055.46,1.0,186.49,868.97,5,1
622.95,0.2,87.95,535.0,1,1
759.36,0.4,138.97,620.38,2,1
1162.19,1.2,200.27,961.92,6,1
818.94,0.4,168.3,650.64,2,1
635.14,0.2,100.14,535.0,1,1
747.5,0.4,134.68,612.82,2,1
1157.93,1.2,218.7,939.23,6,1
893.9,0.6,180.57,713.33,3,1
550.05,0.0,100.43,449.62,0,1
969.96,0.8,178.81,791.15,4,1
803.82,0.6,98.05,705.77,3,1
675.26,0.2,117.57,557.69,1,1
715.92,0.4,148.49,567.44,2,1
676.94,0.2,134.38,542.56,1,1
729.53,0.4,71.32,658.21,2,1
683.6,0.4,123.73,559.87,2,1
894.14,0.6,165.68,728.46,3,1
513.7,0.2,39.22,474.49,1,1
667.56,0.2,109.86,557.69,1,1
1177.35,1.2,268.38,908.97,6,1
568.02,0.0,125.97,442.05,0,1
985.72,0.8,187.0,798.72,4,1
639.48,0.2,89.35,550.13,1,1
440.2,0.0,28.41,411.79,0,1
646.41,0.4,86.54,559.87,2,1
1012.83,1.0,181.68,831.15,5,1
964.22,0.8,150.38,813.85,4,1
634.67,0.2,92.11,542.56,1,1
840.06,0.6,179.68,660.38,3,1
621.92,0.2,86.92,535.0,1,1
898.15,0.8,152.38,745.77,4,1
731.98,0.4,104.03,627.95,2,1
658.77,0.2,154.03,504.74,1,1
574.21,0.2,92.16,482.05,1,1
455.79,0.0,44.0,411.79,0,1
981.02,0.8,182.3,798.72,4,1
779.19,0.4,143.68,635.51,2,1
483.65,0.0,56.73,426.92,0,1
716.03,0.4,156.16,559.87,2,1
559.55,0.2,54.81,504.74,1,1
781.5,0.6,128.68,652.82,3,1
451.79,0.0,40.0,411.79,0,1
827.5,0.6,114.16,713.33,3,1
1021.0,1.0,204.97,816.03,5,1
1082.55,1.2,188.7,893.85,6,1
635.01,0.2,130.27,504.74,1,1
835.74,0.6,182.92,652.82,3,1
675.34,0.2,117.65,557.69,1,1
742.5,0.6,97.24,645.26,3,1
852.95,0.6,177.43,675.51,3,1
1280.99,1.2,356.89,924.1,6,1
885.46,0.6,209.95,675.51,3,1
545.78,0.0,96.16,449.62,0,1
934.71,0.6,213.81,720.9,3,1
1185.57,1.0,316.59,868.97,5,1
778.88,0.4,181.19,597.69,2,1
828.22,0.4,192.7,635.51,2,1
773.88,0.4,176.19,597.69,2,1
960.41,0.8,191.95,768.46,4,1
713.67,0.2,155.97,557.69,1,1
1278.19,1.4,261.14,1017.05,7,1
761.04,0.4,148.22,612.82,2,1
1061.78,1.0,230.62,831.15,5,1
