"Total_Cost","Ratio_Reloc_Prod","Horiz_Cost","Vert_Cost","nReloc","non_Optimal"
228406.46,0.4627,35641.49,192764.89,694,300
1034.25,1.0,112.32,921.92,5,1
1024.6,0.8,195.62,828.97,4,1
649.49,0.2,69.11,580.38,1,1
1299.31,1.4,259.57,1039.74,7,1
792.96,0.4,127.19,665.77,2,1
517.54,0.0,30.11,487.44,0,1
1022.12,0.8,215.84,806.28,4,1
640.58,0.2,75.32,565.26,1,1
521.83,0.0,72.22,449.62,0,1
1124.77,1.0,278.49,846.28,5,1
860.44,0.6,139.54,720.9,3,1
1040.92,1.0,179.51,861.41,5,1
904.48,0.6,206.27,698.21,3,1
732.06,0.6,64.11,667.95,3,1
794.54,0.4,166.59,627.95,2,1
737.09,0.4,124.27,612.82,2,1
643.79,0.2,116.35,527.44,1,1
684.23,0.4,71.41,612.82,2,1
762.17,0.4,141.78,620.38,2,1
684.65,0.2,142.08,542.56,1,1
701.32,0.4,118.76,582.56,2,1
546.79,0.0,66.92,479.87,0,1
711.74,0.4,91.35,620.38,2,1
769.81,0.6,86.73,683.08,3,1
652.4,0.4,54.7,597.69,2,1
787.42,0.6,81.65,705.77,3,1
704.96,0.4,92.14,612.82,2,1
978.55,1.0,132.27,846.28,5,1
547.67,0.0,98.05,449.62,0,1
727.55,0.4,107.16,620.38,2,1
824.08,0.6,141.0,683.08,3,1
1204.54,1.2,235.05,969.49,6,1
797.88,0.4,139.68,658.21,2,1
789.3,0.6,121.35,667.95,3,1
1236.73,1.4,227.24,1009.49,7,1
1203.67,1.4,171.49,1032.18,7,1
781.74,0.4,115.97,665.77,2,1
1025.19,1.0,163.78,861.41,5,1
546.68,0.0,66.81,479.87,0,1
637.88,0.2,72.62,565.26,1,1
872.06,0.6,143.59,728.46,3,1
1125.39,1.0,218.59,906.79,5,1
799.99,0.6,109.35,690.64,3,1
711.27,0.2,183.84,527.44,1,1
754.47,0.4,134.08,620.38,2,1
583.56,0.2,41.0,542.56,1,1
1418.06,2.0,182.68,1235.38,10,1
662.25,0.2,89.43,572.82,1,1
564.44,0.0,92.14,472.31,0,1
849.91,0.6,151.7,698.21,3,1
815.74,0.4,195.35,620.38,2,1
736.39,0.4,70.62,665.77,2,1
701.9,0.2,129.08,572.82,1,1
894.3,0.6,173.41,720.9,3,1
730.22,0.4,109.84,620.38,2,1
961.78,0.8,125.24,836.54,4,1
960.84,0.8,184.81,776.03,4,1
594.52,0.2,74.65,519.87,1,1
679.43,0.2,136.86,542.56,1,1
760.1,0.6,77.03,683.08,3,1
537.63,0.0,65.32,472.31,0,1
1006.79,1.2,112.95,893.85,6,1
681.34,0.2,116.08,565.26,1,1
617.79,0.2,97.92,519.87,1,1
1047.7,1.0,163.59,884.1,5,1
546.98,0.2,27.11,519.87,1,1
720.9,0.4,100.51,620.38,2,1
588.84,0.2,61.41,527.44,1,1
571.28,0.2,51.41,519.87,1,1
640.51,0.2,97.95,542.56,1,1
958.54,0.6,230.08,728.46,3,1
649.91,0.2,92.22,557.69,1,1
1013.59,1.0,137.05,876.54,5,1
674.22,0.2,93.84,580.38,1,1
626.65,0.4,59.22,567.44,2,1
920.35,1.0,96.76,823.59,5,1
786.06,0.4,158.11,627.95,2,1
729.57,0.4,94.05,635.51,2,1
925.3,0.8,164.41,760.9,4,1
767.08,0.4,131.57,635.51,2,1
743.39,0.4,130.57,612.82,2,1
904.2,0.6,198.43,705.77,3,1
812.72,0.6,106.95,705.77,3,1
739.51,0.4,96.43,643.08,2,1
692.35,0.2,149.78,542.56,1,1
745.2,0.4,132.38,612.82,2,1
1075.41,1.0,206.43,868.97,5,1
643.73,0.2,101.16,542.56,1,1
789.85,0.6,91.65,698.21,3,1
657.2,0.4,36.81,620.38,2,1
730.38,0.6,70.0,660.38,3,1
605.32,0.2,70.32,535.0,1,1
622.35,0.0,172.73,449.62,0,1
545.02,0.0,87.84,457.18,0,1
812.68,0.4,184.73,627.95,2,1
859.24,0.6,168.59,690.64,3,1
498.46,0.0,56.41,442.05,0,1
717.26,0.2,152.0,565.26,1,1
592.32,0.2,57.32,535.0,1,1
704.55,0.2,192.24,512.31,1,1
501.7,0.0,67.22,434.49,0,1
608.42,0.4,56.11,552.31,2,1
699.47,0.4,94.22,605.26,2,1
844.81,0.6,169.3,675.51,3,1
705.08,0.4,77.14,627.95,2,1
734.09,0.2,153.7,580.38,1,1
471.49,0.0,37.0,434.49,0,1
687.56,0.2,145.0,542.56,1,1
841.43,0.8,65.41,776.03,4,1
748.35,0.6,72.84,675.51,3,1
647.86,0.2,97.73,550.13,1,1
746.03,0.6,70.51,675.51,3,1
699.26,0.2,134.0,565.26,1,1
858.01,0.6,144.68,713.33,3,1
682.93,0.2,117.68,565.26,1,1
529.28,0.0,64.54,464.74,0,1
647.24,0.4,57.11,590.13,2,1
888.28,0.8,74.43,813.85,4,1
1115.63,1.2,161.27,954.36,6,1
717.89,0.4,74.81,643.08,2,1
840.03,0.6,119.14,720.9,3,1
665.01,0.2,99.76,565.26,1,1
860.55,0.6,154.78,705.77,3,1
712.84,0.4,77.32,635.51,2,1
730.24,0.4,94.73,635.51,2,1
1003.61,0.8,197.32,806.28,4,1
643.58,0.2,78.32,565.26,1,1
731.0,0.4,103.05,627.95,2,1
697.34,0.2,132.08,565.26,1,1
1000.53,1.0,161.81,838.72,5,1
547.55,0.2,42.81,504.74,1,1
464.39,0.0,45.03,419.36,0,1
615.22,0.0,180.73,434.49,0,1
474.76,0.0,55.41,419.36,0,1
788.14,0.4,175.32,612.82,2,1
637.66,0.2,64.84,572.82,1,1
658.24,0.2,115.68,542.56,1,1
692.12,0.2,126.86,565.26,1,1
842.63,0.8,81.73,760.9,4,1
732.9,0.4,120.08,612.82,2,1
835.07,0.8,104.43,730.64,4,1
624.56,0.0,174.95,449.62,0,1
579.45,0.0,122.27,457.18,0,1
599.01,0.2,79.14,519.87,1,1
819.15,0.4,153.38,665.77,2,1
617.21,0.2,59.51,557.69,1,1
683.86,0.4,108.86,575.0,2,1
532.44,0.0,60.14,472.31,0,1
636.56,0.2,86.43,550.13,1,1
762.28,0.4,141.89,620.38,2,1
527.84,0.0,93.35,434.49,0,1
832.55,0.6,111.65,720.9,3,1
1060.54,1.2,151.57,908.97,6,1
644.84,0.0,157.41,487.44,0,1
1020.33,1.0,166.49,853.85,5,1
777.79,0.4,157.41,620.38,2,1
548.92,0.0,106.86,442.05,0,1
942.92,0.8,166.89,776.03,4,1
851.72,0.8,105.95,745.77,4,1
486.86,0.0,44.81,442.05,0,1
531.05,0.0,81.43,449.62,0,1
466.34,0.0,54.54,411.79,0,1
1007.03,1.0,191.0,816.03,5,1
910.32,1.0,86.73,823.59,5,1
832.74,0.6,126.97,705.77,3,1
633.53,0.2,75.84,557.69,1,1
773.45,0.4,115.24,658.21,2,1
849.6,0.8,81.14,768.46,4,1
724.81,0.4,81.73,643.08,2,1
868.53,0.8,122.76,745.77,4,1
451.73,0.0,24.81,426.92,0,1
827.91,0.6,137.27,690.64,3,1
650.12,0.2,92.43,557.69,1,1
565.83,0.2,76.22,489.62,1,1
1059.79,1.0,190.81,868.97,5,1
889.44,0.8,128.54,760.9,4,1
882.19,0.6,146.16,736.03,3,1
621.7,0.2,79.14,542.56,1,1
674.27,0.2,131.7,542.56,1,1
974.04,0.8,160.19,813.85,4,1
939.22,1.0,130.76,808.46,5,1
781.16,0.4,153.22,627.95,2,1
884.13,0.4,233.49,650.64,2,1
699.41,0.4,79.03,620.38,2,1
1221.03,1.4,219.11,1001.92,7,1
696.39,0.2,123.57,572.82,1,1
668.72,0.4,71.03,597.69,2,1
608.89,0.2,66.32,542.56,1,1
1174.48,1.4,149.86,1024.62,7,1
760.54,0.4,117.46,643.08,2,1
597.65,0.2,70.22,527.44,1,1
607.69,0.0,135.38,472.31,0,1
1067.34,1.2,188.62,878.72,6,1
925.93,0.6,220.16,705.77,3,1
807.7,0.6,117.05,690.64,3,1
652.17,0.2,79.35,572.82,1,1
1091.65,1.0,230.24,861.41,5,1
536.83,0.0,79.65,457.18,0,1
984.3,0.8,215.84,768.46,4,1
647.26,0.2,97.14,550.13,1,1
603.76,0.0,108.76,495.0,0,1
567.2,0.0,102.46,464.74,0,1
602.73,0.2,67.73,535.0,1,1
743.98,0.6,76.03,667.95,3,1
747.61,0.4,157.49,590.13,2,1
832.18,0.6,133.97,698.21,3,1
472.28,0.0,52.92,419.36,0,1
851.49,0.6,191.11,660.38,3,1
782.21,0.6,99.14,683.08,3,1
993.57,1.0,132.16,861.41,5,1
581.33,0.2,69.03,512.31,1,1
1049.31,1.0,203.03,846.28,5,1
460.6,0.0,26.11,434.49,0,1
548.04,0.0,75.73,472.31,0,1
772.55,0.6,112.16,660.38,3,1
979.14,0.8,218.24,760.9,4,1
758.27,0.4,122.76,635.51,2,1
914.99,0.8,123.84,791.15,4,1
693.55,0.2,113.16,580.38,1,1
758.41,0.4,130.46,627.95,2,1
446.17,0.0,26.81,419.36,0,1
994.75,1.0,163.59,831.15,5,1
735.3,0.4,107.35,627.95,2,1
754.43,0.2,211.86,542.56,1,1
713.51,0.4,70.43,643.08,2,1
716.56,0.4,118.86,597.69,2,1
493.13,0.0,43.51,449.62,0,1
866.39,0.6,168.19,698.21,3,1
960.18,0.8,176.59,783.59,4,1
733.33,0.4,112.95,620.38,2,1
840.36,0.6,134.59,705.77,3,1
840.97,0.6,157.89,683.08,3,1
845.09,0.6,131.76,713.33,3,1
681.87,0.4,53.92,627.95,2,1
732.25,0.6,79.43,652.82,3,1
935.45,1.0,96.73,838.72,5,1
659.69,0.2,94.43,565.26,1,1
603.66,0.2,91.35,512.31,1,1
629.37,0.0,164.62,464.74,0,1
718.16,0.4,143.16,575.0,2,1
768.44,0.4,140.49,627.95,2,1
980.64,1.0,149.49,831.15,5,1
546.39,0.0,66.51,479.87,0,1
1052.82,1.0,191.41,861.41,5,1
721.95,0.4,86.43,635.51,2,1
580.44,0.2,68.14,512.31,1,1
521.43,0.0,71.81,449.62,0,1
809.84,0.4,181.89,627.95,2,1
533.76,0.0,99.27,434.49,0,1
659.43,0.2,116.86,542.56,1,1
613.3,0.2,93.43,519.87,1,1
558.42,0.0,101.24,457.18,0,1
665.8,0.4,68.11,597.69,2,1
945.56,0.8,154.41,791.15,4,1
689.16,0.4,99.03,590.13,2,1
690.82,0.4,70.43,620.38,2,1
573.93,0.2,61.62,512.31,1,1
853.01,0.8,107.24,745.77,4,1
687.04,0.4,74.22,612.82,2,1
700.53,0.4,102.84,597.69,2,1
840.03,0.6,164.51,675.51,3,1
959.82,0.8,198.92,760.9,4,1
668.36,0.2,95.54,572.82,1,1
1012.35,1.0,143.38,868.97,5,1
985.16,1.0,176.7,808.46,5,1
694.32,0.4,58.81,635.51,2,1
845.24,0.6,154.59,690.64,3,1
604.17,0.2,76.73,527.44,1,1
505.13,0.0,55.51,449.62,0,1
1116.41,1.0,307.95,808.46,5,1
652.29,0.4,69.73,582.56,2,1
692.04,0.4,79.22,612.82,2,1
574.85,0.0,102.54,472.31,0,1
767.5,0.4,154.68,612.82,2,1
673.42,0.4,75.73,597.69,2,1
836.84,0.6,115.95,720.9,3,1
872.07,0.6,181.43,690.64,3,1
778.0,0.6,94.92,683.08,3,1
753.73,0.6,78.22,675.51,3,1
483.0,0.0,48.51,434.49,0,1
900.65,0.8,139.76,760.9,4,1
529.67,0.0,80.05,449.62,0,1
672.91,0.4,75.22,597.69,2,1
673.44,0.2,146.0,527.44,1,1
870.63,0.8,124.86,745.77,4,1
827.74,0.6,106.84,720.9,3,1
729.61,0.4,124.35,605.26,2,1
1073.17,1.2,171.76,901.41,6,1
1182.05,1.2,257.95,924.1,6,1
748.16,0.4,112.65,635.51,2,1
943.87,0.8,130.03,813.85,4,1
696.18,0.4,106.05,590.13,2,1
1150.81,1.2,188.89,961.92,6,1
749.87,0.4,129.49,620.38,2,1
734.98,0.6,67.03,667.95,3,1
887.11,0.6,166.22,720.9,3,1
965.9,1.0,112.05,853.85,5,1
946.1,0.8,147.38,798.72,4,1
576.74,0.0,96.86,479.87,0,1
495.14,0.0,68.22,426.92,0,1
