"Total_Cost","Ratio_Reloc_Prod","Horiz_Cost","Vert_Cost","nReloc","non_Optimal"
226127.45,0.4553,33734.54,192392.91,683,300
1034.25,1.0,112.32,921.92,5,1
1024.6,0.8,195.62,828.97,4,1
649.49,0.2,69.11,580.38,1,1
1299.31,1.4,259.57,1039.74,7,1
804.52,0.4,131.19,673.33,2,1
509.98,0.0,30.11,479.87,0,1
1022.12,0.8,215.84,806.28,4,1
640.58,0.2,75.32,565.26,1,1
521.83,0.0,72.22,449.62,0,1
1124.77,1.0,278.49,846.28,5,1
860.44,0.6,139.54,720.9,3,1
1049.49,1.0,180.51,868.97,5,1
896.91,0.6,206.27,690.64,3,1
757.19,0.6,74.11,683.08,3,1
772.87,0.4,152.49,620.38,2,1
742.33,0.4,121.95,620.38,2,1
682.59,0.2,147.59,535.0,1,1
672.93,0.4,60.11,612.82,2,1
770.28,0.4,149.89,620.38,2,1
680.94,0.2,138.38,542.56,1,1
697.21,0.4,114.65,582.56,2,1
550.2,0.0,70.32,479.87,0,1
726.86,0.4,91.35,635.51,2,1
783.48,0.6,92.84,690.64,3,1
564.98,0.2,45.11,519.87,1,1
778.9,0.6,73.14,705.77,3,1
706.55,0.4,93.73,612.82,2,1
1008.24,1.0,139.27,868.97,5,1
534.11,0.0,92.05,442.05,0,1
739.11,0.4,111.16,627.95,2,1
809.4,0.6,133.89,675.51,3,1
1151.11,1.2,189.19,961.92,6,1
797.88,0.4,139.68,658.21,2,1
805.57,0.6,130.05,675.51,3,1
1162.79,1.2,208.43,954.36,6,1
1155.51,1.4,138.46,1017.05,7,1
781.74,0.4,115.97,665.77,2,1
1052.13,1.0,175.59,876.54,5,1
543.44,0.0,71.14,472.31,0,1
689.23,0.2,123.97,565.26,1,1
856.93,0.6,143.59,713.33,3,1
1092.91,1.0,208.81,884.1,5,1
801.7,0.6,111.05,690.64,3,1
653.99,0.0,189.24,464.74,0,1
723.22,0.4,102.84,620.38,2,1
600.4,0.2,42.7,557.69,1,1
1392.96,2.0,180.27,1212.69,10,1
662.25,0.2,89.43,572.82,1,1
579.71,0.0,99.84,479.87,0,1
856.52,0.6,143.19,713.33,3,1
843.97,0.4,208.46,635.51,2,1
727.12,0.4,68.92,658.21,2,1
689.74,0.2,124.49,565.26,1,1
1019.59,1.0,143.05,876.54,5,1
733.89,0.4,105.95,627.95,2,1
973.05,0.8,128.95,844.1,4,1
873.23,0.6,159.89,713.33,3,1
529.61,0.0,72.43,457.18,0,1
697.86,0.2,155.3,542.56,1,1
773.07,0.6,82.43,690.64,3,1
440.79,0.0,29.0,411.79,0,1
1096.27,1.2,179.73,916.54,6,1
636.64,0.2,78.95,557.69,1,1
641.45,0.2,91.32,550.13,1,1
1072.77,1.0,181.11,891.67,5,1
551.54,0.2,24.11,527.44,1,1
772.7,0.6,89.62,683.08,3,1
503.72,0.0,54.11,449.62,0,1
584.54,0.2,57.11,527.44,1,1
696.64,0.4,98.95,597.69,2,1
955.19,0.6,234.3,720.9,3,1
631.94,0.2,81.81,550.13,1,1
1022.77,1.0,123.54,899.23,5,1
637.94,0.2,80.24,557.69,1,1
595.06,0.2,67.62,527.44,1,1
864.33,0.8,95.86,768.46,4,1
779.25,0.4,151.3,627.95,2,1
706.33,0.4,85.95,620.38,2,1
970.75,0.8,179.59,791.15,4,1
734.82,0.4,129.57,605.26,2,1
839.85,0.6,141.65,698.21,3,1
788.01,0.4,167.62,620.38,2,1
835.05,0.6,99.03,736.03,3,1
739.51,0.4,96.43,643.08,2,1
709.61,0.2,159.49,550.13,1,1
737.74,0.4,132.49,605.26,2,1
978.99,0.8,187.84,791.15,4,1
646.69,0.2,81.43,565.26,1,1
827.76,0.6,106.86,720.9,3,1
653.33,0.4,40.51,612.82,2,1
745.03,0.6,69.51,675.51,3,1
606.92,0.2,71.92,535.0,1,1
621.05,0.0,171.43,449.62,0,1
542.42,0.0,85.24,457.18,0,1
763.05,0.4,119.97,643.08,2,1
749.85,0.4,144.59,605.26,2,1
489.86,0.0,47.81,442.05,0,1
846.95,0.6,126.05,720.9,3,1
580.92,0.2,45.92,535.0,1,1
616.47,0.2,104.16,512.31,1,1
716.71,0.4,88.76,627.95,2,1
642.94,0.4,52.81,590.13,2,1
598.35,0.2,70.92,527.44,1,1
769.79,0.4,149.41,620.38,2,1
829.9,0.6,116.57,713.33,3,1
739.9,0.2,159.51,580.38,1,1
452.06,0.0,32.7,419.36,0,1
676.31,0.2,111.05,565.26,1,1
930.36,0.8,108.95,821.41,4,1
687.5,0.4,82.24,605.26,2,1
549.16,0.0,114.68,434.49,0,1
775.26,0.6,84.62,690.64,3,1
713.77,0.2,148.51,565.26,1,1
836.15,0.6,130.38,705.77,3,1
759.33,0.4,131.38,627.95,2,1
617.81,0.2,75.24,542.56,1,1
678.93,0.4,66.11,612.82,2,1
686.85,0.4,74.03,612.82,2,1
977.83,1.0,93.73,884.1,5,1
645.12,0.2,87.43,557.69,1,1
955.8,1.0,124.65,831.15,5,1
671.87,0.2,99.05,572.82,1,1
821.02,0.6,130.38,690.64,3,1
682.74,0.4,69.92,612.82,2,1
738.24,0.4,102.73,635.51,2,1
951.08,0.8,167.49,783.59,4,1
647.25,0.2,74.43,572.82,1,1
594.52,0.2,74.65,519.87,1,1
641.7,0.2,99.14,542.56,1,1
1020.85,1.0,167.0,853.85,5,1
457.03,0.0,30.11,426.92,0,1
507.24,0.0,57.62,449.62,0,1
697.05,0.0,255.0,442.05,0,1
459.47,0.0,40.11,419.36,0,1
819.33,0.6,166.51,652.82,3,1
748.82,0.6,103.57,645.26,3,1
659.83,0.2,117.27,542.56,1,1
675.56,0.2,117.86,557.69,1,1
809.96,0.6,111.76,698.21,3,1
556.31,0.0,99.14,457.18,0,1
743.33,0.4,122.95,620.38,2,1
540.73,0.0,98.68,442.05,0,1
729.82,0.4,124.57,605.26,2,1
609.27,0.2,81.84,527.44,1,1
913.22,0.6,192.32,720.9,3,1
753.27,0.4,117.76,635.51,2,1
518.03,0.0,98.68,419.36,0,1
550.98,0.0,63.54,487.44,0,1
582.79,0.2,62.92,519.87,1,1
867.14,0.6,138.68,728.46,3,1
590.93,0.2,78.62,512.31,1,1
884.42,0.6,133.27,751.15,3,1
772.78,0.4,137.27,635.51,2,1
778.97,0.6,88.32,690.64,3,1
989.43,0.8,205.84,783.59,4,1
870.63,0.6,157.3,713.33,3,1
508.59,0.0,66.54,442.05,0,1
1022.66,1.0,168.81,853.85,5,1
824.16,0.6,156.22,667.95,3,1
460.33,0.0,33.41,426.92,0,1
718.51,0.4,128.38,590.13,2,1
658.29,0.2,108.16,550.13,1,1
820.11,0.6,144.59,675.51,3,1
985.3,1.2,76.32,908.97,6,1
708.77,0.4,111.08,597.69,2,1
697.46,0.4,69.51,627.95,2,1
807.44,0.6,86.54,720.9,3,1
796.54,0.6,60.51,736.03,3,1
767.72,0.4,101.95,665.77,2,1
884.36,0.8,123.46,760.9,4,1
504.64,0.0,55.03,449.62,0,1
801.07,0.6,110.43,690.64,3,1
583.54,0.2,56.11,527.44,1,1
530.38,0.2,48.32,482.05,1,1
1129.33,1.2,174.97,954.36,6,1
878.33,0.8,117.43,760.9,4,1
1062.26,1.2,138.16,924.1,6,1
621.7,0.2,79.14,542.56,1,1
730.81,0.4,87.73,643.08,2,1
677.01,0.2,111.76,565.26,1,1
1147.65,1.4,138.16,1009.49,7,1
776.03,0.4,148.08,627.95,2,1
819.97,0.4,169.32,650.64,2,1
693.71,0.4,73.32,620.38,2,1
1073.1,1.2,149.0,924.1,6,1
671.56,0.2,113.86,557.69,1,1
603.27,0.2,60.7,542.56,1,1
651.56,0.2,101.43,550.13,1,1
1165.61,1.4,178.81,986.79,7,1
677.42,0.2,112.16,565.26,1,1
695.52,0.4,75.14,620.38,2,1
683.3,0.4,62.92,620.38,2,1
883.88,0.6,178.11,705.77,3,1
1305.18,1.4,273.0,1032.18,7,1
912.88,0.8,114.16,798.72,4,1
668.48,0.4,78.35,590.13,2,1
651.17,0.2,131.3,519.87,1,1
803.48,0.6,105.27,698.21,3,1
1020.42,0.8,214.14,806.28,4,1
622.73,0.2,87.73,535.0,1,1
553.78,0.0,104.16,449.62,0,1
563.8,0.0,99.05,464.74,0,1
462.6,0.0,28.11,434.49,0,1
611.54,0.2,76.54,535.0,1,1
811.43,0.6,128.35,683.08,3,1
632.11,0.2,104.68,527.44,1,1
468.76,0.0,49.41,419.36,0,1
1075.3,1.4,118.76,956.54,7,1
851.79,0.6,123.32,728.46,3,1
645.34,0.2,87.65,557.69,1,1
841.66,0.8,88.32,753.33,4,1
958.76,0.8,182.73,776.03,4,1
502.53,0.0,52.92,449.62,0,1
588.71,0.0,108.84,479.87,0,1
754.01,0.6,93.62,660.38,3,1
954.94,0.8,163.78,791.15,4,1
810.9,0.4,137.57,673.33,2,1
744.07,0.4,93.43,650.64,2,1
770.43,0.8,54.92,715.51,4,1
786.14,0.4,158.19,627.95,2,1
465.36,0.0,46.0,419.36,0,1
666.24,0.2,123.68,542.56,1,1
745.12,0.6,99.86,645.26,3,1
668.79,0.2,148.92,519.87,1,1
695.03,0.4,59.51,635.51,2,1
511.46,0.0,84.54,426.92,0,1
498.3,0.0,63.81,434.49,0,1
765.79,0.6,112.97,652.82,3,1
878.95,0.6,150.49,728.46,3,1
719.54,0.4,84.03,635.51,2,1
615.79,0.2,88.35,527.44,1,1
905.76,0.6,177.3,728.46,3,1
563.37,0.0,98.62,464.74,0,1
558.83,0.0,101.65,457.18,0,1
783.04,0.6,84.84,698.21,3,1
775.86,0.6,100.35,675.51,3,1
661.78,0.2,111.65,550.13,1,1
849.1,0.6,150.89,698.21,3,1
720.62,0.4,85.11,635.51,2,1
647.44,0.2,127.57,519.87,1,1
759.47,0.4,139.08,620.38,2,1
1038.62,1.2,129.65,908.97,6,1
534.94,0.0,77.76,457.18,0,1
648.58,0.2,83.32,565.26,1,1
486.84,0.0,59.92,426.92,0,1
628.83,0.2,78.7,550.13,1,1
608.25,0.2,95.95,512.31,1,1
847.82,0.6,142.05,705.77,3,1
589.93,0.0,110.05,479.87,0,1
888.92,0.8,120.46,768.46,4,1
601.76,0.2,74.32,527.44,1,1
741.91,0.4,98.84,643.08,2,1
593.19,0.2,50.62,542.56,1,1
1234.69,1.6,147.38,1087.31,8,1
789.26,0.6,98.62,690.64,3,1
728.76,0.4,93.24,635.51,2,1
554.55,0.2,49.81,504.74,1,1
703.07,0.6,57.81,645.26,3,1
643.12,0.2,85.43,557.69,1,1
767.91,0.6,84.84,683.08,3,1
877.84,0.6,149.38,728.46,3,1
1078.24,1.2,161.7,916.54,6,1
628.08,0.2,100.65,527.44,1,1
919.43,1.0,95.84,823.59,5,1
884.07,0.8,145.86,738.21,4,1
780.44,0.6,67.11,713.33,3,1
535.65,0.0,101.16,434.49,0,1
897.75,0.8,114.16,783.59,4,1
625.42,0.2,67.73,557.69,1,1
798.46,0.6,122.95,675.51,3,1
719.62,0.4,84.11,635.51,2,1
540.58,0.2,43.41,497.18,1,1
516.32,0.0,66.7,449.62,0,1
892.81,0.6,209.73,683.08,3,1
619.28,0.4,59.41,559.87,2,1
930.9,0.8,170.0,760.9,4,1
1025.8,1.0,179.51,846.28,5,1
682.49,0.4,62.11,620.38,2,1
663.1,0.4,65.41,597.69,2,1
523.4,0.0,66.22,457.18,0,1
733.89,0.4,105.95,627.95,2,1
518.67,0.0,76.62,442.05,0,1
790.75,0.4,147.68,643.08,2,1
641.95,0.2,106.95,535.0,1,1
990.61,1.0,151.89,838.72,5,1
910.95,0.6,197.62,713.33,3,1
985.5,1.0,146.78,838.72,5,1
1237.47,1.6,150.16,1087.31,8,1
943.45,0.6,184.73,758.72,3,1
594.09,0.2,89.35,504.74,1,1
792.84,0.4,111.95,680.9,2,1
669.72,0.2,104.46,565.26,1,1
776.66,0.6,123.84,652.82,3,1
709.04,0.2,143.78,565.26,1,1
562.39,0.2,42.51,519.87,1,1
966.52,0.8,152.68,813.85,4,1
968.61,1.0,137.46,831.15,5,1
640.83,0.2,83.14,557.69,1,1
520.0,0.0,77.95,442.05,0,1
904.89,0.8,128.86,776.03,4,1
