"Total_Cost","Ratio_Reloc_Prod","Horiz_Cost","Vert_Cost","nReloc","non_Optimal"
225155.25,0.4447,33440.0,191715.15,667,300
1034.25,1.0,112.32,921.92,5,1
1024.6,0.8,195.62,828.97,4,1
649.49,0.2,69.11,580.38,1,1
1299.31,1.4,259.57,1039.74,7,1
753.26,0.4,95.05,658.21,2,1
543.27,0.0,55.84,487.44,0,1
1022.12,0.8,215.84,806.28,4,1
617.61,0.2,59.92,557.69,1,1
535.4,0.0,78.22,457.18,0,1
1138.74,1.0,284.89,853.85,5,1
860.44,0.6,139.54,720.9,3,1
1049.19,1.0,180.22,868.97,5,1
815.09,0.4,202.27,612.82,2,1
781.28,0.6,75.51,705.77,3,1
772.87,0.4,152.49,620.38,2,1
724.52,0.4,104.14,620.38,2,1
684.83,0.2,142.27,542.56,1,1
685.44,0.4,72.62,612.82,2,1
764.87,0.4,144.49,620.38,2,1
657.81,0.2,115.24,542.56,1,1
706.83,0.4,124.27,582.56,2,1
543.85,0.0,71.54,472.31,0,1
728.86,0.4,93.35,635.51,2,1
795.64,0.6,97.43,698.21,3,1
541.45,0.2,36.7,504.74,1,1
790.72,0.6,84.95,705.77,3,1
710.25,0.4,97.43,612.82,2,1
1013.65,1.0,144.68,868.97,5,1
534.11,0.0,92.05,442.05,0,1
737.41,0.4,109.46,627.95,2,1
760.3,0.6,92.35,667.95,3,1
1195.55,1.4,148.24,1047.31,7,1
797.88,0.4,139.68,658.21,2,1
805.57,0.6,130.05,675.51,3,1
1213.92,1.4,204.43,1009.49,7,1
1168.23,1.4,136.05,1032.18,7,1
785.04,0.4,119.27,665.77,2,1
1048.62,1.0,172.08,876.54,5,1
517.02,0.0,59.84,457.18,0,1
675.72,0.2,110.46,565.26,1,1
823.77,0.6,125.57,698.21,3,1
1119.1,1.0,227.43,891.67,5,1
788.73,0.6,105.65,683.08,3,1
629.45,0.0,179.84,449.62,0,1
707.52,0.4,87.14,620.38,2,1
595.78,0.2,53.22,542.56,1,1
1400.09,2.0,172.27,1227.82,10,1
621.75,0.2,71.62,550.13,1,1
566.41,0.0,86.54,479.87,0,1
856.52,0.6,143.19,713.33,3,1
687.11,0.2,152.11,535.0,1,1
703.11,0.2,115.16,587.95,1,1
691.53,0.2,126.27,565.26,1,1
1027.77,0.8,213.92,813.85,4,1
722.44,0.4,102.05,620.38,2,1
965.48,0.8,128.95,836.54,4,1
881.09,0.6,160.19,720.9,3,1
530.63,0.0,58.32,472.31,0,1
697.86,0.2,155.3,542.56,1,1
687.82,0.4,67.43,620.38,2,1
450.06,0.0,30.7,419.36,0,1
1193.09,1.4,198.73,994.36,7,1
634.64,0.2,76.95,557.69,1,1
643.86,0.2,93.73,550.13,1,1
1169.32,1.2,184.7,984.62,6,1
532.2,0.0,52.32,479.87,0,1
811.36,0.6,98.03,713.33,3,1
503.72,0.0,54.11,449.62,0,1
561.71,0.2,49.41,512.31,1,1
582.23,0.2,69.92,512.31,1,1
947.7,0.8,179.24,768.46,4,1
669.37,0.2,119.24,550.13,1,1
1198.25,1.4,150.95,1047.31,7,1
639.53,0.2,81.84,557.69,1,1
648.78,0.4,66.22,582.56,2,1
860.62,0.8,92.16,768.46,4,1
779.25,0.4,151.3,627.95,2,1
800.42,0.6,94.65,705.77,3,1
966.15,0.8,175.0,791.15,4,1
687.26,0.2,129.57,557.69,1,1
735.36,0.4,122.54,612.82,2,1
871.81,0.6,188.73,683.08,3,1
842.02,0.6,98.43,743.59,3,1
747.62,0.4,104.54,643.08,2,1
808.56,0.4,165.49,643.08,2,1
753.17,0.4,132.78,620.38,2,1
990.4,0.8,199.24,791.15,4,1
625.26,0.2,75.14,550.13,1,1
814.44,0.6,93.54,720.9,3,1
741.59,0.6,58.51,683.08,3,1
784.67,0.6,94.03,690.64,3,1
624.63,0.2,104.76,519.87,1,1
509.22,0.0,89.86,419.36,0,1
456.87,0.0,37.51,419.36,0,1
749.38,0.4,113.86,635.51,2,1
646.28,0.0,181.54,464.74,0,1
505.78,0.0,63.73,442.05,0,1
765.87,0.4,145.49,620.38,2,1
567.95,0.2,40.51,527.44,1,1
632.03,0.2,112.16,519.87,1,1
754.05,0.6,78.54,675.51,3,1
444.47,0.0,25.11,419.36,0,1
558.69,0.2,61.51,497.18,1,1
777.98,0.4,157.59,620.38,2,1
759.24,0.4,116.16,643.08,2,1
677.74,0.2,97.35,580.38,1,1
467.19,0.0,32.7,434.49,0,1
693.98,0.2,121.16,572.82,1,1
986.94,1.0,102.84,884.1,5,1
643.53,0.2,85.84,557.69,1,1
738.48,0.4,140.78,597.69,2,1
653.07,0.4,47.81,605.26,2,1
700.87,0.4,88.05,612.82,2,1
895.9,0.6,175.0,720.9,3,1
799.99,0.6,109.35,690.64,3,1
601.59,0.2,59.03,542.56,1,1
492.32,0.0,42.7,449.62,0,1
824.39,0.6,111.05,713.33,3,1
898.58,0.8,84.73,813.85,4,1
654.45,0.2,96.76,557.69,1,1
967.17,0.8,145.76,821.41,4,1
677.53,0.2,112.27,565.26,1,1
827.09,0.6,113.76,713.33,3,1
863.76,0.8,87.73,776.03,4,1
720.87,0.4,92.92,627.95,2,1
806.05,0.4,155.41,650.64,2,1
647.25,0.2,74.43,572.82,1,1
604.38,0.2,76.95,527.44,1,1
664.12,0.2,106.43,557.69,1,1
867.44,0.6,154.11,713.33,3,1
442.9,0.0,31.11,411.79,0,1
465.44,0.0,38.51,426.92,0,1
657.97,0.0,208.35,449.62,0,1
461.36,0.0,42.0,419.36,0,1
960.14,0.8,199.24,760.9,4,1
686.21,0.2,136.08,550.13,1,1
661.18,0.2,111.05,550.13,1,1
574.34,0.0,117.16,457.18,0,1
547.39,0.0,82.65,464.74,0,1
852.64,0.6,162.0,690.64,3,1
668.91,0.2,103.65,565.26,1,1
846.61,0.6,201.35,645.26,3,1
796.49,0.6,120.97,675.51,3,1
842.97,0.6,106.95,736.03,3,1
994.09,0.8,187.81,806.28,4,1
781.93,0.6,83.73,698.21,3,1
548.73,0.0,106.68,442.05,0,1
533.49,0.0,53.62,479.87,0,1
559.91,0.2,62.73,497.18,1,1
811.07,0.6,112.86,698.21,3,1
524.53,0.0,74.92,449.62,0,1
869.16,0.6,125.57,743.59,3,1
690.41,0.2,155.41,535.0,1,1
536.16,0.0,86.54,449.62,0,1
895.41,0.6,174.51,720.9,3,1
810.13,0.4,159.49,650.64,2,1
512.81,0.0,78.32,434.49,0,1
907.77,0.8,109.05,798.72,4,1
977.18,0.8,186.03,791.15,4,1
488.56,0.0,46.51,442.05,0,1
579.37,0.0,122.19,457.18,0,1
674.18,0.4,84.05,590.13,2,1
705.56,0.4,107.86,597.69,2,1
1055.1,1.2,115.86,939.23,6,1
634.52,0.2,107.08,527.44,1,1
861.38,0.8,92.92,768.46,4,1
669.36,0.2,96.54,572.82,1,1
797.63,0.6,76.73,720.9,3,1
852.24,0.6,108.65,743.59,3,1
835.81,0.6,107.35,728.46,3,1
525.37,0.0,60.62,464.74,0,1
812.45,0.6,114.24,698.21,3,1
577.84,0.2,50.41,527.44,1,1
738.11,0.6,77.73,660.38,3,1
892.86,0.6,149.27,743.59,3,1
811.91,0.6,128.84,683.08,3,1
848.97,0.6,112.95,736.03,3,1
625.4,0.2,82.84,542.56,1,1
657.86,0.4,67.73,590.13,2,1
857.32,0.6,113.73,743.59,3,1
1135.51,1.2,158.46,977.05,6,1
807.4,0.4,164.32,643.08,2,1
888.87,0.8,127.97,760.9,4,1
693.2,0.4,72.81,620.38,2,1
884.16,0.6,155.7,728.46,3,1
714.85,0.2,149.59,565.26,1,1
685.85,0.4,73.03,612.82,2,1
712.22,0.4,91.84,620.38,2,1
1165.31,1.4,178.51,986.79,7,1
707.36,0.4,94.54,612.82,2,1
537.77,0.0,73.03,464.74,0,1
852.78,0.6,116.76,736.03,3,1
1075.42,1.0,176.19,899.23,5,1
1213.14,1.2,258.78,954.36,6,1
942.41,0.8,128.57,813.85,4,1
622.76,0.2,87.76,535.0,1,1
765.87,0.4,145.49,620.38,2,1
817.63,0.6,111.86,705.77,3,1
914.92,0.6,178.89,736.03,3,1
728.1,0.4,85.03,643.08,2,1
525.69,0.0,68.51,457.18,0,1
571.85,0.0,99.54,472.31,0,1
601.78,0.2,59.22,542.56,1,1
604.48,0.2,61.92,542.56,1,1
829.8,0.6,139.16,690.64,3,1
668.62,0.4,86.05,582.56,2,1
653.23,0.2,95.54,557.69,1,1
747.6,0.4,119.65,627.95,2,1
694.85,0.4,82.03,612.82,2,1
728.41,0.4,100.46,627.95,2,1
931.99,0.8,133.27,798.72,4,1
889.62,0.8,121.16,768.46,4,1
445.47,0.0,26.11,419.36,0,1
528.69,0.0,71.51,457.18,0,1
781.51,0.6,98.43,683.08,3,1
926.48,0.6,182.89,743.59,3,1
859.57,0.6,123.54,736.03,3,1
838.77,0.6,125.43,713.33,3,1
704.24,0.4,121.68,582.56,2,1
713.2,0.4,107.95,605.26,2,1
474.92,0.0,48.0,426.92,0,1
805.62,0.6,137.68,667.95,3,1
955.88,1.0,117.16,838.72,5,1
812.29,0.6,121.65,690.64,3,1
710.24,0.4,74.73,635.51,2,1
588.74,0.2,76.43,512.31,1,1
456.98,0.0,37.62,419.36,0,1
954.82,1.0,108.54,846.28,5,1
745.62,0.4,102.54,643.08,2,1
737.04,0.4,131.78,605.26,2,1
686.25,0.4,73.43,612.82,2,1
739.11,0.4,111.16,627.95,2,1
660.78,0.2,110.65,550.13,1,1
532.02,0.0,74.84,457.18,0,1
779.88,0.6,89.24,690.64,3,1
609.01,0.2,89.14,519.87,1,1
726.82,0.4,106.43,620.38,2,1
698.18,0.2,140.49,557.69,1,1
682.91,0.2,117.65,565.26,1,1
581.8,0.0,117.05,464.74,0,1
647.18,0.2,97.05,550.13,1,1
1058.58,1.0,204.73,853.85,5,1
673.04,0.4,60.22,612.82,2,1
792.69,0.4,187.43,605.26,2,1
472.58,0.0,53.22,419.36,0,1
605.98,0.2,78.54,527.44,1,1
579.52,0.2,67.22,512.31,1,1
852.55,0.6,131.65,720.9,3,1
690.58,0.2,117.76,572.82,1,1
881.52,0.8,113.05,768.46,4,1
594.17,0.2,66.73,527.44,1,1
701.12,0.4,95.86,605.26,2,1
652.21,0.4,54.51,597.69,2,1
968.91,0.8,170.19,798.72,4,1
731.55,0.4,111.16,620.38,2,1
723.98,0.4,111.16,612.82,2,1
519.85,0.0,55.11,464.74,0,1
660.1,0.4,77.54,582.56,2,1
645.36,0.2,80.11,565.26,1,1
626.06,0.2,98.62,527.44,1,1
866.28,0.6,145.38,720.9,3,1
861.37,0.6,178.3,683.08,3,1
748.5,0.6,103.24,645.26,3,1
798.69,0.8,52.92,745.77,4,1
808.89,0.6,133.38,675.51,3,1
890.8,0.8,84.51,806.28,4,1
713.99,0.4,123.86,590.13,2,1
635.85,0.4,83.54,552.31,2,1
488.41,0.0,53.92,434.49,0,1
847.42,0.8,154.59,692.82,4,1
716.95,0.4,81.43,635.51,2,1
464.14,0.0,37.22,426.92,0,1
493.3,0.0,58.81,434.49,0,1
898.93,0.6,185.59,713.33,3,1
553.18,0.0,88.43,464.74,0,1
791.95,0.6,131.57,660.38,3,1
834.37,0.6,151.3,683.08,3,1
792.5,0.4,119.16,673.33,2,1
544.31,0.0,87.14,457.18,0,1
459.79,0.0,48.0,411.79,0,1
724.89,0.4,81.81,643.08,2,1
521.29,0.0,79.24,442.05,0,1
753.19,0.6,70.11,683.08,3,1
689.37,0.4,99.24,590.13,2,1
1066.84,1.2,157.86,908.97,6,1
1011.54,0.6,275.51,736.03,3,1
873.05,0.6,129.46,743.59,3,1
1145.16,1.4,135.68,1009.49,7,1
1040.26,1.0,156.16,884.1,5,1
726.35,0.4,90.84,635.51,2,1
907.22,0.8,85.81,821.41,4,1
667.25,0.2,94.43,572.82,1,1
843.1,0.6,144.89,698.21,3,1
807.35,0.6,124.27,683.08,3,1
728.27,0.6,60.32,667.95,3,1
899.78,0.8,123.76,776.03,4,1
941.9,0.8,128.05,813.85,4,1
716.93,0.4,96.54,620.38,2,1
510.48,0.0,68.43,442.05,0,1
1013.95,1.0,144.97,868.97,5,1
