"Total_Cost","Ratio_Reloc_Prod","Horiz_Cost","Vert_Cost","nReloc","non_Optimal"
223557.68,0.396,35042.44,188515.12,594,375
672.3,0.5,91.92,580.38,2,1
434.84,0.0,47.92,386.92,0,1
650.57,0.25,163.14,487.44,1,1
795.8,0.75,190.54,605.26,3,1
703.66,0.5,130.84,572.82,2,1
430.58,0.0,51.22,379.36,0,1
512.4,0.25,70.35,442.05,1,1
886.57,1.25,110.54,776.03,5,1
547.99,0.25,83.24,464.74,1,1
414.13,0.0,65.03,349.1,0,1
793.66,0.75,188.41,605.26,3,1
758.22,0.75,130.27,627.95,3,1
601.78,0.5,59.22,542.56,2,1
495.33,0.0,115.97,379.36,0,1
421.15,0.0,56.92,364.23,0,1
422.76,0.0,43.41,379.36,0,1
529.07,0.25,79.46,449.62,1,1
1139.61,1.75,192.81,946.79,7,1
428.01,0.0,56.22,371.79,0,1
766.12,0.75,153.3,612.82,3,1
857.57,1.0,136.68,720.9,4,1
750.57,0.75,115.05,635.51,3,1
378.51,0.0,29.41,349.1,0,1
580.31,0.25,115.57,464.74,1,1
531.92,0.25,89.86,442.05,1,1
783.28,0.75,178.03,605.26,3,1
546.97,0.25,97.35,449.62,1,1
708.04,0.75,110.35,597.69,3,1
635.57,0.5,100.57,535.0,2,1
691.56,0.5,149.0,542.56,2,1
876.4,1.0,193.32,683.08,4,1
786.69,1.0,80.92,705.77,4,1
604.25,0.25,124.38,479.87,1,1
486.7,0.25,52.22,434.49,1,1
471.52,0.0,92.16,379.36,0,1
425.21,0.0,68.54,356.67,0,1
349.22,0.0,22.81,326.41,0,1
420.61,0.0,63.95,356.67,0,1
615.27,0.5,87.84,527.44,2,1
713.17,0.75,100.35,612.82,3,1
788.55,1.0,128.16,660.38,4,1
446.6,0.0,67.24,379.36,0,1
621.07,0.25,156.32,464.74,1,1
620.76,0.25,140.89,479.87,1,1
425.37,0.0,61.14,364.23,0,1
619.97,0.5,69.84,550.13,2,1
522.96,0.25,58.22,464.74,1,1
698.9,0.75,78.51,620.38,3,1
716.66,0.75,103.84,612.82,3,1
636.06,0.5,116.19,519.87,2,1
709.89,0.75,81.95,627.95,3,1
373.1,0.0,24.0,349.1,0,1
609.05,0.5,58.92,550.13,2,1
872.76,1.0,197.24,675.51,4,1
545.6,0.25,65.73,479.87,1,1
616.78,0.25,174.73,442.05,1,1
650.49,0.5,123.05,527.44,2,1
662.09,0.5,96.84,565.26,2,1
663.64,0.5,105.95,557.69,2,1
850.73,1.0,122.27,728.46,4,1
824.39,1.0,111.05,713.33,4,1
476.94,0.0,135.41,341.54,0,1
586.26,0.25,129.08,457.18,1,1
756.28,0.75,135.89,620.38,3,1
796.1,1.0,105.46,690.64,4,1
1031.65,1.5,162.68,868.97,6,1
564.26,0.5,74.65,489.62,2,1
408.34,0.0,44.11,364.23,0,1
686.31,0.75,88.62,597.69,3,1
635.64,0.75,45.51,590.13,3,1
718.73,0.75,83.22,635.51,3,1
692.27,0.5,149.7,542.56,2,1
403.9,0.0,32.11,371.79,0,1
670.02,0.75,72.32,597.69,3,1
800.72,1.0,110.08,690.64,4,1
559.03,0.25,79.16,479.87,1,1
375.81,0.0,26.7,349.1,0,1
792.59,1.0,101.95,690.64,4,1
371.1,0.0,22.0,349.1,0,1
788.97,0.75,213.97,575.0,3,1
604.95,0.25,125.08,479.87,1,1
637.91,0.5,72.65,565.26,2,1
864.35,0.75,221.27,643.08,3,1
499.63,0.0,120.27,379.36,0,1
946.26,1.25,139.97,806.28,5,1
582.63,0.25,102.76,479.87,1,1
412.76,0.0,33.41,379.36,0,1
630.54,0.5,95.54,535.0,2,1
783.13,1.0,100.05,683.08,4,1
453.58,0.0,89.35,364.23,0,1
385.1,0.0,36.0,349.1,0,1
735.82,0.5,163.0,572.82,2,1
520.42,0.25,48.11,472.31,1,1
501.72,0.25,52.11,449.62,1,1
742.36,0.75,121.97,620.38,3,1
849.67,0.75,199.03,650.64,3,1
640.31,0.5,82.62,557.69,2,1
643.61,0.5,85.92,557.69,2,1
588.39,0.25,116.08,472.31,1,1
437.47,0.0,73.24,364.23,0,1
675.06,0.5,102.24,572.82,2,1
512.48,0.25,70.43,442.05,1,1
382.62,0.0,33.51,349.1,0,1
614.65,0.5,79.65,535.0,2,1
406.93,0.0,42.7,364.23,0,1
928.56,1.0,230.35,698.21,4,1
717.81,0.75,74.73,643.08,3,1
696.82,0.75,76.43,620.38,3,1
767.59,0.75,116.95,650.64,3,1
377.65,0.0,36.11,341.54,0,1
759.32,0.75,116.24,643.08,3,1
532.97,0.25,83.35,449.62,1,1
444.04,0.0,72.24,371.79,0,1
740.71,0.75,112.76,627.95,3,1
629.03,0.25,194.54,434.49,1,1
564.21,0.5,67.03,497.18,2,1
565.77,0.5,61.03,504.74,2,1
384.07,0.0,27.41,356.67,0,1
777.8,0.75,127.16,650.64,3,1
895.13,1.0,159.11,736.03,4,1
676.57,0.5,141.57,535.0,2,1
399.04,0.0,34.81,364.23,0,1
396.48,0.0,39.81,356.67,0,1
602.73,0.5,67.73,535.0,2,1
733.75,0.75,83.11,650.64,3,1
388.18,0.0,31.51,356.67,0,1
820.06,0.75,207.24,612.82,3,1
752.92,0.5,210.35,542.56,2,1
586.74,0.25,106.86,479.87,1,1
468.76,0.0,81.84,386.92,0,1
576.41,0.5,56.54,519.87,2,1
576.12,0.25,111.38,464.74,1,1
647.98,0.5,128.11,519.87,2,1
722.56,0.5,180.0,542.56,2,1
458.62,0.0,64.14,394.49,0,1
832.7,1.0,104.24,728.46,4,1
604.81,0.25,117.38,487.44,1,1
563.81,0.25,68.81,495.0,1,1
620.31,0.5,62.62,557.69,2,1
511.0,0.25,68.95,442.05,1,1
383.07,0.0,26.41,356.67,0,1
502.48,0.25,60.43,442.05,1,1
605.12,0.5,85.24,519.87,2,1
704.42,0.75,99.16,605.26,3,1
605.01,0.5,100.27,504.74,2,1
529.57,0.25,49.7,479.87,1,1
372.94,0.0,31.41,341.54,0,1
568.61,0.25,103.86,464.74,1,1
492.65,0.25,65.73,426.92,1,1
477.46,0.0,90.54,386.92,0,1
514.17,0.25,87.24,426.92,1,1
386.67,0.0,30.0,356.67,0,1
383.91,0.0,34.81,349.1,0,1
405.48,0.0,63.95,341.54,0,1
513.14,0.25,78.65,434.49,1,1
892.41,1.0,171.51,720.9,4,1
628.24,0.5,78.11,550.13,2,1
810.56,1.0,127.49,683.08,4,1
929.11,1.25,153.08,776.03,5,1
554.39,0.25,74.51,479.87,1,1
494.79,0.0,107.86,386.92,0,1
775.51,0.75,124.86,650.64,3,1
815.28,1.0,154.89,660.38,4,1
588.57,0.25,101.14,487.44,1,1
460.23,0.25,48.43,411.79,1,1
363.65,0.0,22.11,341.54,0,1
683.88,0.5,126.19,557.69,2,1
536.66,0.25,71.92,464.74,1,1
584.44,0.5,72.14,512.31,2,1
670.82,0.75,58.0,612.82,3,1
417.43,0.0,83.46,333.97,0,1
491.58,0.25,34.41,457.18,1,1
544.21,0.25,102.16,442.05,1,1
444.28,0.0,64.92,379.36,0,1
425.15,0.0,60.92,364.23,0,1
442.18,0.0,77.95,364.23,0,1
618.21,0.25,161.03,457.18,1,1
602.24,0.5,67.24,535.0,2,1
557.49,0.25,77.62,479.87,1,1
881.66,1.25,135.89,745.77,5,1
621.74,0.5,101.86,519.87,2,1
461.3,0.0,81.95,379.36,0,1
470.46,0.0,83.54,386.92,0,1
520.4,0.25,63.22,457.18,1,1
517.35,0.25,67.73,449.62,1,1
596.48,0.25,139.3,457.18,1,1
809.09,1.0,95.76,713.33,4,1
517.89,0.25,75.84,442.05,1,1
538.72,0.25,81.54,457.18,1,1
573.93,0.25,94.05,479.87,1,1
651.99,0.5,101.86,550.13,2,1
544.84,0.0,157.92,386.92,0,1
504.85,0.25,40.11,464.74,1,1
626.62,0.5,84.05,542.56,2,1
436.98,0.0,57.62,379.36,0,1
518.37,0.25,53.62,464.74,1,1
508.53,0.25,58.92,449.62,1,1
483.51,0.25,49.03,434.49,1,1
687.57,0.75,59.62,627.95,3,1
386.62,0.0,37.51,349.1,0,1
590.72,0.25,141.11,449.62,1,1
381.21,0.0,32.11,349.1,0,1
541.63,0.25,69.32,472.31,1,1
706.34,0.75,108.65,597.69,3,1
540.62,0.25,98.57,442.05,1,1
820.84,0.75,185.32,635.51,3,1
790.71,1.0,69.81,720.9,4,1
649.54,0.5,106.97,542.56,2,1
594.14,0.25,114.27,479.87,1,1
612.06,0.5,99.76,512.31,2,1
516.47,0.25,51.73,464.74,1,1
870.45,0.75,212.24,658.21,3,1
580.74,0.25,100.86,479.87,1,1
688.91,0.5,138.78,550.13,2,1
655.55,0.5,135.68,519.87,2,1
439.26,0.0,90.16,349.1,0,1
868.79,1.0,147.89,720.9,4,1
721.93,0.5,149.11,572.82,2,1
630.53,0.5,72.84,557.69,2,1
680.48,0.75,90.35,590.13,3,1
548.09,0.25,68.22,479.87,1,1
490.27,0.0,103.35,386.92,0,1
488.32,0.25,38.7,449.62,1,1
561.8,0.25,97.05,464.74,1,1
547.44,0.0,160.51,386.92,0,1
451.85,0.25,47.62,404.23,1,1
513.29,0.25,71.24,442.05,1,1
616.5,0.5,111.76,504.74,2,1
480.95,0.25,54.03,426.92,1,1
485.17,0.25,58.24,426.92,1,1
553.04,0.25,80.73,472.31,1,1
706.8,0.5,156.68,550.13,2,1
433.71,0.0,61.92,371.79,0,1
560.8,0.25,96.05,464.74,1,1
655.42,0.5,97.73,557.69,2,1
469.03,0.0,74.54,394.49,0,1
856.7,1.0,173.62,683.08,4,1
488.32,0.25,38.7,449.62,1,1
590.0,0.25,102.57,487.44,1,1
517.26,0.25,52.51,464.74,1,1
646.7,0.75,64.14,582.56,3,1
701.28,0.75,88.46,612.82,3,1
487.38,0.25,45.32,442.05,1,1
581.28,0.25,108.97,472.31,1,1
566.65,0.5,39.22,527.44,2,1
522.75,0.0,173.65,349.1,0,1
506.71,0.0,119.78,386.92,0,1
424.56,0.0,60.32,364.23,0,1
404.29,0.0,47.62,356.67,0,1
433.52,0.0,61.73,371.79,0,1
551.92,0.25,125.0,426.92,1,1
609.54,0.75,42.11,567.44,3,1
605.09,0.25,132.78,472.31,1,1
765.81,0.75,183.24,582.56,3,1
447.34,0.0,75.54,371.79,0,1
539.28,0.25,74.54,464.74,1,1
426.98,0.0,47.62,379.36,0,1
576.25,0.5,48.81,527.44,2,1
439.47,0.0,75.24,364.23,0,1
760.78,0.5,225.78,535.0,2,1
567.82,0.25,87.95,479.87,1,1
388.1,0.0,39.0,349.1,0,1
819.61,1.25,73.84,745.77,5,1
448.65,0.0,61.73,386.92,0,1
644.38,0.75,76.95,567.44,3,1
566.25,0.25,93.95,472.31,1,1
660.96,0.5,88.14,572.82,2,1
633.0,0.5,90.43,542.56,2,1
638.83,0.75,48.7,590.13,3,1
682.72,0.75,85.03,597.69,3,1
526.55,0.25,61.81,464.74,1,1
493.75,0.25,51.7,442.05,1,1
832.53,1.0,141.89,690.64,4,1
426.47,0.0,47.11,379.36,0,1
923.02,1.25,131.86,791.15,5,1
520.42,0.25,48.11,472.31,1,1
451.2,0.0,71.84,379.36,0,1
568.96,0.25,111.78,457.18,1,1
630.27,0.5,95.27,535.0,2,1
539.92,0.25,97.86,442.05,1,1
847.54,1.25,71.51,776.03,5,1
499.94,0.25,50.32,449.62,1,1
556.74,0.25,84.43,472.31,1,1
757.28,0.75,136.89,620.38,3,1
373.1,0.0,24.0,349.1,0,1
545.81,0.25,103.76,442.05,1,1
570.17,0.25,97.86,472.31,1,1
800.16,0.75,172.22,627.95,3,1
419.36,0.0,40.0,379.36,0,1
546.28,0.25,81.54,464.74,1,1
500.03,0.0,120.68,379.36,0,1
530.12,0.25,57.81,472.31,1,1
415.59,0.0,74.05,341.54,0,1
419.01,0.0,47.22,371.79,0,1
980.57,1.5,119.16,861.41,6,1
775.88,0.75,170.62,605.26,3,1
705.84,0.75,85.46,620.38,3,1
470.15,0.0,113.49,356.67,0,1
550.42,0.25,78.11,472.31,1,1
709.6,0.75,81.65,627.95,3,1
571.77,0.25,99.46,472.31,1,1
573.41,0.25,93.54,479.87,1,1
663.8,0.25,199.05,464.74,1,1
909.92,1.0,189.03,720.9,4,1
777.48,0.75,119.27,658.21,3,1
430.18,0.0,65.95,364.23,0,1
754.46,0.75,111.38,643.08,3,1
527.42,0.25,70.24,457.18,1,1
709.6,0.5,136.78,572.82,2,1
633.86,0.5,83.73,550.13,2,1
496.98,0.25,70.05,426.92,1,1
576.06,0.25,103.76,472.31,1,1
371.65,0.0,30.11,341.54,0,1
487.46,0.25,45.41,442.05,1,1
821.83,1.0,131.19,690.64,4,1
606.47,0.25,126.59,479.87,1,1
753.78,0.75,118.27,635.51,3,1
405.04,0.0,40.81,364.23,0,1
630.46,0.5,95.46,535.0,2,1
451.0,0.0,56.51,394.49,0,1
475.41,0.25,40.92,434.49,1,1
510.89,0.25,68.84,442.05,1,1
750.38,0.75,130.0,620.38,3,1
677.21,0.5,127.08,550.13,2,1
751.75,1.0,61.11,690.64,4,1
555.38,0.25,120.89,434.49,1,1
394.75,0.0,53.22,341.54,0,1
402.13,0.0,53.03,349.1,0,1
412.26,0.0,48.03,364.23,0,1
754.02,0.75,110.95,643.08,3,1
582.37,0.5,39.81,542.56,2,1
369.54,0.0,28.0,341.54,0,1
625.72,0.5,68.03,557.69,2,1
436.76,0.0,49.84,386.92,0,1
578.3,0.5,58.43,519.87,2,1
745.48,0.75,94.84,650.64,3,1
633.64,0.75,43.51,590.13,3,1
574.42,0.25,109.68,464.74,1,1
637.0,0.5,109.57,527.44,2,1
568.49,0.25,88.62,479.87,1,1
669.96,0.5,112.27,557.69,2,1
563.82,0.25,83.95,479.87,1,1
532.47,0.25,67.73,464.74,1,1
586.96,0.25,114.65,472.31,1,1
431.75,0.0,82.65,349.1,0,1
537.37,0.25,72.62,464.74,1,1
487.73,0.0,93.24,394.49,0,1
463.15,0.0,91.35,371.79,0,1
674.82,0.5,109.57,565.26,2,1
708.96,0.5,143.7,565.26,2,1
750.62,1.0,75.11,675.51,4,1
893.54,1.25,125.08,768.46,5,1
615.15,0.25,150.41,464.74,1,1
552.3,0.0,157.81,394.49,0,1
549.81,0.25,107.76,442.05,1,1
494.48,0.25,52.43,442.05,1,1
1055.07,1.5,216.35,838.72,6,1
454.12,0.0,74.76,379.36,0,1
705.94,0.5,155.81,550.13,2,1
388.93,0.0,24.7,364.23,0,1
408.34,0.0,44.11,364.23,0,1
696.55,0.5,116.16,580.38,2,1
657.42,0.5,92.16,565.26,2,1
689.72,0.5,139.59,550.13,2,1
443.68,0.0,64.32,379.36,0,1
600.43,0.5,65.43,535.0,2,1
545.8,0.25,81.05,464.74,1,1
709.4,0.5,166.84,542.56,2,1
555.8,0.25,91.05,464.74,1,1
456.18,0.0,107.08,349.1,0,1
461.98,0.25,42.62,419.36,1,1
371.21,0.0,22.11,349.1,0,1
639.05,0.5,88.92,550.13,2,1
649.67,0.5,99.54,550.13,2,1
520.19,0.25,78.14,442.05,1,1
