"Total_Cost","Ratio_Reloc_Prod","Horiz_Cost","Vert_Cost","nReloc","non_Optimal"
223705.89,0.3967,34954.16,188751.83,595,375
672.3,0.5,91.92,580.38,2,1
434.84,0.0,47.92,386.92,0,1
650.57,0.25,163.14,487.44,1,1
795.8,0.75,190.54,605.26,3,1
703.66,0.5,130.84,572.82,2,1
430.58,0.0,51.22,379.36,0,1
512.4,0.25,70.35,442.05,1,1
886.57,1.25,110.54,776.03,5,1
547.99,0.25,83.24,464.74,1,1
414.13,0.0,65.03,349.1,0,1
793.66,0.75,188.41,605.26,3,1
758.22,0.75,130.27,627.95,3,1
601.78,0.5,59.22,542.56,2,1
495.33,0.0,115.97,379.36,0,1
421.15,0.0,56.92,364.23,0,1
422.76,0.0,43.41,379.36,0,1
529.07,0.25,79.46,449.62,1,1
1139.61,1.75,192.81,946.79,7,1
428.01,0.0,56.22,371.79,0,1
766.12,0.75,153.3,612.82,3,1
857.57,1.0,136.68,720.9,4,1
750.57,0.75,115.05,635.51,3,1
378.51,0.0,29.41,349.1,0,1
580.31,0.25,115.57,464.74,1,1
531.92,0.25,89.86,442.05,1,1
783.28,0.75,178.03,605.26,3,1
546.97,0.25,97.35,449.62,1,1
708.04,0.75,110.35,597.69,3,1
635.57,0.5,100.57,535.0,2,1
691.56,0.5,149.0,542.56,2,1
876.4,1.0,193.32,683.08,4,1
786.69,1.0,80.92,705.77,4,1
604.25,0.25,124.38,479.87,1,1
486.7,0.25,52.22,434.49,1,1
471.52,0.0,92.16,379.36,0,1
425.21,0.0,68.54,356.67,0,1
349.22,0.0,22.81,326.41,0,1
420.61,0.0,63.95,356.67,0,1
615.27,0.5,87.84,527.44,2,1
713.17,0.75,100.35,612.82,3,1
788.55,1.0,128.16,660.38,4,1
446.6,0.0,67.24,379.36,0,1
621.07,0.25,156.32,464.74,1,1
620.76,0.25,140.89,479.87,1,1
425.37,0.0,61.14,364.23,0,1
619.97,0.5,69.84,550.13,2,1
522.96,0.25,58.22,464.74,1,1
698.9,0.75,78.51,620.38,3,1
716.66,0.75,103.84,612.82,3,1
636.06,0.5,116.19,519.87,2,1
709.89,0.75,81.95,627.95,3,1
373.1,0.0,24.0,349.1,0,1
609.05,0.5,58.92,550.13,2,1
872.76,1.0,197.24,675.51,4,1
545.6,0.25,65.73,479.87,1,1
616.78,0.25,174.73,442.05,1,1
650.49,0.5,123.05,527.44,2,1
662.09,0.5,96.84,565.26,2,1
663.64,0.5,105.95,557.69,2,1
850.73,1.0,122.27,728.46,4,1
824.39,1.0,111.05,713.33,4,1
476.94,0.0,135.41,341.54,0,1
586.26,0.25,129.08,457.18,1,1
756.28,0.75,135.89,620.38,3,1
796.1,1.0,105.46,690.64,4,1
1031.65,1.5,162.68,868.97,6,1
564.26,0.5,74.65,489.62,2,1
408.34,0.0,44.11,364.23,0,1
686.31,0.75,88.62,597.69,3,1
635.64,0.75,45.51,590.13,3,1
718.73,0.75,83.22,635.51,3,1
692.27,0.5,149.7,542.56,2,1
403.9,0.0,32.11,371.79,0,1
670.02,0.75,72.32,597.69,3,1
800.72,1.0,110.08,690.64,4,1
559.03,0.25,79.16,479.87,1,1
383.37,0.0,26.7,356.67,0,1
792.59,1.0,101.95,690.64,4,1
371.1,0.0,22.0,349.1,0,1
791.68,0.75,216.68,575.0,3,1
607.66,0.25,127.78,479.87,1,1
637.91,0.5,72.65,565.26,2,1
864.35,0.75,221.27,643.08,3,1
505.03,0.0,125.68,379.36,0,1
946.26,1.25,139.97,806.28,5,1
582.63,0.25,102.76,479.87,1,1
412.76,0.0,33.41,379.36,0,1
630.54,0.5,95.54,535.0,2,1
759.89,1.0,91.95,667.95,4,1
445.47,0.0,81.24,364.23,0,1
380.62,0.0,31.51,349.1,0,1
735.82,0.5,163.0,572.82,2,1
531.98,0.25,52.11,479.87,1,1
501.72,0.25,52.11,449.62,1,1
750.47,0.75,130.08,620.38,3,1
849.67,0.75,199.03,650.64,3,1
640.31,0.5,82.62,557.69,2,1
643.61,0.5,85.92,557.69,2,1
578.98,0.25,106.68,472.31,1,1
437.47,0.0,73.24,364.23,0,1
675.06,0.5,102.24,572.82,2,1
512.48,0.25,70.43,442.05,1,1
399.15,0.0,34.92,364.23,0,1
614.54,0.5,79.54,535.0,2,1
431.01,0.0,59.22,371.79,0,1
924.85,1.0,226.65,698.21,4,1
717.81,0.75,74.73,643.08,3,1
696.82,0.75,76.43,620.38,3,1
752.32,0.75,109.24,643.08,3,1
403.37,0.0,46.7,356.67,0,1
783.64,0.75,140.57,643.08,3,1
532.97,0.25,83.35,449.62,1,1
444.04,0.0,72.24,371.79,0,1
740.71,0.75,112.76,627.95,3,1
559.63,0.0,187.84,371.79,0,1
572.82,0.5,60.51,512.31,2,1
486.51,0.25,52.03,434.49,1,1
384.07,0.0,27.41,356.67,0,1
777.8,0.75,127.16,650.64,3,1
874.71,1.0,153.81,720.9,4,1
676.57,0.5,141.57,535.0,2,1
377.91,0.0,28.81,349.1,0,1
405.04,0.0,40.81,364.23,0,1
684.39,0.75,79.14,605.26,3,1
732.64,0.75,82.0,650.64,3,1
390.18,0.0,33.51,356.67,0,1
815.06,0.75,202.24,612.82,3,1
752.92,0.5,210.35,542.56,2,1
586.74,0.25,106.86,479.87,1,1
457.95,0.0,71.03,386.92,0,1
576.41,0.5,56.54,519.87,2,1
576.12,0.25,111.38,464.74,1,1
649.28,0.5,129.41,519.87,2,1
627.74,0.25,163.0,464.74,1,1
458.62,0.0,64.14,394.49,0,1
845.27,1.0,109.24,736.03,4,1
604.81,0.25,117.38,487.44,1,1
567.32,0.25,72.32,495.0,1,1
620.31,0.5,62.62,557.69,2,1
511.0,0.25,68.95,442.05,1,1
383.07,0.0,26.41,356.67,0,1
502.48,0.25,60.43,442.05,1,1
605.12,0.5,85.24,519.87,2,1
704.42,0.75,99.16,605.26,3,1
620.58,0.5,108.27,512.31,2,1
516.31,0.25,44.0,472.31,1,1
381.21,0.0,32.11,349.1,0,1
563.2,0.25,98.46,464.74,1,1
502.22,0.25,67.73,434.49,1,1
477.46,0.0,90.54,386.92,0,1
514.17,0.25,87.24,426.92,1,1
385.37,0.0,28.7,356.67,0,1
383.91,0.0,34.81,349.1,0,1
405.48,0.0,63.95,341.54,0,1
510.43,0.25,75.95,434.49,1,1
886.01,1.0,165.11,720.9,4,1
624.13,0.5,74.0,550.13,2,1
897.38,1.25,136.49,760.9,5,1
929.11,1.25,153.08,776.03,5,1
555.2,0.25,75.32,479.87,1,1
494.79,0.0,107.86,386.92,0,1
850.81,1.0,122.35,728.46,4,1
801.01,1.0,148.19,652.82,4,1
588.57,0.25,101.14,487.44,1,1
475.79,0.25,56.43,419.36,1,1
363.65,0.0,22.11,341.54,0,1
785.27,0.75,142.19,643.08,3,1
536.66,0.25,71.92,464.74,1,1
592.96,0.5,80.65,512.31,2,1
745.08,1.0,62.0,683.08,4,1
415.59,0.0,74.05,341.54,0,1
474.75,0.25,32.7,442.05,1,1
653.95,0.5,134.08,519.87,2,1
440.87,0.0,61.51,379.36,0,1
425.15,0.0,60.92,364.23,0,1
455.74,0.0,83.95,371.79,0,1
638.88,0.25,174.14,464.74,1,1
687.77,0.75,74.95,612.82,3,1
401.43,0.0,52.32,349.1,0,1
884.36,1.25,138.59,745.77,5,1
637.6,0.5,110.16,527.44,2,1
463.3,0.0,83.95,379.36,0,1
475.87,0.0,88.95,386.92,0,1
665.21,0.75,67.51,597.69,3,1
517.35,0.25,67.73,449.62,1,1
596.48,0.25,139.3,457.18,1,1
820.65,1.0,99.76,720.9,4,1
616.57,0.5,89.14,527.44,2,1
461.44,0.0,89.65,371.79,0,1
574.82,0.25,94.95,479.87,1,1
656.31,0.5,91.05,565.26,2,1
639.58,0.25,174.84,464.74,1,1
504.85,0.25,40.11,464.74,1,1
424.61,0.0,67.95,356.67,0,1
429.85,0.0,65.62,364.23,0,1
518.37,0.25,53.62,464.74,1,1
531.66,0.25,66.92,464.74,1,1
483.51,0.25,49.03,434.49,1,1
687.57,0.75,59.62,627.95,3,1
386.62,0.0,37.51,349.1,0,1
610.45,0.25,145.7,464.74,1,1
369.1,0.0,20.0,349.1,0,1
537.47,0.25,72.73,464.74,1,1
744.45,1.0,106.76,637.69,4,1
617.19,0.5,89.76,527.44,2,1
813.33,0.75,192.95,620.38,3,1
757.28,1.0,51.51,705.77,4,1
672.37,0.5,114.68,557.69,2,1
687.23,0.5,121.97,565.26,2,1
553.07,0.25,103.46,449.62,1,1
504.91,0.25,47.73,457.18,1,1
836.76,0.75,201.24,635.51,3,1
556.06,0.25,83.76,472.31,1,1
681.65,0.5,139.08,542.56,2,1
649.44,0.5,129.57,519.87,2,1
455.25,0.0,83.46,371.79,0,1
841.31,1.0,127.97,713.33,4,1
628.09,0.25,148.22,479.87,1,1
611.4,0.5,68.84,542.56,2,1
677.21,0.75,94.65,582.56,3,1
542.23,0.25,69.92,472.31,1,1
482.17,0.0,95.24,386.92,0,1
437.63,0.0,50.7,386.92,0,1
442.18,0.0,77.95,364.23,0,1
532.87,0.0,153.51,379.36,0,1
464.2,0.25,52.41,411.79,1,1
585.85,0.5,73.54,512.31,2,1
456.99,0.0,92.76,364.23,0,1
503.22,0.25,68.73,434.49,1,1
495.03,0.25,60.54,434.49,1,1
646.42,0.5,88.73,557.69,2,1
779.62,0.75,151.68,627.95,3,1
500.11,0.25,65.62,434.49,1,1
478.52,0.0,99.16,379.36,0,1
566.74,0.25,94.43,472.31,1,1
457.46,0.0,70.54,386.92,0,1
841.98,1.0,174.03,667.95,4,1
508.85,0.25,44.11,464.74,1,1
575.38,0.25,87.95,487.44,1,1
415.85,0.0,51.62,364.23,0,1
762.37,1.0,71.73,690.64,4,1
793.07,1.0,147.81,645.26,4,1
631.11,0.5,103.68,527.44,2,1
608.71,0.25,121.27,487.44,1,1
587.97,0.5,45.41,542.56,2,1
530.21,0.0,173.54,356.67,0,1
450.23,0.0,93.57,356.67,0,1
412.93,0.0,48.7,364.23,0,1
406.99,0.0,50.32,356.67,0,1
508.48,0.25,66.43,442.05,1,1
643.31,0.5,131.0,512.31,2,1
410.34,0.0,46.11,364.23,0,1
610.5,0.25,138.19,472.31,1,1
659.99,0.25,195.24,464.74,1,1
426.5,0.0,69.84,356.67,0,1
529.02,0.25,71.84,457.18,1,1
424.87,0.0,45.51,379.36,0,1
507.55,0.25,42.81,464.74,1,1
502.65,0.0,108.16,394.49,0,1
943.59,1.0,260.51,683.08,4,1
568.41,0.25,88.54,479.87,1,1
393.1,0.0,44.0,349.1,0,1
741.51,1.0,58.43,683.08,4,1
608.29,0.5,65.73,542.56,2,1
581.39,0.5,76.65,504.74,2,1
523.45,0.25,73.84,449.62,1,1
664.86,0.75,74.73,590.13,3,1
615.95,0.5,80.95,535.0,2,1
571.44,0.5,44.0,527.44,2,1
581.17,0.5,53.73,527.44,2,1
619.64,0.5,69.51,550.13,2,1
560.55,0.5,55.81,504.74,2,1
831.53,1.0,140.89,690.64,4,1
395.74,0.0,31.51,364.23,0,1
946.8,1.25,148.08,798.72,5,1
588.37,0.5,45.81,542.56,2,1
444.49,0.0,65.14,379.36,0,1
483.58,0.0,111.78,371.79,0,1
653.15,0.5,95.46,557.69,2,1
543.73,0.25,101.68,442.05,1,1
733.42,0.75,75.22,658.21,3,1
411.15,0.0,46.92,364.23,0,1
642.26,0.5,92.14,550.13,2,1
757.28,0.75,136.89,620.38,3,1
394.5,0.0,22.7,371.79,0,1
874.65,1.0,146.19,728.46,4,1
577.77,0.25,105.46,472.31,1,1
897.85,1.0,184.51,713.33,4,1
405.5,0.0,33.7,371.79,0,1
531.96,0.25,67.22,464.74,1,1
477.82,0.0,98.46,379.36,0,1
525.37,0.25,60.62,464.74,1,1
502.87,0.25,75.95,426.92,1,1
397.88,0.0,41.22,356.67,0,1
975.46,1.5,114.05,861.41,6,1
726.47,0.75,113.65,612.82,3,1
656.28,0.75,51.03,605.26,3,1
585.07,0.25,127.89,457.18,1,1
577.7,0.25,82.7,495.0,1,1
709.46,0.75,73.95,635.51,3,1
583.93,0.25,104.05,479.87,1,1
677.61,0.5,112.35,565.26,2,1
654.44,0.25,182.14,472.31,1,1
811.84,0.75,176.32,635.51,3,1
771.61,0.75,120.97,650.64,3,1
626.46,0.5,91.46,535.0,2,1
558.04,0.5,45.73,512.31,2,1
531.51,0.25,89.46,442.05,1,1
601.23,0.25,136.49,464.74,1,1
710.85,0.75,98.03,612.82,3,1
440.44,0.0,68.65,371.79,0,1
574.66,0.25,102.35,472.31,1,1
382.1,0.0,33.0,349.1,0,1
400.45,0.0,36.22,364.23,0,1
863.95,1.0,135.49,728.46,4,1
503.52,0.0,116.59,386.92,0,1
669.61,0.5,104.35,565.26,2,1
411.04,0.0,46.81,364.23,0,1
647.48,0.5,97.35,550.13,2,1
467.27,0.0,65.22,402.05,0,1
409.42,0.0,37.62,371.79,0,1
512.29,0.25,70.24,442.05,1,1
753.14,0.75,125.19,627.95,3,1
503.88,0.25,46.7,457.18,1,1
689.32,0.75,53.81,635.51,3,1
516.16,0.0,121.68,394.49,0,1
471.39,0.25,52.03,419.36,1,1
392.27,0.0,50.73,341.54,0,1
366.24,0.0,24.7,341.54,0,1
658.2,0.5,92.95,565.26,2,1
517.52,0.25,45.22,472.31,1,1
381.1,0.0,32.0,349.1,0,1
635.53,0.5,77.84,557.69,2,1
610.7,0.5,68.14,542.56,2,1
602.84,0.5,67.84,535.0,2,1
870.3,1.25,101.84,768.46,5,1
579.06,0.5,51.62,527.44,2,1
533.16,0.25,83.54,449.62,1,1
581.12,0.25,116.38,464.74,1,1
543.07,0.25,78.32,464.74,1,1
767.64,0.75,124.57,643.08,3,1
624.24,0.5,89.24,535.0,2,1
544.04,0.25,71.73,472.31,1,1
661.78,0.5,111.65,550.13,2,1
558.69,0.25,93.95,464.74,1,1
544.99,0.25,80.24,464.74,1,1
451.15,0.0,79.35,371.79,0,1
556.94,0.25,99.76,457.18,1,1
572.01,0.25,107.27,464.74,1,1
828.93,0.75,170.73,658.21,3,1
768.13,1.0,92.62,675.51,4,1
896.72,1.25,105.57,791.15,5,1
595.58,0.25,138.41,457.18,1,1
549.54,0.0,162.62,386.92,0,1
581.6,0.25,147.11,434.49,1,1
389.77,0.0,33.11,356.67,0,1
528.68,0.0,149.32,379.36,0,1
539.55,0.25,67.24,472.31,1,1
832.13,1.0,141.49,690.64,4,1
413.5,0.0,41.7,371.79,0,1
409.04,0.0,44.81,364.23,0,1
653.45,0.5,95.76,557.69,2,1
542.5,0.25,77.76,464.74,1,1
605.2,0.25,132.89,472.31,1,1
416.29,0.0,59.62,356.67,0,1
704.08,0.75,76.14,627.95,3,1
551.2,0.25,86.46,464.74,1,1
833.93,0.75,175.73,658.21,3,1
593.49,0.25,106.05,487.44,1,1
560.02,0.25,117.97,442.05,1,1
413.79,0.0,42.0,371.79,0,1
398.93,0.0,34.7,364.23,0,1
638.56,0.5,88.43,550.13,2,1
552.88,0.25,88.14,464.74,1,1
451.79,0.0,72.43,379.36,0,1
