"Total_Cost","Ratio_Reloc_Prod","Horiz_Cost","Vert_Cost","nReloc","non_Optimal"
257202.96,0.788,44048.1,213154.65,1182,300
669.84,0.6,62.41,607.44,3,1
517.49,0.2,58.14,459.36,1,1
426.91,0.0,37.81,389.1,0,1
587.21,0.2,105.16,482.05,1,1
484.94,0.0,95.84,389.1,0,1
680.77,0.6,96.03,584.74,3,1
608.97,0.4,86.92,522.05,2,1
523.99,0.0,119.76,404.23,0,1
1031.78,1.2,221.14,810.64,6,1
817.67,0.8,139.97,677.69,4,1
923.3,1.0,175.35,747.95,5,1
933.52,1.0,185.57,747.95,5,1
723.31,0.6,85.62,637.69,3,1
790.85,0.6,145.59,645.26,3,1
1373.56,2.0,221.38,1152.18,10,1
549.19,0.2,67.14,482.05,1,1
484.35,0.0,95.24,389.1,0,1
985.63,1.2,144.73,840.9,6,1
885.93,1.0,145.54,740.38,5,1
460.56,0.0,56.32,404.23,0,1
482.79,0.0,63.43,419.36,0,1
1114.88,1.4,188.59,926.28,7,1
874.68,0.8,174.3,700.38,4,1
1096.39,1.2,263.05,833.33,6,1
847.9,0.8,155.08,692.82,4,1
1100.41,1.2,251.95,848.46,6,1
907.66,0.8,222.41,685.26,4,1
993.55,1.2,152.65,840.9,6,1
886.67,0.8,208.97,677.69,4,1
685.6,0.4,118.16,567.44,2,1
543.29,0.0,101.24,442.05,0,1
842.47,0.6,197.22,645.26,3,1
772.93,0.6,112.54,660.38,3,1
984.08,1.0,160.49,823.59,5,1
670.19,0.4,87.62,582.56,2,1
829.71,0.8,121.76,707.95,4,1
654.62,0.4,79.62,575.0,2,1
658.68,0.4,91.24,567.44,2,1
604.09,0.2,137.16,466.92,1,1
664.77,0.4,112.46,552.31,2,1
635.33,0.4,83.03,552.31,2,1
1570.53,2.4,224.89,1345.64,12,1
548.05,0.2,66.0,482.05,1,1
761.7,0.6,131.57,630.13,3,1
613.88,0.2,101.57,512.31,1,1
678.4,0.4,95.84,582.56,2,1
656.89,0.4,74.32,582.56,2,1
1414.6,2.0,247.3,1167.31,10,1
772.66,0.6,119.84,652.82,3,1
737.53,0.4,147.41,590.13,2,1
979.03,1.0,163.0,816.03,5,1
780.21,0.6,150.08,630.13,3,1
776.35,0.6,100.84,675.51,3,1
1011.06,1.2,109.65,901.41,6,1
835.57,0.8,120.05,715.51,4,1
749.03,0.6,149.16,599.87,3,1
873.37,0.8,195.68,677.69,4,1
784.18,0.6,146.49,637.69,3,1
766.9,0.6,114.08,652.82,3,1
509.09,0.0,82.16,426.92,0,1
1323.37,1.6,311.7,1011.67,8,1
973.13,1.0,202.49,770.64,5,1
688.28,0.4,135.97,552.31,2,1
1017.51,1.2,161.49,856.03,6,1
1082.62,1.4,133.65,948.97,7,1
1012.97,1.2,149.38,863.59,6,1
1113.45,1.2,234.73,878.72,6,1
809.85,0.8,132.16,677.69,4,1
616.52,0.2,96.65,519.87,1,1
662.66,0.4,110.35,552.31,2,1
946.59,1.0,115.43,831.15,5,1
479.47,0.0,75.24,404.23,0,1
663.21,0.4,80.65,582.56,2,1
897.81,0.8,174.73,723.08,4,1
647.82,0.4,87.95,559.87,2,1
955.45,1.0,131.86,823.59,5,1
936.55,0.8,183.22,753.33,4,1
932.55,1.0,131.65,800.9,5,1
1071.5,1.2,192.78,878.72,6,1
634.86,0.4,105.24,529.62,2,1
1468.3,2.0,285.86,1182.44,10,1
948.53,1.0,162.76,785.77,5,1
671.47,0.4,119.16,552.31,2,1
1103.0,1.4,146.46,956.54,7,1
631.75,0.2,134.57,497.18,1,1
486.63,0.0,59.7,426.92,0,1
1253.68,1.6,204.19,1049.49,8,1
863.11,0.8,155.16,707.95,4,1
638.03,0.4,63.03,575.0,2,1
1205.26,1.6,186.03,1019.23,8,1
1299.28,1.8,179.54,1119.74,9,1
872.05,0.8,148.97,723.08,4,1
502.85,0.0,91.05,411.79,0,1
729.48,0.6,99.35,630.13,3,1
781.33,0.6,120.95,660.38,3,1
981.01,1.0,180.11,800.9,5,1
840.16,0.8,124.65,715.51,4,1
956.17,0.8,263.35,692.82,4,1
1282.07,1.6,323.35,958.72,8,1
897.88,0.8,159.68,738.21,4,1
984.58,1.0,145.86,838.72,5,1
1027.05,1.2,163.46,863.59,6,1
477.64,0.0,88.54,389.1,0,1
1058.34,1.2,179.62,878.72,6,1
694.12,0.4,149.38,544.74,2,1
770.89,0.6,102.95,667.95,3,1
1130.65,1.4,128.73,1001.92,7,1
1117.16,1.2,261.14,856.03,6,1
1097.06,1.2,203.22,893.85,6,1
504.26,0.0,115.16,389.1,0,1
749.59,0.6,119.46,630.13,3,1
591.51,0.2,109.46,482.05,1,1
631.2,0.2,126.46,504.74,1,1
489.82,0.0,78.03,411.79,0,1
1013.94,1.0,197.92,816.03,5,1
782.01,0.6,136.76,645.26,3,1
541.09,0.0,114.16,426.92,0,1
522.41,0.0,87.92,434.49,0,1
1523.28,2.2,263.03,1260.26,11,1
559.35,0.2,69.73,489.62,1,1
833.0,0.8,125.05,707.95,4,1
796.44,0.6,136.05,660.38,3,1
775.83,0.6,153.27,622.56,3,1
507.33,0.0,72.84,434.49,0,1
1271.77,1.6,192.03,1079.74,8,1
754.66,0.6,154.78,599.87,3,1
872.78,0.8,157.27,715.51,4,1
1238.12,1.6,218.89,1019.23,8,1
1213.67,1.6,209.57,1004.1,8,1
1143.47,1.4,209.62,933.85,7,1
1086.21,1.4,114.54,971.67,7,1
982.79,1.2,149.46,833.33,6,1
484.98,0.0,65.62,419.36,0,1
770.36,0.6,117.54,652.82,3,1
553.69,0.0,141.89,411.79,0,1
1065.54,1.2,149.0,916.54,6,1
708.15,0.4,163.41,544.74,2,1
499.41,0.0,80.05,419.36,0,1
733.42,0.6,95.73,637.69,3,1
898.34,0.8,167.7,730.64,4,1
587.5,0.2,135.7,451.79,1,1
508.85,0.0,97.05,411.79,0,1
574.3,0.2,107.38,466.92,1,1
1045.97,1.2,121.86,924.1,6,1
674.42,0.4,129.68,544.74,2,1
1018.05,1.2,154.46,863.59,6,1
659.27,0.4,91.84,567.44,2,1
1175.71,1.4,249.43,926.28,7,1
884.92,0.8,176.97,707.95,4,1
1120.78,1.4,156.68,964.1,7,1
820.94,0.6,190.81,630.13,3,1
904.52,1.0,156.57,747.95,5,1
1146.38,1.4,197.41,948.97,7,1
1127.68,1.4,193.84,933.85,7,1
911.03,1.0,110.14,800.9,5,1
510.48,0.0,68.43,442.05,0,1
671.25,0.4,111.38,559.87,2,1
1179.7,1.4,230.73,948.97,7,1
853.82,0.8,168.57,685.26,4,1
1045.96,1.2,174.81,871.15,6,1
1211.05,1.6,199.38,1011.67,8,1
1044.75,1.2,173.59,871.15,6,1
605.07,0.4,60.32,544.74,2,1
964.06,1.0,155.59,808.46,5,1
1297.15,1.8,177.41,1119.74,9,1
769.87,0.6,170.0,599.87,3,1
1258.35,1.4,309.38,948.97,7,1
936.92,1.0,128.46,808.46,5,1
913.13,0.8,197.62,715.51,4,1
1012.47,1.2,133.76,878.72,6,1
746.44,0.6,146.57,599.87,3,1
1080.44,1.4,154.16,926.28,7,1
950.82,1.0,157.49,793.33,5,1
1051.66,1.2,165.38,886.28,6,1
1127.38,1.2,271.35,856.03,6,1
628.82,0.4,76.51,552.31,2,1
786.76,0.6,111.24,675.51,3,1
567.05,0.2,77.43,489.62,1,1
631.42,0.2,126.68,504.74,1,1
1316.57,1.4,367.59,948.97,7,1
1073.42,1.2,194.7,878.72,6,1
808.4,0.6,170.7,637.69,3,1
1016.65,1.2,115.24,901.41,6,1
793.22,0.8,92.84,700.38,4,1
602.49,0.2,128.0,474.49,1,1
510.83,0.0,114.16,396.67,0,1
501.97,0.0,112.86,389.1,0,1
989.72,1.2,126.14,863.59,6,1
670.67,0.4,80.54,590.13,2,1
911.88,1.0,141.24,770.64,5,1
626.25,0.2,113.95,512.31,1,1
1371.89,1.8,221.89,1150.0,9,1
612.5,0.2,160.7,451.79,1,1
1144.69,1.6,133.03,1011.67,8,1
1083.82,1.2,242.92,840.9,6,1
459.5,0.0,47.7,411.79,0,1
713.54,0.4,146.11,567.44,2,1
750.75,0.6,113.05,637.69,3,1
1232.12,1.6,205.32,1026.79,8,1
821.25,0.8,120.86,700.38,4,1
1313.37,1.8,201.19,1112.18,9,1
949.44,1.0,163.68,785.77,5,1
855.84,0.8,147.89,707.95,4,1
1336.89,1.8,247.41,1089.49,9,1
502.42,0.0,90.62,411.79,0,1
1102.02,1.2,223.3,878.72,6,1
1033.92,1.2,177.89,856.03,6,1
527.05,0.0,130.38,396.67,0,1
1124.05,1.4,152.38,971.67,7,1
891.4,1.0,128.32,763.08,5,1
687.75,0.4,90.05,597.69,2,1
1041.41,1.2,147.57,893.85,6,1
750.85,0.6,98.03,652.82,3,1
768.95,0.6,161.51,607.44,3,1
936.57,1.0,135.68,800.9,5,1
653.8,0.4,109.05,544.74,2,1
1185.46,1.4,297.0,888.46,7,1
494.35,0.0,105.24,389.1,0,1
1081.37,1.2,210.22,871.15,6,1
541.95,0.2,75.03,466.92,1,1
617.45,0.2,120.27,497.18,1,1
671.6,0.4,104.16,567.44,2,1
1007.22,1.0,206.32,800.9,5,1
723.2,0.6,123.32,599.87,3,1
782.88,0.6,152.76,630.13,3,1
484.5,0.0,72.7,411.79,0,1
484.67,0.0,95.57,389.1,0,1
469.89,0.0,35.41,434.49,0,1
1254.7,1.6,205.22,1049.49,8,1
1090.14,1.2,249.24,840.9,6,1
1256.61,1.6,229.81,1026.79,8,1
1072.44,1.2,178.59,893.85,6,1
983.33,1.2,134.86,848.46,6,1
1012.25,1.2,110.84,901.41,6,1
759.06,0.6,106.24,652.82,3,1
640.08,0.4,57.51,582.56,2,1
1027.86,1.2,164.27,863.59,6,1
639.38,0.2,164.89,474.49,1,1
1066.77,1.2,180.49,886.28,6,1
982.21,1.0,166.19,816.03,5,1
875.35,0.8,152.27,723.08,4,1
985.84,1.0,237.89,747.95,5,1
1056.72,1.2,125.05,931.67,6,1
955.98,1.0,215.59,740.38,5,1
1166.57,1.4,210.03,956.54,7,1
960.86,1.0,137.27,823.59,5,1
664.14,0.4,89.14,575.0,2,1
689.8,0.4,145.05,544.74,2,1
592.49,0.2,125.57,466.92,1,1
1264.62,1.6,207.57,1057.05,8,1
1808.16,2.8,276.62,1531.54,14,1
1122.24,1.4,173.27,948.97,7,1
492.26,0.0,88.03,404.23,0,1
1027.57,1.2,186.68,840.9,6,1
962.47,1.0,176.7,785.77,5,1
563.4,0.2,81.35,482.05,1,1
926.74,0.8,226.35,700.38,4,1
845.59,0.8,130.08,715.51,4,1
1237.57,1.4,288.59,948.97,7,1
927.52,0.8,227.14,700.38,4,1
514.37,0.0,110.14,404.23,0,1
932.09,0.8,231.7,700.38,4,1
929.79,1.0,136.46,793.33,5,1
1246.62,1.8,157.14,1089.49,9,1
977.92,1.0,161.89,816.03,5,1
932.08,1.0,116.05,816.03,5,1
720.85,0.6,68.03,652.82,3,1
574.92,0.2,92.86,482.05,1,1
666.61,0.4,121.86,544.74,2,1
637.51,0.4,62.51,575.0,2,1
670.1,0.4,87.54,582.56,2,1
991.75,1.2,128.16,863.59,6,1
845.94,0.8,122.86,723.08,4,1
1051.57,1.2,203.11,848.46,6,1
733.92,0.6,111.35,622.56,3,1
1028.55,1.2,142.27,886.28,6,1
823.02,0.6,192.89,630.13,3,1
894.49,0.8,118.46,776.03,4,1
719.74,0.6,66.92,652.82,3,1
580.44,0.2,121.08,459.36,1,1
1264.57,1.6,169.7,1094.87,8,1
475.36,0.0,56.0,419.36,0,1
1051.94,1.2,180.78,871.15,6,1
578.92,0.2,104.43,474.49,1,1
1229.62,1.6,172.57,1057.05,8,1
833.64,0.8,95.43,738.21,4,1
797.31,0.8,112.05,685.26,4,1
885.63,0.8,192.81,692.82,4,1
693.6,0.6,93.73,599.87,3,1
1036.54,1.2,180.51,856.03,6,1
595.9,0.2,128.97,466.92,1,1
1099.18,1.0,260.46,838.72,5,1
787.7,0.6,172.7,615.0,3,1
1168.48,1.4,264.89,903.59,7,1
618.26,0.4,73.51,544.74,2,1
760.69,0.4,215.95,544.74,2,1
1020.63,1.2,134.35,886.28,6,1
808.88,0.6,163.62,645.26,3,1
1107.68,1.4,166.27,941.41,7,1
504.28,0.0,100.05,404.23,0,1
