"Total_Cost","Ratio_Reloc_Prod","Horiz_Cost","Vert_Cost","nReloc","non_Optimal"
234751.26,0.4073,45972.14,188779.26,611,300
638.3,0.2,57.92,580.38,1,1
691.86,0.2,149.3,542.56,1,1
1192.18,1.2,200.0,992.18,6,1
1206.06,1.0,291.7,914.36,5,1
540.83,0.0,83.65,457.18,0,1
599.81,0.2,57.24,542.56,1,1
1384.15,1.4,344.41,1039.74,7,1
658.1,0.2,107.97,550.13,1,1
627.49,0.2,100.05,527.44,1,1
624.91,0.2,67.22,557.69,1,1
1273.73,1.2,311.81,961.92,6,1
747.54,0.4,104.46,643.08,2,1
870.16,0.6,126.57,743.59,3,1
602.55,0.2,90.24,512.31,1,1
1127.46,1.2,210.92,916.54,6,1
798.92,0.6,78.03,720.9,3,1
915.94,0.8,139.92,776.03,4,1
779.2,0.4,113.43,665.77,2,1
525.16,0.0,75.54,449.62,0,1
764.71,0.4,151.89,612.82,2,1
1222.37,1.2,230.19,992.18,6,1
1048.58,1.0,134.22,914.36,5,1
562.58,0.0,97.84,464.74,0,1
706.58,0.2,148.89,557.69,1,1
1224.4,1.0,332.73,891.67,5,1
541.26,0.0,91.65,449.62,0,1
646.99,0.2,81.73,565.26,1,1
1538.59,1.6,421.03,1117.56,8,1
894.27,0.6,150.68,743.59,3,1
591.83,0.0,142.22,449.62,0,1
957.1,0.6,213.51,743.59,3,1
582.75,0.0,125.57,457.18,0,1
818.92,0.4,190.97,627.95,2,1
623.87,0.4,56.43,567.44,2,1
632.58,0.2,127.84,504.74,1,1
923.16,0.6,194.7,728.46,3,1
789.89,0.4,154.38,635.51,2,1
833.3,0.4,197.78,635.51,2,1
701.95,0.2,182.08,519.87,1,1
444.5,0.0,32.7,411.79,0,1
911.98,0.6,198.65,713.33,3,1
690.46,0.2,147.89,542.56,1,1
558.21,0.0,116.16,442.05,0,1
545.61,0.0,88.43,457.18,0,1
826.05,0.6,142.97,683.08,3,1
677.91,0.2,127.78,550.13,1,1
517.56,0.0,67.95,449.62,0,1
639.63,0.2,119.76,519.87,1,1
1099.51,0.8,270.54,828.97,4,1
1091.46,1.0,222.49,868.97,5,1
914.51,0.8,70.41,844.1,4,1
789.12,0.4,176.3,612.82,2,1
1102.54,1.0,226.0,876.54,5,1
1202.92,1.2,286.38,916.54,6,1
721.68,0.2,194.24,527.44,1,1
767.24,0.6,84.16,683.08,3,1
805.75,0.6,122.68,683.08,3,1
625.23,0.2,128.05,497.18,1,1
912.55,0.8,166.78,745.77,4,1
437.79,0.0,26.0,411.79,0,1
652.88,0.4,47.62,605.26,2,1
788.86,0.6,98.22,690.64,3,1
1027.73,1.0,211.7,816.03,5,1
954.1,0.6,210.51,743.59,3,1
562.37,0.0,112.76,449.62,0,1
792.06,0.6,78.73,713.33,3,1
543.76,0.0,116.84,426.92,0,1
804.97,0.4,169.46,635.51,2,1
982.88,0.6,216.59,766.28,3,1
791.05,0.4,147.97,643.08,2,1
439.2,0.0,27.41,411.79,0,1
496.81,0.0,62.32,434.49,0,1
638.19,0.2,95.62,542.56,1,1
659.45,0.2,101.76,557.69,1,1
695.34,0.2,130.08,565.26,1,1
701.7,0.2,151.57,550.13,1,1
662.12,0.2,104.43,557.69,1,1
785.65,0.6,125.27,660.38,3,1
503.84,0.0,76.92,426.92,0,1
1205.88,1.0,367.16,838.72,5,1
1039.31,0.8,285.97,753.33,4,1
1046.47,0.8,232.62,813.85,4,1
791.3,0.4,155.78,635.51,2,1
977.51,0.6,233.92,743.59,3,1
815.21,0.6,124.57,690.64,3,1
725.21,0.4,82.14,643.08,2,1
813.37,0.4,170.3,643.08,2,1
770.47,0.4,150.08,620.38,2,1
845.29,0.4,187.08,658.21,2,1
566.47,0.0,101.73,464.74,0,1
860.8,0.6,162.59,698.21,3,1
963.47,0.6,197.19,766.28,3,1
864.15,0.4,205.95,658.21,2,1
746.83,0.4,103.76,643.08,2,1
1023.38,0.8,194.41,828.97,4,1
580.47,0.0,108.16,472.31,0,1
693.82,0.2,128.57,565.26,1,1
566.83,0.0,109.65,457.18,0,1
566.75,0.0,124.7,442.05,0,1
516.92,0.0,82.43,434.49,0,1
627.54,0.2,92.54,535.0,1,1
787.07,0.6,96.43,690.64,3,1
618.56,0.2,76.0,542.56,1,1
708.15,0.2,142.89,565.26,1,1
693.37,0.2,135.68,557.69,1,1
927.06,0.8,166.16,760.9,4,1
635.65,0.2,100.65,535.0,1,1
712.33,0.6,59.51,652.82,3,1
1157.43,0.8,328.46,828.97,4,1
891.41,0.6,178.08,713.33,3,1
866.83,0.4,216.19,650.64,2,1
922.56,0.6,178.97,743.59,3,1
736.45,0.2,171.19,565.26,1,1
856.34,0.4,198.14,658.21,2,1
823.82,0.4,150.49,673.33,2,1
1064.05,0.8,333.41,730.64,4,1
566.35,0.2,38.92,527.44,1,1
897.83,0.8,114.24,783.59,4,1
858.9,0.8,113.14,745.77,4,1
586.79,0.0,159.86,426.92,0,1
627.13,0.2,84.57,542.56,1,1
587.4,0.0,130.22,457.18,0,1
738.91,0.4,133.65,605.26,2,1
622.95,0.2,87.95,535.0,1,1
733.14,0.2,198.14,535.0,1,1
567.26,0.0,110.08,457.18,0,1
950.34,0.6,191.62,758.72,3,1
694.32,0.4,58.81,635.51,2,1
814.35,0.4,171.27,643.08,2,1
1456.85,1.2,457.11,999.74,6,1
585.88,0.0,113.57,472.31,0,1
734.25,0.4,121.43,612.82,2,1
524.29,0.2,27.11,497.18,1,1
623.37,0.2,80.81,542.56,1,1
1228.99,1.0,329.76,899.23,5,1
885.89,0.6,202.81,683.08,3,1
724.16,0.2,181.59,542.56,1,1
777.77,0.6,140.08,637.69,3,1
1124.04,0.8,317.76,806.28,4,1
718.81,0.4,75.73,643.08,2,1
711.15,0.2,153.46,557.69,1,1
698.37,0.2,140.68,557.69,1,1
743.62,0.6,68.11,675.51,3,1
889.2,0.4,276.38,612.82,2,1
730.56,0.2,180.43,550.13,1,1
635.27,0.2,100.27,535.0,1,1
795.72,0.4,145.08,650.64,2,1
691.12,0.2,125.86,565.26,1,1
648.14,0.2,113.14,535.0,1,1
675.32,0.2,140.32,535.0,1,1
662.72,0.4,65.03,597.69,2,1
921.9,0.6,208.57,713.33,3,1
710.07,0.4,119.95,590.13,2,1
773.07,0.4,114.86,658.21,2,1
616.58,0.0,159.41,457.18,0,1
627.67,0.0,170.49,457.18,0,1
647.27,0.2,119.84,527.44,1,1
642.19,0.2,99.62,542.56,1,1
757.84,0.4,129.89,627.95,2,1
750.36,0.2,185.11,565.26,1,1
617.37,0.0,160.19,457.18,0,1
705.91,0.2,140.65,565.26,1,1
905.95,0.8,137.49,768.46,4,1
557.53,0.0,100.35,457.18,0,1
964.65,0.6,228.62,736.03,3,1
1259.55,1.2,312.76,946.79,6,1
1316.61,1.0,409.81,906.79,5,1
1123.76,0.8,294.78,828.97,4,1
654.39,0.2,89.14,565.26,1,1
500.38,0.0,58.32,442.05,0,1
998.18,0.8,199.46,798.72,4,1
751.12,0.4,92.92,658.21,2,1
922.65,0.4,294.7,627.95,2,1
1200.74,1.0,293.95,906.79,5,1
608.07,0.2,103.32,504.74,1,1
755.36,0.4,150.11,605.26,2,1
896.47,0.6,183.14,713.33,3,1
813.86,0.4,163.22,650.64,2,1
886.58,0.6,188.38,698.21,3,1
954.92,0.6,218.89,736.03,3,1
678.23,0.2,112.97,565.26,1,1
555.94,0.0,98.76,457.18,0,1
610.7,0.2,68.14,542.56,1,1
647.97,0.2,97.84,550.13,1,1
679.63,0.2,152.19,527.44,1,1
1048.96,1.0,149.73,899.23,5,1
679.83,0.2,122.14,557.69,1,1
440.5,0.0,28.7,411.79,0,1
1245.42,1.0,353.76,891.67,5,1
753.02,0.2,195.32,557.69,1,1
1304.24,1.2,327.19,977.05,6,1
569.94,0.0,112.76,457.18,0,1
458.71,0.0,46.92,411.79,0,1
620.24,0.2,85.24,535.0,1,1
555.02,0.0,97.84,457.18,0,1
568.85,0.2,56.54,512.31,1,1
1117.6,1.0,256.19,861.41,5,1
865.67,0.6,175.03,690.64,3,1
990.16,0.8,161.19,828.97,4,1
844.19,0.6,115.73,728.46,3,1
774.42,0.4,161.59,612.82,2,1
685.04,0.2,119.78,565.26,1,1
850.21,0.6,159.57,690.64,3,1
1002.97,0.6,266.95,736.03,3,1
676.5,0.2,111.24,565.26,1,1
667.22,0.2,147.35,519.87,1,1
1313.37,1.2,321.19,992.18,6,1
1048.42,0.6,297.27,751.15,3,1
798.95,0.4,171.0,627.95,2,1
1026.02,0.8,227.3,798.72,4,1
660.04,0.2,87.22,572.82,1,1
545.14,0.0,110.65,434.49,0,1
894.36,0.6,181.03,713.33,3,1
919.17,0.6,213.41,705.77,3,1
735.72,0.2,178.03,557.69,1,1
667.82,0.2,155.51,512.31,1,1
738.65,0.4,118.27,620.38,2,1
871.11,0.6,195.59,675.51,3,1
826.51,0.6,135.86,690.64,3,1
580.64,0.0,123.46,457.18,0,1
1034.28,0.8,212.86,821.41,4,1
1000.47,0.6,279.57,720.9,3,1
1151.94,1.0,275.41,876.54,5,1
903.12,0.6,197.35,705.77,3,1
569.37,0.0,119.76,449.62,0,1
1120.17,1.0,213.38,906.79,5,1
527.86,0.0,78.24,449.62,0,1
884.19,0.6,163.3,720.9,3,1
696.82,0.2,131.57,565.26,1,1
570.01,0.2,57.7,512.31,1,1
525.19,0.0,83.14,442.05,0,1
785.11,0.4,149.59,635.51,2,1
920.67,0.6,177.08,743.59,3,1
767.95,0.4,140.0,627.95,2,1
623.64,0.2,73.51,550.13,1,1
671.62,0.2,129.05,542.56,1,1
579.99,0.0,130.38,449.62,0,1
676.34,0.2,118.65,557.69,1,1
687.59,0.4,105.03,582.56,2,1
912.94,0.6,176.92,736.03,3,1
623.86,0.2,73.73,550.13,1,1
544.87,0.0,110.38,434.49,0,1
1182.96,1.0,291.3,891.67,5,1
869.05,0.4,218.41,650.64,2,1
601.34,0.0,144.16,457.18,0,1
637.7,0.2,102.7,535.0,1,1
817.27,0.6,134.19,683.08,3,1
591.67,0.0,134.49,457.18,0,1
530.43,0.0,95.95,434.49,0,1
671.75,0.2,114.05,557.69,1,1
605.93,0.2,86.05,519.87,1,1
734.46,0.4,106.51,627.95,2,1
730.74,0.2,165.49,565.26,1,1
902.21,0.6,204.0,698.21,3,1
600.86,0.2,111.24,489.62,1,1
686.32,0.2,143.76,542.56,1,1
1119.58,0.8,313.3,806.28,4,1
948.57,0.6,212.54,736.03,3,1
1057.32,0.8,213.22,844.1,4,1
788.62,0.4,160.68,627.95,2,1
721.86,0.4,139.3,582.56,2,1
744.13,0.4,161.57,582.56,2,1
773.25,0.4,152.86,620.38,2,1
671.93,0.2,159.62,512.31,1,1
641.34,0.2,91.22,550.13,1,1
630.39,0.0,158.08,472.31,0,1
636.52,0.2,116.65,519.87,1,1
816.37,0.4,158.16,658.21,2,1
784.8,0.4,119.03,665.77,2,1
850.22,0.6,121.76,728.46,3,1
751.66,0.2,186.41,565.26,1,1
922.97,0.8,139.38,783.59,4,1
636.42,0.2,78.73,557.69,1,1
481.84,0.0,54.92,426.92,0,1
455.28,0.0,35.92,419.36,0,1
1486.8,1.6,354.11,1132.69,8,1
754.06,0.4,80.73,673.33,2,1
542.8,0.0,85.62,457.18,0,1
727.79,0.4,114.97,612.82,2,1
730.9,0.4,118.08,612.82,2,1
963.86,0.8,180.27,783.59,4,1
709.48,0.2,159.35,550.13,1,1
494.98,0.0,68.05,426.92,0,1
502.01,0.0,82.65,419.36,0,1
788.55,0.4,183.3,605.26,2,1
715.81,0.2,180.81,535.0,1,1
838.35,0.4,210.41,627.95,2,1
784.91,0.4,134.27,650.64,2,1
616.1,0.0,158.92,457.18,0,1
850.11,0.6,121.65,728.46,3,1
1025.41,0.8,211.57,813.85,4,1
552.11,0.0,117.62,434.49,0,1
741.01,0.4,128.19,612.82,2,1
533.77,0.0,69.03,464.74,0,1
874.34,0.6,168.57,705.77,3,1
520.08,0.0,78.03,442.05,0,1
639.77,0.2,127.46,512.31,1,1
996.06,0.6,275.16,720.9,3,1
982.25,0.6,208.41,773.85,3,1
953.2,0.6,186.92,766.28,3,1
