"Total_Cost","Ratio_Reloc_Prod","Horiz_Cost","Vert_Cost","nReloc","non_Optimal"
226796.29,0.4533,36701.83,190094.53,680,130
1275.79,1.4,220.92,1054.87,7,0
575.84,0.0,95.97,479.87,0,1
806.62,0.4,171.11,635.51,2,0
502.55,0.0,37.81,464.74,0,0
723.58,0.4,110.76,612.82,2,0
572.08,0.0,84.65,487.44,0,0
530.52,0.0,58.22,472.31,0,0
930.34,0.8,124.05,806.28,4,1
734.27,0.4,98.76,635.51,2,1
731.7,0.4,88.62,643.08,2,0
885.27,0.6,156.81,728.46,3,0
545.55,0.0,73.24,472.31,0,0
765.36,0.4,160.11,605.26,2,0
1144.13,1.2,167.08,977.05,6,0
711.31,0.4,106.05,605.26,2,1
453.36,0.0,34.0,419.36,0,0
714.74,0.4,94.35,620.38,2,0
777.18,0.6,86.54,690.64,3,1
777.9,0.4,112.14,665.77,2,0
880.93,0.6,167.59,713.33,3,0
676.3,0.4,55.92,620.38,2,0
658.19,0.2,123.19,535.0,1,0
713.03,0.4,92.65,620.38,2,1
652.31,0.2,87.05,565.26,1,1
940.82,0.8,179.92,760.9,4,0
605.41,0.2,85.54,519.87,1,1
724.58,0.4,111.76,612.82,2,0
966.04,1.0,119.76,846.28,5,1
473.63,0.0,61.84,411.79,0,0
1171.72,1.4,139.54,1032.18,7,1
884.23,0.6,133.08,751.15,3,0
487.62,0.0,38.0,449.62,0,0
1095.96,1.0,204.3,891.67,5,1
967.79,1.0,166.89,800.9,5,0
696.54,0.4,61.03,635.51,2,0
759.21,0.4,108.57,650.64,2,1
780.22,0.4,152.27,627.95,2,0
741.03,0.4,166.03,575.0,2,0
659.16,0.4,69.03,590.13,2,0
771.93,0.4,113.73,658.21,2,0
732.76,0.6,64.81,667.95,3,0
740.67,0.2,190.54,550.13,1,0
727.79,0.4,114.97,612.82,2,0
921.4,0.8,145.38,776.03,4,0
1165.39,1.0,266.16,899.23,5,0
627.37,0.2,84.81,542.56,1,0
454.06,0.0,34.7,419.36,0,0
643.46,0.2,108.46,535.0,1,1
672.85,0.4,60.03,612.82,2,1
456.87,0.0,37.51,419.36,0,0
921.83,0.8,138.24,783.59,4,0
582.5,0.0,117.76,464.74,0,1
877.43,0.6,194.35,683.08,3,1
441.9,0.0,30.11,411.79,0,0
523.62,0.0,89.14,434.49,0,0
828.65,0.4,193.14,635.51,2,0
760.75,0.4,170.62,590.13,2,0
881.43,0.6,152.97,728.46,3,1
502.43,0.0,52.81,449.62,0,0
947.69,1.0,108.97,838.72,5,1
674.35,0.4,99.35,575.0,2,0
1055.35,1.0,178.81,876.54,5,0
540.58,0.0,75.84,464.74,0,0
657.49,0.4,90.05,567.44,2,0
733.4,0.4,143.27,590.13,2,0
605.19,0.2,62.62,542.56,1,0
799.62,0.6,116.54,683.08,3,1
779.95,0.4,152.0,627.95,2,0
801.95,0.6,126.43,675.51,3,1
745.2,0.2,164.81,580.38,1,0
671.64,0.2,113.95,557.69,1,1
924.11,0.8,155.65,768.46,4,0
579.23,0.2,66.92,512.31,1,0
732.12,0.4,126.86,605.26,2,0
752.54,0.6,77.03,675.51,3,0
692.93,0.2,127.68,565.26,1,0
813.25,0.6,92.35,720.9,3,1
1143.65,1.2,166.59,977.05,6,1
1050.6,1.0,136.24,914.36,5,0
722.19,0.4,94.24,627.95,2,0
964.57,0.6,243.68,720.9,3,0
891.13,0.8,107.54,783.59,4,1
982.55,0.8,168.7,813.85,4,1
822.71,0.4,149.38,673.33,2,1
936.72,0.8,190.95,745.77,4,1
568.44,0.0,96.14,472.31,0,0
732.95,0.2,213.08,519.87,1,0
699.15,0.2,133.89,565.26,1,1
680.97,0.4,90.84,590.13,2,0
511.4,0.0,54.22,457.18,0,0
540.75,0.0,91.14,449.62,0,0
883.74,0.8,122.84,760.9,4,0
542.21,0.0,85.03,457.18,0,1
728.34,0.4,123.08,605.26,2,1
726.0,0.4,98.05,627.95,2,0
999.48,1.0,122.95,876.54,5,0
686.63,0.2,121.38,565.26,1,1
817.17,0.6,103.84,713.33,3,1
788.04,0.4,122.27,665.77,2,1
948.8,0.8,157.65,791.15,4,0
711.52,0.4,91.14,620.38,2,0
694.0,0.2,159.0,535.0,1,0
532.18,0.0,67.43,464.74,0,1
760.13,0.4,117.05,643.08,2,1
868.91,0.6,170.7,698.21,3,1
529.69,0.2,32.51,497.18,1,1
1740.05,1.0,916.46,823.59,5,1
1047.37,1.0,208.65,838.72,5,0
879.17,0.6,158.27,720.9,3,1
1027.68,1.0,166.27,861.41,5,0
649.79,0.2,137.49,512.31,1,1
981.86,1.0,158.27,823.59,5,0
694.41,0.4,74.03,620.38,2,1
780.76,0.4,152.81,627.95,2,0
702.45,0.4,104.76,597.69,2,0
740.06,0.6,72.11,667.95,3,0
757.6,0.6,89.65,667.95,3,1
804.02,0.6,120.95,683.08,3,0
1049.02,1.0,172.49,876.54,5,0
488.86,0.0,46.81,442.05,0,0
494.81,0.0,60.32,434.49,0,1
731.0,0.4,87.92,643.08,2,0
519.48,0.0,77.43,442.05,0,1
631.6,0.4,71.73,559.87,2,1
610.39,0.2,105.65,504.74,1,1
504.97,0.0,62.92,442.05,0,1
698.49,0.6,38.11,660.38,3,1
1024.99,1.2,146.27,878.72,6,1
528.97,0.0,79.35,449.62,0,1
446.17,0.0,26.81,419.36,0,0
484.6,0.0,50.11,434.49,0,1
468.58,0.0,49.22,419.36,0,1
739.61,0.4,149.49,590.13,2,1
742.26,0.6,104.57,637.69,3,0
775.02,0.4,124.38,650.64,2,0
750.78,0.4,100.14,650.64,2,1
493.86,0.0,51.81,442.05,0,1
1023.76,1.0,207.73,816.03,5,0
828.67,0.4,178.03,650.64,2,1
700.32,0.2,165.32,535.0,1,0
829.63,0.6,123.86,705.77,3,0
848.86,0.6,112.84,736.03,3,0
497.56,0.0,55.51,442.05,0,1
510.59,0.0,68.54,442.05,0,0
617.76,0.4,50.32,567.44,2,0
592.5,0.2,87.76,504.74,1,0
742.11,0.4,114.16,627.95,2,1
744.02,0.4,100.95,643.08,2,0
861.05,0.6,170.41,690.64,3,0
781.23,0.6,83.03,698.21,3,1
976.85,1.0,130.57,846.28,5,0
519.99,0.0,62.81,457.18,0,0
832.13,0.8,109.05,723.08,4,1
691.77,0.2,134.08,557.69,1,0
705.16,0.6,75.03,630.13,3,0
924.37,1.0,93.22,831.15,5,0
526.8,0.0,69.62,457.18,0,0
932.6,1.0,124.14,808.46,5,1
1052.79,1.0,183.81,868.97,5,1
895.15,0.8,149.38,745.77,4,0
501.78,0.0,59.73,442.05,0,0
622.14,0.4,54.7,567.44,2,1
659.42,0.4,61.73,597.69,2,1
855.93,0.8,110.16,745.77,4,0
510.94,0.0,61.32,449.62,0,0
913.39,0.8,167.62,745.77,4,1
963.35,1.0,154.89,808.46,5,1
907.82,0.6,133.97,773.85,3,1
1205.26,1.4,226.03,979.23,7,0
499.83,0.0,50.22,449.62,0,0
566.12,0.2,53.81,512.31,1,1
1096.17,1.2,134.24,961.92,6,1
712.69,0.4,99.86,612.82,2,1
593.79,0.2,73.92,519.87,1,1
996.07,1.0,149.78,846.28,5,1
779.25,0.8,86.43,692.82,4,1
1166.38,1.2,189.32,977.05,6,0
1073.75,1.2,142.08,931.67,6,0
722.2,0.4,101.81,620.38,2,1
814.53,0.6,108.76,705.77,3,0
671.39,0.2,106.14,565.26,1,0
505.73,0.0,71.24,434.49,0,1
844.5,0.6,131.16,713.33,3,0
799.57,0.6,124.05,675.51,3,1
611.62,0.2,76.62,535.0,1,1
727.55,0.2,162.3,565.26,1,1
628.25,0.4,60.81,567.44,2,0
517.7,0.2,43.22,474.49,1,0
519.69,0.0,62.51,457.18,0,0
631.03,0.0,196.54,434.49,0,0
619.24,0.2,84.24,535.0,1,0
607.91,0.2,103.16,504.74,1,1
829.39,0.6,116.05,713.33,3,0
525.66,0.0,60.92,464.74,0,0
959.71,1.0,113.43,846.28,5,0
669.89,0.2,134.89,535.0,1,0
821.42,0.6,115.65,705.77,3,0
563.25,0.0,90.95,472.31,0,1
811.03,0.6,143.08,667.95,3,1
632.37,0.2,89.81,542.56,1,1
596.9,0.2,77.03,519.87,1,1
771.7,0.4,121.05,650.64,2,1
1609.84,0.8,848.95,760.9,4,1
785.77,0.4,180.51,605.26,2,1
564.86,0.0,115.24,449.62,0,1
549.33,0.0,77.03,472.31,0,1
938.06,0.8,184.73,753.33,4,1
592.87,0.2,73.0,519.87,1,0
828.85,0.8,90.65,738.21,4,0
802.01,0.4,181.62,620.38,2,0
793.78,0.6,118.27,675.51,3,1
964.96,1.0,126.24,838.72,5,0
868.18,0.8,129.97,738.21,4,0
724.99,0.6,94.86,630.13,3,0
952.43,0.8,176.41,776.03,4,1
650.16,0.2,115.16,535.0,1,0
785.21,0.4,134.57,650.64,2,1
540.47,0.0,75.73,464.74,0,0
536.0,0.0,109.08,426.92,0,0
516.97,0.0,74.92,442.05,0,1
734.63,0.4,129.38,605.26,2,0
502.33,0.0,67.84,434.49,0,0
686.51,0.4,103.95,582.56,2,0
641.03,0.2,121.16,519.87,1,1
1016.32,0.8,225.16,791.15,4,0
645.92,0.2,103.35,542.56,1,0
877.53,0.8,131.76,745.77,4,1
690.85,0.2,125.59,565.26,1,0
1002.78,1.0,171.62,831.15,5,0
1359.9,0.6,699.51,660.38,3,1
584.2,0.2,64.32,519.87,1,1
784.1,0.4,133.46,650.64,2,0
510.92,0.0,76.43,434.49,0,1
661.97,0.4,71.84,590.13,2,1
668.83,0.2,126.27,542.56,1,0
1042.12,1.0,195.84,846.28,5,1
920.25,1.0,119.35,800.9,5,1
594.25,0.2,66.81,527.44,1,1
1118.35,1.2,201.81,916.54,6,0
599.9,0.2,80.03,519.87,1,0
837.73,0.6,162.22,675.51,3,1
871.08,0.8,102.62,768.46,4,0
1010.45,1.0,126.35,884.1,5,0
931.61,0.8,140.46,791.15,4,0
537.35,0.0,87.73,449.62,0,0
666.24,0.2,123.68,542.56,1,0
1028.86,0.8,245.27,783.59,4,0
632.0,0.2,104.57,527.44,1,0
697.85,0.4,100.16,597.69,2,0
694.88,0.4,104.76,590.13,2,1
758.22,0.4,130.27,627.95,2,1
845.14,0.6,124.24,720.9,3,0
840.74,0.6,134.97,705.77,3,0
486.56,0.0,44.51,442.05,0,1
930.98,0.6,164.7,766.28,3,0
913.89,1.0,105.43,808.46,5,1
448.87,0.0,29.51,419.36,0,0
907.43,0.6,171.41,736.03,3,0
725.63,0.4,120.38,605.26,2,1
915.29,0.8,124.14,791.15,4,0
979.27,1.0,155.68,823.59,5,0
875.19,0.6,139.16,736.03,3,1
892.62,0.6,156.59,736.03,3,0
518.07,0.0,53.32,464.74,0,1
724.16,0.4,141.59,582.56,2,0
1000.2,1.0,146.35,853.85,5,1
767.01,0.2,201.76,565.26,1,1
767.37,0.6,76.73,690.64,3,1
749.25,0.6,96.43,652.82,3,1
647.21,0.2,104.65,542.56,1,0
776.0,0.6,108.05,667.95,3,0
889.11,0.8,120.65,768.46,4,0
744.43,0.4,101.35,643.08,2,1
930.25,0.8,161.78,768.46,4,0
781.19,0.6,113.24,667.95,3,0
753.63,0.4,148.38,605.26,2,0
628.28,0.2,115.97,512.31,1,0
728.79,0.4,100.84,627.95,2,1
757.96,0.6,105.14,652.82,3,0
498.97,0.0,56.92,442.05,0,1
851.06,0.6,137.73,713.33,3,0
756.33,0.6,95.95,660.38,3,1
656.86,0.2,106.73,550.13,1,0
623.29,0.2,80.73,542.56,1,0
671.89,0.4,89.32,582.56,2,1
517.43,0.0,82.95,434.49,0,0
505.3,0.0,70.81,434.49,0,1
725.45,0.4,120.19,605.26,2,0
563.98,0.2,44.11,519.87,1,1
781.42,0.4,130.78,650.64,2,1
964.5,1.0,118.22,846.28,5,1
651.66,0.2,78.84,572.82,1,1
1369.01,1.0,583.24,785.77,5,1
939.28,1.0,85.43,853.85,5,1
553.23,0.0,80.92,472.31,0,1
629.1,0.2,71.41,557.69,1,1
561.87,0.2,42.0,519.87,1,0
796.84,0.4,161.32,635.51,2,1
530.31,0.0,58.0,472.31,0,0
860.52,0.8,92.05,768.46,4,1
