"Total_Cost","Ratio_Reloc_Prod","Horiz_Cost","Vert_Cost","nReloc","non_Optimal"
230362.48,0.4707,38040.52,192321.97,706,130
558.08,0.0,55.51,502.56,0,0
627.21,0.2,69.51,557.69,1,0
659.78,0.2,109.65,550.13,1,0
841.87,0.6,128.54,713.33,3,1
538.94,0.0,81.76,457.18,0,1
782.43,0.6,99.35,683.08,3,1
961.28,1.0,107.43,853.85,5,0
628.63,0.2,55.81,572.82,1,0
804.21,0.6,121.14,683.08,3,0
1187.08,1.4,177.59,1009.49,7,1
535.42,0.0,78.24,457.18,0,0
719.98,0.4,107.16,612.82,2,0
796.57,0.4,168.62,627.95,2,0
839.76,0.6,103.73,736.03,3,0
1004.14,1.0,135.16,868.97,5,0
562.91,0.0,98.16,464.74,0,0
827.63,0.6,121.86,705.77,3,0
649.69,0.2,84.43,565.26,1,1
675.23,0.4,77.54,597.69,2,1
749.55,0.4,129.16,620.38,2,1
1017.94,1.0,186.78,831.15,5,0
742.84,0.4,122.46,620.38,2,1
743.48,0.4,92.84,650.64,2,0
632.86,0.2,82.73,550.13,1,0
713.91,0.4,70.84,643.08,2,0
815.13,0.6,124.49,690.64,3,0
739.02,0.4,95.95,643.08,2,0
825.26,0.6,127.05,698.21,3,0
574.41,0.2,39.41,535.0,1,1
569.85,0.0,97.54,472.31,0,0
602.29,0.2,59.73,542.56,1,0
637.99,0.2,72.73,565.26,1,1
967.37,0.8,176.22,791.15,4,1
699.96,0.2,187.65,512.31,1,0
671.59,0.2,121.46,550.13,1,1
835.88,0.6,137.68,698.21,3,0
471.84,0.0,44.92,426.92,0,1
531.02,0.0,73.84,457.18,0,1
700.83,0.4,118.27,582.56,2,1
710.55,0.4,97.73,612.82,2,0
844.32,0.6,100.73,743.59,3,1
698.32,0.2,148.19,550.13,1,0
484.44,0.0,72.65,411.79,0,0
888.89,0.6,220.95,667.95,3,1
818.71,0.4,198.32,620.38,2,0
1122.65,1.0,253.68,868.97,5,1
1023.92,0.8,202.51,821.41,4,0
740.23,0.2,182.54,557.69,1,0
532.58,0.0,67.84,464.74,0,1
1259.96,0.6,622.27,637.69,3,1
919.55,0.6,153.27,766.28,3,0
830.72,0.6,140.08,690.64,3,1
442.76,0.0,23.41,419.36,0,0
908.32,0.8,124.73,783.59,4,1
627.29,0.2,84.73,542.56,1,1
828.05,0.6,92.03,736.03,3,0
854.47,0.6,133.57,720.9,3,1
863.82,0.8,118.05,745.77,4,0
973.05,1.0,141.89,831.15,5,0
569.28,0.2,49.41,519.87,1,0
831.1,0.4,188.03,643.08,2,0
1069.12,1.0,222.84,846.28,5,0
1910.69,1.4,931.46,979.23,7,1
651.48,0.2,101.35,550.13,1,0
761.55,0.4,156.3,605.26,2,0
802.41,0.4,129.08,673.33,2,0
540.57,0.0,106.08,434.49,0,1
789.91,0.4,139.27,650.64,2,0
680.01,0.4,59.62,620.38,2,1
557.69,0.0,92.95,464.74,0,1
900.22,0.8,131.76,768.46,4,0
752.95,0.6,77.43,675.51,3,1
647.05,0.2,112.05,535.0,1,1
549.28,0.2,29.41,519.87,1,1
797.83,0.6,114.76,683.08,3,0
637.49,0.2,110.05,527.44,1,0
491.97,0.0,49.92,442.05,0,0
493.76,0.0,66.84,426.92,0,1
458.28,0.0,38.92,419.36,0,0
561.98,0.2,42.11,519.87,1,0
648.32,0.2,105.76,542.56,1,1
815.88,0.4,225.76,590.13,2,0
541.67,0.0,92.05,449.62,0,0
482.75,0.0,40.7,442.05,0,0
969.96,0.4,425.22,544.74,2,1
833.77,0.8,80.43,753.33,4,0
859.39,0.6,161.19,698.21,3,0
676.48,0.4,86.35,590.13,2,1
445.47,0.0,26.11,419.36,0,0
835.75,0.8,97.54,738.21,4,0
707.55,0.4,94.73,612.82,2,0
632.57,0.4,65.14,567.44,2,1
790.79,0.4,170.41,620.38,2,0
503.95,0.0,77.03,426.92,0,1
508.97,0.0,66.92,442.05,0,0
1039.08,1.0,170.11,868.97,5,1
1136.72,1.2,205.05,931.67,6,1
635.78,0.4,53.22,582.56,2,1
658.09,0.2,92.84,565.26,1,1
1000.62,1.0,177.03,823.59,5,1
840.2,0.6,126.86,713.33,3,0
731.07,0.2,165.81,565.26,1,1
661.95,0.4,86.95,575.0,2,1
797.73,0.4,162.22,635.51,2,1
447.61,0.0,35.81,411.79,0,0
689.3,0.2,154.3,535.0,1,1
1270.91,1.8,151.16,1119.74,9,1
477.62,0.0,28.0,449.62,0,0
1403.16,1.0,640.08,763.08,5,1
847.85,0.6,142.08,705.77,3,0
768.67,0.6,93.16,675.51,3,1
749.47,0.4,129.08,620.38,2,0
848.69,0.6,150.49,698.21,3,0
950.16,0.8,166.57,783.59,4,0
771.56,0.4,128.49,643.08,2,0
1282.96,1.4,235.65,1047.31,7,0
681.95,0.2,101.57,580.38,1,0
595.27,0.2,52.7,542.56,1,0
638.78,0.4,56.22,582.56,2,0
679.45,0.2,121.76,557.69,1,0
816.93,0.4,151.16,665.77,2,0
661.09,0.2,95.84,565.26,1,0
614.37,0.2,71.81,542.56,1,1
543.05,0.2,53.43,489.62,1,0
512.53,0.0,62.92,449.62,0,1
687.07,0.4,96.95,590.13,2,1
866.46,0.8,158.51,707.95,4,1
679.61,0.2,114.35,565.26,1,0
812.31,0.4,207.05,605.26,2,0
608.42,0.0,143.68,464.74,0,1
657.5,0.2,92.24,565.26,1,1
664.83,0.2,122.27,542.56,1,0
911.92,0.8,143.46,768.46,4,1
619.54,0.2,84.54,535.0,1,0
755.38,0.6,87.43,667.95,3,0
463.17,0.0,43.81,419.36,0,1
629.5,0.2,71.81,557.69,1,0
1529.83,1.2,658.68,871.15,6,1
527.88,0.0,70.7,457.18,0,1
563.77,0.0,91.46,472.31,0,0
532.35,0.0,82.73,449.62,0,1
1021.39,1.4,87.54,933.85,7,1
1035.13,1.2,111.03,924.1,6,1
676.41,0.2,96.03,580.38,1,0
959.74,1.0,113.46,846.28,5,1
619.61,0.2,61.92,557.69,1,0
921.51,0.8,130.35,791.15,4,0
933.94,0.8,142.78,791.15,4,1
581.23,0.0,124.05,457.18,0,0
606.1,0.0,156.49,449.62,0,0
1073.3,0.8,304.84,768.46,4,1
745.73,0.4,102.65,643.08,2,1
634.1,0.2,76.41,557.69,1,0
577.65,0.2,50.22,527.44,1,1
686.97,0.4,96.84,590.13,2,1
583.41,0.2,48.41,535.0,1,0
727.93,0.6,75.11,652.82,3,1
825.1,0.6,134.46,690.64,3,0
757.86,0.6,67.22,690.64,3,1
495.47,0.0,76.11,419.36,0,0
999.63,1.2,113.35,886.28,6,1
1104.28,1.4,125.05,979.23,7,1
748.59,0.6,65.51,683.08,3,1
1056.87,1.2,147.89,908.97,6,0
521.85,0.0,57.11,464.74,0,0
1054.05,1.2,129.95,924.1,6,1
759.35,0.2,216.78,542.56,1,1
712.02,0.2,154.32,557.69,1,1
1190.03,1.2,220.54,969.49,6,0
635.64,0.2,77.95,557.69,1,0
513.14,0.0,78.65,434.49,0,0
838.39,0.6,125.05,713.33,3,0
1092.93,1.2,138.57,954.36,6,1
862.73,0.6,134.27,728.46,3,0
442.06,0.0,22.7,419.36,0,0
563.09,0.2,43.22,519.87,1,0
990.53,0.8,191.81,798.72,4,1
690.15,0.2,132.46,557.69,1,1
548.82,0.0,76.51,472.31,0,0
622.52,0.4,70.22,552.31,2,0
760.86,0.4,125.35,635.51,2,1
618.95,0.2,83.95,535.0,1,0
714.04,0.6,61.22,652.82,3,1
603.92,0.2,68.92,535.0,1,0
505.08,0.0,63.03,442.05,0,0
635.31,0.2,77.62,557.69,1,1
1027.85,1.0,189.14,838.72,5,1
629.22,0.4,54.22,575.0,2,0
1201.96,1.4,222.73,979.23,7,0
1225.18,1.4,193.0,1032.18,7,1
990.57,0.8,161.59,828.97,4,0
686.65,0.2,159.22,527.44,1,0
720.65,0.4,85.14,635.51,2,1
691.02,0.4,93.32,597.69,2,0
1379.99,1.8,207.3,1172.69,9,0
580.14,0.0,85.14,495.0,0,1
753.57,0.4,118.05,635.51,2,0
883.73,1.0,120.65,763.08,5,0
532.59,0.0,90.54,442.05,0,1
726.52,0.2,153.7,572.82,1,1
591.03,0.0,111.16,479.87,0,0
763.96,0.4,105.76,658.21,2,0
594.61,0.2,89.86,504.74,1,0
691.6,0.4,71.22,620.38,2,0
795.03,0.6,127.08,667.95,3,1
533.83,0.0,76.65,457.18,0,1
490.05,0.0,48.0,442.05,0,0
1197.17,1.4,202.81,994.36,7,0
1075.96,1.2,129.16,946.79,6,0
778.84,0.4,150.89,627.95,2,1
542.86,0.0,93.24,449.62,0,1
637.28,0.2,72.03,565.26,1,0
669.37,0.2,111.68,557.69,1,0
989.51,0.8,205.92,783.59,4,1
692.33,0.2,111.95,580.38,1,1
1092.64,1.0,193.41,899.23,5,1
811.12,0.6,105.35,705.77,3,1
708.56,0.2,166.0,542.56,1,0
939.34,0.8,148.19,791.15,4,1
718.93,0.4,98.54,620.38,2,0
696.79,0.6,36.41,660.38,3,0
738.03,0.4,117.65,620.38,2,1
891.52,0.8,123.05,768.46,4,1
810.55,0.6,97.22,713.33,3,0
632.68,0.4,72.81,559.87,2,0
1071.68,1.2,117.32,954.36,6,1
625.53,0.2,75.41,550.13,1,0
624.19,0.2,81.62,542.56,1,0
917.76,1.0,116.86,800.9,5,0
933.34,1.0,94.62,838.72,5,0
971.01,1.0,117.16,853.85,5,1
1112.19,1.4,170.78,941.41,7,1
1069.1,1.2,137.43,931.67,6,0
1151.18,1.2,151.43,999.74,6,0
601.55,0.2,89.24,512.31,1,0
1383.42,0.6,730.59,652.82,3,1
817.93,0.6,112.16,705.77,3,1
716.36,0.4,103.54,612.82,2,0
569.28,0.2,49.41,519.87,1,0
666.51,0.2,116.38,550.13,1,0
622.08,0.2,94.65,527.44,1,0
748.89,0.4,120.95,627.95,2,1
529.19,0.0,102.27,426.92,0,1
495.16,0.0,53.11,442.05,0,1
1016.97,1.2,100.43,916.54,6,0
613.97,0.2,71.41,542.56,1,1
607.49,0.4,47.62,559.87,2,0
837.06,0.8,83.73,753.33,4,0
880.64,0.6,137.05,743.59,3,0
767.59,0.4,116.95,650.64,2,0
621.62,0.2,132.0,489.62,1,1
691.01,0.4,138.7,552.31,2,0
1065.0,1.0,196.03,868.97,5,1
766.1,0.6,83.03,683.08,3,1
942.91,1.0,179.84,763.08,5,0
646.58,0.2,81.32,565.26,1,0
718.17,0.4,105.35,612.82,2,0
670.35,0.4,95.35,575.0,2,0
780.97,0.6,90.32,690.64,3,0
904.25,0.8,135.78,768.46,4,1
958.51,0.8,182.49,776.03,4,0
780.82,0.4,115.05,665.77,2,1
730.37,0.4,79.73,650.64,2,0
876.6,0.8,108.14,768.46,4,1
750.43,0.6,74.92,675.51,3,1
544.85,0.2,40.11,504.74,1,0
498.86,0.0,56.81,442.05,0,0
468.71,0.0,56.92,411.79,0,0
879.56,0.4,297.0,582.56,2,1
774.77,0.6,121.95,652.82,3,0
651.11,0.2,123.68,527.44,1,0
786.26,0.6,95.62,690.64,3,0
729.42,0.4,124.16,605.26,2,0
694.07,0.2,136.38,557.69,1,1
874.25,0.8,113.35,760.9,4,1
475.16,0.0,33.11,442.05,0,0
997.09,0.8,190.81,806.28,4,0
881.73,0.8,113.27,768.46,4,0
757.51,0.4,114.43,643.08,2,0
823.91,0.8,85.7,738.21,4,1
1365.09,0.8,604.19,760.9,4,1
839.89,0.6,111.43,728.46,3,1
651.39,0.2,86.14,565.26,1,1
947.79,0.8,126.38,821.41,4,1
1077.32,1.2,160.78,916.54,6,1
1060.59,0.4,478.03,582.56,2,1
891.33,0.6,178.0,713.33,3,0
780.54,0.4,152.59,627.95,2,0
752.76,0.4,132.38,620.38,2,0
738.91,0.4,95.84,643.08,2,0
917.87,0.8,149.41,768.46,4,1
703.42,0.4,98.16,605.26,2,0
878.44,0.4,250.49,627.95,2,0
510.24,0.0,60.62,449.62,0,0
508.48,0.0,66.43,442.05,0,0
674.26,0.4,84.14,590.13,2,1
623.46,0.2,88.46,535.0,1,1
668.52,0.2,141.08,527.44,1,0
898.31,0.8,144.97,753.33,4,1
635.7,0.4,60.7,575.0,2,1
