"Total_Cost","Ratio_Reloc_Prod","Horiz_Cost","Vert_Cost","nReloc","non_Optimal"
253000.99,0.4227,63029.53,189971.62,634,300
661.35,0.2,65.84,595.51,1,1
774.46,0.2,231.89,542.56,1,1
677.65,0.2,82.14,595.51,1,1
1100.48,0.8,248.81,851.67,4,1
583.06,0.0,110.76,472.31,0,1
973.82,0.8,159.97,813.85,4,1
699.81,0.4,56.73,643.08,2,1
1119.68,1.2,157.76,961.92,6,1
1144.85,0.8,331.0,813.85,4,1
1026.92,1.0,165.51,861.41,5,1
1054.86,1.0,163.19,891.67,5,1
840.64,0.6,150.0,690.64,3,1
544.34,0.0,87.16,457.18,0,1
743.21,0.4,100.14,643.08,2,1
573.33,0.0,93.46,479.87,0,1
930.1,0.6,186.51,743.59,3,1
650.5,0.2,85.24,565.26,1,1
664.95,0.2,145.08,519.87,1,1
709.64,0.4,111.95,597.69,2,1
641.35,0.2,113.92,527.44,1,1
652.07,0.2,101.95,550.13,1,1
694.39,0.2,129.14,565.26,1,1
659.01,0.2,93.76,565.26,1,1
894.28,0.4,289.03,605.26,2,1
739.04,0.4,141.35,597.69,2,1
707.91,0.4,102.65,605.26,2,1
737.2,0.4,124.38,612.82,2,1
913.32,0.8,122.16,791.15,4,1
642.11,0.2,107.11,535.0,1,1
660.99,0.4,55.73,605.26,2,1
1237.19,1.2,328.22,908.97,6,1
1017.81,0.6,334.73,683.08,3,1
1367.68,1.0,438.19,929.49,5,1
1533.1,1.4,440.41,1092.69,7,1
603.4,0.0,146.22,457.18,0,1
620.33,0.2,108.03,512.31,1,1
614.99,0.2,110.24,504.74,1,1
832.08,0.4,196.57,635.51,2,1
1074.04,0.4,415.84,658.21,2,1
751.91,0.2,194.22,557.69,1,1
850.46,0.6,114.43,736.03,3,1
887.13,0.4,244.05,643.08,2,1
584.91,0.0,135.3,449.62,0,1
714.95,0.2,187.51,527.44,1,1
676.82,0.4,64.0,612.82,2,1
1267.48,1.0,390.95,876.54,5,1
527.37,0.0,77.76,449.62,0,1
792.94,0.6,109.86,683.08,3,1
803.84,0.4,183.46,620.38,2,1
1726.64,0.8,882.54,844.1,4,1
650.69,0.2,85.43,565.26,1,1
1565.95,1.2,596.46,969.49,6,1
572.7,0.0,130.65,442.05,0,1
785.3,0.4,157.35,627.95,2,1
568.67,0.2,26.11,542.56,1,1
960.31,0.6,262.11,698.21,3,1
821.79,0.4,201.41,620.38,2,1
944.03,0.6,276.08,667.95,3,1
1019.61,0.4,361.41,658.21,2,1
695.32,0.0,253.27,442.05,0,1
1058.59,0.6,322.57,736.03,3,1
1138.69,0.6,379.97,758.72,3,1
1077.1,0.8,278.38,798.72,4,1
888.35,0.4,252.84,635.51,2,1
546.41,0.0,127.05,419.36,0,1
693.56,0.2,135.86,557.69,1,1
1139.7,0.6,411.24,728.46,3,1
611.53,0.2,106.78,504.74,1,1
923.11,0.6,202.22,720.9,3,1
898.65,0.6,230.7,667.95,3,1
902.08,0.4,266.57,635.51,2,1
474.75,0.0,32.7,442.05,0,1
871.02,0.4,212.81,658.21,2,1
625.0,0.2,90.0,535.0,1,1
525.19,0.0,90.7,434.49,0,1
600.77,0.2,96.03,504.74,1,1
927.8,0.4,262.03,665.77,2,1
844.27,0.4,201.19,643.08,2,1
559.5,0.0,94.76,464.74,0,1
488.17,0.0,61.24,426.92,0,1
920.66,0.4,262.46,658.21,2,1
779.91,0.4,189.78,590.13,2,1
661.26,0.4,56.0,605.26,2,1
918.95,0.6,190.49,728.46,3,1
851.13,0.6,175.62,675.51,3,1
947.51,0.4,312.0,635.51,2,1
796.11,0.4,168.16,627.95,2,1
483.2,0.0,63.84,419.36,0,1
439.2,0.0,27.41,411.79,0,1
1310.67,1.2,326.05,984.62,6,1
740.81,0.4,112.86,627.95,2,1
618.27,0.0,176.22,442.05,0,1
756.67,0.2,206.54,550.13,1,1
585.04,0.2,72.73,512.31,1,1
840.66,0.8,102.46,738.21,4,1
659.69,0.2,102.0,557.69,1,1
906.37,0.6,147.65,758.72,3,1
1301.63,0.6,580.73,720.9,3,1
596.31,0.0,131.57,464.74,0,1
660.02,0.2,117.46,542.56,1,1
1134.83,0.6,436.62,698.21,3,1
637.86,0.2,102.86,535.0,1,1
669.36,0.4,64.11,605.26,2,1
1114.12,0.6,400.78,713.33,3,1
1002.5,0.8,203.78,798.72,4,1
817.7,0.4,227.57,590.13,2,1
1414.62,1.0,530.51,884.1,5,1
529.83,0.0,80.22,449.62,0,1
668.57,0.2,133.57,535.0,1,1
837.23,0.4,171.46,665.77,2,1
729.7,0.4,86.62,643.08,2,1
771.22,0.4,143.27,627.95,2,1
1138.31,0.6,379.59,758.72,3,1
1072.91,0.6,329.32,743.59,3,1
685.73,0.2,158.3,527.44,1,1
879.92,0.4,244.41,635.51,2,1
565.34,0.0,108.16,457.18,0,1
1153.68,0.8,339.84,813.85,4,1
963.5,0.4,297.73,665.77,2,1
661.1,0.2,118.54,542.56,1,1
812.01,0.6,91.11,720.9,3,1
851.73,0.4,216.22,635.51,2,1
686.56,0.2,128.86,557.69,1,1
716.11,0.4,95.73,620.38,2,1
1052.83,0.8,269.24,783.59,4,1
644.45,0.0,179.7,464.74,0,1
878.43,0.4,235.35,643.08,2,1
616.32,0.0,166.7,449.62,0,1
796.78,0.6,121.27,675.51,3,1
1088.85,0.6,383.08,705.77,3,1
843.84,0.6,122.95,720.9,3,1
1160.91,0.6,462.7,698.21,3,1
642.13,0.2,99.57,542.56,1,1
618.74,0.2,98.86,519.87,1,1
620.79,0.4,60.92,559.87,2,1
664.16,0.2,129.16,535.0,1,1
1178.09,0.8,417.19,760.9,4,1
963.26,0.6,257.49,705.77,3,1
743.63,0.2,231.32,512.31,1,1
591.86,0.2,94.68,497.18,1,1
1140.58,0.6,427.24,713.33,3,1
798.53,0.2,240.84,557.69,1,1
872.89,0.4,229.81,643.08,2,1
689.79,0.2,116.97,572.82,1,1
754.75,0.2,212.19,542.56,1,1
975.15,0.4,369.89,605.26,2,1
1823.38,1.2,914.41,908.97,6,1
633.26,0.2,136.08,497.18,1,1
769.11,0.2,234.11,535.0,1,1
1522.38,1.0,600.46,921.92,5,1
952.5,0.4,286.73,665.77,2,1
894.4,0.4,251.32,643.08,2,1
559.09,0.0,132.16,426.92,0,1
528.71,0.0,101.78,426.92,0,1
756.68,0.4,128.73,627.95,2,1
692.49,0.4,72.11,620.38,2,1
546.54,0.0,112.05,434.49,0,1
893.79,0.6,172.89,720.9,3,1
1059.8,0.8,253.51,806.28,4,1
628.08,0.2,100.65,527.44,1,1
1162.34,0.8,371.19,791.15,4,1
1110.39,0.8,304.11,806.28,4,1
672.16,0.2,137.16,535.0,1,1
1228.59,0.6,553.08,675.51,3,1
456.76,0.0,37.41,419.36,0,1
710.81,0.2,183.38,527.44,1,1
905.54,0.6,177.08,728.46,3,1
787.67,0.4,197.54,590.13,2,1
968.53,0.6,217.38,751.15,3,1
936.75,0.6,193.16,743.59,3,1
751.4,0.2,193.7,557.69,1,1
547.81,0.0,113.32,434.49,0,1
1091.73,0.8,255.19,836.54,4,1
778.53,0.2,228.41,550.13,1,1
784.34,0.4,179.08,605.26,2,1
989.63,0.6,268.73,720.9,3,1
585.45,0.2,95.84,489.62,1,1
770.72,0.4,165.46,605.26,2,1
673.83,0.2,131.27,542.56,1,1
637.53,0.2,79.84,557.69,1,1
1115.65,1.0,239.11,876.54,5,1
690.34,0.2,125.08,565.26,1,1
718.67,0.4,120.97,597.69,2,1
1220.09,1.0,366.24,853.85,5,1
676.32,0.2,141.32,535.0,1,1
884.6,0.4,271.78,612.82,2,1
1354.39,1.2,354.65,999.74,6,1
1319.48,1.0,427.81,891.67,5,1
577.49,0.0,150.57,426.92,0,1
873.73,0.6,145.27,728.46,3,1
1047.94,0.8,256.78,791.15,4,1
903.05,0.4,267.54,635.51,2,1
682.2,0.2,116.95,565.26,1,1
847.93,0.6,142.16,705.77,3,1
648.72,0.4,51.03,597.69,2,1
976.6,0.4,348.65,627.95,2,1
990.02,0.6,291.81,698.21,3,1
553.81,0.0,126.89,426.92,0,1
436.5,0.0,24.7,411.79,0,1
795.09,0.4,189.84,605.26,2,1
643.98,0.2,116.54,527.44,1,1
682.88,0.4,77.62,605.26,2,1
1011.16,0.6,335.65,675.51,3,1
1142.09,1.0,235.3,906.79,5,1
825.61,0.4,167.41,658.21,2,1
914.47,0.6,201.14,713.33,3,1
925.46,0.6,197.0,728.46,3,1
853.06,0.4,240.24,612.82,2,1
580.31,0.2,68.0,512.31,1,1
780.0,0.4,144.49,635.51,2,1
519.07,0.0,54.32,464.74,0,1
510.11,0.0,75.62,434.49,0,1
931.44,0.6,278.62,652.82,3,1
1056.67,0.6,320.65,736.03,3,1
1441.82,0.8,627.97,813.85,4,1
1320.11,1.0,451.14,868.97,5,1
660.39,0.2,95.14,565.26,1,1
1373.39,1.0,459.03,914.36,5,1
1062.17,0.6,348.84,713.33,3,1
1273.45,1.0,389.35,884.1,5,1
1332.5,1.0,425.7,906.79,5,1
863.56,0.4,220.49,643.08,2,1
469.25,0.0,42.32,426.92,0,1
1043.21,0.6,352.57,690.64,3,1
613.64,0.0,148.89,464.74,0,1
568.69,0.0,111.51,457.18,0,1
657.44,0.2,130.0,527.44,1,1
736.7,0.2,186.57,550.13,1,1
1254.76,0.6,526.3,728.46,3,1
791.04,0.4,132.84,658.21,2,1
561.41,0.0,126.92,434.49,0,1
451.01,0.0,39.22,411.79,0,1
574.96,0.2,70.22,504.74,1,1
730.98,0.4,103.03,627.95,2,1
781.62,0.4,153.68,627.95,2,1
899.08,0.4,271.14,627.95,2,1
709.28,0.2,189.41,519.87,1,1
1069.74,0.8,271.03,798.72,4,1
1661.98,1.0,747.62,914.36,5,1
1021.72,0.6,278.14,743.59,3,1
769.97,0.4,134.46,635.51,2,1
569.4,0.0,119.78,449.62,0,1
929.65,0.4,294.14,635.51,2,1
749.18,0.2,191.49,557.69,1,1
784.26,0.4,126.05,658.21,2,1
617.64,0.2,120.46,497.18,1,1
1467.25,0.8,653.41,813.85,4,1
794.95,0.6,81.62,713.33,3,1
645.05,0.4,54.92,590.13,2,1
656.43,0.2,113.86,542.56,1,1
728.0,0.4,100.05,627.95,2,1
933.89,0.6,250.81,683.08,3,1
1030.91,0.6,272.19,758.72,3,1
691.32,0.2,148.76,542.56,1,1
660.29,0.4,77.73,582.56,2,1
814.87,0.4,194.49,620.38,2,1
873.7,0.6,183.05,690.64,3,1
443.2,0.0,31.41,411.79,0,1
530.41,0.0,95.92,434.49,0,1
1111.1,0.8,319.95,791.15,4,1
532.81,0.0,98.32,434.49,0,1
543.83,0.0,86.65,457.18,0,1
452.2,0.0,40.41,411.79,0,1
1418.56,1.0,519.32,899.23,5,1
1002.12,0.6,288.78,713.33,3,1
1190.94,0.6,500.3,690.64,3,1
1596.49,1.2,695.08,901.41,6,1
1340.59,0.6,604.57,736.03,3,1
542.43,0.0,92.81,449.62,0,1
642.68,0.2,115.24,527.44,1,1
1017.36,0.6,304.03,713.33,3,1
1073.47,0.4,407.7,665.77,2,1
1649.15,1.4,601.84,1047.31,7,1
639.43,0.2,96.86,542.56,1,1
690.89,0.4,108.32,582.56,2,1
616.83,0.0,167.22,449.62,0,1
551.83,0.0,102.22,449.62,0,1
803.07,0.4,144.86,658.21,2,1
1031.96,0.8,240.81,791.15,4,1
851.54,0.6,168.46,683.08,3,1
1065.23,0.6,367.03,698.21,3,1
685.75,0.2,128.05,557.69,1,1
764.67,0.2,206.97,557.69,1,1
1149.93,0.6,444.16,705.77,3,1
892.05,0.6,201.41,690.64,3,1
658.98,0.4,91.54,567.44,2,1
768.07,0.2,217.95,550.13,1,1
931.44,0.6,225.68,705.77,3,1
652.96,0.4,47.7,605.26,2,1
929.28,1.0,75.43,853.85,5,1
907.54,0.4,272.03,635.51,2,1
1206.23,0.8,399.95,806.28,4,1
917.64,0.2,359.95,557.69,1,1
457.79,0.0,46.0,411.79,0,1
717.26,0.4,112.0,605.26,2,1
931.04,0.8,177.7,753.33,4,1
506.89,0.2,32.41,474.49,1,1
797.48,0.4,139.27,658.21,2,1
1037.69,0.8,231.41,806.28,4,1
705.6,0.2,193.3,512.31,1,1
