"Total_Cost","Ratio_Reloc_Prod","Horiz_Cost","Vert_Cost","nReloc","non_Optimal"
221289.21,0.3653,34946.83,186342.41,548,300
733.44,0.4,113.05,620.38,2,1
680.75,0.2,123.05,557.69,1,1
843.81,0.6,115.35,728.46,3,1
838.02,0.4,179.81,658.21,2,1
942.06,1.0,88.22,853.85,5,1
951.96,0.8,145.68,806.28,4,1
698.2,0.4,77.81,620.38,2,1
1134.16,1.2,164.68,969.49,6,1
1044.79,1.0,175.81,868.97,5,1
689.92,0.4,107.35,582.56,2,1
868.25,0.8,107.35,760.9,4,1
623.91,0.2,66.22,557.69,1,1
1189.13,1.0,305.03,884.1,5,1
619.32,0.4,44.32,575.0,2,1
494.1,0.0,36.92,457.18,0,1
960.6,0.8,146.76,813.85,4,1
900.48,0.6,209.84,690.64,3,1
658.72,0.2,93.46,565.26,1,1
769.6,0.6,101.65,667.95,3,1
763.01,0.4,97.24,665.77,2,1
509.53,0.0,59.92,449.62,0,1
783.68,0.4,163.3,620.38,2,1
722.38,0.4,94.43,627.95,2,1
620.95,0.2,85.95,535.0,1,1
852.86,0.4,217.35,635.51,2,1
832.22,0.6,103.76,728.46,3,1
858.08,0.6,122.05,736.03,3,1
1209.86,1.4,177.68,1032.18,7,1
888.14,0.6,159.68,728.46,3,1
787.54,0.4,144.46,643.08,2,1
805.82,0.6,84.92,720.9,3,1
611.83,0.2,61.7,550.13,1,1
818.36,0.4,205.54,612.82,2,1
1086.73,1.0,210.19,876.54,5,1
649.4,0.2,99.27,550.13,1,1
881.0,0.6,144.97,736.03,3,1
484.48,0.0,42.43,442.05,0,1
727.0,0.4,83.92,643.08,2,1
782.78,0.4,132.14,650.64,2,1
703.7,0.2,168.7,535.0,1,1
862.33,0.8,101.43,760.9,4,1
707.25,0.4,94.43,612.82,2,1
795.18,0.6,104.54,690.64,3,1
799.28,0.6,93.51,705.77,3,1
594.29,0.2,51.73,542.56,1,1
821.6,0.6,93.14,728.46,3,1
1055.95,1.0,202.11,853.85,5,1
669.42,0.2,104.16,565.26,1,1
564.71,0.0,84.84,479.87,0,1
742.67,0.2,192.54,550.13,1,1
847.55,0.6,126.65,720.9,3,1
626.14,0.2,91.14,535.0,1,1
744.32,0.4,101.24,643.08,2,1
618.97,0.2,68.84,550.13,1,1
896.17,0.8,135.27,760.9,4,1
936.37,0.8,152.78,783.59,4,1
493.02,0.0,43.41,449.62,0,1
741.75,0.4,83.54,658.21,2,1
854.23,0.6,156.03,698.21,3,1
905.42,0.8,114.27,791.15,4,1
508.69,0.0,51.51,457.18,0,1
907.36,0.8,85.95,821.41,4,1
1158.07,1.2,165.89,992.18,6,1
906.38,0.6,177.92,728.46,3,1
643.74,0.2,70.92,572.82,1,1
848.55,0.4,175.22,673.33,2,1
753.11,0.4,125.16,627.95,2,1
882.56,0.4,239.49,643.08,2,1
803.13,0.4,167.62,635.51,2,1
779.9,0.4,159.51,620.38,2,1
633.84,0.2,98.84,535.0,1,1
577.03,0.0,97.16,479.87,0,1
835.64,0.4,185.0,650.64,2,1
929.16,0.8,145.57,783.59,4,1
1065.35,1.0,188.81,876.54,5,1
778.32,0.4,127.68,650.64,2,1
839.9,0.4,174.14,665.77,2,1
639.01,0.2,58.62,580.38,1,1
734.5,0.4,68.73,665.77,2,1
1025.08,0.8,196.11,828.97,4,1
695.33,0.2,114.95,580.38,1,1
799.2,0.2,226.38,572.82,1,1
795.08,0.4,152.0,643.08,2,1
761.29,0.4,110.65,650.64,2,1
892.19,0.6,171.3,720.9,3,1
839.49,0.6,111.03,728.46,3,1
795.39,0.4,122.05,673.33,2,1
694.09,0.2,121.27,572.82,1,1
1011.79,1.0,150.38,861.41,5,1
641.64,0.2,83.95,557.69,1,1
762.72,0.4,96.95,665.77,2,1
608.2,0.0,135.89,472.31,0,1
649.04,0.2,76.22,572.82,1,1
895.52,0.6,174.62,720.9,3,1
920.3,0.6,191.84,728.46,3,1
612.8,0.2,55.11,557.69,1,1
653.68,0.2,118.68,535.0,1,1
835.11,0.6,114.22,720.9,3,1
540.82,0.2,28.51,512.31,1,1
681.3,0.2,146.3,535.0,1,1
605.55,0.0,125.68,479.87,0,1
536.01,0.0,63.7,472.31,0,1
807.39,0.4,149.19,658.21,2,1
624.88,0.2,59.62,565.26,1,1
724.99,0.4,59.22,665.77,2,1
576.5,0.0,111.76,464.74,0,1
542.52,0.0,70.22,472.31,0,1
630.61,0.2,72.92,557.69,1,1
563.06,0.0,90.76,472.31,0,1
670.77,0.4,65.51,605.26,2,1
937.74,0.8,131.46,806.28,4,1
769.88,0.4,119.24,650.64,2,1
741.25,0.4,120.86,620.38,2,1
723.09,0.4,110.27,612.82,2,1
563.49,0.0,83.62,479.87,0,1
608.86,0.2,58.73,550.13,1,1
784.75,0.6,86.54,698.21,3,1
526.47,0.0,61.73,464.74,0,1
712.03,0.4,91.65,620.38,2,1
917.61,0.8,126.46,791.15,4,1
658.51,0.2,108.38,550.13,1,1
629.07,0.2,78.95,550.13,1,1
800.2,0.6,94.43,705.77,3,1
495.99,0.0,38.81,457.18,0,1
915.17,0.6,201.84,713.33,3,1
644.12,0.0,171.81,472.31,0,1
548.31,0.0,83.57,464.74,0,1
729.21,0.2,171.51,557.69,1,1
770.19,0.4,134.68,635.51,2,1
564.1,0.0,114.49,449.62,0,1
648.72,0.2,91.03,557.69,1,1
664.89,0.2,129.89,535.0,1,1
806.6,0.6,85.7,720.9,3,1
774.02,0.6,90.95,683.08,3,1
631.73,0.2,89.16,542.56,1,1
498.32,0.0,48.7,449.62,0,1
732.23,0.2,159.41,572.82,1,1
837.47,0.6,116.57,720.9,3,1
864.33,0.6,151.0,713.33,3,1
624.21,0.2,81.65,542.56,1,1
660.96,0.2,88.14,572.82,1,1
709.13,0.4,73.62,635.51,2,1
496.72,0.0,47.11,449.62,0,1
642.88,0.2,77.62,565.26,1,1
523.71,0.0,51.41,472.31,0,1
621.26,0.0,156.51,464.74,0,1
593.43,0.2,58.43,535.0,1,1
628.51,0.2,85.95,542.56,1,1
603.37,0.2,60.81,542.56,1,1
736.17,0.4,115.78,620.38,2,1
698.52,0.4,78.14,620.38,2,1
733.0,0.4,105.05,627.95,2,1
488.75,0.0,46.7,442.05,0,1
794.19,0.4,151.11,643.08,2,1
836.55,0.4,163.22,673.33,2,1
757.12,0.4,144.3,612.82,2,1
664.34,0.2,106.65,557.69,1,1
987.9,0.8,166.49,821.41,4,1
766.61,0.4,100.84,665.77,2,1
714.87,0.2,134.49,580.38,1,1
493.08,0.0,51.03,442.05,0,1
738.42,0.2,180.73,557.69,1,1
577.06,0.0,104.76,472.31,0,1
737.26,0.4,86.62,650.64,2,1
789.71,0.4,169.32,620.38,2,1
821.61,0.6,130.97,690.64,3,1
1155.47,1.0,248.68,906.79,5,1
673.91,0.2,123.78,550.13,1,1
1058.38,0.8,236.97,821.41,4,1
1042.46,0.8,205.92,836.54,4,1
846.12,0.4,187.92,658.21,2,1
1038.09,0.8,171.3,866.79,4,1
848.5,0.6,150.3,698.21,3,1
959.55,0.6,253.78,705.77,3,1
785.07,0.4,126.86,658.21,2,1
1079.07,1.2,132.27,946.79,6,1
689.39,0.2,116.57,572.82,1,1
806.6,0.4,133.27,673.33,2,1
530.77,0.0,66.03,464.74,0,1
697.03,0.2,162.03,535.0,1,1
826.07,0.4,160.3,665.77,2,1
937.71,0.8,123.86,813.85,4,1
646.99,0.2,96.86,550.13,1,1
680.1,0.2,129.97,550.13,1,1
683.69,0.2,110.86,572.82,1,1
704.27,0.4,76.32,627.95,2,1
551.49,0.0,71.62,479.87,0,1
670.09,0.4,49.7,620.38,2,1
640.09,0.0,160.22,479.87,0,1
831.47,0.6,110.57,720.9,3,1
494.24,0.0,44.62,449.62,0,1
763.85,0.4,105.65,658.21,2,1
840.53,0.6,149.89,690.64,3,1
918.91,0.8,127.76,791.15,4,1
803.26,0.4,137.49,665.77,2,1
534.93,0.0,62.62,472.31,0,1
737.99,0.2,172.73,565.26,1,1
478.05,0.0,36.0,442.05,0,1
759.27,0.4,123.76,635.51,2,1
681.69,0.4,76.43,605.26,2,1
616.35,0.2,81.35,535.0,1,1
726.1,0.4,83.03,643.08,2,1
692.22,0.4,71.84,620.38,2,1
610.64,0.2,60.51,550.13,1,1
539.31,0.0,82.14,457.18,0,1
576.14,0.0,96.27,479.87,0,1
552.5,0.0,87.76,464.74,0,1
897.16,0.6,168.7,728.46,3,1
523.0,0.0,80.95,442.05,0,1
806.23,0.2,240.97,565.26,1,1
771.65,0.4,143.7,627.95,2,1
648.54,0.2,105.97,542.56,1,1
681.8,0.2,131.68,550.13,1,1
545.99,0.0,81.24,464.74,0,1
788.6,0.4,168.22,620.38,2,1
690.53,0.2,125.27,565.26,1,1
622.61,0.2,64.92,557.69,1,1
640.07,0.2,74.81,565.26,1,1
875.99,0.6,170.22,705.77,3,1
624.7,0.2,82.14,542.56,1,1
790.2,0.6,84.43,705.77,3,1
850.87,0.4,177.54,673.33,2,1
800.99,0.4,142.78,658.21,2,1
593.64,0.2,43.51,550.13,1,1
805.56,0.4,147.35,658.21,2,1
750.15,0.4,91.95,658.21,2,1
683.17,0.2,110.35,572.82,1,1
514.8,0.0,57.62,457.18,0,1
676.42,0.2,111.16,565.26,1,1
456.06,0.0,36.7,419.36,0,1
774.1,0.4,123.46,650.64,2,1
691.01,0.4,70.62,620.38,2,1
517.53,0.0,67.92,449.62,0,1
730.52,0.4,110.14,620.38,2,1
693.67,0.2,151.11,542.56,1,1
628.67,0.2,78.54,550.13,1,1
848.39,0.6,135.05,713.33,3,1
699.65,0.2,119.27,580.38,1,1
675.26,0.2,117.57,557.69,1,1
907.61,0.6,201.84,705.77,3,1
701.09,0.2,128.27,572.82,1,1
720.66,0.2,155.41,565.26,1,1
896.51,0.6,145.35,751.15,3,1
509.4,0.0,52.22,457.18,0,1
586.95,0.2,59.51,527.44,1,1
752.85,0.4,94.65,658.21,2,1
592.08,0.2,49.51,542.56,1,1
823.86,0.4,173.22,650.64,2,1
663.06,0.2,90.24,572.82,1,1
811.26,0.6,113.05,698.21,3,1
476.75,0.0,34.7,442.05,0,1
1105.2,1.2,158.41,946.79,6,1
664.96,0.0,192.65,472.31,0,1
769.89,0.4,134.38,635.51,2,1
912.73,0.6,176.7,736.03,3,1
763.87,0.4,90.54,673.33,2,1
794.27,0.4,151.19,643.08,2,1
787.42,0.4,136.78,650.64,2,1
1015.87,1.0,146.89,868.97,5,1
674.36,0.2,101.54,572.82,1,1
1109.07,1.0,209.84,899.23,5,1
704.45,0.4,53.81,650.64,2,1
1074.19,0.8,237.65,836.54,4,1
627.53,0.2,69.84,557.69,1,1
559.04,0.0,101.86,457.18,0,1
1105.5,1.2,166.27,939.23,6,1
622.72,0.0,165.54,457.18,0,1
618.35,0.2,83.35,535.0,1,1
800.54,0.4,165.03,635.51,2,1
848.12,0.6,134.78,713.33,3,1
720.72,0.4,62.51,658.21,2,1
808.47,0.4,142.7,665.77,2,1
799.31,0.4,141.11,658.21,2,1
718.17,0.4,105.35,612.82,2,1
601.56,0.2,51.43,550.13,1,1
953.16,0.8,109.05,844.1,4,1
718.0,0.4,90.05,627.95,2,1
653.01,0.2,87.76,565.26,1,1
515.45,0.0,50.7,464.74,0,1
500.62,0.0,66.14,434.49,0,1
645.5,0.2,80.24,565.26,1,1
806.52,0.4,186.14,620.38,2,1
865.23,0.4,191.89,673.33,2,1
610.71,0.0,123.27,487.44,0,1
859.24,0.6,115.65,743.59,3,1
499.99,0.0,42.81,457.18,0,1
674.14,0.2,101.32,572.82,1,1
495.51,0.0,61.03,434.49,0,1
682.14,0.2,101.76,580.38,1,1
811.1,0.4,152.89,658.21,2,1
543.39,0.0,63.51,479.87,0,1
644.99,0.0,180.24,464.74,0,1
919.18,0.8,120.46,798.72,4,1
611.65,0.0,116.65,495.0,0,1
678.48,0.2,120.78,557.69,1,1
472.0,0.0,37.51,434.49,0,1
671.23,0.4,73.54,597.69,2,1
538.77,0.0,74.03,464.74,0,1
700.92,0.4,65.41,635.51,2,1
712.54,0.4,77.03,635.51,2,1
