"Total_Cost","Ratio_Reloc_Prod","Horiz_Cost","Vert_Cost","nReloc","non_Optimal"
268630.35,0.5133,71017.72,197612.72,770,242
683.24,0.2,87.73,595.51,1,0
1055.73,0.8,219.19,836.54,4,1
523.28,0.0,43.41,479.87,0,0
875.25,0.4,201.92,673.33,2,1
1043.26,1.0,144.03,899.23,5,1
586.33,0.0,106.46,479.87,0,0
1669.36,1.4,727.95,941.41,7,1
570.91,0.0,106.16,464.74,0,0
555.28,0.0,90.54,464.74,0,1
677.74,0.4,64.92,612.82,2,0
779.28,0.2,214.03,565.26,1,1
1403.42,1.4,363.68,1039.74,7,1
795.48,0.4,137.27,658.21,2,0
724.51,0.4,81.43,643.08,2,1
776.89,0.4,194.32,582.56,2,1
546.29,0.0,89.11,457.18,0,0
532.85,0.0,68.11,464.74,0,0
735.21,0.4,92.14,643.08,2,1
930.1,0.8,138.95,791.15,4,1
962.86,0.8,171.7,791.15,4,1
1101.49,0.8,280.08,821.41,4,1
1281.23,0.6,643.54,637.69,3,1
1674.7,0.8,951.62,723.08,4,1
880.87,0.6,212.92,667.95,3,1
511.26,0.0,46.51,464.74,0,0
776.81,0.4,133.73,643.08,2,1
668.98,0.2,156.68,512.31,1,1
653.43,0.2,110.86,542.56,1,1
1385.27,0.6,717.32,667.95,3,1
544.55,0.0,72.24,472.31,0,0
564.09,0.0,99.35,464.74,0,0
563.0,0.0,120.95,442.05,0,0
559.18,0.0,102.0,457.18,0,0
1049.05,0.8,257.89,791.15,4,1
456.5,0.0,44.7,411.79,0,1
1513.47,1.0,720.14,793.33,5,1
1174.76,0.8,353.35,821.41,4,1
1188.91,1.0,297.24,891.67,5,1
800.08,0.4,172.14,627.95,2,0
797.69,0.4,139.49,658.21,2,1
804.74,0.2,239.49,565.26,1,1
775.41,0.4,147.46,627.95,2,1
816.34,0.4,218.65,597.69,2,1
577.81,0.2,42.81,535.0,1,0
703.47,0.6,58.22,645.26,3,1
901.69,0.6,195.92,705.77,3,1
1253.98,1.2,299.62,954.36,6,1
842.6,0.4,169.27,673.33,2,1
580.16,0.0,130.54,449.62,0,0
1103.06,1.0,309.73,793.33,5,1
889.31,0.6,191.11,698.21,3,1
1065.91,0.8,282.32,783.59,4,1
1097.38,1.0,228.41,868.97,5,1
731.69,0.2,174.0,557.69,1,1
846.47,0.6,186.08,660.38,3,1
701.36,0.4,88.54,612.82,2,1
763.87,0.4,143.49,620.38,2,0
911.17,0.6,205.41,705.77,3,1
709.45,0.0,244.7,464.74,0,1
591.11,0.2,56.11,535.0,1,0
1122.45,0.6,492.32,630.13,3,1
761.29,0.4,118.22,643.08,2,1
595.26,0.0,130.51,464.74,0,0
753.14,0.4,185.7,567.44,2,1
1235.11,1.4,233.19,1001.92,7,1
865.13,0.6,129.11,736.03,3,0
1017.24,0.4,442.24,575.0,2,1
925.11,0.6,204.22,720.9,3,1
1370.01,1.2,415.65,954.36,6,1
695.8,0.4,90.54,605.26,2,1
805.8,0.4,215.68,590.13,2,1
762.95,0.6,102.57,660.38,3,1
1069.05,1.2,197.89,871.15,6,1
961.34,0.6,255.57,705.77,3,1
898.31,0.6,245.49,652.82,3,1
958.07,0.8,272.81,685.26,4,1
942.21,0.8,204.0,738.21,4,1
539.92,0.0,105.43,434.49,0,1
755.77,0.4,142.95,612.82,2,1
778.31,0.6,133.05,645.26,3,1
723.54,0.4,140.97,582.56,2,1
630.24,0.2,95.24,535.0,1,1
904.56,0.4,306.86,597.69,2,1
1032.54,0.8,196.0,836.54,4,1
809.93,0.4,204.68,605.26,2,1
932.12,0.8,178.78,753.33,4,1
492.62,0.0,58.14,434.49,0,0
601.87,0.4,42.0,559.87,2,1
1180.67,0.8,502.97,677.69,4,1
852.77,0.4,255.08,597.69,2,1
480.15,0.0,68.35,411.79,0,0
649.23,0.2,91.54,557.69,1,0
717.84,0.4,97.46,620.38,2,1
675.03,0.2,140.03,535.0,1,1
1139.18,1.2,215.08,924.1,6,1
727.07,0.2,169.38,557.69,1,1
1385.71,1.0,471.35,914.36,5,1
1077.77,0.8,324.43,753.33,4,1
726.87,0.2,154.05,572.82,1,0
697.12,0.2,184.81,512.31,1,1
1134.34,1.0,295.62,838.72,5,1
760.88,0.2,203.19,557.69,1,1
626.75,0.2,129.57,497.18,1,1
689.03,0.4,129.16,559.87,2,0
997.23,0.6,351.97,645.26,3,1
704.3,0.4,83.92,620.38,2,1
537.94,0.2,48.32,489.62,1,1
445.01,0.0,33.22,411.79,0,1
565.6,0.2,98.68,466.92,1,1
1163.72,1.0,340.14,823.59,5,1
1388.37,0.8,657.73,730.64,4,1
718.55,0.4,105.73,612.82,2,1
835.18,0.4,176.97,658.21,2,1
1450.86,0.8,727.78,723.08,4,1
1809.98,1.2,976.65,833.33,6,1
1490.14,1.6,334.76,1155.38,8,1
847.06,0.6,126.16,720.9,3,1
786.16,0.4,143.08,643.08,2,0
809.35,0.4,166.27,643.08,2,1
1404.22,1.2,449.86,954.36,6,1
1368.46,1.2,391.41,977.05,6,1
1183.55,1.0,337.27,846.28,5,1
795.16,0.4,152.08,643.08,2,1
653.79,0.2,126.35,527.44,1,1
605.43,0.2,123.38,482.05,1,1
816.8,0.2,251.54,565.26,1,1
1034.28,0.8,273.38,760.9,4,1
1584.1,1.2,705.38,878.72,6,1
1368.04,1.6,280.73,1087.31,8,1
518.52,0.0,99.16,419.36,0,1
700.93,0.2,135.68,565.26,1,1
656.91,0.2,159.73,497.18,1,1
771.6,0.6,103.65,667.95,3,1
2250.5,2.0,1030.24,1220.26,10,1
1119.31,0.8,320.59,798.72,4,1
919.96,0.4,261.76,658.21,2,1
1254.77,0.8,516.57,738.21,4,1
866.03,0.6,137.57,728.46,3,1
900.21,0.6,164.19,736.03,3,1
574.42,0.0,117.24,457.18,0,0
1465.19,0.8,749.68,715.51,4,1
766.67,0.4,116.03,650.64,2,0
741.53,0.4,143.84,597.69,2,1
958.76,0.4,338.38,620.38,2,1
867.1,0.4,224.03,643.08,2,1
1080.6,0.6,412.65,667.95,3,1
924.07,0.6,218.3,705.77,3,1
831.64,0.4,233.95,597.69,2,1
730.29,0.2,172.59,557.69,1,0
1145.99,0.8,347.27,798.72,4,0
1022.54,0.6,339.46,683.08,3,1
970.99,0.6,265.22,705.77,3,0
1403.34,1.4,371.16,1032.18,7,1
1058.22,0.8,236.81,821.41,4,1
935.18,0.8,136.46,798.72,4,1
747.82,0.4,142.57,605.26,2,1
912.28,0.6,191.38,720.9,3,0
740.1,0.4,149.97,590.13,2,1
1297.53,1.0,405.86,891.67,5,1
1195.97,1.0,311.86,884.1,5,1
1003.15,0.8,212.0,791.15,4,1
694.72,0.2,129.46,565.26,1,0
686.05,0.0,244.0,442.05,0,0
435.2,0.0,23.41,411.79,0,1
849.95,0.6,182.0,667.95,3,1
1273.31,0.6,628.05,645.26,3,1
994.1,0.8,263.46,730.64,4,0
1329.53,1.0,437.86,891.67,5,1
1130.88,1.0,239.22,891.67,5,1
499.53,0.0,49.92,449.62,0,1
826.2,0.2,260.95,565.26,1,0
588.46,0.0,146.41,442.05,0,0
1022.84,1.0,161.43,861.41,5,1
2022.74,1.4,1088.89,933.85,7,1
866.53,0.4,208.32,658.21,2,1
678.62,0.2,136.05,542.56,1,1
972.64,0.6,274.43,698.21,3,1
732.34,0.2,167.08,565.26,1,1
663.67,0.2,113.54,550.13,1,1
787.51,0.6,104.43,683.08,3,0
759.09,0.4,146.27,612.82,2,1
1331.93,1.0,546.16,785.77,5,1
530.97,0.0,81.35,449.62,0,1
1236.73,1.0,314.81,921.92,5,1
587.01,0.0,107.14,479.87,0,0
817.23,0.4,204.41,612.82,2,1
1786.92,1.0,978.46,808.46,5,1
694.53,0.0,229.78,464.74,0,0
848.71,0.4,228.32,620.38,2,1
625.73,0.2,143.68,482.05,1,1
830.72,0.4,225.46,605.26,2,1
1028.54,1.0,159.57,868.97,5,1
1023.36,0.6,302.46,720.9,3,1
949.63,0.6,236.3,713.33,3,1
981.44,0.6,260.54,720.9,3,0
622.7,0.2,80.14,542.56,1,1
561.81,0.0,119.76,442.05,0,1
520.6,0.0,86.11,434.49,0,1
518.6,0.0,84.11,434.49,0,1
1670.4,1.0,899.76,770.64,5,1
813.4,0.4,177.89,635.51,2,0
671.09,0.2,105.84,565.26,1,1
1103.64,1.0,219.54,884.1,5,1
969.79,0.6,241.32,728.46,3,0
940.97,0.8,164.95,776.03,4,1
739.04,0.2,173.78,565.26,1,1
506.53,0.0,56.92,449.62,0,1
881.17,0.4,215.41,665.77,2,0
545.72,0.0,96.11,449.62,0,1
680.52,0.4,128.22,552.31,2,1
884.88,0.6,254.76,630.13,3,1
809.75,0.4,166.68,643.08,2,1
999.32,0.4,424.32,575.0,2,1
1207.08,1.0,322.97,884.1,5,1
949.98,0.6,236.65,713.33,3,1
944.23,0.4,286.03,658.21,2,1
795.3,0.6,127.35,667.95,3,1
707.54,0.4,124.97,582.56,2,1
949.47,0.6,183.19,766.28,3,1
866.15,0.4,207.95,658.21,2,1
976.45,0.8,185.3,791.15,4,1
612.29,0.0,155.11,457.18,0,1
1409.06,1.2,507.65,901.41,6,1
1509.18,1.0,670.46,838.72,5,1
801.67,0.4,166.16,635.51,2,1
1383.9,1.0,522.49,861.41,5,1
849.72,0.6,143.95,705.77,3,1
851.66,0.4,238.84,612.82,2,1
776.88,0.4,179.19,597.69,2,1
696.63,0.2,131.38,565.26,1,1
686.12,0.2,173.81,512.31,1,1
793.77,0.4,188.51,605.26,2,1
748.77,0.4,151.08,597.69,2,1
673.12,0.2,168.38,504.74,1,1
684.72,0.2,119.46,565.26,1,1
872.79,0.6,204.84,667.95,3,1
1067.26,1.0,183.16,884.1,5,1
624.42,0.2,66.73,557.69,1,1
819.72,0.6,129.08,690.64,3,1
619.02,0.2,121.84,497.18,1,1
770.8,0.2,205.54,565.26,1,0
563.89,0.0,114.27,449.62,0,1
2074.53,1.4,1163.38,911.15,7,1
570.58,0.0,105.84,464.74,0,0
798.5,0.2,240.81,557.69,1,0
753.04,0.4,155.35,597.69,2,1
1134.49,0.4,567.05,567.44,2,1
951.52,0.8,183.05,768.46,4,1
1452.47,1.4,405.16,1047.31,7,1
873.35,0.6,190.27,683.08,3,1
1252.73,1.0,323.24,929.49,5,1
686.86,0.2,136.73,550.13,1,1
512.99,0.0,55.81,457.18,0,0
557.59,0.0,115.54,442.05,0,1
570.7,0.2,35.7,535.0,1,0
762.49,0.4,126.97,635.51,2,1
440.06,0.0,20.7,419.36,0,0
1050.33,1.0,196.49,853.85,5,0
747.55,0.4,127.16,620.38,2,0
978.18,0.8,179.46,798.72,4,1
653.28,0.2,148.54,504.74,1,1
633.76,0.2,98.76,535.0,1,1
667.21,0.2,170.03,497.18,1,1
595.82,0.2,75.95,519.87,1,1
966.53,0.8,235.89,730.64,4,1
903.88,0.4,238.11,665.77,2,0
973.74,0.8,167.46,806.28,4,1
644.9,0.4,85.03,559.87,2,1
1795.27,0.8,1072.19,723.08,4,1
1103.6,0.2,644.24,459.36,1,1
868.58,0.6,170.38,698.21,3,1
985.25,0.6,271.92,713.33,3,1
698.37,0.2,140.68,557.69,1,0
981.61,0.8,190.46,791.15,4,1
855.21,0.6,164.57,690.64,3,1
679.85,0.2,122.16,557.69,1,1
798.22,0.4,223.22,575.0,2,1
934.34,0.6,243.7,690.64,3,1
492.84,0.0,65.92,426.92,0,1
878.35,0.6,202.84,675.51,3,1
799.64,0.4,156.57,643.08,2,1
639.29,0.2,96.73,542.56,1,1
951.25,1.0,97.41,853.85,5,1
588.2,0.2,68.32,519.87,1,1
747.12,0.4,88.92,658.21,2,1
2115.66,1.6,1088.86,1026.79,8,1
1296.94,1.0,412.84,884.1,5,1
738.82,0.2,166.0,572.82,1,0
675.85,0.2,118.16,557.69,1,1
662.78,0.0,213.16,449.62,0,1
966.86,0.6,276.22,690.64,3,1
892.53,0.6,186.76,705.77,3,1
1067.52,0.6,339.05,728.46,3,0
852.66,0.8,99.32,753.33,4,1
1037.37,0.4,439.68,597.69,2,1
600.48,0.0,158.43,442.05,0,0
946.64,0.4,288.43,658.21,2,0
884.6,0.8,123.7,760.9,4,1
1159.32,0.8,315.22,844.1,4,1
1594.3,1.6,499.43,1094.87,8,1
