"Total_Cost","Ratio_Reloc_Prod","Horiz_Cost","Vert_Cost","nReloc","non_Optimal"
224005.44,0.44,32993.94,191011.45,660,375
652.5,0.5,87.24,565.26,2,1
531.9,0.25,52.03,479.87,1,1
759.02,1.0,60.81,698.21,4,1
614.43,0.5,79.43,535.0,2,1
617.14,0.5,97.27,519.87,2,1
561.45,0.25,104.27,457.18,1,1
773.99,0.75,123.35,650.64,3,1
594.21,0.5,36.51,557.69,2,1
550.12,0.25,70.24,479.87,1,1
445.51,0.0,51.03,394.49,0,1
678.99,0.75,88.86,590.13,3,1
396.9,0.0,25.11,371.79,0,1
801.6,0.75,181.22,620.38,3,1
537.79,0.25,57.92,479.87,1,1
368.35,0.0,26.81,341.54,0,1
882.86,1.25,106.84,776.03,5,1
656.65,0.75,81.65,575.0,3,1
428.52,0.0,56.73,371.79,0,1
402.93,0.0,38.7,364.23,0,1
371.54,0.0,30.0,341.54,0,1
393.91,0.0,44.81,349.1,0,1
537.3,0.25,110.38,426.92,1,1
598.17,0.5,70.73,527.44,2,1
408.13,0.0,59.03,349.1,0,1
692.23,0.75,94.54,597.69,3,1
595.24,0.5,45.11,550.13,2,1
368.24,0.0,26.7,341.54,0,1
574.44,0.25,147.51,426.92,1,1
930.31,1.25,184.54,745.77,5,1
487.7,0.0,85.65,402.05,0,1
789.02,1.0,105.95,683.08,4,1
458.44,0.0,86.65,371.79,0,1
776.59,1.0,85.95,690.64,4,1
631.81,0.5,89.24,542.56,2,1
536.23,0.25,63.92,472.31,1,1
520.79,0.25,93.86,426.92,1,1
641.27,0.5,106.27,535.0,2,1
794.69,1.0,88.92,705.77,4,1
574.09,0.5,54.22,519.87,2,1
591.67,0.5,49.11,542.56,2,1
598.53,0.5,101.35,497.18,2,1
713.29,0.5,170.73,542.56,2,1
728.03,0.75,107.65,620.38,3,1
742.3,0.5,214.86,527.44,2,1
516.68,0.25,89.76,426.92,1,1
393.64,0.0,29.41,364.23,0,1
974.38,1.5,165.92,808.46,6,1
536.07,0.25,86.46,449.62,1,1
373.1,0.0,24.0,349.1,0,1
689.02,0.75,106.46,582.56,3,1
586.72,0.25,121.97,464.74,1,1
887.23,1.0,189.03,698.21,4,1
732.23,0.5,174.54,557.69,2,1
733.13,0.75,143.0,590.13,3,1
447.63,0.0,75.84,371.79,0,1
502.18,0.25,45.0,457.18,1,1
493.92,0.25,59.43,434.49,1,1
346.41,0.0,20.0,326.41,0,1
550.57,0.5,30.7,519.87,2,1
880.6,1.25,127.27,753.33,5,1
620.84,0.5,85.84,535.0,2,1
934.1,1.25,142.95,791.15,5,1
791.08,0.75,155.57,635.51,3,1
425.47,0.0,46.11,379.36,0,1
705.75,0.75,108.05,597.69,3,1
475.33,0.25,48.41,426.92,1,1
796.8,1.0,91.03,705.77,4,1
524.45,0.25,59.7,464.74,1,1
689.74,0.5,109.35,580.38,2,1
673.56,0.5,115.86,557.69,2,1
475.92,0.0,81.43,394.49,0,1
420.56,0.0,56.32,364.23,0,1
434.87,0.0,55.51,379.36,0,1
713.52,0.75,93.14,620.38,3,1
701.59,0.75,111.46,590.13,3,1
780.51,0.75,145.0,635.51,3,1
510.29,0.25,53.11,457.18,1,1
607.2,0.5,102.46,504.74,2,1
986.85,1.25,241.08,745.77,5,1
787.67,1.0,112.16,675.51,4,1
510.16,0.25,60.54,449.62,1,1
656.41,0.5,128.97,527.44,2,1
472.52,0.0,93.16,379.36,0,1
538.77,0.25,74.03,464.74,1,1
472.71,0.0,93.35,379.36,0,1
404.08,0.0,62.54,341.54,0,1
634.7,0.75,59.7,575.0,3,1
694.3,0.5,159.3,535.0,2,1
583.47,0.25,111.16,472.31,1,1
374.24,0.0,32.7,341.54,0,1
409.37,0.0,52.7,356.67,0,1
392.13,0.0,43.03,349.1,0,1
482.07,0.0,110.27,371.79,0,1
381.35,0.0,39.81,341.54,0,1
602.4,0.25,145.22,457.18,1,1
691.37,0.75,101.24,590.13,3,1
584.31,0.25,119.57,464.74,1,1
884.35,1.25,100.76,783.59,5,1
564.17,0.25,76.73,487.44,1,1
663.1,0.75,80.54,582.56,3,1
539.88,0.25,75.14,464.74,1,1
639.35,0.5,104.35,535.0,2,1
635.22,0.5,107.78,527.44,2,1
746.92,0.75,118.97,627.95,3,1
641.86,0.5,106.86,535.0,2,1
927.67,1.25,144.08,783.59,5,1
697.31,0.75,92.05,605.26,3,1
431.63,0.0,59.84,371.79,0,1
668.16,0.5,133.16,535.0,2,1
618.17,0.5,90.73,527.44,2,1
657.23,0.5,144.92,512.31,2,1
401.79,0.0,30.0,371.79,0,1
619.54,0.5,84.54,535.0,2,1
546.65,0.25,112.16,434.49,1,1
490.7,0.25,56.22,434.49,1,1
448.5,0.0,84.27,364.23,0,1
659.48,0.5,109.35,550.13,2,1
523.03,0.0,136.11,386.92,0,1
577.48,0.5,87.86,489.62,2,1
527.7,0.25,85.65,442.05,1,1
669.36,0.75,64.11,605.26,3,1
581.21,0.25,131.59,449.62,1,1
929.11,1.25,153.08,776.03,5,1
652.59,0.75,70.03,582.56,3,1
556.04,0.25,83.73,472.31,1,1
391.48,0.0,34.81,356.67,0,1
626.49,0.5,99.05,527.44,2,1
366.24,0.0,24.7,341.54,0,1
640.62,0.5,98.05,542.56,2,1
865.99,1.25,127.78,738.21,5,1
683.84,0.5,103.46,580.38,2,1
758.66,0.75,85.32,673.33,3,1
563.04,0.25,105.86,457.18,1,1
576.09,0.25,111.35,464.74,1,1
772.43,0.75,129.35,643.08,3,1
888.78,1.25,112.76,776.03,5,1
417.58,0.0,38.22,379.36,0,1
368.94,0.0,27.41,341.54,0,1
787.14,1.0,73.81,713.33,4,1
369.54,0.0,28.0,341.54,0,1
474.82,0.0,95.46,379.36,0,1
513.55,0.25,48.81,464.74,1,1
421.15,0.0,56.92,364.23,0,1
809.13,0.75,158.49,650.64,3,1
647.26,0.5,97.14,550.13,2,1
468.74,0.0,96.95,371.79,0,1
644.66,0.5,124.78,519.87,2,1
622.97,0.5,72.84,550.13,2,1
540.21,0.25,98.16,442.05,1,1
579.99,0.25,115.24,464.74,1,1
442.76,0.25,23.41,419.36,1,1
404.72,0.0,55.62,349.1,0,1
690.13,0.5,140.0,550.13,2,1
733.57,0.75,98.05,635.51,3,1
547.88,0.25,83.14,464.74,1,1
368.54,0.0,27.0,341.54,0,1
495.67,0.25,53.62,442.05,1,1
766.59,1.0,75.95,690.64,4,1
722.29,0.5,179.73,542.56,2,1
689.2,0.5,123.95,565.26,2,1
719.31,0.75,114.05,605.26,3,1
489.41,0.25,70.05,419.36,1,1
743.02,0.75,99.95,643.08,3,1
417.18,0.0,60.51,356.67,0,1
650.24,0.75,60.11,590.13,3,1
428.12,0.0,56.32,371.79,0,1
689.45,0.5,131.76,557.69,2,1
657.18,0.5,91.92,565.26,2,1
719.8,0.75,114.54,605.26,3,1
400.83,0.0,51.73,349.1,0,1
543.92,0.25,101.86,442.05,1,1
497.72,0.25,48.11,449.62,1,1
451.63,0.0,64.7,386.92,0,1
725.22,0.75,104.84,620.38,3,1
531.28,0.25,66.54,464.74,1,1
701.08,0.75,126.08,575.0,3,1
427.26,0.0,63.03,364.23,0,1
510.18,0.25,53.0,457.18,1,1
475.63,0.25,48.7,426.92,1,1
743.0,0.75,115.05,627.95,3,1
690.41,0.75,122.97,567.44,3,1
495.93,0.0,116.57,379.36,0,1
356.38,0.0,22.41,333.97,0,1
595.85,0.5,83.54,512.31,2,1
547.09,0.25,67.22,479.87,1,1
484.34,0.25,72.54,411.79,1,1
498.45,0.25,33.7,464.74,1,1
444.74,0.0,72.95,371.79,0,1
667.85,0.5,110.16,557.69,2,1
381.1,0.0,32.0,349.1,0,1
504.71,0.25,85.35,419.36,1,1
713.03,0.75,77.51,635.51,3,1
640.21,0.5,97.65,542.56,2,1
371.75,0.0,30.22,341.54,0,1
436.77,0.0,72.54,364.23,0,1
836.85,1.0,184.03,652.82,4,1
670.29,0.5,120.16,550.13,2,1
573.4,0.25,123.78,449.62,1,1
597.56,0.5,55.0,542.56,2,1
431.66,0.0,67.43,364.23,0,1
483.11,0.25,48.62,434.49,1,1
595.55,0.5,83.24,512.31,2,1
548.45,0.5,58.84,489.62,2,1
945.24,1.25,222.16,723.08,5,1
402.79,0.0,31.0,371.79,0,1
601.52,0.5,81.65,519.87,2,1
451.92,0.25,25.0,426.92,1,1
493.13,0.25,43.51,449.62,1,1
526.12,0.25,53.81,472.31,1,1
483.87,0.25,64.51,419.36,1,1
875.13,1.25,144.49,730.64,5,1
599.96,0.5,87.65,512.31,2,1
570.93,0.25,91.05,479.87,1,1
597.08,0.25,109.65,487.44,1,1
389.54,0.0,48.0,341.54,0,1
492.3,0.25,72.95,419.36,1,1
765.83,0.75,168.14,597.69,3,1
855.18,0.75,204.54,650.64,3,1
713.18,0.75,115.49,597.69,3,1
896.28,1.25,135.38,760.9,5,1
713.54,0.75,78.03,635.51,3,1
538.8,0.25,81.62,457.18,1,1
396.34,0.0,32.11,364.23,0,1
665.01,0.5,99.76,565.26,2,1
515.05,0.25,65.43,449.62,1,1
952.75,1.25,161.59,791.15,5,1
669.52,0.5,89.14,580.38,2,1
700.42,0.5,135.16,565.26,2,1
785.07,1.0,94.43,690.64,4,1
618.19,0.5,75.62,542.56,2,1
797.16,0.75,154.08,643.08,3,1
636.0,0.5,93.43,542.56,2,1
679.39,0.75,74.14,605.26,3,1
570.29,0.25,120.68,449.62,1,1
580.94,0.25,138.89,442.05,1,1
579.06,0.25,106.76,472.31,1,1
709.29,0.5,151.59,557.69,2,1
501.15,0.25,36.41,464.74,1,1
417.71,0.0,45.92,371.79,0,1
677.31,0.75,79.62,597.69,3,1
357.82,0.0,31.41,326.41,0,1
654.56,0.75,64.43,590.13,3,1
670.12,0.75,72.43,597.69,3,1
423.32,0.25,34.22,389.1,1,1
656.75,0.75,66.62,590.13,3,1
891.76,1.25,130.86,760.9,5,1
796.48,1.0,105.84,690.64,4,1
514.0,0.25,71.95,442.05,1,1
412.23,0.0,48.0,364.23,0,1
364.63,0.0,38.22,326.41,0,1
378.35,0.0,36.81,341.54,0,1
422.1,0.0,65.43,356.67,0,1
601.8,0.5,97.05,504.74,2,1
547.96,0.25,83.22,464.74,1,1
555.07,0.5,50.32,504.74,2,1
653.53,0.75,63.41,590.13,3,1
361.79,0.0,27.81,333.97,0,1
514.58,0.25,57.41,457.18,1,1
488.49,0.25,69.14,419.36,1,1
710.78,0.75,120.65,590.13,3,1
548.12,0.5,35.81,512.31,2,1
437.82,0.0,66.03,371.79,0,1
568.88,0.5,64.14,504.74,2,1
605.22,0.5,85.35,519.87,2,1
507.29,0.25,50.11,457.18,1,1
577.76,0.5,50.32,527.44,2,1
821.47,0.75,208.65,612.82,3,1
1203.57,2.25,154.08,1049.49,9,1
618.19,0.5,75.62,542.56,2,1
555.58,0.25,90.84,464.74,1,1
430.58,0.0,51.22,379.36,0,1
587.55,0.5,75.24,512.31,2,1
702.85,0.75,90.03,612.82,3,1
492.27,0.25,50.22,442.05,1,1
376.54,0.0,35.0,341.54,0,1
580.35,0.5,52.92,527.44,2,1
705.98,0.75,93.16,612.82,3,1
540.11,0.25,113.19,426.92,1,1
358.38,0.0,24.41,333.97,0,1
627.0,0.75,52.0,575.0,3,1
590.09,0.5,70.22,519.87,2,1
641.64,0.75,51.51,590.13,3,1
746.69,0.75,149.0,597.69,3,1
690.14,0.75,77.32,612.82,3,1
724.44,0.75,104.05,620.38,3,1
872.78,1.25,149.7,723.08,5,1
736.75,0.75,86.11,650.64,3,1
626.58,0.5,114.27,512.31,2,1
733.53,0.75,128.27,605.26,3,1
452.23,0.0,80.43,371.79,0,1
876.86,1.0,186.22,690.64,4,1
544.63,0.25,72.32,472.31,1,1
440.2,0.0,60.84,379.36,0,1
418.06,0.0,38.7,379.36,0,1
710.8,0.75,120.68,590.13,3,1
660.39,0.5,95.14,565.26,2,1
630.71,0.5,110.84,519.87,2,1
427.28,0.0,47.92,379.36,0,1
673.08,0.5,138.08,535.0,2,1
431.86,0.0,82.76,349.1,0,1
897.19,1.0,221.68,675.51,4,1
703.5,0.5,145.81,557.69,2,1
427.37,0.0,63.14,364.23,0,1
773.21,1.0,90.14,683.08,4,1
665.07,0.75,74.95,590.13,3,1
484.16,0.25,42.11,442.05,1,1
508.35,0.25,58.73,449.62,1,1
555.8,0.25,91.05,464.74,1,1
528.45,0.25,78.84,449.62,1,1
865.02,1.0,166.81,698.21,4,1
649.88,0.5,99.76,550.13,2,1
733.48,0.75,135.78,597.69,3,1
476.97,0.25,34.92,442.05,1,1
430.7,0.0,89.16,341.54,0,1
459.47,0.25,40.11,419.36,1,1
378.05,0.0,36.51,341.54,0,1
370.94,0.0,29.41,341.54,0,1
885.81,1.25,117.35,768.46,5,1
389.1,0.0,40.0,349.1,0,1
715.67,0.75,117.97,597.69,3,1
885.36,1.25,139.59,745.77,5,1
601.39,0.25,129.08,472.31,1,1
434.34,0.25,30.11,404.23,1,1
430.88,0.0,66.65,364.23,0,1
528.1,0.25,70.92,457.18,1,1
631.08,0.5,103.65,527.44,2,1
757.16,0.75,121.65,635.51,3,1
546.97,0.25,97.35,449.62,1,1
796.56,0.75,153.49,643.08,3,1
390.48,0.0,33.81,356.67,0,1
760.88,0.75,110.24,650.64,3,1
398.34,0.0,34.11,364.23,0,1
433.71,0.0,61.92,371.79,0,1
646.33,0.5,126.46,519.87,2,1
673.71,0.75,53.32,620.38,3,1
437.12,0.0,65.32,371.79,0,1
550.99,0.5,53.81,497.18,2,1
450.09,0.0,70.73,379.36,0,1
770.35,1.0,94.84,675.51,4,1
433.31,0.0,61.51,371.79,0,1
489.43,0.25,39.81,449.62,1,1
535.84,0.25,101.35,434.49,1,1
405.85,0.0,41.62,364.23,0,1
377.91,0.0,28.81,349.1,0,1
581.38,0.25,93.95,487.44,1,1
438.07,0.0,73.84,364.23,0,1
569.5,0.25,104.76,464.74,1,1
643.51,0.5,100.95,542.56,2,1
482.44,0.25,55.51,426.92,1,1
596.49,0.5,76.62,519.87,2,1
917.52,1.0,196.62,720.9,4,1
455.8,0.0,91.57,364.23,0,1
783.94,0.75,140.86,643.08,3,1
1065.23,1.5,173.57,891.67,6,1
857.06,1.0,204.24,652.82,4,1
527.77,0.25,63.03,464.74,1,1
376.51,0.0,27.41,349.1,0,1
879.46,1.25,103.43,776.03,5,1
650.07,0.5,99.95,550.13,2,1
587.68,0.25,100.24,487.44,1,1
531.31,0.25,59.0,472.31,1,1
514.15,0.25,49.41,464.74,1,1
571.58,0.25,106.84,464.74,1,1
443.74,0.0,71.95,371.79,0,1
857.23,1.0,143.89,713.33,4,1
790.31,1.0,84.54,705.77,4,1
738.23,0.75,132.97,605.26,3,1
513.23,0.25,40.92,472.31,1,1
689.25,0.75,76.43,612.82,3,1
640.97,0.5,105.97,535.0,2,1
674.18,0.75,68.92,605.26,3,1
479.75,0.25,37.7,442.05,1,1
402.18,0.0,45.51,356.67,0,1
867.09,1.25,113.76,753.33,5,1
663.46,0.75,88.46,575.0,3,1
