"Total_Cost","Ratio_Reloc_Prod","Horiz_Cost","Vert_Cost","nReloc","non_Optimal"
270918.9,0.7267,62253.61,208665.34,1090,200
861.26,1.0,90.62,770.64,5,1
865.04,0.8,172.22,692.82,4,1
525.73,0.2,58.81,466.92,1,0
1353.26,1.6,402.11,951.15,8,1
678.55,0.4,118.68,559.87,2,1
430.51,0.0,41.41,389.1,0,0
992.73,1.0,229.65,763.08,5,1
531.54,0.2,64.62,466.92,1,0
499.04,0.0,87.24,411.79,0,0
1431.38,1.2,582.92,848.46,6,1
778.72,0.6,141.03,637.69,3,0
1079.7,1.4,176.11,903.59,7,1
838.88,0.6,208.76,630.13,3,1
723.7,0.6,101.14,622.56,3,1
932.28,1.0,191.89,740.38,5,1
1377.78,1.0,607.14,770.64,5,1
865.27,0.8,149.76,715.51,4,1
622.52,0.4,70.22,552.31,2,0
873.04,0.8,180.22,692.82,4,1
621.16,0.2,146.68,474.49,1,1
652.13,0.4,114.95,537.18,2,0
465.76,0.0,46.41,419.36,0,0
720.9,0.6,60.51,660.38,3,1
707.73,0.6,92.73,615.0,3,1
548.32,0.2,58.7,489.62,1,0
908.63,1.0,122.86,785.77,5,1
656.99,0.4,112.24,544.74,2,0
1885.48,1.2,1021.89,863.59,6,1
646.78,0.4,117.16,529.62,2,1
1604.71,1.0,758.43,846.28,5,1
1457.32,0.8,741.81,715.51,4,1
1337.54,1.6,288.05,1049.49,8,1
804.4,0.6,166.7,637.69,3,1
910.45,0.6,265.19,645.26,3,1
1395.02,1.6,322.84,1072.18,8,1
1494.86,1.8,344.86,1150.0,9,1
801.06,0.6,140.68,660.38,3,0
910.24,0.8,179.59,730.64,4,1
541.75,0.2,59.7,482.05,1,0
793.62,0.8,78.11,715.51,4,0
1733.8,1.2,847.51,886.28,6,1
1073.52,1.0,212.11,861.41,5,1
882.97,1.0,127.46,755.51,5,1
738.76,0.4,171.32,567.44,2,0
1935.75,1.2,1011.65,924.1,6,1
476.01,0.0,64.22,411.79,0,0
1466.75,2.2,153.54,1313.21,11,1
682.51,0.4,99.95,582.56,2,1
559.63,0.2,100.27,459.36,1,0
902.66,0.8,156.89,745.77,4,1
820.51,0.6,205.51,615.0,3,1
1007.75,1.2,144.16,863.59,6,1
799.28,0.6,146.46,652.82,3,1
970.59,1.0,154.57,816.03,5,1
979.43,1.2,115.84,863.59,6,1
1313.68,1.8,171.24,1142.44,9,1
2208.61,1.4,1229.38,979.23,7,1
554.62,0.2,80.14,474.49,1,0
573.92,0.2,99.43,474.49,1,0
943.4,1.0,112.24,831.15,5,1
461.15,0.0,56.92,404.23,0,0
1195.65,1.6,199.11,996.54,8,1
752.89,0.6,84.95,667.95,3,1
994.24,1.2,130.65,863.59,6,1
1356.31,1.8,229.0,1127.31,9,1
439.74,0.0,35.51,404.23,0,0
985.76,1.2,129.73,856.03,6,1
705.69,0.6,60.43,645.26,3,1
628.41,0.4,53.41,575.0,2,1
2099.66,1.2,1205.81,893.85,6,1
791.13,0.4,208.57,582.56,2,1
569.87,0.2,102.95,466.92,1,0
1877.82,1.8,742.95,1134.87,9,1
663.08,0.4,95.65,567.44,2,1
630.62,0.4,55.62,575.0,2,0
942.95,1.0,142.05,800.9,5,1
1195.7,1.4,239.16,956.54,7,1
667.36,0.4,115.05,552.31,2,1
870.52,0.8,177.7,692.82,4,0
711.54,0.4,128.97,582.56,2,0
1037.51,1.2,166.35,871.15,6,1
1459.07,1.8,354.46,1104.62,9,1
1383.77,0.8,645.57,738.21,4,1
814.17,0.4,254.3,559.87,2,1
845.23,0.8,159.97,685.26,4,1
742.16,0.6,127.16,615.0,3,1
793.03,0.4,157.51,635.51,2,1
767.07,0.6,182.32,584.74,3,1
1073.41,1.2,172.0,901.41,6,1
732.86,0.6,117.86,615.0,3,1
795.15,0.6,96.95,698.21,3,0
652.32,0.4,77.32,575.0,2,0
817.19,0.8,109.24,707.95,4,1
490.28,0.0,70.92,419.36,0,0
1005.28,1.0,211.95,793.33,5,1
1812.35,1.4,802.86,1009.49,7,1
731.06,0.6,63.11,667.95,3,1
964.63,1.0,171.3,793.33,5,1
716.42,0.6,78.73,637.69,3,0
973.15,1.2,94.43,878.72,6,1
549.56,0.2,67.51,482.05,1,0
497.05,0.0,107.95,389.1,0,0
659.93,0.4,100.05,559.87,2,0
680.5,0.2,183.32,497.18,1,0
639.89,0.4,57.32,582.56,2,0
1089.21,1.2,165.11,924.1,6,1
443.9,0.0,32.11,411.79,0,0
1008.41,1.2,114.57,893.85,6,1
1021.94,1.2,97.84,924.1,6,1
760.22,0.6,99.84,660.38,3,1
955.78,1.0,139.76,816.03,5,1
761.1,0.6,78.03,683.08,3,1
762.01,0.4,149.19,612.82,2,1
869.0,0.6,201.05,667.95,3,1
832.65,0.6,164.7,667.95,3,0
679.74,0.4,135.0,544.74,2,0
1346.61,0.4,748.92,597.69,2,1
1891.54,1.2,982.57,908.97,6,1
1644.49,1.0,828.46,816.03,5,1
628.39,0.4,83.65,544.74,2,0
1691.02,1.4,726.92,964.1,7,1
713.37,0.6,83.24,630.13,3,1
1641.33,1.2,739.92,901.41,6,1
736.31,0.6,98.62,637.69,3,1
728.23,0.6,75.41,652.82,3,1
1165.34,1.4,193.68,971.67,7,1
496.71,0.0,84.92,411.79,0,0
664.93,0.4,52.11,612.82,2,0
971.64,1.2,92.92,878.72,6,1
705.95,0.4,146.08,559.87,2,1
548.83,0.2,59.22,489.62,1,0
453.9,0.0,42.11,411.79,0,0
985.81,0.8,277.86,707.95,4,1
459.19,0.0,24.7,434.49,0,0
1058.07,1.0,279.86,778.21,5,1
666.03,0.4,91.03,575.0,2,0
802.16,0.6,126.65,675.51,3,1
796.56,0.6,174.0,622.56,3,1
699.15,0.4,154.41,544.74,2,1
454.24,0.0,65.14,389.1,0,0
905.51,1.0,81.92,823.59,5,1
659.53,0.4,122.35,537.18,2,1
1733.74,1.0,879.89,853.85,5,1
742.81,0.6,120.24,622.56,3,1
1162.54,1.6,120.62,1041.92,8,1
865.58,0.8,127.38,738.21,4,1
543.3,0.2,83.95,459.36,1,0
663.49,0.4,96.05,567.44,2,1
492.25,0.0,65.32,426.92,0,0
799.49,0.6,123.97,675.51,3,1
677.21,0.4,94.65,582.56,2,0
1004.88,1.2,126.16,878.72,6,1
1075.62,1.2,212.03,863.59,6,1
560.52,0.2,101.16,459.36,1,0
728.33,0.6,128.46,599.87,3,1
819.27,0.8,111.32,707.95,4,1
603.77,0.4,59.03,544.74,2,0
1045.01,1.0,198.73,846.28,5,1
1932.45,1.6,799.76,1132.69,8,1
476.87,0.0,57.51,419.36,0,0
678.93,0.4,134.19,544.74,2,0
627.02,0.4,89.84,537.18,2,0
1510.65,1.2,609.24,901.41,6,1
1354.37,1.0,583.73,770.64,5,1
774.48,0.6,136.78,637.69,3,1
564.3,0.2,104.95,459.36,1,0
769.47,0.6,116.65,652.82,3,1
925.38,1.2,76.92,848.46,6,0
1889.44,1.2,942.65,946.79,6,1
781.61,0.6,151.49,630.13,3,1
471.03,0.0,44.11,426.92,0,0
845.96,0.8,107.76,738.21,4,1
706.31,0.6,68.62,637.69,3,0
585.5,0.2,88.32,497.18,1,0
1819.64,1.4,779.89,1039.74,7,1
997.24,1.0,173.65,823.59,5,1
729.25,0.6,76.43,652.82,3,1
569.5,0.2,72.32,497.18,1,0
778.39,0.6,125.57,652.82,3,1
907.68,1.0,114.35,793.33,5,1
855.84,1.0,100.32,755.51,5,0
776.73,0.8,61.22,715.51,4,0
1722.21,1.0,898.62,823.59,5,1
719.34,0.6,89.22,630.13,3,1
937.89,0.8,229.95,707.95,4,1
979.54,0.8,203.51,776.03,4,1
516.49,0.0,89.57,426.92,0,0
831.63,0.8,70.73,760.9,4,1
1681.77,1.2,787.92,893.85,6,1
805.08,0.6,129.57,675.51,3,1
804.57,0.4,184.19,620.38,2,1
637.71,0.4,85.41,552.31,2,0
1132.0,1.2,275.97,856.03,6,1
1497.22,1.4,555.81,941.41,7,1
1138.56,1.4,166.89,971.67,7,1
558.87,0.2,91.95,466.92,1,0
1227.89,1.4,263.78,964.1,7,1
918.06,1.0,117.16,800.9,5,1
1117.6,1.4,176.19,941.41,7,1
633.88,0.4,89.14,544.74,2,0
508.83,0.0,112.16,396.67,0,0
651.15,0.4,98.84,552.31,2,1
474.59,0.0,77.92,396.67,0,0
499.58,0.0,95.35,404.23,0,0
743.08,0.6,135.65,607.44,3,0
648.75,0.4,111.57,537.18,2,1
591.57,0.2,71.7,519.87,1,1
664.1,0.2,166.92,497.18,1,1
1228.9,1.8,146.97,1081.92,9,1
1055.19,1.2,138.65,916.54,6,1
1101.39,1.0,323.19,778.21,5,1
1218.37,1.6,153.76,1064.62,8,1
468.0,0.0,33.51,434.49,0,0
695.21,0.4,112.65,582.56,2,1
978.9,1.2,92.62,886.28,6,1
1629.91,2.0,371.84,1258.08,10,1
1035.2,1.2,141.35,893.85,6,1
910.4,1.0,139.76,770.64,5,1
767.04,0.8,74.22,692.82,4,0
758.43,0.6,135.86,622.56,3,1
481.43,0.0,92.32,389.1,0,0
920.34,1.0,134.57,785.77,5,1
1168.11,1.2,319.65,848.46,6,1
2004.96,1.2,1065.73,939.23,6,1
1067.4,1.2,143.3,924.1,6,1
652.29,0.4,69.73,582.56,2,0
498.13,0.0,48.51,449.62,0,0
2123.45,1.6,1058.84,1064.62,8,1
1121.04,1.4,134.24,986.79,7,1
769.24,0.4,194.24,575.0,2,1
1029.57,1.2,128.16,901.41,6,1
1163.97,1.6,159.86,1004.1,8,1
737.96,0.6,85.14,652.82,3,0
497.58,0.0,93.35,404.23,0,0
1466.14,0.6,737.68,728.46,3,1
654.97,0.4,125.35,529.62,2,0
937.38,1.0,121.35,816.03,5,1
864.09,1.0,78.32,785.77,5,1
699.57,0.4,124.57,575.0,2,0
985.96,1.2,167.76,818.21,6,1
1056.31,1.2,162.46,893.85,6,1
889.55,0.8,128.65,760.9,4,1
791.88,0.6,101.24,690.64,3,1
556.9,0.2,97.54,459.36,1,0
655.45,0.4,65.32,590.13,2,0
603.02,0.2,120.97,482.05,1,0
723.39,0.6,78.14,645.26,3,1
977.75,1.0,199.54,778.21,5,1
804.16,0.8,88.65,715.51,4,1
1048.53,1.2,177.38,871.15,6,1
759.8,0.6,114.54,645.26,3,1
565.14,0.2,90.65,474.49,1,0
770.58,0.6,117.76,652.82,3,1
1355.45,1.8,250.84,1104.62,9,1
1105.43,0.8,336.97,768.46,4,1
780.93,0.6,135.68,645.26,3,1
580.23,0.2,67.92,512.31,1,0
687.21,0.4,104.65,582.56,2,1
704.12,0.4,98.86,605.26,2,0
735.33,0.4,167.89,567.44,2,1
1617.59,0.8,902.08,715.51,4,1
923.22,0.8,207.7,715.51,4,1
839.3,0.8,131.35,707.95,4,1
569.11,0.2,87.05,482.05,1,0
1117.99,1.4,199.27,918.72,7,1
919.13,1.0,95.54,823.59,5,1
834.16,0.8,118.65,715.51,4,1
477.56,0.0,88.46,389.1,0,0
735.02,0.6,97.32,637.69,3,0
1054.36,1.2,221.03,833.33,6,1
446.43,0.0,57.32,389.1,0,0
696.5,0.6,58.81,637.69,3,0
487.56,0.0,45.51,442.05,0,0
1429.73,1.8,347.81,1081.92,9,1
636.27,0.4,68.84,567.44,2,1
521.25,0.0,109.46,411.79,0,0
692.88,0.6,108.14,584.74,3,0
546.46,0.2,79.54,466.92,1,0
474.9,0.0,63.11,411.79,0,0
649.14,0.4,74.14,575.0,2,0
640.69,0.2,128.38,512.31,1,1
624.25,0.4,56.81,567.44,2,0
836.11,0.8,128.16,707.95,4,1
937.16,0.8,168.7,768.46,4,1
681.91,0.4,137.16,544.74,2,0
857.62,0.8,134.54,723.08,4,1
1111.58,1.4,185.3,926.28,7,1
971.81,1.2,108.22,863.59,6,1
2187.81,1.2,1225.89,961.92,6,1
1171.42,1.6,159.76,1011.67,8,1
575.5,0.2,78.32,497.18,1,0
621.73,0.2,86.73,535.0,1,1
1265.89,1.4,309.35,956.54,7,1
647.53,0.4,110.35,537.18,2,1
649.72,0.4,112.54,537.18,2,0
963.23,0.8,225.03,738.21,4,1
1862.89,1.2,953.92,908.97,6,1
1199.61,1.4,227.95,971.67,7,1
609.98,0.2,82.54,527.44,1,0
882.55,0.6,222.16,660.38,3,0
