"Total_Cost","Ratio_Reloc_Prod","Horiz_Cost","Vert_Cost","nReloc","non_Optimal"
244569.79,0.726,37131.96,207437.91,1089,300
521.65,0.2,54.73,466.92,1,1
476.33,0.0,49.41,426.92,0,1
668.34,0.4,131.16,537.18,2,1
681.95,0.6,74.51,607.44,3,1
605.62,0.2,123.57,482.05,1,1
729.05,0.6,98.92,630.13,3,1
521.41,0.2,46.92,474.49,1,1
803.83,0.8,126.14,677.69,4,1
1036.38,1.4,140.35,896.03,7,1
790.08,0.6,167.51,622.56,3,1
1159.73,1.4,271.27,888.46,7,1
1118.78,1.4,215.19,903.59,7,1
452.37,0.0,55.7,396.67,0,1
743.4,0.4,145.7,597.69,2,1
660.57,0.4,93.14,567.44,2,1
460.99,0.0,64.32,396.67,0,1
908.34,1.0,130.14,778.21,5,1
1021.76,1.2,165.73,856.03,6,1
726.01,0.6,65.62,660.38,3,1
969.83,1.0,191.62,778.21,5,1
713.23,0.6,128.49,584.74,3,1
832.08,0.8,169.51,662.56,4,1
1137.43,1.6,148.46,988.97,8,1
579.97,0.2,90.35,489.62,1,1
884.29,0.8,146.08,738.21,4,1
1028.99,1.2,150.27,878.72,6,1
835.45,0.6,197.76,637.69,3,1
739.2,0.4,179.32,559.87,2,1
559.3,0.0,132.38,426.92,0,1
656.85,0.4,104.54,552.31,2,1
630.88,0.4,86.14,544.74,2,1
933.25,1.0,132.35,800.9,5,1
1127.73,1.6,138.76,988.97,8,1
893.16,0.8,185.22,707.95,4,1
615.26,0.2,118.08,497.18,1,1
763.06,0.6,110.24,652.82,3,1
641.75,0.4,112.14,529.62,2,1
977.21,1.0,161.19,816.03,5,1
734.0,0.4,159.0,575.0,2,1
590.33,0.2,130.97,459.36,1,1
672.83,0.4,82.7,590.13,2,1
587.07,0.2,135.27,451.79,1,1
479.63,0.0,52.7,426.92,0,1
921.66,0.8,175.89,745.77,4,1
1105.89,1.4,202.3,903.59,7,1
829.48,0.8,98.84,730.64,4,1
1170.91,1.6,159.24,1011.67,8,1
834.05,0.8,118.54,715.51,4,1
492.11,0.0,57.62,434.49,0,1
971.81,1.0,155.78,816.03,5,1
1079.88,1.2,261.68,818.21,6,1
768.23,0.6,70.03,698.21,3,1
736.52,0.6,76.14,660.38,3,1
768.55,0.6,108.16,660.38,3,1
873.27,0.8,150.19,723.08,4,1
867.42,0.8,174.59,692.82,4,1
654.45,0.4,117.27,537.18,2,1
693.46,0.6,86.03,607.44,3,1
996.98,1.2,103.14,893.85,6,1
919.12,1.0,133.35,785.77,5,1
703.66,0.4,143.78,559.87,2,1
1244.61,1.6,164.86,1079.74,8,1
798.91,0.6,108.27,690.64,3,1
602.01,0.2,82.14,519.87,1,1
764.69,0.6,111.86,652.82,3,1
1296.59,1.8,191.97,1104.62,9,1
689.78,0.6,67.22,622.56,3,1
720.23,0.6,82.54,637.69,3,1
668.84,0.4,108.97,559.87,2,1
1008.47,1.2,129.76,878.72,6,1
497.86,0.0,108.76,389.1,0,1
817.79,0.6,157.41,660.38,3,1
1266.01,1.6,178.7,1087.31,8,1
730.8,0.6,93.11,637.69,3,1
936.1,1.0,165.46,770.64,5,1
479.31,0.0,67.51,411.79,0,1
1033.29,1.2,169.7,863.59,6,1
772.8,0.6,142.68,630.13,3,1
737.14,0.6,84.32,652.82,3,1
996.0,1.2,147.54,848.46,6,1
1032.13,1.2,168.54,863.59,6,1
810.74,0.8,110.35,700.38,4,1
470.98,0.0,51.62,419.36,0,1
643.06,0.4,75.62,567.44,2,1
1141.75,1.2,278.16,863.59,6,1
572.33,0.2,97.84,474.49,1,1
1298.35,1.6,180.78,1117.56,8,1
543.75,0.2,61.7,482.05,1,1
843.43,1.0,87.92,755.51,5,1
1051.47,1.4,117.62,933.85,7,1
1080.53,1.4,154.24,926.28,7,1
622.33,0.4,70.03,552.31,2,1
833.23,0.8,95.03,738.21,4,1
926.6,0.8,165.7,760.9,4,1
930.45,1.0,91.73,838.72,5,1
638.97,0.4,109.35,529.62,2,1
541.16,0.2,59.11,482.05,1,1
1116.62,1.2,192.51,924.1,6,1
824.72,0.8,139.46,685.26,4,1
651.5,0.4,106.76,544.74,2,1
817.11,0.8,116.73,700.38,4,1
924.53,1.0,138.76,785.77,5,1
521.28,0.0,41.41,479.87,0,1
553.22,0.2,78.73,474.49,1,1
1068.68,1.4,134.84,933.85,7,1
816.02,0.8,145.89,670.13,4,1
691.32,0.4,108.76,582.56,2,1
808.49,0.6,132.97,675.51,3,1
720.16,0.6,52.22,667.95,3,1
763.64,0.6,65.43,698.21,3,1
1522.95,2.2,232.43,1290.51,11,1
724.55,0.6,71.73,652.82,3,1
609.02,0.2,126.97,482.05,1,1
478.3,0.0,43.81,434.49,0,1
741.15,0.6,103.46,637.69,3,1
937.11,1.0,121.08,816.03,5,1
861.42,0.8,130.78,730.64,4,1
744.87,0.4,177.43,567.44,2,1
831.83,0.8,108.76,723.08,4,1
593.86,0.0,151.81,442.05,0,1
505.05,0.0,108.38,396.67,0,1
519.68,0.2,60.32,459.36,1,1
1005.3,1.2,149.27,856.03,6,1
934.62,1.0,179.11,755.51,5,1
750.52,0.4,190.65,559.87,2,1
1200.76,1.6,151.27,1049.49,8,1
730.23,0.6,92.54,637.69,3,1
920.34,1.0,134.57,785.77,5,1
704.86,0.6,74.73,630.13,3,1
677.02,0.4,94.46,582.56,2,1
895.98,1.0,102.65,793.33,5,1
529.77,0.0,117.97,411.79,0,1
488.44,0.0,76.65,411.79,0,1
760.87,0.6,108.05,652.82,3,1
837.56,0.6,139.35,698.21,3,1
922.64,1.0,99.05,823.59,5,1
1022.6,1.2,128.76,893.85,6,1
1062.16,1.2,206.14,856.03,6,1
776.39,0.8,91.14,685.26,4,1
1247.65,1.6,190.59,1057.05,8,1
1006.51,1.0,235.86,770.64,5,1
721.35,0.6,106.35,615.0,3,1
802.4,0.6,179.84,622.56,3,1
636.78,0.4,54.22,582.56,2,1
652.51,0.2,178.03,474.49,1,1
1012.64,1.2,149.05,863.59,6,1
1084.05,1.4,172.89,911.15,7,1
856.21,0.8,125.57,730.64,4,1
798.62,0.6,115.54,683.08,3,1
764.1,0.6,81.03,683.08,3,1
738.75,0.6,108.62,630.13,3,1
995.03,1.2,146.57,848.46,6,1
836.67,0.8,106.03,730.64,4,1
1056.17,1.2,169.89,886.28,6,1
483.68,0.0,64.32,419.36,0,1
477.21,0.0,80.54,396.67,0,1
756.75,0.6,66.11,690.64,3,1
871.88,1.0,86.11,785.77,5,1
867.08,1.0,119.14,747.95,5,1
665.0,0.4,82.43,582.56,2,1
656.16,0.4,66.03,590.13,2,1
763.49,0.6,148.49,615.0,3,1
647.2,0.4,87.32,559.87,2,1
739.77,0.6,94.51,645.26,3,1
683.92,0.4,101.35,582.56,2,1
808.42,0.8,70.22,738.21,4,1
953.34,1.0,107.05,846.28,5,1
796.95,0.6,136.57,660.38,3,1
901.69,0.8,155.92,745.77,4,1
444.06,0.0,24.7,419.36,0,1
611.0,0.4,36.0,575.0,2,1
932.61,0.8,186.84,745.77,4,1
619.05,0.2,137.0,482.05,1,1
668.56,0.4,78.43,590.13,2,1
649.9,0.2,137.59,512.31,1,1
793.35,0.8,77.84,715.51,4,1
493.15,0.0,96.49,396.67,0,1
999.2,1.2,112.92,886.28,6,1
753.01,0.6,92.62,660.38,3,1
645.34,0.2,193.54,451.79,1,1
911.08,1.0,102.62,808.46,5,1
681.59,0.4,99.03,582.56,2,1
763.66,0.6,110.84,652.82,3,1
703.87,0.6,96.43,607.44,3,1
757.02,0.6,58.81,698.21,3,1
472.88,0.0,76.22,396.67,0,1
832.06,0.6,164.11,667.95,3,1
1112.0,1.4,155.46,956.54,7,1
1318.11,1.8,175.68,1142.44,9,1
858.02,0.8,134.95,723.08,4,1
752.04,0.6,114.35,637.69,3,1
1078.22,1.4,129.24,948.97,7,1
728.69,0.6,83.43,645.26,3,1
1169.79,1.4,183.0,986.79,7,1
951.44,1.0,165.68,785.77,5,1
649.27,0.4,66.7,582.56,2,1
924.8,1.0,146.59,778.21,5,1
1000.48,1.0,229.84,770.64,5,1
723.23,0.6,70.41,652.82,3,1
962.09,1.0,176.32,785.77,5,1
1293.71,1.8,211.78,1081.92,9,1
843.11,0.8,135.16,707.95,4,1
986.28,1.0,200.51,785.77,5,1
526.86,0.2,44.81,482.05,1,1
1039.14,1.2,137.73,901.41,6,1
642.94,0.4,52.81,590.13,2,1
756.45,0.6,118.76,637.69,3,1
856.21,0.8,125.57,730.64,4,1
460.59,0.0,63.92,396.67,0,1
899.24,1.0,83.22,816.03,5,1
480.02,0.0,83.35,396.67,0,1
562.59,0.2,80.54,482.05,1,1
723.08,0.6,115.65,607.44,3,1
663.14,0.4,88.14,575.0,2,1
1364.32,1.8,214.32,1150.0,9,1
543.24,0.2,53.62,489.62,1,1
558.12,0.2,98.76,459.36,1,1
597.25,0.2,137.89,459.36,1,1
833.39,0.8,140.57,692.82,4,1
948.29,1.0,185.22,763.08,5,1
994.47,1.2,100.62,893.85,6,1
667.77,0.4,62.51,605.26,2,1
828.94,0.8,105.86,723.08,4,1
1089.49,1.0,288.59,800.9,5,1
899.15,0.8,153.38,745.77,4,1
1036.41,1.2,142.57,893.85,6,1
518.56,0.0,68.95,449.62,0,1
631.26,0.4,101.65,529.62,2,1
484.44,0.0,57.51,426.92,0,1
470.58,0.0,51.22,419.36,0,1
673.65,0.4,98.65,575.0,2,1
548.7,0.2,74.22,474.49,1,1
588.63,0.2,76.32,512.31,1,1
822.67,0.8,92.03,730.64,4,1
465.64,0.0,76.54,389.1,0,1
584.68,0.2,64.81,519.87,1,1
696.07,0.4,105.95,590.13,2,1
756.31,0.6,111.05,645.26,3,1
904.79,1.0,111.46,793.33,5,1
904.51,0.8,181.43,723.08,4,1
749.79,0.6,81.84,667.95,3,1
976.87,1.0,168.41,808.46,5,1
502.11,0.0,67.62,434.49,0,1
1010.7,1.2,101.73,908.97,6,1
602.73,0.2,120.68,482.05,1,1
760.96,0.6,108.14,652.82,3,1
1284.05,1.6,219.43,1064.62,8,1
1038.0,1.2,181.97,856.03,6,1
819.33,0.8,118.95,700.38,4,1
1042.55,1.2,156.27,886.28,6,1
728.29,0.6,105.73,622.56,3,1
968.65,1.2,127.76,840.9,6,1
875.97,0.8,152.89,723.08,4,1
915.16,1.0,99.14,816.03,5,1
1092.47,1.2,198.62,893.85,6,1
736.51,0.4,161.51,575.0,2,1
556.85,0.2,52.11,504.74,1,1
886.69,0.8,201.43,685.26,4,1
1118.64,1.2,255.05,863.59,6,1
893.24,1.0,137.73,755.51,5,1
729.49,0.6,122.05,607.44,3,1
1319.01,1.8,138.76,1180.26,9,1
1486.07,2.2,225.81,1260.26,11,1
1088.27,1.4,184.68,903.59,7,1
1182.39,1.6,163.16,1019.23,8,1
1134.2,1.4,154.97,979.23,7,1
1023.54,1.2,159.95,863.59,6,1
811.34,0.8,73.14,738.21,4,1
720.18,0.6,74.92,645.26,3,1
500.6,0.0,66.11,434.49,0,1
863.07,0.8,124.86,738.21,4,1
895.48,0.8,172.41,723.08,4,1
1201.89,1.6,137.27,1064.62,8,1
1026.63,1.0,240.86,785.77,5,1
912.79,1.0,119.46,793.33,5,1
1182.66,1.6,208.81,973.85,8,1
733.39,0.6,88.14,645.26,3,1
1208.6,1.6,219.62,988.97,8,1
534.81,0.0,92.76,442.05,0,1
1315.67,1.6,198.11,1117.56,8,1
740.72,0.6,95.46,645.26,3,1
1077.74,1.2,199.03,878.72,6,1
712.24,0.6,97.24,615.0,3,1
720.96,0.6,68.14,652.82,3,1
664.31,0.4,66.62,597.69,2,1
1088.97,1.4,140.0,948.97,7,1
814.88,0.8,69.11,745.77,4,1
816.44,0.8,123.62,692.82,4,1
821.59,0.6,199.03,622.56,3,1
621.37,0.4,76.62,544.74,2,1
796.3,0.8,95.92,700.38,4,1
700.09,0.4,140.22,559.87,2,1
701.17,0.4,141.3,559.87,2,1
1218.13,1.6,145.95,1072.18,8,1
470.47,0.0,66.24,404.23,0,1
630.66,0.4,78.35,552.31,2,1
1012.69,1.2,133.97,878.72,6,1
731.24,0.6,108.68,622.56,3,1
974.74,1.2,133.84,840.9,6,1
772.75,0.6,150.19,622.56,3,1
