"Total_Cost","Ratio_Reloc_Prod","Horiz_Cost","Vert_Cost","nReloc","non_Optimal"
244064.43,0.416,54091.95,189972.38,624,204
704.6,0.4,84.22,620.38,2,0
900.23,0.6,149.08,751.15,3,0
1029.83,0.8,231.11,798.72,4,0
728.46,0.2,201.03,527.44,1,0
936.63,0.6,215.73,720.9,3,1
806.96,0.4,148.76,658.21,2,0
833.13,0.6,89.54,743.59,3,1
1094.41,1.0,180.05,914.36,5,1
882.3,0.6,161.41,720.9,3,1
1079.58,1.0,240.86,838.72,5,1
803.58,0.6,90.24,713.33,3,1
714.89,0.4,71.81,643.08,2,0
925.23,0.8,171.89,753.33,4,1
609.22,0.2,89.35,519.87,1,0
834.99,0.4,184.35,650.64,2,1
968.35,0.6,224.76,743.59,3,1
1117.58,1.2,170.78,946.79,6,1
812.78,0.4,169.7,643.08,2,1
863.04,0.6,157.27,705.77,3,0
562.04,0.0,104.86,457.18,0,0
876.43,0.6,147.97,728.46,3,1
733.31,0.4,67.54,665.77,2,1
711.79,0.4,83.84,627.95,2,1
613.85,0.2,101.54,512.31,1,1
1336.24,0.4,761.24,575.0,2,1
596.19,0.0,108.76,487.44,0,1
960.09,0.8,146.24,813.85,4,1
941.75,0.8,150.59,791.15,4,1
1184.04,1.0,277.24,906.79,5,1
615.63,0.0,143.32,472.31,0,0
543.96,0.0,79.22,464.74,0,0
604.19,0.2,61.62,542.56,1,0
716.15,0.4,118.46,597.69,2,0
738.47,0.2,173.22,565.26,1,1
580.74,0.0,116.0,464.74,0,0
762.17,0.4,96.41,665.77,2,1
567.61,0.0,102.86,464.74,0,0
657.14,0.2,137.27,519.87,1,1
810.92,0.4,175.41,635.51,2,1
887.51,0.6,204.43,683.08,3,1
717.22,0.2,197.35,519.87,1,0
1188.42,1.0,281.62,906.79,5,1
664.11,0.2,83.73,580.38,1,0
672.7,0.2,122.57,550.13,1,1
1041.28,0.8,182.05,859.23,4,1
653.99,0.2,88.73,565.26,1,1
849.24,0.4,213.73,635.51,2,0
1028.98,0.6,315.65,713.33,3,1
796.53,0.4,145.89,650.64,2,0
692.0,0.2,104.05,587.95,1,0
690.75,0.2,133.05,557.69,1,1
1009.21,0.8,172.68,836.54,4,1
949.46,0.6,213.43,736.03,3,1
929.3,0.8,153.27,776.03,4,1
981.19,0.6,260.3,720.9,3,1
1143.8,1.0,252.14,891.67,5,1
585.28,0.0,112.97,472.31,0,1
612.76,0.2,85.32,527.44,1,0
624.36,0.2,112.05,512.31,1,1
703.12,0.2,137.86,565.26,1,1
959.07,0.6,207.92,751.15,3,1
658.28,0.2,93.03,565.26,1,0
641.99,0.2,76.73,565.26,1,0
513.56,0.0,63.95,449.62,0,1
579.94,0.0,122.76,457.18,0,0
514.56,0.0,72.51,442.05,0,1
622.77,0.0,165.59,457.18,0,0
498.12,0.0,78.76,419.36,0,1
1449.16,1.0,633.14,816.03,5,1
550.39,0.0,85.65,464.74,0,0
666.34,0.2,108.65,557.69,1,1
505.46,0.0,63.41,442.05,0,0
468.49,0.0,34.0,434.49,0,0
519.03,0.0,84.54,434.49,0,1
827.39,0.6,114.05,713.33,3,1
938.9,0.2,419.03,519.87,1,1
571.66,0.0,99.35,472.31,0,1
828.94,0.6,145.86,683.08,3,1
1527.36,0.8,781.59,745.77,4,1
604.5,0.0,132.19,472.31,0,0
887.0,0.6,150.97,736.03,3,1
1290.1,1.4,204.97,1085.13,7,1
1088.71,1.0,181.92,906.79,5,1
536.55,0.0,64.24,472.31,0,0
1025.64,0.8,242.05,783.59,4,1
542.99,0.0,78.24,464.74,0,0
729.48,0.2,171.78,557.69,1,1
982.89,0.8,199.3,783.59,4,0
556.74,0.0,84.43,472.31,0,1
552.42,0.0,95.24,457.18,0,0
616.73,0.2,81.73,535.0,1,0
443.9,0.0,32.11,411.79,0,1
1441.02,1.4,484.49,956.54,7,1
948.27,0.6,204.68,743.59,3,1
1118.53,0.8,259.3,859.23,4,1
854.23,0.4,180.89,673.33,2,1
951.76,0.8,183.3,768.46,4,1
922.77,0.6,156.49,766.28,3,0
902.94,0.6,151.78,751.15,3,1
1510.26,0.6,865.0,645.26,3,1
518.07,0.0,53.32,464.74,0,1
920.08,0.4,277.0,643.08,2,0
764.58,0.4,91.24,673.33,2,1
1260.89,1.2,276.27,984.62,6,1
529.74,0.0,57.43,472.31,0,1
504.1,0.0,46.92,457.18,0,0
690.63,0.2,125.38,565.26,1,1
868.96,0.6,110.24,758.72,3,0
685.23,0.2,119.97,565.26,1,0
889.32,0.6,145.73,743.59,3,1
583.07,0.0,118.32,464.74,0,0
733.77,0.2,176.08,557.69,1,1
1445.11,0.8,676.65,768.46,4,1
1322.27,1.2,360.35,961.92,6,1
515.91,0.0,58.73,457.18,0,0
711.42,0.2,146.16,565.26,1,1
522.75,0.0,73.14,449.62,0,0
1123.06,0.8,294.08,828.97,4,1
585.33,0.0,113.03,472.31,0,0
876.89,0.6,193.81,683.08,3,1
679.46,0.2,136.89,542.56,1,1
1264.86,0.4,742.81,522.05,2,1
600.73,0.2,65.73,535.0,1,1
721.26,0.2,156.0,565.26,1,1
673.75,0.2,116.05,557.69,1,1
819.37,0.6,128.73,690.64,3,1
1202.52,1.4,200.59,1001.92,7,1
771.74,0.2,198.92,572.82,1,0
827.81,0.6,144.73,683.08,3,0
1797.56,1.0,958.84,838.72,5,1
703.65,0.2,161.08,542.56,1,1
1090.75,1.0,199.08,891.67,5,1
828.84,0.4,208.46,620.38,2,1
762.2,0.2,196.95,565.26,1,1
801.47,0.4,188.65,612.82,2,1
1050.52,0.8,229.11,821.41,4,1
659.85,0.2,87.03,572.82,1,1
762.81,0.4,134.86,627.95,2,1
897.01,0.6,176.11,720.9,3,1
568.04,0.0,110.86,457.18,0,0
565.99,0.0,101.24,464.74,0,0
522.05,0.0,80.0,442.05,0,0
848.63,0.8,102.86,745.77,4,1
687.09,0.2,121.84,565.26,1,0
752.93,0.6,92.54,660.38,3,1
728.94,0.4,146.38,582.56,2,0
573.91,0.0,109.16,464.74,0,0
823.88,0.6,133.24,690.64,3,1
788.82,0.4,168.43,620.38,2,1
928.91,0.6,238.27,690.64,3,1
648.34,0.2,90.65,557.69,1,0
946.51,0.8,170.49,776.03,4,1
685.63,0.2,105.24,580.38,1,1
660.78,0.2,110.65,550.13,1,0
1046.38,0.8,277.92,768.46,4,1
804.75,0.4,161.68,643.08,2,1
588.7,0.0,139.08,449.62,0,0
785.79,0.6,117.84,667.95,3,1
594.23,0.0,129.49,464.74,0,1
761.73,0.6,86.22,675.51,3,1
794.76,0.4,159.24,635.51,2,1
702.14,0.2,167.14,535.0,1,1
634.84,0.2,99.84,535.0,1,1
551.07,0.0,101.46,449.62,0,0
812.05,0.6,121.41,690.64,3,1
1277.28,1.2,330.49,946.79,6,1
602.53,0.0,152.92,449.62,0,1
651.27,0.2,116.27,535.0,1,1
971.09,0.8,217.76,753.33,4,1
793.82,0.4,128.05,665.77,2,1
872.56,0.2,390.51,482.05,1,1
557.64,0.0,100.46,457.18,0,1
919.06,0.6,190.59,728.46,3,1
732.33,0.4,172.46,559.87,2,1
925.59,0.8,194.95,730.64,4,1
559.22,0.0,79.35,479.87,0,0
623.85,0.0,159.11,464.74,0,1
921.23,0.6,170.08,751.15,3,0
815.57,0.4,187.62,627.95,2,0
768.25,0.2,195.43,572.82,1,1
676.42,0.2,111.16,565.26,1,1
688.68,0.4,60.73,627.95,2,1
740.62,0.4,97.54,643.08,2,1
986.96,0.8,180.68,806.28,4,1
699.45,0.2,141.76,557.69,1,0
823.53,0.4,157.76,665.77,2,1
912.36,0.6,191.46,720.9,3,1
1035.3,0.8,266.84,768.46,4,1
674.47,0.2,101.65,572.82,1,1
646.29,0.2,96.16,550.13,1,1
814.36,0.6,101.03,713.33,3,1
605.4,0.2,62.84,542.56,1,1
542.33,0.2,67.84,474.49,1,0
1137.43,0.6,461.92,675.51,3,1
756.89,0.2,161.38,595.51,1,1
630.0,0.2,87.43,542.56,1,0
770.51,0.6,87.43,683.08,3,1
755.61,0.4,157.92,597.69,2,1
887.66,0.4,221.89,665.77,2,1
1185.44,0.6,532.62,652.82,3,1
784.42,0.4,171.59,612.82,2,1
679.28,0.2,106.46,572.82,1,1
826.44,0.4,160.68,665.77,2,0
666.07,0.2,115.95,550.13,1,1
967.89,0.6,239.43,728.46,3,1
758.28,0.2,185.46,572.82,1,1
506.16,0.0,64.11,442.05,0,0
757.12,0.4,98.92,658.21,2,1
825.08,0.6,149.57,675.51,3,1
852.5,0.4,194.3,658.21,2,1
715.28,0.2,142.46,572.82,1,1
1145.62,1.4,189.08,956.54,7,1
547.68,0.0,67.81,479.87,0,0
875.18,0.6,116.46,758.72,3,1
749.04,0.4,90.84,658.21,2,0
650.61,0.2,85.35,565.26,1,0
761.42,0.4,95.65,665.77,2,1
609.83,0.0,160.22,449.62,0,0
722.01,0.6,61.62,660.38,3,1
772.75,0.4,129.68,643.08,2,1
923.52,0.6,255.57,667.95,3,1
849.48,0.4,198.84,650.64,2,1
780.02,0.4,182.32,597.69,2,1
804.21,0.6,121.14,683.08,3,0
675.64,0.2,117.95,557.69,1,1
703.69,0.4,90.86,612.82,2,1
747.74,0.4,127.35,620.38,2,0
784.37,0.6,93.73,690.64,3,1
1563.66,0.6,865.46,698.21,3,1
1238.13,0.6,547.49,690.64,3,1
615.38,0.0,120.38,495.0,0,0
1775.33,1.0,966.86,808.46,5,1
1071.5,1.0,172.27,899.23,5,1
1396.8,0.8,651.03,745.77,4,1
887.7,0.6,151.68,736.03,3,1
714.37,0.2,171.81,542.56,1,1
852.91,0.4,194.7,658.21,2,1
847.2,0.6,133.86,713.33,3,1
637.35,0.2,102.35,535.0,1,1
701.97,0.4,111.84,590.13,2,1
657.56,0.2,99.86,557.69,1,0
777.79,0.6,124.97,652.82,3,1
935.33,0.6,274.95,660.38,3,1
739.25,0.4,118.86,620.38,2,0
657.21,0.2,114.65,542.56,1,1
619.32,0.2,84.32,535.0,1,0
766.09,0.4,153.27,612.82,2,1
729.3,0.4,101.35,627.95,2,1
704.34,0.4,106.65,597.69,2,0
582.7,0.0,133.08,449.62,0,1
889.8,0.4,239.16,650.64,2,1
1048.96,1.0,217.81,831.15,5,1
669.58,0.0,204.84,464.74,0,0
1485.22,0.8,784.84,700.38,4,1
1059.97,0.8,231.0,828.97,4,1
1180.72,0.8,442.51,738.21,4,1
567.87,0.0,88.0,479.87,0,0
1044.26,0.8,237.97,806.28,4,1
676.16,0.2,133.59,542.56,1,0
636.91,0.0,179.73,457.18,0,1
811.85,0.4,199.03,612.82,2,1
823.85,0.4,211.03,612.82,2,1
1455.25,0.8,701.92,753.33,4,1
839.53,0.4,173.76,665.77,2,0
776.9,0.2,196.51,580.38,1,0
1031.18,0.8,171.95,859.23,4,0
562.95,0.0,75.51,487.44,0,0
1032.2,0.8,225.92,806.28,4,0
696.9,0.2,124.08,572.82,1,1
665.2,0.2,99.95,565.26,1,0
590.42,0.0,125.68,464.74,0,0
645.07,0.2,79.81,565.26,1,0
1240.17,0.8,486.84,753.33,4,1
695.63,0.2,115.24,580.38,1,0
728.22,0.4,107.84,620.38,2,0
944.81,0.6,201.22,743.59,3,1
533.55,0.0,68.81,464.74,0,0
900.04,0.6,186.7,713.33,3,1
935.9,0.8,182.57,753.33,4,1
584.31,0.0,119.57,464.74,0,1
601.06,0.0,128.76,472.31,0,0
801.12,0.6,148.3,652.82,3,1
799.9,0.4,179.51,620.38,2,1
1152.91,1.2,221.24,931.67,6,1
777.46,0.4,141.95,635.51,2,0
888.55,0.8,142.78,745.77,4,1
594.42,0.2,82.11,512.31,1,1
653.42,0.0,196.24,457.18,0,0
665.48,0.2,115.35,550.13,1,0
937.42,0.8,146.27,791.15,4,1
627.37,0.2,84.81,542.56,1,0
809.27,0.4,181.32,627.95,2,1
563.4,0.0,106.22,457.18,0,0
671.85,0.2,114.16,557.69,1,0
930.56,1.0,91.84,838.72,5,1
1641.37,1.4,616.76,1024.62,7,1
558.15,0.0,85.84,472.31,0,0
1262.95,1.2,293.46,969.49,6,1
615.49,0.2,88.05,527.44,1,1
582.6,0.2,62.73,519.87,1,1
