"Total_Cost","Ratio_Reloc_Prod","Horiz_Cost","Vert_Cost","nReloc","non_Optimal"
224366.42,0.4347,33326.95,191039.42,652,375
737.0,0.75,93.92,643.08,3,1
441.3,0.0,46.81,394.49,0,1
968.07,1.25,161.78,806.28,5,1
856.75,1.0,166.11,690.64,4,1
564.47,0.25,92.16,472.31,1,1
567.04,0.25,109.86,457.18,1,1
559.6,0.25,79.73,479.87,1,1
691.99,0.5,134.3,557.69,2,1
675.56,0.5,117.86,557.69,2,1
523.18,0.25,66.0,457.18,1,1
732.57,0.75,97.05,635.51,3,1
654.62,0.5,112.05,542.56,2,1
605.29,0.5,62.73,542.56,2,1
1023.58,1.5,124.35,899.23,6,1
507.83,0.25,58.22,449.62,1,1
676.29,0.75,86.16,590.13,3,1
544.67,0.25,95.05,449.62,1,1
730.12,0.75,124.86,605.26,3,1
597.58,0.25,125.27,472.31,1,1
516.59,0.25,74.54,442.05,1,1
473.73,0.25,46.81,426.92,1,1
663.6,0.5,136.16,527.44,2,1
494.72,0.25,45.11,449.62,1,1
673.37,0.5,115.68,557.69,2,1
424.17,0.0,44.81,379.36,0,1
921.16,1.25,152.7,768.46,5,1
825.02,1.0,134.38,690.64,4,1
734.4,0.75,91.32,643.08,3,1
604.27,0.5,76.84,527.44,2,1
662.63,0.75,49.81,612.82,3,1
587.22,0.5,52.22,535.0,2,1
398.15,0.0,33.92,364.23,0,1
690.57,0.75,62.62,627.95,3,1
651.67,0.5,101.54,550.13,2,1
643.1,0.5,100.54,542.56,2,1
464.83,0.0,108.16,356.67,0,1
427.74,0.0,63.51,364.23,0,1
656.34,0.5,98.65,557.69,2,1
738.21,0.75,95.14,643.08,3,1
511.72,0.25,62.11,449.62,1,1
579.68,0.5,59.81,519.87,2,1
368.35,0.0,26.81,341.54,0,1
680.04,0.5,167.73,512.31,2,1
545.35,0.25,57.92,487.44,1,1
885.21,1.25,147.0,738.21,5,1
441.25,0.0,54.32,386.92,0,1
448.62,0.0,107.08,341.54,0,1
739.4,0.5,196.84,542.56,2,1
659.94,0.5,102.24,557.69,2,1
405.61,0.0,33.81,371.79,0,1
991.1,1.25,199.95,791.15,5,1
380.77,0.0,24.11,356.67,0,1
625.19,0.5,97.76,527.44,2,1
512.07,0.0,155.41,356.67,0,1
341.11,0.0,14.7,326.41,0,1
544.85,0.5,40.11,504.74,2,1
698.48,0.5,140.78,557.69,2,1
612.55,0.25,147.81,464.74,1,1
547.88,0.25,83.14,464.74,1,1
376.94,0.0,35.41,341.54,0,1
475.62,0.25,26.0,449.62,1,1
414.23,0.0,50.0,364.23,0,1
538.94,0.25,81.76,457.18,1,1
480.63,0.25,68.84,411.79,1,1
625.12,0.5,67.43,557.69,2,1
838.91,0.75,195.84,643.08,3,1
662.75,0.5,105.05,557.69,2,1
388.24,0.0,46.7,341.54,0,1
549.04,0.25,76.73,472.31,1,1
434.16,0.0,85.05,349.1,0,1
711.72,0.75,106.46,605.26,3,1
593.32,0.5,58.32,535.0,2,1
520.26,0.25,55.51,464.74,1,1
709.69,0.75,104.43,605.26,3,1
556.42,0.25,99.24,457.18,1,1
506.64,0.25,57.03,449.62,1,1
422.8,0.0,66.14,356.67,0,1
542.42,0.25,85.24,457.18,1,1
762.28,1.0,109.46,652.82,4,1
373.05,0.0,31.51,341.54,0,1
453.73,0.0,66.81,386.92,0,1
733.57,0.75,113.19,620.38,3,1
625.08,0.75,42.51,582.56,3,1
439.63,0.0,67.84,371.79,0,1
624.6,0.5,97.16,527.44,2,1
545.15,0.25,72.84,472.31,1,1
442.61,0.0,85.95,356.67,0,1
602.7,0.5,60.14,542.56,2,1
782.92,0.75,147.41,635.51,3,1
510.33,0.25,75.84,434.49,1,1
517.12,0.25,97.76,419.36,1,1
372.35,0.0,30.81,341.54,0,1
687.83,0.75,105.27,582.56,3,1
546.58,0.5,49.41,497.18,2,1
396.51,0.0,62.54,333.97,0,1
525.27,0.5,43.22,482.05,2,1
754.22,1.0,93.84,660.38,4,1
518.16,0.25,68.54,449.62,1,1
838.39,1.0,140.19,698.21,4,1
633.6,0.5,121.3,512.31,2,1
587.93,0.25,108.05,479.87,1,1
580.2,0.5,60.32,519.87,2,1
401.43,0.0,52.32,349.1,0,1
655.42,0.5,143.11,512.31,2,1
643.0,0.5,115.57,527.44,2,1
950.67,1.25,167.08,783.59,5,1
494.09,0.0,107.16,386.92,0,1
774.05,0.75,130.97,643.08,3,1
593.61,0.5,88.86,504.74,2,1
985.76,1.5,124.35,861.41,6,1
539.9,0.25,60.03,479.87,1,1
740.11,0.75,112.16,627.95,3,1
410.03,0.0,76.05,333.97,0,1
464.44,0.25,37.51,426.92,1,1
436.47,0.0,57.11,379.36,0,1
576.42,0.5,79.24,497.18,2,1
846.94,1.0,156.3,690.64,4,1
502.16,0.0,107.68,394.49,0,1
606.78,0.5,64.22,542.56,2,1
515.61,0.25,58.43,457.18,1,1
710.68,0.75,82.73,627.95,3,1
509.22,0.25,74.73,434.49,1,1
810.04,0.75,212.35,597.69,3,1
588.95,0.5,61.51,527.44,2,1
420.71,0.0,48.92,371.79,0,1
606.95,0.5,71.95,535.0,2,1
554.43,0.25,112.38,442.05,1,1
788.13,1.0,105.05,683.08,4,1
608.98,0.5,81.54,527.44,2,1
625.67,0.75,43.11,582.56,3,1
756.64,0.75,113.57,643.08,3,1
528.71,0.25,56.41,472.31,1,1
499.72,0.25,50.11,449.62,1,1
461.85,0.0,90.05,371.79,0,1
689.31,0.5,124.05,565.26,2,1
587.17,0.25,114.86,472.31,1,1
621.29,0.5,78.73,542.56,2,1
546.95,0.25,127.59,419.36,1,1
585.78,0.25,151.3,434.49,1,1
580.25,0.5,52.81,527.44,2,1
691.94,0.75,94.24,597.69,3,1
643.18,0.5,93.05,550.13,2,1
531.28,0.25,66.54,464.74,1,1
794.56,0.75,136.35,658.21,3,1
618.6,0.5,98.73,519.87,2,1
649.69,0.5,84.43,565.26,2,1
560.21,0.5,63.03,497.18,2,1
637.72,0.5,80.03,557.69,2,1
421.36,0.0,42.0,379.36,0,1
385.1,0.0,36.0,349.1,0,1
641.48,0.75,58.92,582.56,3,1
497.43,0.25,47.81,449.62,1,1
796.7,1.25,73.62,723.08,5,1
478.46,0.0,91.54,386.92,0,1
372.89,0.0,38.92,333.97,0,1
528.45,0.25,63.7,464.74,1,1
594.09,0.25,121.78,472.31,1,1
440.92,0.0,54.0,386.92,0,1
527.49,0.25,100.57,426.92,1,1
606.22,0.5,86.35,519.87,2,1
517.79,0.25,90.86,426.92,1,1
521.94,0.25,72.32,449.62,1,1
729.1,0.75,138.97,590.13,3,1
514.12,0.25,41.81,472.31,1,1
452.52,0.0,80.73,371.79,0,1
373.54,0.0,32.0,341.54,0,1
547.23,0.25,90.05,457.18,1,1
412.61,0.0,40.81,371.79,0,1
529.85,0.25,65.11,464.74,1,1
701.32,0.75,65.81,635.51,3,1
728.02,0.75,137.89,590.13,3,1
653.29,0.75,70.73,582.56,3,1
924.72,1.5,101.14,823.59,6,1
421.59,0.0,64.92,356.67,0,1
633.4,0.5,90.84,542.56,2,1
881.96,1.25,90.81,791.15,5,1
699.31,0.75,94.05,605.26,3,1
413.85,0.0,49.62,364.23,0,1
582.86,0.5,93.24,489.62,2,1
747.65,0.75,112.14,635.51,3,1
877.58,1.25,139.38,738.21,5,1
661.75,0.5,104.05,557.69,2,1
445.09,0.0,65.73,379.36,0,1
801.15,1.0,102.95,698.21,4,1
668.56,0.5,110.86,557.69,2,1
541.47,0.25,76.73,464.74,1,1
658.16,0.75,68.03,590.13,3,1
641.58,0.5,76.32,565.26,2,1
584.17,0.25,111.86,472.31,1,1
596.63,0.5,84.32,512.31,2,1
360.79,0.0,26.81,333.97,0,1
391.27,0.0,49.73,341.54,0,1
520.74,0.25,56.0,464.74,1,1
802.91,1.0,112.27,690.64,4,1
550.67,0.25,101.05,449.62,1,1
575.15,0.25,102.84,472.31,1,1
691.28,0.5,118.46,572.82,2,1
540.37,0.25,90.76,449.62,1,1
596.85,0.5,84.54,512.31,2,1
502.83,0.25,53.22,449.62,1,1
546.92,0.25,104.86,442.05,1,1
544.65,0.5,77.73,466.92,2,1
471.44,0.0,99.65,371.79,0,1
866.6,1.0,153.27,713.33,4,1
639.72,0.5,82.03,557.69,2,1
675.63,0.5,148.19,527.44,2,1
791.26,0.75,133.05,658.21,3,1
761.73,0.75,133.78,627.95,3,1
447.63,0.0,75.84,371.79,0,1
757.8,0.75,107.16,650.64,3,1
391.37,0.0,34.7,356.67,0,1
401.43,0.0,52.32,349.1,0,1
642.6,0.5,115.16,527.44,2,1
521.12,0.25,116.89,404.23,1,1
652.23,0.5,94.54,557.69,2,1
931.4,1.5,100.24,831.15,6,1
886.83,1.25,103.24,783.59,5,1
732.49,0.75,104.54,627.95,3,1
457.01,0.0,77.65,379.36,0,1
520.43,0.25,70.81,449.62,1,1
501.4,0.25,44.22,457.18,1,1
549.43,0.25,107.38,442.05,1,1
680.91,0.75,75.65,605.26,3,1
636.83,0.5,79.14,557.69,2,1
417.04,0.0,52.81,364.23,0,1
542.88,0.25,78.14,464.74,1,1
550.28,0.25,85.54,464.74,1,1
808.86,1.0,125.78,683.08,4,1
500.58,0.25,43.41,457.18,1,1
626.72,0.5,69.03,557.69,2,1
762.73,0.75,119.65,643.08,3,1
391.88,0.0,35.22,356.67,0,1
443.76,0.0,64.41,379.36,0,1
481.41,0.25,46.92,434.49,1,1
657.88,0.75,52.62,605.26,3,1
623.74,0.75,71.43,552.31,3,1
603.82,0.5,83.95,519.87,2,1
620.0,0.5,77.43,542.56,2,1
433.97,0.0,84.86,349.1,0,1
579.93,0.25,100.05,479.87,1,1
516.26,0.25,51.51,464.74,1,1
924.89,1.0,196.43,728.46,4,1
885.49,1.0,164.59,720.9,4,1
644.92,0.5,102.35,542.56,2,1
545.14,0.0,158.22,386.92,0,1
1092.36,1.75,145.57,946.79,7,1
409.96,0.0,45.73,364.23,0,1
434.77,0.0,70.54,364.23,0,1
534.71,0.25,62.41,472.31,1,1
636.67,0.5,86.54,550.13,2,1
598.02,0.25,148.41,449.62,1,1
448.98,0.0,69.62,379.36,0,1
573.75,0.25,116.57,457.18,1,1
830.05,0.75,194.54,635.51,3,1
654.73,0.5,127.3,527.44,2,1
578.63,0.25,98.76,479.87,1,1
568.06,0.25,95.76,472.31,1,1
735.02,0.75,76.81,658.21,3,1
438.33,0.0,51.41,386.92,0,1
587.31,0.25,122.57,464.74,1,1
701.26,0.75,103.57,597.69,3,1
443.48,0.0,94.38,349.1,0,1
775.47,1.0,115.08,660.38,4,1
763.14,0.75,135.19,627.95,3,1
577.65,0.5,50.22,527.44,2,1
349.68,0.0,15.7,333.97,0,1
376.91,0.0,27.81,349.1,0,1
628.16,0.5,78.03,550.13,2,1
667.69,0.75,62.43,605.26,3,1
372.94,0.0,31.41,341.54,0,1
673.7,0.5,123.57,550.13,2,1
364.94,0.0,23.41,341.54,0,1
447.17,0.25,27.81,419.36,1,1
659.32,0.75,84.32,575.0,3,1
543.29,0.5,46.11,497.18,2,1
566.65,0.25,124.59,442.05,1,1
599.21,0.25,149.59,449.62,1,1
762.29,1.0,79.22,683.08,4,1
517.98,0.25,91.05,426.92,1,1
668.42,0.5,110.73,557.69,2,1
437.47,0.0,73.24,364.23,0,1
763.23,0.75,150.41,612.82,3,1
524.72,0.5,35.11,489.62,2,1
873.2,1.25,119.86,753.33,5,1
562.62,0.0,168.14,394.49,0,1
835.15,1.0,129.38,705.77,4,1
1053.81,1.75,137.27,916.54,7,1
435.13,0.0,78.46,356.67,0,1
424.01,0.0,52.22,371.79,0,1
580.66,0.5,75.92,504.74,2,1
595.25,0.5,67.81,527.44,2,1
446.9,0.0,67.54,379.36,0,1
453.23,0.0,81.43,371.79,0,1
632.92,0.5,90.35,542.56,2,1
554.98,0.5,35.11,519.87,2,1
668.66,0.5,95.84,572.82,2,1
498.3,0.25,78.95,419.36,1,1
352.41,0.0,26.0,326.41,0,1
448.52,0.0,76.73,371.79,0,1
877.3,0.75,241.78,635.51,3,1
547.23,0.25,74.92,472.31,1,1
485.16,0.25,43.11,442.05,1,1
599.32,0.5,64.32,535.0,2,1
511.24,0.25,61.62,449.62,1,1
617.95,0.5,82.95,535.0,2,1
562.01,0.25,82.14,479.87,1,1
484.93,0.0,105.57,379.36,0,1
745.93,0.75,140.68,605.26,3,1
712.98,0.75,100.16,612.82,3,1
479.09,0.25,59.73,419.36,1,1
526.5,0.25,69.32,457.18,1,1
568.57,0.5,48.7,519.87,2,1
676.97,0.5,134.41,542.56,2,1
716.98,0.5,136.59,580.38,2,1
409.9,0.0,38.11,371.79,0,1
416.45,0.0,52.22,364.23,0,1
573.54,0.5,46.11,527.44,2,1
559.63,0.25,87.32,472.31,1,1
730.1,0.75,87.03,643.08,3,1
854.37,1.25,116.16,738.21,5,1
553.2,0.25,73.32,479.87,1,1
882.11,0.75,246.59,635.51,3,1
519.09,0.25,92.16,426.92,1,1
623.44,0.5,103.57,519.87,2,1
759.54,1.0,84.03,675.51,4,1
523.07,0.25,58.32,464.74,1,1
568.59,0.25,118.97,449.62,1,1
696.03,0.75,60.51,635.51,3,1
791.08,1.0,115.57,675.51,4,1
615.05,0.5,80.05,535.0,2,1
440.61,0.25,28.81,411.79,1,1
481.44,0.25,69.65,411.79,1,1
412.94,0.0,63.84,349.1,0,1
759.87,0.75,139.49,620.38,3,1
765.1,0.75,114.46,650.64,3,1
465.41,0.0,86.05,379.36,0,1
482.15,0.25,70.35,411.79,1,1
783.71,1.0,130.89,652.82,4,1
390.32,0.0,41.22,349.1,0,1
540.97,0.25,91.35,449.62,1,1
735.98,1.0,68.03,667.95,4,1
1062.37,1.75,138.27,924.1,7,1
664.42,0.75,66.73,597.69,3,1
508.5,0.25,51.32,457.18,1,1
445.73,0.0,58.81,386.92,0,1
724.47,0.75,111.65,612.82,3,1
775.38,0.75,155.0,620.38,3,1
509.31,0.0,137.51,371.79,0,1
778.1,0.75,195.54,582.56,3,1
648.76,0.5,113.76,535.0,2,1
702.01,0.75,96.76,605.26,3,1
486.15,0.0,129.49,356.67,0,1
568.79,0.5,48.92,519.87,2,1
421.71,0.0,49.92,371.79,0,1
685.68,0.75,110.68,575.0,3,1
450.58,0.0,86.35,364.23,0,1
583.69,0.25,111.38,472.31,1,1
443.18,0.0,78.95,364.23,0,1
612.36,0.5,100.05,512.31,2,1
614.24,0.5,79.24,535.0,2,1
450.47,0.0,86.24,364.23,0,1
403.83,0.0,54.73,349.1,0,1
536.66,0.25,71.92,464.74,1,1
607.38,0.5,79.95,527.44,2,1
377.54,0.0,36.0,341.54,0,1
371.97,0.0,38.0,333.97,0,1
508.98,0.25,82.05,426.92,1,1
880.74,1.25,119.84,760.9,5,1
697.13,0.5,154.57,542.56,2,1
819.74,1.0,98.84,720.9,4,1
409.64,0.0,45.41,364.23,0,1
397.32,0.0,48.22,349.1,0,1
704.06,0.75,76.11,627.95,3,1
397.19,0.0,63.22,333.97,0,1
1117.99,1.75,193.89,924.1,7,1
