"Total_Cost","Ratio_Reloc_Prod","Horiz_Cost","Vert_Cost","nReloc","non_Optimal"
243912.03,0.488,49007.04,194905.09,732,213
1034.06,1.0,112.14,921.92,5,1
1024.6,0.8,195.62,828.97,4,1
641.63,0.2,68.81,572.82,1,0
1499.77,1.4,452.46,1047.31,7,1
794.96,0.4,129.19,665.77,2,1
509.98,0.0,30.11,479.87,0,0
1027.53,0.8,221.24,806.28,4,1
645.99,0.2,80.73,565.26,1,1
524.05,0.0,74.43,449.62,0,0
1125.77,1.0,279.49,846.28,5,1
870.6,0.6,142.14,728.46,3,1
1056.89,1.0,187.92,868.97,5,1
908.48,0.6,210.27,698.21,3,0
803.55,0.6,90.22,713.33,3,1
772.87,0.4,152.49,620.38,2,0
831.02,0.6,140.38,690.64,3,1
668.37,0.2,118.24,550.13,1,0
669.23,0.4,56.41,612.82,2,0
855.5,0.6,157.3,698.21,3,1
593.37,0.0,136.19,457.18,0,1
698.62,0.4,116.05,582.56,2,1
546.49,0.0,66.62,479.87,0,0
732.86,0.4,97.35,635.51,2,1
762.79,0.6,94.84,667.95,3,1
541.85,0.2,37.11,504.74,1,0
772.75,0.6,74.54,698.21,3,1
705.55,0.4,92.73,612.82,2,1
1136.2,1.4,156.97,979.23,7,1
510.82,0.0,91.46,419.36,0,1
793.21,0.4,142.57,650.64,2,1
1293.23,0.6,655.54,637.69,3,1
1769.91,1.2,891.19,878.72,6,1
797.38,0.4,161.86,635.51,2,1
787.76,0.6,112.24,675.51,3,1
1243.14,1.4,233.65,1009.49,7,1
1882.26,1.4,910.59,971.67,7,1
777.44,0.4,111.68,665.77,2,0
998.09,0.8,176.68,821.41,4,1
545.3,0.0,65.43,479.87,0,0
770.91,0.4,120.27,650.64,2,0
883.46,0.6,155.0,728.46,3,1
1178.2,1.0,278.97,899.23,5,1
824.26,0.6,126.05,698.21,3,1
824.61,0.4,219.35,605.26,2,0
700.66,0.4,87.84,612.82,2,1
489.18,0.0,32.0,457.18,0,0
2193.32,1.8,1096.27,1097.05,9,1
688.38,0.2,100.43,587.95,1,0
722.6,0.2,149.78,572.82,1,1
797.69,0.4,139.49,658.21,2,1
1102.75,1.0,218.65,884.1,5,1
766.77,0.4,93.43,673.33,2,0
691.95,0.2,111.57,580.38,1,1
1268.0,1.6,165.57,1102.44,8,1
880.1,0.6,128.95,751.15,3,1
863.29,0.6,112.14,751.15,3,0
927.8,0.8,136.65,791.15,4,1
628.21,0.2,85.65,542.56,1,1
702.32,0.2,152.19,550.13,1,0
770.07,0.6,79.43,690.64,3,1
447.47,0.0,28.11,419.36,0,0
1229.6,1.4,227.68,1001.92,7,1
798.72,0.6,92.95,705.77,3,1
636.56,0.2,86.43,550.13,1,0
1075.12,1.0,175.89,899.23,5,1
555.98,0.2,36.11,519.87,1,1
669.99,0.2,119.86,550.13,1,1
565.12,0.2,52.81,512.31,1,0
571.93,0.2,59.62,512.31,1,1
633.49,0.2,106.05,527.44,1,0
1711.29,0.8,973.08,738.21,4,1
648.1,0.2,90.41,557.69,1,0
1429.92,1.0,629.03,800.9,5,1
669.63,0.2,89.24,580.38,1,0
695.85,0.4,83.03,612.82,2,1
771.34,0.6,73.14,698.21,3,1
885.16,0.4,242.08,643.08,2,1
756.29,0.4,105.65,650.64,2,1
918.07,0.6,219.86,698.21,3,1
744.79,0.4,131.97,612.82,2,0
778.93,0.4,166.11,612.82,2,0
785.05,0.6,109.54,675.51,3,0
744.83,0.4,86.62,658.21,2,1
1300.8,0.4,695.54,605.26,2,1
658.78,0.2,108.65,550.13,1,0
751.25,0.4,130.86,620.38,2,1
857.99,0.4,207.35,650.64,2,1
663.9,0.2,83.51,580.38,1,0
975.2,1.0,121.35,853.85,5,1
665.35,0.4,37.41,627.95,2,0
720.49,0.6,60.11,660.38,3,0
531.43,0.2,41.81,489.62,1,0
708.88,0.2,151.19,557.69,1,1
577.78,0.2,88.16,489.62,1,1
723.84,0.4,103.46,620.38,2,1
581.13,0.0,139.08,442.05,0,0
579.68,0.2,59.81,519.87,1,1
762.64,0.4,119.57,643.08,2,1
647.09,0.2,81.84,565.26,1,0
802.86,0.6,127.35,675.51,3,1
494.27,0.0,67.35,426.92,0,1
579.87,0.2,60.0,519.87,1,1
615.12,0.4,62.81,552.31,2,0
908.12,0.8,169.92,738.21,4,1
664.29,0.2,114.16,550.13,1,1
892.16,0.6,163.7,728.46,3,1
452.06,0.0,32.7,419.36,0,0
862.5,0.6,164.3,698.21,3,1
923.69,1.0,77.41,846.28,5,1
780.09,0.6,74.32,705.77,3,1
590.53,0.2,93.35,497.18,1,1
730.46,0.6,62.51,667.95,3,1
781.67,0.4,138.59,643.08,2,1
929.43,0.8,160.97,768.46,4,1
697.9,0.2,125.08,572.82,1,0
552.96,0.0,80.65,472.31,0,0
1222.73,0.6,600.16,622.56,3,1
901.53,0.8,95.24,806.28,4,1
951.99,1.0,120.84,831.15,5,1
648.13,0.2,105.57,542.56,1,1
991.87,0.8,170.46,821.41,4,1
712.17,0.4,99.35,612.82,2,1
1509.34,0.8,771.14,738.21,4,1
1121.8,0.4,531.68,590.13,2,1
871.69,0.6,120.54,751.15,3,1
936.86,0.6,200.84,736.03,3,1
651.55,0.2,78.73,572.82,1,1
671.28,0.2,98.46,572.82,1,1
600.03,0.0,120.16,479.87,0,0
825.14,0.6,157.19,667.95,3,1
536.99,0.2,39.81,497.18,1,1
512.24,0.0,62.62,449.62,0,0
737.24,0.2,202.24,535.0,1,0
456.87,0.0,37.51,419.36,0,0
864.86,0.6,174.22,690.64,3,1
685.6,0.4,65.22,620.38,2,1
720.44,0.4,107.62,612.82,2,1
666.45,0.2,108.76,557.69,1,1
686.72,0.4,89.03,597.69,2,1
592.94,0.2,42.81,550.13,1,0
789.32,0.4,138.68,650.64,2,1
646.38,0.4,78.95,567.44,2,0
560.48,0.0,110.86,449.62,0,1
823.47,0.6,110.14,713.33,3,1
1177.63,1.2,230.84,946.79,6,1
900.99,0.8,109.84,791.15,4,1
719.02,0.6,81.32,637.69,3,1
542.01,0.0,62.14,479.87,0,0
558.31,0.2,46.0,512.31,1,1
1380.78,0.6,690.14,690.64,3,1
811.64,0.6,128.57,683.08,3,1
762.99,0.4,112.35,650.64,2,1
802.83,0.6,119.76,683.08,3,1
587.07,0.0,129.89,457.18,0,0
848.95,0.6,173.43,675.51,3,1
786.23,0.4,173.41,612.82,2,1
693.54,0.4,110.97,582.56,2,1
776.54,0.4,133.46,643.08,2,1
838.47,0.8,85.14,753.33,4,1
522.02,0.0,64.84,457.18,0,0
735.9,0.2,163.08,572.82,1,0
548.18,0.0,98.57,449.62,0,0
696.24,0.2,146.11,550.13,1,1
885.51,0.8,101.92,783.59,4,1
757.75,0.6,120.05,637.69,3,1
849.65,0.8,73.62,776.03,4,1
975.71,0.8,154.3,821.41,4,1
940.39,1.0,86.54,853.85,5,1
810.12,0.6,104.35,705.77,3,1
954.04,1.0,107.76,846.28,5,1
474.56,0.0,32.51,442.05,0,0
965.77,1.0,127.05,838.72,5,1
725.49,0.6,65.11,660.38,3,1
562.75,0.2,73.14,489.62,1,1
1115.67,0.8,332.08,783.59,4,1
868.98,0.8,115.65,753.33,4,1
923.93,0.8,117.65,806.28,4,1
532.31,0.0,75.14,457.18,0,0
574.52,0.0,94.65,479.87,0,0
856.59,0.6,105.43,751.15,3,1
979.9,0.8,166.05,813.85,4,1
822.6,0.6,162.22,660.38,3,0
800.01,0.2,227.19,572.82,1,1
776.18,0.6,85.54,690.64,3,1
816.0,0.6,140.49,675.51,3,1
786.35,0.4,143.27,643.08,2,1
508.43,0.0,58.81,449.62,0,0
621.2,0.2,116.46,504.74,1,1
983.29,1.0,159.7,823.59,5,1
580.22,0.0,100.35,479.87,0,0
759.23,0.8,66.41,692.82,4,1
637.26,0.2,87.14,550.13,1,1
912.53,0.8,174.32,738.21,4,1
1152.89,1.0,276.35,876.54,5,1
742.3,0.4,114.35,627.95,2,1
562.03,0.0,82.16,479.87,0,0
678.69,0.2,173.95,504.74,1,1
502.67,0.0,60.62,442.05,0,0
995.88,0.8,204.73,791.15,4,1
800.32,0.6,117.24,683.08,3,1
574.03,0.0,94.16,479.87,0,1
573.09,0.0,108.35,464.74,0,1
659.91,0.4,62.22,597.69,2,0
570.49,0.2,50.62,519.87,1,0
1007.64,1.0,176.49,831.15,5,1
679.54,0.2,136.97,542.56,1,1
599.11,0.2,64.11,535.0,1,1
1631.8,1.2,760.65,871.15,6,1
733.26,0.4,82.62,650.64,2,0
796.2,0.4,122.86,673.33,2,0
877.19,0.8,108.73,768.46,4,1
827.85,0.6,129.65,698.21,3,1
481.46,0.0,39.41,442.05,0,0
691.66,0.6,46.41,645.26,3,1
1448.21,0.8,710.0,738.21,4,1
960.27,0.8,176.68,783.59,4,0
881.78,0.6,145.76,736.03,3,1
923.96,0.8,125.24,798.72,4,1
660.4,0.4,62.7,597.69,2,0
768.67,0.4,133.16,635.51,2,1
459.03,0.0,32.11,426.92,0,0
633.13,0.0,175.95,457.18,0,0
832.42,0.4,174.22,658.21,2,1
1270.12,0.8,516.78,753.33,4,1
801.62,0.8,78.54,723.08,4,1
532.45,0.0,82.84,449.62,0,0
458.58,0.0,39.22,419.36,0,0
1061.05,1.0,184.51,876.54,5,1
597.46,0.0,155.41,442.05,0,1
1448.63,0.8,702.86,745.77,4,1
876.18,0.8,85.03,791.15,4,1
1611.44,1.4,677.59,933.85,7,1
587.54,0.0,92.54,495.0,0,0
556.18,0.0,91.43,464.74,0,0
928.06,0.8,159.59,768.46,4,1
696.9,0.6,36.51,660.38,3,0
944.4,0.8,168.38,776.03,4,1
671.37,0.2,113.68,557.69,1,0
773.38,0.4,153.0,620.38,2,1
849.67,0.6,166.59,683.08,3,1
630.61,0.2,72.92,557.69,1,1
953.15,0.8,162.0,791.15,4,1
525.12,0.0,52.81,472.31,0,0
917.53,1.0,131.76,785.77,5,1
609.53,0.2,59.41,550.13,1,1
666.33,0.2,138.89,527.44,1,0
543.16,0.0,108.68,434.49,0,1
1036.62,1.0,228.16,808.46,5,1
710.03,0.4,89.65,620.38,2,1
616.08,0.2,88.65,527.44,1,1
634.92,0.2,99.92,535.0,1,1
488.65,0.0,61.73,426.92,0,0
668.25,0.2,95.43,572.82,1,1
1163.31,1.4,184.08,979.23,7,1
818.11,0.6,142.59,675.51,3,1
800.04,0.6,101.84,698.21,3,1
475.86,0.0,33.81,442.05,0,0
740.54,0.6,65.03,675.51,3,1
675.74,0.4,62.92,612.82,2,0
1419.97,0.8,689.32,730.64,4,1
819.51,0.6,144.0,675.51,3,1
1504.91,1.8,332.22,1172.69,9,1
793.94,0.6,110.86,683.08,3,1
940.39,1.0,86.54,853.85,5,1
1033.93,1.0,195.22,838.72,5,1
674.23,0.4,61.41,612.82,2,1
612.15,0.2,114.97,497.18,1,1
1245.28,0.4,692.97,552.31,2,1
595.78,0.2,53.22,542.56,1,0
757.34,0.4,152.08,605.26,2,0
845.68,0.8,77.22,768.46,4,1
538.28,0.0,73.54,464.74,0,1
595.3,0.2,75.43,519.87,1,0
821.77,0.4,208.95,612.82,2,0
615.98,0.0,143.68,472.31,0,1
811.6,0.4,191.22,620.38,2,0
876.17,0.6,170.41,705.77,3,1
683.97,0.4,93.84,590.13,2,1
757.3,0.6,89.35,667.95,3,1
485.87,0.0,66.51,419.36,0,1
679.53,0.2,114.27,565.26,1,1
475.47,0.0,71.24,404.23,0,0
918.92,0.6,243.41,675.51,3,1
1221.34,0.8,475.57,745.77,4,1
944.68,0.8,176.22,768.46,4,1
930.71,0.6,209.81,720.9,3,0
897.43,0.8,113.84,783.59,4,1
820.3,0.6,91.84,728.46,3,1
1004.45,0.8,205.73,798.72,4,1
540.31,0.0,83.14,457.18,0,0
870.29,0.6,119.14,751.15,3,1
1541.44,1.0,748.11,793.33,5,1
1079.95,1.2,186.11,893.85,6,1
1054.08,0.4,486.65,567.44,2,1
646.93,0.4,34.11,612.82,2,1
1859.27,1.2,995.68,863.59,6,1
1062.81,1.4,113.84,948.97,7,1
660.94,0.2,103.24,557.69,1,0
483.36,0.0,56.43,426.92,0,0
887.75,0.6,144.16,743.59,3,1
