"Total_Cost","Ratio_Reloc_Prod","Horiz_Cost","Vert_Cost","nReloc","non_Optimal"
243414.95,0.4713,50296.37,193118.53,707,217
620.33,0.2,47.51,572.82,1,0
668.3,0.2,133.3,535.0,1,1
1093.22,1.2,138.86,954.36,6,1
1024.47,1.0,125.24,899.23,5,1
549.91,0.0,85.16,464.74,0,0
618.72,0.2,61.03,557.69,1,1
1592.5,1.4,545.19,1047.31,7,1
677.72,0.2,112.46,565.26,1,0
654.35,0.2,119.35,535.0,1,1
715.1,0.4,72.03,643.08,2,0
1393.44,1.2,431.51,961.92,6,1
748.59,0.4,97.95,650.64,2,1
854.75,0.6,111.16,743.59,3,1
599.04,0.2,86.73,512.31,1,1
1202.61,1.2,316.32,886.28,6,1
767.93,0.6,69.73,698.21,3,1
881.92,0.8,121.03,760.9,4,0
658.14,0.2,85.32,572.82,1,0
542.13,0.0,84.95,457.18,0,1
770.2,0.4,157.38,612.82,2,1
1798.43,1.2,889.46,908.97,6,1
1106.76,1.0,177.27,929.49,5,1
520.1,0.0,62.92,457.18,0,0
698.23,0.2,132.97,565.26,1,1
1280.8,1.0,442.08,838.72,5,1
507.19,0.0,65.14,442.05,0,0
629.36,0.2,64.11,565.26,1,1
1549.63,1.6,447.19,1102.44,8,1
887.05,0.6,135.89,751.15,3,1
513.79,0.0,86.86,426.92,0,0
780.25,0.4,152.3,627.95,2,0
532.92,0.0,90.86,442.05,0,0
793.12,0.4,180.3,612.82,2,1
620.35,0.4,52.92,567.44,2,1
616.98,0.2,89.54,527.44,1,0
822.32,0.4,186.81,635.51,2,0
660.23,0.4,47.41,612.82,2,0
788.51,0.4,153.0,635.51,2,1
634.36,0.2,122.05,512.31,1,0
456.76,0.0,37.41,419.36,0,0
832.58,0.4,174.38,658.21,2,1
671.49,0.2,136.49,535.0,1,1
552.39,0.0,87.65,464.74,0,1
571.94,0.2,82.32,489.62,1,0
839.09,0.6,125.76,713.33,3,0
707.2,0.2,187.32,519.87,1,1
501.59,0.0,59.54,442.05,0,0
628.87,0.2,101.43,527.44,1,1
1545.09,0.8,784.19,760.9,4,1
992.09,1.0,130.68,861.41,5,1
1107.83,1.4,83.22,1024.62,7,1
794.09,0.4,173.7,620.38,2,1
773.12,0.4,107.35,665.77,2,1
1730.36,0.8,984.59,745.77,4,1
760.9,0.4,148.08,612.82,2,1
1210.66,0.8,517.84,692.82,4,1
858.81,0.6,122.78,736.03,3,1
699.99,0.4,94.73,605.26,2,1
863.12,0.6,149.78,713.33,3,1
472.33,0.0,45.41,426.92,0,0
711.01,0.6,50.62,660.38,3,0
758.57,0.6,90.62,667.95,3,1
1037.99,1.2,159.27,878.72,6,1
981.68,0.8,160.27,821.41,4,1
472.75,0.0,30.7,442.05,0,0
794.42,0.4,143.78,650.64,2,1
473.04,0.0,61.24,411.79,0,1
777.57,0.4,142.05,635.51,2,1
880.27,0.8,104.24,776.03,4,1
780.82,0.4,115.05,665.77,2,1
477.86,0.0,35.81,442.05,0,0
584.15,0.2,71.84,512.31,1,0
680.74,0.4,67.92,612.82,2,1
527.61,0.0,70.43,457.18,0,1
654.99,0.2,104.86,550.13,1,0
874.4,0.8,90.81,783.59,4,1
723.86,0.4,73.22,650.64,2,1
756.6,0.6,88.65,667.95,3,1
487.7,0.0,53.22,434.49,0,0
832.0,0.6,156.49,675.51,3,1
800.58,0.6,155.32,645.26,3,0
958.07,1.0,119.35,838.72,5,1
805.85,0.4,140.08,665.77,2,1
830.34,0.6,124.57,705.77,3,1
665.56,0.2,107.86,557.69,1,0
689.16,0.4,61.22,627.95,2,0
1135.91,0.6,490.65,645.26,3,1
790.07,0.4,184.81,605.26,2,1
978.58,1.0,139.86,838.72,5,1
557.79,0.0,77.92,479.87,0,0
992.87,0.8,239.54,753.33,4,1
1002.51,0.8,165.97,836.54,4,1
749.94,0.4,106.86,643.08,2,1
785.66,0.6,72.32,713.33,3,1
868.01,0.4,202.24,665.77,2,1
540.82,0.0,68.51,472.31,0,1
589.7,0.2,54.7,535.0,1,1
728.87,0.4,116.05,612.82,2,1
478.98,0.0,59.62,419.36,0,0
494.97,0.0,52.92,442.05,0,1
491.67,0.0,49.62,442.05,0,0
623.54,0.2,88.54,535.0,1,1
507.08,0.0,65.03,442.05,0,1
804.98,0.6,91.65,713.33,3,1
743.64,0.4,153.51,590.13,2,1
1603.94,1.2,747.92,856.03,6,1
748.88,0.4,98.24,650.64,2,1
794.53,0.4,204.41,590.13,2,1
1240.34,1.4,200.59,1039.74,7,1
1555.45,1.0,777.24,778.21,5,1
679.99,0.2,129.86,550.13,1,1
776.99,0.4,126.35,650.64,2,1
1714.64,1.0,936.43,778.21,5,1
984.43,0.6,255.97,728.46,3,1
760.87,0.4,87.54,673.33,2,1
1689.52,0.8,989.14,700.38,4,1
636.61,0.4,38.92,597.69,2,1
822.44,0.6,101.54,720.9,3,1
625.14,0.2,90.14,535.0,1,0
558.74,0.0,86.43,472.31,0,0
508.42,0.0,36.11,472.31,0,0
641.66,0.2,121.78,519.87,1,1
554.02,0.2,64.41,489.62,1,0
922.5,0.4,324.81,597.69,2,1
1009.62,0.8,226.03,783.59,4,1
519.55,0.0,54.81,464.74,0,0
830.61,0.4,172.41,658.21,2,0
635.41,0.2,55.03,580.38,1,0
666.59,0.2,116.46,550.13,1,1
1059.13,1.0,182.59,876.54,5,1
477.72,0.0,28.11,449.62,0,0
660.79,0.2,80.41,580.38,1,1
634.88,0.2,69.62,565.26,1,0
669.8,0.4,72.11,597.69,2,1
1006.03,0.6,270.0,736.03,3,1
802.42,0.4,151.78,650.64,2,1
763.29,0.6,80.22,683.08,3,1
505.4,0.0,48.22,457.18,0,0
1270.84,1.4,253.78,1017.05,7,1
736.27,0.6,68.32,667.95,3,1
1774.28,1.0,988.51,785.77,5,1
934.37,0.8,135.65,798.72,4,0
824.58,0.8,78.81,745.77,4,1
725.29,0.2,167.59,557.69,1,1
785.31,0.4,187.62,597.69,2,1
527.4,0.0,70.22,457.18,0,0
817.37,0.6,119.16,698.21,3,1
654.99,0.2,104.86,550.13,1,1
576.41,0.0,96.54,479.87,0,0
612.89,0.2,70.32,542.56,1,0
893.22,0.8,124.76,768.46,4,1
957.89,1.0,141.86,816.03,5,1
467.03,0.0,40.11,426.92,0,0
786.74,0.4,120.97,665.77,2,1
749.8,0.4,152.11,597.69,2,1
575.15,0.0,117.97,457.18,0,1
702.01,0.4,81.62,620.38,2,0
545.15,0.0,80.41,464.74,0,1
700.66,0.4,87.84,612.82,2,1
598.35,0.2,70.92,527.44,1,0
797.59,0.6,114.51,683.08,3,1
763.78,0.4,128.27,635.51,2,1
1103.05,1.2,186.51,916.54,6,1
594.97,0.2,52.41,542.56,1,1
890.55,0.8,129.65,760.9,4,1
807.35,0.6,124.27,683.08,3,1
778.38,0.4,142.86,635.51,2,1
1245.04,1.4,212.86,1032.18,7,1
768.04,0.4,109.84,658.21,2,1
509.4,0.0,52.22,457.18,0,0
832.84,0.6,111.95,720.9,3,1
477.68,0.0,58.32,419.36,0,1
1824.44,1.4,898.16,926.28,7,1
1144.0,1.4,142.08,1001.92,7,1
615.48,0.2,72.92,542.56,1,1
722.74,0.2,157.49,565.26,1,1
756.78,0.4,121.27,635.51,2,1
736.97,0.4,101.46,635.51,2,1
833.75,0.6,150.68,683.08,3,1
943.47,1.0,89.62,853.85,5,1
870.68,0.6,149.78,720.9,3,1
480.63,0.0,53.7,426.92,0,1
466.49,0.0,32.0,434.49,0,0
1042.65,1.2,133.68,908.97,6,1
1208.4,1.2,284.3,924.1,6,1
1007.37,1.0,108.14,899.23,5,1
637.49,0.2,57.11,580.38,1,0
471.89,0.0,37.41,434.49,0,0
1234.3,1.0,357.76,876.54,5,1
795.57,0.6,135.19,660.38,3,1
1889.62,1.4,933.08,956.54,7,1
672.87,0.2,100.05,572.82,1,1
654.2,0.2,88.95,565.26,1,1
781.71,0.6,113.76,667.95,3,1
477.6,0.0,43.11,434.49,0,1
619.06,0.4,51.62,567.44,2,1
760.45,0.4,155.19,605.26,2,0
810.76,0.4,175.24,635.51,2,1
1701.87,1.2,853.41,848.46,6,1
856.76,0.6,120.73,736.03,3,1
829.27,0.6,146.19,683.08,3,1
782.72,0.4,116.95,665.77,2,1
716.89,0.2,174.32,542.56,1,1
882.8,0.6,131.65,751.15,3,0
642.47,0.2,77.22,565.26,1,0
687.42,0.4,89.73,597.69,2,1
1445.84,1.0,644.95,800.9,5,1
1056.46,0.6,388.51,667.95,3,1
690.55,0.2,110.16,580.38,1,0
956.13,0.8,180.11,776.03,4,1
636.69,0.2,71.43,565.26,1,1
666.5,0.4,68.81,597.69,2,0
901.77,0.6,188.43,713.33,3,1
729.16,0.2,179.03,550.13,1,1
708.87,0.4,96.05,612.82,2,1
638.4,0.2,95.84,542.56,1,1
927.67,0.8,144.08,783.59,4,1
695.79,0.4,75.41,620.38,2,0
470.14,0.0,43.22,426.92,0,1
546.53,0.2,56.92,489.62,1,0
892.88,0.6,187.11,705.77,3,1
925.66,0.6,212.32,713.33,3,1
1165.09,1.2,203.16,961.92,6,1
681.36,0.2,108.54,572.82,1,0
1422.02,0.4,892.41,529.62,2,1
1715.24,1.4,766.27,948.97,7,1
809.89,0.4,166.81,643.08,2,1
773.18,0.4,114.97,658.21,2,1
696.58,0.2,123.76,572.82,1,0
663.18,0.2,113.05,550.13,1,1
716.44,0.4,149.0,567.44,2,1
822.63,0.6,169.81,652.82,3,1
716.82,0.2,144.0,572.82,1,1
695.88,0.4,105.76,590.13,2,0
727.51,0.4,137.38,590.13,2,1
541.07,0.0,91.46,449.62,0,0
818.01,0.8,125.19,692.82,4,1
863.16,0.8,140.08,723.08,4,1
783.78,0.6,93.14,690.64,3,0
732.64,0.4,89.57,643.08,2,0
463.46,0.0,21.41,442.05,0,0
532.16,0.0,82.54,449.62,0,0
1308.66,1.4,321.86,986.79,7,1
737.43,0.4,94.35,643.08,2,1
528.16,0.0,78.54,449.62,0,1
540.08,0.2,58.03,482.05,1,0
1874.41,1.4,925.43,948.97,7,1
544.55,0.0,72.24,472.31,0,0
548.1,0.2,50.92,497.18,1,0
894.58,0.8,156.38,738.21,4,1
695.6,0.0,208.16,487.44,0,0
569.01,0.0,89.14,479.87,0,1
690.5,0.4,85.24,605.26,2,1
785.82,0.4,165.43,620.38,2,1
614.56,0.2,64.43,550.13,1,1
1364.19,1.6,254.19,1110.0,8,1
1203.29,0.8,359.19,844.1,4,1
1202.96,0.6,557.7,645.26,3,1
931.43,1.0,107.84,823.59,5,1
725.16,0.4,89.65,635.51,2,1
741.63,0.4,136.38,605.26,2,1
665.36,0.4,60.11,605.26,2,1
964.96,0.6,259.19,705.77,3,1
587.01,0.0,122.27,464.74,0,0
783.55,0.6,70.22,713.33,3,1
730.74,0.4,110.35,620.38,2,1
772.67,0.6,82.03,690.64,3,0
926.0,0.8,149.97,776.03,4,1
1224.14,0.6,556.19,667.95,3,1
543.88,0.0,79.14,464.74,0,0
562.85,0.0,90.54,472.31,0,0
1803.26,1.2,916.97,886.28,6,1
652.82,0.2,72.43,580.38,1,1
495.83,0.0,46.22,449.62,0,0
487.14,0.0,60.22,426.92,0,1
1173.15,1.0,326.86,846.28,5,1
737.28,0.4,71.51,665.77,2,1
525.05,0.0,75.43,449.62,0,0
780.45,0.6,82.24,698.21,3,1
611.29,0.2,68.73,542.56,1,1
879.38,0.6,143.35,736.03,3,1
587.9,0.2,68.03,519.87,1,1
449.34,0.0,45.11,404.23,0,1
667.22,0.2,139.78,527.44,1,1
626.37,0.0,161.62,464.74,0,1
868.34,0.6,177.7,690.64,3,1
639.86,0.2,89.73,550.13,1,0
812.33,0.6,91.43,720.9,3,1
509.18,0.0,52.0,457.18,0,0
895.63,0.6,182.3,713.33,3,1
786.51,0.6,103.43,683.08,3,1
522.21,0.0,65.03,457.18,0,0
1128.38,1.4,111.32,1017.05,7,1
911.52,1.0,103.05,808.46,5,1
784.7,0.6,94.05,690.64,3,0
641.94,0.2,84.24,557.69,1,1
583.97,0.2,41.41,542.56,1,0
1007.58,0.8,261.81,745.77,4,1
1099.82,1.2,145.46,954.36,6,1
1024.26,1.0,140.16,884.1,5,1
