"Total_Cost","Ratio_Reloc_Prod","Horiz_Cost","Vert_Cost","nReloc","non_Optimal"
254499.26,0.4253,62764.12,191735.12,638,154
769.53,0.4,103.76,665.77,2,0
698.0,0.4,54.92,643.08,2,0
1026.09,0.8,204.68,821.41,4,0
1210.92,0.6,482.46,728.46,3,0
698.12,0.2,132.86,565.26,1,0
984.59,0.6,233.43,751.15,3,0
781.39,0.4,123.19,658.21,2,0
517.88,0.0,53.14,464.74,0,1
806.74,0.6,100.97,705.77,3,1
874.55,0.6,168.78,705.77,3,1
638.36,0.2,73.11,565.26,1,1
501.58,0.0,44.41,457.18,0,0
1022.14,1.0,153.16,868.97,5,1
768.76,0.6,93.24,675.51,3,0
543.69,0.0,78.95,464.74,0,0
551.37,0.0,86.62,464.74,0,0
517.03,0.0,82.54,434.49,0,0
650.51,0.2,107.95,542.56,1,0
681.33,0.4,68.51,612.82,2,1
803.43,0.6,120.35,683.08,3,0
738.19,0.4,95.11,643.08,2,0
676.14,0.2,148.7,527.44,1,1
1039.34,0.8,248.19,791.15,4,1
886.72,0.4,220.95,665.77,2,1
1041.07,0.8,249.92,791.15,4,0
1053.59,0.8,262.43,791.15,4,1
666.15,0.2,108.46,557.69,1,1
745.1,0.4,102.03,643.08,2,0
842.91,0.4,237.65,605.26,2,1
1157.91,0.8,313.81,844.1,4,1
633.58,0.2,121.27,512.31,1,1
907.56,0.8,108.84,798.72,4,0
698.01,0.2,185.7,512.31,1,0
1132.87,1.0,218.51,914.36,5,0
791.63,0.2,271.76,519.87,1,0
1158.09,0.8,397.19,760.9,4,1
445.2,0.0,33.41,411.79,0,1
1585.87,1.0,716.89,868.97,5,0
570.12,0.0,105.38,464.74,0,0
1189.54,0.4,606.97,582.56,2,1
739.43,0.2,204.43,535.0,1,1
1393.03,0.8,564.05,828.97,4,0
1064.56,0.6,313.41,751.15,3,0
533.16,0.0,83.54,449.62,0,1
665.4,0.2,122.84,542.56,1,0
615.21,0.2,133.16,482.05,1,1
566.0,0.2,31.0,535.0,1,1
1073.44,0.8,312.54,760.9,4,0
1034.64,0.6,275.92,758.72,3,0
1307.7,1.0,363.08,944.62,5,0
790.53,0.4,185.27,605.26,2,1
698.78,0.2,163.78,535.0,1,1
603.7,0.0,154.08,449.62,0,1
1213.63,0.8,407.35,806.28,4,1
957.01,0.4,291.24,665.77,2,1
971.28,0.4,305.51,665.77,2,0
535.35,0.0,100.86,434.49,0,0
709.26,0.2,151.57,557.69,1,0
590.48,0.0,133.3,457.18,0,1
1283.19,1.0,421.78,861.41,5,0
1218.98,0.6,452.7,766.28,3,0
885.11,0.4,264.73,620.38,2,1
1471.29,1.2,592.57,878.72,6,1
1060.97,0.6,324.95,736.03,3,0
786.39,0.2,221.14,565.26,1,1
1067.76,0.6,346.86,720.9,3,0
701.53,0.2,136.27,565.26,1,1
990.01,0.6,269.11,720.9,3,0
721.0,0.6,98.43,622.56,3,1
714.43,0.2,164.3,550.13,1,1
739.35,0.4,103.84,635.51,2,1
664.1,0.2,121.54,542.56,1,1
533.84,0.0,99.35,434.49,0,1
500.49,0.0,66.0,434.49,0,1
488.49,0.0,54.0,434.49,0,1
1103.78,0.4,460.7,643.08,2,0
770.07,0.2,272.89,497.18,1,1
1114.93,0.8,308.65,806.28,4,1
1140.08,0.6,396.49,743.59,3,0
985.46,0.4,342.38,643.08,2,1
753.21,0.2,203.08,550.13,1,1
772.17,0.4,159.35,612.82,2,1
813.59,0.4,178.08,635.51,2,0
1044.38,0.6,308.35,736.03,3,0
1049.56,0.8,250.84,798.72,4,0
902.89,0.4,259.81,643.08,2,0
898.17,0.6,237.78,660.38,3,0
1267.95,0.8,446.54,821.41,4,1
713.76,0.2,178.76,535.0,1,0
598.69,0.0,141.51,457.18,0,1
804.11,0.4,168.59,635.51,2,0
964.24,0.6,273.59,690.64,3,0
624.26,0.2,127.08,497.18,1,1
1370.82,0.8,564.54,806.28,4,0
802.05,0.4,151.41,650.64,2,0
674.35,0.2,131.78,542.56,1,0
753.91,0.4,110.84,643.08,2,1
1344.0,0.8,507.46,836.54,4,1
1157.09,1.0,303.24,853.85,5,1
763.82,0.4,158.57,605.26,2,0
591.22,0.2,56.22,535.0,1,1
655.82,0.4,95.95,559.87,2,1
733.19,0.2,190.62,542.56,1,1
1408.78,1.0,524.68,884.1,5,1
1129.62,0.8,285.51,844.1,4,1
909.58,0.6,150.86,758.72,3,0
828.86,0.2,278.73,550.13,1,1
709.83,0.2,152.14,557.69,1,1
1005.51,0.6,261.92,743.59,3,0
563.5,0.0,98.76,464.74,0,0
804.1,0.6,113.46,690.64,3,1
529.18,0.0,72.0,457.18,0,0
542.1,0.0,84.92,457.18,0,0
628.03,0.2,93.03,535.0,1,1
823.53,0.4,172.89,650.64,2,0
1359.3,1.0,444.95,914.36,5,0
727.13,0.2,177.0,550.13,1,0
1016.27,0.6,287.81,728.46,3,1
555.75,0.0,106.14,449.62,0,1
941.02,0.4,350.89,590.13,2,1
519.02,0.0,61.84,457.18,0,1
804.84,0.6,144.46,660.38,3,1
813.49,0.6,85.03,728.46,3,0
946.7,1.0,138.24,808.46,5,0
431.2,0.0,19.41,411.79,0,1
647.43,0.2,104.86,542.56,1,1
825.53,0.6,119.76,705.77,3,0
999.63,0.8,238.73,760.9,4,0
958.02,0.4,314.95,643.08,2,0
644.24,0.2,94.11,550.13,1,1
751.52,0.4,131.14,620.38,2,1
724.63,0.6,71.81,652.82,3,1
667.91,0.2,102.65,565.26,1,0
1016.98,0.8,195.57,821.41,4,0
1089.28,0.8,230.05,859.23,4,0
588.96,0.0,116.65,472.31,0,0
682.57,0.2,147.57,535.0,1,0
714.59,0.4,124.46,590.13,2,1
865.39,0.4,207.19,658.21,2,1
558.52,0.0,78.65,479.87,0,0
769.87,0.4,157.05,612.82,2,0
724.29,0.2,174.16,550.13,1,1
617.31,0.4,80.14,537.18,2,1
1138.65,0.8,302.11,836.54,4,1
760.33,0.2,240.46,519.87,1,1
836.45,0.6,138.24,698.21,3,1
644.94,0.2,87.24,557.69,1,1
643.62,0.2,108.62,535.0,1,1
759.94,0.4,169.81,590.13,2,0
639.11,0.2,104.11,535.0,1,1
1017.91,0.4,359.7,658.21,2,1
670.04,0.2,112.35,557.69,1,0
1200.92,1.2,223.86,977.05,6,0
766.61,0.4,100.84,665.77,2,1
661.56,0.2,111.43,550.13,1,0
780.8,0.2,223.11,557.69,1,0
1022.61,0.4,371.97,650.64,2,0
1178.89,1.0,302.35,876.54,5,0
525.08,0.0,83.03,442.05,0,0
985.62,0.4,342.54,643.08,2,0
479.79,0.0,60.43,419.36,0,1
1099.93,0.8,301.22,798.72,4,1
1076.96,0.4,464.14,612.82,2,1
610.91,0.0,153.73,457.18,0,0
847.72,0.6,141.95,705.77,3,1
995.58,0.6,289.81,705.77,3,1
619.11,0.2,84.11,535.0,1,1
604.69,0.0,147.51,457.18,0,0
923.04,0.8,169.7,753.33,4,0
605.27,0.2,77.84,527.44,1,0
1055.08,0.6,319.05,736.03,3,1
511.36,0.0,92.0,419.36,0,0
751.07,0.2,193.38,557.69,1,1
796.75,0.2,246.62,550.13,1,0
1079.47,0.6,305.62,773.85,3,0
1403.78,1.2,434.3,969.49,6,0
1155.93,1.0,256.7,899.23,5,0
877.89,0.4,234.81,643.08,2,1
611.0,0.2,76.0,535.0,1,1
1013.58,0.6,300.24,713.33,3,1
1067.95,0.6,339.49,728.46,3,1
819.37,0.4,176.3,643.08,2,1
866.55,0.4,253.73,612.82,2,1
710.22,0.2,129.84,580.38,1,0
1161.73,0.6,425.7,736.03,3,0
891.91,0.2,326.65,565.26,1,1
1226.1,0.8,427.38,798.72,4,1
525.66,0.0,60.92,464.74,0,0
1033.51,0.6,289.92,743.59,3,0
561.39,0.0,96.65,464.74,0,0
859.69,0.4,193.92,665.77,2,1
691.69,0.2,126.43,565.26,1,1
494.66,0.0,82.86,411.79,0,1
1050.18,0.8,259.03,791.15,4,1
531.14,0.0,96.65,434.49,0,1
844.62,0.4,209.11,635.51,2,1
1054.02,0.6,310.43,743.59,3,0
574.91,0.0,110.16,464.74,0,0
533.68,0.0,106.76,426.92,0,0
454.01,0.0,42.22,411.79,0,1
454.5,0.0,42.7,411.79,0,1
1022.12,0.6,308.78,713.33,3,1
822.67,0.2,280.11,542.56,1,0
603.62,0.2,68.62,535.0,1,1
510.49,0.0,76.0,434.49,0,1
702.12,0.4,104.43,597.69,2,1
764.47,0.6,119.22,645.26,3,1
727.69,0.4,130.0,597.69,2,0
770.21,0.2,220.08,550.13,1,1
532.0,0.0,89.95,442.05,0,1
586.21,0.2,104.16,482.05,1,1
804.65,0.4,222.08,582.56,2,0
1050.67,0.4,415.16,635.51,2,1
1485.1,1.0,585.86,899.23,5,0
1340.27,1.0,410.78,929.49,5,0
753.19,0.4,125.24,627.95,2,0
556.69,0.0,91.95,464.74,0,0
1703.49,1.8,492.97,1210.51,9,0
758.67,0.2,208.54,550.13,1,0
545.01,0.0,125.65,419.36,0,0
739.22,0.6,78.84,660.38,3,1
768.23,0.4,110.03,658.21,2,0
725.26,0.2,167.57,557.69,1,0
665.57,0.2,130.57,535.0,1,0
640.07,0.2,74.81,565.26,1,0
1519.27,0.8,796.19,723.08,4,1
777.79,0.2,197.41,580.38,1,1
1169.08,0.8,385.49,783.59,4,1
1314.3,0.8,485.32,828.97,4,0
925.9,0.6,152.05,773.85,3,1
864.97,0.6,128.95,736.03,3,0
739.24,0.4,103.73,635.51,2,1
995.81,0.6,252.22,743.59,3,0
542.74,0.0,78.0,464.74,0,1
567.64,0.0,110.46,457.18,0,1
1013.12,0.4,400.3,612.82,2,1
1097.57,0.8,261.03,836.54,4,0
1254.1,1.2,261.92,992.18,6,0
527.8,0.0,70.62,457.18,0,1
904.17,0.4,238.41,665.77,2,1
1200.98,0.6,434.7,766.28,3,0
977.06,0.8,155.65,821.41,4,1
906.28,0.6,200.51,705.77,3,0
745.39,0.2,180.14,565.26,1,0
689.01,0.2,123.76,565.26,1,0
1167.89,0.8,323.78,844.1,4,1
635.59,0.2,85.46,550.13,1,1
1136.3,1.0,259.76,876.54,5,1
866.1,0.4,223.03,643.08,2,0
939.5,0.6,226.16,713.33,3,1
810.21,0.6,119.57,690.64,3,0
613.08,0.2,85.65,527.44,1,1
440.5,0.0,28.7,411.79,0,1
713.19,0.2,185.76,527.44,1,1
712.96,0.2,155.27,557.69,1,0
692.47,0.2,187.73,504.74,1,1
743.92,0.2,216.49,527.44,1,0
866.64,0.4,223.57,643.08,2,1
740.43,0.4,97.35,643.08,2,0
1169.27,0.8,332.73,836.54,4,1
938.57,0.4,310.62,627.95,2,0
1060.82,0.6,294.54,766.28,3,0
1287.17,0.8,586.78,700.38,4,1
624.3,0.0,136.86,487.44,0,1
905.83,0.4,255.19,650.64,2,0
565.55,0.0,100.81,464.74,0,0
1342.59,1.2,426.05,916.54,6,1
931.51,0.8,87.41,844.1,4,0
1374.94,1.2,443.27,931.67,6,1
679.85,0.2,122.16,557.69,1,1
931.75,0.2,434.57,497.18,1,1
636.03,0.2,101.03,535.0,1,1
834.25,0.8,80.92,753.33,4,1
1169.17,0.8,347.76,821.41,4,0
534.49,0.0,100.0,434.49,0,0
855.13,0.6,164.49,690.64,3,1
942.84,0.6,214.38,728.46,3,1
559.28,0.0,94.54,464.74,0,1
576.74,0.0,157.38,419.36,0,0
979.69,0.4,313.92,665.77,2,0
1139.29,0.8,348.14,791.15,4,0
1090.74,0.8,231.51,859.23,4,0
1547.15,1.2,547.41,999.74,6,0
1325.17,1.0,418.38,906.79,5,0
681.09,0.2,108.27,572.82,1,0
826.67,0.4,183.59,643.08,2,1
1169.16,1.2,199.68,969.49,6,0
875.28,0.4,209.51,665.77,2,0
536.58,0.0,71.84,464.74,0,1
688.83,0.2,146.27,542.56,1,1
697.67,0.2,139.97,557.69,1,0
1202.87,0.6,534.92,667.95,3,1
933.84,0.6,197.81,736.03,3,0
747.81,0.4,104.73,643.08,2,1
643.31,0.2,85.62,557.69,1,1
844.9,0.6,139.14,705.77,3,0
702.23,0.2,136.97,565.26,1,0
582.5,0.0,117.76,464.74,0,1
1225.06,1.0,303.14,921.92,5,1
1084.47,0.8,285.76,798.72,4,0
