"Total_Cost","Ratio_Reloc_Prod","Horiz_Cost","Vert_Cost","nReloc","non_Optimal"
226298.3,0.4373,36142.74,190155.64,656,300
727.72,0.4,69.51,658.21,2,1
580.9,0.0,93.46,487.44,0,1
796.29,0.4,145.65,650.64,2,1
695.3,0.2,160.3,535.0,1,1
757.12,0.4,91.35,665.77,2,1
550.79,0.0,70.92,479.87,0,1
1010.95,1.0,157.11,853.85,5,1
505.29,0.0,48.11,457.18,0,1
768.79,0.4,148.41,620.38,2,1
504.96,0.0,40.22,464.74,0,1
908.73,0.6,172.7,736.03,3,1
651.88,0.2,101.76,550.13,1,1
768.33,0.4,140.38,627.95,2,1
627.39,0.2,62.14,565.26,1,1
596.68,0.2,69.24,527.44,1,1
1038.37,1.0,154.27,884.1,5,1
787.69,0.6,81.92,705.77,3,1
1162.16,1.2,192.68,969.49,6,1
643.6,0.2,116.16,527.44,1,1
624.59,0.2,82.03,542.56,1,1
546.74,0.0,82.0,464.74,0,1
825.0,0.4,181.92,643.08,2,1
543.16,0.0,108.68,434.49,0,1
743.63,0.4,123.24,620.38,2,1
841.85,0.6,143.65,698.21,3,1
570.96,0.0,106.22,464.74,0,1
845.58,0.6,147.38,698.21,3,1
832.76,0.6,96.73,736.03,3,1
547.15,0.0,82.41,464.74,0,1
1017.04,1.0,163.19,853.85,5,1
533.8,0.0,76.62,457.18,0,1
781.51,0.6,98.43,683.08,3,1
749.34,0.4,91.14,658.21,2,1
712.38,0.4,137.38,575.0,2,1
629.48,0.2,79.35,550.13,1,1
699.29,0.4,109.16,590.13,2,1
647.86,0.2,112.86,535.0,1,1
758.3,0.4,122.78,635.51,2,1
705.13,0.4,69.62,635.51,2,1
622.86,0.2,72.73,550.13,1,1
664.24,0.2,121.68,542.56,1,1
490.97,0.0,48.92,442.05,0,1
567.0,0.2,32.0,535.0,1,1
628.69,0.2,116.38,512.31,1,1
929.3,1.0,120.84,808.46,5,1
466.33,0.0,39.41,426.92,0,1
791.45,0.6,93.24,698.21,3,1
676.51,0.2,126.38,550.13,1,1
1080.48,1.0,196.38,884.1,5,1
710.1,0.2,152.41,557.69,1,1
655.74,0.2,151.0,504.74,1,1
573.93,0.2,61.62,512.31,1,1
878.2,0.6,172.43,705.77,3,1
842.25,0.6,113.78,728.46,3,1
554.89,0.0,105.27,449.62,0,1
787.62,0.6,104.54,683.08,3,1
782.03,0.4,154.08,627.95,2,1
822.25,0.4,209.43,612.82,2,1
606.08,0.2,63.51,542.56,1,1
875.7,0.6,139.68,736.03,3,1
482.19,0.0,47.7,434.49,0,1
1180.77,1.2,241.54,939.23,6,1
615.17,0.2,87.73,527.44,1,1
896.32,0.6,160.3,736.03,3,1
742.76,0.4,107.24,635.51,2,1
808.33,0.6,140.38,667.95,3,1
961.28,0.8,155.0,806.28,4,1
618.29,0.2,75.73,542.56,1,1
717.99,0.4,127.86,590.13,2,1
803.34,0.4,152.7,650.64,2,1
661.51,0.2,118.95,542.56,1,1
664.88,0.4,112.57,552.31,2,1
506.0,0.0,63.95,442.05,0,1
1003.28,1.0,141.86,861.41,5,1
809.83,0.4,159.19,650.64,2,1
809.36,0.4,196.54,612.82,2,1
921.25,0.8,152.78,768.46,4,1
1031.08,1.0,146.97,884.1,5,1
878.25,0.6,157.35,720.9,3,1
574.15,0.0,101.84,472.31,0,1
807.32,0.6,124.24,683.08,3,1
525.84,0.0,91.35,434.49,0,1
774.0,0.6,106.05,667.95,3,1
693.51,0.2,143.38,550.13,1,1
614.61,0.2,109.86,504.74,1,1
1100.7,1.0,231.73,868.97,5,1
914.97,0.6,171.38,743.59,3,1
853.78,0.6,117.76,736.03,3,1
848.81,0.6,120.35,728.46,3,1
653.48,0.2,103.35,550.13,1,1
875.09,0.6,154.19,720.9,3,1
858.06,0.6,137.16,720.9,3,1
859.15,0.6,168.51,690.64,3,1
774.59,0.4,139.08,635.51,2,1
614.36,0.2,102.05,512.31,1,1
825.0,0.6,96.54,728.46,3,1
737.05,0.4,101.54,635.51,2,1
825.76,0.6,104.86,720.9,3,1
513.22,0.0,78.73,434.49,0,1
817.79,0.6,104.46,713.33,3,1
1133.34,1.2,194.11,939.23,6,1
1037.73,0.8,216.32,821.41,4,1
873.63,0.6,152.73,720.9,3,1
736.65,0.4,101.14,635.51,2,1
731.63,0.4,111.24,620.38,2,1
644.14,0.2,109.14,535.0,1,1
790.98,0.6,130.59,660.38,3,1
962.12,1.0,115.84,846.28,5,1
830.37,0.6,147.3,683.08,3,1
638.02,0.0,180.84,457.18,0,1
857.39,0.6,159.19,698.21,3,1
827.63,0.6,106.73,720.9,3,1
510.52,0.0,38.22,472.31,0,1
903.42,0.8,97.14,806.28,4,1
833.21,0.6,142.57,690.64,3,1
655.51,0.2,105.38,550.13,1,1
953.32,0.6,209.73,743.59,3,1
651.46,0.2,116.46,535.0,1,1
852.33,0.6,131.43,720.9,3,1
836.6,0.6,176.22,660.38,3,1
687.82,0.2,122.57,565.26,1,1
679.2,0.2,113.95,565.26,1,1
767.65,0.6,92.14,675.51,3,1
840.04,0.6,134.27,705.77,3,1
461.73,0.0,34.81,426.92,0,1
814.3,0.6,138.78,675.51,3,1
701.2,0.4,95.95,605.26,2,1
623.35,0.2,88.35,535.0,1,1
1061.12,1.0,214.84,846.28,5,1
529.55,0.0,64.81,464.74,0,1
501.02,0.0,51.41,449.62,0,1
907.17,0.8,146.27,760.9,4,1
630.34,0.2,80.22,550.13,1,1
673.75,0.2,116.05,557.69,1,1
619.62,0.2,84.62,535.0,1,1
776.77,0.6,63.43,713.33,3,1
751.53,0.4,161.41,590.13,2,1
788.16,0.4,145.08,643.08,2,1
536.66,0.0,71.92,464.74,0,1
1164.02,1.2,186.97,977.05,6,1
885.92,0.8,117.46,768.46,4,1
751.78,0.4,116.27,635.51,2,1
1058.68,1.0,189.7,868.97,5,1
482.05,0.0,40.0,442.05,0,1
544.47,0.0,79.73,464.74,0,1
1000.9,0.8,194.62,806.28,4,1
743.54,0.4,100.46,643.08,2,1
1162.15,1.2,215.35,946.79,6,1
614.05,0.2,63.92,550.13,1,1
636.4,0.2,93.84,542.56,1,1
897.98,0.6,177.08,720.9,3,1
746.75,0.2,196.62,550.13,1,1
560.52,0.0,80.65,479.87,0,1
818.46,0.6,135.38,683.08,3,1
950.63,0.8,144.35,806.28,4,1
664.64,0.2,106.95,557.69,1,1
581.68,0.2,61.81,519.87,1,1
554.74,0.0,82.43,472.31,0,1
642.07,0.4,36.81,605.26,2,1
646.08,0.4,78.65,567.44,2,1
684.01,0.4,78.76,605.26,2,1
700.98,0.4,73.03,627.95,2,1
1309.99,1.6,230.24,1079.74,8,1
615.35,0.2,80.35,535.0,1,1
620.24,0.2,85.24,535.0,1,1
1041.9,1.0,180.49,861.41,5,1
911.51,0.8,135.49,776.03,4,1
714.38,0.4,86.43,627.95,2,1
981.07,0.8,189.92,791.15,4,1
572.72,0.0,107.97,464.74,0,1
781.66,0.4,123.46,658.21,2,1
1101.51,1.0,232.54,868.97,5,1
663.49,0.2,128.49,535.0,1,1
1304.62,1.4,287.57,1017.05,7,1
821.06,0.4,208.24,612.82,2,1
750.26,0.4,145.0,605.26,2,1
716.98,0.4,89.03,627.95,2,1
548.42,0.0,91.24,457.18,0,1
691.49,0.2,156.49,535.0,1,1
446.2,0.0,34.41,411.79,0,1
898.09,1.0,104.76,793.33,5,1
804.73,0.6,136.78,667.95,3,1
765.18,0.4,114.54,650.64,2,1
973.17,0.8,166.89,806.28,4,1
683.37,0.2,125.68,557.69,1,1
816.03,0.4,180.51,635.51,2,1
559.85,0.2,55.11,504.74,1,1
779.26,0.6,88.62,690.64,3,1
499.3,0.0,64.81,434.49,0,1
619.85,0.2,107.54,512.31,1,1
807.97,0.6,132.46,675.51,3,1
956.92,0.8,196.03,760.9,4,1
941.98,0.8,173.51,768.46,4,1
723.17,0.4,110.35,612.82,2,1
959.25,0.8,205.92,753.33,4,1
751.94,0.4,108.86,643.08,2,1
1078.87,1.0,225.03,853.85,5,1
647.8,0.2,82.54,565.26,1,1
629.37,0.4,46.81,582.56,2,1
1059.69,1.0,160.46,899.23,5,1
569.5,0.0,104.76,464.74,0,1
949.05,0.6,213.03,736.03,3,1
686.55,0.4,73.73,612.82,2,1
666.28,0.4,61.03,605.26,2,1
617.43,0.2,82.43,535.0,1,1
854.02,0.6,110.43,743.59,3,1
535.29,0.0,78.11,457.18,0,1
463.03,0.0,36.11,426.92,0,1
921.22,0.6,200.32,720.9,3,1
735.65,0.4,100.14,635.51,2,1
565.5,0.2,68.32,497.18,1,1
942.92,0.8,113.95,828.97,4,1
1049.02,1.0,172.49,876.54,5,1
651.74,0.2,131.86,519.87,1,1
475.03,0.0,48.11,426.92,0,1
716.63,0.4,96.24,620.38,2,1
917.83,0.8,126.68,791.15,4,1
495.56,0.0,53.51,442.05,0,1
692.61,0.2,142.49,550.13,1,1
502.41,0.0,83.05,419.36,0,1
779.53,0.6,81.32,698.21,3,1
731.15,0.4,125.89,605.26,2,1
654.14,0.4,79.14,575.0,2,1
739.47,0.4,119.08,620.38,2,1
506.51,0.0,72.03,434.49,0,1
550.24,0.2,60.62,489.62,1,1
724.89,0.4,96.95,627.95,2,1
681.11,0.2,146.11,535.0,1,1
1006.25,1.0,152.41,853.85,5,1
1039.77,1.0,193.49,846.28,5,1
561.96,0.0,89.65,472.31,0,1
750.07,0.2,184.81,565.26,1,1
730.53,0.4,125.27,605.26,2,1
582.28,0.0,117.54,464.74,0,1
737.06,0.4,116.68,620.38,2,1
881.58,0.6,175.81,705.77,3,1
863.36,0.8,102.46,760.9,4,1
1170.75,1.2,246.65,924.1,6,1
758.67,0.4,123.16,635.51,2,1
495.49,0.0,61.0,434.49,0,1
735.49,0.4,107.54,627.95,2,1
807.48,0.4,164.41,643.08,2,1
901.26,0.8,155.49,745.77,4,1
575.42,0.0,118.24,457.18,0,1
1230.08,1.6,180.59,1049.49,8,1
1075.59,1.0,183.92,891.67,5,1
703.77,0.4,90.95,612.82,2,1
491.36,0.0,64.43,426.92,0,1
990.24,0.8,214.22,776.03,4,1
645.26,0.2,95.14,550.13,1,1
502.32,0.0,52.7,449.62,0,1
730.49,0.4,102.54,627.95,2,1
918.56,0.8,134.97,783.59,4,1
788.59,0.6,97.95,690.64,3,1
658.23,0.4,45.41,612.82,2,1
966.16,0.8,182.57,783.59,4,1
589.9,0.2,70.03,519.87,1,1
813.72,0.6,107.95,705.77,3,1
606.71,0.2,86.84,519.87,1,1
821.18,0.6,122.97,698.21,3,1
858.31,0.6,144.97,713.33,3,1
608.88,0.0,151.7,457.18,0,1
949.64,0.8,158.49,791.15,4,1
714.69,0.4,101.86,612.82,2,1
834.87,0.6,166.92,667.95,3,1
453.31,0.0,41.51,411.79,0,1
877.56,0.6,186.92,690.64,3,1
534.38,0.0,107.46,426.92,0,1
748.93,0.6,88.54,660.38,3,1
646.74,0.2,142.0,504.74,1,1
777.88,0.6,87.24,690.64,3,1
883.82,0.8,130.49,753.33,4,1
755.8,0.4,105.16,650.64,2,1
1078.65,1.0,202.11,876.54,5,1
783.07,0.6,92.43,690.64,3,1
719.5,0.2,161.81,557.69,1,1
884.28,0.6,163.38,720.9,3,1
859.67,0.6,123.65,736.03,3,1
747.55,0.4,127.16,620.38,2,1
1084.14,1.0,169.78,914.36,5,1
779.79,0.4,159.41,620.38,2,1
707.41,0.4,87.03,620.38,2,1
780.71,0.6,112.76,667.95,3,1
464.14,0.0,37.22,426.92,0,1
590.76,0.2,63.32,527.44,1,1
999.58,0.8,193.3,806.28,4,1
707.2,0.4,86.81,620.38,2,1
539.01,0.0,59.14,479.87,0,1
697.78,0.4,107.65,590.13,2,1
788.91,0.6,151.22,637.69,3,1
796.13,0.4,145.49,650.64,2,1
727.22,0.4,106.84,620.38,2,1
634.56,0.2,84.43,550.13,1,1
622.03,0.2,102.16,519.87,1,1
717.82,0.4,112.57,605.26,2,1
619.54,0.2,84.54,535.0,1,1
572.23,0.2,59.92,512.31,1,1
833.93,0.6,128.16,705.77,3,1
665.48,0.4,82.92,582.56,2,1
678.16,0.4,103.16,575.0,2,1
