"Total_Cost","Ratio_Reloc_Prod","Horiz_Cost","Vert_Cost","nReloc","non_Optimal"
250026.16,0.442,58266.74,191759.36,663,300
875.82,0.4,210.05,665.77,2,1
756.45,0.4,98.24,658.21,2,1
933.61,0.6,174.89,758.72,3,1
576.67,0.0,74.11,502.56,0,1
1142.23,0.6,383.51,758.72,3,1
567.29,0.0,117.68,449.62,0,1
630.47,0.2,65.22,565.26,1,1
734.6,0.4,121.78,612.82,2,1
648.62,0.2,106.05,542.56,1,1
589.42,0.2,77.11,512.31,1,1
511.55,0.0,46.81,464.74,0,1
929.83,0.8,146.24,783.59,4,1
520.55,0.0,55.81,464.74,0,1
531.4,0.0,74.22,457.18,0,1
936.43,0.6,192.84,743.59,3,1
849.45,0.6,105.86,743.59,3,1
583.54,0.2,56.11,527.44,1,1
703.67,0.2,161.11,542.56,1,1
600.68,0.2,80.81,519.87,1,1
799.89,0.4,164.38,635.51,2,1
797.54,0.4,154.46,643.08,2,1
747.62,0.4,104.54,643.08,2,1
765.8,0.4,168.11,597.69,2,1
765.8,0.4,115.16,650.64,2,1
908.59,0.6,225.51,683.08,3,1
1009.17,0.6,288.27,720.9,3,1
742.67,0.2,200.11,542.56,1,1
695.23,0.2,137.54,557.69,1,1
961.73,0.4,318.65,643.08,2,1
987.24,0.6,243.65,743.59,3,1
1323.13,1.4,298.51,1024.62,7,1
804.3,0.4,183.92,620.38,2,1
492.76,0.0,73.41,419.36,0,1
438.5,0.0,26.7,411.79,0,1
942.5,0.8,189.16,753.33,4,1
705.64,0.2,155.51,550.13,1,1
487.36,0.0,68.0,419.36,0,1
825.73,0.4,197.78,627.95,2,1
1012.83,0.8,221.68,791.15,4,1
906.38,0.6,185.49,720.9,3,1
632.67,0.2,90.11,542.56,1,1
1213.41,0.6,492.51,720.9,3,1
536.07,0.0,71.32,464.74,0,1
720.75,0.2,163.05,557.69,1,1
1355.5,1.2,408.7,946.79,6,1
789.69,0.4,176.86,612.82,2,1
956.12,0.4,290.35,665.77,2,1
860.32,0.4,224.81,635.51,2,1
589.92,0.2,54.92,535.0,1,1
1110.57,0.8,274.03,836.54,4,1
842.64,0.4,192.0,650.64,2,1
722.09,0.2,149.27,572.82,1,1
557.81,0.0,115.76,442.05,0,1
636.09,0.2,131.35,504.74,1,1
1287.08,1.0,402.97,884.1,5,1
560.56,0.0,110.95,449.62,0,1
741.58,0.4,143.89,597.69,2,1
1289.06,1.4,234.19,1054.87,7,1
1157.73,0.8,381.7,776.03,4,1
704.18,0.2,154.05,550.13,1,1
910.02,0.6,219.38,690.64,3,1
642.2,0.4,82.32,559.87,2,1
762.83,0.4,172.7,590.13,2,1
995.52,0.6,274.62,720.9,3,1
965.45,0.6,274.81,690.64,3,1
891.62,0.6,163.16,728.46,3,1
792.94,0.2,235.24,557.69,1,1
861.03,0.6,132.57,728.46,3,1
498.3,0.0,63.81,434.49,0,1
657.76,0.4,90.32,567.44,2,1
955.06,0.6,241.73,713.33,3,1
898.78,0.6,162.76,736.03,3,1
563.31,0.0,98.57,464.74,0,1
1244.17,1.0,397.89,846.28,5,1
704.51,0.2,154.38,550.13,1,1
699.58,0.2,187.27,512.31,1,1
581.54,0.2,54.11,527.44,1,1
700.07,0.2,142.38,557.69,1,1
703.54,0.2,160.97,542.56,1,1
1087.13,0.6,343.54,743.59,3,1
1052.58,0.6,346.81,705.77,3,1
886.33,0.6,157.86,728.46,3,1
851.04,0.4,238.22,612.82,2,1
737.21,0.2,187.08,550.13,1,1
607.14,0.2,72.14,535.0,1,1
980.69,0.6,229.54,751.15,3,1
1224.9,1.0,302.97,921.92,5,1
728.72,0.2,163.46,565.26,1,1
1105.52,0.6,377.05,728.46,3,1
706.21,0.4,116.08,590.13,2,1
674.96,0.2,117.27,557.69,1,1
474.76,0.0,47.84,426.92,0,1
585.96,0.2,81.22,504.74,1,1
802.88,0.6,157.62,645.26,3,1
816.78,0.4,181.27,635.51,2,1
756.0,0.4,128.05,627.95,2,1
796.32,0.4,145.68,650.64,2,1
1244.66,1.0,345.43,899.23,5,1
786.61,0.4,135.97,650.64,2,1
555.35,0.0,105.73,449.62,0,1
645.75,0.2,148.57,497.18,1,1
529.51,0.0,95.03,434.49,0,1
602.69,0.2,105.51,497.18,1,1
885.94,0.4,288.24,597.69,2,1
651.1,0.4,53.41,597.69,2,1
592.74,0.2,88.0,504.74,1,1
476.0,0.0,41.51,434.49,0,1
554.99,0.0,97.81,457.18,0,1
748.04,0.4,142.78,605.26,2,1
447.42,0.0,35.62,411.79,0,1
757.64,0.2,199.95,557.69,1,1
1039.67,0.8,263.65,776.03,4,1
546.8,0.0,82.05,464.74,0,1
946.57,0.6,278.62,667.95,3,1
692.42,0.4,94.73,597.69,2,1
1012.54,0.4,384.59,627.95,2,1
534.49,0.0,100.0,434.49,0,1
829.09,0.4,208.7,620.38,2,1
818.06,0.4,205.24,612.82,2,1
511.46,0.0,84.54,426.92,0,1
919.43,0.6,243.92,675.51,3,1
896.5,0.4,291.24,605.26,2,1
1330.08,1.0,461.11,868.97,5,1
1126.22,0.8,357.76,768.46,4,1
763.3,0.4,188.3,575.0,2,1
785.2,0.2,272.89,512.31,1,1
746.48,0.4,148.78,597.69,2,1
1170.06,0.8,348.65,821.41,4,1
1065.99,0.8,274.84,791.15,4,1
922.7,0.6,179.11,743.59,3,1
910.64,0.6,167.05,743.59,3,1
1169.17,0.8,347.76,821.41,4,1
1015.22,0.6,286.76,728.46,3,1
914.65,0.4,286.7,627.95,2,1
885.08,0.6,202.0,683.08,3,1
813.48,0.4,223.35,590.13,2,1
956.02,0.8,164.86,791.15,4,1
573.35,0.0,131.3,442.05,0,1
828.35,0.4,200.41,627.95,2,1
735.2,0.2,215.32,519.87,1,1
465.31,0.0,53.51,411.79,0,1
840.87,0.8,87.54,753.33,4,1
863.08,0.4,235.14,627.95,2,1
472.52,0.0,60.73,411.79,0,1
1639.55,1.4,592.24,1047.31,7,1
517.79,0.0,90.86,426.92,0,1
601.0,0.0,166.51,434.49,0,1
684.12,0.4,86.43,597.69,2,1
818.03,0.6,150.08,667.95,3,1
815.08,0.4,187.14,627.95,2,1
1184.91,0.8,393.76,791.15,4,1
1131.45,0.8,347.86,783.59,4,1
917.65,0.6,189.19,728.46,3,1
525.03,0.0,90.54,434.49,0,1
807.82,0.4,202.57,605.26,2,1
984.69,0.6,278.92,705.77,3,1
754.42,0.4,149.16,605.26,2,1
672.71,0.2,145.27,527.44,1,1
877.55,0.8,131.78,745.77,4,1
1408.3,1.0,539.32,868.97,5,1
651.26,0.2,154.08,497.18,1,1
599.45,0.2,102.27,497.18,1,1
540.11,0.0,98.05,442.05,0,1
1233.08,1.0,356.54,876.54,5,1
788.39,0.4,183.14,605.26,2,1
1163.51,1.0,332.35,831.15,5,1
1138.77,1.0,247.11,891.67,5,1
535.72,0.0,78.54,457.18,0,1
1062.68,0.6,341.78,720.9,3,1
1018.26,0.4,420.57,597.69,2,1
1179.81,0.6,436.22,743.59,3,1
687.76,0.4,112.76,575.0,2,1
743.84,0.2,216.41,527.44,1,1
574.54,0.0,140.05,434.49,0,1
633.69,0.4,36.0,597.69,2,1
1137.2,1.0,237.97,899.23,5,1
745.62,0.4,102.54,643.08,2,1
824.85,0.4,212.03,612.82,2,1
571.8,0.0,107.05,464.74,0,1
1271.06,1.0,349.14,921.92,5,1
927.99,0.6,222.22,705.77,3,1
554.86,0.0,105.24,449.62,0,1
1021.87,0.8,268.54,753.33,4,1
852.11,0.6,176.59,675.51,3,1
1777.37,1.4,699.81,1077.56,7,1
1106.35,0.6,362.76,743.59,3,1
511.02,0.0,61.41,449.62,0,1
776.67,0.4,178.97,597.69,2,1
834.53,0.6,128.76,705.77,3,1
1076.59,1.0,184.92,891.67,5,1
1451.88,1.4,366.76,1085.13,7,1
977.35,0.4,334.27,643.08,2,1
1699.41,1.8,556.97,1142.44,9,1
494.05,0.0,52.0,442.05,0,1
903.18,0.6,204.97,698.21,3,1
1211.81,0.8,428.22,783.59,4,1
1375.45,1.2,390.84,984.62,6,1
1019.78,0.6,268.62,751.15,3,1
888.73,0.6,160.27,728.46,3,1
679.85,0.2,122.16,557.69,1,1
616.1,0.0,158.92,457.18,0,1
560.85,0.2,56.11,504.74,1,1
625.39,0.2,120.65,504.74,1,1
965.9,0.6,260.14,705.77,3,1
830.55,0.4,210.16,620.38,2,1
1000.35,1.2,83.81,916.54,6,1
694.94,0.4,97.24,597.69,2,1
749.86,0.2,199.73,550.13,1,1
603.31,0.2,91.0,512.31,1,1
783.34,0.4,178.08,605.26,2,1
1521.52,1.2,514.22,1007.31,6,1
559.99,0.0,95.24,464.74,0,1
930.57,0.6,209.68,720.9,3,1
1096.01,0.8,289.73,806.28,4,1
878.96,0.4,281.27,597.69,2,1
1059.72,0.6,353.95,705.77,3,1
619.22,0.2,84.22,535.0,1,1
647.11,0.2,119.68,527.44,1,1
1096.66,1.0,189.86,906.79,5,1
641.26,0.2,76.0,565.26,1,1
619.97,0.2,77.41,542.56,1,1
439.2,0.0,27.41,411.79,0,1
933.71,0.4,305.76,627.95,2,1
543.21,0.0,86.03,457.18,0,1
710.99,0.2,160.86,550.13,1,1
664.99,0.2,114.86,550.13,1,1
799.96,0.2,234.7,565.26,1,1
765.83,0.4,122.76,643.08,2,1
1195.65,0.8,359.11,836.54,4,1
727.97,0.2,185.41,542.56,1,1
561.5,0.0,104.32,457.18,0,1
642.54,0.2,99.97,542.56,1,1
914.89,0.6,178.86,736.03,3,1
614.66,0.2,102.35,512.31,1,1
584.85,0.2,72.54,512.31,1,1
906.71,0.6,193.38,713.33,3,1
785.9,0.4,173.08,612.82,2,1
446.5,0.0,34.7,411.79,0,1
1051.88,0.8,260.73,791.15,4,1
1908.7,1.4,838.7,1070.0,7,1
685.85,0.2,113.03,572.82,1,1
487.2,0.0,67.84,419.36,0,1
610.36,0.2,98.05,512.31,1,1
666.32,0.2,123.76,542.56,1,1
1082.94,0.8,246.41,836.54,4,1
1034.47,0.6,313.57,720.9,3,1
516.54,0.0,82.05,434.49,0,1
908.63,0.6,195.3,713.33,3,1
784.73,0.4,156.78,627.95,2,1
595.4,0.2,105.78,489.62,1,1
824.98,0.2,297.54,527.44,1,1
628.2,0.2,123.46,504.74,1,1
1237.2,1.0,383.35,853.85,5,1
653.32,0.2,110.76,542.56,1,1
1317.22,0.8,503.38,813.85,4,1
559.69,0.0,94.95,464.74,0,1
1123.79,1.0,269.95,853.85,5,1
1045.25,0.8,231.41,813.85,4,1
819.02,0.6,135.95,683.08,3,1
1006.02,0.8,207.3,798.72,4,1
907.11,0.6,186.22,720.9,3,1
886.49,0.4,250.97,635.51,2,1
772.39,0.2,207.14,565.26,1,1
1144.63,0.8,323.22,821.41,4,1
887.79,0.4,274.97,612.82,2,1
850.07,0.4,191.86,658.21,2,1
763.6,0.6,95.65,667.95,3,1
501.52,0.0,82.16,419.36,0,1
991.15,1.0,160.0,831.15,5,1
856.2,0.6,150.43,705.77,3,1
880.67,0.4,230.03,650.64,2,1
751.64,0.2,254.46,497.18,1,1
452.61,0.0,40.81,411.79,0,1
856.06,0.4,228.11,627.95,2,1
599.44,0.2,72.0,527.44,1,1
1057.0,0.6,328.54,728.46,3,1
863.1,0.4,204.89,658.21,2,1
862.73,0.4,219.65,643.08,2,1
910.86,0.6,167.27,743.59,3,1
654.24,0.2,119.24,535.0,1,1
595.32,0.2,60.32,535.0,1,1
887.74,0.6,166.84,720.9,3,1
622.9,0.2,95.46,527.44,1,1
542.66,0.2,37.92,504.74,1,1
672.49,0.4,52.11,620.38,2,1
1098.83,0.8,315.24,783.59,4,1
1018.26,0.6,327.62,690.64,3,1
1321.49,1.2,359.57,961.92,6,1
1242.41,1.2,280.49,961.92,6,1
771.19,0.4,143.24,627.95,2,1
729.59,0.4,139.46,590.13,2,1
844.02,0.4,185.81,658.21,2,1
707.05,0.2,164.49,542.56,1,1
782.11,0.2,254.68,527.44,1,1
1203.57,1.2,234.08,969.49,6,1
783.36,0.4,110.03,673.33,2,1
1021.12,0.8,207.27,813.85,4,1
677.18,0.2,127.05,550.13,1,1
1351.58,1.0,444.78,906.79,5,1
744.96,0.2,179.7,565.26,1,1
