"Total_Cost","Ratio_Reloc_Prod","Horiz_Cost","Vert_Cost","nReloc","non_Optimal"
240621.43,0.4193,50449.05,190172.44,629,148
846.21,0.6,102.62,743.59,3,0
1036.91,0.8,177.68,859.23,4,1
1047.72,0.8,249.0,798.72,4,0
836.26,0.4,185.62,650.64,2,0
660.13,0.2,117.57,542.56,1,0
902.37,0.6,158.78,743.59,3,1
834.23,0.4,176.03,658.21,2,1
637.69,0.2,80.0,557.69,1,0
809.65,0.6,88.76,720.9,3,0
893.14,0.6,164.68,728.46,3,0
1168.94,1.2,176.76,992.18,6,1
825.15,0.6,119.38,705.77,3,1
793.05,0.6,109.97,683.08,3,1
971.03,0.8,195.0,776.03,4,0
675.72,0.2,110.46,565.26,1,1
664.49,0.2,129.49,535.0,1,1
606.2,0.2,101.46,504.74,1,1
847.34,0.4,196.7,650.64,2,0
786.68,0.4,166.3,620.38,2,0
675.11,0.2,94.73,580.38,1,0
1230.49,1.2,268.57,961.92,6,0
1013.6,0.8,192.19,821.41,4,1
838.04,0.6,132.27,705.77,3,1
907.98,0.8,94.14,813.85,4,1
722.4,0.4,79.32,643.08,2,1
509.5,0.0,52.32,457.18,0,0
959.76,0.8,138.35,821.41,4,1
772.22,0.4,144.27,627.95,2,1
579.24,0.0,137.19,442.05,0,1
948.37,0.6,204.78,743.59,3,0
881.24,0.6,137.65,743.59,3,1
659.62,0.2,117.05,542.56,1,1
761.89,0.4,133.95,627.95,2,0
653.0,0.2,125.57,527.44,1,1
736.29,0.2,178.59,557.69,1,0
1191.58,1.0,292.35,899.23,5,0
530.5,0.0,73.32,457.18,0,1
1073.17,0.6,352.27,720.9,3,1
969.71,0.6,203.43,766.28,3,0
597.88,0.2,93.14,504.74,1,1
1062.46,1.0,185.92,876.54,5,1
849.52,0.4,236.7,612.82,2,1
653.64,0.2,95.95,557.69,1,1
475.63,0.0,63.84,411.79,0,0
833.28,0.6,119.95,713.33,3,1
681.48,0.2,131.35,550.13,1,1
870.81,0.4,227.73,643.08,2,0
599.39,0.0,127.08,472.31,0,0
849.98,0.2,330.11,519.87,1,1
558.31,0.0,93.57,464.74,0,0
776.14,0.4,163.32,612.82,2,1
843.48,0.4,185.27,658.21,2,1
1045.07,0.8,246.35,798.72,4,0
715.4,0.2,165.27,550.13,1,0
686.45,0.2,128.76,557.69,1,1
522.03,0.0,102.68,419.36,0,1
864.57,0.6,143.68,720.9,3,0
961.94,0.6,225.92,736.03,3,1
626.4,0.2,144.35,482.05,1,1
780.55,0.4,160.16,620.38,2,0
681.64,0.4,83.95,597.69,2,0
595.02,0.0,137.84,457.18,0,0
1084.39,1.0,238.11,846.28,5,0
553.62,0.0,119.14,434.49,0,0
759.23,0.4,153.97,605.26,2,1
841.4,0.6,150.76,690.64,3,1
560.91,0.0,96.16,464.74,0,1
698.21,0.2,148.08,550.13,1,1
712.99,0.2,155.3,557.69,1,1
580.86,0.0,138.81,442.05,0,0
915.4,0.8,139.38,776.03,4,1
880.16,0.4,244.65,635.51,2,0
559.73,0.2,85.24,474.49,1,1
442.01,0.0,30.22,411.79,0,1
819.2,0.6,158.81,660.38,3,0
651.97,0.4,69.41,582.56,2,0
545.24,0.0,110.76,434.49,0,1
787.25,0.6,126.86,660.38,3,0
1450.41,0.6,835.41,615.0,3,1
1001.31,0.8,195.03,806.28,4,0
660.58,0.2,95.32,565.26,1,0
753.43,0.2,203.3,550.13,1,1
919.0,0.6,175.41,743.59,3,1
1123.18,1.0,239.08,884.1,5,0
1014.24,0.6,270.65,743.59,3,0
881.16,0.4,253.22,627.95,2,1
929.74,0.6,216.41,713.33,3,0
744.99,0.2,179.73,565.26,1,0
1030.01,0.2,525.27,504.74,1,1
1091.88,1.0,245.59,846.28,5,0
583.39,0.0,111.08,472.31,0,1
653.8,0.2,88.54,565.26,1,1
916.99,0.4,251.22,665.77,2,0
705.48,0.2,147.78,557.69,1,0
681.72,0.2,116.46,565.26,1,1
844.74,0.4,178.97,665.77,2,0
840.85,0.4,175.08,665.77,2,0
941.7,0.4,306.19,635.51,2,0
577.5,0.0,112.76,464.74,0,0
692.01,0.2,126.76,565.26,1,0
686.42,0.2,121.16,565.26,1,0
1360.12,1.0,460.89,899.23,5,0
919.82,0.6,206.49,713.33,3,1
833.94,0.6,150.86,683.08,3,1
966.43,0.6,230.41,736.03,3,0
882.24,0.6,138.65,743.59,3,1
562.64,0.0,105.46,457.18,0,0
794.23,0.4,181.41,612.82,2,0
689.85,0.2,132.16,557.69,1,1
866.78,0.4,216.14,650.64,2,1
692.15,0.2,134.46,557.69,1,1
787.3,0.4,151.78,635.51,2,0
796.01,0.4,183.19,612.82,2,0
676.34,0.2,111.08,565.26,1,0
708.61,0.2,143.35,565.26,1,0
1005.27,0.8,229.24,776.03,4,0
798.01,0.4,132.24,665.77,2,1
918.77,0.6,213.0,705.77,3,0
887.36,0.6,166.46,720.9,3,0
518.6,0.0,99.24,419.36,0,0
638.57,0.2,103.57,535.0,1,1
929.55,0.4,316.73,612.82,2,1
1002.78,0.8,219.19,783.59,4,0
523.24,0.0,88.76,434.49,0,0
492.92,0.0,58.43,434.49,0,1
975.39,0.4,317.19,658.21,2,0
618.9,0.2,99.03,519.87,1,1
785.37,0.4,195.24,590.13,2,1
744.18,0.2,178.92,565.26,1,0
750.92,0.4,168.35,582.56,2,1
768.4,0.4,117.76,650.64,2,0
728.18,0.2,178.05,550.13,1,0
567.58,0.2,70.41,497.18,1,1
734.34,0.2,184.22,550.13,1,0
536.9,0.0,117.54,419.36,0,0
711.69,0.2,154.0,557.69,1,0
594.12,0.0,129.38,464.74,0,0
987.18,0.8,203.59,783.59,4,0
629.75,0.2,79.62,550.13,1,0
859.94,0.6,176.86,683.08,3,1
831.67,0.4,188.59,643.08,2,0
531.41,0.0,96.92,434.49,0,1
881.45,1.0,103.24,778.21,5,1
991.64,0.6,240.49,751.15,3,0
1151.36,0.8,329.95,821.41,4,0
1147.38,1.2,185.46,961.92,6,1
754.67,0.4,119.16,635.51,2,0
914.53,0.6,223.89,690.64,3,1
879.85,0.8,141.65,738.21,4,1
452.06,0.0,32.7,419.36,0,0
804.07,0.4,145.86,658.21,2,0
833.27,0.2,351.22,482.05,1,1
574.26,0.0,109.51,464.74,0,0
1002.57,0.6,334.62,667.95,3,1
771.47,0.2,206.22,565.26,1,1
963.25,0.8,149.41,813.85,4,1
683.45,0.2,125.76,557.69,1,0
749.53,0.2,184.27,565.26,1,1
761.67,0.4,179.11,582.56,2,1
654.1,0.2,111.54,542.56,1,1
964.3,1.0,163.41,800.9,5,1
769.62,0.4,126.54,643.08,2,0
973.3,0.8,204.84,768.46,4,1
771.67,0.6,81.03,690.64,3,0
981.84,0.4,346.32,635.51,2,0
1150.07,0.8,290.84,859.23,4,0
923.15,0.6,172.0,751.15,3,0
580.04,0.0,122.86,457.18,0,0
642.28,0.2,77.03,565.26,1,1
679.2,0.2,113.95,565.26,1,1
817.46,0.4,174.38,643.08,2,0
718.35,0.2,190.92,527.44,1,1
925.37,0.6,181.78,743.59,3,0
876.44,0.4,203.11,673.33,2,0
866.23,0.6,160.46,705.77,3,0
667.84,0.2,132.84,535.0,1,1
782.94,0.2,225.24,557.69,1,1
704.51,0.4,61.43,643.08,2,1
856.57,0.4,228.62,627.95,2,0
892.64,0.6,202.0,690.64,3,1
662.88,0.2,112.76,550.13,1,1
1001.37,0.8,210.22,791.15,4,1
977.52,0.8,216.62,760.9,4,0
745.66,0.2,180.41,565.26,1,0
713.74,0.2,148.49,565.26,1,0
584.13,0.0,142.08,442.05,0,0
548.1,0.2,50.92,497.18,1,1
1061.72,0.6,310.57,751.15,3,0
812.27,0.4,176.76,635.51,2,0
1229.03,1.2,267.11,961.92,6,1
654.77,0.2,142.46,512.31,1,1
882.52,0.6,154.05,728.46,3,1
527.18,0.0,62.43,464.74,0,0
979.78,0.6,243.76,736.03,3,0
1100.51,0.6,349.35,751.15,3,0
1211.57,1.0,335.03,876.54,5,1
1159.1,0.8,307.43,851.67,4,0
937.79,0.8,169.32,768.46,4,1
568.39,0.0,103.65,464.74,0,1
871.25,0.6,150.35,720.9,3,1
1167.69,0.8,376.54,791.15,4,0
737.31,0.2,164.49,572.82,1,1
946.44,0.8,140.16,806.28,4,0
1044.75,0.6,293.59,751.15,3,0
649.62,0.2,107.05,542.56,1,1
920.37,0.6,237.3,683.08,3,1
575.0,0.2,40.0,535.0,1,0
959.15,0.8,160.43,798.72,4,1
652.23,0.2,147.49,504.74,1,1
572.65,0.0,130.59,442.05,0,1
881.6,0.4,261.22,620.38,2,0
988.99,1.0,150.27,838.72,5,0
651.46,0.2,116.46,535.0,1,0
549.66,0.2,44.92,504.74,1,1
815.61,0.6,124.97,690.64,3,1
640.57,0.2,113.14,527.44,1,1
1071.89,1.2,147.78,924.1,6,0
525.45,0.0,75.84,449.62,0,1
878.75,0.8,140.54,738.21,4,1
725.44,0.4,112.62,612.82,2,1
1009.89,0.6,326.81,683.08,3,1
672.26,0.2,114.57,557.69,1,0
939.2,0.4,326.38,612.82,2,1
793.04,0.4,180.22,612.82,2,0
742.41,0.4,122.03,620.38,2,1
903.49,0.4,267.97,635.51,2,0
830.09,0.4,209.7,620.38,2,0
803.2,0.4,190.38,612.82,2,1
805.74,0.4,139.97,665.77,2,0
1111.62,1.4,155.08,956.54,7,1
641.31,0.2,129.0,512.31,1,1
915.02,0.8,176.81,738.21,4,0
636.99,0.2,71.73,565.26,1,0
437.2,0.0,25.41,411.79,0,1
1015.94,0.6,264.78,751.15,3,1
660.56,0.2,102.86,557.69,1,1
920.95,0.8,160.05,760.9,4,1
523.08,0.0,81.03,442.05,0,0
500.41,0.0,81.05,419.36,0,0
883.74,0.4,270.92,612.82,2,0
813.93,0.4,148.16,665.77,2,1
833.72,0.6,127.95,705.77,3,0
858.93,0.4,193.16,665.77,2,0
1036.65,1.2,127.68,908.97,6,1
780.17,0.6,127.35,652.82,3,0
1028.98,0.8,215.14,813.85,4,0
897.75,0.6,154.16,743.59,3,0
682.61,0.2,117.35,565.26,1,1
603.85,0.0,139.11,464.74,0,0
654.28,0.2,89.03,565.26,1,1
1089.61,0.8,298.46,791.15,4,0
534.96,0.0,70.22,464.74,0,1
548.91,0.0,84.16,464.74,0,0
807.02,0.6,123.95,683.08,3,1
955.93,0.8,210.16,745.77,4,0
904.72,0.8,121.14,783.59,4,0
1044.25,0.4,416.3,627.95,2,1
1163.08,0.6,427.05,736.03,3,0
622.51,0.2,79.95,542.56,1,1
1019.86,1.0,188.7,831.15,5,1
615.13,0.0,165.51,449.62,0,0
562.95,0.0,128.46,434.49,0,1
757.23,0.4,99.03,658.21,2,1
1004.09,0.6,237.81,766.28,3,0
541.72,0.0,84.54,457.18,0,0
564.56,0.0,107.38,457.18,0,0
851.7,0.6,161.05,690.64,3,1
644.88,0.2,79.62,565.26,1,1
983.25,0.6,269.92,713.33,3,1
570.91,0.0,106.16,464.74,0,1
613.92,0.2,78.92,535.0,1,0
640.73,0.2,105.73,535.0,1,1
1258.1,1.0,358.86,899.23,5,0
999.78,0.8,216.19,783.59,4,0
789.85,0.4,131.65,658.21,2,0
1044.77,1.0,198.49,846.28,5,1
1280.14,1.2,265.27,1014.87,6,1
988.93,0.8,182.65,806.28,4,1
745.83,0.2,188.14,557.69,1,0
701.25,0.2,181.38,519.87,1,0
712.99,0.2,155.3,557.69,1,1
607.21,0.0,150.03,457.18,0,0
569.97,0.0,120.35,449.62,0,0
810.19,0.4,182.24,627.95,2,1
814.09,0.6,108.32,705.77,3,0
749.09,0.4,83.32,665.77,2,0
768.07,0.2,202.81,565.26,1,0
931.38,0.6,202.92,728.46,3,1
755.16,0.2,205.03,550.13,1,1
691.69,0.4,94.0,597.69,2,1
728.44,0.4,108.05,620.38,2,0
561.13,0.0,103.95,457.18,0,0
443.2,0.0,31.41,411.79,0,1
737.48,0.2,194.92,542.56,1,0
1120.12,1.0,213.32,906.79,5,0
900.88,0.4,250.24,650.64,2,0
533.02,0.0,75.84,457.18,0,1
846.05,0.6,162.97,683.08,3,1
510.1,0.0,52.92,457.18,0,1
1033.04,1.0,179.19,853.85,5,1
