"Total_Cost","Ratio_Reloc_Prod","Horiz_Cost","Vert_Cost","nReloc","non_Optimal"
228798.37,0.488,33598.23,195200.12,732,250
779.89,0.1667,91.43,688.46,1,1
997.5,0.6667,105.84,891.67,4,1
899.0,0.3333,155.41,743.59,2,1
955.99,0.5,104.32,851.67,3,1
899.73,0.5,78.32,821.41,3,1
1334.77,1.1667,202.08,1132.69,7,1
618.86,0.0,68.73,550.13,0,1
790.47,0.3333,84.7,705.77,2,1
772.99,0.1667,122.35,650.64,1,1
1224.76,1.0,154.76,1070.0,6,1
931.34,0.5,140.19,791.15,3,1
949.5,0.3333,183.22,766.28,2,1
881.12,0.3333,167.78,713.33,2,1
574.87,0.0,55.0,519.87,0,1
723.63,0.1667,103.24,620.38,1,1
1103.61,0.8333,164.38,939.23,5,1
1290.65,1.0,220.65,1070.0,6,1
681.2,0.1667,60.81,620.38,1,1
1292.08,1.0,229.65,1062.44,6,1
995.42,0.6667,156.7,838.72,4,1
544.42,0.0,32.11,512.31,0,1
720.0,0.1667,76.92,643.08,1,1
914.04,0.5,160.7,753.33,3,1
732.35,0.1667,96.84,635.51,1,1
793.15,0.3333,94.95,698.21,2,1
597.11,0.0,62.11,535.0,0,1
657.88,0.0,107.76,550.13,0,1
982.98,0.6667,129.14,853.85,4,1
557.66,0.0,52.92,504.74,0,1
950.36,0.5,144.08,806.28,3,1
1089.23,0.6667,182.43,906.79,4,1
971.92,0.5,142.95,828.97,3,1
883.03,0.3333,147.0,736.03,2,1
744.55,0.1667,71.22,673.33,1,1
855.78,0.3333,119.76,736.03,2,1
969.89,0.6667,100.92,868.97,4,1
551.85,0.0,47.11,504.74,0,1
1117.44,1.0,115.51,1001.92,6,1
1204.17,1.0,156.86,1047.31,6,1
862.66,0.3333,103.95,758.72,2,1
574.87,0.0,55.0,519.87,0,1
1198.06,0.6667,283.7,914.36,4,1
965.39,0.5,166.68,798.72,3,1
1178.58,0.8333,171.27,1007.31,5,1
717.46,0.1667,81.95,635.51,1,1
985.22,0.6667,116.24,868.97,4,1
839.46,0.3333,103.43,736.03,2,1
997.31,0.6667,158.59,838.72,4,1
546.98,0.0,27.11,519.87,0,1
838.31,0.3333,140.11,698.21,2,1
821.09,0.3333,107.76,713.33,2,1
766.91,0.1667,116.27,650.64,1,1
721.25,0.1667,100.86,620.38,1,1
1259.92,1.0,197.49,1062.44,6,1
856.03,0.3333,127.57,728.46,2,1
715.68,0.1667,87.73,627.95,1,1
1384.48,1.1667,266.92,1117.56,7,1
983.27,0.6667,159.68,823.59,4,1
655.05,0.1667,64.92,590.13,1,1
1147.71,1.0,145.78,1001.92,6,1
831.2,0.3333,117.86,713.33,2,1
1386.48,1.3333,228.92,1157.56,8,1
753.84,0.1667,133.46,620.38,1,1
1155.26,1.0,183.59,971.67,6,1
564.93,0.0,52.62,512.31,0,1
812.66,0.3333,114.46,698.21,2,1
792.29,0.5,69.22,723.08,3,1
887.46,0.5,111.43,776.03,3,1
874.33,0.5,105.86,768.46,3,1
1134.13,0.8333,210.03,924.1,5,1
980.34,0.6667,134.05,846.28,4,1
695.82,0.1667,75.43,620.38,1,1
759.08,0.3333,91.14,667.95,2,1
881.46,0.5,105.43,776.03,3,1
618.41,0.0,98.54,519.87,0,1
565.85,0.0,61.11,504.74,0,1
897.32,0.5,106.16,791.15,3,1
775.44,0.3333,62.11,713.33,2,1
1047.26,0.8333,123.16,924.1,5,1
837.8,0.5,92.03,745.77,3,1
1432.24,1.1667,307.11,1125.13,7,1
986.06,0.5,172.22,813.85,3,1
612.22,0.0,77.22,535.0,0,1
1042.18,0.6667,158.08,884.1,4,1
1035.67,0.6667,151.57,884.1,4,1
746.41,0.3333,86.03,660.38,2,1
681.14,0.0,153.7,527.44,0,1
787.99,0.3333,82.22,705.77,2,1
874.14,0.5,113.24,760.9,3,1
593.11,0.0,58.11,535.0,0,1
635.3,0.0,107.86,527.44,0,1
773.18,0.3333,82.54,690.64,2,1
1064.82,0.8333,170.97,893.85,5,1
708.88,0.0,151.19,557.69,0,1
1257.99,1.1667,185.81,1072.18,7,1
1202.12,1.0,162.38,1039.74,6,1
1074.01,0.6667,174.78,899.23,4,1
995.92,0.5,174.51,821.41,3,1
607.97,0.0,65.41,542.56,0,1
1311.78,1.3333,146.65,1165.13,8,1
998.7,0.6667,175.11,823.59,4,1
1137.27,0.8333,175.35,961.92,5,1
943.04,0.5,136.76,806.28,3,1
816.77,0.3333,118.57,698.21,2,1
753.22,0.1667,125.27,627.95,1,1
971.91,0.3333,273.7,698.21,2,1
1218.07,1.0,185.89,1032.18,6,1
867.0,0.5,98.54,768.46,3,1
1103.09,0.8333,156.3,946.79,5,1
623.74,0.0,103.86,519.87,0,1
1126.09,0.6667,211.73,914.36,4,1
1799.91,1.6667,441.32,1358.59,10,1
894.38,0.5,118.35,776.03,3,1
1268.94,1.1667,151.38,1117.56,7,1
834.29,0.3333,136.08,698.21,2,1
1170.99,0.8333,178.81,992.18,5,1
549.01,0.0,36.7,512.31,0,1
1004.08,0.6667,127.54,876.54,4,1
724.46,0.1667,96.51,627.95,1,1
1054.19,0.6667,185.22,868.97,4,1
792.17,0.3333,131.78,660.38,2,1
1131.41,0.6667,201.92,929.49,4,1
1049.99,0.6667,165.89,884.1,4,1
1132.68,0.8333,170.76,961.92,5,1
1066.96,0.8333,127.73,939.23,5,1
978.33,0.5,164.49,813.85,3,1
937.87,0.3333,269.92,667.95,2,1
1125.48,0.8333,193.81,931.67,5,1
882.97,0.5,106.95,776.03,3,1
775.81,0.3333,92.73,683.08,2,1
1180.1,1.0,155.49,1024.62,6,1
1431.15,1.5,210.89,1220.26,9,1
1066.0,0.6667,144.08,921.92,4,1
1156.58,0.8333,202.22,954.36,5,1
932.17,0.5,110.76,821.41,3,1
1201.1,1.0,176.49,1024.62,6,1
631.97,0.0,81.84,550.13,0,1
753.52,0.1667,125.57,627.95,1,1
709.48,0.1667,119.35,590.13,1,1
1270.24,1.0,253.19,1017.05,6,1
1024.51,0.6667,147.97,876.54,4,1
765.78,0.1667,130.27,635.51,1,1
1122.39,0.8333,175.59,946.79,5,1
841.6,0.3333,113.14,728.46,2,1
1048.26,0.6667,156.59,891.67,4,1
853.84,0.5,77.81,776.03,3,1
925.01,0.5,118.73,806.28,3,1
650.42,0.0,92.73,557.69,0,1
818.02,0.3333,127.38,690.64,2,1
819.2,0.3333,158.81,660.38,2,1
762.21,0.1667,111.57,650.64,1,1
846.24,0.3333,155.59,690.64,2,1
1196.16,1.0,179.11,1017.05,6,1
903.86,0.5,120.27,783.59,3,1
847.7,0.3333,119.24,728.46,2,1
994.19,0.6667,117.65,876.54,4,1
909.38,0.5,148.49,760.9,3,1
776.48,0.3333,85.84,690.64,2,1
1054.22,0.6667,192.81,861.41,4,1
890.05,0.3333,146.46,743.59,2,1
1226.48,1.0,209.43,1017.05,6,1
642.15,0.0,137.41,504.74,0,1
770.56,0.1667,180.43,590.13,1,1
702.82,0.1667,82.43,620.38,1,1
612.84,0.1667,45.41,567.44,1,1
702.41,0.1667,82.03,620.38,1,1
971.76,0.5,195.73,776.03,3,1
694.91,0.1667,89.65,605.26,1,1
846.06,0.3333,125.16,720.9,2,1
1269.46,1.1667,212.41,1057.05,7,1
860.34,0.3333,101.62,758.72,2,1
599.49,0.0,79.62,519.87,0,1
839.99,0.3333,141.78,698.21,2,1
711.28,0.1667,98.46,612.82,1,1
1009.85,0.5,211.14,798.72,3,1
902.15,0.3333,143.43,758.72,2,1
727.57,0.1667,99.62,627.95,1,1
1441.67,1.5,191.16,1250.51,9,1
787.64,0.3333,89.43,698.21,2,1
971.71,0.6667,117.86,853.85,4,1
806.45,0.5,75.81,730.64,3,1
1119.56,0.8333,180.32,939.23,5,1
917.05,0.5,133.46,783.59,3,1
961.1,0.5,162.38,798.72,3,1
1009.48,0.6667,132.95,876.54,4,1
1258.73,1.0,181.16,1077.56,6,1
1135.94,0.8333,143.76,992.18,5,1
672.12,0.0,106.86,565.26,0,1
771.92,0.3333,96.41,675.51,2,1
835.29,0.3333,137.08,698.21,2,1
702.32,0.0,167.32,535.0,0,1
1039.51,0.6667,155.41,884.1,4,1
972.26,0.6667,133.54,838.72,4,1
829.41,0.3333,100.95,728.46,2,1
693.57,0.1667,65.62,627.95,1,1
864.86,0.5,88.84,776.03,3,1
1154.35,0.8333,177.3,977.05,5,1
827.33,0.3333,106.43,720.9,2,1
960.44,0.6667,99.03,861.41,4,1
632.62,0.0,90.05,542.56,0,1
1155.92,0.8333,194.0,961.92,5,1
866.65,0.5,90.62,776.03,3,1
864.12,0.3333,150.78,713.33,2,1
833.98,0.3333,120.65,713.33,2,1
593.76,0.0,66.32,527.44,0,1
984.36,0.6667,138.08,846.28,4,1
789.51,0.3333,98.86,690.64,2,1
911.18,0.5,112.46,798.72,3,1
1389.9,1.3333,202.08,1187.82,8,1
775.72,0.1667,109.95,665.77,1,1
765.8,0.1667,100.03,665.77,1,1
836.47,0.3333,115.57,720.9,2,1
742.18,0.1667,91.54,650.64,1,1
714.63,0.1667,94.24,620.38,1,1
1174.67,0.8333,182.49,992.18,5,1
799.34,0.1667,133.57,665.77,1,1
941.08,0.5,172.62,768.46,3,1
797.83,0.1667,147.19,650.64,1,1
939.24,0.6667,115.65,823.59,4,1
975.55,0.5,161.7,813.85,3,1
1132.99,0.8333,201.32,931.67,5,1
1090.21,0.8333,166.11,924.1,5,1
832.06,0.5,78.73,753.33,3,1
851.97,0.3333,115.95,736.03,2,1
798.16,0.1667,155.08,643.08,1,1
942.1,0.5,143.38,798.72,3,1
913.9,0.5,153.0,760.9,3,1
761.29,0.3333,78.22,683.08,2,1
1240.06,1.0,185.19,1054.87,6,1
1019.73,0.6667,143.19,876.54,4,1
949.83,0.6667,65.73,884.1,4,1
1046.51,0.6667,215.35,831.15,4,1
1077.27,0.8333,168.3,908.97,5,1
838.09,0.5,92.32,745.77,3,1
885.32,0.5,101.73,783.59,3,1
850.33,0.5,89.43,760.9,3,1
745.19,0.1667,117.24,627.95,1,1
927.42,0.5,136.27,791.15,3,1
1028.45,0.6667,204.86,823.59,4,1
642.29,0.0,92.16,550.13,0,1
999.24,0.5,170.27,828.97,3,1
782.39,0.3333,76.62,705.77,2,1
1000.85,0.5,187.0,813.85,3,1
1250.82,1.1667,171.08,1079.74,7,1
838.22,0.3333,109.76,728.46,2,1
835.92,0.5,75.03,760.9,3,1
893.04,0.3333,179.7,713.33,2,1
821.12,0.1667,147.78,673.33,1,1
1017.73,0.6667,148.76,868.97,4,1
1138.51,0.8333,214.41,924.1,5,1
