"Total_Cost","Ratio_Reloc_Prod","Horiz_Cost","Vert_Cost","nReloc","non_Optimal"
223535.34,0.382,35633.27,187902.1,573,94
733.44,0.4,113.05,620.38,2,0
680.75,0.2,123.05,557.69,1,0
843.52,0.6,115.05,728.46,3,1
855.99,0.4,190.22,665.77,2,0
945.66,1.0,106.95,838.72,5,0
952.85,0.8,146.57,806.28,4,0
676.96,0.4,71.7,605.26,2,0
1160.42,1.2,160.68,999.74,6,0
942.56,0.8,143.84,798.72,4,1
702.59,0.4,112.46,590.13,2,0
843.31,0.8,97.54,745.77,4,1
623.91,0.2,66.22,557.69,1,0
1097.24,1.0,213.14,884.1,5,0
629.59,0.4,47.03,582.56,2,1
501.66,0.0,36.92,464.74,0,0
959.31,0.8,145.46,813.85,4,1
927.9,0.6,222.14,705.77,3,0
647.91,0.2,82.65,565.26,1,1
779.16,0.6,103.65,675.51,3,1
676.68,0.2,88.73,587.95,1,0
496.41,0.0,61.92,434.49,0,1
786.38,0.4,166.0,620.38,2,0
633.5,0.2,75.81,557.69,1,0
593.6,0.2,73.73,519.87,1,0
842.05,0.4,206.54,635.51,2,0
843.49,0.6,107.46,736.03,3,0
770.66,0.4,112.46,658.21,2,0
1195.56,1.4,163.38,1032.18,7,1
977.96,0.8,171.68,806.28,4,0
874.57,0.6,153.68,720.9,3,0
757.08,0.6,74.0,683.08,3,1
641.23,0.2,68.41,572.82,1,0
743.14,0.4,122.76,620.38,2,0
1096.4,1.0,212.3,884.1,5,0
653.59,0.2,103.46,550.13,1,1
884.7,0.6,148.68,736.03,3,0
508.35,0.0,58.73,449.62,0,1
746.75,0.4,96.11,650.64,2,1
788.18,0.4,137.54,650.64,2,0
703.19,0.2,168.19,535.0,1,0
882.16,0.8,106.14,776.03,4,0
686.83,0.4,89.14,597.69,2,0
1238.0,0.8,514.92,723.08,4,1
836.19,0.6,107.73,728.46,3,0
774.26,0.6,83.62,690.64,3,1
892.99,0.8,101.84,791.15,4,0
1053.25,1.0,199.41,853.85,5,0
910.23,0.2,397.92,512.31,1,1
621.26,0.2,56.0,565.26,1,0
736.66,0.2,171.41,565.26,1,0
869.04,0.8,123.27,745.77,4,0
529.72,0.0,72.54,457.18,0,0
703.41,0.4,83.03,620.38,2,1
526.1,0.0,68.92,457.18,0,1
896.73,0.6,168.27,728.46,3,0
727.09,0.4,114.27,612.82,2,0
572.25,0.2,44.81,527.44,1,1
732.48,0.4,81.84,650.64,2,0
873.36,0.6,160.03,713.33,3,0
905.61,0.8,114.46,791.15,4,0
667.04,0.4,54.22,612.82,2,1
966.48,1.0,89.95,876.54,5,0
1341.12,1.8,160.86,1180.26,9,0
736.49,0.2,156.11,580.38,1,0
651.74,0.2,78.92,572.82,1,0
824.72,0.4,166.51,658.21,2,0
745.39,0.4,132.57,612.82,2,1
875.0,0.4,239.49,635.51,2,0
721.99,0.2,156.73,565.26,1,1
610.4,0.0,153.22,457.18,0,0
658.07,0.2,107.95,550.13,1,1
582.03,0.0,102.16,479.87,0,1
821.81,0.4,186.3,635.51,2,0
776.62,0.4,148.68,627.95,2,1
1078.24,1.2,154.14,924.1,6,0
963.19,0.8,141.78,821.41,4,1
928.88,0.6,177.73,751.15,3,0
645.71,0.2,65.32,580.38,1,0
758.95,0.4,85.62,673.33,2,0
1038.24,1.0,161.7,876.54,5,0
661.23,0.2,103.54,557.69,1,0
811.06,0.2,230.68,580.38,1,0
914.34,0.6,163.19,751.15,3,0
758.29,0.4,107.65,650.64,2,0
695.51,0.2,145.38,550.13,1,0
817.47,0.6,104.14,713.33,3,0
805.03,0.4,116.57,688.46,2,0
762.54,0.4,119.46,643.08,2,1
805.8,0.6,115.16,690.64,3,0
764.56,0.4,106.35,658.21,2,0
749.2,0.4,83.43,665.77,2,0
587.91,0.0,138.3,449.62,0,1
658.63,0.2,85.81,572.82,1,1
856.08,0.6,120.05,736.03,3,0
722.31,0.2,164.62,557.69,1,1
640.38,0.2,60.0,580.38,1,0
583.53,0.0,118.78,464.74,0,1
949.63,0.8,128.22,821.41,4,0
567.09,0.2,47.22,519.87,1,1
765.38,0.4,129.86,635.51,2,0
582.77,0.0,110.46,472.31,0,1
487.62,0.0,38.0,449.62,0,0
719.31,0.2,146.49,572.82,1,1
567.98,0.0,80.54,487.44,0,1
733.44,0.4,60.11,673.33,2,0
629.26,0.2,64.0,565.26,1,0
566.06,0.0,78.62,487.44,0,0
654.23,0.2,96.54,557.69,1,0
701.77,0.4,88.95,612.82,2,0
694.01,0.4,73.62,620.38,2,0
739.91,0.4,96.84,643.08,2,0
639.61,0.2,81.92,557.69,1,0
752.17,0.4,131.78,620.38,2,0
745.9,0.4,80.14,665.77,2,0
773.99,0.4,123.35,650.64,2,0
636.39,0.2,71.14,565.26,1,1
827.02,0.6,83.43,743.59,3,0
512.55,0.0,47.81,464.74,0,0
752.54,0.4,109.46,643.08,2,0
775.04,0.4,109.27,665.77,2,0
794.73,0.6,126.78,667.95,3,0
666.15,0.2,108.46,557.69,1,1
800.75,0.6,102.54,698.21,3,1
466.05,0.0,24.0,442.05,0,0
918.21,0.6,227.57,690.64,3,1
656.85,0.0,184.54,472.31,0,1
550.91,0.0,86.16,464.74,0,1
714.45,0.2,164.32,550.13,1,0
815.5,0.4,142.16,673.33,2,0
621.95,0.2,86.95,535.0,1,0
619.96,0.2,54.7,565.26,1,0
557.43,0.0,115.38,442.05,0,1
897.69,0.8,91.41,806.28,4,0
834.79,0.8,66.32,768.46,4,0
577.23,0.0,112.49,464.74,0,1
520.69,0.0,63.51,457.18,0,0
727.47,0.2,162.22,565.26,1,0
1007.78,1.0,131.24,876.54,5,1
948.12,0.8,134.27,813.85,4,0
630.53,0.2,72.84,557.69,1,0
627.56,0.2,77.43,550.13,1,0
465.03,0.0,38.11,426.92,0,1
634.31,0.2,76.62,557.69,1,0
740.59,0.6,57.51,683.08,3,1
617.18,0.2,51.92,565.26,1,0
549.07,0.0,84.32,464.74,0,0
750.19,0.6,82.24,667.95,3,0
979.02,0.8,180.3,798.72,4,0
695.49,0.4,75.11,620.38,2,1
700.71,0.2,127.89,572.82,1,0
654.8,0.4,57.11,597.69,2,0
636.92,0.2,94.35,542.56,1,0
470.33,0.0,43.41,426.92,0,0
782.81,0.4,147.3,635.51,2,1
828.69,0.4,162.92,665.77,2,1
666.65,0.2,124.08,542.56,1,0
563.94,0.0,121.89,442.05,0,0
821.87,0.6,108.54,713.33,3,0
759.87,0.4,86.54,673.33,2,1
654.45,0.2,96.76,557.69,1,0
543.93,0.0,71.62,472.31,0,0
621.74,0.0,157.0,464.74,0,1
674.91,0.2,109.65,565.26,1,1
682.6,0.2,102.22,580.38,1,0
743.61,0.2,185.92,557.69,1,0
793.4,0.6,102.76,690.64,3,1
887.13,0.6,204.05,683.08,3,1
685.01,0.2,119.76,565.26,1,1
993.08,0.8,217.05,776.03,4,0
1137.25,1.2,182.89,954.36,6,0
861.2,0.4,195.43,665.77,2,0
1012.67,0.8,161.0,851.67,4,0
1076.38,1.2,167.41,908.97,6,1
632.47,0.0,152.59,479.87,0,0
672.61,0.2,122.49,550.13,1,0
1119.63,1.2,157.7,961.92,6,0
804.01,0.4,130.68,673.33,2,0
772.09,0.4,98.76,673.33,2,0
512.07,0.0,47.32,464.74,0,0
741.91,0.4,98.84,643.08,2,0
1210.2,0.6,557.38,652.82,3,1
860.75,0.6,117.16,743.59,3,0
766.82,0.4,101.05,665.77,2,0
553.2,0.0,88.46,464.74,0,1
860.05,0.6,116.46,743.59,3,1
726.33,0.2,138.38,587.95,1,1
552.49,0.0,72.62,479.87,0,0
591.56,0.2,49.0,542.56,1,1
684.26,0.2,126.57,557.69,1,1
907.18,0.8,108.46,798.72,4,0
534.93,0.0,62.62,472.31,0,0
668.47,0.2,95.65,572.82,1,0
931.78,0.8,148.19,783.59,4,0
774.91,0.4,124.27,650.64,2,0
682.87,0.2,110.05,572.82,1,0
638.34,0.4,48.22,590.13,2,1
728.85,0.2,163.59,565.26,1,0
645.92,0.2,103.35,542.56,1,0
762.51,0.4,119.43,643.08,2,1
619.18,0.2,53.92,565.26,1,0
635.99,0.2,70.73,565.26,1,0
661.85,0.2,89.03,572.82,1,0
498.38,0.0,56.32,442.05,0,0
670.97,0.4,80.84,590.13,2,1
548.56,0.0,98.95,449.62,0,0
726.36,0.2,161.11,565.26,1,1
490.97,0.0,48.92,442.05,0,0
728.61,0.2,170.92,557.69,1,1
657.65,0.2,115.08,542.56,1,1
1028.45,0.8,244.86,783.59,4,1
801.82,0.6,149.0,652.82,3,0
749.2,0.2,168.81,580.38,1,0
715.55,0.2,150.3,565.26,1,0
675.58,0.2,102.76,572.82,1,0
646.58,0.0,181.84,464.74,0,0
808.0,0.6,132.49,675.51,3,1
593.97,0.2,51.41,542.56,1,1
639.28,0.2,74.03,565.26,1,1
665.02,0.2,122.46,542.56,1,1
682.39,0.2,109.57,572.82,1,1
650.04,0.2,92.35,557.69,1,0
969.18,0.8,178.03,791.15,4,0
648.04,0.0,175.73,472.31,0,0
573.6,0.2,53.73,519.87,1,1
697.99,0.2,140.3,557.69,1,1
591.79,0.0,104.35,487.44,0,1
769.13,0.4,126.05,643.08,2,0
480.86,0.0,38.81,442.05,0,0
1164.94,1.4,132.76,1032.18,7,0
488.05,0.0,46.0,442.05,0,0
774.52,0.2,194.14,580.38,1,0
604.77,0.2,39.51,565.26,1,0
859.53,0.6,100.81,758.72,3,0
766.7,0.6,83.62,683.08,3,0
597.07,0.0,139.89,457.18,0,0
662.86,0.4,72.73,590.13,2,1
739.38,0.4,111.43,627.95,2,0
789.53,0.4,123.76,665.77,2,1
714.12,0.2,141.3,572.82,1,0
825.21,0.4,182.14,643.08,2,0
942.26,0.8,135.97,806.28,4,0
849.08,0.6,113.05,736.03,3,0
736.69,0.4,123.86,612.82,2,1
522.85,0.0,58.11,464.74,0,0
726.22,0.6,50.7,675.51,3,1
640.23,0.2,82.54,557.69,1,0
590.78,0.2,48.22,542.56,1,1
701.98,0.2,129.16,572.82,1,0
666.2,0.2,100.95,565.26,1,0
896.99,0.8,105.84,791.15,4,0
446.76,0.0,27.41,419.36,0,0
1189.36,1.4,187.43,1001.92,7,0
734.56,0.2,184.43,550.13,1,0
760.91,0.4,163.22,597.69,2,0
1072.68,1.2,163.7,908.97,6,0
802.06,0.4,189.24,612.82,2,0
783.67,0.4,140.59,643.08,2,0
796.74,0.4,130.97,665.77,2,1
1121.97,1.2,152.49,969.49,6,0
895.94,0.6,144.78,751.15,3,0
1045.62,0.8,216.65,828.97,4,1
639.2,0.2,58.81,580.38,1,0
887.17,0.4,213.84,673.33,2,0
686.16,0.4,58.22,627.95,2,0
686.39,0.2,113.57,572.82,1,0
574.64,0.0,117.46,457.18,0,0
617.21,0.0,160.03,457.18,0,0
568.25,0.0,95.95,472.31,0,0
698.31,0.2,125.49,572.82,1,1
790.58,0.2,232.89,557.69,1,1
843.17,0.8,89.84,753.33,4,1
760.27,0.2,172.32,587.95,1,1
869.47,0.4,196.14,673.33,2,0
768.22,0.4,140.27,627.95,2,0
628.63,0.2,55.81,572.82,1,0
925.09,0.8,111.24,813.85,4,1
940.18,0.8,141.46,798.72,4,1
659.55,0.2,86.73,572.82,1,1
548.28,0.0,68.41,479.87,0,0
490.16,0.0,48.11,442.05,0,0
637.99,0.2,72.73,565.26,1,1
757.44,0.2,184.62,572.82,1,0
816.63,0.4,150.86,665.77,2,0
475.14,0.0,48.22,426.92,0,0
801.06,0.6,87.73,713.33,3,1
758.48,0.6,67.84,690.64,3,0
780.58,0.4,122.38,658.21,2,0
581.47,0.0,109.16,472.31,0,0
841.25,0.4,167.92,673.33,2,0
635.94,0.2,78.24,557.69,1,0
483.46,0.0,41.41,442.05,0,0
892.11,0.8,123.65,768.46,4,0
774.34,0.4,108.57,665.77,2,0
900.05,0.6,148.89,751.15,3,1
820.25,0.6,99.35,720.9,3,0
530.71,0.0,58.41,472.31,0,0
530.85,0.0,66.11,464.74,0,0
578.25,0.2,65.95,512.31,1,0
778.72,0.4,112.95,665.77,2,0
623.16,0.2,73.03,550.13,1,0
