"Total_Cost","Ratio_Reloc_Prod","Horiz_Cost","Vert_Cost","nReloc","non_Optimal"
230910.37,0.4313,41462.67,189447.77,647,101
799.18,0.4,140.97,658.21,2,0
1053.8,1.0,154.57,899.23,5,1
819.26,0.6,68.11,751.15,3,0
643.2,0.2,77.95,565.26,1,0
1064.34,1.0,172.68,891.67,5,1
866.45,0.6,175.81,690.64,3,0
604.75,0.2,54.62,550.13,1,0
848.92,0.8,88.03,760.9,4,1
843.5,0.6,145.3,698.21,3,1
767.67,0.6,77.03,690.64,3,0
612.36,0.2,47.11,565.26,1,0
578.7,0.0,144.22,434.49,0,0
901.42,0.6,150.27,751.15,3,1
1444.66,1.8,256.84,1187.82,9,1
839.86,0.6,103.84,736.03,3,1
893.78,0.6,210.7,683.08,3,1
1003.35,1.0,119.24,884.1,5,1
996.13,0.6,252.54,743.59,3,1
664.37,0.2,114.24,550.13,1,0
869.98,0.6,149.08,720.9,3,0
745.34,0.4,94.7,650.64,2,0
464.03,0.0,37.11,426.92,0,0
611.22,0.2,76.22,535.0,1,0
666.83,0.2,109.14,557.69,1,0
781.67,0.6,91.03,690.64,3,0
755.16,0.4,119.65,635.51,2,0
749.49,0.6,81.54,667.95,3,0
704.94,0.2,154.81,550.13,1,0
531.7,0.0,89.65,442.05,0,0
995.01,1.0,141.16,853.85,5,1
686.01,0.4,65.62,620.38,2,0
586.53,0.0,121.78,464.74,0,0
838.78,0.8,108.14,730.64,4,1
699.98,0.4,72.03,627.95,2,1
862.49,0.6,126.46,736.03,3,0
1070.98,1.0,149.05,921.92,5,0
684.69,0.2,111.86,572.82,1,0
599.06,0.2,71.62,527.44,1,0
664.13,0.2,121.57,542.56,1,0
577.7,0.2,42.7,535.0,1,0
635.07,0.2,69.81,565.26,1,0
743.93,0.2,171.11,572.82,1,1
898.35,0.6,169.89,728.46,3,0
826.46,0.6,158.51,667.95,3,1
512.08,0.0,70.03,442.05,0,0
744.41,0.4,116.46,627.95,2,0
809.89,0.4,166.81,643.08,2,1
968.09,0.8,146.68,821.41,4,1
824.78,0.6,73.62,751.15,3,0
787.23,0.4,174.41,612.82,2,1
676.48,0.2,118.78,557.69,1,0
793.72,0.4,135.51,658.21,2,0
824.5,0.6,111.16,713.33,3,0
835.0,0.4,207.05,627.95,2,1
751.91,0.4,108.84,643.08,2,1
615.7,0.2,80.7,535.0,1,0
1061.08,1.0,192.11,868.97,5,1
945.74,0.8,139.46,806.28,4,1
859.17,0.6,138.27,720.9,3,0
766.64,0.4,123.57,643.08,2,0
599.22,0.2,64.22,535.0,1,0
772.4,0.4,121.76,650.64,2,0
550.81,0.0,108.76,442.05,0,0
667.31,0.2,102.05,565.26,1,0
655.78,0.2,120.78,535.0,1,0
524.18,0.0,59.43,464.74,0,0
814.06,0.4,201.24,612.82,2,0
617.44,0.4,50.0,567.44,2,0
590.56,0.0,133.38,457.18,0,0
694.5,0.4,89.24,605.26,2,1
638.05,0.2,87.92,550.13,1,0
1466.73,1.0,658.27,808.46,5,1
784.91,0.6,101.84,683.08,3,0
455.36,0.0,36.0,419.36,0,0
692.2,0.2,172.32,519.87,1,0
1319.3,0.8,611.35,707.95,4,1
978.95,0.8,165.11,813.85,4,1
512.52,0.0,40.22,472.31,0,0
616.21,0.2,58.51,557.69,1,0
685.96,0.2,128.27,557.69,1,0
458.28,0.0,38.92,419.36,0,0
625.86,0.2,75.73,550.13,1,0
713.43,0.4,77.92,635.51,2,0
896.47,0.8,135.57,760.9,4,1
708.85,0.4,111.16,597.69,2,1
530.29,0.0,88.24,442.05,0,0
867.99,0.8,129.78,738.21,4,1
943.75,0.8,160.16,783.59,4,1
919.8,0.8,128.65,791.15,4,1
783.36,0.6,70.03,713.33,3,0
656.03,0.4,81.03,575.0,2,0
715.46,0.4,79.95,635.51,2,0
762.58,0.4,96.81,665.77,2,0
758.99,0.6,113.73,645.26,3,0
659.01,0.2,93.76,565.26,1,0
800.48,0.4,142.27,658.21,2,0
617.19,0.2,89.76,527.44,1,0
849.77,0.4,244.51,605.26,2,1
821.32,0.6,138.24,683.08,3,1
609.73,0.2,74.73,535.0,1,0
2023.79,1.4,1089.95,933.85,7,1
894.15,0.6,127.86,766.28,3,0
539.77,0.0,75.03,464.74,0,0
968.19,1.0,99.22,868.97,5,1
546.2,0.0,66.32,479.87,0,0
720.81,0.4,77.73,643.08,2,0
770.22,0.6,102.27,667.95,3,1
632.86,0.2,97.86,535.0,1,0
626.86,0.2,76.73,550.13,1,0
1108.14,1.2,153.78,954.36,6,1
701.2,0.2,128.38,572.82,1,0
608.4,0.2,65.84,542.56,1,0
541.28,0.0,76.54,464.74,0,0
633.27,0.2,98.27,535.0,1,0
622.0,0.2,79.43,542.56,1,0
528.66,0.0,63.92,464.74,0,0
534.11,0.0,92.05,442.05,0,0
695.52,0.4,128.08,567.44,2,1
532.7,0.0,90.65,442.05,0,0
918.07,0.8,119.35,798.72,4,1
868.24,0.8,92.22,776.03,4,1
934.39,0.6,236.19,698.21,3,1
857.36,0.6,151.59,705.77,3,0
499.62,0.0,50.0,449.62,0,0
788.54,0.4,160.59,627.95,2,1
808.78,0.4,165.7,643.08,2,0
518.29,0.0,61.11,457.18,0,0
827.7,0.6,99.24,728.46,3,1
919.6,1.0,126.27,793.33,5,1
1811.95,1.2,918.11,893.85,6,1
844.1,0.4,201.03,643.08,2,0
683.77,0.4,70.95,612.82,2,0
740.41,0.4,112.46,627.95,2,0
980.69,0.6,274.92,705.77,3,1
1052.27,0.8,276.24,776.03,4,1
640.07,0.2,74.81,565.26,1,0
857.83,0.8,59.11,798.72,4,1
762.85,0.4,104.65,658.21,2,0
820.98,0.6,107.65,713.33,3,0
1647.11,1.0,846.22,800.9,5,1
788.44,0.4,107.54,680.9,2,0
802.56,0.4,144.35,658.21,2,0
1467.54,1.0,659.08,808.46,5,1
570.22,0.0,75.22,495.0,0,0
906.26,0.8,107.54,798.72,4,1
1009.0,0.8,232.97,776.03,4,0
1082.22,1.0,167.86,914.36,5,1
873.76,0.6,152.86,720.9,3,0
532.58,0.0,67.84,464.74,0,0
790.95,0.4,163.0,627.95,2,1
586.15,0.0,128.97,457.18,0,0
1466.79,1.0,665.89,800.9,5,1
775.78,0.4,140.27,635.51,2,0
757.64,0.4,99.43,658.21,2,0
821.61,0.4,163.41,658.21,2,0
594.53,0.2,44.41,550.13,1,0
454.76,0.0,35.41,419.36,0,0
668.2,0.2,102.95,565.26,1,0
646.04,0.2,88.35,557.69,1,0
550.79,0.0,70.92,479.87,0,0
759.78,0.6,69.14,690.64,3,1
1020.19,1.2,103.65,916.54,6,1
730.74,0.4,110.35,620.38,2,0
909.68,0.8,148.78,760.9,4,1
539.77,0.0,75.03,464.74,0,0
634.37,0.4,51.81,582.56,2,0
664.87,0.2,92.05,572.82,1,0
765.15,0.4,106.95,658.21,2,0
899.52,0.8,131.05,768.46,4,1
497.13,0.0,47.51,449.62,0,0
704.27,0.2,161.7,542.56,1,0
1032.51,1.2,123.54,908.97,6,1
471.3,0.0,36.81,434.49,0,0
691.4,0.2,133.7,557.69,1,1
608.19,0.2,65.62,542.56,1,0
732.16,0.4,96.65,635.51,2,0
477.16,0.0,35.11,442.05,0,0
807.88,0.6,109.68,698.21,3,1
1018.81,1.0,142.27,876.54,5,1
893.64,0.8,110.05,783.59,4,1
708.94,0.4,126.38,582.56,2,1
625.57,0.2,98.14,527.44,1,0
579.28,0.2,59.41,519.87,1,0
863.84,0.8,102.95,760.9,4,1
596.62,0.2,61.62,535.0,1,0
964.31,0.8,218.54,745.77,4,0
496.02,0.0,46.41,449.62,0,0
490.05,0.0,48.0,442.05,0,0
561.68,0.2,41.81,519.87,1,0
451.58,0.0,32.22,419.36,0,0
1043.39,0.8,244.68,798.72,4,1
566.36,0.0,94.05,472.31,0,0
880.76,0.8,119.86,760.9,4,1
1070.99,1.2,199.84,871.15,6,1
720.46,0.4,92.51,627.95,2,0
718.8,0.2,161.11,557.69,1,0
1254.67,0.8,539.16,715.51,4,1
1008.39,1.0,169.68,838.72,5,0
658.36,0.2,85.54,572.82,1,0
585.66,0.0,113.35,472.31,0,0
541.99,0.0,77.24,464.74,0,0
946.89,0.8,178.43,768.46,4,1
845.22,0.6,116.76,728.46,3,0
547.01,0.0,74.7,472.31,0,0
874.38,0.6,153.49,720.9,3,0
504.67,0.0,62.62,442.05,0,0
612.7,0.2,70.14,542.56,1,0
761.01,0.4,148.19,612.82,2,1
838.44,0.6,117.54,720.9,3,0
697.46,0.4,69.51,627.95,2,0
584.74,0.0,104.86,479.87,0,0
737.55,0.6,84.73,652.82,3,1
931.7,0.8,155.68,776.03,4,1
708.72,0.4,103.46,605.26,2,0
996.54,0.8,220.51,776.03,4,0
1044.99,1.0,213.84,831.15,5,1
552.09,0.0,72.22,479.87,0,0
601.19,0.2,58.62,542.56,1,0
484.25,0.0,57.32,426.92,0,0
1966.34,1.2,1080.05,886.28,6,1
800.13,0.4,149.49,650.64,2,1
827.66,0.6,129.46,698.21,3,0
563.85,0.0,91.54,472.31,0,0
819.58,0.6,106.24,713.33,3,0
816.06,0.6,102.73,713.33,3,1
1417.27,0.8,701.76,715.51,4,1
537.63,0.0,65.32,472.31,0,0
955.02,1.0,123.86,831.15,5,1
689.21,0.2,139.08,550.13,1,1
620.94,0.2,70.81,550.13,1,0
593.97,0.2,51.41,542.56,1,0
737.62,0.4,94.54,643.08,2,0
591.23,0.0,126.49,464.74,0,0
898.9,0.6,193.14,705.77,3,1
606.46,0.2,79.03,527.44,1,0
461.14,0.0,34.22,426.92,0,0
586.79,0.2,66.92,519.87,1,0
502.76,0.0,75.84,426.92,0,0
886.39,0.8,133.05,753.33,4,0
748.33,0.6,87.95,660.38,3,0
650.23,0.2,77.41,572.82,1,0
789.01,0.6,83.24,705.77,3,0
909.87,0.6,196.54,713.33,3,0
798.49,0.4,223.49,575.0,2,0
610.04,0.0,145.3,464.74,0,0
681.69,0.4,76.43,605.26,2,0
808.79,0.6,95.46,713.33,3,1
1004.84,1.0,135.86,868.97,5,1
556.49,0.0,76.62,479.87,0,0
651.69,0.2,86.43,565.26,1,0
766.11,0.6,98.16,667.95,3,0
592.48,0.0,135.3,457.18,0,0
761.0,0.4,125.49,635.51,2,0
1007.23,0.4,462.49,544.74,2,1
911.2,0.8,157.86,753.33,4,0
929.3,0.8,100.32,828.97,4,1
629.45,0.2,79.32,550.13,1,0
657.91,0.2,92.65,565.26,1,0
677.0,0.4,109.57,567.44,2,0
520.8,0.0,63.62,457.18,0,0
707.22,0.2,126.84,580.38,1,0
1021.02,1.2,149.86,871.15,6,0
539.51,0.0,97.46,442.05,0,0
589.51,0.2,54.51,535.0,1,0
786.83,0.4,136.19,650.64,2,1
958.03,0.6,222.0,736.03,3,1
528.91,0.0,71.73,457.18,0,0
677.23,0.2,104.41,572.82,1,0
633.97,0.2,98.97,535.0,1,0
1047.42,1.0,201.14,846.28,5,1
576.58,0.2,71.84,504.74,1,0
980.03,0.8,204.0,776.03,4,0
860.72,0.6,162.51,698.21,3,0
911.24,0.8,127.65,783.59,4,1
624.35,0.4,56.92,567.44,2,0
691.07,0.4,85.81,605.26,2,0
957.09,0.8,203.76,753.33,4,1
709.63,0.4,89.24,620.38,2,0
561.66,0.2,56.92,504.74,1,0
1567.49,1.0,751.46,816.03,5,1
669.82,0.2,89.43,580.38,1,0
957.56,0.8,219.35,738.21,4,1
828.04,0.8,89.84,738.21,4,1
901.4,0.6,157.81,743.59,3,1
778.57,0.6,103.05,675.51,3,1
739.18,0.2,173.92,565.26,1,0
524.21,0.0,67.03,457.18,0,0
697.11,0.4,129.68,567.44,2,1
833.86,0.6,150.78,683.08,3,1
627.17,0.4,59.73,567.44,2,0
661.69,0.2,96.43,565.26,1,0
625.03,0.2,105.16,519.87,1,0
819.1,0.6,128.46,690.64,3,1
668.91,0.4,71.22,597.69,2,1
735.89,0.4,92.81,643.08,2,1
459.9,0.0,48.11,411.79,0,0
821.8,0.8,76.03,745.77,4,1
487.3,0.0,67.95,419.36,0,0
682.42,0.2,117.16,565.26,1,0
641.9,0.2,114.46,527.44,1,0
