"Total_Cost","Ratio_Reloc_Prod","Horiz_Cost","Vert_Cost","nReloc","non_Optimal"
257752.62,0.7847,44919.01,212833.6,1177,300
700.27,0.6,92.84,607.44,3,1
873.57,1.0,118.05,755.51,5,1
771.62,0.8,109.05,662.56,4,1
716.25,0.4,148.81,567.44,2,1
554.96,0.2,103.16,451.79,1,1
814.6,0.6,161.78,652.82,3,1
872.34,0.6,234.65,637.69,3,1
656.37,0.4,111.62,544.74,2,1
956.82,1.0,224.0,732.82,5,1
748.94,0.4,166.38,582.56,2,1
1116.49,1.4,182.65,933.85,7,1
813.39,0.8,128.14,685.26,4,1
859.11,1.0,111.16,747.95,5,1
1049.04,1.2,215.7,833.33,6,1
568.55,0.2,116.76,451.79,1,1
726.53,0.6,88.84,637.69,3,1
608.97,0.4,86.92,522.05,2,1
722.02,0.4,139.46,582.56,2,1
1019.44,1.2,193.68,825.77,6,1
600.31,0.2,88.0,512.31,1,1
1189.69,1.4,278.54,911.15,7,1
1051.4,1.2,195.38,856.03,6,1
942.53,1.0,171.89,770.64,5,1
748.44,0.6,148.57,599.87,3,1
747.64,0.6,117.51,630.13,3,1
773.89,0.8,111.32,662.56,4,1
980.03,1.2,131.57,848.46,6,1
863.6,0.8,170.78,692.82,4,1
796.98,0.6,197.11,599.87,3,1
938.49,1.0,182.97,755.51,5,1
824.2,0.6,171.38,652.82,3,1
690.31,0.4,145.57,544.74,2,1
841.08,0.8,133.14,707.95,4,1
880.01,0.8,187.19,692.82,4,1
766.96,0.4,214.65,552.31,2,1
1168.89,1.4,265.3,903.59,7,1
687.01,0.4,142.27,544.74,2,1
901.41,0.8,201.03,700.38,4,1
705.64,0.2,155.51,550.13,1,1
548.14,0.2,81.22,466.92,1,1
1035.4,1.0,204.24,831.15,5,1
786.79,0.6,133.97,652.82,3,1
648.01,0.4,103.27,544.74,2,1
604.43,0.2,122.38,482.05,1,1
794.41,0.6,126.46,667.95,3,1
602.26,0.2,112.65,489.62,1,1
1102.15,1.2,223.43,878.72,6,1
655.14,0.4,80.14,575.0,2,1
809.23,0.8,71.03,738.21,4,1
695.62,0.6,80.62,615.0,3,1
617.11,0.2,150.19,466.92,1,1
791.95,0.6,131.57,660.38,3,1
1326.21,1.6,269.16,1057.05,8,1
800.65,0.6,140.27,660.38,3,1
636.58,0.2,124.27,512.31,1,1
666.34,0.4,129.16,537.18,2,1
849.21,0.8,126.14,723.08,4,1
967.47,1.2,134.14,833.33,6,1
599.14,0.2,124.65,474.49,1,1
1145.32,1.2,221.22,924.1,6,1
842.12,0.8,96.35,745.77,4,1
585.29,0.2,103.24,482.05,1,1
1011.86,1.2,208.78,803.08,6,1
492.97,0.0,50.92,442.05,0,1
919.56,1.0,141.35,778.21,5,1
771.18,0.6,141.05,630.13,3,1
539.74,0.2,87.95,451.79,1,1
988.04,1.0,194.7,793.33,5,1
780.04,0.6,134.78,645.26,3,1
861.61,0.8,130.97,730.64,4,1
753.26,0.6,115.57,637.69,3,1
932.49,1.0,116.46,816.03,5,1
694.91,0.4,150.16,544.74,2,1
471.36,0.0,52.0,419.36,0,1
934.58,1.0,156.38,778.21,5,1
756.32,0.6,133.76,622.56,3,1
549.58,0.2,52.41,497.18,1,1
954.37,1.0,191.3,763.08,5,1
1023.11,1.0,222.22,800.9,5,1
824.67,0.6,202.11,622.56,3,1
806.81,0.6,191.81,615.0,3,1
517.35,0.0,82.86,434.49,0,1
810.03,0.8,109.65,700.38,4,1
1278.39,1.6,259.16,1019.23,8,1
1203.96,1.4,224.73,979.23,7,1
824.24,0.6,201.68,622.56,3,1
1129.61,1.4,203.32,926.28,7,1
1204.69,1.6,177.89,1026.79,8,1
928.92,1.0,120.46,808.46,5,1
1252.82,1.6,226.03,1026.79,8,1
712.21,0.4,129.65,582.56,2,1
593.38,0.2,126.46,466.92,1,1
670.49,0.4,103.05,567.44,2,1
1218.34,1.4,231.54,986.79,7,1
455.05,0.0,65.95,389.1,0,1
710.16,0.4,82.22,627.95,2,1
958.2,1.0,164.86,793.33,5,1
1112.37,1.2,294.16,818.21,6,1
599.26,0.2,109.65,489.62,1,1
917.73,0.8,209.78,707.95,4,1
901.01,0.8,200.62,700.38,4,1
1305.05,1.8,260.95,1044.1,9,1
842.83,0.8,119.76,723.08,4,1
556.27,0.2,74.22,482.05,1,1
952.31,1.0,158.97,793.33,5,1
708.92,0.6,93.92,615.0,3,1
833.46,0.8,117.95,715.51,4,1
821.41,0.6,206.41,615.0,3,1
788.12,0.6,142.86,645.26,3,1
917.73,1.0,169.78,747.95,5,1
621.12,0.2,116.38,504.74,1,1
950.38,1.0,134.35,816.03,5,1
1158.54,1.4,202.0,956.54,7,1
878.55,0.8,132.78,745.77,4,1
879.81,0.8,164.3,715.51,4,1
865.61,0.8,187.92,677.69,4,1
1013.99,1.2,135.27,878.72,6,1
935.57,1.0,119.54,816.03,5,1
1076.76,1.2,167.78,908.97,6,1
507.11,0.0,72.62,434.49,0,1
441.53,0.0,52.43,389.1,0,1
880.92,1.0,80.03,800.9,5,1
924.15,1.0,145.95,778.21,5,1
529.7,0.0,140.59,389.1,0,1
488.49,0.0,69.14,419.36,0,1
1224.43,1.6,174.95,1049.49,8,1
660.75,0.4,123.57,537.18,2,1
722.97,0.6,92.84,630.13,3,1
854.16,0.8,131.08,723.08,4,1
920.89,1.0,112.43,808.46,5,1
1383.47,1.8,256.16,1127.31,9,1
699.21,0.4,116.65,582.56,2,1
679.21,0.4,96.65,582.56,2,1
999.54,1.0,183.51,816.03,5,1
459.06,0.0,39.7,419.36,0,1
830.85,0.8,92.65,738.21,4,1
910.09,1.0,116.76,793.33,5,1
1152.87,1.4,203.89,948.97,7,1
808.74,0.8,115.92,692.82,4,1
913.49,1.0,165.54,747.95,5,1
998.84,1.0,243.32,755.51,5,1
498.18,0.0,109.08,389.1,0,1
1283.96,1.8,171.78,1112.18,9,1
993.35,1.0,169.76,823.59,5,1
1428.38,2.0,245.95,1182.44,10,1
961.82,1.0,168.49,793.33,5,1
993.73,1.0,177.7,816.03,5,1
853.51,0.6,230.95,622.56,3,1
883.66,0.8,137.89,745.77,4,1
452.56,0.0,48.32,404.23,0,1
1053.28,1.2,167.0,886.28,6,1
924.72,1.0,101.14,823.59,5,1
483.09,0.0,63.73,419.36,0,1
493.63,0.0,81.84,411.79,0,1
647.3,0.4,87.43,559.87,2,1
768.38,0.6,153.38,615.0,3,1
903.25,0.8,195.3,707.95,4,1
945.43,1.0,121.84,823.59,5,1
767.71,0.6,160.27,607.44,3,1
762.41,0.6,102.03,660.38,3,1
930.82,1.0,145.05,785.77,5,1
646.75,0.4,109.57,537.18,2,1
694.21,0.4,164.59,529.62,2,1
1079.44,1.4,153.16,926.28,7,1
627.5,0.2,175.7,451.79,1,1
1202.61,1.6,183.38,1019.23,8,1
1028.8,1.0,258.16,770.64,5,1
745.11,0.6,130.11,615.0,3,1
767.49,0.6,152.49,615.0,3,1
787.36,0.6,126.97,660.38,3,1
980.81,0.8,265.3,715.51,4,1
966.66,1.0,127.95,838.72,5,1
1229.38,1.8,147.46,1081.92,9,1
1112.06,1.2,218.22,893.85,6,1
676.32,0.4,146.7,529.62,2,1
633.04,0.2,135.86,497.18,1,1
1017.92,1.0,217.03,800.9,5,1
1000.36,1.0,214.59,785.77,5,1
1027.74,1.0,189.03,838.72,5,1
907.57,1.0,91.54,816.03,5,1
697.96,0.4,160.78,537.18,2,1
1069.86,1.2,145.76,924.1,6,1
1175.34,1.4,196.11,979.23,7,1
917.2,1.0,123.86,793.33,5,1
1225.48,1.6,213.81,1011.67,8,1
714.73,0.4,147.3,567.44,2,1
522.05,0.0,87.57,434.49,0,1
1408.77,2.0,241.46,1167.31,10,1
796.72,0.6,151.46,645.26,3,1
1118.11,1.4,161.57,956.54,7,1
932.42,1.0,146.65,785.77,5,1
952.24,1.0,128.65,823.59,5,1
751.94,0.6,114.24,637.69,3,1
967.98,1.0,159.51,808.46,5,1
1042.58,1.2,216.81,825.77,6,1
767.8,0.6,137.68,630.13,3,1
1441.7,2.0,244.14,1197.56,10,1
1021.74,1.0,220.84,800.9,5,1
680.42,0.4,82.73,597.69,2,1
670.88,0.4,118.57,552.31,2,1
1709.85,2.4,409.59,1300.26,12,1
818.15,0.8,140.46,677.69,4,1
1138.1,1.4,174.0,964.1,7,1
1244.6,1.4,303.19,941.41,7,1
761.86,0.6,139.3,622.56,3,1
619.54,0.2,137.49,482.05,1,1
773.95,0.6,98.43,675.51,3,1
1199.09,1.6,157.16,1041.92,8,1
674.0,0.4,106.57,567.44,2,1
676.47,0.4,124.16,552.31,2,1
1186.21,1.6,189.68,996.54,8,1
914.42,0.8,236.73,677.69,4,1
574.65,0.2,107.73,466.92,1,1
504.82,0.0,93.03,411.79,0,1
1034.17,1.2,132.76,901.41,6,1
965.28,1.0,164.38,800.9,5,1
924.72,0.8,186.51,738.21,4,1
624.77,0.4,80.03,544.74,2,1
775.58,0.6,122.76,652.82,3,1
920.85,0.8,167.51,753.33,4,1
924.77,1.0,146.57,778.21,5,1
975.12,1.0,181.78,793.33,5,1
935.04,1.0,149.27,785.77,5,1
1224.59,1.6,220.49,1004.1,8,1
758.31,0.6,113.05,645.26,3,1
1087.56,1.2,208.84,878.72,6,1
1189.63,1.6,155.27,1034.36,8,1
1062.7,1.2,214.24,848.46,6,1
1102.35,1.4,153.38,948.97,7,1
1306.44,1.8,224.51,1081.92,9,1
488.78,0.0,99.68,389.1,0,1
1013.76,0.8,305.81,707.95,4,1
844.99,0.8,114.35,730.64,4,1
486.0,0.0,51.51,434.49,0,1
763.21,0.6,140.65,622.56,3,1
580.35,0.2,90.73,489.62,1,1
1346.02,1.8,233.84,1112.18,9,1
478.12,0.0,66.32,411.79,0,1
468.6,0.0,34.11,434.49,0,1
1250.42,1.6,223.62,1026.79,8,1
674.28,0.4,121.97,552.31,2,1
798.53,0.6,168.41,630.13,3,1
498.08,0.0,108.97,389.1,0,1
800.36,0.6,139.97,660.38,3,1
664.6,0.4,104.73,559.87,2,1
914.34,1.0,136.14,778.21,5,1
1060.04,1.2,166.19,893.85,6,1
933.34,1.0,94.62,838.72,5,1
711.66,0.4,166.92,544.74,2,1
658.01,0.2,145.7,512.31,1,1
1229.82,1.6,248.41,981.41,8,1
508.57,0.0,81.65,426.92,0,1
562.37,0.2,57.62,504.74,1,1
1020.5,1.2,88.84,931.67,6,1
1099.3,1.4,142.76,956.54,7,1
1392.37,2.0,194.81,1197.56,10,1
538.46,0.2,71.54,466.92,1,1
1057.12,1.2,231.35,825.77,6,1
682.64,0.4,137.89,544.74,2,1
787.8,0.6,157.68,630.13,3,1
1183.91,1.4,219.81,964.1,7,1
1297.01,1.4,310.22,986.79,7,1
525.22,0.0,105.86,419.36,0,1
1272.22,1.6,222.73,1049.49,8,1
650.43,0.4,75.43,575.0,2,1
1088.82,1.4,154.97,933.85,7,1
981.75,1.0,211.11,770.64,5,1
944.83,1.0,121.24,823.59,5,1
969.17,1.0,183.41,785.77,5,1
738.07,0.4,140.38,597.69,2,1
790.43,0.6,107.35,683.08,3,1
479.24,0.0,90.14,389.1,0,1
483.63,0.0,71.84,411.79,0,1
1189.6,1.4,180.11,1009.49,7,1
779.0,0.6,111.05,667.95,3,1
751.21,0.6,128.65,622.56,3,1
1241.01,1.6,214.22,1026.79,8,1
911.73,0.8,196.22,715.51,4,1
1106.39,1.4,180.11,926.28,7,1
1030.03,1.2,174.0,856.03,6,1
770.35,0.6,147.78,622.56,3,1
1153.68,1.4,219.84,933.85,7,1
450.23,0.0,46.0,404.23,0,1
850.78,0.8,135.27,715.51,4,1
1077.48,1.2,153.38,924.1,6,1
869.29,0.8,146.22,723.08,4,1
559.54,0.2,85.05,474.49,1,1
452.69,0.0,56.03,396.67,0,1
795.76,0.6,135.38,660.38,3,1
471.32,0.0,74.65,396.67,0,1
891.57,0.8,183.62,707.95,4,1
471.73,0.0,44.81,426.92,0,1
519.22,0.0,99.86,419.36,0,1
974.72,1.0,143.57,831.15,5,1
1674.22,2.6,303.7,1370.51,13,1
1249.27,1.6,192.22,1057.05,8,1
708.7,0.6,86.14,622.56,3,1
484.44,0.0,57.51,426.92,0,1
460.12,0.0,48.32,411.79,0,1
979.23,1.0,185.89,793.33,5,1
