"Total_Cost","Ratio_Reloc_Prod","Horiz_Cost","Vert_Cost","nReloc","non_Optimal"
222111.97,0.3967,34426.57,187685.33,595,250
1026.59,0.6667,150.05,876.54,4,1
1023.86,0.5,172.19,851.67,3,1
984.08,0.5,215.62,768.46,3,1
1036.23,0.5,229.95,806.28,3,1
892.61,0.3333,141.46,751.15,2,1
969.02,0.5,132.49,836.54,3,1
1437.07,1.1667,251.43,1185.64,7,1
935.17,0.5,181.84,753.33,3,1
1216.55,1.0,161.68,1054.87,6,1
809.84,0.3333,73.81,736.03,2,1
1071.08,0.6667,202.11,868.97,4,1
759.39,0.1667,146.57,612.82,1,1
1037.62,0.5,208.65,828.97,3,1
1321.99,1.1667,189.3,1132.69,7,1
891.06,0.3333,162.59,728.46,2,1
996.26,0.5,205.11,791.15,3,1
621.4,0.0,78.84,542.56,0,1
1042.49,0.6667,120.57,921.92,4,1
1001.83,0.6667,110.16,891.67,4,1
659.67,0.1667,69.54,590.13,1,1
822.58,0.3333,109.24,713.33,2,1
886.26,0.3333,127.54,758.72,2,1
1273.65,1.1667,156.08,1117.56,7,1
945.75,0.5,154.59,791.15,3,1
898.27,0.3333,169.81,728.46,2,1
769.12,0.1667,103.35,665.77,1,1
754.68,0.3333,86.73,667.95,2,1
701.27,0.1667,73.32,627.95,1,1
657.24,0.0,114.68,542.56,0,1
911.77,0.5,97.92,813.85,3,1
607.88,0.0,95.57,512.31,0,1
791.13,0.3333,108.05,683.08,2,1
908.02,0.5,116.86,791.15,3,1
993.8,0.5,202.65,791.15,3,1
1290.71,1.0,235.84,1054.87,6,1
650.82,0.0,78.0,572.82,0,1
844.78,0.3333,108.76,736.03,2,1
974.64,0.5,130.54,844.1,3,1
1142.6,0.6667,228.24,914.36,4,1
995.39,0.5,189.11,806.28,3,1
907.56,0.3333,156.41,751.15,2,1
737.67,0.1667,87.03,650.64,1,1
1329.02,1.0,251.46,1077.56,6,1
1018.34,0.5,166.68,851.67,3,1
1204.13,0.8333,219.51,984.62,5,1
1048.15,0.6667,156.49,891.67,4,1
929.86,0.3333,193.84,736.03,2,1
733.33,0.1667,112.95,620.38,1,1
657.26,0.1667,52.0,605.26,1,1
790.53,0.1667,124.76,665.77,1,1
1245.8,1.0,160.68,1085.13,6,1
1009.65,0.6667,140.68,868.97,4,1
607.4,0.0,49.7,557.69,0,1
594.54,0.0,67.11,527.44,0,1
571.39,0.0,51.51,519.87,0,1
659.33,0.0,131.89,527.44,0,1
600.41,0.0,65.41,535.0,0,1
1025.91,0.8333,94.24,931.67,5,1
621.4,0.0,78.84,542.56,0,1
558.42,0.0,46.11,512.31,0,1
569.95,0.0,42.51,527.44,0,1
783.91,0.1667,133.27,650.64,1,1
805.3,0.3333,84.41,720.9,2,1
848.92,0.3333,120.46,728.46,2,1
1145.76,0.8333,191.41,954.36,5,1
898.18,0.3333,154.59,743.59,2,1
648.52,0.0,121.08,527.44,0,1
1280.03,1.0,210.03,1070.0,6,1
1267.35,1.0,189.78,1077.56,6,1
611.96,0.0,46.7,565.26,0,1
1328.33,1.3333,185.89,1142.44,8,1
767.03,0.1667,86.14,680.9,1,1
768.29,0.1667,117.65,650.64,1,1
740.32,0.1667,97.24,643.08,1,1
580.84,0.0,53.41,527.44,0,1
702.68,0.1667,74.73,627.95,1,1
881.81,0.5,113.35,768.46,3,1
1060.82,0.6667,199.41,861.41,4,1
970.49,0.5,149.08,821.41,3,1
1199.2,0.6667,292.41,906.79,4,1
1255.6,0.8333,286.11,969.49,5,1
878.78,0.3333,142.76,736.03,2,1
768.16,0.1667,125.08,643.08,1,1
925.31,0.3333,166.59,758.72,2,1
804.55,0.1667,191.73,612.82,1,1
1122.26,0.6667,170.08,952.18,4,1
926.78,0.5,143.19,783.59,3,1
715.54,0.1667,80.03,635.51,1,1
575.57,0.0,55.7,519.87,0,1
995.57,0.5,166.59,828.97,3,1
872.05,0.3333,128.46,743.59,2,1
837.79,0.3333,109.32,728.46,2,1
658.82,0.0,86.0,572.82,0,1
1039.62,0.5,195.51,844.1,3,1
1194.39,0.8333,240.03,954.36,5,1
1026.21,0.6667,149.68,876.54,4,1
664.27,0.0,76.32,587.95,0,1
823.03,0.3333,102.14,720.9,2,1
756.76,0.1667,136.38,620.38,1,1
757.73,0.1667,129.78,627.95,1,1
747.41,0.1667,119.46,627.95,1,1
746.42,0.1667,133.59,612.82,1,1
917.16,0.5,133.57,783.59,3,1
712.32,0.1667,122.19,590.13,1,1
962.55,0.6667,101.14,861.41,4,1
1131.12,0.6667,224.32,906.79,4,1
1004.13,0.5,167.59,836.54,3,1
1028.12,0.6667,121.32,906.79,4,1
794.52,0.3333,73.62,720.9,2,1
879.37,0.3333,135.78,743.59,2,1
1146.33,0.6667,231.97,914.36,4,1
1064.86,0.6667,173.19,891.67,4,1
863.14,0.3333,134.68,728.46,2,1
722.57,0.1667,94.62,627.95,1,1
801.25,0.1667,120.35,680.9,1,1
1013.27,0.5,184.3,828.97,3,1
804.73,0.1667,169.22,635.51,1,1
534.18,0.0,37.0,497.18,0,1
861.22,0.3333,132.76,728.46,2,1
907.63,0.5,101.35,806.28,3,1
902.92,0.3333,166.89,736.03,2,1
682.54,0.0,139.97,542.56,0,1
849.52,0.3333,121.05,728.46,2,1
959.79,0.5,138.38,821.41,3,1
1173.71,0.8333,226.92,946.79,5,1
741.88,0.1667,91.24,650.64,1,1
1021.46,0.5,192.49,828.97,3,1
775.61,0.1667,124.97,650.64,1,1
966.44,0.5,160.16,806.28,3,1
1060.65,0.8333,98.73,961.92,5,1
700.56,0.0,142.86,557.69,0,1
801.14,0.3333,87.81,713.33,2,1
853.47,0.3333,132.57,720.9,2,1
668.71,0.0,88.32,580.38,0,1
1205.39,1.0,211.03,994.36,6,1
705.08,0.1667,77.14,627.95,1,1
760.07,0.1667,109.43,650.64,1,1
1140.95,0.6667,219.03,921.92,4,1
611.24,0.0,76.24,535.0,0,1
669.5,0.1667,71.81,597.69,1,1
730.87,0.1667,118.05,612.82,1,1
955.42,0.5,156.7,798.72,3,1
838.76,0.3333,117.86,720.9,2,1
1061.33,0.6667,146.97,914.36,4,1
627.84,0.0,92.84,535.0,0,1
822.63,0.3333,101.73,720.9,2,1
841.92,0.3333,113.46,728.46,2,1
1180.92,1.0,179.0,1001.92,6,1
1158.0,0.6667,228.51,929.49,4,1
828.08,0.3333,99.62,728.46,2,1
1107.49,0.6667,178.0,929.49,4,1
937.2,0.5,138.49,798.72,3,1
1122.16,0.8333,137.54,984.62,5,1
886.25,0.3333,157.78,728.46,2,1
1089.51,0.8333,165.41,924.1,5,1
1043.39,0.6667,144.16,899.23,4,1
1024.82,0.5,218.54,806.28,3,1
832.2,0.3333,118.86,713.33,2,1
869.61,0.3333,118.46,751.15,2,1
760.09,0.1667,94.32,665.77,1,1
648.05,0.0,113.05,535.0,0,1
1009.31,0.5,203.03,806.28,3,1
669.41,0.1667,49.03,620.38,1,1
851.92,0.5,91.03,760.9,3,1
963.72,0.5,165.0,798.72,3,1
798.97,0.1667,155.89,643.08,1,1
845.08,0.3333,162.0,683.08,2,1
751.62,0.3333,68.54,683.08,2,1
748.51,0.1667,105.43,643.08,1,1
747.78,0.1667,97.14,650.64,1,1
860.22,0.3333,131.76,728.46,2,1
1005.82,0.5,184.41,821.41,3,1
844.07,0.3333,92.92,751.15,2,1
1010.22,0.5,188.81,821.41,3,1
902.57,0.3333,227.05,675.51,2,1
804.42,0.3333,98.65,705.77,2,1
886.93,0.3333,188.73,698.21,2,1
677.04,0.1667,64.22,612.82,1,1
862.35,0.3333,118.76,743.59,2,1
807.77,0.3333,94.43,713.33,2,1
814.03,0.3333,93.14,720.9,2,1
896.71,0.3333,175.81,720.9,2,1
740.34,0.1667,82.14,658.21,1,1
886.89,0.5,110.86,776.03,3,1
1011.44,0.5,190.03,821.41,3,1
1022.97,0.6667,138.86,884.1,4,1
551.12,0.0,38.81,512.31,0,1
1137.89,0.8333,168.41,969.49,5,1
810.53,0.1667,159.89,650.64,1,1
733.06,0.1667,112.68,620.38,1,1
1094.61,0.6667,202.95,891.67,4,1
1057.01,0.6667,157.78,899.23,4,1
690.26,0.0,132.57,557.69,0,1
1077.05,0.8333,145.38,931.67,5,1
1022.3,0.6667,160.89,861.41,4,1
965.44,0.5,151.59,813.85,3,1
994.35,0.5,165.38,828.97,3,1
911.45,0.5,112.73,798.72,3,1
919.23,0.5,112.95,806.28,3,1
816.28,0.3333,110.51,705.77,2,1
720.29,0.1667,77.22,643.08,1,1
1045.7,0.6667,161.59,884.1,4,1
1095.74,0.6667,196.51,899.23,4,1
726.35,0.1667,98.41,627.95,1,1
576.04,0.0,63.73,512.31,0,1
680.12,0.1667,82.43,597.69,1,1
1040.82,0.6667,179.41,861.41,4,1
953.82,0.5,139.97,813.85,3,1
1619.89,1.5,301.3,1318.59,9,1
980.47,0.5,174.19,806.28,3,1
797.7,0.3333,107.05,690.64,2,1
1126.26,0.6667,242.16,884.1,4,1
767.59,0.1667,116.95,650.64,1,1
1068.09,0.6667,161.3,906.79,4,1
872.25,0.3333,143.78,728.46,2,1
644.78,0.0,94.65,550.13,0,1
1150.13,0.6667,318.97,831.15,4,1
755.53,0.1667,97.32,658.21,1,1
712.5,0.1667,107.24,605.26,1,1
915.0,0.6667,106.54,808.46,4,1
1054.14,0.5,225.16,828.97,3,1
981.22,0.6667,112.24,868.97,4,1
1053.61,0.6667,154.38,899.23,4,1
997.03,0.5,175.62,821.41,3,1
838.64,0.1667,180.43,658.21,1,1
675.9,0.1667,55.51,620.38,1,1
957.6,0.5,128.62,828.97,3,1
1054.45,0.5,195.22,859.23,3,1
657.91,0.0,92.65,565.26,0,1
892.12,0.5,85.84,806.28,3,1
676.3,0.1667,55.92,620.38,1,1
810.24,0.1667,174.73,635.51,1,1
675.3,0.0,140.3,535.0,0,1
857.49,0.3333,121.46,736.03,2,1
1047.55,0.6667,140.76,906.79,4,1
814.43,0.1667,178.92,635.51,1,1
866.17,0.5,112.84,753.33,3,1
837.41,0.3333,108.95,728.46,2,1
886.21,0.3333,150.19,736.03,2,1
1233.67,1.0,216.62,1017.05,6,1
620.05,0.0,69.92,550.13,0,1
846.59,0.3333,95.43,751.15,2,1
653.53,0.1667,63.41,590.13,1,1
653.22,0.0,125.78,527.44,0,1
748.94,0.1667,105.86,643.08,1,1
1035.69,0.5,236.97,798.72,3,1
903.71,0.1667,283.32,620.38,1,1
954.15,0.5,163.0,791.15,3,1
658.1,0.1667,60.41,597.69,1,1
598.62,0.0,63.62,535.0,0,1
