"Total_Cost","Ratio_Reloc_Prod","Horiz_Cost","Vert_Cost","nReloc","non_Optimal"
223241.22,0.4393,31445.19,191796.03,659,300
1034.44,1.0,127.65,906.79,5,1
1031.36,1.0,185.08,846.28,5,1
861.15,0.6,155.38,705.77,3,1
640.61,0.2,82.92,557.69,1,1
1198.9,1.2,191.59,1007.31,6,1
1379.36,1.8,199.11,1180.26,9,1
757.53,0.4,99.32,658.21,2,1
1133.09,1.0,218.73,914.36,5,1
518.42,0.0,46.11,472.31,0,1
783.39,0.4,170.57,612.82,2,1
546.36,0.0,74.05,472.31,0,1
753.03,0.4,125.08,627.95,2,1
951.64,1.0,128.05,823.59,5,1
623.63,0.2,50.81,572.82,1,1
605.1,0.2,47.41,557.69,1,1
519.42,0.0,47.11,472.31,0,1
915.79,0.8,154.89,760.9,4,1
842.75,0.6,99.16,743.59,3,1
594.43,0.2,59.43,535.0,1,1
577.81,0.2,42.81,535.0,1,1
659.13,0.2,116.57,542.56,1,1
751.7,0.6,68.62,683.08,3,1
670.26,0.2,120.14,550.13,1,1
844.66,0.6,138.89,705.77,3,1
948.82,0.8,134.97,813.85,4,1
613.19,0.2,70.62,542.56,1,1
985.87,1.0,124.46,861.41,5,1
747.52,0.4,119.57,627.95,2,1
586.1,0.0,136.49,449.62,0,1
757.76,0.6,82.24,675.51,3,1
685.71,0.4,65.32,620.38,2,1
658.61,0.2,93.35,565.26,1,1
839.6,0.8,71.14,768.46,4,1
742.57,0.4,107.05,635.51,2,1
823.32,0.4,187.81,635.51,2,1
960.29,0.8,161.57,798.72,4,1
1168.56,1.4,143.95,1024.62,7,1
610.05,0.2,59.92,550.13,1,1
597.0,0.2,62.0,535.0,1,1
742.82,0.4,137.57,605.26,2,1
460.49,0.0,26.0,434.49,0,1
621.53,0.2,71.41,550.13,1,1
744.54,0.6,69.03,675.51,3,1
727.72,0.2,177.59,550.13,1,1
789.13,0.6,106.05,683.08,3,1
964.66,0.8,158.38,806.28,4,1
626.03,0.2,106.16,519.87,1,1
557.28,0.0,92.54,464.74,0,1
681.28,0.2,161.41,519.87,1,1
979.62,0.8,211.16,768.46,4,1
1206.05,1.4,234.38,971.67,7,1
939.26,0.8,140.54,798.72,4,1
722.43,0.4,86.92,635.51,2,1
461.47,0.0,42.11,419.36,0,1
705.93,0.4,85.54,620.38,2,1
805.97,0.4,162.89,643.08,2,1
838.53,0.6,132.76,705.77,3,1
882.53,0.8,83.81,798.72,4,1
769.26,0.4,111.05,658.21,2,1
847.76,0.6,126.86,720.9,3,1
610.25,0.0,130.38,479.87,0,1
804.7,0.6,114.05,690.64,3,1
1064.7,1.0,195.73,868.97,5,1
978.14,1.0,116.73,861.41,5,1
695.32,0.4,59.81,635.51,2,1
1001.72,1.0,110.05,891.67,5,1
824.51,0.6,80.92,743.59,3,1
716.01,0.6,55.62,660.38,3,1
712.22,0.4,91.84,620.38,2,1
508.03,0.0,73.54,434.49,0,1
561.2,0.0,96.46,464.74,0,1
689.42,0.2,124.16,565.26,1,1
496.75,0.0,54.7,442.05,0,1
664.34,0.4,74.22,590.13,2,1
913.07,0.8,114.35,798.72,4,1
688.01,0.4,67.62,620.38,2,1
949.55,0.6,228.65,720.9,3,1
527.45,0.0,62.7,464.74,0,1
1031.79,1.0,170.38,861.41,5,1
670.01,0.2,89.62,580.38,1,1
740.48,0.4,89.84,650.64,2,1
664.23,0.2,106.54,557.69,1,1
869.93,0.8,124.16,745.77,4,1
739.69,0.4,126.86,612.82,2,1
809.71,0.6,141.76,667.95,3,1
558.92,0.0,116.86,442.05,0,1
833.75,0.8,95.54,738.21,4,1
606.92,0.2,71.92,535.0,1,1
548.02,0.0,90.84,457.18,0,1
750.57,0.4,130.19,620.38,2,1
590.57,0.2,63.14,527.44,1,1
591.82,0.2,71.95,519.87,1,1
488.67,0.0,46.62,442.05,0,1
720.81,0.4,77.73,643.08,2,1
462.17,0.0,42.81,419.36,0,1
1040.57,1.0,171.59,868.97,5,1
798.42,0.6,92.65,705.77,3,1
740.98,0.2,160.59,580.38,1,1
1416.49,2.0,165.97,1250.51,10,1
1208.59,1.2,231.54,977.05,6,1
536.77,0.0,72.03,464.74,0,1
852.62,0.6,124.16,728.46,3,1
1105.2,1.2,165.97,939.23,6,1
654.74,0.2,81.92,572.82,1,1
991.73,0.8,155.19,836.54,4,1
617.06,0.2,89.62,527.44,1,1
801.51,0.4,150.86,650.64,2,1
790.97,0.6,115.46,675.51,3,1
803.88,0.4,153.24,650.64,2,1
582.82,0.0,102.95,479.87,0,1
734.74,0.2,161.92,572.82,1,1
1102.02,1.0,210.35,891.67,5,1
708.97,0.4,58.32,650.64,2,1
847.91,0.8,64.32,783.59,4,1
654.02,0.2,111.46,542.56,1,1
928.37,0.8,129.65,798.72,4,1
645.02,0.2,102.46,542.56,1,1
1214.6,1.4,159.73,1054.87,7,1
765.66,0.4,107.46,658.21,2,1
700.53,0.2,150.41,550.13,1,1
892.92,0.6,156.89,736.03,3,1
670.86,0.4,80.73,590.13,2,1
842.49,0.6,106.46,736.03,3,1
482.05,0.0,40.0,442.05,0,1
772.52,0.4,144.57,627.95,2,1
715.35,0.4,79.84,635.51,2,1
611.37,0.2,68.81,542.56,1,1
671.3,0.2,136.3,535.0,1,1
627.27,0.4,44.7,582.56,2,1
929.34,0.6,238.7,690.64,3,1
674.03,0.2,93.65,580.38,1,1
510.94,0.0,61.32,449.62,0,1
698.61,0.4,93.35,605.26,2,1
578.9,0.2,59.03,519.87,1,1
945.75,0.8,154.59,791.15,4,1
740.08,0.4,104.57,635.51,2,1
455.63,0.0,28.7,426.92,0,1
883.1,0.8,91.95,791.15,4,1
543.38,0.0,108.89,434.49,0,1
942.57,0.8,121.16,821.41,4,1
760.29,0.4,109.65,650.64,2,1
790.56,0.6,92.35,698.21,3,1
651.92,0.2,109.35,542.56,1,1
577.9,0.2,58.03,519.87,1,1
844.51,0.8,121.43,723.08,4,1
819.7,0.6,91.24,728.46,3,1
841.79,0.6,128.46,713.33,3,1
822.95,0.6,109.62,713.33,3,1
683.34,0.2,118.08,565.26,1,1
671.72,0.2,106.46,565.26,1,1
617.31,0.2,59.62,557.69,1,1
764.04,0.4,105.84,658.21,2,1
495.46,0.0,53.41,442.05,0,1
726.1,0.4,83.03,643.08,2,1
511.38,0.0,69.32,442.05,0,1
833.43,0.4,190.35,643.08,2,1
515.66,0.0,50.92,464.74,0,1
905.07,0.8,106.35,798.72,4,1
845.32,0.8,114.68,730.64,4,1
843.05,0.6,107.03,736.03,3,1
756.37,0.4,98.16,658.21,2,1
567.17,0.0,79.73,487.44,0,1
754.73,0.4,126.78,627.95,2,1
801.2,0.6,95.43,705.77,3,1
1074.64,1.0,190.54,884.1,5,1
518.91,0.0,61.73,457.18,0,1
822.34,0.6,116.57,705.77,3,1
687.63,0.2,122.38,565.26,1,1
755.18,0.4,104.54,650.64,2,1
797.31,0.6,91.54,705.77,3,1
604.21,0.2,46.51,557.69,1,1
506.83,0.0,57.22,449.62,0,1
931.65,0.8,110.24,821.41,4,1
710.3,0.6,49.92,660.38,3,1
692.25,0.4,79.43,612.82,2,1
701.93,0.2,136.68,565.26,1,1
719.41,0.6,59.03,660.38,3,1
544.77,0.0,80.03,464.74,0,1
504.7,0.0,70.22,434.49,0,1
482.16,0.0,40.11,442.05,0,1
746.59,0.4,95.95,650.64,2,1
663.78,0.2,128.78,535.0,1,1
748.92,0.4,120.97,627.95,2,1
1143.62,1.4,126.57,1017.05,7,1
742.83,0.4,99.76,643.08,2,1
470.49,0.0,36.0,434.49,0,1
719.62,0.4,84.11,635.51,2,1
692.53,0.2,127.27,565.26,1,1
629.81,0.2,87.24,542.56,1,1
858.73,0.6,130.27,728.46,3,1
837.46,0.6,101.43,736.03,3,1
620.24,0.2,85.24,535.0,1,1
617.7,0.2,75.14,542.56,1,1
1225.45,1.8,120.84,1104.62,9,1
831.54,0.6,95.51,736.03,3,1
973.74,0.8,159.89,813.85,4,1
593.25,0.0,113.38,479.87,0,1
611.48,0.2,68.92,542.56,1,1
496.38,0.0,54.32,442.05,0,1
988.5,1.0,149.78,838.72,5,1
874.4,0.6,123.24,751.15,3,1
521.96,0.0,57.22,464.74,0,1
493.62,0.0,59.14,434.49,0,1
603.56,0.2,61.0,542.56,1,1
800.39,0.4,127.05,673.33,2,1
486.41,0.0,51.92,434.49,0,1
1031.55,1.0,177.7,853.85,5,1
815.39,0.6,109.62,705.77,3,1
535.99,0.2,38.81,497.18,1,1
627.8,0.2,70.11,557.69,1,1
729.65,0.4,109.27,620.38,2,1
666.13,0.2,123.57,542.56,1,1
571.25,0.2,43.81,527.44,1,1
841.27,0.6,105.24,736.03,3,1
491.05,0.0,49.0,442.05,0,1
487.41,0.0,52.92,434.49,0,1
591.32,0.0,96.32,495.0,0,1
458.76,0.0,39.41,419.36,0,1
670.21,0.4,72.51,597.69,2,1
559.23,0.0,102.05,457.18,0,1
1084.61,1.2,145.38,939.23,6,1
638.94,0.2,81.24,557.69,1,1
576.31,0.0,111.57,464.74,0,1
645.07,0.2,94.95,550.13,1,1
478.86,0.0,36.81,442.05,0,1
661.04,0.2,103.35,557.69,1,1
643.46,0.2,108.46,535.0,1,1
757.13,0.6,81.62,675.51,3,1
723.14,0.4,102.76,620.38,2,1
737.22,0.4,109.27,627.95,2,1
688.55,0.4,75.73,612.82,2,1
807.92,0.6,87.03,720.9,3,1
566.07,0.0,116.46,449.62,0,1
1217.95,1.6,107.95,1110.0,8,1
539.98,0.0,60.11,479.87,0,1
820.89,0.4,177.81,643.08,2,1
750.81,0.6,67.73,683.08,3,1
913.29,0.6,169.7,743.59,3,1
734.08,0.6,66.14,667.95,3,1
948.22,0.8,134.38,813.85,4,1
705.44,0.2,125.05,580.38,1,1
804.79,0.6,91.46,713.33,3,1
676.12,0.4,78.43,597.69,2,1
1215.67,1.4,198.62,1017.05,7,1
597.25,0.0,117.38,479.87,0,1
824.25,0.6,103.35,720.9,3,1
760.1,0.4,109.46,650.64,2,1
533.66,0.0,68.92,464.74,0,1
488.08,0.0,46.03,442.05,0,1
1219.35,1.4,202.3,1017.05,7,1
825.34,0.6,119.57,705.77,3,1
646.5,0.2,81.24,565.26,1,1
746.1,0.4,103.03,643.08,2,1
474.6,0.0,40.11,434.49,0,1
546.64,0.0,89.46,457.18,0,1
560.28,0.2,40.41,519.87,1,1
528.54,0.0,94.05,434.49,0,1
838.11,0.8,77.22,760.9,4,1
480.6,0.0,46.11,434.49,0,1
915.61,0.8,124.46,791.15,4,1
482.3,0.0,47.81,434.49,0,1
965.98,1.0,112.14,853.85,5,1
771.66,0.4,98.32,673.33,2,1
754.87,0.4,134.49,620.38,2,1
762.35,0.4,119.27,643.08,2,1
801.38,0.6,141.0,660.38,3,1
924.14,0.8,155.68,768.46,4,1
944.47,1.0,105.76,838.72,5,1
478.05,0.0,36.0,442.05,0,1
661.04,0.2,103.35,557.69,1,1
506.38,0.0,64.32,442.05,0,1
661.54,0.4,86.54,575.0,2,1
753.29,0.6,70.22,683.08,3,1
750.23,0.4,92.03,658.21,2,1
867.46,0.8,91.43,776.03,4,1
971.7,1.0,102.73,868.97,5,1
491.29,0.0,34.11,457.18,0,1
864.49,0.6,128.46,736.03,3,1
740.79,0.4,127.97,612.82,2,1
663.53,0.2,105.84,557.69,1,1
519.4,0.0,62.22,457.18,0,1
640.11,0.2,112.68,527.44,1,1
592.25,0.2,64.81,527.44,1,1
694.98,0.2,122.16,572.82,1,1
899.97,0.8,123.95,776.03,4,1
615.63,0.2,95.76,519.87,1,1
602.63,0.0,122.76,479.87,0,1
581.24,0.0,139.19,442.05,0,1
808.73,0.8,85.65,723.08,4,1
747.33,0.4,119.38,627.95,2,1
468.92,0.0,42.0,426.92,0,1
604.56,0.2,62.0,542.56,1,1
1004.26,1.0,157.97,846.28,5,1
754.59,0.6,71.51,683.08,3,1
966.08,0.8,129.54,836.54,4,1
918.04,0.8,164.7,753.33,4,1
716.1,0.2,158.41,557.69,1,1
1028.62,1.0,152.08,876.54,5,1
902.47,0.8,156.7,745.77,4,1
1003.28,1.2,109.43,893.85,6,1
