"Total_Cost","Ratio_Reloc_Prod","Horiz_Cost","Vert_Cost","nReloc","non_Optimal"
256958.15,0.43,65328.69,191629.49,645,160
622.61,0.2,64.92,557.69,1,0
913.68,0.6,185.22,728.46,3,0
769.58,0.4,96.24,673.33,2,0
736.2,0.2,163.38,572.82,1,0
863.62,0.4,220.54,643.08,2,0
997.91,0.8,199.19,798.72,4,1
624.47,0.2,59.22,565.26,1,1
1026.97,0.8,243.38,783.59,4,1
515.1,0.0,57.92,457.18,0,1
828.12,0.6,122.35,705.77,3,1
927.63,0.6,221.86,705.77,3,1
582.52,0.0,102.65,479.87,0,1
863.6,0.6,135.14,728.46,3,0
600.98,0.2,73.54,527.44,1,0
543.88,0.0,79.14,464.74,0,1
857.43,0.6,113.84,743.59,3,1
1117.37,1.0,225.7,891.67,5,1
754.62,0.4,111.54,643.08,2,0
616.08,0.2,73.51,542.56,1,0
781.67,0.4,146.16,635.51,2,1
926.31,0.6,220.54,705.77,3,0
1033.01,0.8,226.73,806.28,4,0
658.77,0.2,93.51,565.26,1,0
583.2,0.0,118.46,464.74,0,1
853.33,0.4,225.38,627.95,2,1
1137.28,0.8,323.43,813.85,4,1
1135.95,1.0,221.59,914.36,5,1
692.13,0.2,149.57,542.56,1,1
623.5,0.0,166.32,457.18,0,1
1375.32,1.4,358.27,1017.05,7,0
1424.44,1.0,570.59,853.85,5,0
1243.23,0.4,645.54,597.69,2,1
667.97,0.2,117.84,550.13,1,0
679.42,0.2,114.16,565.26,1,0
1226.74,0.6,513.41,713.33,3,0
699.12,0.2,141.43,557.69,1,0
882.33,0.4,269.51,612.82,2,0
855.16,0.6,187.22,667.95,3,0
1344.97,0.8,508.43,836.54,4,0
630.4,0.2,72.7,557.69,1,0
571.67,0.0,122.05,449.62,0,1
510.6,0.0,76.11,434.49,0,1
678.21,0.2,120.51,557.69,1,0
661.7,0.2,119.14,542.56,1,1
803.34,0.6,105.14,698.21,3,0
736.07,0.2,178.38,557.69,1,0
1809.16,1.2,824.54,984.62,6,1
571.03,0.0,136.54,434.49,0,0
888.24,0.6,197.59,690.64,3,0
1075.8,0.6,370.03,705.77,3,1
1434.81,1.0,550.7,884.1,5,1
637.38,0.2,109.95,527.44,1,1
854.82,0.4,234.43,620.38,2,0
1231.14,0.6,578.32,652.82,3,1
985.12,0.6,286.92,698.21,3,0
931.62,0.6,203.16,728.46,3,0
1031.11,0.6,363.16,667.95,3,1
973.91,0.8,182.76,791.15,4,0
883.03,0.4,315.59,567.44,2,1
883.64,0.6,193.0,690.64,3,1
1000.24,0.2,465.24,535.0,1,1
789.64,0.2,231.95,557.69,1,0
716.23,0.2,150.97,565.26,1,1
588.94,0.0,131.76,457.18,0,1
1146.35,0.8,362.76,783.59,4,1
994.51,0.6,258.49,736.03,3,1
688.84,0.2,153.84,535.0,1,1
1533.05,1.0,641.38,891.67,5,0
812.76,0.4,177.24,635.51,2,1
1147.91,0.6,449.7,698.21,3,1
542.3,0.0,122.95,419.36,0,1
661.69,0.4,64.0,597.69,2,1
787.95,0.4,167.57,620.38,2,1
1285.84,1.0,409.3,876.54,5,1
1224.58,0.6,511.24,713.33,3,1
496.07,0.0,84.27,411.79,0,0
851.64,0.6,168.57,683.08,3,1
1119.37,0.8,320.65,798.72,4,1
850.78,0.4,207.7,643.08,2,1
712.27,0.2,169.7,542.56,1,1
930.74,0.8,184.97,745.77,4,0
859.69,0.4,201.49,658.21,2,1
1085.81,0.8,309.78,776.03,4,1
1312.6,1.2,297.73,1014.87,6,1
1115.67,0.8,264.0,851.67,4,1
831.86,0.4,196.35,635.51,2,1
537.3,0.0,102.81,434.49,0,1
443.2,0.0,31.41,411.79,0,1
475.3,0.0,40.81,434.49,0,1
845.8,0.6,140.03,705.77,3,0
932.72,0.6,242.08,690.64,3,1
835.34,0.2,270.08,565.26,1,0
1171.23,0.8,417.89,753.33,4,0
1030.56,0.6,332.35,698.21,3,1
1177.98,0.8,417.08,760.9,4,1
803.24,0.4,160.16,643.08,2,1
886.34,0.6,195.7,690.64,3,1
724.32,0.2,181.76,542.56,1,0
1050.43,0.6,306.84,743.59,3,0
715.95,0.4,140.95,575.0,2,1
1471.0,1.2,501.51,969.49,6,1
697.69,0.2,124.86,572.82,1,0
710.3,0.4,142.86,567.44,2,0
991.63,0.8,177.78,813.85,4,0
836.76,0.4,201.24,635.51,2,0
1069.5,0.8,263.22,806.28,4,0
648.8,0.2,83.54,565.26,1,0
476.93,0.0,65.14,411.79,0,1
922.34,0.4,264.14,658.21,2,0
443.2,0.0,31.41,411.79,0,1
471.52,0.0,59.73,411.79,0,1
700.06,0.4,87.24,612.82,2,1
495.62,0.0,46.0,449.62,0,0
764.45,0.4,106.24,658.21,2,0
721.37,0.2,163.68,557.69,1,1
627.54,0.2,92.54,535.0,1,1
975.56,0.6,284.92,690.64,3,1
1384.0,0.8,547.46,836.54,4,0
1015.88,0.6,249.59,766.28,3,0
822.15,0.2,256.89,565.26,1,0
792.1,0.4,149.03,643.08,2,0
1011.98,0.4,399.16,612.82,2,1
936.42,0.6,230.65,705.77,3,0
881.5,0.2,323.81,557.69,1,1
1211.91,0.8,428.32,783.59,4,0
952.53,0.8,161.38,791.15,4,1
1165.69,1.0,266.46,899.23,5,1
1873.06,1.4,810.62,1062.44,7,1
810.75,0.4,167.68,643.08,2,0
942.77,0.6,244.57,698.21,3,0
802.01,0.4,136.24,665.77,2,1
688.21,0.2,138.08,550.13,1,1
682.69,0.2,117.43,565.26,1,0
856.69,0.4,190.92,665.77,2,1
607.67,0.0,150.49,457.18,0,0
687.59,0.2,152.59,535.0,1,0
1053.05,0.8,277.03,776.03,4,0
983.14,0.6,269.81,713.33,3,1
919.31,0.2,422.14,497.18,1,1
744.93,0.2,172.11,572.82,1,0
780.12,0.4,167.3,612.82,2,1
874.76,0.6,153.86,720.9,3,0
526.53,0.0,76.92,449.62,0,0
774.32,0.4,131.24,643.08,2,0
1445.17,1.4,382.73,1062.44,7,1
1180.52,0.8,366.68,813.85,4,1
593.51,0.0,143.89,449.62,0,1
940.51,0.6,196.92,743.59,3,0
1133.6,1.0,264.62,868.97,5,0
554.6,0.0,127.68,426.92,0,0
672.21,0.2,175.03,497.18,1,1
445.79,0.0,34.0,411.79,0,0
763.46,0.2,236.03,527.44,1,0
1138.91,0.8,294.81,844.1,4,0
611.53,0.0,146.78,464.74,0,1
547.35,0.0,112.86,434.49,0,1
871.56,0.4,228.49,643.08,2,1
819.8,0.2,254.54,565.26,1,1
520.33,0.0,85.84,434.49,0,1
835.92,0.2,293.35,542.56,1,0
537.5,0.0,80.32,457.18,0,1
893.87,0.4,265.92,627.95,2,1
1078.14,0.8,264.3,813.85,4,1
1242.37,0.6,491.22,751.15,3,0
570.96,0.0,98.65,472.31,0,1
558.09,0.0,93.35,464.74,0,0
1136.28,0.8,322.43,813.85,4,0
650.74,0.0,178.43,472.31,0,0
963.82,0.6,242.92,720.9,3,1
857.07,0.4,191.3,665.77,2,0
708.85,0.2,143.59,565.26,1,0
743.15,0.2,177.89,565.26,1,0
1013.82,0.8,192.41,821.41,4,0
1089.53,0.8,283.24,806.28,4,0
925.71,0.6,204.81,720.9,3,0
820.32,0.4,169.68,650.64,2,0
590.72,0.0,125.97,464.74,0,1
1258.39,1.0,344.03,914.36,5,0
681.2,0.2,115.95,565.26,1,0
576.34,0.0,119.16,457.18,0,0
965.43,0.6,236.97,728.46,3,0
539.11,0.0,97.05,442.05,0,1
835.2,0.4,222.38,612.82,2,0
661.67,0.2,111.54,550.13,1,0
1354.57,0.8,646.62,707.95,4,1
688.95,0.2,108.57,580.38,1,0
738.29,0.4,95.22,643.08,2,0
990.1,0.6,246.51,743.59,3,1
756.7,0.2,221.7,535.0,1,1
1139.56,0.6,395.97,743.59,3,0
999.86,0.8,208.7,791.15,4,0
877.85,0.6,172.08,705.77,3,0
564.92,0.0,130.43,434.49,0,0
941.47,0.2,376.22,565.26,1,1
823.92,0.4,195.97,627.95,2,0
571.99,0.0,107.24,464.74,0,1
702.18,0.2,144.49,557.69,1,0
855.0,0.4,219.49,635.51,2,1
944.04,0.6,230.7,713.33,3,0
1067.55,0.6,361.78,705.77,3,1
520.49,0.0,86.0,434.49,0,1
1047.76,0.6,311.73,736.03,3,1
570.38,0.2,88.32,482.05,1,0
754.36,0.4,133.97,620.38,2,0
749.58,0.2,184.32,565.26,1,1
835.15,0.4,184.51,650.64,2,1
1263.55,0.6,542.65,720.9,3,0
857.85,0.6,99.14,758.72,3,0
872.99,0.4,207.22,665.77,2,0
692.61,0.2,127.35,565.26,1,0
893.67,0.6,218.16,675.51,3,1
716.91,0.2,166.78,550.13,1,1
623.72,0.0,174.11,449.62,0,0
545.01,0.0,65.14,479.87,0,0
671.28,0.0,206.54,464.74,0,1
723.91,0.2,166.22,557.69,1,0
536.92,0.2,62.43,474.49,1,1
551.23,0.0,94.05,457.18,0,1
881.59,0.6,198.51,683.08,3,1
1021.51,0.6,338.43,683.08,3,1
520.43,0.0,85.95,434.49,0,1
1186.94,0.6,450.92,736.03,3,0
675.63,0.2,110.38,565.26,1,0
953.42,0.6,255.22,698.21,3,1
990.17,0.6,276.84,713.33,3,0
629.41,0.2,101.97,527.44,1,1
651.01,0.2,138.7,512.31,1,1
761.52,0.6,101.14,660.38,3,1
654.45,0.2,96.76,557.69,1,1
910.49,0.6,174.46,736.03,3,0
865.81,0.6,122.22,743.59,3,1
475.36,0.0,56.0,419.36,0,1
1249.48,1.0,425.89,823.59,5,0
821.26,0.2,271.14,550.13,1,1
935.62,0.8,167.16,768.46,4,0
1434.25,0.8,733.86,700.38,4,1
752.8,0.2,195.11,557.69,1,0
816.27,0.4,188.32,627.95,2,1
586.38,0.0,144.32,442.05,0,0
433.9,0.0,22.11,411.79,0,1
495.6,0.0,61.11,434.49,0,1
524.69,0.0,67.51,457.18,0,1
965.59,0.4,383.03,582.56,2,1
561.61,0.0,96.86,464.74,0,0
1050.22,0.8,236.38,813.85,4,0
807.61,0.2,257.49,550.13,1,0
821.54,0.4,193.59,627.95,2,1
509.49,0.2,35.0,474.49,1,1
1571.48,1.4,539.3,1032.18,7,1
1892.07,1.6,751.81,1140.26,8,0
1314.63,1.0,400.27,914.36,5,0
816.97,0.2,281.97,535.0,1,1
878.57,0.8,110.11,768.46,4,1
915.04,0.6,201.7,713.33,3,0
885.94,0.6,142.35,743.59,3,0
856.44,0.4,190.68,665.77,2,1
676.94,0.2,134.38,542.56,1,0
627.22,0.2,92.22,535.0,1,1
812.07,0.4,153.86,658.21,2,1
1083.0,0.6,346.97,736.03,3,0
844.79,0.8,76.32,768.46,4,1
751.2,0.4,145.95,605.26,2,1
1154.17,1.0,300.32,853.85,5,1
1384.11,1.0,462.19,921.92,5,1
769.31,0.0,304.57,464.74,0,1
1115.13,0.8,331.54,783.59,4,1
502.22,0.0,82.86,419.36,0,1
938.05,0.6,247.41,690.64,3,1
784.12,0.4,171.3,612.82,2,1
706.93,0.2,141.68,565.26,1,0
921.85,0.4,256.08,665.77,2,1
807.01,0.2,241.76,565.26,1,0
701.2,0.4,80.81,620.38,2,1
596.91,0.0,147.3,449.62,0,0
1138.28,0.6,432.51,705.77,3,0
1002.23,0.6,304.03,698.21,3,1
595.51,0.2,60.51,535.0,1,1
615.22,0.2,80.22,535.0,1,0
1326.62,1.2,410.08,916.54,6,0
739.47,0.4,119.08,620.38,2,0
1041.51,0.8,204.97,836.54,4,0
553.42,0.0,81.11,472.31,0,0
1074.32,0.8,290.73,783.59,4,1
968.78,0.8,245.7,723.08,4,1
1355.05,0.8,518.51,836.54,4,0
740.77,0.2,175.51,565.26,1,1
617.76,0.0,137.89,479.87,0,0
664.53,0.2,106.84,557.69,1,0
638.33,0.2,126.03,512.31,1,1
764.01,0.2,244.14,519.87,1,1
595.32,0.2,60.32,535.0,1,1
774.46,0.4,131.38,643.08,2,1
1040.67,1.0,217.08,823.59,5,1
564.45,0.2,59.7,504.74,1,1
676.54,0.2,133.97,542.56,1,0
909.52,0.6,181.05,728.46,3,0
1461.57,1.0,539.65,921.92,5,1
1187.87,0.8,419.41,768.46,4,0
581.99,0.2,84.81,497.18,1,1
769.07,0.4,163.81,605.26,2,0
