"Total_Cost","Ratio_Reloc_Prod","Horiz_Cost","Vert_Cost","nReloc","non_Optimal"
276744.84,0.7733,65506.3,211238.53,1160,221
876.76,1.0,121.24,755.51,5,1
965.39,1.0,232.57,732.82,5,1
792.67,0.6,154.97,637.69,3,0
546.41,0.2,71.92,474.49,1,0
1006.35,1.2,157.89,848.46,6,1
1361.89,2.0,285.35,1076.54,10,1
606.07,0.4,61.32,544.74,2,0
1085.81,1.2,237.35,848.46,6,1
453.21,0.0,64.11,389.1,0,0
872.37,0.8,202.24,670.13,4,0
489.58,0.0,85.35,404.23,0,0
769.41,0.6,161.97,607.44,3,1
1707.41,1.2,806.0,901.41,6,1
617.58,0.2,112.84,504.74,1,0
620.99,0.4,76.24,544.74,2,0
451.23,0.0,47.0,404.23,0,0
940.03,1.0,184.51,755.51,5,1
816.23,0.6,170.97,645.26,3,1
632.97,0.4,103.35,529.62,2,1
568.63,0.2,56.32,512.31,1,0
659.58,0.4,107.27,552.31,2,1
882.35,0.8,159.27,723.08,4,1
691.28,0.4,146.54,544.74,2,0
948.0,1.0,192.49,755.51,5,1
1452.88,1.6,441.22,1011.67,8,1
739.37,0.6,116.81,622.56,3,1
1199.29,1.4,295.7,903.59,7,1
642.46,0.2,160.41,482.05,1,0
822.0,0.6,207.0,615.0,3,1
1608.96,1.2,730.24,878.72,6,1
1719.17,1.2,825.32,893.85,6,1
919.44,1.0,171.49,747.95,5,1
1644.62,0.8,868.59,776.03,4,1
680.28,0.4,127.97,552.31,2,1
820.67,0.6,182.97,637.69,3,1
1042.54,1.2,194.08,848.46,6,1
1410.82,2.0,251.08,1159.74,10,1
580.88,0.2,83.7,497.18,1,0
960.58,1.2,127.24,833.33,6,1
720.39,0.4,168.08,552.31,2,1
465.4,0.0,68.73,396.67,0,0
698.66,0.6,53.41,645.26,3,0
692.63,0.4,125.19,567.44,2,1
965.43,1.0,209.92,755.51,5,1
947.94,1.0,177.3,770.64,5,1
1270.86,1.6,198.68,1072.18,8,1
648.54,0.2,181.62,466.92,1,1
694.47,0.4,142.16,552.31,2,0
937.73,1.0,182.22,755.51,5,1
1233.56,1.2,369.97,863.59,6,1
1429.97,1.6,372.92,1057.05,8,1
1155.71,1.6,181.86,973.85,8,1
778.11,0.6,117.73,660.38,3,0
504.35,0.0,115.24,389.1,0,0
712.6,0.6,52.22,660.38,3,0
950.96,1.0,172.76,778.21,5,1
914.72,0.8,184.08,730.64,4,0
995.89,1.2,147.43,848.46,6,1
944.62,1.0,136.16,808.46,5,1
768.18,0.6,138.05,630.13,3,1
773.93,0.4,229.19,544.74,2,1
1091.39,1.4,157.54,933.85,7,1
2129.94,2.0,917.24,1212.69,10,1
1251.79,1.8,169.86,1081.92,9,1
738.91,0.6,101.22,637.69,3,0
1255.13,1.8,142.95,1112.18,9,1
1008.63,1.2,107.22,901.41,6,1
580.02,0.2,82.84,497.18,1,0
944.11,1.0,188.59,755.51,5,1
701.84,0.4,141.97,559.87,2,0
782.23,0.6,136.97,645.26,3,1
671.89,0.4,142.27,529.62,2,0
667.52,0.4,115.22,552.31,2,0
697.08,0.4,129.65,567.44,2,1
1391.2,2.0,223.89,1167.31,10,1
518.46,0.0,91.54,426.92,0,0
984.36,0.8,299.11,685.26,4,0
669.15,0.4,116.84,552.31,2,1
1777.81,2.6,414.86,1362.95,13,1
654.94,0.4,64.81,590.13,2,1
745.74,0.6,92.92,652.82,3,0
552.98,0.0,141.19,411.79,0,0
893.79,0.8,193.41,700.38,4,0
923.74,0.8,223.35,700.38,4,1
765.3,0.6,157.86,607.44,3,1
663.65,0.4,141.59,522.05,2,1
1515.68,1.0,707.22,808.46,5,1
738.9,0.6,131.46,607.44,3,1
788.32,0.6,158.19,630.13,3,1
701.3,0.4,133.86,567.44,2,0
665.49,0.4,98.05,567.44,2,1
736.0,0.6,128.57,607.44,3,1
483.04,0.0,71.24,411.79,0,0
676.72,0.4,131.97,544.74,2,0
453.5,0.0,41.7,411.79,0,0
845.47,0.6,200.22,645.26,3,0
922.55,1.0,136.78,785.77,5,1
1367.57,1.6,318.08,1049.49,8,1
1853.55,2.2,517.65,1335.9,11,1
1396.84,1.6,347.35,1049.49,8,1
723.41,0.4,155.97,567.44,2,1
1661.1,1.0,837.51,823.59,5,1
776.13,0.4,254.08,522.05,2,1
878.03,0.8,177.65,700.38,4,1
1111.35,1.2,247.76,863.59,6,1
777.37,0.6,147.24,630.13,3,1
746.3,0.6,138.86,607.44,3,0
1025.35,1.2,161.76,863.59,6,1
1025.77,1.2,200.0,825.77,6,1
677.42,0.4,132.68,544.74,2,0
651.77,0.2,154.59,497.18,1,1
1465.86,2.0,260.73,1205.13,10,1
798.14,0.6,137.76,660.38,3,0
927.26,1.0,149.05,778.21,5,1
747.76,0.6,132.76,615.0,3,1
1039.54,1.2,191.08,848.46,6,1
667.34,0.4,130.16,537.18,2,0
1120.66,1.4,194.38,926.28,7,1
477.8,0.0,81.14,396.67,0,0
1273.3,1.4,316.76,956.54,7,1
1398.27,1.0,521.73,876.54,5,1
786.41,0.6,178.97,607.44,3,1
1121.04,1.4,187.19,933.85,7,1
461.36,0.0,42.0,419.36,0,0
1238.25,1.6,203.89,1034.36,8,1
812.88,0.6,175.19,637.69,3,1
495.51,0.0,61.03,434.49,0,0
692.52,0.4,125.08,567.44,2,1
670.88,0.4,80.76,590.13,2,1
1777.63,2.2,517.38,1260.26,11,1
769.74,0.6,109.35,660.38,3,1
502.96,0.0,98.73,404.23,0,0
646.2,0.2,186.84,459.36,1,0
823.77,0.6,186.08,637.69,3,1
1303.49,1.8,229.14,1074.36,9,1
806.75,0.6,176.62,630.13,3,0
684.51,0.4,101.95,582.56,2,1
808.69,0.8,62.92,745.77,4,1
730.58,0.6,85.32,645.26,3,0
1291.51,1.8,186.89,1104.62,9,1
915.19,0.8,192.11,723.08,4,1
767.36,0.4,215.05,552.31,2,1
790.73,0.8,75.22,715.51,4,1
913.31,0.4,315.62,597.69,2,1
1028.89,1.0,265.81,763.08,5,1
982.68,1.2,149.35,833.33,6,1
975.76,1.0,227.81,747.95,5,1
815.85,0.8,138.16,677.69,4,1
773.02,0.6,150.46,622.56,3,1
683.93,0.4,124.05,559.87,2,0
784.2,0.8,83.81,700.38,4,1
1423.11,0.8,647.08,776.03,4,1
725.84,0.4,165.97,559.87,2,1
884.53,0.8,138.76,745.77,4,1
730.79,0.6,123.35,607.44,3,1
1057.46,1.2,209.0,848.46,6,1
747.67,0.6,117.54,630.13,3,0
2142.51,1.6,972.0,1170.51,8,1
830.03,0.8,122.08,707.95,4,1
864.88,0.8,134.24,730.64,4,1
919.95,1.0,119.05,800.9,5,1
510.15,0.0,98.35,411.79,0,0
1462.12,0.6,763.92,698.21,3,1
746.95,0.6,131.95,615.0,3,0
1126.38,1.4,184.97,941.41,7,1
813.8,0.8,128.54,685.26,4,1
1822.5,1.2,883.27,939.23,6,1
837.2,0.8,151.95,685.26,4,1
924.07,0.6,278.81,645.26,3,1
855.48,0.8,177.78,677.69,4,1
462.94,0.0,73.84,389.1,0,0
755.3,0.6,147.86,607.44,3,1
1593.08,1.2,744.62,848.46,6,1
461.48,0.0,64.81,396.67,0,0
751.99,0.6,121.86,630.13,3,1
995.01,1.0,254.62,740.38,5,1
758.07,0.6,127.95,630.13,3,1
882.87,0.8,182.49,700.38,4,1
725.32,0.2,235.7,489.62,1,1
609.99,0.2,105.24,504.74,1,1
1064.65,1.4,123.24,941.41,7,1
912.01,1.0,126.24,785.77,5,1
1618.18,1.0,779.46,838.72,5,1
1629.98,0.6,969.59,660.38,3,1
665.81,0.4,143.76,522.05,2,0
492.79,0.0,73.43,419.36,0,0
732.28,0.6,87.03,645.26,3,1
1020.96,1.0,242.76,778.21,5,1
930.98,1.0,137.65,793.33,5,1
1500.9,1.0,647.05,853.85,5,1
696.3,0.4,121.3,575.0,2,1
1078.01,1.2,237.11,840.9,6,1
692.64,0.4,155.46,537.18,2,1
1366.6,1.8,277.11,1089.49,9,1
1730.08,2.2,492.51,1237.56,11,1
2141.41,1.4,1147.05,994.36,7,1
891.11,0.8,183.16,707.95,4,1
511.55,0.0,99.76,411.79,0,0
929.54,0.8,214.03,715.51,4,1
798.59,0.6,168.46,630.13,3,1
967.2,1.0,173.86,793.33,5,1
510.8,0.0,106.57,404.23,0,0
485.36,0.0,66.0,419.36,0,0
1203.86,0.6,520.78,683.08,3,1
965.55,1.0,179.78,785.77,5,1
471.36,0.0,52.0,419.36,0,0
957.99,0.6,312.73,645.26,3,1
1084.47,1.2,198.19,886.28,6,1
851.76,0.8,136.24,715.51,4,1
677.26,0.4,87.14,590.13,2,1
691.88,0.4,139.57,552.31,2,0
744.46,0.6,129.46,615.0,3,0
554.46,0.2,72.41,482.05,1,1
791.32,0.6,168.76,622.56,3,1
465.91,0.0,76.81,389.1,0,0
479.11,0.0,44.62,434.49,0,0
844.18,0.8,113.54,730.64,4,0
481.58,0.0,62.22,419.36,0,0
573.0,0.2,90.95,482.05,1,1
1067.76,1.2,166.35,901.41,6,1
2137.99,1.6,1065.81,1072.18,8,1
968.82,1.2,127.92,840.9,6,1
956.23,1.0,170.46,785.77,5,1
1265.93,1.6,246.7,1019.23,8,1
508.51,0.0,74.03,434.49,0,1
805.58,0.6,152.76,652.82,3,1
778.25,0.6,117.86,660.38,3,0
839.34,0.8,101.14,738.21,4,1
593.66,0.2,141.86,451.79,1,0
852.54,0.8,129.46,723.08,4,1
486.37,0.0,82.14,404.23,0,0
1014.18,1.2,143.03,871.15,6,1
987.11,1.0,186.22,800.9,5,1
856.04,0.8,178.35,677.69,4,1
794.2,0.6,148.95,645.26,3,1
872.21,0.8,202.08,670.13,4,1
455.53,0.0,66.43,389.1,0,0
2301.35,1.4,1276.73,1024.62,7,1
942.0,1.0,186.49,755.51,5,1
1954.34,1.8,721.14,1233.21,9,1
1382.76,0.8,621.86,760.9,4,1
1016.44,1.0,223.11,793.33,5,1
573.14,0.2,106.22,466.92,1,1
1231.7,1.2,375.68,856.03,6,1
891.35,0.8,183.41,707.95,4,1
1237.46,1.6,240.92,996.54,8,1
985.73,1.0,169.7,816.03,5,1
541.46,0.2,59.41,482.05,1,0
484.7,0.0,50.22,434.49,0,0
1271.09,1.4,344.81,926.28,7,1
896.99,0.8,211.73,685.26,4,1
802.65,0.6,142.27,660.38,3,1
857.84,0.8,157.46,700.38,4,1
665.22,0.4,105.35,559.87,2,0
780.68,0.6,165.68,615.0,3,1
657.27,0.4,89.84,567.44,2,1
657.42,0.4,59.73,597.69,2,1
1046.37,1.2,175.22,871.15,6,1
687.34,0.4,89.65,597.69,2,1
1041.84,1.2,193.38,848.46,6,1
808.73,0.6,186.16,622.56,3,1
672.21,0.4,150.16,522.05,2,1
957.26,1.0,179.05,778.21,5,1
823.85,0.6,178.59,645.26,3,1
1579.91,1.0,741.19,838.72,5,1
1502.69,1.8,435.89,1066.79,9,1
1088.02,1.2,209.3,878.72,6,1
752.57,0.6,137.57,615.0,3,0
487.8,0.0,91.14,396.67,0,0
937.43,1.0,128.97,808.46,5,1
743.2,0.6,97.95,645.26,3,1
773.57,0.6,158.57,615.0,3,1
1008.36,1.2,106.95,901.41,6,1
740.2,0.6,79.81,660.38,3,1
814.97,0.6,192.41,622.56,3,1
1019.22,1.2,170.76,848.46,6,1
863.52,0.8,155.57,707.95,4,1
718.59,0.4,128.46,590.13,2,0
1344.64,1.2,465.92,878.72,6,1
935.48,1.0,172.41,763.08,5,1
541.02,0.2,51.41,489.62,1,0
759.61,0.6,114.35,645.26,3,1
674.74,0.4,122.43,552.31,2,1
857.68,0.6,189.73,667.95,3,1
1180.21,1.4,269.05,911.15,7,1
592.86,0.2,103.24,489.62,1,0
759.74,0.6,159.86,599.87,3,1
1219.75,1.4,255.65,964.1,7,1
1696.92,1.4,634.49,1062.44,7,1
1128.22,1.4,194.38,933.85,7,1
520.17,0.0,93.24,426.92,0,1
494.88,0.0,90.65,404.23,0,0
1588.17,1.6,500.86,1087.31,8,1
578.93,0.2,119.57,459.36,1,0
1381.82,0.8,620.92,760.9,4,1
1054.94,1.2,191.35,863.59,6,1
628.26,0.4,83.51,544.74,2,0
1018.98,1.2,178.08,840.9,6,1
857.06,0.8,156.68,700.38,4,1
2021.05,1.4,1011.57,1009.49,7,1
