"Total_Cost","Ratio_Reloc_Prod","Horiz_Cost","Vert_Cost","nReloc","non_Optimal"
263771.1,0.4313,71070.75,192700.32,647,128
989.19,0.8,152.65,836.54,4,0
580.0,0.0,77.43,502.56,0,0
914.28,0.6,193.38,720.9,3,1
1364.34,1.0,465.11,899.23,5,1
913.05,0.6,161.89,751.15,3,1
893.07,0.6,187.3,705.77,3,0
721.37,0.4,70.73,650.64,2,0
505.77,0.0,41.03,464.74,0,0
554.72,0.0,89.97,464.74,0,0
1088.89,0.8,252.35,836.54,4,0
825.54,0.6,81.95,743.59,3,1
523.91,0.0,66.73,457.18,0,0
974.14,1.0,112.73,861.41,5,0
901.49,0.6,165.46,736.03,3,0
1091.13,0.8,247.03,844.1,4,1
521.72,0.0,64.54,457.18,0,0
642.23,0.2,84.54,557.69,1,0
1180.16,1.0,296.05,884.1,5,0
998.04,0.8,199.32,798.72,4,1
635.92,0.2,93.35,542.56,1,0
517.45,0.0,52.7,464.74,0,0
708.69,0.4,103.43,605.26,2,1
580.59,0.0,130.97,449.62,0,0
794.06,0.4,166.11,627.95,2,1
553.45,0.0,103.84,449.62,0,0
702.3,0.4,81.92,620.38,2,0
750.47,0.4,137.65,612.82,2,0
867.41,0.6,138.95,728.46,3,0
537.29,0.0,80.11,457.18,0,1
1167.89,1.2,251.35,916.54,6,1
647.53,0.2,97.41,550.13,1,0
667.69,0.2,102.43,565.26,1,0
1007.89,0.6,264.3,743.59,3,1
1056.71,0.8,303.38,753.33,4,0
634.34,0.2,84.22,550.13,1,1
1005.3,0.6,337.35,667.95,3,1
1469.41,1.0,615.57,853.85,5,0
1336.19,1.0,414.27,921.92,5,0
598.65,0.2,71.22,527.44,1,1
1579.54,1.4,570.05,1009.49,7,0
966.83,0.8,175.68,791.15,4,1
1344.93,1.0,445.7,899.23,5,1
751.36,0.4,138.54,612.82,2,1
972.47,0.8,158.62,813.85,4,1
1135.92,0.4,500.41,635.51,2,1
1322.33,0.8,569.0,753.33,4,0
778.87,0.4,105.54,673.33,2,0
927.78,0.4,277.14,650.64,2,1
1055.47,0.6,334.57,720.9,3,1
620.83,0.0,171.22,449.62,0,0
951.52,0.4,338.7,612.82,2,0
433.74,0.0,29.51,404.23,0,0
989.0,0.8,212.97,776.03,4,0
1037.84,0.8,322.32,715.51,4,0
984.06,0.8,162.65,821.41,4,1
896.08,0.6,160.05,736.03,3,1
778.99,0.4,181.3,597.69,2,0
648.2,0.4,88.32,559.87,2,1
958.25,0.4,330.3,627.95,2,0
895.86,0.6,205.22,690.64,3,1
974.63,0.4,308.86,665.77,2,0
1130.55,0.4,525.3,605.26,2,1
778.3,0.4,97.41,680.9,2,0
678.61,0.2,113.35,565.26,1,0
779.66,0.4,121.46,658.21,2,0
825.82,0.4,205.43,620.38,2,0
694.72,0.2,129.46,565.26,1,1
688.96,0.2,123.7,565.26,1,0
647.48,0.2,97.35,550.13,1,1
641.21,0.2,83.51,557.69,1,0
933.99,0.2,368.73,565.26,1,0
928.99,0.6,230.78,698.21,3,1
924.54,0.4,296.59,627.95,2,1
1035.21,0.8,259.19,776.03,4,0
732.87,0.4,104.92,627.95,2,0
1639.21,1.0,755.11,884.1,5,0
986.23,0.4,320.46,665.77,2,1
683.71,0.2,156.27,527.44,1,0
493.3,0.0,58.81,434.49,0,1
974.23,0.4,308.46,665.77,2,0
747.18,0.2,189.49,557.69,1,0
881.59,0.2,346.59,535.0,1,1
864.08,0.4,236.14,627.95,2,0
640.18,0.2,90.05,550.13,1,1
1385.91,1.0,494.24,891.67,5,0
946.03,0.6,225.14,720.9,3,0
1097.87,0.8,276.46,821.41,4,1
882.29,0.6,131.14,751.15,3,0
543.13,0.0,85.95,457.18,0,0
663.43,0.2,128.43,535.0,1,0
927.34,0.4,276.7,650.64,2,1
1439.03,1.0,570.05,868.97,5,0
1205.84,0.6,537.89,667.95,3,0
615.16,0.2,80.16,535.0,1,1
440.01,0.0,28.22,411.79,0,1
625.78,0.0,183.73,442.05,0,0
523.53,0.0,73.92,449.62,0,0
593.4,0.2,96.22,497.18,1,1
1132.76,0.4,504.81,627.95,2,1
904.81,0.4,269.3,635.51,2,0
802.93,0.2,230.11,572.82,1,1
1047.84,0.6,311.81,736.03,3,1
760.44,0.2,233.0,527.44,1,1
662.66,0.2,142.78,519.87,1,1
682.8,0.2,125.11,557.69,1,1
762.96,0.2,197.7,565.26,1,0
1085.11,0.4,457.16,627.95,2,0
1623.37,1.0,784.65,838.72,5,1
678.91,0.2,113.65,565.26,1,0
460.89,0.0,26.41,434.49,0,1
681.46,0.4,53.51,627.95,2,0
591.29,0.2,48.73,542.56,1,1
796.82,0.6,136.43,660.38,3,1
782.04,0.6,68.7,713.33,3,1
555.69,0.0,90.95,464.74,0,0
911.37,0.4,253.16,658.21,2,0
1264.33,1.0,395.35,868.97,5,1
922.95,0.6,255.0,667.95,3,0
1198.32,0.4,547.68,650.64,2,0
907.86,0.4,257.22,650.64,2,1
887.04,0.4,221.27,665.77,2,0
1012.44,0.4,346.68,665.77,2,0
543.94,0.0,86.76,457.18,0,1
673.8,0.2,108.54,565.26,1,0
1004.7,0.8,236.24,768.46,4,0
1522.92,1.0,601.0,921.92,5,0
562.15,0.0,89.84,472.31,0,1
663.28,0.2,98.03,565.26,1,1
943.18,0.6,199.59,743.59,3,0
929.05,0.6,185.46,743.59,3,1
586.26,0.0,129.08,457.18,0,1
804.59,0.2,262.03,542.56,1,1
772.01,0.2,206.76,565.26,1,0
1363.13,1.0,471.46,891.67,5,0
664.73,0.2,137.3,527.44,1,0
931.29,0.4,288.22,643.08,2,1
1340.84,0.8,519.43,821.41,4,0
792.49,0.4,156.97,635.51,2,0
885.91,0.2,335.78,550.13,1,1
1150.23,0.8,359.08,791.15,4,0
1061.0,0.4,433.05,627.95,2,0
711.26,0.2,153.57,557.69,1,0
513.29,0.0,56.11,457.18,0,0
1863.83,0.6,1226.14,637.69,3,1
725.01,0.2,152.19,572.82,1,0
808.77,0.2,251.08,557.69,1,1
1092.19,0.4,517.19,575.0,2,1
1051.21,0.6,307.62,743.59,3,1
959.9,0.6,246.57,713.33,3,0
976.65,0.6,301.14,675.51,3,1
667.39,0.2,155.08,512.31,1,0
755.55,0.2,190.3,565.26,1,0
674.94,0.2,117.24,557.69,1,1
663.8,0.2,98.54,565.26,1,0
734.93,0.4,114.54,620.38,2,1
588.96,0.0,131.78,457.18,0,1
797.73,0.6,175.16,622.56,3,1
1008.27,0.8,239.81,768.46,4,0
928.81,0.6,192.78,736.03,3,1
1126.71,0.8,320.43,806.28,4,0
726.71,0.4,106.32,620.38,2,0
562.69,0.0,97.95,464.74,0,1
595.67,0.0,138.49,457.18,0,0
535.65,0.0,108.73,426.92,0,1
504.92,0.0,70.43,434.49,0,1
711.71,0.6,51.32,660.38,3,1
886.65,0.4,251.14,635.51,2,0
1003.69,0.8,212.54,791.15,4,1
672.61,0.4,74.92,597.69,2,0
438.5,0.0,26.7,411.79,0,1
891.15,0.2,333.46,557.69,1,0
783.07,0.2,225.38,557.69,1,0
1473.44,1.4,471.51,1001.92,7,1
1118.97,0.6,435.89,683.08,3,1
706.92,0.4,124.35,582.56,2,1
778.16,0.4,135.08,643.08,2,0
722.1,0.2,164.41,557.69,1,0
564.48,0.0,114.86,449.62,0,1
581.11,0.2,46.11,535.0,1,1
504.07,0.0,92.27,411.79,0,1
541.24,0.0,106.76,434.49,0,1
443.2,0.0,31.41,411.79,0,1
676.43,0.2,133.86,542.56,1,0
1090.1,0.8,298.95,791.15,4,1
677.8,0.2,112.54,565.26,1,0
698.0,0.2,170.57,527.44,1,0
1378.05,1.0,546.89,831.15,5,0
573.31,0.2,76.14,497.18,1,1
658.61,0.2,100.92,557.69,1,1
925.81,0.4,282.73,643.08,2,1
814.75,0.2,264.62,550.13,1,0
757.16,0.4,174.59,582.56,2,0
1030.67,0.6,340.03,690.64,3,1
669.63,0.2,104.38,565.26,1,0
814.46,0.4,186.51,627.95,2,0
674.77,0.2,109.51,565.26,1,0
960.58,0.4,347.76,612.82,2,1
553.96,0.0,89.22,464.74,0,0
1356.93,0.8,558.22,798.72,4,0
699.04,0.4,101.35,597.69,2,1
598.28,0.4,38.41,559.87,2,1
1548.18,1.2,624.08,924.1,6,0
900.6,0.2,380.73,519.87,1,1
1284.34,0.8,546.14,738.21,4,1
1536.8,1.0,690.51,846.28,5,0
741.88,0.2,176.62,565.26,1,1
1191.82,0.6,486.05,705.77,3,0
974.21,0.6,238.19,736.03,3,1
725.58,0.2,167.89,557.69,1,0
700.82,0.0,220.95,479.87,0,1
1027.59,0.4,384.51,643.08,2,1
1137.4,0.6,401.38,736.03,3,0
772.15,0.2,206.89,565.26,1,0
936.25,0.6,222.92,713.33,3,1
660.14,0.2,140.27,519.87,1,0
1393.62,1.2,409.0,984.62,6,0
766.81,0.4,123.73,643.08,2,1
1256.17,0.8,442.32,813.85,4,0
1037.43,0.8,261.41,776.03,4,0
782.02,0.2,224.32,557.69,1,0
1277.54,0.6,533.95,743.59,3,0
1070.5,0.6,357.16,713.33,3,0
672.16,0.2,137.16,535.0,1,1
715.31,0.2,150.05,565.26,1,1
488.51,0.0,54.03,434.49,0,0
1256.7,0.8,420.16,836.54,4,0
944.62,0.6,208.59,736.03,3,1
1181.66,1.0,282.43,899.23,5,0
1346.26,0.8,487.03,859.23,4,0
778.29,0.4,127.65,650.64,2,1
713.94,0.2,171.38,542.56,1,0
800.67,0.4,157.59,643.08,2,1
543.18,0.0,93.57,449.62,0,0
1298.36,1.2,336.43,961.92,6,1
584.07,0.0,134.46,449.62,0,1
671.32,0.2,136.32,535.0,1,1
1464.34,0.8,733.7,730.64,4,1
1122.35,0.6,393.89,728.46,3,0
571.36,0.0,99.05,472.31,0,0
1011.45,0.8,220.3,791.15,4,0
549.02,0.0,99.41,449.62,0,0
1188.33,1.0,266.41,921.92,5,0
784.58,0.4,111.24,673.33,2,0
893.81,0.6,157.78,736.03,3,0
1070.21,0.6,372.0,698.21,3,0
688.61,0.2,138.49,550.13,1,0
1272.01,0.8,458.16,813.85,4,0
1207.55,0.8,393.7,813.85,4,1
539.14,0.0,104.65,434.49,0,0
526.6,0.0,92.11,434.49,0,0
684.04,0.0,226.86,457.18,0,0
1393.51,1.0,509.41,884.1,5,0
1253.4,0.8,462.24,791.15,4,0
738.57,0.2,211.14,527.44,1,1
1010.09,0.8,188.68,821.41,4,0
755.26,0.2,190.0,565.26,1,1
915.77,0.4,250.0,665.77,2,0
604.79,0.2,77.35,527.44,1,1
2316.19,1.0,1386.7,929.49,5,0
1041.49,0.2,521.62,519.87,1,1
640.31,0.0,168.0,472.31,0,0
1302.67,1.2,318.05,984.62,6,0
834.14,0.4,160.81,673.33,2,1
1316.32,1.0,439.78,876.54,5,0
1460.9,1.0,538.97,921.92,5,0
542.47,0.0,77.73,464.74,0,1
1000.77,0.8,194.49,806.28,4,0
1113.82,0.6,468.57,645.26,3,1
1118.55,0.8,312.27,806.28,4,0
1000.15,0.6,233.86,766.28,3,0
906.5,0.4,248.3,658.21,2,0
544.72,0.0,87.54,457.18,0,0
1116.13,0.8,279.59,836.54,4,1
608.23,0.0,143.49,464.74,0,1
837.77,0.4,172.0,665.77,2,0
910.65,0.6,182.19,728.46,3,0
578.53,0.0,113.78,464.74,0,0
635.11,0.2,100.11,535.0,1,1
667.6,0.2,140.16,527.44,1,0
896.6,0.4,268.65,627.95,2,1
1148.26,0.6,381.97,766.28,3,0
1021.36,0.8,215.08,806.28,4,1
541.91,0.0,84.73,457.18,0,1
1045.44,0.6,324.54,720.9,3,0
1058.27,0.6,314.68,743.59,3,0
979.58,0.4,321.38,658.21,2,0
796.27,0.4,153.19,643.08,2,0
671.8,0.2,106.54,565.26,1,1
559.18,0.0,94.43,464.74,0,0
940.46,0.6,212.0,728.46,3,0
937.61,0.4,271.84,665.77,2,0
690.28,0.2,170.41,519.87,1,0
674.03,0.2,139.03,535.0,1,1
795.05,0.6,111.97,683.08,3,0
1010.93,0.4,345.16,665.77,2,0
1263.77,0.8,396.97,866.79,4,0
805.29,0.4,207.59,597.69,2,1
1077.15,1.0,238.43,838.72,5,1
807.18,0.2,249.49,557.69,1,1
632.99,0.2,67.73,565.26,1,0
