"Total_Cost","Ratio_Reloc_Prod","Horiz_Cost","Vert_Cost","nReloc","non_Optimal"
253735.78,0.4267,62813.17,190922.64,640,214
770.42,0.4,104.65,665.77,2,1
523.66,0.0,58.92,464.74,0,0
772.88,0.4,114.68,658.21,2,1
871.78,0.4,228.7,643.08,2,1
778.71,0.4,150.76,627.95,2,1
956.95,0.8,188.49,768.46,4,1
731.02,0.4,87.95,643.08,2,1
828.33,0.6,107.43,720.9,3,1
698.22,0.2,163.22,535.0,1,1
680.85,0.4,68.03,612.82,2,0
785.84,0.4,157.89,627.95,2,0
1374.46,0.8,651.38,723.08,4,1
713.96,0.2,148.7,565.26,1,0
978.29,0.8,179.57,798.72,4,1
767.83,0.4,124.76,643.08,2,1
530.26,0.0,65.51,464.74,0,0
525.42,0.0,68.24,457.18,0,0
818.85,0.6,120.65,698.21,3,1
920.91,0.4,262.7,658.21,2,1
544.33,0.0,72.03,472.31,0,0
868.6,0.4,240.65,627.95,2,1
1064.37,1.0,180.27,884.1,5,1
997.74,0.8,236.84,760.9,4,1
1241.12,1.4,201.38,1039.74,7,1
940.91,0.6,197.32,743.59,3,1
504.1,0.0,46.92,457.18,0,0
758.0,0.4,122.49,635.51,2,1
685.45,0.4,95.32,590.13,2,1
1425.61,0.8,687.41,738.21,4,1
648.76,0.2,60.81,587.95,1,1
1017.11,0.8,241.08,776.03,4,1
702.7,0.4,112.57,590.13,2,1
1126.46,0.8,403.38,723.08,4,1
918.48,0.6,174.89,743.59,3,1
647.92,0.2,105.35,542.56,1,0
818.1,0.4,159.89,658.21,2,0
603.07,0.0,145.89,457.18,0,0
609.66,0.0,144.92,464.74,0,0
580.05,0.0,138.0,442.05,0,0
1089.97,1.0,221.0,868.97,5,1
1339.89,0.6,664.38,675.51,3,1
710.14,0.2,129.76,580.38,1,0
1286.2,1.0,447.49,838.72,5,1
739.34,0.2,181.65,557.69,1,0
679.56,0.2,121.86,557.69,1,1
1081.74,1.0,235.46,846.28,5,1
522.26,0.0,57.51,464.74,0,0
650.08,0.2,122.65,527.44,1,0
798.95,0.6,85.62,713.33,3,1
1066.26,1.0,227.54,838.72,5,1
938.29,0.6,194.7,743.59,3,1
519.4,0.0,62.22,457.18,0,0
876.67,0.8,85.51,791.15,4,1
692.31,0.2,127.05,565.26,1,0
826.34,0.4,160.57,665.77,2,0
773.73,0.6,90.65,683.08,3,1
759.56,0.4,101.35,658.21,2,0
751.16,0.4,115.65,635.51,2,1
946.6,0.6,286.22,660.38,3,1
713.26,0.6,68.0,645.26,3,1
652.56,0.2,110.0,542.56,1,1
654.88,0.2,104.76,550.13,1,1
1611.0,0.8,887.92,723.08,4,1
826.85,0.4,161.08,665.77,2,0
995.48,0.8,211.89,783.59,4,1
1105.94,1.0,161.32,944.62,5,1
634.27,0.2,106.84,527.44,1,1
530.75,0.0,88.7,442.05,0,0
1072.3,0.2,552.43,519.87,1,1
842.76,0.4,214.81,627.95,2,1
1367.04,0.8,628.84,738.21,4,1
722.52,0.2,149.7,572.82,1,0
552.9,0.0,73.03,479.87,0,0
936.34,0.8,145.19,791.15,4,1
768.65,0.4,148.27,620.38,2,1
1014.52,0.6,293.62,720.9,3,1
1179.8,0.6,474.03,705.77,3,1
650.78,0.2,108.22,542.56,1,1
1071.54,1.0,202.57,868.97,5,1
1367.19,1.0,566.3,800.9,5,1
1290.52,0.6,562.05,728.46,3,1
641.57,0.2,106.57,535.0,1,0
1410.68,0.8,657.35,753.33,4,1
808.41,0.4,135.08,673.33,2,0
780.58,0.4,175.32,605.26,2,1
952.74,0.6,246.97,705.77,3,1
590.44,0.2,63.0,527.44,1,1
661.01,0.2,95.76,565.26,1,1
569.41,0.2,34.41,535.0,1,0
715.4,0.2,172.84,542.56,1,1
539.66,0.0,74.92,464.74,0,0
834.37,0.4,176.16,658.21,2,1
668.69,0.2,95.86,572.82,1,1
1023.15,0.6,272.0,751.15,3,1
658.78,0.2,123.78,535.0,1,0
659.36,0.2,94.11,565.26,1,0
879.06,0.6,158.16,720.9,3,1
1128.82,0.6,468.43,660.38,3,1
546.47,0.0,81.73,464.74,0,1
588.61,0.0,123.86,464.74,0,1
1602.16,1.6,552.68,1049.49,8,1
1074.78,0.6,323.62,751.15,3,1
606.46,0.0,111.46,495.0,0,0
684.53,0.2,119.27,565.26,1,0
665.31,0.2,100.05,565.26,1,0
653.18,0.2,87.92,565.26,1,1
554.07,0.0,104.46,449.62,0,1
453.19,0.0,18.7,434.49,0,1
775.78,0.4,140.27,635.51,2,1
855.18,0.6,156.97,698.21,3,1
513.88,0.0,49.14,464.74,0,1
740.81,0.4,173.38,567.44,2,1
911.7,0.8,181.05,730.64,4,1
1476.59,0.8,761.08,715.51,4,1
1369.91,0.8,631.7,738.21,4,1
1029.65,0.8,200.68,828.97,4,1
1418.44,1.0,678.05,740.38,5,1
694.2,0.2,121.38,572.82,1,1
872.22,0.6,143.76,728.46,3,0
819.73,0.4,184.22,635.51,2,0
533.88,0.0,69.14,464.74,0,0
1410.96,1.0,572.24,838.72,5,1
1785.47,0.8,1024.57,760.9,4,1
722.74,0.2,142.35,580.38,1,0
1224.91,0.8,486.7,738.21,4,1
813.55,0.4,132.65,680.9,2,1
782.28,0.4,108.95,673.33,2,0
673.8,0.2,108.54,565.26,1,1
634.37,0.2,84.24,550.13,1,0
693.17,0.2,120.35,572.82,1,0
909.47,0.8,95.62,813.85,4,1
1670.29,1.2,799.14,871.15,6,1
1384.03,0.4,816.59,567.44,2,1
791.76,0.4,163.81,627.95,2,0
626.03,0.2,106.16,519.87,1,0
585.48,0.0,128.3,457.18,0,0
921.4,0.4,278.32,643.08,2,1
698.12,0.2,132.86,565.26,1,0
739.77,0.4,74.0,665.77,2,1
706.61,0.4,101.35,605.26,2,1
741.89,0.4,113.95,627.95,2,1
1306.32,0.4,716.19,590.13,2,1
1103.33,0.8,274.35,828.97,4,1
999.95,0.4,432.51,567.44,2,1
879.29,0.6,128.14,751.15,3,1
873.14,0.6,152.24,720.9,3,1
751.3,0.4,123.35,627.95,2,1
742.68,0.4,114.73,627.95,2,1
1737.16,1.0,928.7,808.46,5,1
801.93,0.4,136.16,665.77,2,1
708.23,0.2,142.97,565.26,1,1
627.43,0.2,92.43,535.0,1,1
815.23,0.4,149.46,665.77,2,1
702.93,0.2,137.68,565.26,1,0
759.09,0.4,146.27,612.82,2,1
651.92,0.4,76.92,575.0,2,1
685.15,0.2,119.89,565.26,1,1
649.04,0.2,91.35,557.69,1,1
944.6,0.8,191.27,753.33,4,1
848.06,0.6,127.16,720.9,3,0
940.72,0.8,149.57,791.15,4,1
1380.31,0.8,642.11,738.21,4,1
897.38,0.6,161.35,736.03,3,1
1698.03,0.8,997.65,700.38,4,1
1120.58,1.0,213.78,906.79,5,1
646.69,0.2,81.43,565.26,1,1
1278.55,0.6,618.16,660.38,3,1
845.42,0.6,139.65,705.77,3,1
1488.67,1.4,395.97,1092.69,7,1
680.06,0.2,107.24,572.82,1,0
797.23,0.4,131.46,665.77,2,0
696.61,0.4,91.35,605.26,2,1
549.56,0.0,99.95,449.62,0,1
503.89,0.0,61.84,442.05,0,1
835.55,0.6,122.22,713.33,3,1
812.04,0.4,146.27,665.77,2,1
1356.53,0.8,618.32,738.21,4,1
1217.56,1.0,272.95,944.62,5,1
948.42,0.6,189.7,758.72,3,1
662.28,0.2,97.03,565.26,1,0
768.44,0.4,140.49,627.95,2,1
619.74,0.0,155.0,464.74,0,0
660.99,0.2,95.73,565.26,1,0
675.5,0.2,110.24,565.26,1,0
643.2,0.2,77.95,565.26,1,0
683.31,0.2,118.05,565.26,1,0
661.39,0.2,96.14,565.26,1,0
668.4,0.2,125.84,542.56,1,1
1340.09,0.8,639.7,700.38,4,1
576.52,0.0,96.65,479.87,0,0
823.51,0.4,188.0,635.51,2,0
1321.35,0.8,598.27,723.08,4,1
1194.93,0.6,542.11,652.82,3,1
605.29,0.0,102.73,502.56,0,0
516.64,0.0,67.03,449.62,0,0
636.46,0.2,109.03,527.44,1,0
864.38,0.6,143.49,720.9,3,1
794.31,0.4,128.54,665.77,2,1
568.39,0.0,103.65,464.74,0,1
800.33,0.4,187.51,612.82,2,0
715.1,0.2,157.41,557.69,1,1
626.2,0.2,121.46,504.74,1,0
525.46,0.2,58.54,466.92,1,1
850.56,0.6,152.35,698.21,3,1
776.17,0.4,102.84,673.33,2,1
790.78,0.6,115.27,675.51,3,1
692.01,0.2,126.76,565.26,1,1
643.81,0.2,101.24,542.56,1,0
969.74,0.8,208.84,760.9,4,1
834.32,0.6,143.68,690.64,3,1
1590.19,0.8,882.24,707.95,4,1
986.84,0.8,157.86,828.97,4,1
941.75,0.8,150.59,791.15,4,1
616.45,0.0,151.7,464.74,0,0
599.15,0.0,134.41,464.74,0,1
732.63,0.6,72.24,660.38,3,0
619.32,0.2,84.32,535.0,1,1
1098.38,1.0,289.92,808.46,5,1
1309.5,1.4,277.32,1032.18,7,1
1077.01,1.0,230.73,846.28,5,1
1299.47,1.0,460.76,838.72,5,1
646.18,0.2,80.92,565.26,1,1
957.97,0.6,221.95,736.03,3,0
512.72,0.0,63.11,449.62,0,0
736.45,0.2,186.32,550.13,1,1
1187.74,1.0,333.89,853.85,5,1
858.44,0.4,185.11,673.33,2,0
829.9,0.4,156.57,673.33,2,1
670.47,0.2,97.65,572.82,1,1
921.02,0.8,129.86,791.15,4,1
906.57,0.6,178.11,728.46,3,0
1189.79,0.8,375.95,813.85,4,1
565.2,0.0,100.46,464.74,0,0
903.31,0.4,237.54,665.77,2,1
780.63,0.4,114.86,665.77,2,1
869.84,0.6,194.32,675.51,3,1
662.31,0.2,97.05,565.26,1,1
837.23,0.4,179.03,658.21,2,0
859.66,0.4,193.89,665.77,2,0
727.52,0.2,154.7,572.82,1,0
800.53,0.6,102.32,698.21,3,1
902.05,0.6,226.54,675.51,3,1
665.91,0.2,100.65,565.26,1,0
974.64,0.6,215.92,758.72,3,1
534.37,0.0,69.62,464.74,0,1
1012.18,1.0,173.46,838.72,5,1
744.76,0.4,109.24,635.51,2,1
809.25,0.4,181.3,627.95,2,1
581.34,0.0,124.16,457.18,0,1
1417.74,0.8,717.35,700.38,4,1
1082.72,0.8,299.14,783.59,4,1
570.6,0.0,136.11,434.49,0,1
829.41,0.2,301.97,527.44,1,1
644.57,0.2,109.57,535.0,1,0
686.47,0.4,81.22,605.26,2,0
617.12,0.2,97.24,519.87,1,1
522.69,0.0,65.51,457.18,0,1
1367.74,0.4,823.0,544.74,2,1
572.23,0.0,115.05,457.18,0,1
873.4,0.4,222.76,650.64,2,0
973.64,0.6,222.49,751.15,3,1
722.98,0.4,95.03,627.95,2,0
815.23,0.4,149.46,665.77,2,1
541.77,0.0,77.03,464.74,0,1
741.26,0.2,176.0,565.26,1,1
564.88,0.0,100.14,464.74,0,1
838.83,0.4,188.19,650.64,2,1
634.07,0.0,169.32,464.74,0,1
973.04,0.8,159.19,813.85,4,1
1446.88,0.6,756.24,690.64,3,1
943.41,0.6,214.95,728.46,3,1
850.55,0.4,184.78,665.77,2,1
777.37,0.4,119.16,658.21,2,1
866.45,0.4,208.24,658.21,2,1
805.19,0.4,177.24,627.95,2,1
1095.69,0.8,296.97,798.72,4,1
526.85,0.0,62.11,464.74,0,1
553.85,0.0,81.54,472.31,0,0
601.87,0.2,82.0,519.87,1,1
639.02,0.2,81.32,557.69,1,0
802.27,0.4,159.19,643.08,2,1
686.4,0.2,136.27,550.13,1,0
632.08,0.2,89.51,542.56,1,1
731.4,0.2,173.7,557.69,1,1
535.95,0.0,101.46,434.49,0,1
695.8,0.2,138.11,557.69,1,0
718.24,0.2,168.11,550.13,1,0
889.25,0.8,128.35,760.9,4,1
572.7,0.2,37.7,535.0,1,1
1225.17,0.6,511.84,713.33,3,1
631.95,0.0,144.51,487.44,0,1
801.03,0.6,140.65,660.38,3,1
770.04,0.2,212.35,557.69,1,1
811.32,0.4,160.68,650.64,2,0
710.74,0.2,145.49,565.26,1,1
1302.97,0.6,619.89,683.08,3,1
680.94,0.2,123.24,557.69,1,1
719.64,0.4,121.95,597.69,2,0
637.16,0.2,87.03,550.13,1,1
953.92,0.6,217.89,736.03,3,1
