"Total_Cost","Ratio_Reloc_Prod","Horiz_Cost","Vert_Cost","nReloc","non_Optimal"
233574.2,0.5007,38733.61,194840.63,751,125
645.6,0.2,65.22,580.38,1,0
897.61,0.8,91.32,806.28,4,0
529.98,0.0,50.11,479.87,0,0
757.07,0.4,98.86,658.21,2,0
1037.49,1.0,123.14,914.36,5,1
509.01,0.0,36.7,472.31,0,0
1193.61,1.4,153.86,1039.74,7,1
561.09,0.0,96.35,464.74,0,0
578.2,0.0,98.32,479.87,0,0
643.83,0.4,53.7,590.13,2,0
695.85,0.2,138.16,557.69,1,0
1102.17,1.2,140.24,961.92,6,0
809.99,0.4,151.78,658.21,2,0
747.4,0.4,96.76,650.64,2,1
925.47,0.6,212.14,713.33,3,1
547.1,0.0,89.92,457.18,0,0
446.06,0.0,26.7,419.36,0,0
650.32,0.2,107.76,542.56,1,0
883.15,0.8,137.38,745.77,4,0
1057.1,1.0,173.0,884.1,5,0
929.9,0.6,216.57,713.33,3,1
1435.87,0.6,767.92,667.95,3,1
971.76,0.8,142.78,828.97,4,0
825.97,0.6,142.89,683.08,3,1
450.06,0.0,30.7,419.36,0,0
618.5,0.2,60.81,557.69,1,1
603.09,0.2,98.35,504.74,1,1
636.46,0.2,101.46,535.0,1,0
822.37,0.6,124.16,698.21,3,1
493.13,0.0,43.51,449.62,0,0
459.36,0.0,40.0,419.36,0,0
546.53,0.0,89.35,457.18,0,1
485.75,0.0,43.7,442.05,0,0
870.18,0.8,131.97,738.21,4,0
462.17,0.0,42.81,419.36,0,0
885.25,0.6,156.78,728.46,3,1
874.04,0.6,160.7,713.33,3,0
896.3,0.8,120.27,776.03,4,0
656.34,0.2,106.22,550.13,1,0
919.53,0.8,128.38,791.15,4,1
635.63,0.2,62.81,572.82,1,0
764.13,0.4,121.05,643.08,2,0
670.61,0.4,72.92,597.69,2,0
584.51,0.2,49.51,535.0,1,0
703.47,0.6,58.22,645.26,3,1
742.35,0.6,74.41,667.95,3,0
1112.38,1.2,150.46,961.92,6,0
656.36,0.2,83.54,572.82,1,0
513.83,0.0,64.22,449.62,0,0
813.43,0.4,177.92,635.51,2,1
774.95,0.4,147.0,627.95,2,0
848.48,0.6,150.27,698.21,3,1
900.05,0.8,116.46,783.59,4,0
629.67,0.2,79.54,550.13,1,0
801.85,0.6,103.65,698.21,3,0
483.13,0.0,33.51,449.62,0,0
790.59,0.6,99.95,690.64,3,0
705.5,0.4,100.24,605.26,2,0
672.64,0.2,114.95,557.69,1,1
554.31,0.2,57.14,497.18,1,0
710.04,0.4,112.35,597.69,2,1
618.4,0.2,75.84,542.56,1,0
713.32,0.4,123.19,590.13,2,0
605.39,0.0,133.08,472.31,0,1
1203.72,1.4,232.05,971.67,7,1
669.96,0.4,64.7,605.26,2,0
638.45,0.2,88.32,550.13,1,0
1067.12,1.2,173.27,893.85,6,1
1026.89,1.0,203.3,823.59,5,0
671.21,0.4,73.51,597.69,2,0
814.37,0.8,83.73,730.64,4,1
801.13,0.6,118.05,683.08,3,1
817.61,0.6,126.97,690.64,3,0
985.47,1.0,139.19,846.28,5,0
722.44,0.2,202.57,519.87,1,0
925.4,1.0,169.89,755.51,5,0
898.84,0.8,137.95,760.9,4,1
500.22,0.0,65.73,434.49,0,1
681.04,0.4,83.35,597.69,2,1
656.52,0.4,96.65,559.87,2,1
682.81,0.4,100.24,582.56,2,0
632.51,0.2,89.95,542.56,1,0
720.96,0.2,155.7,565.26,1,1
920.53,0.8,129.38,791.15,4,0
620.33,0.2,108.03,512.31,1,0
786.05,0.6,110.54,675.51,3,0
450.47,0.0,31.11,419.36,0,0
676.56,0.4,86.43,590.13,2,0
887.74,0.8,141.97,745.77,4,0
544.16,0.0,94.54,449.62,0,1
522.9,0.0,95.97,426.92,0,0
780.17,0.8,87.35,692.82,4,1
714.76,0.4,79.24,635.51,2,1
602.41,0.2,67.41,535.0,1,1
1039.46,1.2,138.05,901.41,6,0
554.37,0.2,49.62,504.74,1,1
883.38,0.6,207.86,675.51,3,0
968.38,0.6,232.35,736.03,3,1
665.66,0.2,92.84,572.82,1,0
613.78,0.2,71.22,542.56,1,1
913.86,1.0,97.84,816.03,5,1
783.37,0.6,92.73,690.64,3,0
457.06,0.0,37.7,419.36,0,0
606.15,0.2,108.97,497.18,1,0
655.54,0.4,80.54,575.0,2,1
864.0,0.8,80.41,783.59,4,1
559.28,0.0,94.54,464.74,0,0
474.68,0.0,55.32,419.36,0,0
501.25,0.0,74.32,426.92,0,1
811.03,0.6,90.14,720.9,3,0
792.25,0.6,131.86,660.38,3,1
688.8,0.2,123.54,565.26,1,0
1001.22,1.0,132.24,868.97,5,1
827.35,0.6,159.41,667.95,3,0
1270.33,0.6,602.38,667.95,3,1
1075.23,1.2,143.57,931.67,6,0
703.11,0.2,115.16,587.95,1,0
922.02,0.8,130.86,791.15,4,0
654.4,0.4,56.7,597.69,2,0
1149.86,1.4,178.19,971.67,7,0
1045.84,1.2,136.86,908.97,6,1
1202.76,1.4,208.41,994.36,7,0
879.71,0.6,158.81,720.9,3,0
708.64,0.4,110.95,597.69,2,1
545.99,0.0,81.24,464.74,0,1
747.09,0.4,134.27,612.82,2,1
1027.99,0.8,282.22,745.77,4,0
903.1,0.8,111.95,791.15,4,1
1134.59,1.4,170.49,964.1,7,0
630.93,0.2,111.05,519.87,1,1
619.74,0.2,99.86,519.87,1,1
723.83,0.6,86.14,637.69,3,1
765.99,0.4,115.35,650.64,2,0
1375.41,1.4,373.49,1001.92,7,0
1098.23,1.2,211.95,886.28,6,0
892.38,0.8,116.35,776.03,4,1
773.66,0.4,115.46,658.21,2,1
787.77,0.4,129.57,658.21,2,0
923.23,0.8,116.95,806.28,4,1
570.49,0.2,50.62,519.87,1,0
636.21,0.2,78.51,557.69,1,1
744.27,0.6,76.32,667.95,3,0
610.54,0.4,43.11,567.44,2,0
912.08,0.8,136.05,776.03,4,1
896.03,0.8,127.57,768.46,4,0
1482.82,0.8,782.43,700.38,4,1
1054.35,1.2,145.38,908.97,6,1
653.73,0.2,111.16,542.56,1,0
791.93,0.6,93.73,698.21,3,0
1136.77,1.2,205.11,931.67,6,0
769.12,0.4,156.3,612.82,2,1
1086.24,0.8,310.22,776.03,4,0
855.12,0.8,162.3,692.82,4,0
691.83,0.4,109.27,582.56,2,0
855.84,0.6,127.38,728.46,3,0
607.43,0.2,72.43,535.0,1,1
913.38,0.8,152.49,760.9,4,0
1419.78,0.6,744.27,675.51,3,1
907.06,0.8,93.22,813.85,4,1
1181.87,1.2,219.95,961.92,6,0
938.39,0.8,139.68,798.72,4,1
619.63,0.2,99.76,519.87,1,0
753.42,0.4,140.59,612.82,2,0
446.76,0.0,27.41,419.36,0,0
735.63,0.4,115.24,620.38,2,0
710.34,0.4,112.65,597.69,2,0
733.62,0.6,111.05,622.56,3,0
1208.06,1.4,206.14,1001.92,7,0
935.99,0.8,137.27,798.72,4,0
555.46,0.0,68.03,487.44,0,0
961.96,0.6,210.81,751.15,3,0
716.23,0.4,110.97,605.26,2,0
720.84,0.4,100.46,620.38,2,1
1465.06,0.8,764.68,700.38,4,1
735.32,0.6,59.81,675.51,3,1
616.13,0.2,118.95,497.18,1,1
666.32,0.4,83.76,582.56,2,0
709.98,0.4,82.03,627.95,2,0
544.99,0.0,80.24,464.74,0,0
663.59,0.2,128.59,535.0,1,0
625.69,0.2,68.0,557.69,1,1
629.78,0.2,87.22,542.56,1,1
543.61,0.0,86.43,457.18,0,1
1054.03,1.0,139.68,914.36,5,0
505.35,0.0,55.73,449.62,0,0
640.12,0.2,82.43,557.69,1,1
1061.03,1.0,199.62,861.41,5,1
884.6,0.8,131.27,753.33,4,0
810.0,0.6,134.49,675.51,3,0
618.73,0.2,83.73,535.0,1,1
793.91,0.6,110.84,683.08,3,0
708.97,0.2,166.41,542.56,1,1
1113.99,1.0,222.32,891.67,5,0
898.47,0.8,137.57,760.9,4,1
945.27,0.8,229.76,715.51,4,0
476.41,0.0,41.92,434.49,0,1
547.5,0.2,50.32,497.18,1,1
503.62,0.0,69.14,434.49,0,1
505.97,0.0,63.92,442.05,0,1
845.4,0.8,114.76,730.64,4,1
807.68,0.6,147.3,660.38,3,0
519.59,0.0,77.54,442.05,0,1
742.44,0.6,89.62,652.82,3,0
912.66,0.8,166.89,745.77,4,0
545.31,0.0,73.0,472.31,0,0
839.25,0.6,118.35,720.9,3,1
580.3,0.2,60.43,519.87,1,1
902.96,0.6,204.76,698.21,3,0
614.48,0.2,71.92,542.56,1,1
804.1,0.6,113.46,690.64,3,1
699.53,0.2,149.41,550.13,1,0
836.02,0.8,112.95,723.08,4,0
836.85,0.8,98.65,738.21,4,1
949.45,0.8,165.86,783.59,4,0
768.7,0.6,78.05,690.64,3,0
952.01,1.0,105.73,846.28,5,1
875.5,0.8,122.16,753.33,4,1
720.31,0.4,115.05,605.26,2,1
836.75,0.6,146.11,690.64,3,0
940.06,1.0,139.16,800.9,5,0
1023.84,1.0,154.86,868.97,5,0
1485.07,0.8,746.86,738.21,4,1
1125.9,1.0,264.49,861.41,5,0
1004.35,1.0,120.24,884.1,5,0
527.55,0.0,62.81,464.74,0,1
537.92,0.0,95.86,442.05,0,1
677.63,0.2,165.32,512.31,1,1
667.42,0.4,69.73,597.69,2,0
663.43,0.2,120.86,542.56,1,1
736.24,0.4,146.11,590.13,2,1
937.07,1.0,98.35,838.72,5,1
730.63,0.4,125.38,605.26,2,1
791.13,0.8,75.62,715.51,4,0
598.42,0.4,46.11,552.31,2,0
761.97,0.6,71.32,690.64,3,1
729.42,0.4,124.16,605.26,2,0
877.38,0.6,156.49,720.9,3,0
643.08,0.4,60.51,582.56,2,1
733.53,0.4,75.32,658.21,2,0
641.37,0.2,91.24,550.13,1,0
1087.49,1.2,186.08,901.41,6,0
485.16,0.0,43.11,442.05,0,1
586.25,0.2,58.81,527.44,1,0
612.95,0.4,45.51,567.44,2,0
807.72,0.6,101.95,705.77,3,1
667.97,0.4,77.84,590.13,2,1
659.15,0.2,101.46,557.69,1,1
857.38,0.8,81.35,776.03,4,0
1137.58,1.4,150.78,986.79,7,0
578.63,0.2,66.32,512.31,1,0
1210.14,1.4,140.14,1070.0,7,0
1032.63,0.2,520.32,512.31,1,1
801.14,0.6,87.81,713.33,3,1
656.28,0.2,91.03,565.26,1,1
592.51,0.2,57.51,535.0,1,0
758.0,0.4,130.05,627.95,2,0
466.76,0.0,47.41,419.36,0,0
1070.4,1.0,186.3,884.1,5,0
697.96,0.4,85.14,612.82,2,0
819.95,0.6,152.0,667.95,3,0
649.32,0.2,106.76,542.56,1,0
900.86,0.8,124.84,776.03,4,1
781.92,0.4,146.41,635.51,2,1
774.21,0.4,123.57,650.64,2,1
897.93,0.6,199.73,698.21,3,0
939.4,1.0,123.38,816.03,5,0
836.25,0.8,82.92,753.33,4,1
596.82,0.2,76.95,519.87,1,0
602.03,0.0,122.16,479.87,0,0
720.65,0.4,138.08,582.56,2,1
1055.35,1.2,146.38,908.97,6,1
809.87,0.4,181.92,627.95,2,1
624.35,0.4,56.92,567.44,2,0
893.65,0.6,165.19,728.46,3,0
853.71,0.6,140.38,713.33,3,1
771.32,0.6,88.24,683.08,3,1
790.63,0.6,69.73,720.9,3,0
852.03,0.8,144.08,707.95,4,0
637.52,0.2,110.08,527.44,1,1
695.54,0.2,168.11,527.44,1,0
667.96,0.2,95.14,572.82,1,1
551.96,0.0,87.22,464.74,0,1
707.99,0.6,62.73,645.26,3,1
684.83,0.4,87.14,597.69,2,1
757.37,0.4,106.73,650.64,2,0
961.58,1.0,175.81,785.77,5,0
836.71,0.6,123.38,713.33,3,0
537.72,0.0,80.54,457.18,0,0
598.62,0.2,63.62,535.0,1,1
504.51,0.0,70.03,434.49,0,1
929.14,0.8,175.81,753.33,4,0
656.75,0.2,167.14,489.62,1,1
1095.03,1.0,226.05,868.97,5,0
626.45,0.2,76.32,550.13,1,0
674.07,0.4,68.81,605.26,2,1
934.66,0.6,236.46,698.21,3,1
716.56,0.4,118.86,597.69,2,0
742.6,0.4,129.78,612.82,2,1
838.35,0.6,170.41,667.95,3,0
866.44,0.6,145.54,720.9,3,0
