"Total_Cost","Ratio_Reloc_Prod","Horiz_Cost","Vert_Cost","nReloc","non_Optimal"
267052.29,0.8327,50135.92,216916.46,1249,122
626.62,0.4,104.57,522.05,2,0
576.35,0.2,101.86,474.49,1,0
733.02,0.6,110.46,622.56,3,1
670.33,0.4,110.46,559.87,2,0
979.85,1.2,161.65,818.21,6,1
949.14,1.0,201.19,747.95,5,0
606.02,0.4,76.41,529.62,2,0
1120.44,1.6,154.16,966.28,8,0
869.59,0.8,154.08,715.51,4,1
679.49,0.4,165.0,514.49,2,0
888.19,1.0,132.68,755.51,5,0
657.18,0.4,112.43,544.74,2,0
935.34,0.8,204.7,730.64,4,0
711.62,0.6,96.62,615.0,3,0
450.28,0.0,30.92,419.36,0,0
1053.53,1.2,182.38,871.15,6,1
1132.95,1.4,252.05,880.9,7,0
608.92,0.2,126.86,482.05,1,0
1645.83,1.0,814.68,831.15,5,1
696.59,0.4,114.03,582.56,2,0
578.66,0.2,126.86,451.79,1,0
928.79,0.8,220.84,707.95,4,0
664.57,0.4,97.14,567.44,2,0
643.15,0.4,90.84,552.31,2,0
1151.25,1.2,302.78,848.46,6,0
879.18,0.8,140.97,738.21,4,0
852.52,0.8,144.57,707.95,4,0
1333.25,1.8,258.89,1074.36,9,0
1007.91,1.0,229.7,778.21,5,0
808.35,0.6,200.92,607.44,3,0
1020.64,1.2,157.05,863.59,6,1
696.81,0.4,129.38,567.44,2,0
909.94,0.8,232.24,677.69,4,1
1055.02,1.0,276.81,778.21,5,0
689.28,0.4,136.97,552.31,2,1
1398.97,2.0,208.97,1190.0,10,0
749.97,0.6,119.84,630.13,3,1
981.06,1.0,180.16,800.9,5,1
1118.29,1.4,199.57,918.72,7,0
909.97,0.8,239.84,670.13,4,0
813.34,0.8,135.65,677.69,4,0
777.63,0.6,117.24,660.38,3,0
899.42,1.0,128.78,770.64,5,1
932.62,1.0,124.16,808.46,5,0
465.52,0.0,53.73,411.79,0,0
810.67,0.8,140.54,670.13,4,0
1517.48,2.2,279.92,1237.56,11,0
1498.03,0.8,737.14,760.9,4,1
593.14,0.2,118.65,474.49,1,0
1126.45,1.2,308.24,818.21,6,0
651.99,0.4,107.24,544.74,2,0
794.01,0.8,108.76,685.26,4,1
936.28,1.0,142.95,793.33,5,0
624.14,0.4,56.7,567.44,2,0
1141.06,1.4,207.22,933.85,7,1
1005.87,1.0,257.92,747.95,5,0
518.64,0.0,121.97,396.67,0,0
827.76,0.6,167.38,660.38,3,1
931.96,0.8,193.76,738.21,4,0
1060.35,1.2,211.89,848.46,6,0
705.86,0.6,75.73,630.13,3,1
1155.47,1.6,136.24,1019.23,8,0
1583.35,2.4,252.84,1330.51,12,0
1209.18,1.4,290.46,918.72,7,1
656.93,0.4,97.05,559.87,2,1
543.98,0.0,132.19,411.79,0,0
774.05,0.6,151.49,622.56,3,1
1121.17,1.2,280.27,840.9,6,0
930.1,0.8,207.03,723.08,4,1
727.47,0.4,182.73,544.74,2,0
732.43,0.6,117.43,615.0,3,0
782.73,0.6,160.16,622.56,3,1
1072.11,1.0,271.22,800.9,5,0
784.29,0.6,154.16,630.13,3,1
1163.71,1.2,277.43,886.28,6,0
1025.78,1.2,169.76,856.03,6,0
1443.4,2.0,298.78,1144.62,10,0
630.47,0.4,85.73,544.74,2,1
942.0,1.0,133.54,808.46,5,1
1419.04,2.0,259.3,1159.74,10,1
726.0,0.6,103.43,622.56,3,0
1034.14,1.0,233.24,800.9,5,0
636.69,0.4,91.95,544.74,2,0
991.17,1.0,205.41,785.77,5,0
1174.2,1.4,247.92,926.28,7,0
920.57,1.0,165.05,755.51,5,0
968.65,1.0,160.19,808.46,5,0
543.53,0.0,154.43,389.1,0,0
967.04,1.0,173.7,793.33,5,0
582.35,0.2,107.86,474.49,1,0
989.38,1.2,133.35,856.03,6,1
785.19,0.6,170.19,615.0,3,1
768.58,0.6,115.76,652.82,3,1
1052.11,1.2,196.08,856.03,6,1
1042.32,1.2,171.16,871.15,6,1
613.83,0.4,84.22,529.62,2,0
638.57,0.4,71.14,567.44,2,0
999.69,1.0,221.49,778.21,5,0
727.2,0.6,81.95,645.26,3,1
1043.09,1.2,141.68,901.41,6,1
1100.79,1.2,199.38,901.41,6,1
553.85,0.2,102.05,451.79,1,0
1073.33,1.2,179.49,893.85,6,1
634.45,0.4,104.84,529.62,2,0
1005.17,1.2,103.76,901.41,6,0
834.97,0.8,119.46,715.51,4,0
757.06,0.6,104.24,652.82,3,1
769.92,0.6,162.49,607.44,3,0
832.36,0.8,139.54,692.82,4,0
764.98,0.6,97.03,667.95,3,0
730.31,0.6,92.62,637.69,3,1
787.01,0.6,134.19,652.82,3,1
892.06,0.8,199.24,692.82,4,0
675.99,0.4,146.38,529.62,2,0
1029.93,1.2,196.59,833.33,6,0
595.44,0.2,136.08,459.36,1,1
810.85,0.8,133.16,677.69,4,1
471.64,0.0,82.54,389.1,0,0
715.28,0.6,70.03,645.26,3,0
861.95,0.8,161.57,700.38,4,1
483.67,0.0,94.57,389.1,0,0
800.35,0.6,177.78,622.56,3,0
852.01,0.8,106.24,745.77,4,1
491.58,0.0,87.35,404.23,0,0
877.04,0.8,191.78,685.26,4,0
943.11,0.8,235.16,707.95,4,1
661.44,0.4,101.57,559.87,2,0
1092.04,1.2,213.32,878.72,6,0
658.15,0.4,120.97,537.18,2,0
875.69,0.8,182.86,692.82,4,0
788.23,0.6,150.54,637.69,3,1
1068.4,1.2,204.81,863.59,6,1
862.7,0.8,139.62,723.08,4,1
1099.84,1.4,150.86,948.97,7,0
892.89,0.8,169.81,723.08,4,1
1061.8,1.2,175.51,886.28,6,1
1017.45,1.0,239.24,778.21,5,0
862.5,0.8,169.68,692.82,4,1
1035.86,1.2,172.27,863.59,6,0
910.75,1.0,132.54,778.21,5,0
502.83,0.0,106.16,396.67,0,0
706.99,0.4,116.86,590.13,2,1
685.58,0.4,133.27,552.31,2,0
866.18,0.8,127.97,738.21,4,1
659.06,0.4,91.62,567.44,2,1
812.65,0.8,97.14,715.51,4,0
924.67,1.0,108.65,816.03,5,0
952.17,1.0,166.41,785.77,5,0
674.55,0.4,122.24,552.31,2,1
695.43,0.6,80.43,615.0,3,0
676.24,0.4,101.24,575.0,2,0
847.7,0.8,117.05,730.64,4,0
488.42,0.0,76.62,411.79,0,0
655.66,0.4,103.35,552.31,2,1
896.01,0.8,142.68,753.33,4,0
1087.83,1.2,209.11,878.72,6,0
742.15,0.4,197.41,544.74,2,0
1269.97,1.6,273.43,996.54,8,1
1024.19,1.2,115.22,908.97,6,1
1060.51,1.2,143.97,916.54,6,1
500.76,0.0,73.84,426.92,0,1
745.87,0.6,93.05,652.82,3,1
561.24,0.2,71.62,489.62,1,0
888.12,1.0,109.92,778.21,5,0
732.27,0.4,210.22,522.05,2,0
987.71,1.0,194.38,793.33,5,1
1107.97,1.2,251.95,856.03,6,0
893.86,0.8,223.73,670.13,4,0
1495.84,2.0,260.46,1235.38,10,0
1232.63,1.6,251.22,981.41,8,0
1157.01,1.2,263.16,893.85,6,1
1391.84,1.8,241.84,1150.0,9,1
1249.99,1.6,230.76,1019.23,8,1
963.29,1.0,200.22,763.08,5,1
1028.62,1.2,172.59,856.03,6,1
1154.24,1.4,197.7,956.54,7,0
905.38,0.8,197.43,707.95,4,0
950.26,1.0,164.49,785.77,5,1
686.98,0.4,119.54,567.44,2,0
920.8,1.0,150.16,770.64,5,0
904.71,0.8,204.32,700.38,4,1
967.16,1.0,158.7,808.46,5,0
1166.98,1.4,225.57,941.41,7,1
675.32,0.4,145.7,529.62,2,1
1032.58,1.2,153.86,878.72,6,1
1222.27,1.6,172.78,1049.49,8,1
602.14,0.2,142.78,459.36,1,0
767.79,0.6,99.84,667.95,3,1
880.27,0.8,157.19,723.08,4,1
953.92,1.0,137.89,816.03,5,0
494.9,0.0,75.54,419.36,0,0
860.15,0.8,174.89,685.26,4,0
638.48,0.4,108.86,529.62,2,0
1225.1,1.6,221.0,1004.1,8,0
846.71,0.8,138.76,707.95,4,1
587.7,0.2,105.65,482.05,1,1
955.57,1.0,215.19,740.38,5,1
697.71,0.4,130.27,567.44,2,1
841.59,0.8,110.95,730.64,4,1
1292.63,1.6,258.27,1034.36,8,0
664.03,0.4,104.16,559.87,2,0
1034.04,1.2,140.19,893.85,6,0
702.4,0.4,112.27,590.13,2,0
489.32,0.0,92.65,396.67,0,0
906.1,1.0,82.51,823.59,5,1
713.01,0.4,160.7,552.31,2,0
562.26,0.2,72.65,489.62,1,0
864.61,0.8,118.84,745.77,4,1
869.65,0.8,169.27,700.38,4,1
1429.71,2.0,262.41,1167.31,10,1
834.86,0.8,119.35,715.51,4,0
1156.29,1.4,245.14,911.15,7,0
1166.69,1.4,255.54,911.15,7,0
1130.94,1.4,159.27,971.67,7,1
1370.37,2.0,218.19,1152.18,10,1
1767.15,0.8,960.86,806.28,4,1
770.03,0.6,109.65,660.38,3,1
766.07,0.6,135.95,630.13,3,1
776.12,0.6,130.86,645.26,3,1
479.42,0.0,82.76,396.67,0,0
992.68,1.0,199.35,793.33,5,1
780.85,0.8,88.03,692.82,4,0
940.93,1.0,155.16,785.77,5,1
774.29,0.6,144.16,630.13,3,1
1200.73,1.4,251.76,948.97,7,1
884.05,0.8,153.41,730.64,4,1
996.17,1.0,210.41,785.77,5,0
507.47,0.0,103.24,404.23,0,0
683.29,0.4,161.24,522.05,2,0
484.75,0.0,42.7,442.05,0,0
808.65,0.6,186.08,622.56,3,0
575.71,0.2,116.35,459.36,1,0
1071.47,1.2,238.14,833.33,6,0
862.8,0.8,192.68,670.13,4,0
1098.74,1.2,220.03,878.72,6,0
867.6,0.8,159.65,707.95,4,1
1127.01,1.2,240.73,886.28,6,0
1018.75,1.2,155.16,863.59,6,1
891.44,0.8,198.62,692.82,4,0
1052.69,1.2,173.97,878.72,6,0
1267.03,1.6,285.62,981.41,8,1
759.73,0.6,137.16,622.56,3,0
998.14,1.0,204.81,793.33,5,1
797.91,0.6,167.78,630.13,3,0
556.41,0.2,97.05,459.36,1,0
706.04,0.4,168.86,537.18,2,1
761.89,0.6,93.95,667.95,3,1
1237.15,1.8,170.35,1066.79,9,0
587.3,0.2,120.38,466.92,1,1
1203.13,1.6,146.08,1057.05,8,1
511.91,0.0,107.68,404.23,0,1
1364.21,1.8,191.51,1172.69,9,0
1432.74,2.0,265.43,1167.31,10,1
1400.45,1.8,288.27,1112.18,9,1
1108.49,1.2,199.51,908.97,6,0
929.83,1.0,166.76,763.08,5,0
821.73,0.6,199.16,622.56,3,0
995.98,1.0,248.03,747.95,5,0
972.99,1.0,194.78,778.21,5,0
1002.07,1.0,231.43,770.64,5,0
1163.44,1.4,169.08,994.36,7,1
454.5,0.0,42.7,411.79,0,0
1183.72,1.4,204.49,979.23,7,1
837.38,0.8,129.43,707.95,4,0
694.3,0.4,126.86,567.44,2,0
903.36,1.0,110.03,793.33,5,1
927.6,0.8,227.22,700.38,4,0
696.1,0.4,158.92,537.18,2,0
1148.85,1.4,162.05,986.79,7,1
1102.85,1.2,277.08,825.77,6,1
539.41,0.2,80.05,459.36,1,0
791.87,0.6,139.05,652.82,3,1
1211.92,1.4,262.95,948.97,7,1
1251.97,1.6,202.49,1049.49,8,1
598.0,0.2,115.95,482.05,1,0
1042.46,1.2,194.0,848.46,6,0
1406.88,1.0,575.73,831.15,5,1
990.92,1.0,174.89,816.03,5,1
676.01,0.4,116.14,559.87,2,1
564.51,0.2,90.03,474.49,1,0
883.26,0.8,145.05,738.21,4,1
1223.31,1.6,204.08,1019.23,8,0
1085.37,1.4,166.65,918.72,7,0
933.83,1.0,170.76,763.08,5,1
1081.7,1.4,132.73,948.97,7,1
670.04,0.4,132.86,537.18,2,1
702.85,0.4,158.11,544.74,2,0
868.85,0.8,191.16,677.69,4,0
1054.72,1.2,183.57,871.15,6,0
910.13,1.0,147.05,763.08,5,1
466.14,0.0,39.22,426.92,0,0
1062.77,1.2,176.49,886.28,6,0
1132.74,1.2,254.03,878.72,6,1
779.26,0.6,141.57,637.69,3,0
903.14,1.0,102.24,800.9,5,0
456.96,0.0,52.73,404.23,0,0
903.07,1.0,124.86,778.21,5,1
494.39,0.0,75.03,419.36,0,0
960.04,1.0,174.27,785.77,5,0
672.37,0.4,82.24,590.13,2,1
