"Total_Cost","Ratio_Reloc_Prod","Horiz_Cost","Vert_Cost","nReloc","non_Optimal"
258201.04,0.7853,46552.73,211648.33,1178,4
875.76,1.0,120.24,755.51,5,0
954.98,1.0,222.16,732.82,5,0
801.48,0.6,163.78,637.69,3,0
544.41,0.2,69.92,474.49,1,0
1011.76,1.2,163.3,848.46,6,0
1359.78,2.0,283.24,1076.54,10,0
608.77,0.4,64.03,544.74,2,0
1095.62,1.2,247.16,848.46,6,0
452.62,0.0,63.51,389.1,0,0
904.51,0.8,234.38,670.13,4,0
479.77,0.0,75.54,404.23,0,0
787.14,0.6,179.7,607.44,3,0
1055.68,1.2,214.78,840.9,6,0
586.68,0.2,66.81,519.87,1,0
599.53,0.4,69.92,529.62,2,0
478.42,0.0,81.76,396.67,0,0
922.86,1.0,159.78,763.08,5,0
808.07,0.6,170.38,637.69,3,0
714.77,0.4,177.59,537.18,2,0
777.34,0.6,139.65,637.69,3,0
832.8,0.8,162.68,670.13,4,0
856.08,0.8,140.57,715.51,4,0
732.01,0.4,179.7,552.31,2,0
937.05,1.0,173.97,763.08,5,0
1257.57,1.6,261.03,996.54,8,0
723.75,0.6,93.62,630.13,3,0
1127.23,1.4,208.51,918.72,7,0
628.51,0.2,138.89,489.62,1,0
726.37,0.4,181.62,544.74,2,0
994.59,1.2,138.57,856.03,6,0
831.04,0.8,92.84,738.21,4,0
960.73,1.0,205.22,755.51,5,0
1102.86,1.4,191.7,911.15,7,0
716.86,0.4,141.86,575.0,2,0
792.39,0.6,139.57,652.82,3,0
1030.98,1.2,190.08,840.9,6,0
1324.71,2.0,149.84,1174.87,10,0
663.48,0.4,80.92,582.56,2,0
974.98,1.2,141.65,833.33,6,0
729.12,0.4,176.81,552.31,2,0
458.29,0.0,61.62,396.67,0,0
753.42,0.6,108.16,645.26,3,0
751.1,0.6,128.54,622.56,3,0
1071.33,1.2,230.43,840.9,6,0
941.44,1.0,155.68,785.77,5,0
1253.74,1.6,234.51,1019.23,8,0
648.52,0.2,196.73,451.79,1,0
603.09,0.2,98.35,504.74,1,0
1120.7,1.4,217.11,903.59,7,0
1035.75,1.0,272.68,763.08,5,0
1371.29,1.8,266.68,1104.62,9,0
1193.41,1.6,219.57,973.85,8,0
762.94,0.6,125.24,637.69,3,0
502.28,0.0,82.92,419.36,0,0
734.22,0.6,73.84,660.38,3,0
1029.98,1.0,221.51,808.46,5,0
1107.98,1.2,259.51,848.46,6,0
978.98,1.2,130.51,848.46,6,0
950.35,1.0,126.76,823.59,5,0
936.88,1.0,158.68,778.21,5,0
713.23,0.4,160.92,552.31,2,0
1052.19,1.4,163.73,888.46,7,0
1532.32,2.2,294.76,1237.56,11,0
1150.94,1.6,146.84,1004.1,8,0
718.56,0.6,88.43,630.13,3,0
1307.28,1.8,172.41,1134.87,9,0
1029.65,1.2,128.24,901.41,6,0
803.14,0.6,135.19,667.95,3,0
646.37,0.4,116.76,529.62,2,0
597.81,0.2,130.89,466.92,1,0
681.77,0.4,129.46,552.31,2,0
774.52,0.6,167.08,607.44,3,0
634.37,0.4,89.62,544.74,2,0
644.46,0.4,77.03,567.44,2,0
1030.84,1.2,182.38,848.46,6,0
778.01,0.6,132.76,645.26,3,0
1295.47,1.4,376.76,918.72,7,0
725.98,0.6,118.54,607.44,3,0
1176.91,1.4,212.81,964.1,7,0
705.46,0.4,130.46,575.0,2,0
818.31,0.6,165.49,652.82,3,0
839.42,0.8,154.16,685.26,4,0
1150.44,1.4,209.03,941.41,7,0
903.69,0.8,218.43,685.26,4,0
769.27,0.6,154.27,615.0,3,0
743.94,0.6,121.38,622.56,3,0
896.15,1.0,117.95,778.21,5,0
773.29,0.6,143.16,630.13,3,0
726.03,0.6,126.16,599.87,3,0
976.21,1.0,213.14,763.08,5,0
666.88,0.4,114.57,552.31,2,0
721.31,0.4,184.14,537.18,2,0
476.66,0.0,72.43,404.23,0,0
776.7,0.6,146.57,630.13,3,0
475.17,0.0,55.81,419.36,0,0
781.35,0.6,158.78,622.56,3,0
947.33,1.0,138.86,808.46,5,0
1536.72,2.2,223.51,1313.21,11,0
1287.06,1.8,212.7,1074.36,9,0
1161.36,1.4,227.51,933.85,7,0
492.18,0.0,103.08,389.1,0,0
964.97,1.0,141.38,823.59,5,0
1168.04,1.4,188.81,979.23,7,0
717.18,0.4,127.05,590.13,2,0
844.22,0.8,136.27,707.95,4,0
930.86,1.0,167.78,763.08,5,0
1046.57,1.2,205.68,840.9,6,0
1012.61,1.2,141.46,871.15,6,0
1067.03,1.2,211.0,856.03,6,0
658.42,0.4,121.24,537.18,2,0
681.44,0.2,154.0,527.44,1,0
1189.93,1.4,263.65,926.28,7,0
684.61,0.4,139.86,544.74,2,0
971.04,1.0,185.27,785.77,5,0
920.38,0.8,212.43,707.95,4,0
1391.27,1.8,309.35,1081.92,9,0
801.19,0.6,178.62,622.56,3,0
1152.7,1.4,203.73,948.97,7,0
559.49,0.2,92.57,466.92,1,0
1003.45,1.0,225.24,778.21,5,0
1029.61,1.2,158.46,871.15,6,0
721.71,0.4,169.41,552.31,2,0
1027.21,1.2,171.19,856.03,6,0
458.2,0.0,46.41,411.79,0,0
1396.18,2.0,244.0,1152.18,10,0
1020.97,1.2,104.43,916.54,6,0
600.77,0.2,96.03,504.74,1,0
779.46,0.6,164.46,615.0,3,0
688.4,0.4,105.84,582.56,2,0
1543.17,2.0,360.73,1182.44,10,0
731.16,0.6,116.16,615.0,3,0
460.28,0.0,40.92,419.36,0,0
776.96,0.6,139.27,637.69,3,0
768.46,0.6,153.46,615.0,3,0
1238.98,1.4,297.57,941.41,7,0
796.82,0.6,144.0,652.82,3,0
652.1,0.4,69.54,582.56,2,0
779.59,0.8,56.51,723.08,4,0
966.54,1.0,158.08,808.46,5,0
1511.36,2.2,243.54,1267.82,11,0
897.24,0.8,166.59,730.64,4,0
907.58,0.8,161.81,745.77,4,0
1124.25,1.4,137.46,986.79,7,0
556.46,0.2,89.54,466.92,1,0
646.22,0.4,131.73,514.49,2,0
968.86,1.0,205.78,763.08,5,0
1148.14,1.4,199.16,948.97,7,0
1156.34,1.4,237.62,918.72,7,0
1070.75,1.2,199.59,871.15,6,0
822.14,0.8,121.76,700.38,4,0
762.84,0.6,162.97,599.87,3,0
820.07,0.6,182.38,637.69,3,0
572.87,0.2,105.95,466.92,1,0
675.25,0.4,115.38,559.87,2,0
459.1,0.0,62.43,396.67,0,0
1224.62,1.6,160.0,1064.62,8,0
519.94,0.0,123.27,396.67,0,0
920.7,1.0,112.24,808.46,5,0
1029.87,1.2,181.41,848.46,6,0
955.21,1.0,177.0,778.21,5,0
930.83,1.0,160.19,770.64,5,0
474.71,0.0,62.92,411.79,0,0
1054.07,1.2,114.84,939.23,6,0
919.28,0.8,173.51,745.77,4,1
566.44,0.2,114.65,451.79,1,0
783.5,0.6,130.68,652.82,3,0
1102.29,1.4,183.57,918.72,7,0
767.08,0.6,152.08,615.0,3,0
746.74,0.6,146.86,599.87,3,0
972.88,1.0,187.11,785.77,5,0
864.64,0.8,141.57,723.08,4,0
646.52,0.4,94.22,552.31,2,0
1070.49,1.2,222.03,848.46,6,0
519.53,0.0,130.43,389.1,0,0
743.24,0.6,120.68,622.56,3,0
939.42,0.8,201.22,738.21,4,0
844.8,0.8,114.16,730.64,4,0
612.05,0.2,130.0,482.05,1,0
975.52,1.0,182.19,793.33,5,0
684.61,0.4,139.86,544.74,2,0
1145.28,1.6,110.92,1034.36,8,0
505.64,0.0,108.97,396.67,0,0
848.02,0.8,124.95,723.08,4,0
1091.35,1.2,242.89,848.46,6,0
748.94,0.4,211.76,537.18,2,0
548.12,0.0,128.76,419.36,0,0
786.53,0.6,141.27,645.26,3,0
1375.38,2.0,185.38,1190.0,10,0
808.21,0.8,70.0,738.21,4,0
570.95,0.2,104.03,466.92,1,0
749.58,0.4,204.84,544.74,2,0
598.58,0.2,146.78,451.79,1,0
896.24,1.0,80.22,816.03,5,0
1538.78,2.2,308.78,1230.0,11,0
1273.5,1.6,246.7,1026.79,8,0
968.96,0.8,230.76,738.21,4,0
567.84,0.2,93.35,474.49,1,0
624.37,0.2,134.76,489.62,1,0
790.16,0.6,167.59,622.56,3,0
788.76,0.6,188.89,599.87,3,0
1404.93,2.0,184.68,1220.26,10,0
480.44,0.0,53.51,426.92,0,0
727.57,0.4,167.7,559.87,2,0
780.25,0.6,119.86,660.38,3,0
1082.3,1.2,165.76,916.54,6,0
465.19,0.0,30.7,434.49,0,0
1127.69,1.4,148.46,979.23,7,0
1066.61,1.2,187.89,878.72,6,0
936.78,1.0,120.76,816.03,5,0
580.56,0.2,90.95,489.62,1,0
767.2,0.6,114.38,652.82,3,0
859.8,0.6,214.54,645.26,3,0
591.22,0.2,116.73,474.49,1,0
595.52,0.2,136.16,459.36,1,0
752.23,0.6,114.54,637.69,3,0
490.93,0.0,79.14,411.79,0,0
1047.26,1.2,123.16,924.1,6,0
499.73,0.0,65.24,434.49,0,1
480.06,0.0,53.14,426.92,0,0
912.53,0.8,174.32,738.21,4,0
1171.32,1.4,207.22,964.1,7,0
777.72,0.6,147.59,630.13,3,0
1077.86,1.2,221.84,856.03,6,0
1150.84,1.4,209.43,941.41,7,0
514.36,0.0,102.57,411.79,0,0
923.97,0.8,193.32,730.64,4,0
788.61,0.6,143.35,645.26,3,0
758.59,0.6,128.46,630.13,3,0
470.45,0.0,81.35,389.1,0,0
752.18,0.4,207.43,544.74,2,0
530.18,0.0,141.08,389.1,0,0
1161.87,1.6,127.51,1034.36,8,0
879.75,0.8,149.11,730.64,4,0
1099.91,1.2,236.32,863.59,6,0
558.97,0.2,76.92,482.05,1,0
1161.49,1.6,180.08,981.41,8,0
593.02,0.2,95.84,497.18,1,0
1222.93,1.4,289.08,933.85,7,0
858.08,0.8,142.57,715.51,4,0
1229.72,1.6,149.97,1079.74,8,0
976.21,1.0,198.0,778.21,5,0
757.8,0.4,220.62,537.18,2,0
739.39,0.4,179.51,559.87,2,0
1428.39,2.0,253.51,1174.87,10,0
889.73,0.8,174.22,715.51,4,0
840.53,0.6,210.41,630.13,3,0
1034.39,1.0,241.05,793.33,5,0
586.0,0.2,103.95,482.05,1,0
476.75,0.0,34.7,442.05,0,1
1266.18,1.8,161.57,1104.62,9,0
911.53,0.8,233.84,677.69,4,0
761.0,0.6,93.05,667.95,3,0
943.08,1.0,127.05,816.03,5,0
785.31,0.6,132.49,652.82,3,0
866.26,0.8,128.05,738.21,4,0
590.43,0.2,115.95,474.49,1,0
714.17,0.4,154.3,559.87,2,0
814.82,0.6,162.0,652.82,3,0
672.17,0.4,104.73,567.44,2,0
1168.11,1.6,179.14,988.97,8,0
551.51,0.2,77.03,474.49,1,0
705.39,0.6,105.51,599.87,3,0
837.91,0.8,114.84,723.08,4,0
780.1,0.6,157.54,622.56,3,0
976.34,1.0,205.7,770.64,5,0
645.82,0.2,194.03,451.79,1,0
1182.96,1.2,311.81,871.15,6,0
880.89,0.8,157.81,723.08,4,0
476.03,0.0,49.11,426.92,0,0
706.21,0.6,83.65,622.56,3,0
711.48,0.4,174.3,537.18,2,0
870.84,0.8,170.46,700.38,4,0
717.38,0.6,109.95,607.44,3,0
790.77,0.6,137.95,652.82,3,0
841.31,0.8,95.54,745.77,4,0
1087.28,1.4,145.86,941.41,7,0
644.38,0.4,76.95,567.44,2,0
832.01,0.8,131.62,700.38,4,0
1022.34,1.2,151.19,871.15,6,0
1003.07,1.0,232.43,770.64,5,0
638.17,0.2,178.81,459.36,1,0
804.15,0.6,158.89,645.26,3,0
754.03,0.6,93.65,660.38,3,1
930.02,1.0,106.43,823.59,5,0
917.28,0.8,216.89,700.38,4,0
566.26,0.2,61.51,504.74,1,0
764.82,0.6,119.57,645.26,3,0
1007.76,1.2,166.86,840.9,6,0
977.63,1.0,184.3,793.33,5,0
1125.64,1.2,262.05,863.59,6,0
484.0,0.0,49.51,434.49,0,0
573.23,0.2,60.92,512.31,1,0
1492.64,2.0,340.46,1152.18,10,0
653.43,0.4,78.43,575.0,2,0
882.01,0.8,136.24,745.77,4,0
809.19,0.6,186.62,622.56,3,0
786.55,0.6,126.16,660.38,3,0
936.95,0.8,221.43,715.51,4,0
1038.83,1.0,275.76,763.08,5,0
958.45,1.0,187.81,770.64,5,0
