"Total_Cost","Ratio_Reloc_Prod","Horiz_Cost","Vert_Cost","nReloc","non_Optimal"
250311.12,0.766,36963.56,213347.53,1149,300
861.26,1.0,90.62,770.64,5,1
864.74,0.8,171.92,692.82,4,1
528.92,0.2,62.0,466.92,1,1
1226.13,1.6,274.97,951.15,8,1
684.06,0.4,124.19,559.87,2,1
435.1,0.0,46.0,389.1,0,1
923.03,0.8,222.65,700.38,4,1
545.06,0.2,78.14,466.92,1,1
502.46,0.0,75.54,426.92,0,1
1108.57,1.2,267.68,840.9,6,1
774.83,0.6,137.14,637.69,3,1
1096.76,1.4,200.73,896.03,7,1
856.91,0.6,226.78,630.13,3,1
722.89,0.6,100.32,622.56,3,1
932.98,1.0,192.59,740.38,5,1
752.4,0.6,122.27,630.13,3,1
880.44,0.8,172.49,707.95,4,1
626.45,0.4,81.7,544.74,2,1
943.67,1.0,180.59,763.08,5,1
626.43,0.2,144.38,482.05,1,1
721.22,0.6,121.35,599.87,3,1
474.17,0.0,54.81,419.36,0,1
722.28,0.6,77.03,645.26,3,1
725.16,0.6,95.03,630.13,3,1
685.48,0.6,62.92,622.56,3,1
925.17,1.0,124.27,800.9,5,1
638.5,0.4,101.32,537.18,2,1
998.92,1.2,150.46,848.46,6,1
646.83,0.4,109.65,537.18,2,1
943.78,1.0,127.76,816.03,5,1
858.5,0.8,180.81,677.69,4,1
1250.75,1.6,193.7,1057.05,8,1
797.76,0.6,137.38,660.38,3,1
773.72,0.6,128.46,645.26,3,1
1281.84,1.6,232.35,1049.49,8,1
1321.67,1.8,148.97,1172.69,9,1
786.78,0.6,111.27,675.51,3,1
1063.93,1.2,170.08,893.85,6,1
537.89,0.2,63.41,474.49,1,1
827.14,0.8,73.81,753.33,4,1
951.54,1.0,143.08,808.46,5,1
1195.26,1.4,223.59,971.67,7,1
890.56,1.0,112.35,778.21,5,1
798.87,0.6,191.43,607.44,3,1
993.22,1.2,144.76,848.46,6,1
460.33,0.0,33.41,426.92,0,1
1517.58,2.2,204.38,1313.21,11,1
591.47,0.2,86.73,504.74,1,1
623.02,0.4,85.84,537.18,2,1
1135.96,1.4,164.3,971.67,7,1
985.99,1.0,200.22,785.77,5,1
982.04,1.2,103.32,878.72,6,1
780.63,0.6,135.38,645.26,3,1
961.17,1.0,160.27,800.9,5,1
954.1,1.0,122.95,831.15,5,1
1188.12,1.6,153.76,1034.36,8,1
1135.86,1.4,164.19,971.67,7,1
473.32,0.0,84.22,389.1,0,1
719.4,0.4,129.27,590.13,2,1
874.06,1.0,80.73,793.33,5,1
499.24,0.0,49.62,449.62,0,1
1317.76,1.8,235.84,1081.92,9,1
930.25,1.0,129.35,800.9,5,1
899.37,1.0,128.73,770.64,5,1
1288.05,1.8,191.0,1097.05,9,1
443.15,0.0,38.92,404.23,0,1
957.8,1.0,126.65,831.15,5,1
640.46,0.4,73.03,567.44,2,1
639.2,0.4,79.32,559.87,2,1
1022.29,1.2,143.57,878.72,6,1
1105.21,1.2,181.11,924.1,6,1
533.12,0.2,81.32,451.79,1,1
1255.31,1.8,135.57,1119.74,9,1
752.06,0.6,99.24,652.82,3,1
648.65,0.4,81.22,567.44,2,1
832.99,0.8,102.35,730.64,4,1
1150.29,1.4,186.19,964.1,7,1
576.56,0.2,86.95,489.62,1,1
1075.69,1.2,189.41,886.28,6,1
691.36,0.4,131.49,559.87,2,1
1099.29,1.4,180.57,918.72,7,1
1304.46,1.8,222.54,1081.92,9,1
745.78,0.6,130.78,615.0,3,1
838.73,0.8,115.65,723.08,4,1
894.95,0.8,187.0,707.95,4,1
755.0,0.6,140.0,615.0,3,1
1062.67,1.2,191.51,871.15,6,1
555.29,0.2,73.24,482.05,1,1
1018.6,1.2,124.76,893.85,6,1
742.17,0.6,89.35,652.82,3,1
727.03,0.6,51.51,675.51,3,1
637.2,0.4,77.32,559.87,2,1
734.8,0.4,144.68,590.13,2,1
570.11,0.2,88.05,482.05,1,1
852.66,0.8,114.46,738.21,4,1
1066.88,1.2,180.59,886.28,6,1
460.43,0.0,71.32,389.1,0,1
733.69,0.4,136.0,597.69,2,1
703.88,0.6,58.62,645.26,3,1
926.75,1.0,103.16,823.59,5,1
651.43,0.4,76.43,575.0,2,1
483.17,0.0,63.81,419.36,0,1
909.85,1.0,131.65,778.21,5,1
1040.95,1.2,207.62,833.33,6,1
965.32,1.0,134.16,831.15,5,1
1048.3,1.2,146.89,901.41,6,1
460.71,0.0,48.92,411.79,0,1
813.77,0.6,115.57,698.21,3,1
1088.97,1.4,124.86,964.1,7,1
736.98,0.6,69.03,667.95,3,1
754.22,0.6,146.78,607.44,3,1
742.47,0.6,89.65,652.82,3,1
943.47,1.0,157.7,785.77,5,1
730.86,0.4,148.3,582.56,2,1
829.22,0.6,153.7,675.51,3,1
673.27,0.4,98.27,575.0,2,1
448.04,0.0,43.81,404.23,0,1
857.21,0.8,126.57,730.64,4,1
833.56,0.8,102.92,730.64,4,1
502.44,0.0,90.65,411.79,0,1
1030.02,1.2,158.86,871.15,6,1
778.82,0.8,78.43,700.38,4,1
871.35,0.8,148.27,723.08,4,1
788.45,0.8,57.81,730.64,4,1
769.25,0.6,116.43,652.82,3,1
825.43,0.6,195.3,630.13,3,1
710.02,0.6,72.32,637.69,3,1
646.71,0.4,86.84,559.87,2,1
884.09,0.8,130.76,753.33,4,1
1131.64,1.4,159.97,971.67,7,1
560.79,0.2,40.92,519.87,1,1
476.05,0.0,34.0,442.05,0,1
1014.22,0.8,245.76,768.46,4,1
459.36,0.0,40.0,419.36,0,1
1164.16,1.2,240.05,924.1,6,1
841.17,0.8,87.84,753.33,4,1
726.65,0.4,144.08,582.56,2,1
921.19,1.0,112.73,808.46,5,1
821.49,0.8,113.54,707.95,4,1
567.95,0.2,93.46,474.49,1,1
765.99,0.6,135.86,630.13,3,1
1035.49,1.2,134.08,901.41,6,1
678.21,0.4,148.59,529.62,2,1
941.81,1.0,133.35,808.46,5,1
1052.05,1.2,180.89,871.15,6,1
835.88,0.8,105.24,730.64,4,1
864.27,0.8,141.19,723.08,4,1
654.88,0.4,110.14,544.74,2,1
461.25,0.0,34.32,426.92,0,1
761.23,0.6,115.97,645.26,3,1
921.22,1.0,112.76,808.46,5,1
1006.51,1.2,97.54,908.97,6,1
844.68,0.8,144.3,700.38,4,1
834.58,0.8,156.89,677.69,4,1
1276.38,1.6,234.46,1041.92,8,1
874.32,0.8,158.81,715.51,4,1
562.86,0.2,73.24,489.62,1,1
1121.27,1.4,172.3,948.97,7,1
1092.7,1.2,183.73,908.97,6,1
459.03,0.0,32.11,426.92,0,1
894.33,0.8,125.86,768.46,4,1
673.26,0.4,83.14,590.13,2,1
1140.88,1.6,121.65,1019.23,8,1
838.98,0.8,85.65,753.33,4,1
764.47,0.6,111.65,652.82,3,1
665.26,0.4,75.14,590.13,2,1
887.98,1.0,94.65,793.33,5,1
770.96,0.8,78.14,692.82,4,1
1022.47,1.2,143.76,878.72,6,1
723.51,0.6,100.95,622.56,3,1
495.21,0.0,98.54,396.67,0,1
979.35,1.0,170.89,808.46,5,1
712.23,0.6,59.41,652.82,3,1
577.48,0.2,95.43,482.05,1,1
830.37,0.8,99.73,730.64,4,1
1053.79,1.2,159.95,893.85,6,1
919.47,1.0,118.57,800.9,5,1
800.04,0.6,101.84,698.21,3,1
454.88,0.0,58.22,396.67,0,1
752.85,0.6,115.16,637.69,3,1
958.96,1.0,173.19,785.77,5,1
880.32,0.8,164.81,715.51,4,1
701.87,0.4,142.0,559.87,2,1
720.19,0.6,97.62,622.56,3,1
1009.14,1.2,107.73,901.41,6,1
698.28,0.4,145.97,552.31,2,1
545.24,0.2,55.62,489.62,1,1
705.75,0.6,75.62,630.13,3,1
1003.56,1.2,124.84,878.72,6,1
1031.88,1.2,153.16,878.72,6,1
851.74,0.8,90.84,760.9,4,1
897.72,1.0,111.95,785.77,5,1
1347.59,1.8,250.54,1097.05,9,1
1074.02,1.2,210.43,863.59,6,1
964.77,1.0,179.0,785.77,5,1
587.2,0.2,67.32,519.87,1,1
1345.9,1.8,211.03,1134.87,9,1
499.71,0.0,80.35,419.36,0,1
958.42,1.0,180.22,778.21,5,1
742.8,0.6,97.54,645.26,3,1
538.21,0.0,96.16,442.05,0,1
536.21,0.0,94.16,442.05,0,1
636.34,0.4,46.22,590.13,2,1
552.27,0.2,85.35,466.92,1,1
765.16,0.6,89.65,675.51,3,1
597.8,0.2,93.05,504.74,1,1
638.81,0.4,63.81,575.0,2,1
1010.3,1.2,154.27,856.03,6,1
990.82,1.2,104.54,886.28,6,1
1003.25,1.2,101.84,901.41,6,1
1022.05,1.2,97.95,924.1,6,1
1018.91,1.0,195.32,823.59,5,1
483.32,0.0,33.7,449.62,0,1
644.24,0.4,69.24,575.0,2,1
729.29,0.6,106.73,622.56,3,1
1207.02,1.4,235.35,971.67,7,1
826.98,0.8,134.16,692.82,4,1
1039.43,1.2,115.32,924.1,6,1
720.01,0.6,59.62,660.38,3,1
763.56,0.6,125.86,637.69,3,1
502.56,0.0,60.51,442.05,0,1
713.59,0.4,138.59,575.0,2,1
860.0,0.8,91.54,768.46,4,1
1180.13,1.4,216.03,964.1,7,1
1032.75,1.2,169.16,863.59,6,1
508.29,0.0,119.19,389.1,0,1
484.43,0.0,34.81,449.62,0,1
783.64,0.6,153.51,630.13,3,1
936.61,1.0,165.97,770.64,5,1
891.09,1.0,105.32,785.77,5,1
787.97,0.6,112.46,675.51,3,1
1095.65,1.2,179.11,916.54,6,1
967.99,1.0,129.27,838.72,5,1
628.6,0.4,68.73,559.87,2,1
1054.53,1.2,130.43,924.1,6,1
768.91,0.6,138.78,630.13,3,1
845.13,0.8,122.05,723.08,4,1
845.96,0.8,107.76,738.21,4,1
1110.68,1.2,216.84,893.85,6,1
1018.45,1.2,154.86,863.59,6,1
765.79,0.6,112.97,652.82,3,1
1069.97,1.2,161.0,908.97,6,1
653.76,0.4,86.32,567.44,2,1
604.23,0.4,51.92,552.31,2,1
719.85,0.6,67.03,652.82,3,1
497.83,0.0,48.22,449.62,0,1
877.93,0.8,132.16,745.77,4,1
1370.62,2.0,173.05,1197.56,10,1
847.08,0.8,131.57,715.51,4,1
1008.86,1.2,145.27,863.59,6,1
660.46,0.4,93.03,567.44,2,1
761.74,0.6,101.35,660.38,3,1
747.15,0.6,56.51,690.64,3,1
1084.66,1.2,190.81,893.85,6,1
1028.27,1.2,111.73,916.54,6,1
760.23,0.6,114.97,645.26,3,1
746.25,0.6,93.43,652.82,3,1
623.12,0.4,70.81,552.31,2,1
757.42,0.6,112.16,645.26,3,1
669.62,0.4,94.62,575.0,2,1
750.57,0.6,135.57,615.0,3,1
775.71,0.6,107.76,667.95,3,1
898.84,1.0,97.95,800.9,5,1
988.04,1.0,141.76,846.28,5,1
1257.92,1.8,160.86,1097.05,9,1
822.47,0.8,76.7,745.77,4,1
920.97,1.0,157.89,763.08,5,1
568.7,0.2,86.65,482.05,1,1
484.67,0.0,42.62,442.05,0,1
1024.73,1.0,216.27,808.46,5,1
984.68,1.2,90.84,893.85,6,1
539.85,0.2,88.05,451.79,1,1
758.58,0.6,105.76,652.82,3,1
1295.88,1.8,229.08,1066.79,9,1
856.31,0.8,110.54,745.77,4,1
1316.74,1.8,197.0,1119.74,9,1
1086.32,1.4,114.65,971.67,7,1
706.17,0.6,98.73,607.44,3,1
598.34,0.2,101.16,497.18,1,1
622.31,0.4,85.14,537.18,2,1
1002.05,1.2,85.51,916.54,6,1
540.0,0.2,65.51,474.49,1,1
838.53,0.8,100.32,738.21,4,1
641.23,0.4,104.05,537.18,2,1
863.77,0.8,125.57,738.21,4,1
1312.44,1.8,177.57,1134.87,9,1
925.74,1.0,124.84,800.9,5,1
1000.66,1.2,121.95,878.72,6,1
760.84,0.4,185.84,575.0,2,1
1185.15,1.6,158.35,1026.79,8,1
739.14,0.6,86.32,652.82,3,1
744.47,0.6,99.22,645.26,3,1
816.42,0.6,163.59,652.82,3,1
925.74,1.0,139.97,785.77,5,1
546.27,0.2,64.22,482.05,1,1
1151.35,1.4,194.81,956.54,7,1
1053.5,1.2,174.78,878.72,6,1
776.2,0.6,123.38,652.82,3,1
745.13,0.6,69.62,675.51,3,1
682.19,0.4,114.76,567.44,2,1
