"Total_Cost","Ratio_Reloc_Prod","Horiz_Cost","Vert_Cost","nReloc","non_Optimal"
272774.69,0.742,62243.76,210530.87,1113,205
518.65,0.2,51.73,466.92,1,0
773.7,0.6,158.7,615.0,3,1
651.82,0.4,91.95,559.87,2,0
585.51,0.2,103.46,482.05,1,0
707.75,0.4,178.14,529.62,2,1
853.6,0.8,160.78,692.82,4,1
452.5,0.0,40.7,411.79,0,0
1038.62,1.0,283.11,755.51,5,1
466.07,0.0,69.41,396.67,0,0
819.61,0.8,134.35,685.26,4,1
820.4,0.6,197.84,622.56,3,1
485.05,0.0,95.95,389.1,0,0
749.25,0.6,96.43,652.82,3,1
546.36,0.2,79.43,466.92,1,0
481.85,0.0,77.62,404.23,0,0
852.16,0.8,136.65,715.51,4,1
1848.47,1.2,969.76,878.72,6,1
743.99,0.6,98.73,645.26,3,0
650.91,0.4,106.16,544.74,2,1
826.44,0.8,126.05,700.38,4,1
929.57,0.8,221.62,707.95,4,1
981.25,1.0,187.92,793.33,5,1
647.24,0.4,57.11,590.13,2,1
490.23,0.0,78.43,411.79,0,0
742.78,0.6,127.78,615.0,3,1
1799.23,1.2,852.43,946.79,6,1
991.54,1.2,127.95,863.59,6,1
833.09,0.8,140.27,692.82,4,1
1266.49,0.4,691.49,575.0,2,1
1190.02,1.6,193.49,996.54,8,1
1209.1,1.4,290.38,918.72,7,1
1711.14,1.0,917.81,793.33,5,1
729.68,0.6,129.81,599.87,3,0
484.93,0.0,73.14,411.79,0,0
899.73,0.8,184.22,715.51,4,1
668.32,0.4,93.32,575.0,2,0
952.31,1.0,158.97,793.33,5,1
766.24,0.6,143.68,622.56,3,0
1648.67,1.4,692.14,956.54,7,1
723.89,0.6,101.32,622.56,3,1
537.84,0.2,70.92,466.92,1,0
803.14,0.6,135.19,667.95,3,1
815.16,0.6,132.08,683.08,3,0
682.05,0.4,107.05,575.0,2,1
1017.66,1.2,138.95,878.72,6,1
688.96,0.4,83.7,605.26,2,0
1277.09,1.4,343.24,933.85,7,1
457.37,0.0,60.7,396.67,0,0
1161.39,1.6,127.03,1034.36,8,1
1311.91,1.6,292.68,1019.23,8,1
809.44,0.6,141.49,667.95,3,1
471.16,0.0,82.05,389.1,0,0
903.59,1.0,148.08,755.51,5,0
919.72,1.0,133.95,785.77,5,1
1009.49,1.2,153.46,856.03,6,1
600.21,0.2,118.16,482.05,1,0
1749.8,1.0,903.51,846.28,5,1
1449.49,2.0,320.0,1129.49,10,1
547.38,0.2,65.32,482.05,1,1
1249.78,0.6,619.65,630.13,3,1
527.54,0.0,93.05,434.49,0,0
1146.24,1.2,237.27,908.97,6,1
702.33,0.4,142.46,559.87,2,1
478.35,0.0,89.24,389.1,0,0
771.25,0.6,110.86,660.38,3,0
791.13,0.6,108.05,683.08,3,1
476.26,0.0,72.03,404.23,0,0
1057.24,1.2,148.27,908.97,6,1
737.27,0.6,69.32,667.95,3,0
840.86,0.4,258.3,582.56,2,1
492.75,0.0,50.7,442.05,0,0
755.61,0.6,110.35,645.26,3,1
938.2,1.0,144.86,793.33,5,1
1114.67,1.2,183.0,931.67,6,1
1512.26,1.0,665.97,846.28,5,1
685.07,0.4,94.95,590.13,2,0
927.5,1.0,134.16,793.33,5,1
1407.36,2.0,232.49,1174.87,10,1
1631.53,1.2,745.24,886.28,6,1
717.62,0.6,102.62,615.0,3,1
580.53,0.2,83.35,497.18,1,1
719.91,0.4,129.78,590.13,2,1
768.88,0.6,123.62,645.26,3,0
1264.92,1.8,167.86,1097.05,9,1
1147.57,1.4,145.65,1001.92,7,1
714.73,0.6,99.73,615.0,3,1
733.71,0.6,73.32,660.38,3,1
460.12,0.0,48.32,411.79,0,0
636.67,0.4,54.11,582.56,2,1
1356.22,1.8,221.35,1134.87,9,1
757.26,0.6,66.62,690.64,3,1
781.49,0.6,105.97,675.51,3,1
929.43,0.8,213.92,715.51,4,1
856.18,0.8,125.54,730.64,4,1
1644.27,1.0,828.24,816.03,5,1
970.05,1.2,114.03,856.03,6,1
878.82,1.0,77.92,800.9,5,1
776.4,0.6,146.27,630.13,3,0
603.62,0.0,169.14,434.49,0,1
736.92,0.6,114.35,622.56,3,1
1042.85,1.2,156.57,886.28,6,1
725.29,0.6,95.16,630.13,3,1
443.91,0.0,54.81,389.1,0,0
1215.49,1.4,274.08,941.41,7,1
1004.69,1.2,133.54,871.15,6,1
914.55,0.8,221.73,692.82,4,1
521.1,0.0,116.86,404.23,0,0
626.23,0.4,73.92,552.31,2,0
1050.77,1.2,164.49,886.28,6,1
474.49,0.0,40.0,434.49,0,0
577.13,0.2,79.95,497.18,1,0
1858.51,1.2,987.35,871.15,6,1
554.16,0.2,64.54,489.62,1,0
950.35,1.2,94.32,856.03,6,1
764.51,0.6,81.43,683.08,3,1
508.78,0.0,66.73,442.05,0,0
925.57,1.0,109.54,816.03,5,1
847.47,0.6,194.65,652.82,3,1
1300.76,1.8,150.76,1150.0,9,1
1596.78,2.0,406.78,1190.0,10,1
816.4,0.6,140.89,675.51,3,0
1524.57,0.8,748.54,776.03,4,1
1450.51,1.4,493.97,956.54,7,1
882.43,1.0,119.35,763.08,5,0
967.76,1.0,166.86,800.9,5,1
1832.99,1.4,861.32,971.67,7,1
1303.05,1.8,206.0,1097.05,9,1
816.95,0.8,101.43,715.51,4,1
909.75,0.8,186.68,723.08,4,1
1759.12,1.8,639.38,1119.74,9,1
976.82,1.0,130.54,846.28,5,1
610.8,0.4,73.62,537.18,2,0
628.2,0.4,68.32,559.87,2,0
626.47,0.4,81.73,544.74,2,0
1022.46,1.0,206.43,816.03,5,1
737.22,0.6,129.78,607.44,3,1
907.93,0.8,207.54,700.38,4,1
781.5,0.6,128.68,652.82,3,1
1403.61,0.6,712.97,690.64,3,1
1113.19,1.4,171.78,941.41,7,1
1846.24,1.2,922.14,924.1,6,1
1720.72,1.0,882.0,838.72,5,1
611.02,0.4,81.41,529.62,2,0
1076.45,1.2,212.86,863.59,6,1
1112.58,1.4,133.35,979.23,7,1
829.77,0.6,184.51,645.26,3,1
585.71,0.2,118.78,466.92,1,1
1204.34,1.4,232.68,971.67,7,1
1349.08,1.8,191.51,1157.56,9,1
927.69,0.8,181.92,745.77,4,1
561.7,0.2,87.22,474.49,1,0
571.58,0.2,66.84,504.74,1,0
1043.26,1.4,124.54,918.72,7,1
1109.75,1.2,193.22,916.54,6,1
750.79,0.6,82.84,667.95,3,1
561.4,0.2,64.22,497.18,1,0
1069.22,1.2,167.81,901.41,6,1
800.32,0.6,185.32,615.0,3,0
686.18,0.4,96.05,590.13,2,0
881.17,0.8,120.27,760.9,4,1
901.72,1.0,115.95,785.77,5,1
978.26,1.0,131.97,846.28,5,1
1224.01,1.6,144.27,1079.74,8,1
1102.24,1.2,193.27,908.97,6,0
730.35,0.4,162.92,567.44,2,1
843.06,0.8,142.68,700.38,4,1
1127.0,1.4,170.46,956.54,7,1
1243.23,0.6,605.54,637.69,3,1
1477.7,0.8,701.68,776.03,4,1
634.7,0.2,160.22,474.49,1,1
582.05,0.2,107.57,474.49,1,0
724.98,0.4,165.11,559.87,2,1
1146.0,1.2,282.41,863.59,6,1
1028.56,1.0,257.92,770.64,5,1
888.68,0.8,135.35,753.33,4,0
1103.53,0.6,458.27,645.26,3,1
651.77,0.4,46.51,605.26,2,1
1274.74,1.4,340.89,933.85,7,1
901.79,1.0,108.46,793.33,5,1
548.3,0.2,88.95,459.36,1,0
1125.43,1.0,301.84,823.59,5,1
840.0,0.8,132.05,707.95,4,1
686.5,0.4,134.19,552.31,2,0
1119.0,1.4,177.59,941.41,7,1
703.29,0.6,80.73,622.56,3,1
710.4,0.6,87.84,622.56,3,1
533.25,0.2,66.32,466.92,1,0
720.51,0.6,97.95,622.56,3,1
774.83,0.6,152.27,622.56,3,0
1616.46,1.6,635.05,981.41,8,1
633.22,0.2,113.35,519.87,1,0
702.36,0.4,142.49,559.87,2,1
491.58,0.0,72.22,419.36,0,0
785.51,0.6,102.43,683.08,3,1
727.53,0.6,89.84,637.69,3,0
889.6,0.8,136.27,753.33,4,1
624.13,0.2,142.08,482.05,1,0
960.88,0.6,315.62,645.26,3,1
575.63,0.2,63.32,512.31,1,0
966.65,1.0,165.76,800.9,5,1
736.31,0.6,91.05,645.26,3,1
916.13,0.8,185.49,730.64,4,1
461.79,0.0,50.0,411.79,0,0
929.74,1.0,143.97,785.77,5,1
755.94,0.6,118.24,637.69,3,0
718.92,0.6,96.35,622.56,3,1
819.46,0.6,151.51,667.95,3,0
801.64,0.6,171.51,630.13,3,1
821.12,0.6,115.35,705.77,3,1
740.17,0.6,87.35,652.82,3,1
1075.16,1.0,251.57,823.59,5,1
1585.74,0.8,839.97,745.77,4,1
883.01,1.0,97.24,785.77,5,1
1905.75,1.2,1034.59,871.15,6,1
725.24,0.6,110.24,615.0,3,0
577.86,0.2,88.24,489.62,1,0
763.98,0.6,96.03,667.95,3,1
652.78,0.4,70.22,582.56,2,1
1005.34,0.8,274.7,730.64,4,1
662.36,0.4,110.05,552.31,2,0
667.77,0.4,115.46,552.31,2,0
831.78,0.8,101.14,730.64,4,1
1417.82,1.4,423.46,994.36,7,1
939.91,1.0,169.27,770.64,5,1
718.5,0.6,80.81,637.69,3,1
1595.53,1.0,756.81,838.72,5,1
1752.08,0.8,1044.14,707.95,4,1
673.98,0.4,121.68,552.31,2,1
677.49,0.4,110.05,567.44,2,0
1199.91,1.4,175.3,1024.62,7,1
761.03,0.6,100.65,660.38,3,0
629.35,0.4,61.92,567.44,2,1
1249.21,1.4,345.62,903.59,7,1
488.92,0.0,62.0,426.92,0,0
1112.95,1.4,111.03,1001.92,7,1
2024.58,1.4,984.84,1039.74,7,1
1010.74,1.0,217.41,793.33,5,1
1612.1,1.2,680.43,931.67,6,1
459.31,0.0,47.51,411.79,0,0
461.76,0.0,42.41,419.36,0,0
538.72,0.2,49.11,489.62,1,1
821.69,0.8,75.92,745.77,4,1
730.35,0.4,162.92,567.44,2,1
844.67,0.8,129.16,715.51,4,1
1093.58,1.0,247.3,846.28,5,1
430.07,0.0,33.41,396.67,0,0
921.35,1.0,105.32,816.03,5,1
623.79,0.4,63.92,559.87,2,1
763.57,0.6,148.57,615.0,3,1
914.4,0.8,191.32,723.08,4,0
1255.69,1.8,135.95,1119.74,9,1
774.14,0.6,113.76,660.38,3,1
826.19,0.4,251.19,575.0,2,1
788.17,0.6,74.84,713.33,3,0
753.75,0.4,224.14,529.62,2,1
631.42,0.4,94.24,537.18,2,0
1654.12,1.2,760.27,893.85,6,1
732.69,0.6,87.43,645.26,3,0
870.44,0.8,124.68,745.77,4,1
1047.48,0.6,409.78,637.69,3,1
1108.88,1.2,230.16,878.72,6,1
1102.27,1.2,185.73,916.54,6,1
794.96,0.4,257.78,537.18,2,1
722.3,0.6,114.86,607.44,3,1
860.71,0.8,167.89,692.82,4,1
498.42,0.0,101.76,396.67,0,0
516.38,0.0,89.46,426.92,0,0
624.54,0.2,157.62,466.92,1,0
694.55,0.4,149.81,544.74,2,0
1112.37,1.2,180.7,931.67,6,1
1796.24,1.4,786.76,1009.49,7,1
727.83,0.6,90.14,637.69,3,0
867.53,1.0,89.32,778.21,5,1
697.43,0.4,114.86,582.56,2,0
994.89,1.2,138.86,856.03,6,1
565.85,0.2,61.11,504.74,1,0
471.21,0.0,74.54,396.67,0,0
526.3,0.2,51.81,474.49,1,0
1400.4,2.0,195.27,1205.13,10,1
1760.47,1.2,806.11,954.36,6,1
1128.11,1.2,272.08,856.03,6,1
476.17,0.0,56.81,419.36,0,0
945.25,1.0,144.35,800.9,5,1
626.74,0.2,106.86,519.87,1,0
1429.1,1.4,465.0,964.1,7,1
995.69,1.2,124.54,871.15,6,0
1101.59,1.4,145.05,956.54,7,1
760.69,0.6,107.86,652.82,3,0
536.41,0.2,61.92,474.49,1,0
1090.25,1.0,296.92,793.33,5,1
477.76,0.0,58.41,419.36,0,0
947.94,1.0,124.35,823.59,5,1
984.32,1.2,120.73,863.59,6,1
544.98,0.2,85.62,459.36,1,0
2023.5,1.4,983.76,1039.74,7,1
1135.33,1.4,193.92,941.41,7,1
865.0,1.0,101.92,763.08,5,1
816.06,0.8,123.24,692.82,4,1
711.77,0.6,66.51,645.26,3,1
892.01,0.8,138.68,753.33,4,0
