"Total_Cost","Ratio_Reloc_Prod","Horiz_Cost","Vert_Cost","nReloc","non_Optimal"
227905.96,0.4627,34271.26,193634.88,694,300
555.76,0.0,68.32,487.44,0,1
1008.32,1.0,116.65,891.67,5,1
686.41,0.4,66.03,620.38,2,1
628.85,0.2,56.03,572.82,1,1
619.51,0.2,76.95,542.56,1,1
876.95,0.6,148.49,728.46,3,1
742.01,0.4,129.19,612.82,2,1
739.51,0.4,96.43,643.08,2,1
805.97,0.6,130.46,675.51,3,1
537.13,0.0,79.95,457.18,0,1
593.51,0.2,58.51,535.0,1,1
583.25,0.2,55.81,527.44,1,1
1063.89,1.0,179.78,884.1,5,1
715.4,0.4,72.32,643.08,2,1
472.19,0.0,37.7,434.49,0,1
860.47,0.6,139.57,720.9,3,1
763.91,0.6,80.84,683.08,3,1
888.1,0.8,96.95,791.15,4,1
576.76,0.2,49.32,527.44,1,1
861.55,0.6,155.78,705.77,3,1
953.41,0.8,139.57,813.85,4,1
993.09,1.2,106.81,886.28,6,1
706.01,0.2,133.19,572.82,1,1
823.53,0.6,132.89,690.64,3,1
682.91,0.4,77.65,605.26,2,1
825.75,0.6,142.68,683.08,3,1
632.12,0.2,74.43,557.69,1,1
655.96,0.2,98.27,557.69,1,1
581.0,0.2,46.0,535.0,1,1
490.97,0.0,48.92,442.05,0,1
837.38,0.4,209.43,627.95,2,1
539.51,0.0,97.46,442.05,0,1
1025.11,1.0,163.7,861.41,5,1
529.55,0.0,64.81,464.74,0,1
820.59,0.6,145.08,675.51,3,1
669.76,0.4,94.76,575.0,2,1
630.77,0.2,65.51,565.26,1,1
580.65,0.2,53.22,527.44,1,1
940.39,0.8,126.54,813.85,4,1
712.99,0.4,122.86,590.13,2,1
737.39,0.4,124.57,612.82,2,1
959.66,0.8,206.32,753.33,4,1
550.85,0.0,78.54,472.31,0,1
912.7,0.8,136.68,776.03,4,1
862.54,0.4,219.46,643.08,2,1
902.09,0.8,148.76,753.33,4,1
723.23,0.4,117.97,605.26,2,1
565.0,0.2,30.0,535.0,1,1
767.96,0.4,162.7,605.26,2,1
724.14,0.4,103.76,620.38,2,1
474.11,0.0,39.62,434.49,0,1
828.75,0.4,178.11,650.64,2,1
615.57,0.4,55.7,559.87,2,1
738.74,0.4,133.49,605.26,2,1
678.18,0.4,72.92,605.26,2,1
910.35,0.8,141.89,768.46,4,1
835.93,0.6,130.16,705.77,3,1
556.69,0.0,91.95,464.74,0,1
781.14,0.4,168.32,612.82,2,1
504.53,0.0,54.92,449.62,0,1
600.88,0.2,88.57,512.31,1,1
867.78,0.8,91.76,776.03,4,1
586.41,0.2,51.41,535.0,1,1
660.83,0.2,118.27,542.56,1,1
1007.89,0.8,231.86,776.03,4,1
1013.28,0.8,199.43,813.85,4,1
846.13,0.6,102.54,743.59,3,1
1002.8,0.8,211.65,791.15,4,1
657.66,0.2,84.84,572.82,1,1
584.72,0.2,87.54,497.18,1,1
645.77,0.2,80.51,565.26,1,1
717.38,0.6,57.0,660.38,3,1
967.05,1.0,135.89,831.15,5,1
463.73,0.0,36.81,426.92,0,1
1052.34,1.2,105.54,946.79,6,1
979.06,0.8,218.16,760.9,4,1
732.21,0.4,89.14,643.08,2,1
729.96,0.2,164.7,565.26,1,1
851.21,0.6,153.0,698.21,3,1
753.72,0.4,95.51,658.21,2,1
767.78,0.6,77.14,690.64,3,1
593.62,0.2,58.62,535.0,1,1
603.41,0.2,68.41,535.0,1,1
576.07,0.2,86.46,489.62,1,1
982.28,1.0,120.86,861.41,5,1
910.33,0.6,189.43,720.9,3,1
764.48,0.4,113.84,650.64,2,1
820.35,0.6,152.41,667.95,3,1
810.12,0.6,104.35,705.77,3,1
875.03,0.8,106.57,768.46,4,1
597.96,0.2,85.65,512.31,1,1
1217.17,1.4,215.24,1001.92,7,1
665.52,0.2,92.7,572.82,1,1
842.95,0.6,122.05,720.9,3,1
772.53,0.4,106.76,665.77,2,1
750.97,0.4,115.46,635.51,2,1
931.76,0.6,210.86,720.9,3,1
1006.28,0.8,192.43,813.85,4,1
930.98,0.8,170.08,760.9,4,1
804.6,0.4,131.27,673.33,2,1
809.41,0.4,136.08,673.33,2,1
746.13,0.4,103.05,643.08,2,1
933.67,0.8,150.08,783.59,4,1
724.16,0.6,56.22,667.95,3,1
528.05,0.0,78.43,449.62,0,1
852.6,0.6,139.27,713.33,3,1
850.08,0.8,81.62,768.46,4,1
942.81,0.6,214.35,728.46,3,1
908.6,0.6,180.14,728.46,3,1
819.66,0.4,153.89,665.77,2,1
523.61,0.0,66.43,457.18,0,1
486.38,0.0,44.32,442.05,0,1
644.16,0.2,109.16,535.0,1,1
651.88,0.2,86.62,565.26,1,1
930.63,0.8,169.73,760.9,4,1
605.1,0.2,47.41,557.69,1,1
451.47,0.0,32.11,419.36,0,1
831.99,0.8,101.35,730.64,4,1
688.05,0.4,97.92,590.13,2,1
732.46,0.4,96.95,635.51,2,1
810.99,0.4,152.78,658.21,2,1
649.21,0.2,106.65,542.56,1,1
618.14,0.2,98.27,519.87,1,1
563.13,0.0,105.95,457.18,0,1
511.46,0.0,84.54,426.92,0,1
1192.38,1.4,182.89,1009.49,7,1
861.79,0.8,108.46,753.33,4,1
775.02,0.6,91.95,683.08,3,1
793.15,0.6,94.95,698.21,3,1
1116.01,1.2,161.65,954.36,6,1
528.04,0.0,55.73,472.31,0,1
683.59,0.4,93.46,590.13,2,1
851.44,0.6,145.68,705.77,3,1
637.24,0.2,102.24,535.0,1,1
923.41,0.6,194.95,728.46,3,1
475.58,0.0,56.22,419.36,0,1
912.54,0.6,244.59,667.95,3,1
1008.41,1.0,147.0,861.41,5,1
691.71,0.4,71.32,620.38,2,1
1002.53,1.0,163.81,838.72,5,1
932.23,0.8,141.08,791.15,4,1
845.29,0.6,147.08,698.21,3,1
657.99,0.2,107.86,550.13,1,1
753.97,0.6,63.32,690.64,3,1
689.72,0.2,124.46,565.26,1,1
871.85,0.4,213.65,658.21,2,1
680.99,0.4,75.73,605.26,2,1
906.15,0.6,207.95,698.21,3,1
932.8,0.6,166.51,766.28,3,1
635.97,0.2,85.84,550.13,1,1
662.72,0.4,65.03,597.69,2,1
688.09,0.4,82.84,605.26,2,1
698.98,0.4,86.16,612.82,2,1
601.17,0.2,73.73,527.44,1,1
646.21,0.2,103.65,542.56,1,1
705.48,0.2,147.78,557.69,1,1
1000.82,0.8,179.41,821.41,4,1
661.99,0.2,111.86,550.13,1,1
1021.9,1.0,160.49,861.41,5,1
686.74,0.2,121.49,565.26,1,1
648.33,0.2,75.51,572.82,1,1
913.85,0.8,115.14,798.72,4,1
1149.97,1.2,225.86,924.1,6,1
943.97,1.0,127.95,816.03,5,1
927.53,0.8,136.38,791.15,4,1
659.88,0.2,109.76,550.13,1,1
872.81,0.6,136.78,736.03,3,1
661.06,0.2,88.24,572.82,1,1
1103.93,1.2,149.57,954.36,6,1
722.1,0.4,79.03,643.08,2,1
517.5,0.0,60.32,457.18,0,1
475.63,0.0,48.7,426.92,0,1
1038.94,0.8,247.78,791.15,4,1
1092.57,1.2,130.65,961.92,6,1
763.66,0.4,105.46,658.21,2,1
765.51,0.4,114.86,650.64,2,1
647.04,0.2,74.22,572.82,1,1
586.68,0.2,66.81,519.87,1,1
490.92,0.0,56.43,434.49,0,1
657.07,0.4,51.81,605.26,2,1
911.73,0.8,135.7,776.03,4,1
748.54,0.4,113.03,635.51,2,1
536.56,0.0,86.95,449.62,0,1
958.91,0.8,160.19,798.72,4,1
1030.78,1.0,146.68,884.1,5,1
819.93,0.6,114.16,705.77,3,1
793.77,0.6,80.43,713.33,3,1
630.02,0.2,72.32,557.69,1,1
475.46,0.0,33.41,442.05,0,1
608.08,0.2,80.65,527.44,1,1
822.82,0.6,117.05,705.77,3,1
1105.33,1.2,150.97,954.36,6,1
632.4,0.2,89.84,542.56,1,1
695.16,0.4,67.22,627.95,2,1
973.08,1.0,149.49,823.59,5,1
821.32,0.6,130.68,690.64,3,1
545.97,0.0,111.49,434.49,0,1
873.7,0.8,158.19,715.51,4,1
449.36,0.0,30.0,419.36,0,1
513.19,0.0,71.14,442.05,0,1
713.19,0.4,85.24,627.95,2,1
610.93,0.2,91.05,519.87,1,1
868.09,0.6,147.19,720.9,3,1
784.84,0.4,156.89,627.95,2,1
597.0,0.2,62.0,535.0,1,1
468.25,0.0,41.32,426.92,0,1
669.09,0.2,103.84,565.26,1,1
491.05,0.0,49.0,442.05,0,1
953.5,0.8,154.78,798.72,4,1
894.94,0.8,118.92,776.03,4,1
533.45,0.0,83.84,449.62,0,1
624.98,0.2,97.54,527.44,1,1
532.81,0.0,90.76,442.05,0,1
487.92,0.0,61.0,426.92,0,1
638.14,0.2,103.14,535.0,1,1
483.0,0.0,48.51,434.49,0,1
1084.5,1.2,145.27,939.23,6,1
736.62,0.4,93.54,643.08,2,1
757.1,0.6,74.03,683.08,3,1
847.6,0.6,134.27,713.33,3,1
939.64,0.8,148.49,791.15,4,1
1036.32,1.0,144.65,891.67,5,1
667.69,0.2,102.43,565.26,1,1
662.99,0.2,97.73,565.26,1,1
633.63,0.2,113.76,519.87,1,1
918.16,0.8,134.57,783.59,4,1
873.99,0.6,168.22,705.77,3,1
661.79,0.4,41.41,620.38,2,1
1167.45,1.0,275.78,891.67,5,1
729.76,0.4,94.24,635.51,2,1
819.63,0.6,98.73,720.9,3,1
787.33,0.6,74.0,713.33,3,1
661.8,0.2,96.54,565.26,1,1
557.78,0.0,108.16,449.62,0,1
486.05,0.0,44.0,442.05,0,1
793.62,0.6,125.68,667.95,3,1
838.93,0.4,180.73,658.21,2,1
550.33,0.0,78.03,472.31,0,1
636.51,0.2,93.95,542.56,1,1
773.96,0.4,115.76,658.21,2,1
585.7,0.2,50.7,535.0,1,1
664.09,0.2,151.78,512.31,1,1
481.63,0.0,69.84,411.79,0,1
651.23,0.2,93.54,557.69,1,1
1124.75,1.0,240.65,884.1,5,1
531.61,0.0,74.43,457.18,0,1
525.18,0.0,60.43,464.74,0,1
779.8,0.2,214.54,565.26,1,1
849.81,0.6,121.35,728.46,3,1
858.53,0.8,112.76,745.77,4,1
805.08,0.6,129.57,675.51,3,1
1286.41,1.4,284.49,1001.92,7,1
979.98,0.8,173.7,806.28,4,1
595.39,0.0,123.08,472.31,0,1
667.0,0.4,99.57,567.44,2,1
830.6,0.6,102.14,728.46,3,1
592.71,0.2,72.84,519.87,1,1
585.84,0.2,58.41,527.44,1,1
843.03,0.6,167.51,675.51,3,1
1325.4,1.6,268.35,1057.05,8,1
1004.37,0.8,160.27,844.1,4,1
690.79,0.2,117.97,572.82,1,1
589.15,0.2,76.84,512.31,1,1
986.22,1.0,132.38,853.85,5,1
690.11,0.4,69.73,620.38,2,1
471.98,0.0,52.62,419.36,0,1
951.82,0.8,137.97,813.85,4,1
608.94,0.2,58.81,550.13,1,1
1330.79,1.6,228.35,1102.44,8,1
968.0,0.8,146.59,821.41,4,1
1033.61,1.0,187.32,846.28,5,1
716.86,0.4,66.22,650.64,2,1
667.01,0.2,101.76,565.26,1,1
961.31,1.0,107.46,853.85,5,1
759.52,0.4,146.7,612.82,2,1
655.14,0.2,82.32,572.82,1,1
703.38,0.2,115.43,587.95,1,1
844.12,0.8,98.35,745.77,4,1
455.36,0.0,36.0,419.36,0,1
701.64,0.4,103.95,597.69,2,1
640.26,0.2,90.14,550.13,1,1
508.54,0.0,74.05,434.49,0,1
651.5,0.2,139.19,512.31,1,1
705.71,0.4,85.32,620.38,2,1
959.38,0.8,137.97,821.41,4,1
667.45,0.2,109.76,557.69,1,1
1060.72,1.0,161.49,899.23,5,1
894.05,0.8,118.03,776.03,4,1
1081.56,1.2,149.89,931.67,6,1
618.92,0.2,83.92,535.0,1,1
1133.6,1.2,171.68,961.92,6,1
738.29,0.4,140.59,597.69,2,1
784.04,0.4,171.22,612.82,2,1
496.87,0.0,69.95,426.92,0,1
1072.13,1.2,140.46,931.67,6,1
647.92,0.2,120.49,527.44,1,1
561.5,0.2,64.32,497.18,1,1
512.48,0.0,70.43,442.05,0,1
771.6,0.6,103.65,667.95,3,1
1152.95,1.4,158.59,994.36,7,1
