"Total_Cost","Ratio_Reloc_Prod","Horiz_Cost","Vert_Cost","nReloc","non_Optimal"
222550.19,0.4393,32055.11,190495.03,659,300
528.9,0.0,49.03,479.87,0,1
1044.36,1.0,137.57,906.79,5,1
685.55,0.4,72.73,612.82,2,1
647.77,0.2,74.95,572.82,1,1
649.94,0.2,92.24,557.69,1,1
841.81,0.6,113.35,728.46,3,1
717.33,0.4,96.95,620.38,2,1
715.95,0.4,80.43,635.51,2,1
798.59,0.6,115.51,683.08,3,1
563.94,0.0,106.76,457.18,0,1
592.81,0.2,57.81,535.0,1,1
581.84,0.2,54.41,527.44,1,1
1057.13,1.0,180.59,876.54,5,1
687.27,0.4,59.32,627.95,2,1
467.49,0.0,33.0,434.49,0,1
870.73,0.6,142.27,728.46,3,1
763.91,0.6,80.84,683.08,3,1
902.34,0.8,96.05,806.28,4,1
585.06,0.2,57.62,527.44,1,1
859.26,0.6,153.49,705.77,3,1
903.4,0.8,112.24,791.15,4,1
1015.79,1.2,106.81,908.97,6,1
695.45,0.2,130.19,565.26,1,1
794.8,0.6,104.16,690.64,3,1
641.75,0.4,51.62,590.13,2,1
795.22,0.6,127.27,667.95,3,1
634.02,0.2,76.32,557.69,1,1
609.97,0.2,59.84,550.13,1,1
624.36,0.2,59.11,565.26,1,1
483.41,0.0,48.92,434.49,0,1
829.52,0.4,209.14,620.38,2,1
547.07,0.0,97.46,449.62,0,1
1037.68,1.0,168.7,868.97,5,1
625.34,0.2,75.22,550.13,1,1
795.46,0.6,119.95,675.51,3,1
613.39,0.4,53.51,559.87,2,1
608.48,0.2,65.92,542.56,1,1
635.08,0.4,52.51,582.56,2,1
946.25,0.8,124.84,821.41,4,1
780.23,0.4,167.41,612.82,2,1
710.36,0.4,97.54,612.82,2,1
900.37,0.6,209.73,690.64,3,1
540.04,0.0,67.73,472.31,0,1
823.32,0.6,132.68,690.64,3,1
903.65,0.6,175.19,728.46,3,1
907.5,0.8,154.16,753.33,4,1
683.5,0.4,78.24,605.26,2,1
620.03,0.2,85.03,535.0,1,1
750.83,0.4,160.7,590.13,2,1
708.87,0.4,96.05,612.82,2,1
457.58,0.0,38.22,419.36,0,1
842.31,0.4,184.11,658.21,2,1
604.39,0.4,44.51,559.87,2,1
740.06,0.6,87.24,652.82,3,1
706.27,0.4,78.32,627.95,2,1
829.78,0.6,146.7,683.08,3,1
896.78,0.8,120.76,776.03,4,1
527.56,0.0,77.95,449.62,0,1
866.44,0.8,120.68,745.77,4,1
492.27,0.0,50.22,442.05,0,1
763.25,0.6,102.86,660.38,3,1
797.39,0.6,84.05,713.33,3,1
586.41,0.2,51.41,535.0,1,1
641.86,0.2,106.86,535.0,1,1
934.39,0.8,135.68,798.72,4,1
1009.47,0.8,195.62,813.85,4,1
819.0,0.6,90.54,728.46,3,1
873.14,0.6,144.68,728.46,3,1
658.66,0.2,85.84,572.82,1,1
712.67,0.6,82.54,630.13,3,1
637.02,0.2,79.32,557.69,1,1
718.09,0.6,57.7,660.38,3,1
1055.56,1.0,163.89,891.67,5,1
490.27,0.0,48.22,442.05,0,1
1039.34,1.0,147.68,891.67,5,1
788.96,0.4,176.14,612.82,2,1
721.35,0.4,85.84,635.51,2,1
802.65,0.4,174.7,627.95,2,1
673.89,0.2,138.89,535.0,1,1
755.72,0.4,97.51,658.21,2,1
793.2,0.6,87.43,705.77,3,1
587.95,0.2,60.51,527.44,1,1
516.53,0.0,66.92,449.62,0,1
589.34,0.2,92.16,497.18,1,1
825.25,0.6,104.35,720.9,3,1
926.25,0.6,205.35,720.9,3,1
722.6,0.4,94.65,627.95,2,1
852.66,0.6,146.89,705.77,3,1
808.5,0.6,95.16,713.33,3,1
637.62,0.2,95.05,542.56,1,1
519.45,0.0,69.84,449.62,0,1
1114.93,1.2,175.7,939.23,6,1
699.75,0.2,142.05,557.69,1,1
831.74,0.6,110.84,720.9,3,1
774.98,0.4,101.65,673.33,2,1
739.86,0.4,104.35,635.51,2,1
822.39,0.6,124.19,698.21,3,1
892.9,0.8,86.62,806.28,4,1
837.85,0.6,132.08,705.77,3,1
764.42,0.4,98.65,665.77,2,1
698.55,0.2,118.16,580.38,1,1
656.45,0.2,98.76,557.69,1,1
886.9,0.8,80.62,806.28,4,1
720.01,0.6,59.62,660.38,3,1
588.28,0.2,83.54,504.74,1,1
855.95,0.6,135.05,720.9,3,1
846.24,0.8,70.22,776.03,4,1
852.55,0.6,146.78,705.77,3,1
963.76,0.8,187.73,776.03,4,1
670.94,0.2,113.24,557.69,1,1
536.45,0.0,71.7,464.74,0,1
492.7,0.0,58.22,434.49,0,1
646.86,0.2,111.86,535.0,1,1
639.72,0.2,82.03,557.69,1,1
929.51,0.8,153.49,776.03,4,1
583.37,0.2,40.81,542.56,1,1
473.44,0.0,46.51,426.92,0,1
892.89,0.8,116.86,776.03,4,1
568.18,0.2,63.43,504.74,1,1
755.67,0.4,120.16,635.51,2,1
796.59,0.4,161.08,635.51,2,1
695.72,0.4,98.03,597.69,2,1
595.61,0.2,90.86,504.74,1,1
743.65,0.4,108.14,635.51,2,1
530.54,0.0,96.05,434.49,0,1
992.9,0.8,171.49,821.41,4,1
716.44,0.4,96.05,620.38,2,1
818.98,0.6,105.65,713.33,3,1
640.4,0.2,97.84,542.56,1,1
1188.64,1.4,156.46,1032.18,7,1
537.39,0.0,57.51,479.87,0,1
823.22,0.6,147.7,675.51,3,1
751.69,0.4,138.86,612.82,2,1
840.18,0.6,141.97,698.21,3,1
665.89,0.2,130.89,535.0,1,1
515.21,0.0,58.03,457.18,0,1
954.99,0.6,256.78,698.21,3,1
880.73,0.6,144.7,736.03,3,1
657.26,0.4,67.14,590.13,2,1
747.08,0.4,111.57,635.51,2,1
990.44,1.0,144.16,846.28,5,1
838.51,0.8,107.86,730.64,4,1
578.67,0.0,121.49,457.18,0,1
696.66,0.4,83.84,612.82,2,1
811.64,0.4,161.0,650.64,2,1
850.04,0.4,176.7,673.33,2,1
669.88,0.4,64.62,605.26,2,1
717.74,0.2,152.49,565.26,1,1
981.41,1.0,127.57,853.85,5,1
647.53,0.2,89.84,557.69,1,1
658.28,0.4,53.03,605.26,2,1
714.19,0.4,86.24,627.95,2,1
862.85,0.4,204.65,658.21,2,1
564.53,0.0,107.35,457.18,0,1
661.91,0.4,64.22,597.69,2,1
829.39,0.6,116.05,713.33,3,1
1147.49,1.2,178.0,969.49,6,1
660.18,0.2,110.05,550.13,1,1
1111.9,1.2,165.11,946.79,6,1
636.37,0.2,86.24,550.13,1,1
531.28,0.0,66.54,464.74,0,1
797.34,0.6,99.14,698.21,3,1
846.34,0.6,155.7,690.64,3,1
702.83,0.4,120.27,582.56,2,1
887.21,0.6,151.19,736.03,3,1
667.21,0.2,117.08,550.13,1,1
805.44,0.6,84.54,720.9,3,1
602.78,0.2,60.22,542.56,1,1
1078.63,1.2,131.84,946.79,6,1
754.13,0.4,111.05,643.08,2,1
516.59,0.0,74.54,442.05,0,1
484.3,0.0,49.81,434.49,0,1
908.47,0.6,195.14,713.33,3,1
1013.42,1.0,121.76,891.67,5,1
729.86,0.4,94.35,635.51,2,1
648.37,0.2,98.24,550.13,1,1
499.72,0.0,50.11,449.62,0,1
681.07,0.4,75.81,605.26,2,1
506.62,0.0,72.14,434.49,0,1
577.54,0.2,50.11,527.44,1,1
1015.95,1.0,162.11,853.85,5,1
632.33,0.2,112.46,519.87,1,1
538.26,0.0,88.65,449.62,0,1
808.63,0.6,102.86,705.77,3,1
923.08,0.8,139.49,783.59,4,1
760.77,0.4,102.57,658.21,2,1
606.03,0.2,71.03,535.0,1,1
772.37,0.6,81.73,690.64,3,1
493.72,0.0,44.11,449.62,0,1
516.94,0.0,67.32,449.62,0,1
751.64,0.4,93.43,658.21,2,1
860.14,0.8,99.24,760.9,4,1
624.32,0.2,89.32,535.0,1,1
534.96,0.0,70.22,464.74,0,1
816.46,0.6,133.38,683.08,3,1
814.07,0.6,115.86,698.21,3,1
518.45,0.0,68.84,449.62,0,1
625.79,0.2,113.49,512.31,1,1
490.86,0.0,48.81,442.05,0,1
587.79,0.2,67.92,519.87,1,1
778.32,0.6,95.24,683.08,3,1
670.07,0.4,64.81,605.26,2,1
1152.39,1.4,165.59,986.79,7,1
769.08,0.4,133.57,635.51,2,1
633.16,0.2,83.03,550.13,1,1
540.01,0.0,67.7,472.31,0,1
598.52,0.2,78.65,519.87,1,1
529.16,0.0,79.54,449.62,0,1
797.57,0.6,137.19,660.38,3,1
860.49,0.8,92.03,768.46,4,1
754.77,0.6,101.95,652.82,3,1
746.73,0.4,103.65,643.08,2,1
514.14,0.0,79.65,434.49,0,1
558.07,0.2,53.32,504.74,1,1
613.87,0.2,86.43,527.44,1,1
495.6,0.0,61.11,434.49,0,1
984.75,1.0,153.59,831.15,5,1
798.49,0.6,122.97,675.51,3,1
790.85,0.6,92.65,698.21,3,1
581.41,0.2,46.41,535.0,1,1
805.01,0.6,99.24,705.77,3,1
1019.82,0.8,213.54,806.28,4,1
689.35,0.4,61.41,627.95,2,1
547.93,0.0,75.62,472.31,0,1
535.95,0.0,101.46,434.49,0,1
509.87,0.0,82.95,426.92,0,1
686.41,0.2,151.41,535.0,1,1
573.26,0.2,83.65,489.62,1,1
1217.44,1.4,230.65,986.79,7,1
612.21,0.2,54.51,557.69,1,1
965.74,1.0,119.46,846.28,5,1
716.71,0.4,88.76,627.95,2,1
661.85,0.2,89.03,572.82,1,1
728.44,0.4,108.05,620.38,2,1
478.3,0.0,43.81,434.49,0,1
848.68,0.8,95.35,753.33,4,1
787.72,0.2,237.59,550.13,1,1
819.99,0.8,89.35,730.64,4,1
616.17,0.2,88.73,527.44,1,1
801.94,0.6,118.86,683.08,3,1
571.57,0.2,51.7,519.87,1,1
616.74,0.0,152.0,464.74,0,1
471.73,0.0,44.81,426.92,0,1
609.11,0.2,74.11,535.0,1,1
1036.2,1.0,136.97,899.23,5,1
524.47,0.0,59.73,464.74,0,1
716.33,0.4,95.95,620.38,2,1
718.65,0.2,138.27,580.38,1,1
807.89,0.6,79.43,728.46,3,1
829.09,0.8,83.32,745.77,4,1
846.34,0.6,140.57,705.77,3,1
1001.23,0.8,202.51,798.72,4,1
915.91,0.8,124.76,791.15,4,1
702.43,0.2,152.3,550.13,1,1
677.83,0.4,80.14,597.69,2,1
670.88,0.4,65.62,605.26,2,1
744.03,0.6,68.51,675.51,3,1
684.39,0.4,79.14,605.26,2,1
786.41,0.6,118.46,667.95,3,1
1506.15,1.8,325.89,1180.26,9,1
766.51,0.4,115.86,650.64,2,1
562.98,0.2,43.11,519.87,1,1
550.13,0.0,92.95,457.18,0,1
816.97,0.8,86.32,730.64,4,1
789.21,0.4,138.57,650.64,2,1
492.11,0.0,57.62,434.49,0,1
877.56,0.6,133.97,743.59,3,1
593.56,0.2,51.0,542.56,1,1
1317.02,1.8,159.46,1157.56,9,1
728.65,0.4,108.27,620.38,2,1
939.81,0.4,296.73,643.08,2,1
563.82,0.2,51.51,512.31,1,1
676.01,0.2,110.76,565.26,1,1
904.59,0.8,128.57,776.03,4,1
938.78,0.8,155.19,783.59,4,1
607.64,0.2,57.51,550.13,1,1
884.97,0.6,141.38,743.59,3,1
644.51,0.2,101.95,542.56,1,1
484.6,0.0,50.11,434.49,0,1
943.88,1.0,112.73,831.15,5,1
618.43,0.2,83.43,535.0,1,1
694.73,0.4,112.16,582.56,2,1
518.43,0.0,83.95,434.49,0,1
873.4,0.8,89.81,783.59,4,1
948.63,0.8,134.78,813.85,4,1
959.96,0.8,153.68,806.28,4,1
935.88,0.6,177.16,758.72,3,1
831.77,0.6,118.43,713.33,3,1
1157.49,1.2,188.0,969.49,6,1
564.49,0.0,84.62,479.87,0,1
796.94,0.4,146.3,650.64,2,1
506.38,0.0,64.32,442.05,0,1
1027.95,1.0,158.97,868.97,5,1
722.51,0.4,79.43,643.08,2,1
1262.76,1.6,152.76,1110.0,8,1
534.53,0.0,77.35,457.18,0,1
547.37,0.0,97.76,449.62,0,1
610.92,0.2,68.35,542.56,1,1
858.95,0.8,98.05,760.9,4,1
927.07,0.8,120.78,806.28,4,1
