"Total_Cost","Ratio_Reloc_Prod","Horiz_Cost","Vert_Cost","nReloc","non_Optimal"
225606.99,0.4553,33191.28,192415.73,683,300
554.35,0.0,66.92,487.44,0,1
1035.99,1.0,136.76,899.23,5,1
686.41,0.4,66.03,620.38,2,1
631.14,0.2,58.32,572.82,1,1
649.94,0.2,92.24,557.69,1,1
848.57,0.6,127.68,720.9,3,1
755.17,0.4,134.78,620.38,2,1
735.81,0.4,92.73,643.08,2,1
781.65,0.6,106.14,675.51,3,1
524.97,0.0,75.35,449.62,0,1
593.51,0.2,58.51,535.0,1,1
579.84,0.2,52.41,527.44,1,1
1065.99,1.0,181.89,884.1,5,1
713.81,0.4,70.73,643.08,2,1
470.19,0.0,35.7,434.49,0,1
860.47,0.6,139.57,720.9,3,1
763.91,0.6,80.84,683.08,3,1
907.23,0.8,100.95,806.28,4,1
589.06,0.2,61.62,527.44,1,1
859.26,0.6,153.49,705.77,3,1
938.44,0.8,132.16,806.28,4,1
1000.36,1.2,106.51,893.85,6,1
697.45,0.2,132.19,565.26,1,1
823.53,0.6,132.89,690.64,3,1
664.07,0.4,73.95,590.13,2,1
795.22,0.6,127.27,667.95,3,1
634.83,0.2,77.14,557.69,1,1
609.97,0.2,59.84,550.13,1,1
624.36,0.2,59.11,565.26,1,1
483.41,0.0,48.92,434.49,0,1
829.52,0.4,209.14,620.38,2,1
539.51,0.0,97.46,442.05,0,1
1028.82,1.0,167.41,861.41,5,1
618.64,0.2,68.51,550.13,1,1
819.3,0.6,143.78,675.51,3,1
696.29,0.4,106.16,590.13,2,1
581.25,0.2,53.81,527.44,1,1
502.1,0.0,44.92,457.18,0,1
980.84,0.8,151.86,828.97,4,1
712.99,0.4,122.86,590.13,2,1
737.39,0.4,124.57,612.82,2,1
900.37,0.6,209.73,690.64,3,1
542.74,0.0,70.43,472.31,0,1
823.32,0.6,132.68,690.64,3,1
810.27,0.4,167.19,643.08,2,1
899.39,0.8,146.05,753.33,4,1
691.64,0.4,93.95,597.69,2,1
613.24,0.2,78.24,535.0,1,1
674.87,0.2,155.0,519.87,1,1
709.17,0.4,96.35,612.82,2,1
490.3,0.0,55.81,434.49,0,1
827.05,0.4,176.41,650.64,2,1
604.42,0.4,52.11,552.31,2,1
670.67,0.4,80.54,590.13,2,1
706.27,0.4,78.32,627.95,2,1
886.21,0.8,148.0,738.21,4,1
847.53,0.6,156.89,690.64,3,1
518.1,0.0,60.92,457.18,0,1
895.72,0.8,157.51,738.21,4,1
492.27,0.0,50.22,442.05,0,1
747.69,0.6,94.86,652.82,3,1
797.39,0.6,84.05,713.33,3,1
583.0,0.2,48.0,535.0,1,1
641.86,0.2,106.86,535.0,1,1
927.53,0.8,136.38,791.15,4,1
1025.03,0.8,203.62,821.41,4,1
819.0,0.6,90.54,728.46,3,1
1040.13,1.0,163.59,876.54,5,1
653.36,0.2,80.54,572.82,1,1
704.4,0.6,81.84,622.56,3,1
629.5,0.2,71.81,557.69,1,1
717.38,0.6,57.0,660.38,3,1
1066.83,1.0,167.59,899.23,5,1
490.27,0.0,48.22,442.05,0,1
952.52,0.8,138.68,813.85,4,1
810.79,0.4,182.84,627.95,2,1
724.05,0.4,88.54,635.51,2,1
802.65,0.4,174.7,627.95,2,1
836.67,0.6,153.59,683.08,3,1
755.72,0.4,97.51,658.21,2,1
703.82,0.4,83.43,620.38,2,1
587.95,0.2,60.51,527.44,1,1
537.66,0.0,72.92,464.74,0,1
590.04,0.2,92.86,497.18,1,1
825.25,0.6,104.35,720.9,3,1
962.65,0.8,186.62,776.03,4,1
746.32,0.4,103.24,643.08,2,1
776.46,0.4,133.38,643.08,2,1
808.5,0.6,95.16,713.33,3,1
712.28,0.4,99.46,612.82,2,1
589.85,0.2,77.54,512.31,1,1
1030.77,1.0,176.92,853.85,5,1
747.34,0.4,96.7,650.64,2,1
850.41,0.6,121.95,728.46,3,1
886.54,0.8,102.95,783.59,4,1
771.46,0.4,128.38,643.08,2,1
923.04,0.6,217.27,705.77,3,1
1117.57,1.2,148.08,969.49,6,1
1199.0,1.4,189.51,1009.49,7,1
774.42,0.4,108.65,665.77,2,1
861.59,0.6,125.57,736.03,3,1
587.05,0.0,92.05,495.0,0,1
969.47,0.8,163.19,806.28,4,1
663.74,0.4,50.92,612.82,2,1
577.18,0.2,72.43,504.74,1,1
875.03,0.6,146.57,728.46,3,1
825.25,0.8,71.92,753.33,4,1
911.08,0.6,182.62,728.46,3,1
1015.28,0.8,201.43,813.85,4,1
704.18,0.2,146.49,557.69,1,1
521.8,0.0,64.62,457.18,0,1
467.68,0.0,48.32,419.36,0,1
716.47,0.4,103.65,612.82,2,1
653.07,0.2,87.81,565.26,1,1
954.83,0.8,156.11,798.72,4,1
587.37,0.2,44.81,542.56,1,1
463.36,0.0,44.0,419.36,0,1
908.41,0.8,147.51,760.9,4,1
704.67,0.6,74.54,630.13,3,1
747.89,0.4,112.38,635.51,2,1
791.35,0.4,148.27,643.08,2,1
608.99,0.2,104.24,504.74,1,1
589.91,0.2,85.16,504.74,1,1
667.5,0.2,102.24,565.26,1,1
529.65,0.0,95.16,434.49,0,1
1200.89,1.4,191.41,1009.49,7,1
819.53,0.6,113.76,705.77,3,1
826.55,0.6,105.65,720.9,3,1
512.97,0.0,70.92,442.05,0,1
1173.83,1.4,141.65,1032.18,7,1
537.39,0.0,57.51,479.87,0,1
958.46,1.0,150.0,808.46,5,1
800.56,0.4,157.49,643.08,2,1
885.65,0.6,157.19,728.46,3,1
832.04,0.6,126.27,705.77,3,1
509.08,0.0,67.03,442.05,0,1
746.16,0.2,211.16,535.0,1,1
824.47,0.4,158.7,665.77,2,1
519.29,0.0,77.24,442.05,0,1
926.22,0.8,165.32,760.9,4,1
986.5,1.0,147.78,838.72,5,1
965.29,0.8,181.7,783.59,4,1
583.02,0.0,133.41,449.62,0,1
800.36,0.6,87.03,713.33,3,1
702.88,0.2,145.19,557.69,1,1
826.8,0.4,168.59,658.21,2,1
580.79,0.2,60.92,519.87,1,1
885.83,0.6,187.62,698.21,3,1
1070.58,1.0,163.78,906.79,5,1
616.1,0.2,73.54,542.56,1,1
652.72,0.4,55.03,597.69,2,1
797.45,0.6,99.24,698.21,3,1
1089.54,1.0,220.57,868.97,5,1
588.82,0.0,124.08,464.74,0,1
610.52,0.2,90.65,519.87,1,1
752.95,0.4,132.57,620.38,2,1
995.66,0.8,181.81,813.85,4,1
646.32,0.2,103.76,542.56,1,1
1325.68,1.8,190.81,1134.87,9,1
712.52,0.4,92.14,620.38,2,1
621.92,0.2,79.35,542.56,1,1
735.89,0.4,107.95,627.95,2,1
893.09,0.6,187.32,705.77,3,1
826.26,0.6,128.05,698.21,3,1
826.36,0.4,160.59,665.77,2,1
538.55,0.0,66.24,472.31,0,1
918.2,0.8,104.35,813.85,4,1
590.62,0.2,55.62,535.0,1,1
1057.47,1.2,118.24,939.23,6,1
708.79,0.4,80.84,627.95,2,1
525.27,0.2,43.22,482.05,1,1
462.17,0.0,42.81,419.36,0,1
1034.53,0.8,228.24,806.28,4,1
1067.85,1.2,121.05,946.79,6,1
756.85,0.4,98.65,658.21,2,1
617.43,0.2,82.43,535.0,1,1
660.2,0.2,94.95,565.26,1,1
579.49,0.2,59.62,519.87,1,1
484.7,0.0,50.22,434.49,0,1
646.13,0.4,56.0,590.13,2,1
1083.2,1.0,176.41,906.79,5,1
679.99,0.2,129.86,550.13,1,1
736.41,0.4,108.46,627.95,2,1
733.45,0.4,128.19,605.26,2,1
921.37,0.8,137.78,783.59,4,1
889.78,0.8,113.76,776.03,4,1
796.47,0.6,83.14,713.33,3,1
661.42,0.4,63.73,597.69,2,1
474.86,0.0,32.81,442.05,0,1
484.97,0.0,42.92,442.05,0,1
760.75,0.4,102.54,658.21,2,1
805.77,0.6,107.57,698.21,3,1
667.69,0.2,102.43,565.26,1,1
603.7,0.2,68.7,535.0,1,1
736.74,0.4,131.49,605.26,2,1
934.94,0.8,143.78,791.15,4,1
631.18,0.2,81.05,550.13,1,1
686.86,0.4,111.86,575.0,2,1
434.2,0.0,22.41,411.79,0,1
547.83,0.0,90.65,457.18,0,1
853.48,0.8,115.27,738.21,4,1
577.01,0.0,112.27,464.74,0,1
974.49,1.0,120.65,853.85,5,1
817.08,0.4,174.0,643.08,2,1
515.18,0.0,58.0,457.18,0,1
493.78,0.0,51.73,442.05,0,1
644.97,0.2,94.84,550.13,1,1
476.36,0.0,57.0,419.36,0,1
905.6,0.8,144.7,760.9,4,1
778.31,0.6,80.11,698.21,3,1
622.98,0.2,95.54,527.44,1,1
564.99,0.0,100.24,464.74,0,1
482.36,0.0,55.43,426.92,0,1
566.12,0.2,53.81,512.31,1,1
525.13,0.0,75.51,449.62,0,1
465.06,0.0,45.7,419.36,0,1
1116.13,1.4,159.59,956.54,7,1
804.96,0.6,106.76,698.21,3,1
682.8,0.4,77.54,605.26,2,1
773.21,0.4,122.57,650.64,2,1
1280.74,1.6,185.86,1094.87,8,1
943.23,0.8,152.08,791.15,4,1
677.04,0.4,64.22,612.82,2,1
704.52,0.4,84.14,620.38,2,1
547.83,0.0,90.65,457.18,0,1
592.15,0.2,79.84,512.31,1,1
875.09,0.8,121.76,753.33,4,1
642.61,0.4,44.92,597.69,2,1
1106.16,1.0,176.68,929.49,5,1
733.0,0.6,49.92,683.08,3,1
1084.41,1.2,130.05,954.36,6,1
714.44,0.4,94.05,620.38,2,1
580.84,0.2,53.41,527.44,1,1
635.81,0.2,93.24,542.56,1,1
467.19,0.0,32.7,434.49,0,1
777.35,0.4,134.27,643.08,2,1
779.37,0.2,221.68,557.69,1,1
641.76,0.2,106.76,535.0,1,1
745.87,0.6,77.92,667.95,3,1
611.43,0.2,76.43,535.0,1,1
638.51,0.4,63.51,575.0,2,1
693.11,0.2,158.11,535.0,1,1
510.22,0.0,75.73,434.49,0,1
635.86,0.2,85.73,550.13,1,1
860.75,0.4,202.54,658.21,2,1
619.0,0.2,76.43,542.56,1,1
464.71,0.0,52.92,411.79,0,1
791.96,0.4,133.76,658.21,2,1
774.08,0.6,106.14,667.95,3,1
772.76,0.6,97.24,675.51,3,1
810.22,0.6,142.27,667.95,3,1
1168.37,1.2,244.27,924.1,6,1
1069.77,1.0,178.11,891.67,5,1
574.72,0.0,109.97,464.74,0,1
655.97,0.2,120.97,535.0,1,1
796.73,0.6,113.65,683.08,3,1
721.39,0.4,108.57,612.82,2,1
817.24,0.6,81.22,736.03,3,1
956.2,0.8,210.43,745.77,4,1
1355.26,1.6,283.08,1072.18,8,1
722.82,0.4,102.43,620.38,2,1
581.27,0.0,93.84,487.44,0,1
529.61,0.0,72.43,457.18,0,1
641.75,0.4,51.62,590.13,2,1
742.98,0.6,75.03,667.95,3,1
484.81,0.0,50.32,434.49,0,1
1014.65,1.0,145.68,868.97,5,1
708.03,0.4,72.51,635.51,2,1
1122.93,1.2,115.62,1007.31,6,1
708.01,0.4,102.76,605.26,2,1
974.48,0.8,190.89,783.59,4,1
594.13,0.2,44.0,550.13,1,1
652.94,0.2,95.24,557.69,1,1
775.95,0.6,100.43,675.51,3,1
950.08,0.8,166.49,783.59,4,1
618.8,0.2,61.11,557.69,1,1
802.23,0.4,136.46,665.77,2,1
829.14,0.6,108.24,720.9,3,1
495.56,0.0,53.51,442.05,0,1
717.25,0.4,104.43,612.82,2,1
574.9,0.2,55.03,519.87,1,1
560.8,0.0,96.05,464.74,0,1
551.37,0.0,101.76,449.62,0,1
832.15,0.8,93.95,738.21,4,1
1024.59,1.0,140.49,884.1,5,1
872.79,0.6,151.89,720.9,3,1
842.63,0.4,176.86,665.77,2,1
875.88,0.6,124.73,751.15,3,1
995.97,0.8,167.0,828.97,4,1
509.83,0.0,60.22,449.62,0,1
1225.6,1.2,218.3,1007.31,6,1
763.94,0.4,120.86,643.08,2,1
829.35,0.6,161.41,667.95,3,1
649.21,0.2,106.65,542.56,1,1
1134.17,1.2,179.81,954.36,6,1
749.97,0.4,114.46,635.51,2,1
522.46,0.2,40.41,482.05,1,1
639.11,0.4,64.11,575.0,2,1
774.35,0.6,98.84,675.51,3,1
1157.05,1.2,180.0,977.05,6,1
