"Total_Cost","Ratio_Reloc_Prod","Horiz_Cost","Vert_Cost","nReloc","non_Optimal"
238045.61,0.3913,50566.79,187478.92,587,204
540.69,0.0,75.95,464.74,0,0
747.12,0.4,88.92,658.21,2,0
738.51,0.2,143.0,595.51,1,0
674.6,0.2,94.22,580.38,1,1
701.31,0.2,128.49,572.82,1,0
547.63,0.0,75.32,472.31,0,0
733.1,0.4,90.03,643.08,2,1
947.26,0.8,156.11,791.15,4,1
639.69,0.2,127.38,512.31,1,0
812.14,0.4,199.32,612.82,2,1
1198.57,1.2,236.65,961.92,6,1
539.85,0.0,67.54,472.31,0,0
734.2,0.2,153.81,580.38,1,1
920.95,0.8,99.54,821.41,4,1
887.2,0.8,133.86,753.33,4,1
643.84,0.0,163.97,479.87,0,1
509.4,0.0,52.22,457.18,0,0
603.55,0.2,91.24,512.31,1,0
814.88,0.4,217.19,597.69,2,1
624.9,0.2,97.46,527.44,1,0
614.26,0.2,64.14,550.13,1,0
1358.55,1.2,404.19,954.36,6,1
1618.34,1.0,787.19,831.15,5,1
706.3,0.2,118.35,587.95,1,0
555.45,0.0,98.27,457.18,0,1
675.01,0.2,109.76,565.26,1,1
683.43,0.2,140.86,542.56,1,0
703.57,0.4,75.62,627.95,2,0
638.6,0.2,111.16,527.44,1,0
783.37,0.4,125.16,658.21,2,1
724.06,0.4,111.24,612.82,2,1
742.71,0.4,114.76,627.95,2,0
620.06,0.2,92.62,527.44,1,0
719.1,0.2,176.54,542.56,1,1
704.39,0.2,131.57,572.82,1,0
555.38,0.0,113.32,442.05,0,1
1236.7,0.8,513.62,723.08,4,1
643.47,0.2,78.22,565.26,1,0
520.16,0.0,70.54,449.62,0,1
649.39,0.2,84.14,565.26,1,1
570.58,0.0,105.84,464.74,0,1
994.56,1.2,115.84,878.72,6,1
677.93,0.2,165.62,512.31,1,1
631.48,0.2,88.92,542.56,1,0
1028.44,0.8,214.59,813.85,4,1
919.29,0.6,221.08,698.21,3,1
799.81,0.4,171.86,627.95,2,1
757.62,0.4,114.54,643.08,2,1
437.93,0.0,33.7,404.23,0,1
548.56,0.0,98.95,449.62,0,0
740.91,0.4,150.78,590.13,2,1
666.24,0.2,123.68,542.56,1,1
751.39,0.4,138.57,612.82,2,1
669.99,0.4,64.73,605.26,2,1
723.95,0.4,88.43,635.51,2,1
822.62,0.6,139.54,683.08,3,1
602.69,0.0,130.38,472.31,0,0
918.39,0.6,159.68,758.72,3,1
735.43,0.4,152.86,582.56,2,1
824.2,0.4,218.95,605.26,2,0
1049.86,0.8,213.32,836.54,4,1
684.58,0.2,111.76,572.82,1,0
570.88,0.0,106.14,464.74,0,1
617.23,0.2,59.54,557.69,1,1
859.2,0.4,193.43,665.77,2,1
664.48,0.4,81.92,582.56,2,1
1579.13,0.8,856.05,723.08,4,1
1010.98,0.8,204.7,806.28,4,1
666.53,0.4,68.84,597.69,2,0
530.29,0.0,73.11,457.18,0,0
1087.92,1.2,171.38,916.54,6,1
1733.29,1.0,962.65,770.64,5,1
676.69,0.2,103.86,572.82,1,1
834.89,0.4,206.95,627.95,2,1
881.12,0.6,167.78,713.33,3,0
1098.93,1.0,260.22,838.72,5,1
1008.78,0.6,265.19,743.59,3,1
1069.91,1.0,170.68,899.23,5,1
1192.78,0.6,577.78,615.0,3,1
1144.93,1.0,245.7,899.23,5,1
833.81,0.6,90.22,743.59,3,1
999.29,0.8,208.14,791.15,4,1
546.93,0.0,74.62,472.31,0,0
952.92,0.8,123.95,828.97,4,1
750.45,0.4,99.81,650.64,2,1
802.2,0.6,96.43,705.77,3,1
935.1,0.6,176.38,758.72,3,1
658.57,0.2,123.57,535.0,1,1
649.69,0.2,84.43,565.26,1,0
1200.2,1.0,285.84,914.36,5,1
761.25,0.4,140.86,620.38,2,1
948.25,0.2,435.95,512.31,1,1
616.95,0.0,137.08,479.87,0,1
873.6,0.6,160.27,713.33,3,1
505.78,0.0,63.73,442.05,0,1
1387.08,0.8,671.57,715.51,4,1
819.98,0.4,146.65,673.33,2,1
581.01,0.0,116.27,464.74,0,0
960.46,0.6,224.43,736.03,3,1
523.7,0.0,81.65,442.05,0,0
904.59,0.4,253.95,650.64,2,1
645.58,0.2,80.32,565.26,1,1
606.43,0.2,71.43,535.0,1,1
1133.72,0.6,496.03,637.69,3,1
607.45,0.0,142.7,464.74,0,1
778.85,0.4,120.65,658.21,2,0
1006.12,1.0,152.27,853.85,5,1
858.77,0.6,160.57,698.21,3,1
896.77,0.6,138.05,758.72,3,0
963.84,0.8,134.86,828.97,4,1
724.01,0.0,251.7,472.31,0,1
654.5,0.2,89.24,565.26,1,1
670.99,0.4,65.73,605.26,2,1
817.48,0.4,174.41,643.08,2,0
544.37,0.0,79.62,464.74,0,0
654.83,0.2,112.27,542.56,1,0
516.92,0.0,82.43,434.49,0,1
604.82,0.0,140.08,464.74,0,1
640.51,0.2,97.95,542.56,1,1
664.5,0.2,152.19,512.31,1,1
681.45,0.2,123.76,557.69,1,0
577.91,0.0,113.16,464.74,0,0
804.29,0.4,214.16,590.13,2,1
576.62,0.2,41.62,535.0,1,0
1479.26,1.4,507.59,971.67,7,1
634.33,0.2,61.51,572.82,1,0
520.37,0.0,55.62,464.74,0,0
797.06,0.2,224.24,572.82,1,0
920.08,0.8,144.05,776.03,4,1
626.23,0.2,53.41,572.82,1,1
590.8,0.0,126.05,464.74,0,0
927.86,0.6,184.27,743.59,3,1
1485.11,0.8,724.22,760.9,4,1
647.38,0.2,67.0,580.38,1,1
836.39,0.6,123.05,713.33,3,1
903.4,0.4,252.76,650.64,2,1
564.15,0.0,91.84,472.31,0,0
491.15,0.0,79.35,411.79,0,0
803.7,0.4,168.19,635.51,2,1
1002.63,0.6,281.73,720.9,3,1
603.29,0.0,153.68,449.62,0,0
562.47,0.0,97.73,464.74,0,0
646.53,0.2,88.84,557.69,1,0
730.02,0.2,172.32,557.69,1,1
753.23,0.2,180.41,572.82,1,1
586.82,0.0,114.51,472.31,0,0
818.69,0.4,160.49,658.21,2,1
605.88,0.0,148.7,457.18,0,0
680.91,0.2,115.65,565.26,1,0
689.49,0.4,69.11,620.38,2,1
593.01,0.0,128.27,464.74,0,1
1061.79,0.8,240.38,821.41,4,1
1131.39,0.6,372.68,758.72,3,1
833.21,0.6,89.62,743.59,3,1
1109.08,0.4,481.14,627.95,2,1
938.01,0.6,164.16,773.85,3,1
644.91,0.2,79.65,565.26,1,1
773.72,0.2,208.46,565.26,1,1
676.12,0.2,110.86,565.26,1,1
647.58,0.2,82.32,565.26,1,0
704.22,0.2,123.84,580.38,1,0
690.38,0.4,70.0,620.38,2,1
786.02,0.6,87.81,698.21,3,1
803.32,0.4,152.68,650.64,2,0
994.26,1.0,155.54,838.72,5,1
851.76,0.6,183.81,667.95,3,1
897.01,0.6,176.11,720.9,3,1
504.29,0.0,47.11,457.18,0,0
858.23,0.4,184.89,673.33,2,1
1250.9,0.4,638.08,612.82,2,1
1118.98,1.2,172.19,946.79,6,1
638.35,0.2,103.35,535.0,1,1
920.57,0.6,192.11,728.46,3,0
1346.87,1.4,284.43,1062.44,7,1
896.52,0.6,168.05,728.46,3,1
585.06,0.0,97.62,487.44,0,1
559.28,0.0,94.54,464.74,0,0
1565.87,0.6,913.05,652.82,3,1
1132.57,1.2,170.65,961.92,6,1
608.95,0.0,129.08,479.87,0,0
561.49,0.0,81.62,479.87,0,1
791.66,0.4,133.46,658.21,2,0
1109.32,0.6,426.24,683.08,3,1
788.78,0.6,98.14,690.64,3,1
912.89,0.4,277.38,635.51,2,1
1117.81,1.0,248.84,868.97,5,1
1122.03,1.0,253.05,868.97,5,1
1305.32,0.8,574.68,730.64,4,1
1066.44,1.0,152.08,914.36,5,1
736.16,0.4,108.22,627.95,2,1
1073.38,1.0,204.41,868.97,5,1
695.93,0.2,130.68,565.26,1,0
876.15,0.4,217.95,658.21,2,0
535.33,0.0,63.03,472.31,0,0
903.07,0.8,111.92,791.15,4,1
733.6,0.2,160.78,572.82,1,0
615.68,0.2,88.24,527.44,1,1
743.28,0.2,178.03,565.26,1,1
1408.24,0.6,778.11,630.13,3,1
548.61,0.0,91.43,457.18,0,0
700.63,0.2,135.38,565.26,1,0
1197.18,1.0,305.51,891.67,5,1
780.82,0.4,115.05,665.77,2,1
830.29,0.4,187.22,643.08,2,1
970.74,0.8,156.89,813.85,4,1
532.12,0.0,59.81,472.31,0,0
683.69,0.2,110.86,572.82,1,1
1004.05,0.8,152.38,851.67,4,1
845.52,0.6,117.05,728.46,3,1
1101.49,0.4,534.05,567.44,2,1
994.54,0.8,158.0,836.54,4,1
792.39,0.4,134.19,658.21,2,0
506.31,0.0,34.0,472.31,0,0
974.52,0.6,253.62,720.9,3,1
734.89,0.4,106.95,627.95,2,1
923.84,0.6,195.38,728.46,3,1
565.52,0.0,85.65,479.87,0,0
808.51,0.6,117.86,690.64,3,1
665.88,0.4,60.62,605.26,2,1
679.99,0.2,114.73,565.26,1,1
895.18,0.8,104.03,791.15,4,1
590.86,0.0,133.68,457.18,0,0
828.86,0.6,145.78,683.08,3,1
563.1,0.0,113.49,449.62,0,0
849.88,0.4,184.11,665.77,2,1
939.12,0.4,265.78,673.33,2,1
913.71,0.4,240.38,673.33,2,1
523.26,0.0,58.51,464.74,0,0
810.34,0.4,159.7,650.64,2,1
772.63,0.4,106.86,665.77,2,0
574.88,0.0,102.57,472.31,0,1
557.85,0.0,85.54,472.31,0,0
558.74,0.0,94.0,464.74,0,0
750.65,0.4,130.27,620.38,2,0
723.13,0.4,87.62,635.51,2,1
655.07,0.2,89.81,565.26,1,0
840.04,0.6,134.27,705.77,3,1
1058.26,1.0,174.16,884.1,5,1
714.06,0.2,141.24,572.82,1,0
675.37,0.2,125.24,550.13,1,1
612.72,0.2,55.03,557.69,1,1
831.97,0.6,141.32,690.64,3,1
953.77,0.8,155.05,798.72,4,1
774.34,0.4,116.14,658.21,2,0
655.2,0.2,89.95,565.26,1,0
454.28,0.0,34.92,419.36,0,0
680.12,0.2,114.86,565.26,1,0
785.51,0.4,134.86,650.64,2,1
1466.72,0.8,736.08,730.64,4,1
687.12,0.2,121.86,565.26,1,0
1398.19,1.0,521.65,876.54,5,1
657.7,0.2,107.57,550.13,1,0
645.3,0.2,117.86,527.44,1,0
943.11,0.6,207.08,736.03,3,1
981.91,1.0,143.19,838.72,5,1
564.49,0.0,84.62,479.87,0,1
810.44,0.6,89.54,720.9,3,1
777.89,0.4,142.38,635.51,2,1
733.93,0.4,75.73,658.21,2,1
666.44,0.2,93.62,572.82,1,0
516.0,0.0,73.95,442.05,0,0
632.31,0.2,127.57,504.74,1,0
975.37,0.6,231.78,743.59,3,1
743.4,0.4,100.32,643.08,2,1
813.18,0.6,114.97,698.21,3,1
744.79,0.4,131.97,612.82,2,1
872.36,0.2,352.49,519.87,1,1
515.66,0.0,50.92,464.74,0,1
1121.64,1.0,237.54,884.1,5,1
525.35,0.0,75.73,449.62,0,1
820.08,0.4,177.0,643.08,2,1
692.02,0.2,141.89,550.13,1,1
1363.34,0.6,733.22,630.13,3,1
859.65,0.6,138.76,720.9,3,1
748.27,0.4,112.76,635.51,2,1
828.87,0.6,115.54,713.33,3,1
666.58,0.2,101.32,565.26,1,0
596.0,0.2,61.0,535.0,1,0
477.04,0.0,65.24,411.79,0,1
957.02,0.8,226.38,730.64,4,1
515.11,0.0,73.05,442.05,0,0
603.04,0.0,145.86,457.18,0,0
741.2,0.4,128.38,612.82,2,1
857.64,0.6,167.0,690.64,3,1
650.93,0.4,38.11,612.82,2,1
482.3,0.0,47.81,434.49,0,0
738.43,0.6,62.92,675.51,3,0
713.29,0.4,70.22,643.08,2,1
910.72,0.6,159.57,751.15,3,1
775.67,0.4,140.16,635.51,2,1
773.67,0.6,83.03,690.64,3,1
933.98,0.6,266.03,667.95,3,1
957.39,0.8,211.62,745.77,4,1
869.36,0.4,203.59,665.77,2,1
556.25,0.0,83.95,472.31,0,0
573.39,0.0,108.65,464.74,0,0
665.07,0.2,114.95,550.13,1,1
629.78,0.2,87.22,542.56,1,1
594.57,0.4,34.7,559.87,2,1
552.56,0.0,102.95,449.62,0,1
