"Total_Cost","Ratio_Reloc_Prod","Horiz_Cost","Vert_Cost","nReloc","non_Optimal"
269208.14,0.4587,77500.21,191708.0,688,235
665.63,0.2,85.24,580.38,1,1
588.24,0.0,93.24,495.0,0,0
790.11,0.4,162.16,627.95,2,1
798.84,0.4,117.95,680.9,2,1
592.19,0.0,104.76,487.44,0,0
792.28,0.4,179.46,612.82,2,1
751.88,0.2,186.62,565.26,1,1
1700.8,0.6,1070.68,630.13,3,1
1229.2,1.4,189.46,1039.74,7,1
892.15,0.6,193.95,698.21,3,1
1258.52,1.4,264.16,994.36,7,1
1110.8,1.2,171.57,939.23,6,1
510.07,0.0,45.32,464.74,0,0
992.0,0.4,348.92,643.08,2,1
731.98,0.4,104.03,627.95,2,1
513.26,0.0,48.51,464.74,0,0
1049.43,0.8,333.92,715.51,4,1
1335.09,0.8,589.32,745.77,4,1
1324.42,0.6,671.59,652.82,3,1
1141.19,0.8,319.78,821.41,4,1
681.89,0.2,146.89,535.0,1,1
1431.01,0.6,785.76,645.26,3,1
1046.83,1.0,155.16,891.67,5,1
532.42,0.0,75.24,457.18,0,0
790.02,0.4,139.38,650.64,2,1
1180.74,0.8,434.97,745.77,4,1
925.44,0.6,204.54,720.9,3,1
738.88,0.2,173.62,565.26,1,0
694.63,0.2,129.38,565.26,1,0
612.9,0.2,93.03,519.87,1,1
616.29,0.2,73.73,542.56,1,0
865.84,0.6,144.95,720.9,3,1
1424.51,0.8,709.0,715.51,4,1
790.36,0.2,217.54,572.82,1,0
556.53,0.0,99.35,457.18,0,0
1728.58,0.8,982.81,745.77,4,1
596.31,0.0,131.57,464.74,0,1
985.79,0.8,217.32,768.46,4,1
689.16,0.2,146.59,542.56,1,0
774.79,0.4,161.97,612.82,2,1
650.31,0.2,92.62,557.69,1,0
517.51,0.0,83.03,434.49,0,0
528.74,0.0,64.0,464.74,0,0
1074.49,0.6,338.46,736.03,3,1
845.05,0.6,161.97,683.08,3,1
763.1,0.4,112.46,650.64,2,1
1316.27,1.0,507.81,808.46,5,1
1020.37,0.4,369.73,650.64,2,1
510.72,0.0,61.11,449.62,0,1
655.87,0.0,176.0,479.87,0,0
1047.64,0.6,357.0,690.64,3,1
692.33,0.2,111.95,580.38,1,0
1158.23,0.6,444.89,713.33,3,1
885.62,0.4,242.54,643.08,2,1
856.15,0.4,250.89,605.26,2,1
1112.63,0.8,291.22,821.41,4,1
570.04,0.0,112.86,457.18,0,1
641.49,0.2,114.05,527.44,1,0
1192.15,0.8,461.51,730.64,4,1
725.69,0.2,168.0,557.69,1,1
781.44,0.2,208.62,572.82,1,0
1379.78,1.0,556.19,823.59,5,1
954.8,0.4,304.16,650.64,2,1
761.14,0.2,188.32,572.82,1,1
728.04,0.2,162.78,565.26,1,0
885.48,0.4,227.27,658.21,2,0
1155.04,0.6,509.78,645.26,3,1
655.04,0.2,82.22,572.82,1,1
555.5,0.0,90.76,464.74,0,0
800.04,0.4,194.78,605.26,2,1
550.74,0.0,78.43,472.31,0,0
783.53,0.2,218.27,565.26,1,1
1067.55,0.6,301.27,766.28,3,0
566.15,0.0,108.97,457.18,0,0
546.46,0.0,104.41,442.05,0,0
586.96,0.0,122.22,464.74,0,0
1461.81,1.0,638.22,823.59,5,1
1121.45,0.4,531.32,590.13,2,1
780.6,0.6,120.22,660.38,3,1
1016.9,0.8,271.14,745.77,4,1
1443.7,0.6,753.05,690.64,3,1
911.21,0.6,213.0,698.21,3,1
531.37,0.0,81.76,449.62,0,0
996.83,0.2,439.14,557.69,1,1
883.61,0.4,278.35,605.26,2,0
564.23,0.0,107.05,457.18,0,0
1169.15,1.2,237.49,931.67,6,1
937.01,0.4,331.76,605.26,2,1
699.92,0.2,172.49,527.44,1,0
934.04,0.8,135.32,798.72,4,1
1031.56,0.8,240.41,791.15,4,1
1073.6,0.8,252.19,821.41,4,1
890.22,0.4,254.7,635.51,2,1
1419.38,1.2,457.46,961.92,6,1
782.02,0.4,138.95,643.08,2,1
604.92,0.2,69.92,535.0,1,1
661.31,0.2,96.05,565.26,1,1
1816.34,1.4,905.19,911.15,7,1
737.07,0.2,179.38,557.69,1,0
548.49,0.0,68.62,479.87,0,1
643.19,0.2,115.76,527.44,1,1
1011.24,0.6,320.59,690.64,3,1
754.86,0.2,212.3,542.56,1,1
535.53,0.0,85.92,449.62,0,0
969.82,0.6,256.49,713.33,3,1
796.7,0.2,254.14,542.56,1,0
573.59,0.0,123.97,449.62,0,0
1106.05,0.6,362.46,743.59,3,1
849.16,0.6,166.08,683.08,3,1
778.53,0.2,213.27,565.26,1,0
1331.25,0.8,509.84,821.41,4,0
718.85,0.2,153.59,565.26,1,1
612.54,0.2,130.49,482.05,1,1
551.14,0.2,76.65,474.49,1,1
1007.7,0.6,324.62,683.08,3,1
1300.05,0.8,508.89,791.15,4,1
686.75,0.2,129.05,557.69,1,1
802.46,0.4,219.89,582.56,2,0
813.95,0.6,153.57,660.38,3,1
791.84,0.2,256.84,535.0,1,1
957.38,0.6,236.49,720.9,3,1
889.16,0.4,261.22,627.95,2,1
911.32,0.4,275.81,635.51,2,1
1264.89,0.8,481.3,783.59,4,1
753.14,0.2,233.27,519.87,1,0
1088.58,1.0,242.3,846.28,5,1
754.41,0.6,94.03,660.38,3,1
1511.92,0.6,896.92,615.0,3,1
947.58,0.4,342.32,605.26,2,1
875.99,0.4,210.22,665.77,2,1
703.42,0.2,138.16,565.26,1,0
662.45,0.2,104.76,557.69,1,1
459.3,0.0,24.81,434.49,0,1
588.62,0.2,53.62,535.0,1,1
1131.74,0.4,518.92,612.82,2,1
1356.58,1.0,570.81,785.77,5,1
1068.97,0.8,232.43,836.54,4,1
1365.23,1.2,365.49,999.74,6,1
708.64,0.4,110.95,597.69,2,1
989.16,0.8,220.7,768.46,4,1
1582.24,1.2,605.19,977.05,6,1
1348.58,0.4,811.41,537.18,2,1
1031.35,0.4,463.92,567.44,2,1
707.8,0.2,157.68,550.13,1,1
783.58,0.2,218.32,565.26,1,1
744.57,0.4,116.62,627.95,2,0
897.54,0.6,169.08,728.46,3,0
672.1,0.2,121.97,550.13,1,1
1256.64,0.6,573.57,683.08,3,1
550.74,0.0,78.43,472.31,0,0
657.8,0.2,92.54,565.26,1,1
836.36,0.4,170.59,665.77,2,1
818.89,0.4,175.81,643.08,2,0
1195.49,1.2,226.0,969.49,6,1
647.44,0.2,74.62,572.82,1,1
516.55,0.0,51.81,464.74,0,1
549.77,0.0,85.03,464.74,0,0
895.76,0.4,275.38,620.38,2,1
1036.67,1.0,213.08,823.59,5,1
583.25,0.0,110.95,472.31,0,0
1174.94,0.8,391.35,783.59,4,1
863.0,0.4,280.43,582.56,2,1
496.33,0.0,61.84,434.49,0,1
747.0,0.6,124.43,622.56,3,1
1282.54,0.6,554.08,728.46,3,1
807.07,0.4,148.86,658.21,2,1
788.38,0.4,168.0,620.38,2,1
1062.2,0.6,348.86,713.33,3,1
861.43,0.4,271.3,590.13,2,1
447.42,0.0,35.62,411.79,0,1
453.89,0.0,19.41,434.49,0,1
861.06,0.6,140.16,720.9,3,1
578.08,0.0,143.59,434.49,0,1
493.19,0.0,58.7,434.49,0,1
1410.01,1.0,510.78,899.23,5,1
815.06,0.4,187.11,627.95,2,1
522.92,0.0,88.43,434.49,0,1
816.0,0.6,132.92,683.08,3,1
1096.83,0.6,466.7,630.13,3,1
668.9,0.2,141.46,527.44,1,0
1330.7,0.6,715.7,615.0,3,1
1070.76,0.4,503.32,567.44,2,1
601.55,0.0,121.68,479.87,0,0
741.78,0.2,191.65,550.13,1,1
628.94,0.0,179.32,449.62,0,1
520.49,0.0,86.0,434.49,0,1
1010.59,0.6,319.95,690.64,3,1
883.13,0.6,253.0,630.13,3,0
1043.64,0.6,300.05,743.59,3,1
1325.18,0.8,594.54,730.64,4,1
749.24,0.4,106.16,643.08,2,1
1238.58,0.8,424.73,813.85,4,1
669.27,0.2,134.27,535.0,1,0
1156.68,0.6,428.22,728.46,3,1
957.27,0.6,213.68,743.59,3,1
618.45,0.0,153.7,464.74,0,1
702.38,0.4,127.38,575.0,2,1
1378.43,1.8,288.95,1089.49,9,1
837.37,0.4,194.3,643.08,2,1
777.31,0.4,119.11,658.21,2,1
1209.89,0.6,473.86,736.03,3,1
849.91,0.4,191.7,658.21,2,0
960.92,0.6,224.89,736.03,3,1
685.91,0.2,120.65,565.26,1,1
1172.37,0.8,381.22,791.15,4,1
569.59,0.0,127.54,442.05,0,1
1018.4,0.8,242.38,776.03,4,1
985.92,0.4,410.92,575.0,2,1
694.16,0.2,144.03,550.13,1,0
1489.26,0.8,811.57,677.69,4,1
522.92,0.0,88.43,434.49,0,0
945.35,0.6,277.41,667.95,3,1
1364.85,0.4,759.59,605.26,2,1
577.04,0.0,119.86,457.18,0,1
1186.37,0.8,342.27,844.1,4,1
677.49,0.2,142.49,535.0,1,1
815.48,0.4,172.41,643.08,2,1
916.91,0.6,279.22,637.69,3,1
798.87,0.6,138.49,660.38,3,1
1314.79,1.2,413.38,901.41,6,1
1156.95,0.8,335.54,821.41,4,1
509.68,0.0,90.32,419.36,0,1
1366.86,1.2,435.19,931.67,6,1
1469.64,1.2,530.41,939.23,6,1
1602.83,0.8,811.68,791.15,4,1
1274.3,0.8,558.78,715.51,4,1
670.62,0.4,88.05,582.56,2,1
863.39,0.2,298.14,565.26,1,1
448.5,0.0,36.7,411.79,0,1
444.9,0.0,33.11,411.79,0,1
565.81,0.2,30.81,535.0,1,1
512.6,0.2,38.11,474.49,1,1
452.85,0.0,48.62,404.23,0,0
682.73,0.2,147.73,535.0,1,1
719.38,0.6,59.0,660.38,3,1
524.19,0.0,89.7,434.49,0,1
807.58,0.2,249.89,557.69,1,1
998.99,0.6,293.22,705.77,3,1
797.02,0.2,246.89,550.13,1,0
941.91,1.0,171.27,770.64,5,1
508.49,0.0,74.0,434.49,0,1
1393.25,1.0,599.92,793.33,5,1
643.5,0.2,85.81,557.69,1,1
1021.43,0.6,292.97,728.46,3,1
815.94,0.4,218.24,597.69,2,1
983.2,1.0,129.35,853.85,5,1
939.88,0.4,274.11,665.77,2,0
876.58,0.6,178.38,698.21,3,1
2081.82,1.0,1296.05,785.77,5,1
1047.76,0.8,279.3,768.46,4,1
702.52,0.4,82.14,620.38,2,1
1323.56,0.6,625.35,698.21,3,1
1137.51,1.0,306.35,831.15,5,1
570.27,0.0,135.78,434.49,0,0
824.87,0.6,156.92,667.95,3,1
1881.84,1.4,864.78,1017.05,7,1
929.54,0.6,201.08,728.46,3,1
954.05,0.8,162.89,791.15,4,1
1005.0,0.6,321.92,683.08,3,0
1020.48,0.6,390.35,630.13,3,1
683.3,0.2,148.3,535.0,1,1
680.68,0.2,153.24,527.44,1,1
1324.45,1.2,324.7,999.74,6,1
934.64,0.6,183.49,751.15,3,1
823.79,0.4,203.41,620.38,2,1
1756.65,1.4,807.68,948.97,7,1
1432.17,1.0,525.38,906.79,5,1
658.35,0.2,115.78,542.56,1,1
547.28,0.0,82.54,464.74,0,0
1370.45,0.4,772.76,597.69,2,1
1270.42,1.0,371.19,899.23,5,1
935.08,0.6,252.0,683.08,3,1
765.83,0.2,215.7,550.13,1,0
1275.46,0.8,499.43,776.03,4,0
1015.5,0.6,309.73,705.77,3,1
1490.43,1.2,626.84,863.59,6,1
843.69,0.4,185.49,658.21,2,1
720.3,0.4,99.92,620.38,2,0
537.66,0.0,72.92,464.74,0,0
1109.72,0.8,326.14,783.59,4,1
708.42,0.4,103.16,605.26,2,1
1110.42,0.8,379.78,730.64,4,1
548.53,0.0,91.35,457.18,0,1
644.16,0.2,94.03,550.13,1,0
434.93,0.0,30.7,404.23,0,1
850.85,0.2,293.16,557.69,1,0
576.61,0.2,79.43,497.18,1,1
838.58,0.6,125.24,713.33,3,1
1141.67,0.8,305.14,836.54,4,1
687.08,0.2,159.65,527.44,1,1
772.77,0.4,159.95,612.82,2,1
787.03,0.4,159.08,627.95,2,1
501.41,0.0,82.05,419.36,0,1
958.97,0.8,228.32,730.64,4,1
532.48,0.0,90.43,442.05,0,1
889.94,0.6,199.3,690.64,3,1
1294.57,0.8,526.11,768.46,4,1
725.84,0.4,150.84,575.0,2,1
1326.93,1.2,380.14,946.79,6,1
1077.86,0.8,286.7,791.15,4,0
