"Total_Cost","Ratio_Reloc_Prod","Horiz_Cost","Vert_Cost","nReloc","non_Optimal"
256882.9,0.772,46601.8,210281.16,1158,0
534.83,0.2,45.22,489.62,1,0
622.37,0.2,125.19,497.18,1,0
1010.01,1.4,144.24,865.77,7,0
875.98,1.0,143.16,732.82,5,0
482.23,0.0,85.57,396.67,0,0
542.06,0.2,75.14,466.92,1,0
1312.55,1.6,338.7,973.85,8,0
572.98,0.2,106.05,466.92,1,0
669.34,0.4,132.16,537.18,2,0
688.5,0.4,143.76,544.74,2,0
1393.23,1.6,381.57,1011.67,8,0
871.58,0.8,193.89,677.69,4,0
871.83,0.8,148.76,723.08,4,0
572.73,0.2,98.24,474.49,1,0
1129.94,1.4,233.92,896.03,7,0
879.19,1.0,131.24,747.95,5,0
913.84,1.0,158.32,755.51,5,0
769.8,0.6,139.68,630.13,3,0
482.99,0.0,78.76,404.23,0,0
773.25,0.6,165.81,607.44,3,0
1126.92,1.4,170.38,956.54,7,0
1045.27,1.2,189.24,856.03,6,0
591.49,0.2,132.14,459.36,1,0
830.47,0.6,185.22,645.26,3,0
1304.07,1.8,252.41,1051.67,9,0
505.66,0.0,101.43,404.23,0,0
911.18,1.0,140.54,770.64,5,0
1498.85,2.0,339.11,1159.74,10,0
889.28,0.8,188.89,700.38,4,0
541.21,0.0,152.11,389.1,0,0
905.15,0.8,174.51,730.64,4,0
580.24,0.2,105.76,474.49,1,0
755.97,0.4,233.92,522.05,2,0
621.87,0.4,54.43,567.44,2,0
656.4,0.4,73.84,582.56,2,0
1259.12,1.6,285.27,973.85,8,0
816.86,0.8,101.35,715.51,4,0
965.93,1.0,172.59,793.33,5,0
835.96,0.8,158.27,677.69,4,0
507.88,0.0,103.65,404.23,0,0
1107.42,1.2,236.27,871.15,6,0
946.21,1.0,168.0,778.21,5,0
509.66,0.0,97.86,411.79,0,0
772.38,0.6,164.95,607.44,3,0
930.53,1.0,144.76,785.77,5,0
899.51,0.8,184.0,715.51,4,0
681.08,0.4,113.65,567.44,2,0
747.52,0.6,140.08,607.44,3,0
1123.42,1.2,297.65,825.77,6,0
763.69,0.6,110.86,652.82,3,0
1216.24,1.8,111.62,1104.62,9,0
1028.7,1.0,205.11,823.59,5,0
652.14,0.2,132.27,519.87,1,0
1300.53,1.6,288.86,1011.67,8,0
780.8,0.6,150.68,630.13,3,0
946.85,1.0,168.65,778.21,5,0
769.25,0.6,108.86,660.38,3,0
771.48,0.6,141.35,630.13,3,0
988.18,1.0,164.59,823.59,5,0
510.88,0.0,106.65,404.23,0,0
735.97,0.6,105.84,630.13,3,0
816.7,0.8,93.62,723.08,4,0
1236.69,1.6,209.89,1026.79,8,0
890.64,0.8,160.0,730.64,4,0
492.82,0.0,81.03,411.79,0,0
905.03,1.0,104.14,800.9,5,0
544.64,0.2,55.03,489.62,1,0
891.51,0.8,160.86,730.64,4,0
1053.79,1.2,159.95,893.85,6,0
944.87,1.0,143.97,800.9,5,0
479.62,0.0,30.0,449.62,0,0
667.75,0.4,77.62,590.13,2,0
748.35,0.6,133.35,615.0,3,0
784.01,0.6,138.76,645.26,3,0
916.68,0.8,208.73,707.95,4,0
1053.62,1.2,197.59,856.03,6,0
959.36,1.0,173.59,785.77,5,0
821.23,0.8,83.03,738.21,4,0
585.4,0.2,88.22,497.18,1,0
1062.04,1.2,228.7,833.33,6,0
970.64,1.0,200.0,770.64,5,0
943.66,1.0,157.89,785.77,5,0
952.95,1.0,144.49,808.46,5,0
1094.82,1.2,193.41,901.41,6,0
1007.51,1.2,136.35,871.15,6,0
920.55,1.0,119.65,800.9,5,0
891.32,0.8,160.68,730.64,4,0
710.91,0.4,181.3,529.62,2,0
917.96,1.0,139.76,778.21,5,0
713.21,0.4,130.65,582.56,2,0
1133.42,1.4,214.7,918.72,7,0
1301.02,1.6,289.35,1011.67,8,0
692.47,0.4,140.16,552.31,2,0
736.58,0.6,91.32,645.26,3,0
1448.09,2.0,212.7,1235.38,10,0
693.96,0.4,156.78,537.18,2,0
762.86,0.6,72.22,690.64,3,0
629.24,0.2,147.19,482.05,1,0
595.87,0.2,121.38,474.49,1,0
667.93,0.4,115.62,552.31,2,0
508.93,0.0,97.14,411.79,0,0
519.91,0.0,123.24,396.67,0,0
509.14,0.0,74.65,434.49,0,0
926.09,1.0,132.76,793.33,5,0
959.6,1.0,166.27,793.33,5,0
767.58,0.6,114.76,652.82,3,0
767.77,0.6,114.95,652.82,3,0
827.75,0.8,89.54,738.21,4,0
1255.02,1.6,190.41,1064.62,8,0
1191.35,1.6,202.38,988.97,8,0
780.92,0.6,173.49,607.44,3,0
903.43,0.8,187.92,715.51,4,0
936.2,1.0,142.86,793.33,5,0
1048.68,1.0,247.78,800.9,5,0
840.79,0.8,147.97,692.82,4,0
1220.53,1.4,301.81,918.72,7,0
630.62,0.4,55.62,575.0,2,0
780.22,0.6,112.27,667.95,3,0
876.91,0.8,146.27,730.64,4,0
667.68,0.2,208.32,459.36,1,0
636.7,0.4,61.7,575.0,2,0
913.73,0.8,198.22,715.51,4,0
642.89,0.4,120.84,522.05,2,0
903.67,1.0,148.16,755.51,5,0
1316.38,1.8,226.89,1089.49,9,0
574.94,0.2,85.32,489.62,1,0
846.59,0.8,176.46,670.13,4,0
704.66,0.4,144.78,559.87,2,0
948.74,0.8,248.35,700.38,4,0
1336.74,1.4,410.46,926.28,7,0
490.0,0.0,55.51,434.49,0,0
754.8,0.6,109.54,645.26,3,0
609.02,0.2,111.84,497.18,1,0
755.26,0.6,125.14,630.13,3,0
1189.99,1.4,218.32,971.67,7,0
1075.77,1.2,189.49,886.28,6,0
966.3,1.0,150.27,816.03,5,0
845.41,0.8,137.46,707.95,4,0
1403.55,1.8,268.68,1134.87,9,0
715.58,0.6,70.32,645.26,3,0
865.94,0.8,142.86,723.08,4,0
748.18,0.6,118.05,630.13,3,0
691.14,0.4,131.27,559.87,2,0
1274.08,1.6,277.54,996.54,8,0
1089.03,1.2,233.0,856.03,6,0
753.37,0.4,223.76,529.62,2,0
811.94,0.6,189.38,622.56,3,0
995.68,1.0,187.22,808.46,5,0
826.68,0.8,118.73,707.95,4,0
761.58,0.6,116.32,645.26,3,0
1105.12,1.2,226.41,878.72,6,0
876.34,0.8,206.22,670.13,4,0
889.95,0.8,182.0,707.95,4,0
1038.62,1.2,182.59,856.03,6,0
938.97,0.8,208.32,730.64,4,0
744.3,0.6,136.86,607.44,3,0
805.93,0.8,67.73,738.21,4,0
640.13,0.4,50.0,590.13,2,0
781.15,0.6,143.46,637.69,3,0
928.09,1.0,134.76,793.33,5,0
1034.52,1.4,93.11,941.41,7,0
785.8,0.6,155.68,630.13,3,0
1187.83,1.6,168.59,1019.23,8,0
469.43,0.0,80.32,389.1,0,0
915.96,1.0,137.76,778.21,5,0
780.41,0.6,165.41,615.0,3,0
1314.85,1.6,288.05,1026.79,8,0
1074.5,1.2,195.78,878.72,6,0
748.51,0.6,125.95,622.56,3,0
459.19,0.0,24.7,434.49,0,0
720.3,0.4,152.86,567.44,2,0
1057.77,1.2,171.49,886.28,6,0
1018.74,1.0,217.84,800.9,5,0
1223.61,1.4,304.89,918.72,7,0
669.54,0.4,94.54,575.0,2,0
681.62,0.4,152.0,529.62,2,0
1094.71,1.2,208.43,886.28,6,0
743.5,0.6,98.24,645.26,3,0
799.76,0.6,184.76,615.0,3,0
1010.65,1.2,162.19,848.46,6,0
820.66,0.8,127.84,692.82,4,0
552.58,0.2,55.41,497.18,1,0
646.41,0.4,71.41,575.0,2,0
865.16,0.6,197.22,667.95,3,0
1334.44,1.8,252.51,1081.92,9,0
991.72,1.2,128.14,863.59,6,0
518.56,0.0,121.89,396.67,0,0
460.6,0.0,26.11,434.49,0,0
885.84,0.8,170.32,715.51,4,0
742.57,0.6,127.57,615.0,3,0
1267.39,1.6,233.03,1034.36,8,0
618.48,0.2,128.86,489.62,1,0
514.5,0.0,117.84,396.67,0,0
1049.75,1.2,178.59,871.15,6,0
696.9,0.4,129.46,567.44,2,0
657.7,0.4,75.14,582.56,2,0
996.36,1.0,210.59,785.77,5,0
860.19,0.8,144.68,715.51,4,0
995.14,1.0,201.81,793.33,5,0
1198.73,1.4,249.76,948.97,7,0
709.17,0.4,149.3,559.87,2,0
658.59,0.4,128.97,529.62,2,0
1156.47,1.4,169.68,986.79,7,0
776.06,0.6,183.76,592.31,3,0
992.28,1.0,191.38,800.9,5,0
589.82,0.2,130.46,459.36,1,0
1114.63,1.4,180.78,933.85,7,0
1228.71,1.4,294.86,933.85,7,0
1129.19,1.4,172.65,956.54,7,0
960.53,1.0,189.89,770.64,5,0
628.04,0.4,75.73,552.31,2,0
591.94,0.2,94.76,497.18,1,0
1201.26,1.4,274.97,926.28,7,0
932.87,0.8,224.92,707.95,4,0
660.04,0.4,122.86,537.18,2,0
657.45,0.4,127.84,529.62,2,0
727.37,0.4,129.68,597.69,2,0
864.3,0.8,148.78,715.51,4,0
732.99,0.6,87.73,645.26,3,0
827.43,0.8,104.35,723.08,4,0
1149.12,1.2,323.35,825.77,6,0
699.8,0.4,162.62,537.18,2,0
953.93,1.0,168.16,785.77,5,0
523.7,0.0,134.59,389.1,0,0
518.64,0.0,121.97,396.67,0,0
1074.32,1.0,250.73,823.59,5,0
826.09,0.8,133.27,692.82,4,0
792.61,0.6,162.49,630.13,3,0
954.33,1.0,145.86,808.46,5,0
689.84,0.4,114.84,575.0,2,0
827.41,0.8,119.46,707.95,4,0
1277.63,1.6,311.35,966.28,8,0
890.57,0.8,182.62,707.95,4,0
482.71,0.0,70.92,411.79,0,0
673.86,0.4,136.68,537.18,2,0
687.54,0.4,165.49,522.05,2,0
615.74,0.4,63.43,552.31,2,0
709.99,0.4,172.81,537.18,2,0
804.01,0.6,151.19,652.82,3,0
1124.7,1.4,160.59,964.1,7,0
595.89,0.2,113.84,482.05,1,0
1029.5,1.2,150.78,878.72,6,0
1163.8,1.4,237.51,926.28,7,0
730.51,0.4,140.38,590.13,2,0
688.96,0.4,136.65,552.31,2,0
672.81,0.4,90.24,582.56,2,0
822.59,0.8,99.51,723.08,4,0
786.94,0.6,164.38,622.56,3,0
503.86,0.0,114.76,389.1,0,0
963.37,1.0,185.16,778.21,5,0
820.28,0.6,220.41,599.87,3,0
1040.93,1.2,154.65,886.28,6,0
942.33,1.0,133.86,808.46,5,0
860.66,0.8,175.41,685.26,4,0
462.59,0.0,65.92,396.67,0,0
1364.36,2.0,197.05,1167.31,10,0
1469.78,2.0,264.65,1205.13,10,0
1018.04,1.2,131.76,886.28,6,0
920.28,1.0,119.38,800.9,5,0
579.19,0.2,97.14,482.05,1,0
870.19,0.8,207.62,662.56,4,0
692.67,0.4,102.54,590.13,2,0
1221.87,1.4,280.46,941.41,7,0
1285.21,1.6,273.54,1011.67,8,0
789.17,0.6,189.3,599.87,3,0
984.17,1.0,198.41,785.77,5,0
822.84,0.6,154.89,667.95,3,0
826.86,0.8,111.35,715.51,4,0
1097.78,1.4,194.19,903.59,7,0
945.39,1.0,152.05,793.33,5,0
697.41,0.4,129.97,567.44,2,0
1243.53,1.6,224.3,1019.23,8,0
761.57,0.6,93.62,667.95,3,0
468.49,0.0,34.0,434.49,0,0
742.45,0.6,51.81,690.64,3,0
1429.12,2.0,261.81,1167.31,10,0
906.0,0.8,190.49,715.51,4,0
520.05,0.0,123.38,396.67,0,0
556.1,0.2,58.92,497.18,1,0
732.55,0.6,79.73,652.82,3,0
967.43,1.0,158.97,808.46,5,0
772.01,0.6,111.62,660.38,3,0
689.06,0.4,121.62,567.44,2,0
787.48,0.6,149.78,637.69,3,0
966.47,0.8,213.14,753.33,4,0
933.15,1.0,154.95,778.21,5,0
861.31,0.8,168.49,692.82,4,0
977.43,1.0,221.92,755.51,5,0
684.02,0.4,101.46,582.56,2,0
704.53,0.4,174.92,529.62,2,0
1137.46,1.4,188.49,948.97,7,0
508.1,0.0,103.86,404.23,0,0
871.59,1.0,108.51,763.08,5,0
879.8,1.0,94.03,785.77,5,0
467.86,0.0,78.76,389.1,0,0
606.3,0.2,139.38,466.92,1,0
643.45,0.4,53.32,590.13,2,0
1344.66,1.8,270.3,1074.36,9,0
1088.81,1.2,225.22,863.59,6,0
1024.1,1.2,145.38,878.72,6,0
