"Total_Cost","Ratio_Reloc_Prod","Horiz_Cost","Vert_Cost","nReloc","non_Optimal"
218699.9,0.418,29802.61,188897.39,627,150
1854.38,0.7,296.95,1557.44,7,1
1481.62,0.4,157.65,1323.97,4,1
1856.01,0.8,273.7,1582.31,8,1
1445.08,0.5,134.05,1311.03,5,1
1596.41,0.6,200.0,1396.41,6,1
1177.22,0.1,154.78,1022.44,1,1
2208.63,1.2,284.78,1923.85,12,1
1583.77,0.5,234.92,1348.85,5,1
1909.97,0.8,289.84,1620.13,8,1
1467.11,0.4,196.08,1271.03,4,1
1214.94,0.2,129.81,1085.13,2,1
1234.32,0.2,156.76,1077.56,2,1
1508.42,0.5,182.27,1326.15,5,1
1242.73,0.3,125.16,1117.56,3,1
1442.53,0.4,216.89,1225.64,4,1
1247.18,0.2,154.49,1092.69,2,1
1567.82,0.6,178.97,1388.85,6,1
1876.2,0.8,233.38,1642.82,8,1
1309.11,0.3,153.73,1155.38,3,1
1247.8,0.2,162.68,1085.13,2,1
1252.56,0.2,159.86,1092.69,2,1
1723.7,0.7,272.16,1451.54,7,1
1270.94,0.2,193.38,1077.56,2,1
1720.73,0.6,256.24,1464.49,6,1
1531.22,0.5,182.38,1348.85,5,1
1502.29,0.4,208.57,1293.72,4,1
1577.66,0.5,243.95,1333.72,5,1
1355.97,0.3,185.46,1170.51,3,1
1842.1,0.8,221.97,1620.13,8,1
1567.69,0.5,226.41,1341.28,5,1
1260.74,0.2,160.49,1100.26,2,1
1342.35,0.2,219.41,1122.95,2,1
1302.01,0.3,154.19,1147.82,3,1
1522.9,0.5,242.14,1280.77,5,1
1298.64,0.2,213.51,1085.13,2,1
1324.74,0.3,184.49,1140.26,3,1
1099.54,0.1,130.05,969.49,1,1
1479.26,0.4,253.62,1225.64,4,1
1508.18,0.5,189.59,1318.59,5,1
1129.31,0.1,137.14,992.18,1,1
1128.72,0.1,136.54,992.18,1,1
1649.21,0.6,283.05,1366.15,6,1
1077.66,0.1,130.86,946.79,1,1
1740.96,0.8,226.73,1514.23,8,1
1821.3,0.8,216.3,1605.0,8,1
1417.35,0.4,138.76,1278.59,4,1
1411.86,0.3,241.35,1170.51,3,1
1581.18,0.5,202.08,1379.1,5,1
1350.29,0.2,257.59,1092.69,2,1
1432.46,0.4,214.38,1218.08,4,1
1648.45,0.5,269.35,1379.1,5,1
1354.45,0.3,161.24,1193.21,3,1
1356.85,0.3,163.65,1193.21,3,1
1521.94,0.5,210.92,1311.03,5,1
1761.02,0.7,233.84,1527.18,7,1
1348.27,0.3,170.19,1178.08,3,1
1511.18,0.5,192.59,1318.59,5,1
1161.69,0.2,121.95,1039.74,2,1
1197.48,0.1,205.3,992.18,1,1
1392.14,0.4,204.32,1187.82,4,1
1563.1,0.5,229.38,1333.72,5,1
1404.28,0.4,148.38,1255.9,4,1
1517.68,0.3,301.78,1215.9,3,1
1316.03,0.4,120.65,1195.38,4,1
1502.86,0.5,184.27,1318.59,5,1
1525.06,0.4,269.16,1255.9,4,1
1723.16,0.7,271.62,1451.54,7,1
1273.38,0.2,150.43,1122.95,2,1
1495.88,0.6,129.73,1366.15,6,1
1545.11,0.4,228.7,1316.41,4,1
1527.06,0.4,210.65,1316.41,4,1
1831.68,0.8,226.68,1605.0,8,1
1871.6,0.8,228.78,1642.82,8,1
1552.77,0.4,243.92,1308.85,4,1
1165.64,0.1,173.46,992.18,1,1
1385.99,0.3,192.78,1193.21,3,1
1625.51,0.5,246.41,1379.1,5,1
1452.77,0.4,159.05,1293.72,4,1
1163.23,0.2,115.92,1047.31,2,1
1268.26,0.2,175.57,1092.69,2,1
1608.97,0.6,205.0,1403.97,6,1
1341.46,0.3,231.46,1110.0,3,1
1168.8,0.2,129.05,1039.74,2,1
1406.82,0.5,126.05,1280.77,5,1
1406.03,0.4,150.14,1255.9,4,1
1586.57,0.5,275.54,1311.03,5,1
1464.84,0.3,248.95,1215.9,3,1
1432.7,0.4,214.62,1218.08,4,1
1287.33,0.4,99.51,1187.82,4,1
1389.42,0.3,196.22,1193.21,3,1
1140.66,0.1,186.3,954.36,1,1
1145.18,0.1,145.43,999.74,1,1
1537.7,0.3,306.68,1231.03,3,1
996.67,0.1,65.0,931.67,1,1
1079.44,0.1,132.65,946.79,1,1
1503.38,0.4,239.92,1263.46,4,1
1649.83,0.7,251.24,1398.59,7,1
1699.05,0.6,279.95,1419.1,6,1
1600.31,0.6,211.46,1388.85,6,1
1327.18,0.3,141.54,1185.64,3,1
1578.8,0.6,197.51,1381.28,6,1
1526.75,0.5,200.59,1326.15,5,1
1400.1,0.4,174.46,1225.64,4,1
1397.1,0.3,203.89,1193.21,3,1
1791.31,0.7,249.0,1542.31,7,1
1283.73,0.3,166.16,1117.56,3,1
1330.65,0.3,175.27,1155.38,3,1
2168.18,1.0,407.54,1760.64,10,1
1114.52,0.2,67.22,1047.31,2,1
1401.79,0.3,185.89,1215.9,3,1
1696.77,0.6,262.54,1434.23,6,1
1852.93,0.8,270.62,1582.31,8,1
1546.77,0.4,237.92,1308.85,4,1
1460.17,0.5,164.27,1295.9,5,1
1271.61,0.2,171.35,1100.26,2,1
1451.42,0.5,170.65,1280.77,5,1
1370.29,0.3,245.16,1125.13,3,1
929.25,0.0,75.41,853.85,0,1
1019.3,0.0,142.76,876.54,0,1
1547.46,0.5,244.0,1303.46,5,1
1465.55,0.4,164.27,1301.28,4,1
1505.77,0.5,217.43,1288.33,5,1
1944.87,1.0,214.49,1730.38,10,1
1673.46,0.6,261.92,1411.54,6,1
1036.49,0.0,122.14,914.36,0,1
1296.79,0.3,148.97,1147.82,3,1
1458.19,0.4,202.3,1255.9,4,1
2010.52,0.8,413.08,1597.44,8,1
1352.76,0.4,142.24,1210.51,4,1
1334.05,0.4,108.41,1225.64,4,1
1409.42,0.4,183.78,1225.64,4,1
1325.4,0.3,200.27,1125.13,3,1
1990.73,0.8,385.73,1605.0,8,1
1378.88,0.3,185.68,1193.21,3,1
1634.84,0.6,238.43,1396.41,6,1
1695.44,0.7,259.03,1436.41,7,1
1291.47,0.2,183.65,1107.82,2,1
1396.86,0.4,178.78,1218.08,4,1
1453.69,0.4,220.49,1233.21,4,1
1750.16,0.8,205.68,1544.49,8,1
1324.53,0.3,184.27,1140.26,3,1
1356.67,0.3,178.59,1178.08,3,1
1581.94,0.5,263.35,1318.59,5,1
1268.9,0.3,181.59,1087.31,3,1
1278.1,0.2,192.97,1085.13,2,1
1633.24,0.7,189.27,1443.97,7,1
953.84,0.0,92.43,861.41,0,1
1395.3,0.5,152.35,1242.95,5,1
1603.32,0.6,176.65,1426.67,6,1
1328.19,0.3,165.24,1162.95,3,1
