"Total_Cost","Ratio_Reloc_Prod","Horiz_Cost","Vert_Cost","nReloc","non_Optimal"
240267.99,0.4547,48142.05,192126.01,682,215
622.61,0.2,64.92,557.69,1,0
895.49,0.6,174.59,720.9,3,1
779.28,0.4,105.95,673.33,2,0
665.91,0.2,100.65,565.26,1,0
832.38,0.4,204.43,627.95,2,1
994.98,0.8,188.7,806.28,4,1
497.55,0.0,32.81,464.74,0,0
1074.1,0.8,290.51,783.59,4,1
533.33,0.0,61.03,472.31,0,0
821.12,0.6,115.35,705.77,3,1
924.07,0.6,225.86,698.21,3,1
580.79,0.0,93.35,487.44,0,1
699.9,0.4,79.51,620.38,2,1
600.98,0.2,73.54,527.44,1,0
540.88,0.0,76.14,464.74,0,1
827.84,0.6,106.95,720.9,3,1
1549.68,1.0,748.78,800.9,5,1
750.68,0.6,82.73,667.95,3,0
651.53,0.2,93.84,557.69,1,0
738.54,0.4,103.03,635.51,2,1
874.58,0.4,261.76,612.82,2,1
968.07,0.8,176.92,791.15,4,1
636.66,0.2,71.41,565.26,1,0
558.85,0.0,86.54,472.31,0,1
732.86,0.4,150.3,582.56,2,1
1583.73,1.0,775.27,808.46,5,1
904.53,0.8,98.24,806.28,4,1
742.11,0.4,114.16,627.95,2,1
497.83,0.0,48.22,449.62,0,0
1195.0,1.4,193.08,1001.92,7,1
1106.55,1.0,260.27,846.28,5,1
721.95,0.4,101.57,620.38,2,1
629.94,0.2,79.81,550.13,1,0
524.91,0.0,67.73,457.18,0,1
858.29,0.6,175.22,683.08,3,1
659.06,0.2,86.24,572.82,1,0
892.05,0.8,161.41,730.64,4,1
854.0,0.6,170.92,683.08,3,1
934.55,0.6,213.65,720.9,3,0
633.91,0.2,76.22,557.69,1,0
484.75,0.0,42.7,442.05,0,0
528.21,0.0,71.03,457.18,0,0
663.54,0.2,120.97,542.56,1,0
556.69,0.0,91.95,464.74,0,0
831.26,0.6,133.05,698.21,3,0
655.5,0.2,97.81,557.69,1,0
989.56,0.8,190.84,798.72,4,1
453.63,0.0,26.7,426.92,0,0
863.41,0.6,150.08,713.33,3,1
912.75,0.6,229.68,683.08,3,1
1489.88,0.8,751.68,738.21,4,1
708.63,0.4,88.24,620.38,2,1
822.27,0.6,146.76,675.51,3,0
834.87,0.6,121.54,713.33,3,1
785.11,0.6,117.16,667.95,3,1
858.65,0.6,137.76,720.9,3,0
1343.63,0.4,738.38,605.26,2,1
902.32,0.8,118.73,783.59,4,0
1463.41,0.8,763.03,700.38,4,1
896.39,0.6,198.19,698.21,3,1
673.72,0.2,108.46,565.26,1,1
778.28,0.4,157.89,620.38,2,1
793.32,0.6,110.24,683.08,3,1
810.09,0.6,104.32,705.77,3,1
833.68,0.6,120.35,713.33,3,1
727.46,0.4,91.95,635.51,2,1
575.87,0.0,88.43,487.44,0,1
1026.84,1.0,157.86,868.97,5,1
733.0,0.4,89.92,643.08,2,1
820.48,0.4,222.78,597.69,2,1
456.06,0.0,36.7,419.36,0,0
798.53,0.4,132.76,665.77,2,1
613.5,0.2,108.76,504.74,1,1
1474.95,1.0,674.05,800.9,5,1
807.42,0.6,116.78,690.64,3,1
519.45,0.0,54.7,464.74,0,0
742.51,0.4,99.43,643.08,2,1
928.99,0.8,137.84,791.15,4,1
760.11,0.4,132.16,627.95,2,1
526.07,0.0,61.32,464.74,0,0
676.43,0.4,93.86,582.56,2,1
755.45,0.4,97.24,658.21,2,1
754.24,0.4,118.73,635.51,2,0
1810.27,1.2,893.73,916.54,6,1
1288.16,0.6,605.08,683.08,3,1
806.98,0.4,133.65,673.33,2,1
634.31,0.2,76.62,557.69,1,0
454.76,0.0,35.41,419.36,0,0
620.44,0.4,53.0,567.44,2,1
909.48,0.8,118.32,791.15,4,1
799.31,0.6,93.54,705.77,3,1
723.96,0.2,158.7,565.26,1,1
847.1,0.4,204.03,643.08,2,1
880.3,0.8,111.84,768.46,4,1
741.67,0.4,143.97,597.69,2,1
836.27,0.6,168.32,667.95,3,0
788.82,0.6,67.92,720.9,3,1
737.87,0.4,125.05,612.82,2,1
844.39,0.6,131.05,713.33,3,1
1158.35,0.4,575.78,582.56,2,1
1017.59,1.2,154.0,863.59,6,1
696.61,0.4,91.35,605.26,2,1
544.18,0.2,47.0,497.18,1,1
1000.71,0.8,179.3,821.41,4,1
960.02,1.0,136.43,823.59,5,1
725.52,0.2,152.7,572.82,1,1
646.16,0.2,111.16,535.0,1,0
512.05,0.0,62.43,449.62,0,1
743.97,0.4,108.46,635.51,2,0
471.89,0.0,37.41,434.49,0,0
498.81,0.0,64.32,434.49,0,1
757.58,0.4,205.27,552.31,2,1
489.67,0.0,47.62,442.05,0,0
894.54,0.8,110.95,783.59,4,1
722.08,0.4,94.14,627.95,2,1
604.73,0.2,69.73,535.0,1,0
728.03,0.4,107.65,620.38,2,1
1278.28,1.4,291.49,986.79,7,1
915.82,0.8,109.54,806.28,4,1
1107.01,0.8,353.68,753.33,4,1
755.75,0.4,97.54,658.21,2,0
528.88,0.0,64.14,464.74,0,0
837.7,0.6,109.24,728.46,3,0
832.85,0.6,127.08,705.77,3,1
1005.87,1.0,144.46,861.41,5,1
964.42,1.0,133.27,831.15,5,1
1241.96,1.6,169.78,1072.18,8,1
1002.31,1.0,95.51,906.79,5,1
1240.92,0.6,565.41,675.51,3,1
1519.01,1.2,572.22,946.79,6,1
738.05,0.4,102.54,635.51,2,1
645.39,0.2,80.14,565.26,1,0
794.15,0.6,95.95,698.21,3,0
627.88,0.2,62.62,565.26,1,0
855.33,0.6,126.86,728.46,3,0
763.4,0.2,213.27,550.13,1,1
916.22,0.8,147.76,768.46,4,1
584.44,0.2,72.14,512.31,1,1
727.21,0.4,84.14,643.08,2,1
953.71,0.8,139.86,813.85,4,1
906.06,0.6,177.59,728.46,3,1
768.65,0.4,148.27,620.38,2,1
642.97,0.2,92.84,550.13,1,0
858.08,0.6,122.05,736.03,3,1
863.37,0.6,104.65,758.72,3,1
823.83,0.6,133.19,690.64,3,1
677.76,0.2,142.76,535.0,1,1
813.25,0.6,92.35,720.9,3,1
928.91,0.8,137.76,791.15,4,1
787.39,0.2,214.57,572.82,1,1
1100.94,0.8,317.35,783.59,4,1
555.88,0.0,91.14,464.74,0,1
889.01,0.8,135.68,753.33,4,1
1066.96,1.0,160.16,906.79,5,1
657.82,0.2,77.43,580.38,1,1
628.02,0.2,70.32,557.69,1,0
843.86,0.6,107.84,736.03,3,1
631.46,0.2,149.41,482.05,1,1
520.59,0.0,78.54,442.05,0,0
778.39,0.6,125.57,652.82,3,1
685.58,0.4,80.32,605.26,2,0
742.43,0.4,99.35,643.08,2,1
990.67,0.8,199.51,791.15,4,1
1027.56,0.8,228.84,798.72,4,1
1765.0,0.8,1057.05,707.95,4,1
773.32,0.6,90.24,683.08,3,1
905.89,0.6,177.43,728.46,3,1
666.7,0.2,116.57,550.13,1,0
1163.68,0.6,503.3,660.38,3,1
1102.27,1.0,172.78,929.49,5,1
704.53,0.4,99.27,605.26,2,0
746.2,0.4,133.38,612.82,2,1
605.66,0.0,140.92,464.74,0,0
1551.93,1.2,658.08,893.85,6,1
882.43,0.8,98.84,783.59,4,0
971.37,0.8,127.27,844.1,4,1
541.42,0.0,69.11,472.31,0,0
1157.19,1.0,280.65,876.54,5,1
740.11,0.6,79.73,660.38,3,1
548.9,0.0,69.03,479.87,0,0
992.01,0.6,278.68,713.33,3,1
724.03,0.4,103.65,620.38,2,1
536.97,0.0,87.35,449.62,0,0
677.51,0.2,127.38,550.13,1,1
949.37,0.6,266.3,683.08,3,1
515.08,0.0,73.03,442.05,0,0
481.05,0.0,39.0,442.05,0,0
565.87,0.2,46.0,519.87,1,1
717.31,0.4,112.05,605.26,2,1
690.5,0.4,85.24,605.26,2,1
770.14,0.2,197.32,572.82,1,0
719.33,0.2,131.38,587.95,1,1
498.43,0.0,48.81,449.62,0,0
629.31,0.2,71.62,557.69,1,0
823.15,0.6,124.95,698.21,3,1
582.96,0.0,125.78,457.18,0,1
613.22,0.2,93.35,519.87,1,0
931.23,0.8,124.95,806.28,4,1
580.51,0.2,45.51,535.0,1,0
847.93,0.8,109.73,738.21,4,1
593.97,0.2,51.41,542.56,1,1
641.61,0.2,83.92,557.69,1,0
630.9,0.2,103.46,527.44,1,1
662.04,0.2,104.35,557.69,1,0
605.22,0.2,85.35,519.87,1,0
1799.27,1.0,1043.76,755.51,5,1
707.34,0.2,157.22,550.13,1,0
1456.36,0.8,710.59,745.77,4,1
1322.49,0.8,561.59,760.9,4,1
974.35,0.8,145.38,828.97,4,1
819.89,0.4,191.95,627.95,2,1
756.24,0.4,113.16,643.08,2,1
685.01,0.2,119.76,565.26,1,0
935.13,0.8,159.11,776.03,4,1
650.65,0.0,163.22,487.44,0,0
679.92,0.4,97.35,582.56,2,0
621.44,0.4,54.0,567.44,2,1
501.97,0.0,59.92,442.05,0,1
776.07,0.4,117.86,658.21,2,1
663.01,0.2,97.76,565.26,1,1
536.92,0.0,94.86,442.05,0,0
865.16,0.6,121.57,743.59,3,1
873.85,0.8,128.08,745.77,4,1
974.7,1.0,158.68,816.03,5,1
708.34,0.2,143.08,565.26,1,1
789.62,0.6,121.68,667.95,3,1
684.38,0.2,149.38,535.0,1,1
545.33,0.0,73.03,472.31,0,1
845.47,0.6,124.57,720.9,3,1
1084.58,1.2,198.3,886.28,6,1
645.67,0.2,95.54,550.13,1,1
633.99,0.2,68.73,565.26,1,0
766.28,0.4,161.03,605.26,2,1
551.18,0.0,86.43,464.74,0,1
1003.19,1.0,126.65,876.54,5,1
779.49,0.4,143.97,635.51,2,1
693.33,0.4,80.51,612.82,2,1
841.51,0.8,110.86,730.64,4,1
606.31,0.2,48.62,557.69,1,0
483.46,0.0,41.41,442.05,0,0
591.37,0.2,48.81,542.56,1,1
545.82,0.0,73.51,472.31,0,1
680.69,0.4,83.0,597.69,2,1
561.09,0.2,41.22,519.87,1,0
656.67,0.2,106.54,550.13,1,0
619.86,0.2,69.73,550.13,1,0
871.53,0.6,120.38,751.15,3,1
713.84,0.4,78.32,635.51,2,1
873.09,0.6,152.19,720.9,3,1
1027.14,1.0,158.16,868.97,5,1
897.51,0.8,106.35,791.15,4,1
2043.13,1.0,1219.54,823.59,5,1
793.31,0.6,87.54,705.77,3,1
891.68,0.8,130.78,760.9,4,1
700.02,0.4,117.46,582.56,2,1
696.62,0.4,61.11,635.51,2,1
1158.32,1.2,241.78,916.54,6,1
591.67,0.2,49.11,542.56,1,1
788.68,0.4,168.3,620.38,2,1
880.55,0.6,167.22,713.33,3,1
773.83,0.6,90.76,683.08,3,1
681.17,0.2,108.35,572.82,1,1
1023.94,1.0,200.35,823.59,5,1
582.95,0.2,55.51,527.44,1,0
834.86,0.6,98.84,736.03,3,1
547.85,0.2,43.11,504.74,1,1
660.94,0.2,118.38,542.56,1,0
628.4,0.0,171.22,457.18,0,1
726.61,0.4,136.49,590.13,2,1
558.44,0.0,86.14,472.31,0,0
1425.88,0.4,820.62,605.26,2,1
856.41,0.6,127.95,728.46,3,1
719.89,0.4,76.81,643.08,2,1
618.7,0.2,76.14,542.56,1,0
791.42,0.4,140.78,650.64,2,1
551.21,0.2,54.03,497.18,1,1
531.97,0.2,49.92,482.05,1,1
468.39,0.0,49.03,419.36,0,0
809.55,0.6,149.16,660.38,3,0
1345.51,0.4,762.95,582.56,2,1
999.66,1.0,153.38,846.28,5,1
558.57,0.0,71.14,487.44,0,0
964.71,1.0,171.38,793.33,5,1
601.92,0.2,66.92,535.0,1,0
898.92,0.8,130.46,768.46,4,1
651.83,0.2,94.14,557.69,1,1
774.45,0.4,116.24,658.21,2,1
746.81,0.4,118.86,627.95,2,1
640.66,0.2,75.41,565.26,1,1
954.7,0.8,171.11,783.59,4,1
663.39,0.2,98.14,565.26,1,1
665.85,0.2,108.16,557.69,1,1
640.76,0.2,105.76,535.0,1,1
577.77,0.2,73.03,504.74,1,1
666.3,0.2,131.3,535.0,1,0
800.0,0.6,132.05,667.95,3,1
709.22,0.4,88.84,620.38,2,1
793.54,0.6,110.46,683.08,3,0
554.69,0.2,57.51,497.18,1,1
971.02,1.0,139.86,831.15,5,1
