"Total_Cost","Ratio_Reloc_Prod","Horiz_Cost","Vert_Cost","nReloc","non_Optimal"
249563.53,0.764,37402.39,212161.08,1146,300
544.78,0.2,62.73,482.05,1,1
777.12,0.8,99.43,677.69,4,1
462.9,0.0,51.11,411.79,0,1
697.13,0.4,114.57,582.56,2,1
836.89,1.0,73.81,763.08,5,1
448.18,0.0,51.51,396.67,0,1
1043.24,1.4,139.65,903.59,7,1
570.98,0.2,104.05,466.92,1,1
520.55,0.0,108.76,411.79,0,1
606.69,0.4,69.51,537.18,2,1
645.88,0.2,133.57,512.31,1,1
1141.18,1.6,182.46,958.72,8,1
703.54,0.4,120.97,582.56,2,1
721.05,0.6,106.05,615.0,3,1
753.07,0.4,208.32,544.74,2,1
579.18,0.2,82.0,497.18,1,1
437.48,0.0,40.81,396.67,0,1
729.3,0.6,121.86,607.44,3,1
970.9,1.2,137.57,833.33,6,1
1032.98,1.2,184.51,848.46,6,1
889.81,0.6,221.86,667.95,3,1
815.55,0.8,115.16,700.38,4,1
1088.9,1.4,147.49,941.41,7,1
903.98,1.0,163.59,740.38,5,1
485.42,0.0,88.76,396.67,0,1
665.73,0.4,90.73,575.0,2,1
722.79,0.6,115.35,607.44,3,1
821.27,0.8,105.76,715.51,4,1
918.42,1.0,132.65,785.77,5,1
477.73,0.0,50.81,426.92,0,1
438.34,0.0,34.11,404.23,0,1
666.1,0.4,136.49,529.62,2,1
476.33,0.0,49.41,426.92,0,1
956.54,1.0,148.08,808.46,5,1
459.37,0.0,62.7,396.67,0,1
1098.16,1.2,189.19,908.97,6,1
1071.0,1.2,207.41,863.59,6,1
1066.83,1.2,135.16,931.67,6,1
853.04,0.8,114.84,738.21,4,1
1029.87,1.2,128.46,901.41,6,1
622.91,0.2,65.22,557.69,1,1
974.29,1.0,135.57,838.72,5,1
716.62,0.6,101.62,615.0,3,1
703.18,0.6,57.92,645.26,3,1
715.09,0.6,54.7,660.38,3,1
912.39,1.0,126.62,785.77,5,1
1350.28,1.8,215.41,1134.87,9,1
506.39,0.0,87.03,419.36,0,1
485.41,0.0,50.92,434.49,0,1
856.7,0.8,126.05,730.64,4,1
1037.24,1.2,181.22,856.03,6,1
910.83,1.0,147.76,763.08,5,1
976.37,1.0,152.78,823.59,5,1
749.99,0.6,119.86,630.13,3,1
984.71,1.2,98.43,886.28,6,1
625.62,0.4,50.62,575.0,2,1
1038.22,1.2,144.38,893.85,6,1
678.35,0.4,103.35,575.0,2,1
482.35,0.0,93.24,389.1,0,1
505.87,0.0,78.95,426.92,0,1
757.67,0.6,119.97,637.69,3,1
536.58,0.0,71.84,464.74,0,1
886.41,0.8,133.08,753.33,4,1
942.23,1.0,148.89,793.33,5,1
1294.86,1.6,230.24,1064.62,8,1
901.73,1.0,85.7,816.03,5,1
1000.57,1.2,144.54,856.03,6,1
883.97,1.0,113.32,770.64,5,1
1270.65,1.6,213.59,1057.05,8,1
640.58,0.4,95.84,544.74,2,1
818.02,0.8,79.81,738.21,4,1
765.84,0.6,105.46,660.38,3,1
779.8,0.6,134.54,645.26,3,1
1081.47,1.2,187.62,893.85,6,1
834.06,0.8,133.68,700.38,4,1
887.6,1.0,154.78,732.82,5,1
993.76,1.2,152.86,840.9,6,1
439.07,0.0,42.41,396.67,0,1
749.64,0.6,59.0,690.64,3,1
672.88,0.4,120.57,552.31,2,1
705.45,0.4,160.7,544.74,2,1
687.4,0.4,104.84,582.56,2,1
883.71,0.8,183.32,700.38,4,1
1042.82,1.2,148.97,893.85,6,1
961.0,1.0,144.97,816.03,5,1
1062.83,1.2,131.16,931.67,6,1
477.39,0.0,58.03,419.36,0,1
743.45,0.6,105.76,637.69,3,1
1036.83,1.2,158.11,878.72,6,1
545.75,0.2,63.7,482.05,1,1
500.32,0.0,50.7,449.62,0,1
919.67,1.0,103.65,816.03,5,1
899.42,1.0,60.7,838.72,5,1
559.22,0.2,84.73,474.49,1,1
1444.89,2.2,161.95,1282.95,11,1
579.58,0.2,74.84,504.74,1,1
1147.02,1.2,268.3,878.72,6,1
1126.75,1.2,263.16,863.59,6,1
485.36,0.0,58.43,426.92,0,1
600.35,0.2,72.92,527.44,1,1
805.79,0.8,97.84,707.95,4,1
818.63,0.8,118.24,700.38,4,1
571.24,0.2,96.76,474.49,1,1
812.21,0.6,174.51,637.69,3,1
566.46,0.2,99.54,466.92,1,1
524.25,0.0,36.81,487.44,0,1
746.82,0.6,86.43,660.38,3,1
447.79,0.0,36.0,411.79,0,1
563.19,0.2,81.14,482.05,1,1
759.32,0.6,129.19,630.13,3,1
1122.05,1.4,157.95,964.1,7,1
869.58,0.8,116.24,753.33,4,1
935.37,1.0,157.16,778.21,5,1
1172.33,1.4,230.92,941.41,7,1
742.54,0.6,119.97,622.56,3,1
1357.11,2.0,174.68,1182.44,10,1
622.28,0.2,109.97,512.31,1,1
783.64,0.6,100.57,683.08,3,1
739.59,0.6,56.51,683.08,3,1
1090.06,1.4,148.65,941.41,7,1
1150.18,1.6,146.08,1004.1,8,1
1319.12,1.6,224.24,1094.87,8,1
934.07,1.0,148.3,785.77,5,1
657.71,0.4,97.84,559.87,2,1
554.96,0.2,50.22,504.74,1,1
769.44,0.6,109.05,660.38,3,1
1337.43,1.6,333.32,1004.1,8,1
973.86,1.2,117.84,856.03,6,1
1169.44,1.4,228.03,941.41,7,1
901.01,1.0,115.24,785.77,5,1
606.86,0.2,109.68,497.18,1,1
643.65,0.4,129.16,514.49,2,1
911.77,1.0,118.43,793.33,5,1
1397.71,1.4,410.92,986.79,7,1
1159.44,1.4,218.03,941.41,7,1
922.11,1.0,113.65,808.46,5,1
914.33,1.0,113.43,800.9,5,1
688.09,0.4,82.84,605.26,2,1
840.21,0.8,109.57,730.64,4,1
725.51,0.6,102.95,622.56,3,1
692.37,0.4,102.24,590.13,2,1
894.55,1.0,101.22,793.33,5,1
823.21,0.8,100.14,723.08,4,1
877.47,0.8,192.22,685.26,4,1
882.5,0.8,197.24,685.26,4,1
988.25,1.0,179.78,808.46,5,1
1221.92,1.6,180.0,1041.92,8,1
969.92,1.2,121.46,848.46,6,1
870.02,0.8,139.38,730.64,4,1
1007.65,1.2,91.11,916.54,6,1
912.14,1.0,111.24,800.9,5,1
1121.69,1.2,242.97,878.72,6,1
996.23,1.0,218.03,778.21,5,1
584.86,0.0,142.81,442.05,0,1
919.59,1.0,148.95,770.64,5,1
755.61,0.6,110.35,645.26,3,1
1284.23,2.0,132.05,1152.18,10,1
693.77,0.4,156.59,537.18,2,1
1126.56,1.4,154.89,971.67,7,1
1009.33,1.0,140.35,868.97,5,1
941.03,1.0,132.57,808.46,5,1
505.64,0.0,108.97,396.67,0,1
1107.69,1.4,181.41,926.28,7,1
445.74,0.0,41.51,404.23,0,1
848.71,0.8,140.76,707.95,4,1
871.99,0.8,133.78,738.21,4,1
1278.33,1.6,228.84,1049.49,8,1
1390.72,1.8,270.97,1119.74,9,1
1089.75,1.2,158.08,931.67,6,1
455.9,0.0,44.11,411.79,0,1
1148.84,1.4,192.3,956.54,7,1
508.08,0.0,118.97,389.1,0,1
742.23,0.6,104.54,637.69,3,1
1196.38,1.6,154.46,1041.92,8,1
744.29,0.6,61.22,683.08,3,1
875.43,1.0,59.41,816.03,5,1
702.59,0.4,112.46,590.13,2,1
750.54,0.6,127.97,622.56,3,1
1049.18,1.2,125.08,924.1,6,1
506.5,0.0,102.27,404.23,0,1
620.41,0.4,45.41,575.0,2,1
805.79,0.8,97.84,707.95,4,1
525.2,0.2,65.84,459.36,1,1
1030.87,1.2,129.46,901.41,6,1
478.97,0.0,36.92,442.05,0,1
760.5,0.6,107.68,652.82,3,1
1076.97,1.2,168.0,908.97,6,1
1136.49,1.4,187.51,948.97,7,1
968.98,1.0,115.14,853.85,5,1
690.62,0.4,108.05,582.56,2,1
786.69,0.6,133.86,652.82,3,1
1206.05,1.6,156.57,1049.49,8,1
992.25,1.0,198.92,793.33,5,1
761.2,0.6,108.38,652.82,3,1
1008.55,1.2,167.65,840.9,6,1
578.45,0.2,88.84,489.62,1,1
670.16,0.4,80.03,590.13,2,1
479.05,0.0,89.95,389.1,0,1
649.56,0.4,67.0,582.56,2,1
848.68,0.8,148.3,700.38,4,1
636.07,0.4,106.46,529.62,2,1
552.66,0.2,47.92,504.74,1,1
1084.67,1.4,128.14,956.54,7,1
897.46,0.8,174.38,723.08,4,1
771.63,0.6,111.24,660.38,3,1
825.67,0.8,110.16,715.51,4,1
634.28,0.4,89.54,544.74,2,1
985.75,1.2,122.16,863.59,6,1
758.19,0.6,75.11,683.08,3,1
969.79,1.0,168.89,800.9,5,1
764.83,0.6,142.27,622.56,3,1
966.89,1.0,150.86,816.03,5,1
698.29,0.6,75.73,622.56,3,1
1420.74,2.0,253.43,1167.31,10,1
815.11,0.8,107.16,707.95,4,1
873.93,1.0,95.73,778.21,5,1
782.92,0.8,67.41,715.51,4,1
722.37,0.6,92.24,630.13,3,1
634.32,0.2,144.7,489.62,1,1
1064.52,1.2,170.68,893.85,6,1
825.88,0.8,95.24,730.64,4,1
925.82,1.0,140.05,785.77,5,1
1637.36,2.4,321.97,1315.38,12,1
1376.38,2.0,133.43,1242.95,10,1
560.1,0.2,62.92,497.18,1,1
874.0,0.8,158.49,715.51,4,1
501.7,0.0,112.59,389.1,0,1
968.16,1.0,159.7,808.46,5,1
886.11,1.0,85.22,800.9,5,1
827.77,0.8,150.08,677.69,4,1
956.58,1.0,178.38,778.21,5,1
784.76,0.8,76.81,707.95,4,1
518.3,0.2,43.81,474.49,1,1
896.53,1.0,110.76,785.77,5,1
721.18,0.6,91.05,630.13,3,1
720.73,0.4,153.3,567.44,2,1
946.02,1.0,167.81,778.21,5,1
644.12,0.4,84.24,559.87,2,1
730.64,0.6,92.95,637.69,3,1
799.76,0.8,84.24,715.51,4,1
1349.33,1.8,206.89,1142.44,9,1
565.56,0.2,75.95,489.62,1,1
854.51,0.8,139.0,715.51,4,1
506.76,0.0,79.84,426.92,0,1
944.47,1.0,143.57,800.9,5,1
660.52,0.4,47.7,612.82,2,1
634.46,0.4,119.97,514.49,2,1
840.98,0.8,87.65,753.33,4,1
1126.52,1.4,185.11,941.41,7,1
671.36,0.4,119.05,552.31,2,1
1298.87,1.6,204.0,1094.87,8,1
840.39,0.8,94.62,745.77,4,1
803.14,0.8,110.32,692.82,4,1
742.74,0.6,89.92,652.82,3,1
641.25,0.4,88.95,552.31,2,1
797.98,0.8,90.03,707.95,4,1
498.54,0.0,71.62,426.92,0,1
1479.29,2.2,226.59,1252.69,11,1
774.95,0.6,99.43,675.51,3,1
622.73,0.2,155.81,466.92,1,1
944.08,1.0,128.05,816.03,5,1
794.59,0.8,71.51,723.08,4,1
684.81,0.4,117.38,567.44,2,1
745.89,0.6,77.95,667.95,3,1
997.0,1.0,188.54,808.46,5,1
787.93,0.6,142.68,645.26,3,1
848.52,0.8,140.57,707.95,4,1
458.28,0.0,38.92,419.36,0,1
918.71,1.0,125.38,793.33,5,1
743.4,0.6,113.27,630.13,3,1
968.64,1.0,190.43,778.21,5,1
964.0,1.0,147.97,816.03,5,1
632.44,0.4,80.14,552.31,2,1
1123.0,1.4,166.46,956.54,7,1
1247.41,1.6,144.97,1102.44,8,1
637.83,0.4,100.65,537.18,2,1
622.05,0.4,92.43,529.62,2,1
802.47,0.8,109.65,692.82,4,1
783.67,0.8,113.54,670.13,4,1
757.97,0.6,142.97,615.0,3,1
574.75,0.2,85.14,489.62,1,1
719.58,0.6,74.32,645.26,3,1
645.98,0.4,78.54,567.44,2,1
541.41,0.2,66.92,474.49,1,1
844.09,0.8,98.32,745.77,4,1
922.05,0.8,191.41,730.64,4,1
1062.64,1.0,239.05,823.59,5,1
648.03,0.4,73.03,575.0,2,1
710.18,0.6,64.92,645.26,3,1
812.84,0.8,97.32,715.51,4,1
947.47,1.0,214.65,732.82,5,1
533.31,0.2,81.51,451.79,1,1
1167.72,1.4,256.57,911.15,7,1
930.92,1.0,122.46,808.46,5,1
961.42,1.2,82.7,878.72,6,1
1136.2,1.6,162.35,973.85,8,1
1225.66,1.6,191.3,1034.36,8,1
521.0,0.2,46.51,474.49,1,1
714.62,0.4,132.05,582.56,2,1
863.0,0.8,155.05,707.95,4,1
