"Total_Cost","Ratio_Reloc_Prod","Horiz_Cost","Vert_Cost","nReloc","non_Optimal"
225298.16,0.45,34390.04,190908.05,675,300
566.08,0.0,63.51,502.56,0,1
624.5,0.2,66.81,557.69,1,1
659.78,0.2,109.65,550.13,1,1
845.28,0.6,131.95,713.33,3,1
549.09,0.0,84.35,464.74,0,1
779.73,0.6,96.65,683.08,3,1
951.87,1.0,98.03,853.85,5,1
624.28,0.2,59.03,565.26,1,1
776.35,0.6,100.84,675.51,3,1
1173.13,1.4,156.08,1017.05,7,1
517.88,0.0,60.7,457.18,0,1
725.84,0.4,105.46,620.38,2,1
796.27,0.4,168.32,627.95,2,1
839.76,0.6,103.73,736.03,3,1
1022.97,1.0,138.86,884.1,5,1
624.26,0.0,159.51,464.74,0,1
826.18,0.6,127.97,698.21,3,1
650.99,0.2,85.73,565.26,1,1
665.37,0.4,75.24,590.13,2,1
732.74,0.4,112.35,620.38,2,1
997.08,1.0,173.49,823.59,5,1
742.95,0.4,122.57,620.38,2,1
744.37,0.4,93.73,650.64,2,1
777.65,0.6,102.14,675.51,3,1
725.18,0.4,74.54,650.64,2,1
814.56,0.6,131.49,683.08,3,1
740.13,0.4,97.05,643.08,2,1
690.31,0.2,125.05,565.26,1,1
598.24,0.2,48.11,550.13,1,1
576.66,0.0,104.35,472.31,0,1
590.73,0.2,55.73,535.0,1,1
618.02,0.2,60.32,557.69,1,1
963.23,0.8,164.51,798.72,4,1
792.48,0.4,202.35,590.13,2,1
666.4,0.2,116.27,550.13,1,1
769.19,0.4,133.68,635.51,2,1
477.7,0.0,43.22,434.49,0,1
511.19,0.0,69.14,442.05,0,1
711.56,0.4,113.86,597.69,2,1
720.52,0.4,100.14,620.38,2,1
884.93,0.8,86.22,798.72,4,1
598.53,0.0,133.78,464.74,0,1
481.74,0.0,69.95,411.79,0,1
920.78,0.6,230.14,690.64,3,1
818.71,0.4,198.32,620.38,2,1
1215.74,1.2,261.38,954.36,6,1
1055.98,0.8,234.57,821.41,4,1
684.32,0.2,134.19,550.13,1,1
537.55,0.0,65.24,472.31,0,1
872.14,0.6,143.68,728.46,3,1
755.39,0.4,89.62,665.77,2,1
744.55,0.4,124.16,620.38,2,1
525.66,0.0,60.92,464.74,0,1
872.32,0.8,88.73,783.59,4,1
702.95,0.2,122.57,580.38,1,1
831.76,0.6,95.73,736.03,3,1
855.17,0.6,134.27,720.9,3,1
820.0,0.6,144.49,675.51,3,1
965.53,1.0,134.38,831.15,5,1
571.28,0.2,51.41,519.87,1,1
799.32,0.4,163.81,635.51,2,1
1088.25,1.0,226.84,861.41,5,1
863.57,0.8,87.54,776.03,4,1
560.04,0.0,102.86,457.18,0,1
959.51,0.8,175.92,783.59,4,1
803.12,0.4,129.78,673.33,2,1
645.96,0.2,141.22,504.74,1,1
665.33,0.2,92.51,572.82,1,1
613.31,0.2,55.62,557.69,1,1
543.1,0.0,85.92,457.18,0,1
743.38,0.4,115.43,627.95,2,1
748.95,0.6,73.43,675.51,3,1
544.86,0.0,95.24,449.62,0,1
558.54,0.2,31.11,527.44,1,1
806.24,0.6,123.16,683.08,3,1
617.47,0.2,105.16,512.31,1,1
523.91,0.0,66.73,457.18,0,1
511.92,0.0,77.43,434.49,0,1
466.44,0.0,39.51,426.92,0,1
594.81,0.2,59.81,535.0,1,1
653.88,0.2,103.76,550.13,1,1
808.99,0.4,218.86,590.13,2,1
546.26,0.0,96.65,449.62,0,1
475.11,0.0,40.62,434.49,0,1
643.41,0.2,115.97,527.44,1,1
868.76,0.8,92.73,776.03,4,1
774.84,0.4,146.89,627.95,2,1
675.24,0.4,100.24,575.0,2,1
458.6,0.0,24.11,434.49,0,1
706.11,0.4,85.73,620.38,2,1
607.97,0.2,65.41,542.56,1,1
631.03,0.4,56.03,575.0,2,1
707.56,0.2,165.0,542.56,1,1
549.37,0.2,44.62,504.74,1,1
521.03,0.0,86.54,434.49,0,1
1035.22,1.0,173.81,861.41,5,1
1135.94,1.0,259.41,876.54,5,1
717.24,0.4,81.73,635.51,2,1
683.53,0.2,118.27,565.26,1,1
991.01,0.8,184.73,806.28,4,1
835.07,0.6,136.86,698.21,3,1
698.18,0.2,140.49,557.69,1,1
671.75,0.2,129.19,542.56,1,1
908.24,0.6,172.22,736.03,3,1
542.91,0.0,85.73,457.18,0,1
665.41,0.2,137.97,527.44,1,1
1235.69,1.6,155.95,1079.74,8,1
477.62,0.0,28.0,449.62,0,1
964.7,0.8,181.11,783.59,4,1
753.47,0.4,133.08,620.38,2,1
749.92,0.4,121.97,627.95,2,1
676.0,0.2,141.0,535.0,1,1
799.81,0.4,164.3,635.51,2,1
943.14,0.8,174.68,768.46,4,1
1077.59,1.2,153.49,924.1,6,1
1271.45,1.4,239.27,1032.18,7,1
643.53,0.2,85.84,557.69,1,1
628.91,0.2,71.22,557.69,1,1
582.86,0.0,125.68,457.18,0,1
796.4,0.6,105.76,690.64,3,1
774.7,0.4,124.05,650.64,2,1
777.37,0.6,86.73,690.64,3,1
616.64,0.2,66.51,550.13,1,1
472.14,0.0,45.22,426.92,0,1
663.94,0.2,106.24,557.69,1,1
690.26,0.2,132.57,557.69,1,1
805.96,0.6,160.7,645.26,3,1
668.99,0.2,103.73,565.26,1,1
727.84,0.4,107.46,620.38,2,1
615.34,0.0,150.59,464.74,0,1
552.21,0.0,95.03,457.18,0,1
712.1,0.4,121.97,590.13,2,1
985.45,1.0,161.86,823.59,5,1
564.44,0.0,92.14,472.31,0,1
497.71,0.0,78.35,419.36,0,1
502.6,0.0,68.11,434.49,0,1
553.33,0.0,81.03,472.31,0,1
1087.45,1.2,155.78,931.67,6,1
632.92,0.2,90.35,542.56,1,1
475.47,0.0,56.11,419.36,0,1
462.9,0.0,51.11,411.79,0,1
898.86,0.8,115.27,783.59,4,1
993.51,1.0,124.54,868.97,5,1
740.91,0.4,97.84,643.08,2,1
616.49,0.2,89.05,527.44,1,1
797.87,0.6,84.54,713.33,3,1
961.68,0.8,140.27,821.41,4,1
953.36,0.8,147.08,806.28,4,1
709.04,0.4,111.35,597.69,2,1
784.38,0.4,164.0,620.38,2,1
1042.86,0.8,259.27,783.59,4,1
794.46,0.6,118.95,675.51,3,1
740.21,0.4,97.14,643.08,2,1
605.76,0.2,78.32,527.44,1,1
656.32,0.2,113.76,542.56,1,1
590.76,0.2,63.32,527.44,1,1
791.67,0.6,101.03,690.64,3,1
862.67,0.4,227.16,635.51,2,1
939.13,1.0,115.54,823.59,5,1
487.3,0.0,52.81,434.49,0,1
817.8,0.8,72.03,745.77,4,1
834.26,0.6,128.49,705.77,3,1
604.32,0.2,69.32,535.0,1,1
941.64,0.8,150.49,791.15,4,1
546.52,0.2,34.22,512.31,1,1
1065.72,1.2,134.05,931.67,6,1
1063.11,1.2,146.57,916.54,6,1
789.35,0.4,161.41,627.95,2,1
1167.61,1.2,235.95,931.67,6,1
593.17,0.2,65.73,527.44,1,1
694.78,0.4,119.78,575.0,2,1
763.97,0.4,128.46,635.51,2,1
913.61,0.8,122.46,791.15,4,1
1051.11,1.2,134.57,916.54,6,1
476.46,0.0,34.41,442.05,0,1
493.51,0.0,59.03,434.49,0,1
754.2,0.4,141.38,612.82,2,1
551.0,0.0,108.95,442.05,0,1
524.13,0.2,34.51,489.62,1,1
485.09,0.0,65.73,419.36,0,1
834.26,0.6,128.49,705.77,3,1
720.12,0.4,114.86,605.26,2,1
816.66,0.8,63.32,753.33,4,1
677.88,0.4,72.62,605.26,2,1
498.7,0.0,64.22,434.49,0,1
838.03,0.6,117.14,720.9,3,1
1059.87,1.0,206.03,853.85,5,1
572.9,0.2,53.03,519.87,1,1
1086.59,1.2,215.43,871.15,6,1
1367.05,1.8,201.92,1165.13,9,1
998.87,0.8,169.89,828.97,4,1
792.82,0.4,172.43,620.38,2,1
754.06,0.4,133.68,620.38,2,1
750.88,0.4,153.19,597.69,2,1
1193.78,1.2,216.73,977.05,6,1
569.39,0.0,89.51,479.87,0,1
672.68,0.4,97.68,575.0,2,1
860.88,0.8,130.24,730.64,4,1
563.37,0.0,113.76,449.62,0,1
772.91,0.4,122.27,650.64,2,1
806.72,0.6,100.95,705.77,3,1
939.6,0.8,125.76,813.85,4,1
783.41,0.6,115.46,667.95,3,1
618.86,0.2,68.73,550.13,1,1
686.27,0.2,143.7,542.56,1,1
708.29,0.6,85.73,622.56,3,1
464.33,0.0,37.41,426.92,0,1
780.3,0.6,112.35,667.95,3,1
967.63,0.8,153.78,813.85,4,1
818.44,0.6,97.54,720.9,3,1
786.75,0.4,143.68,643.08,2,1
760.03,0.6,84.51,675.51,3,1
608.08,0.2,80.65,527.44,1,1
954.38,0.8,185.92,768.46,4,1
618.68,0.2,91.24,527.44,1,1
1043.48,1.0,159.38,884.1,5,1
769.65,0.6,94.14,675.51,3,1
895.36,0.6,182.03,713.33,3,1
1117.92,1.2,208.95,908.97,6,1
879.54,0.8,103.51,776.03,4,1
782.53,0.6,84.32,698.21,3,1
636.56,0.2,86.43,550.13,1,1
705.56,0.4,107.86,597.69,2,1
1018.69,1.0,172.41,846.28,5,1
766.4,0.6,83.32,683.08,3,1
961.95,1.0,100.54,861.41,5,1
606.08,0.2,63.51,542.56,1,1
643.31,0.2,85.62,557.69,1,1
743.95,0.4,123.57,620.38,2,1
799.95,0.6,86.62,713.33,3,1
1028.97,1.0,144.86,884.1,5,1
826.94,0.8,103.86,723.08,4,1
633.38,0.2,105.95,527.44,1,1
947.86,0.8,111.32,836.54,4,1
984.1,1.0,145.38,838.72,5,1
602.25,0.0,122.38,479.87,0,1
517.5,0.0,60.32,457.18,0,1
716.93,0.4,96.54,620.38,2,1
512.1,0.0,54.92,457.18,0,1
718.23,0.4,112.97,605.26,2,1
569.5,0.2,72.32,497.18,1,1
691.67,0.4,101.54,590.13,2,1
702.09,0.4,96.84,605.26,2,1
501.27,0.0,59.22,442.05,0,1
893.83,0.8,110.24,783.59,4,1
669.91,0.4,72.22,597.69,2,1
735.52,0.6,75.14,660.38,3,1
856.04,0.8,110.27,745.77,4,1
971.75,0.8,180.59,791.15,4,1
753.54,0.4,110.46,643.08,2,1
551.16,0.0,116.68,434.49,0,1
654.97,0.2,119.97,535.0,1,1
923.6,0.8,162.7,760.9,4,1
713.27,0.4,85.32,627.95,2,1
832.92,0.6,157.41,675.51,3,1
542.28,0.0,77.54,464.74,0,1
635.19,0.2,92.62,542.56,1,1
571.19,0.0,136.7,434.49,0,1
676.62,0.4,94.05,582.56,2,1
768.38,0.4,132.86,635.51,2,1
961.0,0.8,177.41,783.59,4,1
860.12,0.6,146.78,713.33,3,1
796.05,0.6,120.54,675.51,3,1
658.05,0.4,67.92,590.13,2,1
687.55,0.4,74.73,612.82,2,1
555.39,0.2,35.51,519.87,1,1
782.13,0.6,99.05,683.08,3,1
539.4,0.0,97.35,442.05,0,1
951.88,1.0,120.73,831.15,5,1
636.68,0.2,109.24,527.44,1,1
984.19,0.8,162.78,821.41,4,1
513.73,0.0,79.24,434.49,0,1
709.23,0.4,111.54,597.69,2,1
846.0,0.6,117.54,728.46,3,1
885.64,0.8,102.05,783.59,4,1
492.02,0.0,42.41,449.62,0,1
1027.69,1.0,181.41,846.28,5,1
913.18,0.8,114.46,798.72,4,1
715.7,0.2,173.14,542.56,1,1
1016.49,0.8,202.65,813.85,4,1
928.69,1.0,97.54,831.15,5,1
710.81,0.4,67.73,643.08,2,1
835.77,0.6,137.57,698.21,3,1
1027.13,1.0,150.59,876.54,5,1
873.04,0.6,159.7,713.33,3,1
753.7,0.6,70.62,683.08,3,1
884.16,0.6,208.65,675.51,3,1
632.35,0.2,97.35,535.0,1,1
738.4,0.4,95.32,643.08,2,1
704.71,0.4,84.32,620.38,2,1
589.77,0.0,132.59,457.18,0,1
635.28,0.0,155.41,479.87,0,1
1087.93,0.8,274.08,813.85,4,1
589.18,0.2,84.43,504.74,1,1
673.37,0.4,83.24,590.13,2,1
679.04,0.4,66.22,612.82,2,1
715.19,0.4,87.24,627.95,2,1
758.87,0.6,106.05,652.82,3,1
787.67,0.6,97.03,690.64,3,1
777.95,0.4,150.0,627.95,2,1
