"Total_Cost","Ratio_Reloc_Prod","Horiz_Cost","Vert_Cost","nReloc","non_Optimal"
226558.4,0.4653,33406.52,193151.76,698,300
566.08,0.0,63.51,502.56,0,1
624.5,0.2,66.81,557.69,1,1
659.78,0.2,109.65,550.13,1,1
845.28,0.6,131.95,713.33,3,1
549.09,0.0,84.35,464.74,0,1
779.73,0.6,96.65,683.08,3,1
951.87,1.0,98.03,853.85,5,1
607.31,0.2,49.62,557.69,1,1
776.35,0.6,100.84,675.51,3,1
1144.24,1.4,119.62,1024.62,7,1
515.88,0.0,58.7,457.18,0,1
725.84,0.4,105.46,620.38,2,1
796.27,0.4,168.32,627.95,2,1
839.76,0.6,103.73,736.03,3,1
1035.53,1.0,143.86,891.67,5,1
568.09,0.0,103.35,464.74,0,1
826.18,0.6,127.97,698.21,3,1
649.69,0.2,84.43,565.26,1,1
682.8,0.4,77.54,605.26,2,1
737.74,0.4,117.35,620.38,2,1
989.51,1.0,173.49,816.03,5,1
708.96,0.4,96.14,612.82,2,1
751.88,0.4,101.24,650.64,2,1
706.82,0.4,86.43,620.38,2,1
717.62,0.4,74.54,643.08,2,1
816.42,0.6,125.78,690.64,3,1
727.76,0.4,92.24,635.51,2,1
682.31,0.2,117.05,565.26,1,1
672.79,0.4,52.41,620.38,2,1
569.69,0.0,104.95,464.74,0,1
591.73,0.2,56.73,535.0,1,1
625.02,0.2,67.32,557.69,1,1
906.72,0.8,115.57,791.15,4,1
784.37,0.4,194.24,590.13,2,1
670.7,0.2,120.57,550.13,1,1
767.19,0.4,131.68,635.51,2,1
479.7,0.0,45.22,434.49,0,1
520.75,0.0,71.14,449.62,0,1
694.88,0.4,104.76,590.13,2,1
720.52,0.4,100.14,620.38,2,1
877.48,0.8,86.32,791.15,4,1
605.23,0.0,140.49,464.74,0,1
481.74,0.0,69.95,411.79,0,1
979.98,0.8,226.65,753.33,4,1
814.71,0.4,194.32,620.38,2,1
1178.79,1.2,224.43,954.36,6,1
1020.03,0.8,198.62,821.41,4,1
712.86,0.2,162.73,550.13,1,1
537.55,0.0,65.24,472.31,0,1
881.16,0.6,137.57,743.59,3,1
761.8,0.4,96.03,665.77,2,1
710.39,0.4,105.14,605.26,2,1
465.58,0.0,46.22,419.36,0,1
887.81,0.8,119.35,768.46,4,1
681.79,0.2,93.84,587.95,1,1
810.92,0.6,90.03,720.9,3,1
836.9,0.6,123.57,713.33,3,1
873.5,0.8,120.16,753.33,4,1
973.1,1.0,134.38,838.72,5,1
569.28,0.2,49.41,519.87,1,1
864.68,0.6,143.78,720.9,3,1
1058.52,1.0,197.11,861.41,5,1
878.69,0.8,87.54,791.15,4,1
541.4,0.0,99.35,442.05,0,1
784.49,0.4,164.11,620.38,2,1
814.12,0.4,140.78,673.33,2,1
624.39,0.2,112.08,512.31,1,1
680.26,0.2,122.57,557.69,1,1
615.91,0.2,58.22,557.69,1,1
542.31,0.0,85.14,457.18,0,1
728.97,0.4,78.32,650.64,2,1
758.59,0.6,75.51,683.08,3,1
506.19,0.0,64.14,442.05,0,1
665.58,0.4,60.32,605.26,2,1
804.54,0.6,121.46,683.08,3,1
600.85,0.2,88.54,512.31,1,1
550.88,0.0,86.14,464.74,0,1
493.76,0.0,66.84,426.92,0,1
438.61,0.0,26.81,411.79,0,1
577.74,0.2,65.43,512.31,1,1
639.32,0.2,96.76,542.56,1,1
835.01,0.4,229.76,605.26,2,1
541.56,0.0,91.95,449.62,0,1
560.31,0.2,48.0,512.31,1,1
644.16,0.2,109.16,535.0,1,1
834.55,0.8,81.22,753.33,4,1
791.4,0.4,155.89,635.51,2,1
694.56,0.4,96.86,597.69,2,1
445.47,0.0,26.11,419.36,0,1
744.52,0.6,84.14,660.38,3,1
605.51,0.2,70.51,535.0,1,1
589.95,0.2,62.51,527.44,1,1
707.97,0.2,165.41,542.56,1,1
489.49,0.0,55.0,434.49,0,1
566.01,0.2,53.7,512.31,1,1
1126.5,1.2,179.7,946.79,6,1
984.96,0.8,186.24,798.72,4,1
708.68,0.4,80.73,627.95,2,1
654.8,0.2,89.54,565.26,1,1
963.52,0.8,149.68,813.85,4,1
772.86,0.6,82.22,690.64,3,1
730.18,0.2,164.92,565.26,1,1
656.99,0.2,106.86,550.13,1,1
824.02,0.4,165.81,658.21,2,1
461.23,0.0,49.43,411.79,0,1
692.44,0.2,165.0,527.44,1,1
1238.15,1.6,165.97,1072.18,8,1
484.43,0.0,34.81,449.62,0,1
1037.35,1.0,168.38,868.97,5,1
797.29,0.6,106.65,690.64,3,1
738.36,0.4,117.97,620.38,2,1
675.89,0.2,140.89,535.0,1,1
813.78,0.4,170.7,643.08,2,1
867.74,0.6,161.97,705.77,3,1
845.66,0.6,139.89,705.77,3,1
1194.7,1.2,217.65,977.05,6,1
677.09,0.2,104.27,572.82,1,1
589.11,0.2,54.11,535.0,1,1
678.42,0.4,80.73,597.69,2,1
910.58,0.8,111.86,798.72,4,1
761.42,0.4,103.22,658.21,2,1
646.94,0.2,89.24,557.69,1,1
739.57,0.6,71.62,667.95,3,1
499.38,0.0,57.32,442.05,0,1
748.79,0.4,135.97,612.82,2,1
678.99,0.2,128.86,550.13,1,1
607.66,0.2,95.35,512.31,1,1
871.47,0.6,150.57,720.9,3,1
765.69,0.6,112.86,652.82,3,1
587.8,0.0,138.19,449.62,0,1
644.81,0.2,102.24,542.56,1,1
746.06,0.4,125.68,620.38,2,1
808.18,0.6,117.54,690.64,3,1
559.58,0.0,94.84,464.74,0,1
685.04,0.4,87.35,597.69,2,1
543.29,0.2,46.11,497.18,1,1
651.28,0.2,86.03,565.26,1,1
1043.09,1.2,141.68,901.41,6,1
610.4,0.2,52.7,557.69,1,1
458.76,0.0,39.41,419.36,0,1
487.65,0.0,60.73,426.92,0,1
783.13,0.6,100.05,683.08,3,1
1058.56,1.2,119.32,939.23,6,1
712.84,0.4,77.32,635.51,2,1
625.38,0.2,97.95,527.44,1,1
847.54,0.6,119.08,728.46,3,1
764.73,0.4,121.65,643.08,2,1
800.75,0.6,102.54,698.21,3,1
676.92,0.2,134.35,542.56,1,1
610.92,0.0,176.43,434.49,0,1
913.5,0.8,160.16,753.33,4,1
754.7,0.4,104.05,650.64,2,1
643.53,0.2,85.84,557.69,1,1
476.09,0.0,56.73,419.36,0,1
649.51,0.2,106.95,542.56,1,1
597.76,0.2,70.32,527.44,1,1
773.1,0.6,90.03,683.08,3,1
694.42,0.2,129.16,565.26,1,1
918.59,1.0,87.43,831.15,5,1
649.94,0.4,59.81,590.13,2,1
756.68,0.6,88.73,667.95,3,1
1064.92,1.2,148.38,916.54,6,1
625.0,0.2,82.43,542.56,1,1
756.78,0.4,121.27,635.51,2,1
476.89,0.0,42.41,434.49,0,1
1035.43,1.2,126.46,908.97,6,1
866.16,0.8,90.14,776.03,4,1
860.56,0.6,169.92,690.64,3,1
1004.75,0.8,221.16,783.59,4,1
622.43,0.2,87.43,535.0,1,1
807.56,0.6,124.49,683.08,3,1
774.86,0.6,99.35,675.51,3,1
1066.34,1.2,119.54,946.79,6,1
820.19,0.6,91.73,728.46,3,1
470.16,0.0,28.11,442.05,0,1
489.84,0.0,62.92,426.92,0,1
1072.11,1.2,170.7,901.41,6,1
685.02,0.4,102.46,582.56,2,1
684.63,0.4,71.81,612.82,2,1
529.8,0.0,72.62,457.18,0,1
778.86,0.4,135.78,643.08,2,1
747.25,0.4,126.86,620.38,2,1
697.3,0.4,76.92,620.38,2,1
595.11,0.2,60.11,535.0,1,1
500.27,0.0,58.22,442.05,0,1
649.91,0.2,92.22,557.69,1,1
1031.03,0.8,209.62,821.41,4,1
543.66,0.0,78.92,464.74,0,1
1232.42,1.4,245.62,986.79,7,1
1243.38,1.4,173.38,1070.0,7,1
990.61,0.8,184.32,806.28,4,1
798.43,0.4,162.92,635.51,2,1
644.83,0.2,87.14,557.69,1,1
691.37,0.4,101.24,590.13,2,1
1239.38,1.4,222.32,1017.05,7,1
544.33,0.0,72.03,472.31,0,1
640.86,0.2,105.86,535.0,1,1
590.69,0.2,85.95,504.74,1,1
843.55,0.6,122.65,720.9,3,1
890.11,0.8,121.65,768.46,4,1
818.28,0.6,104.95,713.33,3,1
752.7,0.4,102.05,650.64,2,1
714.44,0.4,94.05,620.38,2,1
875.0,0.6,138.97,736.03,3,1
661.78,0.2,126.78,535.0,1,1
591.25,0.2,78.95,512.31,1,1
472.06,0.0,52.7,419.36,0,1
688.3,0.4,120.86,567.44,2,1
934.88,0.8,136.16,798.72,4,1
950.34,0.8,159.19,791.15,4,1
937.76,0.8,169.3,768.46,4,1
653.96,0.2,96.27,557.69,1,1
497.59,0.0,55.54,442.05,0,1
946.63,0.8,185.73,760.9,4,1
691.26,0.4,86.0,605.26,2,1
983.84,1.0,122.43,861.41,5,1
865.21,0.8,81.62,783.59,4,1
993.83,0.8,210.24,783.59,4,1
1065.76,1.2,156.78,908.97,6,1
748.11,0.4,120.16,627.95,2,1
817.58,0.8,71.81,745.77,4,1
847.78,0.6,111.76,736.03,3,1
904.98,0.8,144.08,760.9,4,1
755.43,0.4,112.35,643.08,2,1
825.92,0.6,105.03,720.9,3,1
965.51,1.0,96.54,868.97,5,1
606.08,0.2,63.51,542.56,1,1
645.61,0.2,87.92,557.69,1,1
576.45,0.2,86.84,489.62,1,1
995.97,1.0,119.43,876.54,5,1
947.5,0.8,148.78,798.72,4,1
995.65,1.0,126.68,868.97,5,1
670.92,0.4,88.35,582.56,2,1
951.27,0.8,114.73,836.54,4,1
763.6,0.6,95.65,667.95,3,1
828.18,0.6,129.97,698.21,3,1
799.61,0.6,93.84,705.77,3,1
576.88,0.2,72.14,504.74,1,1
657.59,0.4,75.03,582.56,2,1
723.39,0.4,110.57,612.82,2,1
692.72,0.4,95.03,597.69,2,1
769.04,0.4,110.84,658.21,2,1
529.16,0.0,79.54,449.62,0,1
487.3,0.0,52.81,434.49,0,1
1103.14,1.2,133.65,969.49,6,1
730.06,0.6,62.11,667.95,3,1
623.07,0.2,72.95,550.13,1,1
893.31,0.8,139.97,753.33,4,1
755.28,0.2,174.89,580.38,1,1
779.21,0.4,128.57,650.64,2,1
718.12,0.4,112.86,605.26,2,1
688.57,0.2,168.7,519.87,1,1
919.55,0.8,166.22,753.33,4,1
704.64,0.4,106.95,597.69,2,1
912.42,0.8,174.22,738.21,4,1
599.57,0.2,72.14,527.44,1,1
488.7,0.0,54.22,434.49,0,1
732.39,0.4,119.57,612.82,2,1
539.17,0.2,72.24,466.92,1,1
853.55,0.6,147.78,705.77,3,1
1016.09,0.8,209.81,806.28,4,1
815.39,0.6,102.05,713.33,3,1
820.95,0.6,100.05,720.9,3,1
520.78,0.0,78.73,442.05,0,1
752.13,0.6,76.62,675.51,3,1
635.32,0.4,60.32,575.0,2,1
620.84,0.2,85.84,535.0,1,1
515.22,0.0,80.73,434.49,0,1
725.59,0.4,135.46,590.13,2,1
725.75,0.4,128.05,597.69,2,1
1023.88,1.0,132.22,891.67,5,1
720.42,0.4,115.16,605.26,2,1
825.42,0.6,119.65,705.77,3,1
958.07,0.8,151.78,806.28,4,1
969.28,1.0,115.43,853.85,5,1
469.6,0.0,35.11,434.49,0,1
1259.96,1.4,220.22,1039.74,7,1
1053.83,1.2,122.16,931.67,6,1
730.31,0.2,157.49,572.82,1,1
959.53,1.0,113.24,846.28,5,1
1102.3,1.2,147.95,954.36,6,1
530.63,0.0,58.32,472.31,0,1
888.78,0.8,112.76,776.03,4,1
930.99,0.8,132.27,798.72,4,1
878.4,0.6,142.38,736.03,3,1
844.81,0.6,116.35,728.46,3,1
965.36,0.8,212.03,753.33,4,1
728.71,0.4,100.76,627.95,2,1
802.06,0.6,88.73,713.33,3,1
769.81,0.6,86.73,683.08,3,1
860.1,0.6,177.03,683.08,3,1
540.07,0.0,90.46,449.62,0,1
1176.31,1.0,277.08,899.23,5,1
594.08,0.2,51.51,542.56,1,1
841.74,0.8,88.41,753.33,4,1
694.94,0.4,97.24,597.69,2,1
857.87,0.6,136.97,720.9,3,1
968.67,0.8,177.51,791.15,4,1
1037.06,1.0,168.08,868.97,5,1
755.33,0.4,127.38,627.95,2,1
