"Total_Cost","Ratio_Reloc_Prod","Horiz_Cost","Vert_Cost","nReloc","non_Optimal"
249627.79,0.7647,37578.08,212049.8,1147,300
621.04,0.4,68.73,552.31,2,1
595.75,0.4,66.14,529.62,2,1
729.89,0.8,67.32,662.56,4,1
928.51,1.0,173.0,755.51,5,1
660.0,0.2,132.57,527.44,1,1
733.43,0.6,110.86,622.56,3,1
761.34,0.6,123.65,637.69,3,1
468.96,0.0,64.73,404.23,0,1
800.2,0.8,114.95,685.26,4,1
742.19,0.6,134.76,607.44,3,1
500.04,0.0,88.24,411.79,0,1
526.49,0.2,67.14,459.36,1,1
981.25,1.2,140.35,840.9,6,1
741.97,0.6,126.97,615.0,3,1
498.66,0.0,86.86,411.79,0,1
443.59,0.0,46.92,396.67,0,1
451.26,0.0,47.03,404.23,0,1
675.52,0.4,115.65,559.87,2,1
668.96,0.4,116.65,552.31,2,1
947.37,1.0,184.3,763.08,5,1
697.05,0.6,66.92,630.13,3,1
745.97,0.6,130.97,615.0,3,1
1057.07,1.4,138.35,918.72,7,1
558.27,0.0,123.78,434.49,0,1
938.24,1.0,167.59,770.64,5,1
1158.7,1.6,162.16,996.54,8,1
673.08,0.4,105.65,567.44,2,1
949.66,1.2,116.32,833.33,6,1
784.67,0.6,162.11,622.56,3,1
780.86,0.6,90.22,690.64,3,1
648.01,0.4,88.14,559.87,2,1
969.37,1.2,98.22,871.15,6,1
910.58,0.8,225.32,685.26,4,1
1378.12,2.0,210.81,1167.31,10,1
1083.03,1.2,295.08,787.95,6,1
633.75,0.2,151.7,482.05,1,1
465.04,0.0,60.81,404.23,0,1
1093.19,1.0,292.3,800.9,5,1
523.41,0.2,48.92,474.49,1,1
699.45,0.4,154.7,544.74,2,1
897.5,0.8,159.3,738.21,4,1
1263.74,1.6,236.95,1026.79,8,1
921.91,0.8,198.84,723.08,4,1
650.83,0.4,113.65,537.18,2,1
630.25,0.4,62.81,567.44,2,1
554.31,0.2,57.14,497.18,1,1
541.54,0.2,74.62,466.92,1,1
813.31,0.8,128.05,685.26,4,1
948.43,1.0,124.84,823.59,5,1
1448.85,2.0,228.59,1220.26,10,1
821.39,0.8,136.14,685.26,4,1
831.14,0.8,130.76,700.38,4,1
556.45,0.2,51.7,504.74,1,1
1020.39,1.2,126.54,893.85,6,1
796.47,0.6,136.08,660.38,3,1
914.84,0.8,146.38,768.46,4,1
482.07,0.0,77.84,404.23,0,1
578.16,0.2,88.54,489.62,1,1
589.84,0.2,115.35,474.49,1,1
1256.14,1.8,181.78,1074.36,9,1
1049.58,1.2,163.3,886.28,6,1
854.46,0.8,131.38,723.08,4,1
1224.17,1.6,189.81,1034.36,8,1
996.18,1.0,225.54,770.64,5,1
787.24,0.6,104.16,683.08,3,1
913.78,0.8,190.7,723.08,4,1
471.47,0.0,52.11,419.36,0,1
781.74,0.6,121.35,660.38,3,1
607.64,0.4,78.03,529.62,2,1
857.64,0.8,134.57,723.08,4,1
959.82,1.0,166.49,793.33,5,1
930.71,1.0,137.38,793.33,5,1
670.65,0.4,95.65,575.0,2,1
490.0,0.0,55.51,434.49,0,1
471.56,0.0,67.32,404.23,0,1
986.31,1.0,200.54,785.77,5,1
921.57,1.0,105.54,816.03,5,1
941.47,1.0,140.57,800.9,5,1
925.9,0.8,165.0,760.9,4,1
682.84,0.4,107.84,575.0,2,1
729.37,0.6,99.24,630.13,3,1
715.21,0.6,77.51,637.69,3,1
936.08,1.0,120.05,816.03,5,1
955.78,1.0,139.76,816.03,5,1
700.9,0.4,148.59,552.31,2,1
966.47,1.0,180.7,785.77,5,1
889.49,0.8,181.54,707.95,4,1
1036.58,1.2,142.73,893.85,6,1
724.9,0.4,165.03,559.87,2,1
655.4,0.4,57.7,597.69,2,1
1195.77,1.6,168.97,1026.79,8,1
669.44,0.4,109.57,559.87,2,1
665.54,0.4,143.49,522.05,2,1
978.66,1.0,192.89,785.77,5,1
969.12,1.0,190.92,778.21,5,1
767.81,0.6,160.38,607.44,3,1
697.73,0.6,82.73,615.0,3,1
810.31,0.6,172.62,637.69,3,1
656.61,0.4,111.86,544.74,2,1
677.24,0.4,102.24,575.0,2,1
660.24,0.4,85.24,575.0,2,1
678.46,0.4,103.46,575.0,2,1
831.88,0.8,101.24,730.64,4,1
825.63,0.8,140.38,685.26,4,1
1014.39,1.2,120.54,893.85,6,1
1570.09,2.4,194.19,1375.9,12,1
832.17,0.8,139.35,692.82,4,1
943.81,1.0,135.35,808.46,5,1
825.99,0.8,95.35,730.64,4,1
481.14,0.0,54.22,426.92,0,1
1014.98,1.2,121.14,893.85,6,1
471.75,0.0,29.7,442.05,0,1
586.33,0.2,126.97,459.36,1,1
785.9,0.6,80.14,705.77,3,1
1250.71,1.6,223.92,1026.79,8,1
969.83,1.0,146.24,823.59,5,1
1030.65,1.2,182.19,848.46,6,1
759.1,0.6,128.97,630.13,3,1
659.29,0.4,76.73,582.56,2,1
620.51,0.4,98.46,522.05,2,1
540.06,0.2,73.14,466.92,1,1
740.88,0.6,110.76,630.13,3,1
1259.48,1.8,101.92,1157.56,9,1
1061.36,1.4,119.95,941.41,7,1
458.98,0.0,39.62,419.36,0,1
803.21,0.8,80.14,723.08,4,1
858.09,0.8,104.76,753.33,4,1
950.19,1.0,187.11,763.08,5,1
990.43,1.0,174.41,816.03,5,1
722.18,0.6,76.92,645.26,3,1
897.57,1.0,142.05,755.51,5,1
1004.26,1.2,125.54,878.72,6,1
767.03,0.6,106.65,660.38,3,1
1190.31,1.6,118.14,1072.18,8,1
1565.0,2.4,181.54,1383.46,12,1
548.68,0.2,89.32,459.36,1,1
889.01,0.8,135.68,753.33,4,1
693.67,0.6,71.11,622.56,3,1
1037.23,1.2,90.43,946.79,6,1
775.01,0.6,129.76,645.26,3,1
888.83,1.0,125.76,763.08,5,1
504.49,0.0,85.14,419.36,0,1
852.63,0.8,91.73,760.9,4,1
754.08,0.6,86.14,667.95,3,1
1034.27,1.2,185.81,848.46,6,1
714.56,0.6,84.43,630.13,3,1
928.7,1.0,120.24,808.46,5,1
757.15,0.6,66.51,690.64,3,1
846.56,0.6,208.86,637.69,3,1
536.0,0.2,61.51,474.49,1,1
876.82,0.8,184.0,692.82,4,1
581.43,0.2,106.95,474.49,1,1
790.7,0.6,175.7,615.0,3,1
630.19,0.2,87.62,542.56,1,1
761.02,0.6,62.81,698.21,3,1
627.78,0.2,153.3,474.49,1,1
1315.41,1.8,225.92,1089.49,9,1
1156.29,1.4,192.19,964.1,7,1
735.09,0.6,89.84,645.26,3,1
649.48,0.4,119.86,529.62,2,1
582.51,0.2,100.46,482.05,1,1
811.44,0.6,158.62,652.82,3,1
1035.53,1.2,149.24,886.28,6,1
605.93,0.2,86.05,519.87,1,1
672.8,0.4,143.19,529.62,2,1
724.4,0.6,101.84,622.56,3,1
738.78,0.6,108.65,630.13,3,1
682.62,0.6,67.62,615.0,3,1
874.55,0.8,113.65,760.9,4,1
804.81,0.8,81.73,723.08,4,1
878.42,0.8,147.78,730.64,4,1
474.76,0.0,55.41,419.36,0,1
645.57,0.4,78.14,567.44,2,1
1252.08,1.6,202.59,1049.49,8,1
891.9,0.8,138.57,753.33,4,1
1409.07,2.0,264.46,1144.62,10,1
1124.24,1.4,175.27,948.97,7,1
713.31,0.6,75.62,637.69,3,1
481.98,0.0,62.62,419.36,0,1
877.93,0.8,185.11,692.82,4,1
1169.07,1.6,142.27,1026.79,8,1
784.3,0.6,116.35,667.95,3,1
996.39,1.2,102.54,893.85,6,1
1071.46,1.4,114.92,956.54,7,1
875.23,0.8,129.46,745.77,4,1
708.73,0.4,141.3,567.44,2,1
752.58,0.6,99.76,652.82,3,1
1351.75,1.8,194.19,1157.56,9,1
1252.28,1.6,217.92,1034.36,8,1
784.11,0.6,116.16,667.95,3,1
706.94,0.6,76.81,630.13,3,1
812.75,0.8,82.11,730.64,4,1
463.19,0.0,28.7,434.49,0,1
1056.8,1.2,117.57,939.23,6,1
592.96,0.4,48.22,544.74,2,1
788.91,0.6,90.7,698.21,3,1
918.62,1.0,110.16,808.46,5,1
860.63,0.8,99.73,760.9,4,1
575.29,0.2,93.24,482.05,1,1
502.34,0.0,90.54,411.79,0,1
467.73,0.0,40.81,426.92,0,1
749.52,0.6,89.14,660.38,3,1
640.19,0.4,57.62,582.56,2,1
474.61,0.0,62.81,411.79,0,1
760.19,0.6,77.11,683.08,3,1
738.54,0.6,63.03,675.51,3,1
695.26,0.6,65.14,630.13,3,1
1204.93,1.6,185.7,1019.23,8,1
644.19,0.4,61.62,582.56,2,1
1024.9,1.2,131.05,893.85,6,1
742.76,0.6,127.76,615.0,3,1
604.37,0.4,59.62,544.74,2,1
1171.68,1.6,129.76,1041.92,8,1
1123.03,1.2,221.62,901.41,6,1
1458.93,2.2,191.11,1267.82,11,1
657.3,0.4,97.43,559.87,2,1
487.32,0.0,37.7,449.62,0,1
1629.98,2.4,314.59,1315.38,12,1
661.24,0.4,86.24,575.0,2,1
480.56,0.0,38.51,442.05,0,1
805.2,0.6,99.43,705.77,3,1
862.89,0.8,94.43,768.46,4,1
722.9,0.4,163.03,559.87,2,1
561.43,0.2,86.95,474.49,1,1
1258.08,1.6,148.08,1110.0,8,1
1238.11,1.6,188.62,1049.49,8,1
922.68,1.0,129.35,793.33,5,1
947.24,1.0,176.59,770.64,5,1
1144.68,1.4,195.7,948.97,7,1
1192.38,1.6,150.46,1041.92,8,1
1473.23,2.2,205.41,1267.82,11,1
785.34,0.6,140.08,645.26,3,1
1705.17,2.6,289.27,1415.9,13,1
576.85,0.2,72.11,504.74,1,1
684.16,0.4,109.16,575.0,2,1
727.47,0.4,182.73,544.74,2,1
920.11,1.0,111.65,808.46,5,1
1018.47,1.2,192.7,825.77,6,1
554.6,0.2,95.24,459.36,1,1
856.71,0.8,163.89,692.82,4,1
1087.03,1.4,138.05,948.97,7,1
831.32,0.8,108.24,723.08,4,1
818.93,0.8,118.54,700.38,4,1
660.14,0.4,85.14,575.0,2,1
878.35,0.8,170.41,707.95,4,1
995.22,1.2,146.76,848.46,6,1
845.61,0.8,114.97,730.64,4,1
1102.36,1.4,176.08,926.28,7,1
1148.37,1.4,176.7,971.67,7,1
714.48,0.6,84.35,630.13,3,1
922.15,1.0,83.43,838.72,5,1
615.67,0.4,86.05,529.62,2,1
484.25,0.0,57.32,426.92,0,1
776.55,0.6,116.16,660.38,3,1
787.13,0.6,104.05,683.08,3,1
931.78,1.0,115.76,816.03,5,1
764.16,0.8,94.03,670.13,4,1
940.12,1.0,154.35,785.77,5,1
814.53,0.8,129.27,685.26,4,1
792.93,0.8,100.11,692.82,4,1
960.0,1.0,196.92,763.08,5,1
1346.26,1.8,181.14,1165.13,9,1
900.37,1.0,122.16,778.21,5,1
685.67,0.4,95.54,590.13,2,1
991.77,1.0,198.43,793.33,5,1
452.33,0.0,25.41,426.92,0,1
735.89,0.4,160.89,575.0,2,1
830.58,0.8,84.81,745.77,4,1
771.05,0.6,95.54,675.51,3,1
637.67,0.4,108.05,529.62,2,1
724.8,0.6,79.54,645.26,3,1
734.6,0.6,74.22,660.38,3,1
990.93,1.2,104.65,886.28,6,1
1303.3,1.8,160.86,1142.44,9,1
506.13,0.0,109.46,396.67,0,1
886.41,0.8,133.08,753.33,4,1
1082.23,1.2,150.57,931.67,6,1
787.65,0.8,72.14,715.51,4,1
933.05,1.0,109.46,823.59,5,1
1095.2,1.4,176.49,918.72,7,1
1433.38,2.0,250.95,1182.44,10,1
942.36,1.0,156.59,785.77,5,1
1277.01,1.6,257.78,1019.23,8,1
889.27,0.6,266.7,622.56,3,1
859.28,1.0,73.51,785.77,5,1
566.61,0.2,69.43,497.18,1,1
1118.21,1.4,161.68,956.54,7,1
540.72,0.0,151.62,389.1,0,1
722.0,0.6,99.43,622.56,3,1
752.81,0.6,145.38,607.44,3,1
919.7,0.8,196.62,723.08,4,1
543.09,0.0,116.16,426.92,0,1
554.2,0.2,94.84,459.36,1,1
539.11,0.2,64.62,474.49,1,1
579.31,0.2,82.14,497.18,1,1
1032.37,1.2,221.73,810.64,6,1
612.47,0.2,100.16,512.31,1,1
469.36,0.0,50.0,419.36,0,1
1174.31,1.6,155.08,1019.23,8,1
981.76,1.2,140.86,840.9,6,1
