"Total_Cost","Ratio_Reloc_Prod","Horiz_Cost","Vert_Cost","nReloc","non_Optimal"
239706.0,0.3947,51058.87,188647.07,592,156
1057.41,1.0,143.05,914.36,5,0
1195.87,1.0,326.89,868.97,5,1
870.71,0.6,157.38,713.33,3,0
659.99,0.2,94.73,565.26,1,0
1270.09,1.2,255.22,1014.87,6,0
1469.58,1.8,281.76,1187.82,9,0
748.97,0.4,98.32,650.64,2,0
1118.21,1.0,226.54,891.67,5,1
503.45,0.0,38.7,464.74,0,0
827.76,0.4,207.38,620.38,2,0
537.8,0.0,73.05,464.74,0,1
740.87,0.4,120.49,620.38,2,0
1037.93,1.0,184.08,853.85,5,1
614.96,0.2,49.7,565.26,1,1
703.7,0.4,60.62,643.08,2,1
513.15,0.0,48.41,464.74,0,0
910.73,0.8,142.27,768.46,4,0
892.08,0.6,148.49,743.59,3,1
618.4,0.2,75.84,542.56,1,1
648.88,0.2,83.62,565.26,1,1
654.83,0.2,112.27,542.56,1,1
828.66,0.6,115.32,713.33,3,1
698.94,0.2,141.24,557.69,1,0
773.3,0.4,137.78,635.51,2,1
971.87,0.8,150.46,821.41,4,0
602.22,0.2,67.22,535.0,1,1
845.65,0.6,124.76,720.9,3,1
759.52,0.4,131.57,627.95,2,1
661.78,0.0,212.16,449.62,0,1
1210.29,0.6,572.59,637.69,3,1
795.83,0.6,97.62,698.21,3,1
846.12,0.4,172.78,673.33,2,0
962.77,0.8,156.49,806.28,4,1
814.05,0.4,170.97,643.08,2,1
897.27,0.4,254.19,643.08,2,1
982.62,0.8,199.03,783.59,4,1
1250.96,1.4,218.78,1032.18,7,1
668.88,0.2,103.62,565.26,1,1
637.37,0.2,94.81,542.56,1,0
817.84,0.4,189.89,627.95,2,0
704.39,0.2,139.14,565.26,1,1
781.96,0.2,216.7,565.26,1,1
922.53,0.6,231.89,690.64,3,1
746.08,0.2,203.51,542.56,1,0
894.71,0.6,181.38,713.33,3,1
1010.02,0.8,226.43,783.59,4,0
772.95,0.2,253.08,519.87,1,1
506.49,0.0,72.0,434.49,0,1
699.73,0.2,172.3,527.44,1,0
1099.4,0.8,323.38,776.03,4,0
1181.45,0.8,382.73,798.72,4,0
902.22,0.6,173.76,728.46,3,0
828.13,0.4,185.05,643.08,2,1
624.24,0.2,74.11,550.13,1,1
737.04,0.4,139.35,597.69,2,0
1123.39,1.2,229.54,893.85,6,0
785.79,0.4,172.97,612.82,2,0
825.34,0.4,159.57,665.77,2,1
831.29,0.4,188.22,643.08,2,1
735.61,0.2,185.49,550.13,1,1
668.42,0.0,203.68,464.74,0,1
1011.1,0.8,227.51,783.59,4,1
1216.95,0.8,403.11,813.85,4,0
1229.55,1.2,275.19,954.36,6,0
636.07,0.2,70.81,565.26,1,0
1146.93,1.0,247.7,899.23,5,0
875.46,0.6,139.43,736.03,3,1
529.61,0.0,72.43,457.18,0,0
795.73,0.4,167.78,627.95,2,0
925.73,0.6,197.27,728.46,3,0
640.83,0.2,83.14,557.69,1,1
593.56,0.0,136.38,457.18,0,0
509.19,0.0,74.7,434.49,0,1
545.61,0.0,88.43,457.18,0,1
1167.05,1.2,197.57,969.49,6,0
722.42,0.2,157.16,565.26,1,1
1311.19,1.0,434.65,876.54,5,0
670.47,0.2,105.22,565.26,1,1
1077.74,0.6,311.46,766.28,3,0
752.17,0.2,171.78,580.38,1,1
681.82,0.2,116.57,565.26,1,1
962.13,0.6,226.11,736.03,3,0
1246.36,1.0,332.0,914.36,5,1
746.17,0.4,133.35,612.82,2,1
1010.91,0.6,327.84,683.08,3,1
691.81,0.2,164.38,527.44,1,0
839.64,0.6,149.0,690.64,3,0
768.81,0.4,125.73,643.08,2,1
845.67,0.4,202.59,643.08,2,0
689.53,0.2,124.27,565.26,1,1
541.13,0.0,99.08,442.05,0,1
506.0,0.0,63.95,442.05,0,0
434.61,0.0,22.81,411.79,0,1
721.58,0.2,163.89,557.69,1,1
437.2,0.0,25.41,411.79,0,1
1086.2,0.8,272.35,813.85,4,0
1200.28,1.2,245.92,954.36,6,1
1139.83,0.8,295.73,844.1,4,0
1050.31,0.8,191.08,859.23,4,0
1298.24,1.0,421.7,876.54,5,0
543.88,0.0,79.14,464.74,0,1
866.0,0.6,182.92,683.08,3,1
1061.82,0.8,255.54,806.28,4,0
632.61,0.2,74.92,557.69,1,1
1013.45,0.6,269.86,743.59,3,0
789.51,0.4,154.0,635.51,2,0
889.91,0.6,191.7,698.21,3,0
734.48,0.2,176.78,557.69,1,0
703.26,0.2,145.57,557.69,1,0
572.69,0.0,107.95,464.74,0,0
794.92,0.4,159.41,635.51,2,0
1198.94,0.8,362.41,836.54,4,0
552.63,0.0,80.32,472.31,0,0
674.44,0.2,94.05,580.38,1,1
687.48,0.2,129.78,557.69,1,0
713.34,0.2,148.08,565.26,1,0
674.3,0.2,139.3,535.0,1,1
858.77,0.4,193.0,665.77,2,0
537.52,0.0,65.22,472.31,0,1
704.34,0.2,139.08,565.26,1,0
933.18,0.6,189.59,743.59,3,0
549.28,0.0,84.54,464.74,0,0
878.86,0.6,135.27,743.59,3,1
542.85,0.0,78.11,464.74,0,0
688.39,0.2,123.14,565.26,1,0
676.11,0.2,95.73,580.38,1,1
760.1,0.4,117.03,643.08,2,1
744.77,0.2,179.51,565.26,1,0
686.4,0.4,103.84,582.56,2,1
1261.45,1.2,322.22,939.23,6,0
739.49,0.2,159.11,580.38,1,1
566.31,0.0,101.57,464.74,0,0
573.72,0.0,108.97,464.74,0,0
885.77,0.4,220.0,665.77,2,1
779.91,0.4,129.27,650.64,2,0
1072.34,0.6,321.19,751.15,3,1
644.81,0.2,102.24,542.56,1,1
1238.81,1.2,314.7,924.1,6,1
543.87,0.0,109.38,434.49,0,0
1299.92,1.0,362.86,937.05,5,0
718.71,0.2,145.89,572.82,1,1
810.08,0.4,167.0,643.08,2,0
647.7,0.2,105.14,542.56,1,1
520.92,0.0,86.43,434.49,0,1
799.89,0.4,171.95,627.95,2,0
974.91,0.6,223.76,751.15,3,1
685.86,0.2,143.3,542.56,1,0
994.45,0.8,195.73,798.72,4,1
802.42,0.4,151.78,650.64,2,1
539.66,0.0,74.92,464.74,0,1
777.01,0.4,111.24,665.77,2,1
881.91,0.4,223.7,658.21,2,1
706.42,0.2,141.16,565.26,1,0
710.88,0.2,153.19,557.69,1,1
612.86,0.0,170.81,442.05,0,1
909.74,0.4,243.97,665.77,2,0
532.37,0.0,67.62,464.74,0,0
819.48,0.6,128.84,690.64,3,0
810.74,0.4,144.97,665.77,2,0
1082.6,0.8,253.62,828.97,4,0
828.39,0.4,155.05,673.33,2,1
554.4,0.0,97.22,457.18,0,0
1031.22,0.2,511.35,519.87,1,1
713.21,0.2,155.51,557.69,1,1
814.09,0.4,193.7,620.38,2,0
682.2,0.2,116.95,565.26,1,1
973.0,0.6,229.41,743.59,3,1
614.85,0.0,150.11,464.74,0,0
720.96,0.4,108.14,612.82,2,1
685.53,0.2,120.27,565.26,1,0
512.15,0.0,47.41,464.74,0,1
796.92,0.4,168.97,627.95,2,0
843.58,0.4,185.38,658.21,2,0
696.78,0.2,161.78,535.0,1,0
778.78,0.4,196.22,582.56,2,1
910.59,0.6,227.51,683.08,3,1
645.52,0.2,118.08,527.44,1,1
741.91,0.2,184.22,557.69,1,1
542.75,0.0,93.14,449.62,0,0
567.29,0.0,110.11,457.18,0,1
886.42,0.6,135.27,751.15,3,1
718.27,0.2,175.7,542.56,1,0
737.42,0.2,179.73,557.69,1,1
1239.36,1.0,332.57,906.79,5,1
738.45,0.2,188.32,550.13,1,0
535.35,0.0,100.86,434.49,0,0
684.23,0.4,86.54,597.69,2,1
954.53,0.6,188.24,766.28,3,0
677.58,0.2,112.32,565.26,1,1
578.42,0.0,113.68,464.74,0,1
732.08,0.4,104.14,627.95,2,1
591.5,0.0,126.76,464.74,0,0
866.96,0.4,201.19,665.77,2,1
1196.31,1.0,289.51,906.79,5,0
713.79,0.2,140.97,572.82,1,0
906.33,0.4,278.38,627.95,2,1
600.42,0.0,135.68,464.74,0,1
729.75,0.4,132.05,597.69,2,1
592.16,0.0,157.68,434.49,0,0
1015.42,0.6,256.7,758.72,3,1
1079.01,0.8,219.78,859.23,4,0
564.15,0.0,91.84,472.31,0,0
645.45,0.2,95.32,550.13,1,0
618.62,0.2,83.62,535.0,1,1
1091.3,1.0,222.32,868.97,5,1
511.36,0.0,92.0,419.36,0,0
812.71,0.4,192.32,620.38,2,1
954.03,0.6,233.14,720.9,3,1
516.05,0.0,66.43,449.62,0,1
690.67,0.2,140.54,550.13,1,1
638.94,0.2,81.24,557.69,1,0
655.31,0.2,97.62,557.69,1,0
472.93,0.0,61.14,411.79,0,1
702.12,0.2,136.86,565.26,1,0
644.47,0.2,132.16,512.31,1,1
441.2,0.0,29.41,411.79,0,1
789.25,0.4,161.3,627.95,2,0
446.71,0.0,34.92,411.79,0,1
600.92,0.2,65.92,535.0,1,0
663.54,0.2,120.97,542.56,1,1
1496.41,1.6,393.97,1102.44,8,0
1012.05,0.8,228.46,783.59,4,0
621.24,0.0,171.62,449.62,0,0
959.07,0.6,192.78,766.28,3,0
515.81,0.0,81.32,434.49,0,0
657.42,0.2,99.73,557.69,1,0
674.46,0.2,139.46,535.0,1,0
704.96,0.2,147.27,557.69,1,1
905.8,0.6,207.59,698.21,3,1
904.27,0.4,261.19,643.08,2,0
575.91,0.0,111.16,464.74,0,1
826.84,0.4,198.89,627.95,2,0
966.57,0.6,238.11,728.46,3,1
1284.26,1.4,244.51,1039.74,7,1
524.71,0.0,52.41,472.31,0,1
1262.08,1.2,285.03,977.05,6,0
531.55,0.0,66.81,464.74,0,0
759.29,0.2,201.59,557.69,1,0
716.45,0.2,151.19,565.26,1,0
1125.75,1.0,249.22,876.54,5,1
718.29,0.2,168.16,550.13,1,1
764.55,0.2,191.73,572.82,1,0
710.57,0.2,183.14,527.44,1,1
991.97,0.6,255.95,736.03,3,0
622.31,0.0,150.0,472.31,0,1
872.06,0.4,198.73,673.33,2,1
1080.34,0.8,274.05,806.28,4,0
655.26,0.2,90.0,565.26,1,0
528.03,0.0,93.54,434.49,0,0
1016.18,0.6,317.97,698.21,3,0
766.55,0.2,201.3,565.26,1,0
671.99,0.2,106.73,565.26,1,1
1337.66,0.8,599.46,738.21,4,1
800.32,0.4,157.24,643.08,2,0
558.15,0.0,100.97,457.18,0,1
676.45,0.2,126.32,550.13,1,1
567.24,0.0,132.76,434.49,0,1
603.84,0.2,68.84,535.0,1,1
474.93,0.0,63.14,411.79,0,1
840.8,0.4,182.59,658.21,2,0
662.55,0.2,89.73,572.82,1,0
707.6,0.2,180.16,527.44,1,0
1033.83,0.8,242.68,791.15,4,1
861.08,0.6,193.14,667.95,3,1
735.82,0.2,170.57,565.26,1,1
848.97,0.4,213.46,635.51,2,0
1184.32,0.8,347.78,836.54,4,0
663.09,0.2,150.78,512.31,1,0
549.69,0.0,92.51,457.18,0,0
743.53,0.2,178.27,565.26,1,0
829.48,0.2,279.35,550.13,1,1
735.99,0.2,170.73,565.26,1,0
944.3,0.6,223.41,720.9,3,1
722.24,0.2,172.11,550.13,1,1
573.25,0.0,146.32,426.92,0,1
934.49,0.6,198.46,736.03,3,0
790.7,0.2,248.14,542.56,1,1
727.72,0.2,177.59,550.13,1,1
763.23,0.2,205.54,557.69,1,1
720.81,0.2,185.81,535.0,1,0
748.82,0.6,88.43,660.38,3,0
508.33,0.0,73.84,434.49,0,0
689.64,0.4,91.95,597.69,2,1
790.3,0.6,114.78,675.51,3,1
1054.56,0.8,270.97,783.59,4,0
658.3,0.2,130.86,527.44,1,1
791.53,0.4,140.89,650.64,2,1
734.75,0.4,137.05,597.69,2,1
968.45,0.8,177.3,791.15,4,1
534.58,0.0,69.84,464.74,0,1
657.48,0.0,207.86,449.62,0,1
473.89,0.0,39.41,434.49,0,1
1265.16,1.2,348.62,916.54,6,0
830.29,0.6,139.65,690.64,3,0
1299.34,1.2,367.68,931.67,6,1
988.55,0.8,182.27,806.28,4,0
641.57,0.2,106.57,535.0,1,0
1014.01,0.8,253.11,760.9,4,0
1274.43,1.4,310.32,964.1,7,1
1012.01,0.8,198.16,813.85,4,1
