"Total_Cost","Ratio_Reloc_Prod","Horiz_Cost","Vert_Cost","nReloc","non_Optimal"
231606.04,0.478,37225.25,194380.75,717,300
811.13,0.6,75.11,736.03,3,1
556.04,0.0,83.73,472.31,0,1
603.19,0.0,100.62,502.56,0,1
738.79,0.2,165.97,572.82,1,1
520.95,0.0,86.46,434.49,0,1
772.27,0.6,96.76,675.51,3,1
681.04,0.4,68.22,612.82,2,1
535.39,0.0,70.65,464.74,0,1
1026.09,1.0,179.81,846.28,5,1
742.63,0.4,122.24,620.38,2,1
829.22,0.6,108.32,720.9,3,1
834.31,0.6,120.97,713.33,3,1
664.76,0.4,36.81,627.95,2,1
908.4,0.6,164.81,743.59,3,1
1210.03,1.4,155.16,1054.87,7,1
642.85,0.2,70.03,572.82,1,1
541.69,0.0,76.95,464.74,0,1
739.06,0.4,118.68,620.38,2,1
892.1,0.8,108.51,783.59,4,1
518.38,0.0,76.32,442.05,0,1
558.13,0.0,100.95,457.18,0,1
972.58,0.8,166.3,806.28,4,1
787.6,0.6,134.78,652.82,3,1
1123.43,1.0,254.46,868.97,5,1
826.78,0.6,151.27,675.51,3,1
1070.41,0.8,256.57,813.85,4,1
744.6,0.4,131.78,612.82,2,1
871.25,0.8,110.35,760.9,4,1
573.09,0.0,108.35,464.74,0,1
656.34,0.2,98.65,557.69,1,1
597.87,0.2,70.43,527.44,1,1
716.4,0.2,158.7,557.69,1,1
600.24,0.2,50.11,550.13,1,1
892.19,0.6,156.16,736.03,3,1
777.12,0.6,78.92,698.21,3,1
698.37,0.4,108.24,590.13,2,1
694.8,0.2,129.54,565.26,1,1
510.24,0.0,60.62,449.62,0,1
610.32,0.2,75.32,535.0,1,1
621.81,0.2,86.81,535.0,1,1
482.0,0.0,47.51,434.49,0,1
1356.85,1.6,216.59,1140.26,8,1
542.96,0.0,78.22,464.74,0,1
689.22,0.4,68.84,620.38,2,1
803.42,0.6,97.65,705.77,3,1
544.42,0.0,87.24,457.18,0,1
615.14,0.4,47.7,567.44,2,1
1114.08,1.2,189.97,924.1,6,1
653.61,0.2,95.92,557.69,1,1
705.03,0.4,84.65,620.38,2,1
748.67,0.4,113.16,635.51,2,1
723.33,0.4,102.95,620.38,2,1
724.11,0.4,103.73,620.38,2,1
727.21,0.4,69.0,658.21,2,1
693.2,0.4,87.95,605.26,2,1
960.55,0.8,154.27,806.28,4,1
694.56,0.4,96.86,597.69,2,1
625.42,0.2,67.73,557.69,1,1
928.99,0.8,130.27,798.72,4,1
465.47,0.0,46.11,419.36,0,1
1122.98,1.0,276.7,846.28,5,1
1004.61,1.0,165.89,838.72,5,1
832.53,0.6,126.76,705.77,3,1
1004.66,1.0,158.38,846.28,5,1
821.85,0.6,123.65,698.21,3,1
928.56,0.8,144.97,783.59,4,1
996.78,1.0,120.24,876.54,5,1
668.74,0.2,164.0,504.74,1,1
566.5,0.0,101.76,464.74,0,1
613.93,0.2,94.05,519.87,1,1
655.67,0.2,105.54,550.13,1,1
617.37,0.2,74.81,542.56,1,1
626.35,0.4,58.92,567.44,2,1
784.13,0.6,101.05,683.08,3,1
542.55,0.2,37.81,504.74,1,1
883.95,0.8,123.05,760.9,4,1
874.62,0.6,191.54,683.08,3,1
1024.77,1.2,138.49,886.28,6,1
890.61,0.6,139.46,751.15,3,1
717.98,0.4,105.16,612.82,2,1
1229.9,1.2,267.97,961.92,6,1
661.53,0.2,103.84,557.69,1,1
892.08,0.6,148.49,743.59,3,1
749.41,0.4,121.46,627.95,2,1
706.44,0.2,126.05,580.38,1,1
539.18,0.0,82.0,457.18,0,1
926.42,0.8,135.27,791.15,4,1
794.11,0.4,158.59,635.51,2,1
599.81,0.2,64.81,535.0,1,1
887.34,0.4,221.57,665.77,2,1
866.91,0.6,123.32,743.59,3,1
918.94,0.6,167.78,751.15,3,1
754.51,0.4,111.43,643.08,2,1
740.2,0.4,127.38,612.82,2,1
611.92,0.2,76.92,535.0,1,1
779.41,0.6,111.46,667.95,3,1
508.94,0.0,59.32,449.62,0,1
795.2,0.4,174.81,620.38,2,1
1149.56,1.0,265.46,884.1,5,1
766.08,0.4,130.57,635.51,2,1
910.74,0.8,112.03,798.72,4,1
759.73,0.4,116.65,643.08,2,1
533.12,0.0,60.81,472.31,0,1
701.49,0.2,181.62,519.87,1,1
602.6,0.2,82.73,519.87,1,1
643.1,0.2,100.54,542.56,1,1
638.67,0.2,96.11,542.56,1,1
723.54,0.4,140.97,582.56,2,1
836.77,0.4,223.95,612.82,2,1
592.51,0.2,57.51,535.0,1,1
786.27,0.4,143.19,643.08,2,1
739.16,0.4,103.65,635.51,2,1
539.83,0.2,50.22,489.62,1,1
455.01,0.0,43.22,411.79,0,1
979.27,0.8,203.24,776.03,4,1
659.88,0.2,109.76,550.13,1,1
478.17,0.0,58.81,419.36,0,1
469.39,0.0,50.03,419.36,0,1
1153.14,1.2,198.78,954.36,6,1
554.28,0.0,89.54,464.74,0,1
832.9,0.6,172.51,660.38,3,1
715.23,0.4,109.97,605.26,2,1
773.59,0.6,82.95,690.64,3,1
449.9,0.0,38.11,411.79,0,1
819.41,0.4,199.03,620.38,2,1
742.58,0.4,144.89,597.69,2,1
940.35,0.8,156.76,783.59,4,1
1350.65,1.6,248.22,1102.44,8,1
933.03,0.8,164.57,768.46,4,1
942.39,0.6,229.05,713.33,3,1
1022.77,0.8,208.92,813.85,4,1
995.41,1.0,141.57,853.85,5,1
539.99,0.0,75.24,464.74,0,1
591.49,0.2,71.62,519.87,1,1
955.54,0.8,179.51,776.03,4,1
956.55,1.0,110.27,846.28,5,1
862.79,0.6,149.46,713.33,3,1
500.46,0.0,73.54,426.92,0,1
820.48,0.6,122.27,698.21,3,1
923.6,0.8,162.7,760.9,4,1
665.12,0.2,152.81,512.31,1,1
458.87,0.0,39.51,419.36,0,1
593.66,0.2,81.35,512.31,1,1
959.18,1.0,120.46,838.72,5,1
782.38,0.4,146.86,635.51,2,1
749.95,0.4,129.57,620.38,2,1
517.16,0.0,67.54,449.62,0,1
649.19,0.2,121.76,527.44,1,1
666.73,0.2,124.16,542.56,1,1
956.71,1.0,110.43,846.28,5,1
758.0,0.6,90.05,667.95,3,1
983.41,1.0,182.51,800.9,5,1
994.51,0.8,210.92,783.59,4,1
945.13,0.8,161.54,783.59,4,1
783.83,0.4,140.76,643.08,2,1
693.74,0.4,80.92,612.82,2,1
758.08,0.6,90.14,667.95,3,1
1002.81,1.0,133.84,868.97,5,1
622.94,0.2,72.81,550.13,1,1
1216.18,1.4,184.0,1032.18,7,1
824.82,0.4,204.43,620.38,2,1
765.69,0.4,168.0,597.69,2,1
620.35,0.2,85.35,535.0,1,1
763.84,0.6,88.32,675.51,3,1
946.7,0.6,203.11,743.59,3,1
823.93,0.6,171.11,652.82,3,1
917.02,0.8,193.95,723.08,4,1
976.1,0.8,192.51,783.59,4,1
1007.22,0.8,178.24,828.97,4,1
815.04,0.4,149.27,665.77,2,1
729.11,0.4,108.73,620.38,2,1
1249.03,1.4,186.59,1062.44,7,1
1070.18,1.0,186.08,884.1,5,1
761.34,0.4,103.14,658.21,2,1
1276.36,1.4,221.49,1054.87,7,1
639.75,0.4,49.62,590.13,2,1
743.02,0.4,99.95,643.08,2,1
502.22,0.0,67.73,434.49,0,1
725.63,0.4,120.38,605.26,2,1
689.97,0.0,255.49,434.49,0,1
1019.02,1.0,127.35,891.67,5,1
851.1,0.6,152.89,698.21,3,1
733.46,0.4,97.95,635.51,2,1
634.73,0.2,99.73,535.0,1,1
613.27,0.2,85.84,527.44,1,1
695.66,0.4,82.84,612.82,2,1
846.58,0.8,93.24,753.33,4,1
800.7,0.6,110.05,690.64,3,1
508.64,0.0,59.03,449.62,0,1
830.91,0.6,140.27,690.64,3,1
813.89,0.6,138.38,675.51,3,1
1118.04,1.0,218.81,899.23,5,1
609.14,0.2,74.14,535.0,1,1
960.6,0.8,146.76,813.85,4,1
1081.26,1.0,242.54,838.72,5,1
593.49,0.2,73.62,519.87,1,1
965.74,1.0,119.46,846.28,5,1
719.0,0.4,91.05,627.95,2,1
804.03,0.4,168.51,635.51,2,1
727.63,0.4,107.24,620.38,2,1
1033.44,1.0,179.59,853.85,5,1
872.81,0.6,136.78,736.03,3,1
677.57,0.2,142.57,535.0,1,1
769.57,0.4,134.05,635.51,2,1
463.36,0.0,44.0,419.36,0,1
951.29,0.8,152.57,798.72,4,1
699.72,0.2,149.59,550.13,1,1
564.94,0.0,107.76,457.18,0,1
636.44,0.2,116.57,519.87,1,1
608.52,0.2,88.65,519.87,1,1
633.87,0.4,74.0,559.87,2,1
935.49,0.8,174.59,760.9,4,1
800.7,0.6,110.05,690.64,3,1
764.31,0.4,151.49,612.82,2,1
785.61,0.6,87.41,698.21,3,1
764.65,0.4,144.27,620.38,2,1
898.0,0.4,262.49,635.51,2,1
516.0,0.0,73.95,442.05,0,1
623.71,0.2,96.27,527.44,1,1
709.38,0.4,81.43,627.95,2,1
979.53,1.0,148.38,831.15,5,1
751.62,0.4,123.68,627.95,2,1
1043.08,1.0,174.11,868.97,5,1
850.7,0.8,120.05,730.64,4,1
571.02,0.2,73.84,497.18,1,1
457.79,0.0,46.0,411.79,0,1
764.98,0.6,112.16,652.82,3,1
436.9,0.0,25.11,411.79,0,1
1032.13,0.8,248.54,783.59,4,1
915.65,1.0,114.76,800.9,5,1
1081.82,1.2,180.41,901.41,6,1
909.51,0.8,118.35,791.15,4,1
684.59,0.2,149.59,535.0,1,1
805.03,0.6,69.0,736.03,3,1
580.31,0.2,68.0,512.31,1,1
582.49,0.2,62.62,519.87,1,1
766.27,0.6,90.76,675.51,3,1
802.63,0.4,189.81,612.82,2,1
955.2,1.0,108.92,846.28,5,1
810.18,0.6,119.54,690.64,3,1
719.14,0.4,106.32,612.82,2,1
918.03,0.8,149.57,768.46,4,1
665.68,0.2,130.68,535.0,1,1
718.87,0.4,106.05,612.82,2,1
545.91,0.0,88.73,457.18,0,1
771.89,0.6,103.95,667.95,3,1
585.56,0.0,128.38,457.18,0,1
927.83,0.8,189.62,738.21,4,1
935.43,0.8,159.41,776.03,4,1
1033.74,1.2,94.51,939.23,6,1
790.11,0.4,154.59,635.51,2,1
1049.55,1.0,195.7,853.85,5,1
561.44,0.0,89.14,472.31,0,1
724.09,0.4,118.84,605.26,2,1
895.74,0.6,182.41,713.33,3,1
595.7,0.2,60.7,535.0,1,1
657.69,0.2,92.43,565.26,1,1
628.84,0.2,93.84,535.0,1,1
981.69,0.8,190.54,791.15,4,1
932.37,0.8,201.73,730.64,4,1
471.68,0.0,52.32,419.36,0,1
664.31,0.2,152.0,512.31,1,1
741.55,0.4,121.16,620.38,2,1
890.22,0.6,161.76,728.46,3,1
771.49,0.4,135.97,635.51,2,1
657.77,0.4,52.51,605.26,2,1
675.53,0.2,110.27,565.26,1,1
557.91,0.0,100.73,457.18,0,1
712.32,0.4,122.19,590.13,2,1
538.99,0.2,41.81,497.18,1,1
543.55,0.2,38.81,504.74,1,1
712.52,0.4,92.14,620.38,2,1
742.23,0.4,136.97,605.26,2,1
707.18,0.4,117.05,590.13,2,1
656.53,0.4,58.84,597.69,2,1
916.75,0.6,165.59,751.15,3,1
771.14,0.4,143.19,627.95,2,1
942.37,1.0,103.65,838.72,5,1
875.43,0.8,91.84,783.59,4,1
627.95,0.2,92.95,535.0,1,1
724.62,0.4,81.54,643.08,2,1
480.49,0.0,46.0,434.49,0,1
707.74,0.4,94.92,612.82,2,1
663.92,0.2,136.49,527.44,1,1
666.84,0.4,91.84,575.0,2,1
643.16,0.2,108.16,535.0,1,1
803.53,0.6,105.32,698.21,3,1
818.29,0.6,120.08,698.21,3,1
887.85,0.6,182.08,705.77,3,1
696.37,0.2,138.68,557.69,1,1
1116.75,1.0,232.65,884.1,5,1
1426.59,1.6,316.59,1110.0,8,1
992.75,0.8,201.59,791.15,4,1
858.58,0.6,160.38,698.21,3,1
552.04,0.0,79.73,472.31,0,1
694.67,0.2,136.97,557.69,1,1
851.48,0.6,153.27,698.21,3,1
934.3,0.8,173.41,760.9,4,1
797.32,0.4,161.81,635.51,2,1
496.49,0.0,62.0,434.49,0,1
