"Total_Cost","Ratio_Reloc_Prod","Horiz_Cost","Vert_Cost","nReloc","non_Optimal"
284863.75,0.7767,73046.95,211816.67,1165,216
669.84,0.6,62.41,607.44,3,0
513.79,0.2,54.43,459.36,1,0
421.81,0.0,32.7,389.1,0,0
588.29,0.2,106.24,482.05,1,1
481.35,0.0,92.24,389.1,0,0
671.07,0.6,86.32,584.74,3,0
617.19,0.4,95.14,522.05,2,1
509.66,0.0,105.43,404.23,0,0
1035.37,1.2,232.3,803.08,6,1
853.58,0.8,175.89,677.69,4,1
941.71,1.0,193.76,747.95,5,1
775.59,0.6,145.46,630.13,3,1
714.16,0.6,84.03,630.13,3,1
790.48,0.6,152.78,637.69,3,1
1374.72,2.0,214.97,1159.74,10,1
563.48,0.2,81.43,482.05,1,0
498.99,0.0,102.32,396.67,0,0
1395.43,1.2,531.84,863.59,6,1
906.91,1.0,143.84,763.08,5,1
456.02,0.0,66.92,389.1,0,0
519.36,0.0,92.43,426.92,0,0
981.09,1.0,195.32,785.77,5,1
928.79,0.8,220.84,707.95,4,1
1701.99,1.2,777.89,924.1,6,1
821.54,0.8,158.97,662.56,4,1
1134.76,1.2,278.73,856.03,6,1
864.53,0.8,179.27,685.26,4,1
991.39,1.2,158.05,833.33,6,1
864.67,0.8,186.97,677.69,4,1
702.27,0.4,127.27,575.0,2,1
485.54,0.0,58.62,426.92,0,0
1524.85,0.6,826.65,698.21,3,1
809.57,0.6,149.19,660.38,3,1
1049.4,1.2,193.38,856.03,6,1
708.3,0.4,140.86,567.44,2,0
721.95,0.6,106.95,615.0,3,0
696.95,0.4,121.95,575.0,2,0
659.52,0.4,107.22,552.31,2,0
583.65,0.2,116.73,466.92,1,0
664.79,0.4,104.92,559.87,2,0
689.96,0.4,137.65,552.31,2,0
2185.48,2.4,786.89,1398.59,12,1
592.7,0.2,110.65,482.05,1,1
753.77,0.6,100.95,652.82,3,1
579.5,0.2,82.32,497.18,1,0
1209.99,0.4,619.86,590.13,2,1
634.11,0.4,59.11,575.0,2,0
1118.73,1.4,169.76,948.97,7,1
783.43,0.6,153.3,630.13,3,1
686.78,0.4,96.65,590.13,2,0
911.01,1.0,125.24,785.77,5,1
861.16,0.8,138.08,723.08,4,1
741.66,0.6,88.84,652.82,3,1
1790.93,1.2,836.57,954.36,6,1
833.29,0.8,102.65,730.64,4,1
737.49,0.6,130.05,607.44,3,0
762.86,0.6,147.86,615.0,3,1
741.45,0.6,103.76,637.69,3,0
761.27,0.6,138.7,622.56,3,0
473.73,0.0,46.81,426.92,0,0
1338.95,1.8,264.59,1074.36,9,1
984.84,1.0,229.32,755.51,5,1
599.32,0.2,117.27,482.05,1,0
1024.08,1.2,160.49,863.59,6,1
1063.77,1.4,145.05,918.72,7,1
1110.51,1.4,153.97,956.54,7,1
1053.59,1.2,190.0,863.59,6,1
843.28,0.6,198.03,645.26,3,1
666.47,0.4,114.16,552.31,2,0
675.79,0.4,108.35,567.44,2,1
697.19,0.4,114.62,582.56,2,0
507.26,0.0,103.03,404.23,0,0
650.19,0.4,67.62,582.56,2,0
1557.28,0.8,803.95,753.33,4,1
656.31,0.4,111.57,544.74,2,1
1061.85,1.0,268.51,793.33,5,1
1115.9,1.0,322.57,793.33,5,1
1048.6,1.2,215.27,833.33,6,1
2213.7,1.6,1088.57,1125.13,8,1
698.02,0.4,168.41,529.62,2,1
858.52,0.6,198.14,660.38,3,0
1733.45,1.4,693.7,1039.74,7,1
976.12,1.0,197.92,778.21,5,1
1028.4,1.0,257.76,770.64,5,1
837.58,0.8,144.76,692.82,4,1
456.87,0.0,37.51,419.36,0,0
1726.49,1.6,624.05,1102.44,8,1
1719.35,1.2,795.24,924.1,6,1
483.61,0.0,86.95,396.67,0,0
1388.76,1.6,354.41,1034.36,8,1
1975.54,1.2,998.49,977.05,6,1
1018.58,1.0,232.81,785.77,5,1
594.24,0.2,119.76,474.49,1,1
796.61,0.6,166.49,630.13,3,1
708.34,0.6,78.22,630.13,3,0
1790.63,1.0,944.35,846.28,5,1
655.21,0.4,118.03,537.18,2,0
885.63,0.8,200.38,685.26,4,1
1388.28,1.4,454.43,933.85,7,1
931.62,0.8,208.54,723.08,4,1
1966.49,1.0,1097.51,868.97,5,1
944.0,1.0,188.49,755.51,5,1
563.12,0.2,103.76,459.36,1,0
699.95,0.4,140.08,559.87,2,1
639.31,0.4,102.14,537.18,2,1
755.64,0.6,117.95,637.69,3,0
901.81,0.8,186.3,715.51,4,1
764.42,0.8,86.73,677.69,4,1
1165.51,1.2,301.92,863.59,6,1
695.44,0.4,135.57,559.87,2,1
862.59,0.8,147.08,715.51,4,1
614.65,0.2,140.16,474.49,1,0
545.36,0.2,86.0,459.36,1,0
478.46,0.0,36.41,442.05,0,0
828.16,0.6,198.03,630.13,3,0
785.01,0.6,139.76,645.26,3,0
503.74,0.0,99.51,404.23,0,0
476.76,0.0,57.41,419.36,0,0
1799.87,2.2,516.92,1282.95,11,1
578.73,0.2,104.24,474.49,1,0
764.02,0.4,173.89,590.13,2,1
737.46,0.6,122.46,615.0,3,1
973.53,1.0,202.89,770.64,5,1
518.76,0.0,91.84,426.92,0,0
904.6,0.8,211.78,692.82,4,1
1014.1,1.0,235.89,778.21,5,1
915.88,0.8,230.62,685.26,4,1
1052.59,1.2,196.57,856.03,6,1
1251.71,1.6,209.78,1041.92,8,1
1104.41,1.2,271.08,833.33,6,1
1381.67,1.8,269.49,1112.18,9,1
1001.41,1.2,152.95,848.46,6,1
500.06,0.0,73.14,426.92,0,0
786.39,0.6,133.57,652.82,3,1
969.83,1.0,199.19,770.64,5,1
1040.69,1.2,161.97,878.72,6,1
881.68,0.8,181.3,700.38,4,1
485.26,0.0,96.16,389.1,0,0
847.94,0.8,124.86,723.08,4,1
1020.54,1.2,172.08,848.46,6,1
742.65,0.6,127.65,615.0,3,0
521.09,0.0,101.73,419.36,0,0
744.5,0.6,99.24,645.26,3,1
1040.57,1.2,184.54,856.03,6,1
766.14,0.6,105.76,660.38,3,1
830.67,0.8,115.16,715.51,4,1
549.87,0.2,82.95,466.92,1,0
1403.92,1.0,595.46,808.46,5,1
915.11,0.8,139.08,776.03,4,0
844.11,0.8,136.16,707.95,4,1
735.98,0.4,176.11,559.87,2,1
702.04,0.4,157.3,544.74,2,1
1648.86,2.0,451.3,1197.56,10,1
1153.76,1.4,204.78,948.97,7,1
1142.74,1.4,208.89,933.85,7,1
487.56,0.0,83.32,404.23,0,0
856.34,0.8,171.08,685.26,4,1
848.49,0.8,140.54,707.95,4,1
1045.6,1.4,96.62,948.97,7,1
1216.8,1.6,205.14,1011.67,8,1
1275.45,1.8,170.84,1104.62,9,1
767.74,0.6,167.86,599.87,3,1
728.83,0.6,91.14,637.69,3,1
754.08,0.6,146.65,607.44,3,1
2026.82,1.6,931.95,1094.87,8,1
827.37,0.8,149.68,677.69,4,1
1250.1,1.4,286.0,964.1,7,1
1460.97,1.0,644.95,816.03,5,1
1306.15,1.2,495.51,810.64,6,1
968.12,1.0,174.78,793.33,5,1
534.42,0.2,82.62,451.79,1,0
1787.95,1.6,693.08,1094.87,8,1
1071.7,1.0,301.05,770.64,5,1
1283.21,1.4,372.05,911.15,7,1
1415.57,1.4,474.16,941.41,7,1
666.98,0.4,99.54,567.44,2,0
842.65,0.8,127.14,715.51,4,1
570.35,0.2,80.73,489.62,1,0
656.04,0.2,151.3,504.74,1,0
1156.03,1.4,260.0,896.03,7,1
1992.91,1.2,1053.68,939.23,6,1
921.16,1.0,165.65,755.51,5,1
1036.82,1.2,142.97,893.85,6,1
1070.65,1.2,214.62,856.03,6,1
1545.0,0.8,768.97,776.03,4,1
640.95,0.4,73.51,567.44,2,1
644.1,0.2,146.92,497.18,1,0
1183.33,1.6,148.97,1034.36,8,1
599.21,0.2,117.16,482.05,1,0
932.13,1.0,161.49,770.64,5,1
1030.63,1.0,229.73,800.9,5,1
2500.59,1.8,1343.03,1157.56,9,1
1086.22,1.2,184.81,901.41,6,1
1971.16,1.6,861.16,1110.0,8,1
1191.94,1.6,180.27,1011.67,8,1
489.54,0.0,62.62,426.92,0,0
884.28,0.8,183.89,700.38,4,1
800.15,0.6,154.89,645.26,3,1
1411.85,1.8,337.49,1074.36,9,1
858.61,0.8,173.35,685.26,4,1
1043.23,1.2,172.08,871.15,6,1
864.83,0.8,141.76,723.08,4,1
802.54,0.6,195.11,607.44,3,1
1081.19,1.2,240.3,840.9,6,1
489.97,0.0,100.86,389.1,0,0
1207.98,1.6,173.62,1034.36,8,1
1136.16,1.2,280.14,856.03,6,1
753.92,0.6,131.35,622.56,3,1
1457.32,1.0,633.73,823.59,5,1
557.04,0.2,105.24,451.79,1,0
665.41,0.4,105.54,559.87,2,1
1152.41,1.2,311.51,840.9,6,1
945.21,0.8,207.0,738.21,4,1
746.05,0.4,216.43,529.62,2,1
687.14,0.4,127.27,559.87,2,0
567.57,0.2,100.65,466.92,1,0
1005.38,1.0,204.49,800.9,5,1
694.87,0.4,127.43,567.44,2,1
673.31,0.4,128.57,544.74,2,1
705.5,0.4,160.76,544.74,2,1
1245.55,1.6,211.19,1034.36,8,1
669.79,0.4,102.35,567.44,2,1
802.5,0.6,164.81,637.69,3,1
736.15,0.4,191.41,544.74,2,1
580.35,0.2,105.86,474.49,1,0
463.17,0.0,43.81,419.36,0,0
871.36,0.8,170.97,700.38,4,1
486.81,0.0,52.32,434.49,0,0
2195.57,1.8,985.05,1210.51,9,1
571.57,0.2,104.65,466.92,1,0
1067.2,1.2,233.86,833.33,6,1
707.7,0.4,193.22,514.49,2,1
1595.74,1.0,794.84,800.9,5,1
902.32,0.8,179.24,723.08,4,1
789.06,0.6,136.24,652.82,3,0
1765.23,0.6,1059.46,705.77,3,1
1250.11,1.4,308.7,941.41,7,1
836.82,0.8,136.43,700.38,4,1
868.38,0.8,168.0,700.38,4,0
1053.49,1.0,297.97,755.51,5,1
853.92,0.8,145.97,707.95,4,1
879.07,0.6,248.95,630.13,3,0
817.84,0.6,202.84,615.0,3,0
728.72,0.4,183.97,544.74,2,1
1083.37,1.2,212.22,871.15,6,1
1404.39,0.6,691.05,713.33,3,1
655.55,0.4,103.24,552.31,2,0
1048.98,1.2,208.08,840.9,6,1
1892.81,1.0,1069.22,823.59,5,1
1862.69,1.6,790.51,1072.18,8,1
1310.83,1.6,299.16,1011.67,8,1
1104.4,1.4,208.38,896.03,7,1
626.06,0.4,58.62,567.44,2,1
866.71,0.8,173.89,692.82,4,1
1886.62,1.2,1030.59,856.03,6,1
648.84,0.4,73.84,575.0,2,1
945.55,1.0,159.78,785.77,5,1
692.98,0.4,125.54,567.44,2,1
1687.05,1.2,770.51,916.54,6,1
585.07,0.2,133.27,451.79,1,0
503.99,0.0,107.32,396.67,0,0
1003.34,1.0,232.7,770.64,5,1
740.6,0.6,133.16,607.44,3,1
1383.51,1.8,286.46,1097.05,9,1
607.49,0.2,133.0,474.49,1,0
949.67,1.0,186.59,763.08,5,1
735.5,0.6,90.24,645.26,3,1
586.78,0.2,104.73,482.05,1,1
883.4,0.8,167.89,715.51,4,1
794.72,0.6,164.59,630.13,3,1
506.71,0.0,87.35,419.36,0,0
650.74,0.2,146.0,504.74,1,1
958.33,1.0,149.86,808.46,5,1
606.42,0.2,154.62,451.79,1,0
608.92,0.2,126.86,482.05,1,1
1963.0,1.0,1154.54,808.46,5,1
830.41,0.8,130.03,700.38,4,1
1076.66,1.2,190.38,886.28,6,1
955.79,1.0,162.46,793.33,5,1
795.02,0.6,164.89,630.13,3,1
1140.44,1.4,206.59,933.85,7,1
489.62,0.0,40.0,449.62,0,0
1325.97,1.0,441.86,884.1,5,1
972.11,1.0,163.65,808.46,5,1
1402.63,1.0,541.22,861.41,5,1
838.49,0.8,122.97,715.51,4,1
633.51,0.4,111.46,522.05,2,0
873.68,0.8,165.73,707.95,4,0
930.25,1.0,182.3,747.95,5,1
817.49,0.8,109.54,707.95,4,1
1147.21,1.6,135.54,1011.67,8,1
1391.79,1.4,457.95,933.85,7,1
881.46,0.6,258.89,622.56,3,1
1225.2,1.4,306.49,918.72,7,1
656.12,0.4,96.24,559.87,2,0
647.48,0.4,117.86,529.62,2,0
1874.6,1.4,880.24,994.36,7,1
994.12,1.0,215.92,778.21,5,1
2056.39,1.2,1109.59,946.79,6,1
522.35,0.0,133.24,389.1,0,0
