"Total_Cost","Ratio_Reloc_Prod","Horiz_Cost","Vert_Cost","nReloc","non_Optimal"
252031.63,0.42,60109.7,191922.02,630,300
549.25,0.0,76.95,472.31,0,1
847.34,0.6,88.62,758.72,3,1
876.08,0.6,140.05,736.03,3,1
716.63,0.2,136.24,580.38,1,1
850.79,0.4,222.84,627.95,2,1
909.25,0.6,180.78,728.46,3,1
620.41,0.2,92.97,527.44,1,1
720.29,0.2,177.73,542.56,1,1
670.13,0.0,212.95,457.18,0,1
839.64,0.6,96.05,743.59,3,1
913.38,0.8,137.35,776.03,4,1
827.63,0.6,121.86,705.77,3,1
626.69,0.2,61.43,565.26,1,1
551.04,0.0,93.86,457.18,0,1
914.7,0.6,171.11,743.59,3,1
802.94,0.6,66.92,736.03,3,1
1098.87,1.0,245.03,853.85,5,1
497.75,0.0,55.7,442.05,0,1
668.37,0.2,110.68,557.69,1,1
815.51,0.4,172.43,643.08,2,1
561.5,0.0,96.76,464.74,0,1
710.69,0.2,153.0,557.69,1,1
699.71,0.4,132.27,567.44,2,1
943.44,0.8,122.03,821.41,4,1
1230.14,1.0,368.73,861.41,5,1
1001.28,0.8,195.0,806.28,4,1
939.23,0.6,241.03,698.21,3,1
1025.63,0.8,211.78,813.85,4,1
538.85,0.0,74.11,464.74,0,1
641.26,0.2,76.0,565.26,1,1
562.58,0.0,97.84,464.74,0,1
1156.02,0.6,397.3,758.72,3,1
1085.68,0.8,271.84,813.85,4,1
784.0,0.4,148.49,635.51,2,1
675.2,0.2,109.95,565.26,1,1
757.39,0.4,144.57,612.82,2,1
640.16,0.2,90.03,550.13,1,1
928.49,0.6,207.59,720.9,3,1
977.46,0.6,241.43,736.03,3,1
629.06,0.2,116.76,512.31,1,1
864.98,0.6,144.08,720.9,3,1
690.07,0.2,132.38,557.69,1,1
487.15,0.0,75.35,411.79,0,1
480.97,0.0,38.92,442.05,0,1
1496.43,1.2,526.95,969.49,6,1
516.05,0.0,74.0,442.05,0,1
741.14,0.4,120.76,620.38,2,1
987.93,0.8,181.65,806.28,4,1
858.18,0.4,199.97,658.21,2,1
608.22,0.0,181.3,426.92,0,1
551.35,0.0,116.86,434.49,0,1
873.22,0.6,144.76,728.46,3,1
1027.6,0.8,259.14,768.46,4,1
980.93,0.4,322.73,658.21,2,1
1083.27,0.8,314.81,768.46,4,1
796.8,0.6,106.16,690.64,3,1
1114.62,0.6,386.16,728.46,3,1
818.23,0.4,152.46,665.77,2,1
534.42,0.0,77.24,457.18,0,1
683.56,0.2,125.86,557.69,1,1
518.49,0.0,84.0,434.49,0,1
1052.57,0.8,284.11,768.46,4,1
746.98,0.4,119.03,627.95,2,1
1204.69,1.2,257.89,946.79,6,1
687.58,0.4,82.32,605.26,2,1
779.71,0.4,166.89,612.82,2,1
548.38,0.0,113.89,434.49,0,1
1040.73,0.6,312.27,728.46,3,1
810.91,0.4,167.84,643.08,2,1
440.79,0.0,29.0,411.79,0,1
641.01,0.4,81.14,559.87,2,1
628.72,0.2,71.03,557.69,1,1
563.35,0.2,88.86,474.49,1,1
1460.49,1.2,566.65,893.85,6,1
931.54,0.6,187.95,743.59,3,1
593.08,0.0,158.59,434.49,0,1
725.56,0.2,167.86,557.69,1,1
770.23,0.4,112.03,658.21,2,1
646.4,0.2,103.84,542.56,1,1
1292.71,0.8,486.43,806.28,4,1
753.86,0.2,203.73,550.13,1,1
583.05,0.0,148.57,434.49,0,1
711.58,0.4,98.76,612.82,2,1
1050.42,0.6,359.78,690.64,3,1
883.55,0.4,210.22,673.33,2,1
1171.63,0.8,365.35,806.28,4,1
982.43,0.6,238.84,743.59,3,1
614.02,0.2,56.32,557.69,1,1
668.18,0.2,118.05,550.13,1,1
680.34,0.2,122.65,557.69,1,1
723.12,0.2,157.86,565.26,1,1
929.71,0.6,208.81,720.9,3,1
838.71,0.4,225.89,612.82,2,1
1346.19,0.8,509.65,836.54,4,1
994.63,0.4,328.86,665.77,2,1
1126.15,0.8,327.43,798.72,4,1
1152.11,0.6,431.22,720.9,3,1
863.68,0.4,235.73,627.95,2,1
549.67,0.0,100.05,449.62,0,1
694.45,0.4,96.76,597.69,2,1
978.1,0.6,287.46,690.64,3,1
689.49,0.4,61.54,627.95,2,1
1201.8,0.8,410.65,791.15,4,1
947.06,0.6,218.59,728.46,3,1
793.75,0.4,135.54,658.21,2,1
531.6,0.0,97.11,434.49,0,1
879.59,0.6,143.57,736.03,3,1
661.69,0.2,149.38,512.31,1,1
629.81,0.2,94.81,535.0,1,1
754.44,0.4,134.05,620.38,2,1
1712.81,1.2,750.89,961.92,6,1
1047.36,0.4,426.97,620.38,2,1
925.35,0.4,297.41,627.95,2,1
901.64,0.4,243.43,658.21,2,1
696.53,0.2,146.41,550.13,1,1
666.2,0.2,100.95,565.26,1,1
587.86,0.0,130.68,457.18,0,1
761.81,0.4,194.38,567.44,2,1
645.14,0.2,110.14,535.0,1,1
583.0,0.0,140.95,442.05,0,1
765.79,0.4,145.41,620.38,2,1
752.21,0.4,94.0,658.21,2,1
639.18,0.2,89.05,550.13,1,1
845.77,0.4,180.0,665.77,2,1
780.62,0.4,137.54,643.08,2,1
1326.0,1.0,457.03,868.97,5,1
878.42,0.4,220.22,658.21,2,1
550.94,0.0,93.76,457.18,0,1
700.0,0.2,165.0,535.0,1,1
1019.21,0.4,368.57,650.64,2,1
755.1,0.2,212.54,542.56,1,1
717.65,0.2,190.22,527.44,1,1
900.91,0.4,257.84,643.08,2,1
639.4,0.0,182.22,457.18,0,1
883.24,0.4,240.16,643.08,2,1
976.09,0.8,169.81,806.28,4,1
617.15,0.0,152.41,464.74,0,1
674.75,0.4,77.05,597.69,2,1
1143.8,1.0,297.51,846.28,5,1
818.92,0.4,190.97,627.95,2,1
575.45,0.0,118.27,457.18,0,1
641.66,0.4,36.41,605.26,2,1
684.34,0.2,126.65,557.69,1,1
1189.7,0.8,406.11,783.59,4,1
934.89,1.0,118.86,816.03,5,1
756.62,0.4,121.11,635.51,2,1
932.97,0.4,357.97,575.0,2,1
878.2,0.6,164.86,713.33,3,1
742.13,0.4,106.62,635.51,2,1
736.29,0.2,178.59,557.69,1,1
890.78,0.4,247.7,643.08,2,1
539.14,0.0,104.65,434.49,0,1
991.0,0.6,262.54,728.46,3,1
693.15,0.2,127.89,565.26,1,1
1272.38,0.6,596.86,675.51,3,1
563.56,0.2,73.95,489.62,1,1
710.77,0.2,153.08,557.69,1,1
776.01,0.2,210.76,565.26,1,1
875.18,0.2,325.05,550.13,1,1
1089.36,0.8,267.95,821.41,4,1
1211.32,1.0,319.65,891.67,5,1
679.31,0.2,114.05,565.26,1,1
662.83,0.2,120.27,542.56,1,1
633.91,0.2,76.22,557.69,1,1
1066.91,0.8,268.19,798.72,4,1
712.74,0.2,147.49,565.26,1,1
643.99,0.2,78.73,565.26,1,1
639.64,0.2,89.51,550.13,1,1
684.35,0.2,141.78,542.56,1,1
1013.4,0.6,269.81,743.59,3,1
553.09,0.0,126.16,426.92,0,1
757.04,0.4,144.22,612.82,2,1
1028.04,0.6,269.32,758.72,3,1
702.99,0.2,145.3,557.69,1,1
888.97,0.4,253.46,635.51,2,1
538.53,0.0,81.35,457.18,0,1
630.79,0.2,103.35,527.44,1,1
574.54,0.0,140.05,434.49,0,1
859.97,0.4,209.32,650.64,2,1
1330.95,0.6,610.05,720.9,3,1
558.95,0.0,124.46,434.49,0,1
965.52,0.6,244.62,720.9,3,1
712.39,0.4,107.14,605.26,2,1
915.66,0.4,249.89,665.77,2,1
1131.02,1.0,254.49,876.54,5,1
825.61,0.4,235.49,590.13,2,1
852.14,0.6,184.19,667.95,3,1
1035.91,0.8,237.19,798.72,4,1
597.77,0.2,93.03,504.74,1,1
799.64,0.4,149.0,650.64,2,1
840.45,0.4,189.81,650.64,2,1
957.37,0.6,213.78,743.59,3,1
783.76,0.6,123.38,660.38,3,1
828.86,0.4,185.78,643.08,2,1
997.23,0.4,331.46,665.77,2,1
1080.75,0.6,382.54,698.21,3,1
848.08,0.6,112.05,736.03,3,1
926.92,0.4,291.41,635.51,2,1
530.56,0.2,48.51,482.05,1,1
902.62,0.6,166.59,736.03,3,1
1512.82,1.0,598.46,914.36,5,1
805.43,0.2,255.3,550.13,1,1
915.15,0.2,357.46,557.69,1,1
560.53,0.0,103.35,457.18,0,1
670.46,0.2,135.46,535.0,1,1
989.27,1.0,165.68,823.59,5,1
1282.25,0.6,553.78,728.46,3,1
753.67,0.2,195.97,557.69,1,1
1004.84,0.6,268.81,736.03,3,1
955.05,0.4,304.41,650.64,2,1
1464.33,1.4,409.46,1054.87,7,1
972.48,0.6,228.89,743.59,3,1
666.53,0.2,101.27,565.26,1,1
499.27,0.0,72.35,426.92,0,1
690.59,0.2,148.03,542.56,1,1
1054.39,0.8,195.16,859.23,4,1
760.16,0.4,124.65,635.51,2,1
773.8,0.4,108.03,665.77,2,1
592.31,0.2,80.0,512.31,1,1
906.26,0.6,147.54,758.72,3,1
652.37,0.2,102.24,550.13,1,1
1142.67,0.8,306.14,836.54,4,1
1025.77,1.0,118.97,906.79,5,1
706.56,0.2,164.0,542.56,1,1
1271.09,0.8,464.81,806.28,4,1
604.37,0.2,99.62,504.74,1,1
708.32,0.4,72.81,635.51,2,1
520.43,0.0,70.81,449.62,0,1
922.88,0.6,217.11,705.77,3,1
953.53,0.4,295.32,658.21,2,1
1279.06,1.0,364.7,914.36,5,1
855.05,0.4,211.97,643.08,2,1
751.47,0.4,138.65,612.82,2,1
691.04,0.2,133.35,557.69,1,1
868.67,0.6,132.65,736.03,3,1
855.46,0.4,227.51,627.95,2,1
809.5,0.4,211.81,597.69,2,1
1137.08,0.8,300.54,836.54,4,1
568.7,0.0,119.08,449.62,0,1
650.4,0.2,107.84,542.56,1,1
881.88,0.6,176.11,705.77,3,1
745.67,0.2,203.11,542.56,1,1
704.94,0.2,162.38,542.56,1,1
1511.46,1.2,489.03,1022.44,6,1
1086.07,0.8,234.41,851.67,4,1
996.12,0.8,182.27,813.85,4,1
896.58,0.6,190.81,705.77,3,1
813.52,0.4,193.14,620.38,2,1
1263.39,1.0,349.03,914.36,5,1
570.31,0.0,113.14,457.18,0,1
1122.63,0.6,409.3,713.33,3,1
671.47,0.2,98.65,572.82,1,1
1028.34,0.6,269.62,758.72,3,1
532.47,0.0,67.73,464.74,0,1
791.61,0.4,125.84,665.77,2,1
1054.13,0.6,363.49,690.64,3,1
992.58,0.4,334.38,658.21,2,1
534.74,0.0,70.0,464.74,0,1
1512.06,1.4,464.76,1047.31,7,1
706.69,0.2,133.86,572.82,1,1
1439.35,1.0,570.38,868.97,5,1
672.26,0.2,107.0,565.26,1,1
674.34,0.2,116.65,557.69,1,1
584.73,0.2,49.73,535.0,1,1
436.61,0.0,24.81,411.79,0,1
873.53,0.6,182.89,690.64,3,1
987.51,0.6,243.92,743.59,3,1
951.21,0.6,215.19,736.03,3,1
1261.78,0.8,470.62,791.15,4,1
726.87,0.2,199.43,527.44,1,1
922.48,0.8,131.32,791.15,4,1
884.22,0.4,248.7,635.51,2,1
981.09,0.6,214.81,766.28,3,1
559.91,0.0,102.73,457.18,0,1
1067.21,0.8,276.05,791.15,4,1
601.48,0.0,144.3,457.18,0,1
1372.64,0.8,589.05,783.59,4,1
1217.43,0.8,380.89,836.54,4,1
1043.4,0.6,292.24,751.15,3,1
653.09,0.2,87.84,565.26,1,1
766.35,0.4,123.27,643.08,2,1
689.77,0.2,132.08,557.69,1,1
787.32,0.2,244.76,542.56,1,1
714.2,0.4,108.95,605.26,2,1
644.08,0.2,101.51,542.56,1,1
879.07,0.6,180.86,698.21,3,1
693.39,0.2,181.08,512.31,1,1
854.99,0.4,204.35,650.64,2,1
1184.84,0.6,448.81,736.03,3,1
963.7,0.6,220.11,743.59,3,1
850.16,0.4,207.08,643.08,2,1
848.19,0.4,205.11,643.08,2,1
584.5,0.0,119.76,464.74,0,1
633.16,0.2,83.03,550.13,1,1
915.21,0.4,317.51,597.69,2,1
1447.67,0.8,611.14,836.54,4,1
916.55,0.4,243.22,673.33,2,1
1170.93,0.8,357.08,813.85,4,1
884.36,0.4,218.59,665.77,2,1
712.12,0.2,146.86,565.26,1,1
