"Total_Cost","Ratio_Reloc_Prod","Horiz_Cost","Vert_Cost","nReloc","non_Optimal"
222798.16,0.4527,31820.82,190977.32,679,150
1197.66,0.1,129.84,1067.82,1,1
1440.43,0.4,176.97,1263.46,4,1
1310.33,0.2,187.38,1122.95,2,1
1411.89,0.4,140.86,1271.03,4,1
2082.35,1.0,329.27,1753.08,10,1
2284.69,1.3,388.92,1895.77,13,1
1316.62,0.2,193.68,1122.95,2,1
1233.94,0.2,141.24,1092.69,2,1
1782.54,0.8,238.05,1544.49,8,1
1590.02,0.7,183.86,1406.15,7,1
1546.09,0.5,257.76,1288.33,5,1
1361.88,0.3,168.68,1193.21,3,1
1665.66,0.6,231.43,1434.23,6,1
1593.51,0.5,282.49,1311.03,5,1
1263.51,0.2,193.51,1070.0,2,1
1317.39,0.3,169.57,1147.82,3,1
1775.15,0.7,308.49,1466.67,7,1
1444.93,0.4,196.59,1248.33,4,1
1225.67,0.2,193.49,1032.18,2,1
1295.6,0.2,240.73,1054.87,2,1
1128.24,0.1,143.62,984.62,1,1
1409.99,0.3,216.78,1193.21,3,1
1434.56,0.4,208.92,1225.64,4,1
1736.61,0.7,201.86,1534.74,7,1
1355.82,0.3,208.0,1147.82,3,1
1610.03,0.5,299.0,1311.03,5,1
1410.53,0.5,129.76,1280.77,5,1
1560.65,0.4,297.19,1263.46,4,1
1149.61,0.1,149.86,999.74,1,1
1666.1,0.7,191.86,1474.23,7,1
1796.77,0.8,229.59,1567.18,8,1
1536.56,0.5,210.41,1326.15,5,1
1402.15,0.3,216.51,1185.64,3,1
1517.96,0.6,144.24,1373.72,6,1
1379.49,0.3,208.97,1170.51,3,1
1316.1,0.2,238.54,1077.56,2,1
1485.01,0.5,196.68,1288.33,5,1
1217.76,0.2,147.76,1070.0,2,1
1735.32,0.6,323.78,1411.54,6,1
1426.34,0.4,200.7,1225.64,4,1
1660.67,0.7,194.0,1466.67,7,1
1161.17,0.1,138.73,1022.44,1,1
1431.25,0.3,328.81,1102.44,3,1
1482.08,0.4,203.49,1278.59,4,1
1577.81,0.6,173.84,1403.97,6,1
1681.71,0.7,192.35,1489.36,7,1
1834.47,0.7,292.16,1542.31,7,1
1453.26,0.4,212.49,1240.77,4,1
1829.81,0.9,245.32,1584.49,9,1
1228.8,0.1,183.68,1045.13,1,1
1583.74,0.6,194.89,1388.85,6,1
1100.42,0.1,108.24,992.18,1,1
1423.75,0.3,238.11,1185.64,3,1
1290.61,0.2,197.92,1092.69,2,1
1254.91,0.2,169.78,1085.13,2,1
1520.16,0.4,249.14,1271.03,4,1
1046.66,0.0,139.86,906.79,0,1
1872.75,0.9,265.57,1607.18,9,1
1381.68,0.3,218.73,1162.95,3,1
1552.16,0.5,309.22,1242.95,5,1
1301.76,0.3,199.32,1102.44,3,1
1492.68,0.4,229.22,1263.46,4,1
1874.56,0.8,307.38,1567.18,8,1
1316.92,0.3,153.97,1162.95,3,1
1298.28,0.2,182.89,1115.38,2,1
1371.12,0.4,137.92,1233.21,4,1
1173.15,0.1,180.97,992.18,1,1
1867.33,0.9,229.89,1637.44,9,1
1826.72,0.8,259.54,1567.18,8,1
1769.33,0.7,279.97,1489.36,7,1
1770.06,0.6,320.7,1449.36,6,1
1370.79,0.3,207.84,1162.95,3,1
1467.24,0.4,256.73,1210.51,4,1
1458.91,0.4,225.7,1233.21,4,1
1235.24,0.3,125.24,1110.0,3,1
1322.7,0.2,192.19,1130.51,2,1
1565.03,0.5,261.57,1303.46,5,1
1224.05,0.2,154.05,1070.0,2,1
1276.5,0.3,136.24,1140.26,3,1
1266.97,0.2,196.97,1070.0,2,1
1456.66,0.5,183.46,1273.21,5,1
1129.38,0.1,152.32,977.05,1,1
1482.82,0.5,141.54,1341.28,5,1
1481.06,0.5,177.59,1303.46,5,1
1170.46,0.1,193.41,977.05,1,1
1596.04,0.6,222.32,1373.72,6,1
1072.32,0.0,188.22,884.1,0,1
1758.13,0.8,251.46,1506.67,8,1
1281.11,0.3,125.73,1155.38,3,1
1748.95,0.8,204.46,1544.49,8,1
1342.37,0.2,204.3,1138.08,2,1
1248.32,0.3,130.76,1117.56,3,1
1131.26,0.1,146.65,984.62,1,1
1591.43,0.5,287.97,1303.46,5,1
1940.85,1.0,278.54,1662.31,10,1
1585.95,0.6,181.97,1403.97,6,1
1707.89,0.7,256.35,1451.54,7,1
1444.91,0.4,226.84,1218.08,4,1
1828.92,0.7,332.0,1496.92,7,1
1699.58,0.6,318.3,1381.28,6,1
2089.65,1.0,351.7,1737.95,10,1
1551.49,0.5,195.08,1356.41,5,1
1639.86,0.7,180.76,1459.1,7,1
1382.18,0.3,241.92,1140.26,3,1
1185.36,0.2,138.05,1047.31,2,1
1168.8,0.2,129.05,1039.74,2,1
1350.3,0.2,234.92,1115.38,2,1
1655.68,0.6,266.84,1388.85,6,1
1245.29,0.2,213.11,1032.18,2,1
1932.11,1.0,247.11,1685.0,10,1
1201.74,0.2,146.86,1054.87,2,1
1956.36,0.9,273.54,1682.82,9,1
1522.19,0.5,218.73,1303.46,5,1
1260.13,0.2,175.0,1085.13,2,1
995.64,0.0,111.54,884.1,0,1
976.31,0.0,122.46,853.85,0,1
1311.77,0.3,179.08,1132.69,3,1
1118.89,0.2,109.41,1009.49,2,1
1252.54,0.2,190.11,1062.44,2,1
1163.75,0.1,171.57,992.18,1,1
1659.0,0.7,222.59,1436.41,7,1
1395.29,0.4,169.65,1225.64,4,1
1722.21,0.7,263.11,1459.1,7,1
1466.59,0.4,240.95,1225.64,4,1
1755.25,0.7,258.32,1496.92,7,1
1423.3,0.3,252.78,1170.51,3,1
1558.91,0.6,192.76,1366.15,6,1
2216.72,1.2,315.57,1901.15,12,1
1595.39,0.5,261.68,1333.72,5,1
1721.85,0.7,247.62,1474.23,7,1
1379.23,0.4,191.41,1187.82,4,1
2025.68,1.0,355.81,1669.87,10,1
1717.75,0.7,258.65,1459.1,7,1
1783.02,0.7,316.35,1466.67,7,1
1091.82,0.1,137.46,954.36,1,1
1492.55,0.5,204.22,1288.33,5,1
1741.0,0.7,289.46,1451.54,7,1
1873.07,0.9,258.32,1614.74,9,1
1579.39,0.6,205.68,1373.72,6,1
1307.98,0.2,192.59,1115.38,2,1
1593.56,0.6,174.46,1419.1,6,1
1517.39,0.6,128.54,1388.85,6,1
1297.04,0.3,164.35,1132.69,3,1
1533.52,0.5,237.62,1295.9,5,1
1404.14,0.4,201.19,1202.95,4,1
1498.5,0.6,170.16,1328.33,6,1
1405.12,0.3,272.43,1132.69,3,1
1304.5,0.4,124.24,1180.26,4,1
1415.16,0.5,164.65,1250.51,5,1
1632.11,0.6,235.7,1396.41,6,1
