"Total_Cost","Ratio_Reloc_Prod","Horiz_Cost","Vert_Cost","nReloc","non_Optimal"
223755.76,0.4527,34593.82,189161.99,679,43
543.17,0.0,55.73,487.44,0,0
686.53,0.2,136.41,550.13,1,0
806.56,0.6,108.35,698.21,3,0
757.0,0.4,129.05,627.95,2,0
750.64,0.4,92.43,658.21,2,0
530.42,0.0,58.11,472.31,0,0
634.37,0.2,84.24,550.13,1,0
863.52,0.6,135.05,728.46,3,1
654.65,0.2,112.08,542.56,1,0
648.94,0.0,191.76,457.18,0,0
542.01,0.0,62.14,479.87,0,0
976.98,1.0,123.14,853.85,5,0
711.49,0.4,83.54,627.95,2,0
555.32,0.0,113.27,442.05,0,0
706.99,0.2,149.3,557.69,1,0
1132.21,1.2,200.54,931.67,6,0
878.67,0.8,87.51,791.15,4,0
813.15,0.6,114.95,698.21,3,0
934.61,0.8,143.46,791.15,4,0
952.55,0.8,146.27,806.28,4,1
848.7,0.6,158.05,690.64,3,0
984.14,1.0,122.73,861.41,5,1
810.1,0.6,119.46,690.64,3,0
708.3,0.4,87.92,620.38,2,0
648.83,0.2,91.14,557.69,1,0
892.21,0.6,156.19,736.03,3,0
595.63,0.0,115.76,479.87,0,0
795.07,0.6,104.43,690.64,3,1
1092.65,1.2,176.11,916.54,6,0
579.12,0.0,99.24,479.87,0,0
783.91,0.4,133.27,650.64,2,0
735.02,0.4,76.81,658.21,2,0
503.14,0.0,76.22,426.92,0,0
530.65,0.0,96.16,434.49,0,0
565.07,0.0,115.46,449.62,0,0
661.64,0.2,103.95,557.69,1,0
561.02,0.2,63.84,497.18,1,0
722.88,0.6,77.62,645.26,3,0
1073.44,1.2,179.59,893.85,6,0
996.22,1.0,127.24,868.97,5,0
618.95,0.2,83.95,535.0,1,0
734.71,0.4,106.76,627.95,2,0
795.24,0.6,112.16,683.08,3,0
668.66,0.2,95.84,572.82,1,0
956.56,0.8,172.97,783.59,4,0
672.04,0.4,59.22,612.82,2,0
716.64,0.2,166.51,550.13,1,0
630.1,0.2,87.54,542.56,1,0
876.12,0.8,130.35,745.77,4,0
712.98,0.4,85.03,627.95,2,0
998.4,1.0,174.81,823.59,5,0
566.31,0.2,54.0,512.31,1,0
716.58,0.4,103.76,612.82,2,0
746.76,0.6,78.81,667.95,3,0
679.74,0.4,66.92,612.82,2,1
714.27,0.2,186.84,527.44,1,0
610.84,0.2,75.84,535.0,1,0
574.39,0.2,54.51,519.87,1,0
825.09,0.8,79.32,745.77,4,0
715.82,0.4,110.57,605.26,2,0
733.5,0.4,120.68,612.82,2,0
709.12,0.4,103.86,605.26,2,0
658.39,0.2,93.14,565.26,1,0
897.79,0.6,176.89,720.9,3,0
668.72,0.2,103.46,565.26,1,0
699.69,0.4,94.43,605.26,2,0
893.6,0.8,140.27,753.33,4,1
1031.66,1.0,192.95,838.72,5,0
867.9,0.8,114.57,753.33,4,1
516.95,0.0,82.46,434.49,0,0
575.71,0.2,63.41,512.31,1,0
709.57,0.4,81.62,627.95,2,0
821.91,0.8,98.84,723.08,4,0
1109.07,1.2,230.35,878.72,6,0
817.07,0.4,151.3,665.77,2,0
851.83,0.6,108.24,743.59,3,0
602.11,0.2,67.11,535.0,1,0
779.79,0.6,111.84,667.95,3,0
578.78,0.2,36.22,542.56,1,0
511.38,0.0,69.32,442.05,0,0
677.71,0.4,110.27,567.44,2,0
932.0,0.8,155.97,776.03,4,1
921.61,0.6,230.97,690.64,3,0
536.81,0.0,94.76,442.05,0,0
1199.42,1.4,212.62,986.79,7,0
579.38,0.0,91.95,487.44,0,0
745.67,0.4,110.16,635.51,2,1
790.06,0.6,76.73,713.33,3,1
712.9,0.2,140.08,572.82,1,0
555.07,0.0,90.32,464.74,0,0
883.9,1.0,98.14,785.77,5,0
694.16,0.2,151.59,542.56,1,0
644.99,0.2,79.73,565.26,1,0
625.35,0.2,90.35,535.0,1,0
795.53,0.6,150.27,645.26,3,0
589.6,0.2,69.73,519.87,1,0
805.68,0.8,97.73,707.95,4,0
1259.24,1.6,202.19,1057.05,8,0
1085.2,1.0,185.97,899.23,5,0
595.44,0.2,83.14,512.31,1,0
964.85,0.6,206.14,758.72,3,1
538.37,0.0,88.76,449.62,0,0
443.61,0.0,31.81,411.79,0,0
683.1,0.2,132.97,550.13,1,0
481.74,0.0,69.95,411.79,0,0
885.16,0.8,109.14,776.03,4,1
758.41,0.2,178.03,580.38,1,0
571.51,0.2,89.46,482.05,1,0
658.08,0.4,90.65,567.44,2,0
735.58,0.4,122.76,612.82,2,0
585.99,0.2,81.24,504.74,1,0
828.32,0.6,152.81,675.51,3,0
807.2,0.6,101.43,705.77,3,1
706.44,0.4,86.05,620.38,2,1
792.87,0.4,164.92,627.95,2,0
565.52,0.0,138.59,426.92,0,0
824.31,0.8,78.54,745.77,4,1
886.49,0.8,110.46,776.03,4,0
741.33,0.4,113.38,627.95,2,1
659.94,0.2,102.24,557.69,1,0
572.55,0.2,67.81,504.74,1,0
448.56,0.0,44.32,404.23,0,0
839.07,0.6,140.86,698.21,3,0
734.06,0.4,113.68,620.38,2,0
842.0,0.6,113.54,728.46,3,0
993.79,1.0,139.95,853.85,5,0
808.01,0.4,134.68,673.33,2,0
1053.39,0.8,307.62,745.77,4,1
497.88,0.0,40.7,457.18,0,0
929.86,0.6,193.84,736.03,3,0
657.8,0.2,92.54,565.26,1,0
874.07,0.8,82.92,791.15,4,0
521.35,0.0,86.86,434.49,0,0
728.14,0.6,75.32,652.82,3,0
1026.19,1.2,109.65,916.54,6,0
621.4,0.2,63.7,557.69,1,0
800.24,0.6,117.16,683.08,3,1
696.27,0.2,153.7,542.56,1,0
601.85,0.2,89.54,512.31,1,0
926.72,0.8,135.57,791.15,4,0
525.24,0.0,75.62,449.62,0,0
588.94,0.0,146.89,442.05,0,0
622.14,0.2,87.14,535.0,1,0
626.08,0.2,83.51,542.56,1,0
456.31,0.0,44.51,411.79,0,0
968.4,0.8,184.81,783.59,4,0
828.98,0.6,115.65,713.33,3,0
667.42,0.4,69.73,597.69,2,0
683.32,0.2,133.19,550.13,1,0
774.8,0.4,124.16,650.64,2,0
968.6,0.8,200.14,768.46,4,1
758.87,0.6,106.05,652.82,3,0
654.83,0.2,97.14,557.69,1,0
676.96,0.2,119.27,557.69,1,0
810.12,0.6,104.35,705.77,3,0
802.22,0.6,81.32,720.9,3,0
508.94,0.0,59.32,449.62,0,0
631.84,0.2,111.97,519.87,1,0
850.78,0.6,167.7,683.08,3,1
1328.13,1.8,215.95,1112.18,9,1
558.55,0.2,53.81,504.74,1,0
670.78,0.4,80.65,590.13,2,0
827.42,0.6,174.59,652.82,3,1
884.68,1.0,76.22,808.46,5,0
852.1,0.8,121.46,730.64,4,0
609.43,0.2,74.43,535.0,1,0
797.86,0.8,67.22,730.64,4,0
740.19,0.4,97.11,643.08,2,0
851.18,0.8,112.97,738.21,4,0
852.28,0.6,138.95,713.33,3,0
1024.07,1.0,177.78,846.28,5,0
858.87,0.6,137.97,720.9,3,0
1142.01,1.2,195.22,946.79,6,0
983.59,1.0,107.05,876.54,5,0
600.06,0.2,72.62,527.44,1,0
852.83,0.6,162.19,690.64,3,0
885.76,0.8,124.86,760.9,4,1
549.69,0.0,84.95,464.74,0,0
571.14,0.2,43.7,527.44,1,1
1063.96,1.2,124.73,939.23,6,0
559.85,0.0,87.54,472.31,0,0
747.36,0.4,126.97,620.38,2,0
758.47,0.6,105.65,652.82,3,0
980.87,0.8,159.46,821.41,4,0
1011.36,1.0,149.95,861.41,5,0
558.93,0.0,86.62,472.31,0,0
848.25,0.6,127.35,720.9,3,1
616.19,0.2,73.62,542.56,1,0
472.44,0.0,45.51,426.92,0,0
832.95,0.6,112.05,720.9,3,0
844.36,0.4,171.03,673.33,2,0
1309.54,1.6,191.97,1117.56,8,0
683.28,0.2,110.46,572.82,1,0
469.28,0.0,49.92,419.36,0,0
833.5,0.8,87.73,745.77,4,0
625.38,0.2,97.95,527.44,1,0
982.29,0.8,191.14,791.15,4,1
746.38,0.4,118.43,627.95,2,0
783.13,0.6,100.05,683.08,3,0
1162.34,1.0,270.68,891.67,5,1
794.88,0.6,104.24,690.64,3,1
830.17,0.6,116.84,713.33,3,0
741.47,0.4,128.65,612.82,2,0
623.49,0.2,96.05,527.44,1,0
707.93,0.4,87.54,620.38,2,0
594.51,0.2,59.51,535.0,1,0
638.98,0.0,159.11,479.87,0,0
756.63,0.6,111.38,645.26,3,0
820.77,0.6,122.57,698.21,3,0
856.94,0.6,166.3,690.64,3,1
706.32,0.2,171.32,535.0,1,0
762.36,0.4,157.11,605.26,2,0
738.98,0.6,71.03,667.95,3,1
727.01,0.4,121.76,605.26,2,1
662.04,0.0,189.73,472.31,0,0
662.82,0.4,50.0,612.82,2,0
691.96,0.4,79.14,612.82,2,0
837.16,0.6,154.08,683.08,3,0
906.33,0.8,137.86,768.46,4,0
768.08,0.6,100.14,667.95,3,0
505.73,0.0,71.24,434.49,0,0
559.54,0.2,85.05,474.49,1,0
724.49,0.4,96.54,627.95,2,0
705.54,0.2,170.54,535.0,1,0
659.63,0.4,99.76,559.87,2,0
759.47,0.6,106.65,652.82,3,0
744.2,0.4,131.38,612.82,2,0
885.94,0.8,102.35,783.59,4,0
578.83,0.0,121.65,457.18,0,0
756.16,0.6,88.22,667.95,3,0
518.38,0.0,76.32,442.05,0,0
616.35,0.4,48.92,567.44,2,0
758.76,0.8,50.81,707.95,4,0
478.33,0.0,51.41,426.92,0,0
804.32,0.4,168.81,635.51,2,0
796.47,0.4,191.22,605.26,2,1
751.96,0.4,146.7,605.26,2,1
828.72,0.6,138.08,690.64,3,0
457.9,0.0,46.11,411.79,0,0
733.21,0.4,90.14,643.08,2,0
998.52,1.0,144.68,853.85,5,0
593.17,0.0,120.86,472.31,0,0
633.83,0.2,83.7,550.13,1,0
699.11,0.4,78.73,620.38,2,0
1028.98,1.0,182.7,846.28,5,0
452.76,0.0,33.41,419.36,0,0
1184.87,1.4,190.51,994.36,7,1
728.75,0.6,38.11,690.64,3,0
594.92,0.2,59.92,535.0,1,0
676.45,0.2,118.76,557.69,1,0
523.24,0.0,88.76,434.49,0,0
622.15,0.4,69.84,552.31,2,0
526.56,0.2,44.51,482.05,1,0
718.74,0.2,153.49,565.26,1,0
480.7,0.0,46.22,434.49,0,0
828.75,0.6,145.68,683.08,3,1
541.4,0.0,99.35,442.05,0,0
531.79,0.0,104.86,426.92,0,0
924.2,1.0,130.86,793.33,5,0
664.39,0.2,99.14,565.26,1,0
472.36,0.0,53.0,419.36,0,0
585.28,0.2,65.41,519.87,1,0
906.62,0.8,138.16,768.46,4,0
794.23,0.6,96.03,698.21,3,1
685.79,0.4,65.41,620.38,2,0
1408.43,0.8,692.92,715.51,4,1
562.86,0.0,113.24,449.62,0,0
831.19,0.8,115.68,715.51,4,0
643.71,0.2,116.27,527.44,1,0
522.43,0.0,87.95,434.49,0,0
845.14,0.8,144.76,700.38,4,1
527.67,0.0,78.05,449.62,0,0
991.61,1.0,152.89,838.72,5,0
751.98,0.6,99.16,652.82,3,1
559.26,0.2,54.51,504.74,1,0
484.84,0.0,57.92,426.92,0,0
660.4,0.4,62.7,597.69,2,0
629.84,0.2,94.84,535.0,1,0
466.28,0.0,46.92,419.36,0,0
843.22,0.6,167.7,675.51,3,0
811.87,0.6,151.49,660.38,3,0
727.09,0.4,167.22,559.87,2,1
924.76,1.0,123.86,800.9,5,0
552.83,0.0,95.65,457.18,0,0
689.42,0.4,91.73,597.69,2,0
862.96,0.8,124.76,738.21,4,0
899.99,0.6,194.22,705.77,3,1
907.31,0.8,169.11,738.21,4,0
859.08,0.8,136.0,723.08,4,0
461.36,0.0,42.0,419.36,0,0
652.57,0.2,117.57,535.0,1,0
840.29,0.6,142.08,698.21,3,0
792.64,0.6,94.43,698.21,3,0
849.74,0.8,96.41,753.33,4,0
820.4,0.6,129.76,690.64,3,1
1082.57,1.0,213.59,868.97,5,1
720.61,0.4,115.35,605.26,2,0
869.76,0.8,108.86,760.9,4,0
790.27,0.6,114.76,675.51,3,0
671.54,0.2,128.97,542.56,1,0
