"Total_Cost","Ratio_Reloc_Prod","Horiz_Cost","Vert_Cost","nReloc","non_Optimal"
255999.3,0.444,65292.29,190706.89,666,223
558.08,0.0,55.51,502.56,0,0
649.58,0.2,84.32,565.26,1,0
651.26,0.2,101.14,550.13,1,0
881.65,0.6,160.76,720.9,3,1
562.09,0.0,97.35,464.74,0,1
787.83,0.6,104.76,683.08,3,1
957.28,1.0,103.43,853.85,5,1
622.88,0.2,57.62,565.26,1,1
772.24,0.6,96.73,675.51,3,1
1233.72,1.4,193.97,1039.74,7,1
487.72,0.0,38.11,449.62,0,0
724.5,0.4,111.68,612.82,2,1
785.2,0.4,164.81,620.38,2,1
864.24,0.6,120.65,743.59,3,1
1100.75,1.0,209.08,891.67,5,1
602.58,0.0,145.41,457.18,0,1
828.34,0.6,122.57,705.77,3,1
650.58,0.2,85.32,565.26,1,1
745.74,0.4,125.35,620.38,2,1
732.98,0.4,120.16,612.82,2,1
1072.74,1.0,218.89,853.85,5,1
756.25,0.4,135.86,620.38,2,1
740.1,0.4,97.03,643.08,2,1
655.59,0.2,105.46,550.13,1,1
769.42,0.4,118.78,650.64,2,1
843.04,0.6,137.27,705.77,3,1
751.54,0.4,108.46,643.08,2,0
747.47,0.2,167.08,580.38,1,0
666.5,0.2,101.24,565.26,1,1
563.39,0.0,98.65,464.74,0,0
653.91,0.2,88.65,565.26,1,0
652.18,0.2,86.92,565.26,1,1
1112.68,0.8,291.27,821.41,4,1
786.57,0.2,251.57,535.0,1,0
723.94,0.2,173.81,550.13,1,1
732.61,0.2,167.35,565.26,1,1
531.19,0.0,89.14,442.05,0,0
560.54,0.0,118.49,442.05,0,1
724.88,0.4,134.76,590.13,2,1
757.3,0.4,129.35,627.95,2,1
876.28,0.6,155.38,720.9,3,1
693.24,0.2,150.68,542.56,1,1
481.74,0.0,69.95,411.79,0,0
1442.75,1.0,619.16,823.59,5,1
752.8,0.2,202.68,550.13,1,0
1590.21,1.0,766.62,823.59,5,1
1119.06,0.8,290.08,828.97,4,1
775.36,0.2,210.11,565.26,1,0
584.39,0.0,112.08,472.31,0,1
1112.11,0.6,391.22,720.9,3,1
892.18,0.6,141.03,751.15,3,1
686.01,0.2,120.76,565.26,1,1
541.45,0.0,76.7,464.74,0,0
1066.72,0.8,268.0,798.72,4,1
690.2,0.2,124.95,565.26,1,1
932.82,0.8,126.54,806.28,4,1
880.04,0.6,166.7,713.33,3,1
781.3,0.6,113.35,667.95,3,1
1145.68,1.0,291.84,853.85,5,1
639.01,0.2,119.14,519.87,1,0
659.11,0.2,131.68,527.44,1,1
1187.44,1.0,341.16,846.28,5,1
1533.6,1.2,639.76,893.85,6,1
704.29,0.2,146.59,557.69,1,0
1224.87,1.0,355.89,868.97,5,1
1225.32,1.0,341.22,884.1,5,1
746.19,0.2,203.62,542.56,1,1
831.31,0.6,133.11,698.21,3,1
611.56,0.2,61.43,550.13,1,1
534.53,0.0,77.35,457.18,0,1
686.85,0.2,129.16,557.69,1,1
676.01,0.2,110.76,565.26,1,1
528.91,0.0,71.73,457.18,0,0
571.0,0.2,36.0,535.0,1,1
938.53,0.6,240.32,698.21,3,1
577.18,0.0,127.57,449.62,0,1
499.51,0.0,65.03,434.49,0,1
470.34,0.0,58.54,411.79,0,1
436.61,0.0,24.81,411.79,0,1
530.91,0.0,73.73,457.18,0,0
731.65,0.2,189.08,542.56,1,1
841.67,0.4,243.97,597.69,2,0
581.13,0.0,123.95,457.18,0,0
497.03,0.0,62.54,434.49,0,1
566.59,0.0,116.97,449.62,0,1
931.89,0.6,195.86,736.03,3,1
1031.23,0.6,325.46,705.77,3,1
1296.6,0.4,736.73,559.87,2,1
484.16,0.0,42.11,442.05,0,1
833.19,0.4,197.68,635.51,2,1
674.62,0.2,132.05,542.56,1,1
623.51,0.2,88.51,535.0,1,1
748.62,0.2,206.05,542.56,1,0
585.92,0.0,159.0,426.92,0,1
512.11,0.0,77.62,434.49,0,0
1819.15,1.2,932.86,886.28,6,1
1005.18,0.6,246.46,758.72,3,1
749.12,0.2,176.3,572.82,1,1
711.74,0.2,146.49,565.26,1,1
1010.42,0.8,204.14,806.28,4,1
783.51,0.4,132.86,650.64,2,0
769.09,0.4,148.7,620.38,2,0
784.02,0.4,193.89,590.13,2,1
885.86,0.4,242.78,643.08,2,1
735.05,0.4,152.49,582.56,2,0
708.25,0.2,195.95,512.31,1,1
983.85,0.8,177.57,806.28,4,1
516.83,0.0,67.22,449.62,0,0
758.99,0.2,208.86,550.13,1,1
665.64,0.0,208.46,457.18,0,0
737.26,0.2,187.14,550.13,1,1
829.84,0.4,201.89,627.95,2,1
909.83,0.6,219.19,690.64,3,1
938.52,0.8,185.19,753.33,4,1
935.27,0.6,191.68,743.59,3,1
1501.46,1.6,399.03,1102.44,8,1
722.87,0.2,150.05,572.82,1,0
960.4,0.4,362.7,597.69,2,1
667.05,0.2,132.05,535.0,1,0
747.09,0.2,227.22,519.87,1,1
809.55,0.2,244.3,565.26,1,0
899.1,0.6,200.89,698.21,3,1
584.51,0.2,49.51,535.0,1,1
537.89,0.0,95.84,442.05,0,1
587.18,0.2,82.43,504.74,1,1
708.07,0.2,150.38,557.69,1,0
986.61,1.0,208.41,778.21,5,1
873.31,0.4,199.97,673.33,2,1
995.51,0.6,251.92,743.59,3,0
660.38,0.2,125.38,535.0,1,1
908.23,0.4,295.41,612.82,2,1
1570.13,1.0,754.11,816.03,5,1
1219.32,0.8,503.81,715.51,4,1
607.16,0.0,112.16,495.0,0,0
579.42,0.0,114.68,464.74,0,0
682.01,0.2,116.76,565.26,1,1
1023.69,1.0,192.54,831.15,5,1
1070.31,0.8,316.97,753.33,4,1
735.35,0.2,200.35,535.0,1,1
434.5,0.0,22.7,411.79,0,1
476.18,0.0,71.95,404.23,0,1
856.55,0.4,190.78,665.77,2,1
1302.03,1.2,340.11,961.92,6,1
1028.23,0.2,523.49,504.74,1,1
537.18,0.0,72.43,464.74,0,1
629.77,0.2,64.51,565.26,1,0
815.99,0.2,250.73,565.26,1,1
887.6,0.6,166.7,720.9,3,1
753.89,0.2,218.89,535.0,1,0
885.12,0.6,186.92,698.21,3,1
1221.91,1.2,290.24,931.67,6,1
640.45,0.2,90.32,550.13,1,1
775.76,0.4,155.38,620.38,2,1
523.51,0.0,89.03,434.49,0,1
573.24,0.2,98.76,474.49,1,1
652.84,0.2,117.84,535.0,1,1
1534.79,0.8,826.84,707.95,4,1
1507.58,0.8,822.32,685.26,4,1
1052.85,0.6,415.16,637.69,3,1
592.77,0.0,120.46,472.31,0,0
733.51,0.4,143.38,590.13,2,1
1199.74,0.8,393.46,806.28,4,1
1106.19,1.0,237.22,868.97,5,1
1240.3,1.0,378.89,861.41,5,1
577.14,0.0,150.22,426.92,0,1
1611.09,0.8,865.32,745.77,4,1
1652.32,1.0,836.3,816.03,5,1
1046.29,0.8,255.14,791.15,4,1
1344.05,0.8,507.51,836.54,4,1
986.83,0.4,328.62,658.21,2,1
727.31,0.4,122.05,605.26,2,0
733.74,0.4,113.35,620.38,2,0
873.71,0.6,107.43,766.28,3,1
1112.73,1.0,236.19,876.54,5,1
566.37,0.0,101.62,464.74,0,0
485.41,0.0,50.92,434.49,0,1
815.53,0.4,217.84,597.69,2,1
743.55,0.2,223.68,519.87,1,1
757.44,0.4,137.05,620.38,2,1
542.48,0.0,100.43,442.05,0,0
800.01,0.6,147.19,652.82,3,1
612.51,0.2,77.51,535.0,1,0
717.91,0.4,74.84,643.08,2,1
644.56,0.2,102.0,542.56,1,0
605.92,0.2,70.92,535.0,1,1
717.48,0.4,119.78,597.69,2,1
1885.16,1.2,1036.7,848.46,6,1
615.64,0.0,150.89,464.74,0,1
1250.9,1.4,264.11,986.79,7,1
1374.91,0.8,591.32,783.59,4,1
1370.17,1.0,448.24,921.92,5,1
865.57,0.6,205.19,660.38,3,1
788.3,0.4,160.35,627.95,2,1
725.58,0.2,167.89,557.69,1,0
1497.95,1.2,588.97,908.97,6,1
649.94,0.2,92.24,557.69,1,1
704.14,0.2,176.7,527.44,1,0
1193.71,1.4,259.86,933.85,7,1
775.07,0.4,177.38,597.69,2,1
949.21,0.4,351.51,597.69,2,1
896.91,0.4,238.7,658.21,2,0
1340.51,0.6,665.0,675.51,3,1
688.09,0.2,115.27,572.82,1,0
693.99,0.4,88.73,605.26,2,0
578.81,0.2,96.76,482.05,1,1
741.93,0.6,81.54,660.38,3,1
440.61,0.0,28.81,411.79,0,1
653.68,0.2,126.24,527.44,1,0
1158.33,1.0,289.35,868.97,5,1
1059.7,0.8,276.11,783.59,4,1
808.89,0.4,226.32,582.56,2,1
482.49,0.0,48.0,434.49,0,0
501.55,0.0,89.76,411.79,0,1
931.07,0.4,272.86,658.21,2,1
635.55,0.2,115.68,519.87,1,1
1305.57,1.2,343.65,961.92,6,1
563.41,0.0,83.54,479.87,0,0
1245.24,1.0,376.27,868.97,5,1
1638.36,1.2,752.08,886.28,6,1
688.5,0.2,123.24,565.26,1,0
747.62,0.4,104.54,643.08,2,1
639.5,0.2,134.76,504.74,1,1
1330.54,0.8,615.03,715.51,4,1
1196.01,1.0,289.22,906.79,5,1
1154.7,1.0,285.73,868.97,5,1
1145.07,0.8,338.78,806.28,4,1
726.2,0.2,160.95,565.26,1,0
720.35,0.2,177.78,542.56,1,0
1319.71,1.6,292.92,1026.79,8,1
858.83,0.4,208.19,650.64,2,0
842.07,0.6,196.81,645.26,3,1
1832.8,1.2,954.08,878.72,6,1
848.76,0.4,167.86,680.9,2,0
1095.6,1.0,181.24,914.36,5,1
1401.71,1.2,439.78,961.92,6,1
816.38,0.4,180.86,635.51,2,1
770.43,0.4,127.35,643.08,2,1
923.28,0.6,202.38,720.9,3,1
774.84,0.6,114.46,660.38,3,1
775.0,0.6,107.05,667.95,3,1
694.44,0.4,134.57,559.87,2,0
779.38,0.4,143.86,635.51,2,1
570.77,0.0,98.46,472.31,0,1
688.19,0.2,145.62,542.56,1,1
911.26,0.8,112.54,798.72,4,1
1240.59,0.6,625.59,615.0,3,1
773.36,0.4,152.97,620.38,2,1
829.89,0.4,186.81,643.08,2,1
1003.6,0.8,189.76,813.85,4,1
1123.23,0.8,316.95,806.28,4,1
811.53,0.4,145.76,665.77,2,1
562.11,0.0,120.05,442.05,0,0
639.71,0.2,112.27,527.44,1,1
740.68,0.6,72.73,667.95,3,1
829.5,0.4,216.68,612.82,2,0
585.94,0.0,128.76,457.18,0,0
614.29,0.0,164.68,449.62,0,0
649.37,0.2,152.19,497.18,1,0
517.41,0.2,42.92,474.49,1,0
1760.61,1.2,874.32,886.28,6,1
1727.04,1.4,694.86,1032.18,7,1
671.74,0.2,91.35,580.38,1,1
805.73,0.4,170.22,635.51,2,1
835.55,0.6,122.22,713.33,3,0
584.41,0.0,104.54,479.87,0,1
743.47,0.2,178.22,565.26,1,0
528.33,0.0,93.84,434.49,0,0
522.6,0.2,48.11,474.49,1,1
986.79,0.8,233.46,753.33,4,1
777.41,0.4,149.46,627.95,2,0
1624.9,0.8,871.57,753.33,4,1
583.95,0.0,96.51,487.44,0,0
638.19,0.2,110.76,527.44,1,0
997.51,0.6,253.92,743.59,3,1
790.37,0.4,132.16,658.21,2,1
575.04,0.0,102.73,472.31,0,0
791.48,0.2,233.78,557.69,1,0
993.1,0.8,194.38,798.72,4,1
905.7,0.6,177.24,728.46,3,1
583.94,0.0,141.89,442.05,0,0
1293.79,0.6,633.41,660.38,3,1
1267.7,1.2,298.22,969.49,6,1
1111.73,1.0,235.19,876.54,5,1
907.23,0.4,241.46,665.77,2,1
1130.96,0.4,518.14,612.82,2,1
1667.79,1.0,866.89,800.9,5,1
889.65,0.4,254.14,635.51,2,0
802.58,0.2,229.76,572.82,1,0
650.17,0.2,137.86,512.31,1,0
739.0,0.4,95.92,643.08,2,1
702.44,0.4,89.62,612.82,2,1
664.69,0.2,99.43,565.26,1,0
846.59,0.6,171.08,675.51,3,0
1195.81,0.8,427.35,768.46,4,1
920.87,0.6,199.97,720.9,3,1
757.6,0.4,129.65,627.95,2,1
756.53,0.2,198.84,557.69,1,1
828.76,0.6,168.38,660.38,3,1
1179.42,1.0,333.14,846.28,5,1
764.74,0.2,191.92,572.82,1,1
