"Total_Cost","Ratio_Reloc_Prod","Horiz_Cost","Vert_Cost","nReloc","non_Optimal"
286261.38,0.816,69497.8,216763.52,1224,225
499.57,0.0,72.65,426.92,0,0
662.79,0.6,62.92,599.87,3,0
742.92,0.6,120.35,622.56,3,1
540.46,0.2,73.54,466.92,1,0
656.69,0.4,111.95,544.74,2,1
797.98,0.6,145.16,652.82,3,0
573.41,0.2,106.49,466.92,1,1
623.82,0.2,172.03,451.79,1,1
573.66,0.0,154.3,419.36,0,0
791.26,0.6,153.57,637.69,3,1
811.23,0.8,133.54,677.69,4,0
861.2,0.8,168.38,692.82,4,1
563.55,0.2,58.81,504.74,1,0
585.13,0.2,103.08,482.05,1,1
1301.65,0.8,586.14,715.51,4,1
989.15,1.0,203.38,785.77,5,1
1050.14,1.2,216.81,833.33,6,1
586.17,0.2,134.38,451.79,1,0
600.46,0.2,125.97,474.49,1,0
1648.04,1.0,801.76,846.28,5,1
511.43,0.0,76.95,434.49,0,0
674.69,0.4,122.38,552.31,2,1
781.15,0.6,196.41,584.74,3,0
1530.17,1.2,628.76,901.41,6,1
1107.51,1.0,336.86,770.64,5,1
1109.91,1.4,191.19,918.72,7,1
967.74,1.0,227.35,740.38,5,1
877.93,0.8,132.16,745.77,4,0
490.56,0.0,86.32,404.23,0,0
810.61,0.6,172.92,637.69,3,1
509.85,0.0,98.05,411.79,0,0
1355.33,1.8,265.84,1089.49,9,1
1527.23,1.6,515.57,1011.67,8,1
870.93,0.8,185.68,685.26,4,1
905.65,0.8,197.7,707.95,4,1
676.83,0.4,139.65,537.18,2,0
747.8,0.6,102.54,645.26,3,1
833.62,0.8,125.68,707.95,4,1
809.9,0.6,149.51,660.38,3,1
625.3,0.4,65.43,559.87,2,0
1031.58,1.2,152.86,878.72,6,1
786.77,0.6,149.08,637.69,3,0
572.29,0.2,90.24,482.05,1,0
664.9,0.4,105.03,559.87,2,1
1265.39,1.6,238.59,1026.79,8,1
482.49,0.0,63.14,419.36,0,0
753.64,0.6,115.95,637.69,3,1
1228.77,1.6,201.97,1026.79,8,1
511.14,0.0,76.65,434.49,0,0
842.76,0.6,242.89,599.87,3,1
779.97,0.6,164.97,615.0,3,1
793.57,0.8,85.62,707.95,4,1
969.44,1.0,183.68,785.77,5,1
887.02,0.8,156.38,730.64,4,1
935.42,1.0,149.65,785.77,5,1
826.79,0.8,133.97,692.82,4,1
1944.14,1.4,934.65,1009.49,7,1
463.85,0.0,59.62,404.23,0,0
481.16,0.0,92.05,389.1,0,0
1840.28,1.6,760.54,1079.74,8,1
466.17,0.0,46.81,419.36,0,0
1120.13,1.4,208.97,911.15,7,1
924.36,1.0,123.46,800.9,5,1
1555.64,2.0,350.51,1205.13,10,1
647.72,0.4,110.54,537.18,2,0
906.94,0.8,229.24,677.69,4,1
809.05,0.6,178.92,630.13,3,1
1573.61,1.6,546.81,1026.79,8,1
905.03,1.0,149.51,755.51,5,1
452.71,0.0,40.92,411.79,0,0
631.35,0.4,63.92,567.44,2,1
467.21,0.0,70.54,396.67,0,0
533.46,0.2,51.41,482.05,1,0
1852.5,1.4,812.76,1039.74,7,1
899.51,1.0,128.86,770.64,5,1
753.43,0.4,170.86,582.56,2,1
734.9,0.6,127.46,607.44,3,1
982.29,1.2,111.14,871.15,6,1
544.95,0.0,110.46,434.49,0,0
1309.85,1.6,275.49,1034.36,8,1
1093.78,1.2,237.76,856.03,6,1
582.11,0.2,100.05,482.05,1,0
931.34,1.0,153.14,778.21,5,1
977.68,1.0,176.78,800.9,5,1
1176.5,1.4,189.7,986.79,7,1
1021.92,1.2,173.46,848.46,6,1
1178.59,1.4,267.43,911.15,7,1
669.15,0.2,217.35,451.79,1,1
857.39,0.8,164.57,692.82,4,1
564.71,0.0,152.92,411.79,0,0
594.91,0.2,97.73,497.18,1,0
950.6,1.0,142.14,808.46,5,1
753.93,0.6,154.05,599.87,3,1
1457.48,1.8,352.86,1104.62,9,1
1126.86,1.2,263.27,863.59,6,1
848.25,0.8,147.86,700.38,4,1
1248.13,1.6,244.03,1004.1,8,1
1067.51,1.0,296.86,770.64,5,1
577.53,0.2,87.92,489.62,1,1
662.01,0.4,102.14,559.87,2,1
1017.86,1.0,194.27,823.59,5,1
1559.56,0.8,775.97,783.59,4,1
1064.87,1.2,223.97,840.9,6,1
1305.95,1.8,155.95,1150.0,9,1
745.85,0.6,108.16,637.69,3,0
483.42,0.0,71.62,411.79,0,0
1205.74,1.6,178.95,1026.79,8,1
517.78,0.0,75.73,442.05,0,0
760.79,0.6,92.84,667.95,3,1
894.55,0.8,148.78,745.77,4,1
2217.64,2.0,952.0,1265.64,10,1
829.43,0.6,199.3,630.13,3,1
876.4,0.8,160.89,715.51,4,1
1086.23,1.2,215.08,871.15,6,1
841.82,0.6,241.95,599.87,3,1
756.24,0.6,133.68,622.56,3,1
588.27,0.2,121.35,466.92,1,0
722.75,0.6,92.62,630.13,3,1
978.84,1.2,122.81,856.03,6,1
602.97,0.2,113.35,489.62,1,0
794.32,0.6,171.76,622.56,3,0
826.11,0.8,125.73,700.38,4,1
758.88,0.6,128.76,630.13,3,1
1358.93,1.8,239.19,1119.74,9,1
919.24,0.8,203.73,715.51,4,1
1586.24,0.8,855.59,730.64,4,1
977.15,1.0,191.38,785.77,5,1
760.19,0.6,152.76,607.44,3,1
778.81,0.6,110.86,667.95,3,1
1260.36,1.4,318.95,941.41,7,1
841.48,0.6,218.92,622.56,3,0
734.61,0.6,96.92,637.69,3,1
984.36,0.8,291.54,692.82,4,1
1179.56,1.4,268.41,911.15,7,1
1109.11,1.4,213.08,896.03,7,1
1116.79,1.4,175.38,941.41,7,1
480.88,0.0,84.22,396.67,0,0
856.42,0.8,110.65,745.77,4,1
1038.14,1.2,189.68,848.46,6,1
923.45,1.0,145.24,778.21,5,1
643.07,0.4,113.46,529.62,2,0
746.14,0.6,93.32,652.82,3,0
776.39,0.6,123.57,652.82,3,1
1121.98,1.4,188.14,933.85,7,1
1084.65,1.0,276.19,808.46,5,1
866.49,0.8,158.54,707.95,4,0
686.25,0.4,126.38,559.87,2,0
986.12,1.2,160.35,825.77,6,1
862.39,0.8,169.57,692.82,4,1
872.05,0.8,156.54,715.51,4,1
1207.43,1.4,243.32,964.1,7,1
804.2,0.6,158.95,645.26,3,1
1397.55,1.8,270.24,1127.31,9,1
687.01,0.4,142.27,544.74,2,1
916.6,1.0,123.27,793.33,5,1
638.68,0.4,71.24,567.44,2,1
587.51,0.2,105.46,482.05,1,0
1201.99,1.4,222.76,979.23,7,1
827.2,0.6,166.81,660.38,3,1
1172.78,1.6,176.24,996.54,8,1
978.4,1.0,207.76,770.64,5,1
870.78,0.8,155.27,715.51,4,1
559.27,0.2,92.35,466.92,1,0
797.16,0.6,174.59,622.56,3,0
902.79,0.8,202.41,700.38,4,0
1131.25,1.4,242.78,888.46,7,1
814.85,0.8,122.03,692.82,4,1
940.92,1.0,132.46,808.46,5,1
508.77,0.0,104.54,404.23,0,0
2090.07,1.6,964.95,1125.13,8,1
500.16,0.0,111.05,389.1,0,0
1028.11,0.8,312.59,715.51,4,1
1426.0,1.4,484.59,941.41,7,1
1548.27,1.0,724.68,823.59,5,1
1356.64,1.2,477.92,878.72,6,1
657.14,0.4,89.7,567.44,2,0
725.46,0.6,57.51,667.95,3,1
699.42,0.4,101.73,597.69,2,1
951.04,1.0,165.27,785.77,5,1
1461.89,1.0,706.38,755.51,5,1
841.19,0.8,133.24,707.95,4,1
752.64,0.6,114.95,637.69,3,0
790.61,0.6,145.35,645.26,3,1
946.88,1.0,168.68,778.21,5,1
1214.91,1.4,235.68,979.23,7,1
873.11,0.8,165.16,707.95,4,1
599.97,0.2,125.49,474.49,1,0
852.1,0.8,121.46,730.64,4,1
524.22,0.0,104.86,419.36,0,1
2047.68,1.6,884.73,1162.95,8,1
715.79,0.6,108.35,607.44,3,1
688.12,0.4,128.24,559.87,2,1
1965.48,1.4,993.81,971.67,7,1
772.06,0.6,119.24,652.82,3,1
637.75,0.4,108.14,529.62,2,0
893.64,0.8,170.57,723.08,4,1
2396.5,1.8,1155.73,1240.77,9,1
931.31,1.0,137.97,793.33,5,1
776.86,0.4,186.73,590.13,2,1
1204.24,1.4,255.27,948.97,7,1
886.55,0.8,201.3,685.26,4,1
1057.42,1.2,186.27,871.15,6,1
814.19,0.6,191.62,622.56,3,1
637.98,0.2,178.62,459.36,1,1
1121.94,1.2,197.84,924.1,6,1
773.85,0.6,136.16,637.69,3,1
1774.22,2.2,544.22,1230.0,11,1
755.74,0.6,95.35,660.38,3,1
868.21,0.6,238.08,630.13,3,1
1263.72,1.4,292.05,971.67,7,1
912.46,0.6,297.46,615.0,3,1
1211.65,1.4,270.24,941.41,7,1
458.94,0.0,69.84,389.1,0,0
501.49,0.0,82.14,419.36,0,0
974.8,1.0,196.59,778.21,5,1
1072.57,1.2,163.59,908.97,6,1
1174.47,0.8,421.14,753.33,4,1
818.05,0.6,195.49,622.56,3,1
606.45,0.2,116.84,489.62,1,0
1810.53,1.2,871.3,939.23,6,1
867.1,0.8,196.97,670.13,4,1
1443.58,1.0,604.86,838.72,5,1
469.64,0.0,80.54,389.1,0,0
643.4,0.4,121.35,522.05,2,0
1220.07,1.4,293.78,926.28,7,1
523.43,0.2,33.81,489.62,1,1
897.72,0.8,227.59,670.13,4,1
742.87,0.6,90.05,652.82,3,0
974.39,1.0,181.05,793.33,5,1
917.16,1.0,101.14,816.03,5,1
943.23,1.0,157.46,785.77,5,1
1252.58,1.4,273.35,979.23,7,1
650.65,0.4,83.22,567.44,2,0
1051.49,1.2,195.46,856.03,6,1
1099.26,1.2,220.54,878.72,6,1
1098.83,1.2,235.24,863.59,6,1
829.8,0.8,99.16,730.64,4,1
1951.96,1.2,1020.3,931.67,6,1
664.53,0.4,127.35,537.18,2,1
833.57,0.8,118.05,715.51,4,1
1785.95,1.2,884.54,901.41,6,1
718.75,0.6,88.62,630.13,3,1
1381.95,1.8,300.03,1081.92,9,1
1648.66,2.2,388.41,1260.26,11,1
1390.09,1.4,403.3,986.79,7,1
1247.8,0.8,509.59,738.21,4,1
671.04,0.4,133.86,537.18,2,0
1057.79,1.0,264.46,793.33,5,1
1397.91,2.0,177.65,1220.26,10,1
568.35,0.2,78.73,489.62,1,0
1229.5,1.2,403.73,825.77,6,1
709.29,0.4,187.24,522.05,2,1
1728.41,1.0,874.57,853.85,5,1
684.73,0.4,109.73,575.0,2,0
1035.91,1.2,164.76,871.15,6,1
742.41,0.4,167.41,575.0,2,1
671.18,0.4,141.57,529.62,2,1
848.98,0.8,156.16,692.82,4,1
1417.69,2.0,257.95,1159.74,10,1
810.64,0.6,127.57,683.08,3,0
922.35,1.0,159.27,763.08,5,1
733.7,0.6,111.14,622.56,3,1
931.77,1.0,153.57,778.21,5,1
674.19,0.4,91.62,582.56,2,1
494.33,0.0,59.84,434.49,0,0
1003.03,1.2,147.0,856.03,6,1
622.8,0.4,85.62,537.18,2,0
1026.77,1.2,148.05,878.72,6,1
1236.92,1.6,179.86,1057.05,8,1
566.27,0.2,99.35,466.92,1,0
907.38,0.8,199.43,707.95,4,1
895.44,0.8,202.62,692.82,4,0
860.39,0.8,175.14,685.26,4,0
487.47,0.0,68.11,419.36,0,0
975.56,1.0,204.92,770.64,5,1
1482.09,0.8,736.32,745.77,4,1
2130.72,1.8,1026.11,1104.62,9,1
1448.95,1.4,499.97,948.97,7,1
1445.35,1.6,441.24,1004.1,8,1
557.71,0.2,98.35,459.36,1,0
860.67,0.8,145.16,715.51,4,1
907.34,1.0,129.14,778.21,5,1
740.52,0.4,188.22,552.31,2,0
986.37,0.8,263.3,723.08,4,1
492.56,0.0,103.46,389.1,0,0
1781.87,1.2,812.38,969.49,6,1
539.3,0.2,64.81,474.49,1,0
1094.71,1.4,107.92,986.79,7,1
854.57,0.8,139.05,715.51,4,1
991.22,1.2,142.76,848.46,6,1
1098.98,1.2,212.7,886.28,6,1
1206.72,1.2,388.51,818.21,6,1
839.11,0.6,224.11,615.0,3,1
1986.83,1.2,1047.59,939.23,6,1
688.61,0.4,151.43,537.18,2,0
1453.57,1.4,512.16,941.41,7,1
763.06,0.6,110.24,652.82,3,1
2334.39,1.8,1093.62,1240.77,9,1
1489.98,0.8,729.08,760.9,4,1
972.39,1.0,194.19,778.21,5,1
