"Total_Cost","Ratio_Reloc_Prod","Horiz_Cost","Vert_Cost","nReloc","non_Optimal"
253799.07,0.3873,63421.19,190378.04,581,203
795.19,0.4,159.68,635.51,2,1
699.31,0.2,134.05,565.26,1,0
1147.58,0.6,388.86,758.72,3,1
764.64,0.4,121.57,643.08,2,0
991.53,1.0,107.43,884.1,5,1
932.83,0.8,141.68,791.15,4,1
679.66,0.4,74.41,605.26,2,1
1228.4,1.2,236.22,992.18,6,1
998.26,0.6,247.11,751.15,3,1
715.97,0.4,140.97,575.0,2,1
877.79,0.8,124.46,753.33,4,1
649.31,0.2,91.62,557.69,1,0
1556.87,1.0,763.54,793.33,5,1
780.09,0.4,159.7,620.38,2,1
515.66,0.0,50.92,464.74,0,1
1007.6,0.8,186.19,821.41,4,1
886.97,0.6,196.32,690.64,3,1
657.61,0.2,92.35,565.26,1,1
888.57,0.6,220.62,667.95,3,1
793.79,0.4,120.46,673.33,2,1
548.77,0.0,84.03,464.74,0,1
866.98,0.4,239.03,627.95,2,1
649.42,0.2,91.73,557.69,1,0
632.51,0.2,89.95,542.56,1,0
1012.98,0.6,292.08,720.9,3,0
895.53,0.6,144.38,751.15,3,0
863.94,0.6,120.35,743.59,3,1
1790.38,1.4,848.97,941.41,7,1
1083.3,0.8,261.89,821.41,4,0
1595.23,0.8,909.97,685.26,4,1
1258.04,0.6,552.27,705.77,3,1
718.89,0.2,130.95,587.95,1,0
997.03,0.4,429.59,567.44,2,1
1004.42,0.8,205.7,798.72,4,0
645.29,0.2,95.16,550.13,1,1
1053.61,0.6,302.46,751.15,3,0
566.59,0.0,116.97,449.62,0,1
1486.43,0.4,896.3,590.13,2,1
875.48,0.4,217.27,658.21,2,0
821.98,0.4,194.03,627.95,2,0
962.75,1.0,86.22,876.54,5,1
661.07,0.2,110.95,550.13,1,0
1583.97,1.0,820.89,763.08,5,1
827.14,0.6,106.24,720.9,3,1
745.3,0.2,164.92,580.38,1,1
1093.67,1.0,202.0,891.67,5,1
1275.0,1.0,406.03,868.97,5,1
778.08,0.2,190.14,587.95,1,1
669.5,0.2,104.24,565.26,1,0
738.12,0.2,180.43,557.69,1,0
828.4,0.6,137.76,690.64,3,1
541.28,0.0,76.54,464.74,0,1
783.02,0.4,139.95,643.08,2,1
656.28,0.2,91.03,565.26,1,1
1171.69,0.6,534.0,637.69,3,1
902.4,0.4,259.32,643.08,2,1
623.96,0.2,58.7,565.26,1,1
799.82,0.4,134.05,665.77,2,1
1308.32,1.0,416.65,891.67,5,1
1001.14,0.6,287.81,713.33,3,1
521.1,0.0,63.92,457.18,0,1
840.02,0.6,96.43,743.59,3,1
1612.41,1.4,542.41,1070.0,7,1
856.84,0.2,268.89,587.95,1,1
752.01,0.2,171.62,580.38,1,1
957.39,0.6,191.11,766.28,3,0
709.14,0.4,96.32,612.82,2,1
770.62,0.4,142.68,627.95,2,0
694.85,0.2,129.59,565.26,1,1
960.66,0.4,294.89,665.77,2,1
871.18,0.6,180.54,690.64,3,1
571.72,0.0,106.97,464.74,0,1
1416.14,1.0,554.73,861.41,5,1
891.65,0.6,163.19,728.46,3,1
1071.24,0.8,234.7,836.54,4,0
1204.94,0.8,353.27,851.67,4,1
1102.8,0.6,344.08,758.72,3,1
618.33,0.2,98.46,519.87,1,0
810.63,0.4,144.86,665.77,2,1
1329.04,0.8,575.7,753.33,4,1
713.49,0.2,125.54,587.95,1,0
827.96,0.2,262.7,565.26,1,0
585.5,0.0,113.19,472.31,0,0
906.97,0.6,163.38,743.59,3,1
964.05,0.6,273.41,690.64,3,1
1453.52,1.0,645.05,808.46,5,1
840.22,0.4,151.76,688.46,2,0
558.2,0.0,93.46,464.74,0,1
858.01,0.6,144.68,713.33,3,1
594.53,0.0,144.92,449.62,0,0
892.97,0.6,149.38,743.59,3,1
612.76,0.0,132.89,479.87,0,0
650.61,0.2,85.35,565.26,1,1
798.16,0.4,155.08,643.08,2,1
980.44,0.4,314.68,665.77,2,1
529.98,0.0,50.11,479.87,0,1
701.42,0.2,136.16,565.26,1,1
1000.2,0.6,241.49,758.72,3,1
676.58,0.2,111.32,565.26,1,1
623.06,0.2,95.62,527.44,1,0
1249.3,0.6,581.35,667.95,3,1
665.93,0.2,85.54,580.38,1,1
1163.95,0.8,410.62,753.33,4,1
605.86,0.0,110.86,495.0,0,1
819.72,0.6,76.14,743.59,3,1
616.64,0.0,167.03,449.62,0,1
775.31,0.4,109.54,665.77,2,0
672.34,0.2,114.65,557.69,1,0
633.59,0.2,91.03,542.56,1,0
772.73,0.4,129.65,643.08,2,0
794.93,0.4,129.16,665.77,2,1
812.46,0.4,169.38,643.08,2,1
1169.28,0.6,403.0,766.28,3,0
775.12,0.4,109.35,665.77,2,0
652.61,0.2,94.92,557.69,1,0
606.7,0.2,64.14,542.56,1,1
1070.96,1.0,164.16,906.79,5,1
711.09,0.2,138.27,572.82,1,1
781.24,0.4,138.16,643.08,2,1
712.03,0.2,131.65,580.38,1,0
726.36,0.2,161.11,565.26,1,0
769.45,0.4,111.24,658.21,2,1
691.42,0.2,126.16,565.26,1,1
538.26,0.0,73.51,464.74,0,0
1311.36,0.8,550.46,760.9,4,1
778.11,0.2,197.73,580.38,1,1
553.01,0.0,88.27,464.74,0,0
714.96,0.2,149.7,565.26,1,0
781.54,0.4,138.46,643.08,2,1
687.53,0.2,122.27,565.26,1,0
659.91,0.2,102.22,557.69,1,0
898.74,0.4,285.92,612.82,2,1
737.72,0.4,79.51,658.21,2,1
764.5,0.4,98.73,665.77,2,1
628.88,0.2,63.62,565.26,1,1
560.39,0.0,95.65,464.74,0,1
1054.79,0.8,240.95,813.85,4,1
670.09,0.2,104.84,565.26,1,0
937.71,0.6,163.86,773.85,3,0
674.63,0.2,109.38,565.26,1,0
693.72,0.2,128.46,565.26,1,0
702.12,0.2,136.86,565.26,1,1
573.39,0.0,108.65,464.74,0,0
575.8,0.0,111.05,464.74,0,1
840.42,0.4,227.59,612.82,2,1
709.61,0.2,144.35,565.26,1,1
682.42,0.2,117.16,565.26,1,0
814.67,0.4,171.59,643.08,2,0
878.05,0.4,227.41,650.64,2,1
829.55,0.2,256.73,572.82,1,0
669.42,0.2,104.16,565.26,1,0
745.15,0.2,179.89,565.26,1,0
441.2,0.0,29.41,411.79,0,1
710.88,0.2,153.19,557.69,1,1
954.52,0.4,326.57,627.95,2,1
889.28,0.4,223.51,665.77,2,0
617.77,0.0,153.03,464.74,0,0
1092.24,0.6,348.65,743.59,3,1
1156.67,0.4,566.54,590.13,2,1
709.06,0.2,128.68,580.38,1,0
542.96,0.0,78.22,464.74,0,0
723.74,0.2,158.49,565.26,1,1
749.66,0.2,184.41,565.26,1,1
1012.14,0.6,291.24,720.9,3,1
1676.36,1.0,875.46,800.9,5,1
1060.88,0.8,262.16,798.72,4,1
946.42,0.4,288.22,658.21,2,1
1335.39,0.6,682.57,652.82,3,1
1541.11,1.0,619.19,921.92,5,1
1355.28,0.8,609.51,745.77,4,1
1320.17,1.0,405.81,914.36,5,1
1207.12,0.8,347.89,859.23,4,1
971.88,0.4,306.11,665.77,2,1
1012.63,0.6,291.73,720.9,3,1
745.02,0.4,101.95,643.08,2,1
794.34,0.4,128.57,665.77,2,0
1151.28,0.8,345.0,806.28,4,1
697.94,0.2,147.81,550.13,1,1
640.88,0.2,75.62,565.26,1,0
1287.67,0.6,657.54,630.13,3,1
1269.85,0.8,592.16,677.69,4,1
1015.38,0.6,279.35,736.03,3,1
993.98,0.6,227.7,766.28,3,1
932.31,0.2,427.57,504.74,1,1
709.31,0.2,136.49,572.82,1,1
703.25,0.2,122.86,580.38,1,1
668.22,0.2,87.84,580.38,1,1
623.36,0.2,58.11,565.26,1,1
1015.92,0.2,480.92,535.0,1,1
665.87,0.2,93.05,572.82,1,0
521.55,0.0,56.81,464.74,0,0
1002.88,1.0,111.22,891.67,5,1
624.59,0.2,82.03,542.56,1,0
696.15,0.2,130.89,565.26,1,0
786.57,0.6,111.05,675.51,3,1
866.79,0.6,153.46,713.33,3,1
844.36,0.2,279.11,565.26,1,1
594.93,0.0,130.19,464.74,0,0
677.69,0.2,112.43,565.26,1,1
711.42,0.2,146.16,565.26,1,0
683.34,0.2,118.08,565.26,1,0
893.01,0.6,179.68,713.33,3,1
570.96,0.0,106.22,464.74,0,0
704.09,0.2,138.84,565.26,1,1
610.95,0.2,83.51,527.44,1,1
749.13,0.4,106.05,643.08,2,1
538.18,0.0,73.43,464.74,0,0
826.34,0.4,160.57,665.77,2,1
539.5,0.0,74.76,464.74,0,1
868.47,0.4,202.7,665.77,2,0
932.68,0.6,204.22,728.46,3,0
1060.39,0.6,347.05,713.33,3,1
668.88,0.2,118.76,550.13,1,0
693.53,0.2,128.27,565.26,1,0
811.37,0.4,153.16,658.21,2,1
1147.67,0.4,512.16,635.51,2,1
582.14,0.0,102.27,479.87,0,1
692.34,0.2,127.08,565.26,1,1
1183.54,0.2,648.54,535.0,1,1
829.23,0.4,155.89,673.33,2,1
824.96,0.4,159.19,665.77,2,1
703.26,0.2,138.0,565.26,1,0
1207.71,0.6,486.81,720.9,3,1
638.88,0.2,73.62,565.26,1,1
927.09,0.4,261.32,665.77,2,1
1039.99,0.2,542.81,497.18,1,1
855.93,0.4,182.59,673.33,2,1
534.85,0.0,70.11,464.74,0,0
726.93,0.2,161.68,565.26,1,1
532.28,0.0,67.54,464.74,0,0
919.55,0.6,206.22,713.33,3,1
849.75,0.4,206.68,643.08,2,1
1013.48,0.8,169.38,844.1,4,1
664.58,0.2,99.32,565.26,1,0
1029.26,0.4,363.49,665.77,2,0
643.28,0.2,78.03,565.26,1,1
918.28,0.6,204.95,713.33,3,1
1347.82,0.4,727.43,620.38,2,1
1107.38,0.8,278.41,828.97,4,1
748.88,0.2,183.62,565.26,1,0
1024.09,0.8,217.81,806.28,4,1
850.88,0.4,185.11,665.77,2,1
681.91,0.2,116.65,565.26,1,0
772.14,0.4,144.19,627.95,2,1
523.28,0.0,58.54,464.74,0,1
629.88,0.2,64.62,565.26,1,1
653.58,0.2,88.32,565.26,1,1
829.29,0.4,171.08,658.21,2,0
659.04,0.2,86.22,572.82,1,1
783.14,0.4,155.19,627.95,2,1
587.12,0.0,122.38,464.74,0,0
960.28,0.6,194.0,766.28,3,0
967.64,0.6,269.43,698.21,3,0
652.58,0.0,187.84,464.74,0,0
899.72,0.4,233.95,665.77,2,0
940.69,0.4,274.92,665.77,2,1
1050.43,0.6,314.41,736.03,3,1
731.01,0.2,158.19,572.82,1,0
1045.22,0.8,231.38,813.85,4,1
792.99,0.4,127.22,665.77,2,0
1479.38,0.8,703.35,776.03,4,1
595.95,0.0,100.95,495.0,0,0
939.59,0.6,196.0,743.59,3,1
696.85,0.2,131.59,565.26,1,1
636.36,0.2,71.11,565.26,1,0
1362.26,0.6,656.49,705.77,3,1
694.95,0.2,114.57,580.38,1,0
589.9,0.0,117.59,472.31,0,0
699.45,0.2,134.19,565.26,1,1
613.14,0.0,133.27,479.87,0,0
1050.35,0.2,522.92,527.44,1,1
767.25,0.2,179.3,587.95,1,1
939.3,0.6,210.84,728.46,3,1
821.47,0.6,108.14,713.33,3,1
639.88,0.2,74.62,565.26,1,1
936.23,0.4,270.46,665.77,2,1
683.52,0.2,103.14,580.38,1,1
860.88,0.4,195.11,665.77,2,1
632.77,0.2,67.51,565.26,1,1
560.39,0.0,95.65,464.74,0,0
778.5,0.4,112.73,665.77,2,1
923.26,0.4,265.05,658.21,2,1
1290.6,1.0,376.24,914.36,5,1
1043.47,0.4,423.08,620.38,2,1
989.58,0.6,230.86,758.72,3,1
626.28,0.2,61.03,565.26,1,1
745.65,0.2,165.27,580.38,1,0
996.74,0.4,330.97,665.77,2,1
996.06,0.8,182.22,813.85,4,1
990.27,0.6,246.68,743.59,3,1
546.85,0.0,82.11,464.74,0,0
771.03,0.4,143.08,627.95,2,0
823.88,0.4,158.11,665.77,2,1
953.39,0.6,240.05,713.33,3,1
811.44,0.4,145.68,665.77,2,1
522.47,0.0,57.73,464.74,0,0
576.12,0.0,111.38,464.74,0,1
659.58,0.2,94.32,565.26,1,0
738.77,0.4,73.0,665.77,2,0
559.45,0.0,94.7,464.74,0,1
