"Total_Cost","Ratio_Reloc_Prod","Horiz_Cost","Vert_Cost","nReloc","non_Optimal"
252317.78,0.4853,57981.08,194336.62,728,221
683.24,0.2,87.73,595.51,1,0
960.76,0.8,139.35,821.41,4,1
529.98,0.0,50.11,479.87,0,0
866.95,0.4,193.62,673.33,2,1
1035.47,1.0,136.24,899.23,5,1
620.46,0.0,125.46,495.0,0,0
1671.36,1.4,729.95,941.41,7,1
570.61,0.0,105.86,464.74,0,0
550.18,0.0,85.43,464.74,0,1
677.74,0.4,64.92,612.82,2,0
714.77,0.2,157.08,557.69,1,1
2177.11,1.4,1288.65,888.46,7,1
862.17,0.4,181.27,680.9,2,0
699.19,0.4,56.11,643.08,2,1
1244.9,0.6,584.51,660.38,3,1
546.29,0.0,89.11,457.18,0,0
520.85,0.0,56.11,464.74,0,0
645.81,0.2,103.24,542.56,1,1
935.91,0.8,144.76,791.15,4,1
944.83,0.8,153.68,791.15,4,1
1161.2,1.0,261.97,899.23,5,1
1398.07,0.6,767.95,630.13,3,1
1063.72,1.0,164.49,899.23,5,1
845.51,0.6,170.0,675.51,3,1
533.07,0.0,68.32,464.74,0,0
1031.28,0.4,426.03,605.26,2,1
620.52,0.2,100.65,519.87,1,1
636.62,0.2,94.05,542.56,1,0
1268.53,0.8,530.32,738.21,4,1
538.93,0.0,66.62,472.31,0,0
511.99,0.0,54.81,457.18,0,0
622.1,0.0,164.92,457.18,0,1
557.96,0.0,93.22,464.74,0,0
893.6,0.8,125.14,768.46,4,1
526.05,0.0,84.0,442.05,0,0
1024.4,0.8,233.24,791.15,4,1
958.3,0.8,197.41,760.9,4,1
1019.16,1.0,150.19,868.97,5,1
892.33,0.6,163.86,728.46,3,0
783.77,0.4,125.57,658.21,2,1
645.88,0.2,80.62,565.26,1,1
825.21,0.4,174.57,650.64,2,1
678.94,0.4,88.81,590.13,2,1
600.78,0.2,58.22,542.56,1,0
703.47,0.6,58.22,645.26,3,1
835.64,0.6,145.0,690.64,3,1
1263.21,1.4,238.59,1024.62,7,1
795.98,0.4,122.65,673.33,2,1
526.48,0.0,84.43,442.05,0,0
735.58,0.6,90.32,645.26,3,1
833.06,0.6,165.11,667.95,3,1
1063.75,1.2,192.59,871.15,6,1
917.91,0.8,126.76,791.15,4,1
663.26,0.2,105.57,557.69,1,1
801.14,0.4,173.19,627.95,2,1
634.34,0.4,44.22,590.13,2,1
863.58,0.8,110.24,753.33,4,1
741.42,0.4,136.16,605.26,2,1
495.41,0.0,60.92,434.49,0,1
591.11,0.2,56.11,535.0,1,0
691.18,0.2,133.49,557.69,1,1
695.82,0.2,130.57,565.26,1,0
520.42,0.0,63.24,457.18,0,0
851.6,0.6,191.22,660.38,3,1
1000.8,1.0,162.08,838.72,5,1
657.8,0.2,100.11,557.69,1,1
652.67,0.2,102.54,550.13,1,1
1040.08,0.8,264.05,776.03,4,1
1364.54,1.4,415.57,948.97,7,1
707.96,0.4,95.14,612.82,2,0
714.8,0.4,109.54,605.26,2,1
778.0,0.6,110.05,667.95,3,1
818.24,0.6,135.16,683.08,3,1
1269.75,1.2,345.65,924.1,6,1
626.63,0.2,106.76,519.87,1,0
781.88,0.8,111.76,670.13,4,0
858.15,0.8,119.95,738.21,4,1
615.69,0.0,143.38,472.31,0,1
706.07,0.4,108.38,597.69,2,1
657.82,0.4,97.95,559.87,2,1
784.39,0.6,131.57,652.82,3,1
624.24,0.2,89.24,535.0,1,0
983.21,0.8,252.57,730.64,4,1
911.11,0.6,175.08,736.03,3,1
705.14,0.4,130.14,575.0,2,1
862.63,0.6,149.3,713.33,3,0
526.11,0.0,84.05,442.05,0,0
582.79,0.2,62.92,519.87,1,0
851.44,0.8,90.54,760.9,4,1
584.46,0.0,142.41,442.05,0,1
468.88,0.0,64.65,404.23,0,0
756.16,0.8,48.22,707.95,4,1
708.33,0.4,87.95,620.38,2,1
610.9,0.2,91.03,519.87,1,1
1008.85,1.0,162.57,846.28,5,1
771.52,0.6,111.14,660.38,3,1
1061.83,0.8,270.68,791.15,4,1
822.24,0.4,171.59,650.64,2,1
643.4,0.2,100.84,542.56,1,0
644.4,0.2,101.84,542.56,1,1
843.01,0.6,129.68,713.33,3,1
667.45,0.2,109.76,557.69,1,0
582.64,0.0,125.46,457.18,0,1
726.21,0.2,236.59,489.62,1,0
765.57,0.8,57.62,707.95,4,1
690.79,0.4,70.41,620.38,2,1
713.35,0.2,170.78,542.56,1,1
486.2,0.0,66.84,419.36,0,1
552.17,0.2,85.24,466.92,1,1
690.11,0.4,69.73,620.38,2,0
1228.59,0.8,497.95,730.64,4,1
577.99,0.0,128.38,449.62,0,0
782.72,0.4,116.95,665.77,2,1
1363.02,0.8,624.81,738.21,4,1
1528.01,0.8,835.19,692.82,4,1
1282.12,1.2,274.81,1007.31,6,1
761.4,0.4,110.76,650.64,2,1
792.34,0.4,126.57,665.77,2,0
660.07,0.2,94.81,565.26,1,0
1199.28,1.2,252.49,946.79,6,1
2073.65,1.4,1117.11,956.54,7,1
1273.08,1.2,296.03,977.05,6,1
1492.19,0.8,784.24,707.95,4,1
752.32,0.4,109.24,643.08,2,1
566.33,0.0,86.46,479.87,0,1
931.89,0.8,155.86,776.03,4,1
1212.41,1.0,419.08,793.33,5,1
983.14,0.8,169.3,813.85,4,1
982.38,0.6,261.49,720.9,3,1
635.27,0.2,107.84,527.44,1,1
965.31,0.6,312.49,652.82,3,1
929.04,0.6,215.7,713.33,3,1
1205.74,0.8,505.35,700.38,4,1
1689.78,1.4,619.78,1070.0,7,1
1049.94,0.8,258.78,791.15,4,1
774.59,0.4,139.08,635.51,2,1
949.86,0.8,166.27,783.59,4,1
737.45,0.2,172.19,565.26,1,1
775.57,0.4,140.05,635.51,2,1
652.28,0.2,87.03,565.26,1,0
673.85,0.2,116.16,557.69,1,1
818.65,0.6,143.14,675.51,3,1
906.82,0.8,221.57,685.26,4,1
1385.17,1.2,430.81,954.36,6,1
926.82,0.6,213.49,713.33,3,0
881.16,0.6,205.65,675.51,3,1
1168.67,0.8,392.65,776.03,4,1
663.33,0.2,135.89,527.44,1,1
857.02,0.6,166.38,690.64,3,1
989.24,0.8,213.22,776.03,4,1
728.21,0.4,138.08,590.13,2,1
1063.45,0.8,279.86,783.59,4,0
1318.77,1.0,411.97,906.79,5,1
1621.97,1.2,758.38,863.59,6,1
885.56,0.6,126.84,758.72,3,0
711.19,0.4,83.24,627.95,2,1
1078.61,1.0,179.38,899.23,5,1
993.34,1.0,147.05,846.28,5,1
1009.36,0.8,203.08,806.28,4,1
1021.48,0.8,230.32,791.15,4,0
780.94,0.4,137.86,643.08,2,1
599.5,0.0,134.76,464.74,0,0
630.0,0.0,187.95,442.05,0,0
537.59,0.0,95.54,442.05,0,0
557.28,0.0,92.54,464.74,0,0
980.82,0.8,235.05,745.77,4,1
1175.45,1.0,351.86,823.59,5,1
1104.11,0.8,282.7,821.41,4,1
961.93,0.6,203.22,758.72,3,0
685.58,0.4,80.32,605.26,2,1
954.53,0.6,263.89,690.64,3,1
719.85,0.4,122.16,597.69,2,1
959.99,0.8,161.27,798.72,4,1
1808.04,0.8,1054.7,753.33,4,1
979.46,0.6,243.43,736.03,3,1
541.99,0.0,77.24,464.74,0,0
807.81,0.6,132.3,675.51,3,1
665.92,0.2,123.35,542.56,1,0
518.21,0.0,61.03,457.18,0,0
751.31,0.4,146.05,605.26,2,0
519.71,0.0,100.35,419.36,0,1
808.61,0.4,157.97,650.64,2,1
527.67,0.0,85.62,442.05,0,1
1182.84,1.0,260.92,921.92,5,1
521.56,0.0,71.95,449.62,0,0
762.93,0.4,157.68,605.26,2,1
1473.26,0.8,742.62,730.64,4,1
801.7,0.4,166.19,635.51,2,0
870.2,0.6,156.86,713.33,3,1
601.07,0.2,96.32,504.74,1,1
1015.82,0.4,471.08,544.74,2,1
941.15,0.6,190.0,751.15,3,1
1711.12,0.6,1012.92,698.21,3,1
752.85,0.2,187.59,565.26,1,1
729.96,0.4,132.27,597.69,2,0
608.47,0.2,43.22,565.26,1,1
677.69,0.2,112.43,565.26,1,1
674.62,0.2,132.05,542.56,1,1
513.38,0.0,71.32,442.05,0,1
805.49,0.6,137.54,667.95,3,1
817.63,0.4,197.24,620.38,2,1
536.21,0.0,79.03,457.18,0,1
837.87,0.6,124.54,713.33,3,1
825.42,0.6,172.59,652.82,3,1
752.84,0.4,117.32,635.51,2,1
760.31,0.4,94.54,665.77,2,0
1086.39,0.4,526.51,559.87,2,1
839.35,0.6,156.27,683.08,3,1
597.36,0.2,85.05,512.31,1,1
650.0,0.2,122.57,527.44,1,1
865.96,0.8,173.14,692.82,4,1
790.37,0.4,132.16,658.21,2,0
620.4,0.2,77.84,542.56,1,1
971.69,0.8,172.97,798.72,4,1
1000.23,1.0,153.95,846.28,5,1
998.31,1.0,152.03,846.28,5,1
633.31,0.2,75.62,557.69,1,0
1553.19,0.8,837.68,715.51,4,1
792.75,0.6,94.54,698.21,3,1
933.04,1.0,147.27,785.77,5,1
764.42,0.4,159.16,605.26,2,1
845.27,0.6,162.19,683.08,3,1
814.66,0.4,201.84,612.82,2,0
1890.74,1.4,896.38,994.36,7,1
562.71,0.0,82.84,479.87,0,0
1664.95,1.0,909.43,755.51,5,1
773.44,0.4,145.49,627.95,2,1
663.04,0.2,105.35,557.69,1,0
600.45,0.0,135.7,464.74,0,1
755.42,0.4,89.65,665.77,2,1
901.53,0.6,203.32,698.21,3,1
757.13,0.4,114.05,643.08,2,1
488.92,0.0,54.43,434.49,0,0
712.56,0.2,170.0,542.56,1,1
686.93,0.2,121.68,565.26,1,1
847.0,0.6,171.49,675.51,3,1
799.37,0.4,141.16,658.21,2,0
519.94,0.0,70.32,449.62,0,1
713.12,0.4,107.86,605.26,2,1
663.89,0.4,81.32,582.56,2,1
975.97,0.8,192.38,783.59,4,1
511.19,0.0,76.7,434.49,0,1
876.31,0.8,122.97,753.33,4,1
650.42,0.2,92.73,557.69,1,0
931.99,0.8,140.84,791.15,4,1
516.91,0.0,59.73,457.18,0,1
630.79,0.2,103.35,527.44,1,0
848.72,0.8,102.95,745.77,4,1
973.68,0.8,159.84,813.85,4,1
1019.14,0.8,250.68,768.46,4,1
1460.96,1.6,320.7,1140.26,8,1
552.58,0.0,87.84,464.74,0,0
623.81,0.2,88.81,535.0,1,1
672.46,0.2,137.46,535.0,1,1
633.06,0.2,105.62,527.44,1,0
683.23,0.2,117.97,565.26,1,0
516.3,0.0,81.81,434.49,0,0
991.13,0.8,207.54,783.59,4,0
740.87,0.4,112.92,627.95,2,0
1099.05,1.2,174.95,924.1,6,1
634.47,0.2,122.16,512.31,1,0
692.02,0.4,109.46,582.56,2,1
741.8,0.4,151.68,590.13,2,1
1105.14,0.2,585.27,519.87,1,1
1046.83,0.8,255.68,791.15,4,1
740.04,0.2,174.78,565.26,1,0
591.62,0.2,56.62,535.0,1,0
668.4,0.4,85.84,582.56,2,1
1434.34,0.8,764.22,670.13,4,1
777.76,0.2,242.76,535.0,1,1
987.09,0.8,165.68,821.41,4,1
776.71,0.4,163.89,612.82,2,1
652.8,0.2,87.54,565.26,1,0
893.03,0.6,225.08,667.95,3,1
1020.35,0.8,236.76,783.59,4,1
720.52,0.4,100.14,620.38,2,1
949.64,1.0,110.92,838.72,5,1
917.49,0.6,249.54,667.95,3,1
667.22,0.2,139.78,527.44,1,1
731.73,0.2,196.73,535.0,1,0
713.23,0.2,147.97,565.26,1,1
520.48,0.0,78.43,442.05,0,1
720.76,0.4,92.81,627.95,2,1
636.22,0.2,101.22,535.0,1,1
654.35,0.2,119.35,535.0,1,1
806.54,0.6,138.59,667.95,3,0
655.02,0.2,97.32,557.69,1,0
523.4,0.0,66.22,457.18,0,0
724.06,0.4,111.24,612.82,2,1
878.36,1.0,85.03,793.33,5,1
1026.14,0.6,297.68,728.46,3,1
879.39,0.6,181.19,698.21,3,1
575.17,0.0,102.86,472.31,0,0
869.24,0.4,294.24,575.0,2,1
668.94,0.2,111.24,557.69,1,1
795.75,0.4,152.68,643.08,2,1
780.35,0.4,137.27,643.08,2,0
1058.1,0.8,266.95,791.15,4,1
1100.98,1.2,199.57,901.41,6,1
853.5,0.4,187.73,665.77,2,0
