"Total_Cost","Ratio_Reloc_Prod","Horiz_Cost","Vert_Cost","nReloc","non_Optimal"
235362.98,0.346,47971.97,187391.3,519,300
806.0,0.4,170.49,635.51,2,1
723.93,0.2,158.68,565.26,1,1
1100.2,0.6,341.49,758.72,3,1
746.32,0.4,103.24,643.08,2,1
997.43,1.0,113.32,884.1,5,1
932.83,0.8,141.68,791.15,4,1
676.96,0.4,71.7,605.26,2,1
1188.53,1.2,188.78,999.74,6,1
918.51,0.6,174.92,743.59,3,1
701.97,0.4,126.97,575.0,2,1
867.79,0.8,114.46,753.33,4,1
629.21,0.2,71.51,557.69,1,1
1207.64,1.0,315.97,891.67,5,1
675.69,0.4,70.43,605.26,2,1
522.26,0.0,57.51,464.74,0,1
975.57,0.8,154.16,821.41,4,1
915.18,0.6,224.54,690.64,3,1
670.53,0.2,105.27,565.26,1,1
841.75,0.6,158.68,683.08,3,1
792.74,0.4,111.84,680.9,2,1
554.8,0.0,97.62,457.18,0,1
842.35,0.4,214.41,627.95,2,1
646.61,0.2,88.92,557.69,1,1
657.1,0.2,114.54,542.56,1,1
1002.17,0.6,281.27,720.9,3,1
899.53,0.6,148.38,751.15,3,1
861.94,0.6,118.35,743.59,3,1
1466.6,1.4,404.16,1062.44,7,1
968.73,0.6,232.7,736.03,3,1
894.54,0.6,166.08,728.46,3,1
900.72,0.6,157.14,743.59,3,1
675.01,0.2,109.76,565.26,1,1
781.66,0.4,176.41,605.26,2,1
1051.12,0.8,252.41,798.72,4,1
670.88,0.2,120.76,550.13,1,1
1046.31,0.6,280.03,766.28,3,1
553.66,0.0,88.92,464.74,0,1
815.64,0.4,172.57,643.08,2,1
845.13,0.4,202.05,643.08,2,1
697.98,0.2,178.11,519.87,1,1
1012.67,1.0,136.14,876.54,5,1
702.1,0.2,151.97,550.13,1,1
942.21,0.6,244.0,698.21,3,1
918.91,0.6,228.27,690.64,3,1
644.83,0.2,87.14,557.69,1,1
883.48,0.4,225.27,658.21,2,1
1268.36,0.8,462.08,806.28,4,1
707.2,0.2,134.38,572.82,1,1
719.56,0.2,161.86,557.69,1,1
811.23,0.2,253.54,557.69,1,1
905.66,0.4,292.84,612.82,2,1
558.5,0.0,93.76,464.74,0,1
931.95,0.4,304.0,627.95,2,1
510.48,0.0,68.43,442.05,0,1
1047.83,0.8,249.11,798.72,4,1
973.74,0.6,260.41,713.33,3,1
541.5,0.0,84.32,457.18,0,1
824.37,0.4,166.16,658.21,2,1
974.67,0.6,238.65,736.03,3,1
812.37,0.4,169.3,643.08,2,1
660.06,0.2,147.76,512.31,1,1
936.73,0.6,200.7,736.03,3,1
1532.48,1.2,494.92,1037.56,6,1
982.74,0.4,309.41,673.33,2,1
665.42,0.2,100.16,565.26,1,1
1048.15,0.6,281.86,766.28,3,1
807.71,0.4,194.89,612.82,2,1
816.15,0.2,250.89,565.26,1,1
848.62,0.4,205.54,643.08,2,1
662.73,0.2,120.16,542.56,1,1
659.81,0.2,117.24,542.56,1,1
655.51,0.2,112.95,542.56,1,1
1233.56,0.8,389.46,844.1,4,1
812.31,0.4,199.49,612.82,2,1
1066.32,0.8,229.78,836.54,4,1
894.8,0.6,143.65,751.15,3,1
959.64,0.6,200.92,758.72,3,1
649.14,0.2,76.32,572.82,1,1
866.72,0.6,123.14,743.59,3,1
998.55,0.8,184.7,813.85,4,1
708.69,0.2,135.86,572.82,1,1
975.15,0.4,309.38,665.77,2,1
688.93,0.2,123.68,565.26,1,1
933.97,0.6,190.38,743.59,3,1
841.8,0.4,183.59,658.21,2,1
947.49,0.8,133.65,813.85,4,1
825.36,0.4,144.46,680.9,2,1
686.48,0.2,143.92,542.56,1,1
866.6,0.6,153.27,713.33,3,1
588.34,0.0,123.59,464.74,0,1
708.06,0.2,127.68,580.38,1,1
710.85,0.2,145.59,565.26,1,1
644.09,0.2,78.84,565.26,1,1
925.0,0.6,181.41,743.59,3,1
836.47,0.4,170.7,665.77,2,1
735.91,0.4,92.84,643.08,2,1
572.09,0.0,107.35,464.74,0,1
1094.91,0.8,250.81,844.1,4,1
651.26,0.2,86.0,565.26,1,1
674.24,0.2,131.68,542.56,1,1
690.82,0.2,125.57,565.26,1,1
523.72,0.0,66.54,457.18,0,1
1126.44,0.6,360.16,766.28,3,1
632.07,0.2,66.81,565.26,1,1
728.58,0.4,62.81,665.77,2,1
515.45,0.0,50.7,464.74,0,1
777.5,0.4,111.73,665.77,2,1
684.67,0.2,126.97,557.69,1,1
687.67,0.2,129.97,557.69,1,1
780.43,0.4,137.35,643.08,2,1
813.26,0.4,147.49,665.77,2,1
780.12,0.4,114.35,665.77,2,1
881.99,0.4,216.22,665.77,2,1
768.9,0.4,103.14,665.77,2,1
546.28,0.0,81.54,464.74,0,1
631.8,0.2,66.54,565.26,1,1
1017.89,0.8,173.78,844.1,4,1
670.01,0.2,104.76,565.26,1,1
766.51,0.4,123.43,643.08,2,1
797.15,0.4,131.38,665.77,2,1
731.36,0.2,166.11,565.26,1,1
653.58,0.2,88.32,565.26,1,1
693.61,0.2,128.35,565.26,1,1
534.85,0.0,70.11,464.74,0,1
1066.65,1.0,197.68,868.97,5,1
789.56,0.4,146.49,643.08,2,1
567.91,0.0,103.16,464.74,0,1
764.66,0.2,199.41,565.26,1,1
556.58,0.0,91.84,464.74,0,1
754.2,0.2,188.95,565.26,1,1
866.26,0.4,200.49,665.77,2,1
702.82,0.2,137.57,565.26,1,1
1052.52,0.8,238.68,813.85,4,1
668.39,0.2,103.14,565.26,1,1
537.88,0.0,73.14,464.74,0,1
560.39,0.0,95.65,464.74,0,1
954.72,0.4,288.95,665.77,2,1
817.18,0.4,158.97,658.21,2,1
1391.4,1.0,446.78,944.62,5,1
656.34,0.2,98.65,557.69,1,1
541.69,0.0,76.95,464.74,0,1
592.69,0.0,127.95,464.74,0,1
520.81,0.0,86.32,434.49,0,1
598.5,0.2,40.81,557.69,1,1
527.99,0.0,70.81,457.18,0,1
739.21,0.2,181.51,557.69,1,1
697.15,0.2,139.46,557.69,1,1
899.31,0.4,241.11,658.21,2,1
663.39,0.2,98.14,565.26,1,1
732.66,0.2,167.41,565.26,1,1
681.99,0.2,116.73,565.26,1,1
944.4,0.6,208.38,736.03,3,1
441.2,0.0,29.41,411.79,0,1
708.18,0.2,150.49,557.69,1,1
730.02,0.2,172.32,557.69,1,1
984.15,0.4,318.38,665.77,2,1
630.55,0.0,165.81,464.74,0,1
1249.71,0.8,428.3,821.41,4,1
862.28,0.4,196.51,665.77,2,1
720.96,0.2,155.7,565.26,1,1
494.92,0.0,68.0,426.92,0,1
901.61,0.4,243.41,658.21,2,1
590.78,0.2,48.22,542.56,1,1
749.18,0.4,98.54,650.64,2,1
685.12,0.0,220.38,464.74,0,1
870.36,0.4,204.59,665.77,2,1
882.84,0.4,254.89,627.95,2,1
722.01,0.2,149.19,572.82,1,1
1166.64,0.8,322.54,844.1,4,1
948.54,0.6,212.51,736.03,3,1
995.66,0.4,322.32,673.33,2,1
1232.4,0.8,388.3,844.1,4,1
720.5,0.2,162.81,557.69,1,1
793.88,0.2,228.62,565.26,1,1
729.55,0.2,164.3,565.26,1,1
888.23,0.6,121.95,766.28,3,1
664.2,0.2,98.95,565.26,1,1
801.63,0.4,135.86,665.77,2,1
707.93,0.2,142.68,565.26,1,1
694.88,0.2,137.19,557.69,1,1
691.01,0.2,118.19,572.82,1,1
950.48,0.6,199.32,751.15,3,1
952.47,0.6,186.19,766.28,3,1
738.36,0.2,173.11,565.26,1,1
925.66,0.6,159.38,766.28,3,1
828.68,0.4,147.78,680.9,2,1
526.58,0.0,61.84,464.74,0,1
662.39,0.2,97.14,565.26,1,1
653.18,0.2,87.92,565.26,1,1
711.0,0.4,67.92,643.08,2,1
531.18,0.0,66.43,464.74,0,1
784.61,0.4,118.84,665.77,2,1
730.02,0.2,172.32,557.69,1,1
894.91,0.6,143.76,751.15,3,1
674.69,0.2,101.86,572.82,1,1
538.99,0.0,74.24,464.74,0,1
628.66,0.0,163.92,464.74,0,1
566.2,0.0,101.46,464.74,0,1
881.64,0.6,138.05,743.59,3,1
762.71,0.4,134.76,627.95,2,1
590.42,0.0,125.68,464.74,0,1
848.04,0.4,182.27,665.77,2,1
691.32,0.2,148.76,542.56,1,1
823.38,0.4,187.86,635.51,2,1
804.66,0.2,239.41,565.26,1,1
580.4,0.0,130.78,449.62,0,1
608.84,0.2,73.84,535.0,1,1
804.56,0.4,146.35,658.21,2,1
653.52,0.2,133.65,519.87,1,1
1246.49,1.0,332.14,914.36,5,1
585.51,0.0,135.89,449.62,0,1
987.93,0.6,229.22,758.72,3,1
634.31,0.2,76.62,557.69,1,1
841.99,0.4,176.22,665.77,2,1
721.36,0.2,156.11,565.26,1,1
681.61,0.2,116.35,565.26,1,1
654.5,0.2,89.24,565.26,1,1
655.8,0.2,90.54,565.26,1,1
842.96,0.4,177.19,665.77,2,1
696.12,0.2,130.86,565.26,1,1
1095.26,0.6,328.97,766.28,3,1
840.48,0.4,197.41,643.08,2,1
960.07,0.6,193.78,766.28,3,1
743.01,0.2,177.76,565.26,1,1
868.99,0.4,210.78,658.21,2,1
864.5,0.4,198.73,665.77,2,1
792.05,0.4,148.97,643.08,2,1
601.26,0.0,151.65,449.62,0,1
812.12,0.4,146.35,665.77,2,1
511.36,0.0,92.0,419.36,0,1
749.66,0.2,184.41,565.26,1,1
958.72,0.4,292.95,665.77,2,1
656.07,0.2,98.38,557.69,1,1
1127.66,0.6,361.38,766.28,3,1
614.15,0.0,149.41,464.74,0,1
761.24,0.4,118.16,643.08,2,1
869.35,0.4,226.27,643.08,2,1
774.23,0.4,108.46,665.77,2,1
674.09,0.2,108.84,565.26,1,1
748.61,0.2,183.35,565.26,1,1
777.2,0.4,111.43,665.77,2,1
793.63,0.4,127.86,665.77,2,1
805.1,0.4,146.89,658.21,2,1
673.58,0.2,100.76,572.82,1,1
531.07,0.0,66.32,464.74,0,1
639.36,0.2,74.11,565.26,1,1
529.61,0.0,72.43,457.18,0,1
880.62,0.4,237.54,643.08,2,1
797.15,0.4,131.38,665.77,2,1
888.53,0.6,122.24,766.28,3,1
561.77,0.0,97.03,464.74,0,1
849.01,0.4,183.24,665.77,2,1
1141.92,0.8,365.89,776.03,4,1
737.96,0.2,172.7,565.26,1,1
911.42,0.4,245.65,665.77,2,1
726.36,0.2,161.11,565.26,1,1
682.82,0.2,117.57,565.26,1,1
910.74,0.6,144.46,766.28,3,1
855.36,0.4,189.59,665.77,2,1
726.96,0.2,161.7,565.26,1,1
886.47,0.6,127.76,758.72,3,1
553.85,0.0,81.54,472.31,0,1
1138.61,0.6,372.32,766.28,3,1
658.39,0.2,93.14,565.26,1,1
591.93,0.0,127.19,464.74,0,1
975.53,0.6,216.81,758.72,3,1
633.33,0.0,161.03,472.31,0,1
563.01,0.0,98.27,464.74,0,1
676.93,0.2,111.68,565.26,1,1
1183.56,0.8,339.46,844.1,4,1
761.61,0.4,95.84,665.77,2,1
810.96,0.4,145.19,665.77,2,1
990.26,0.6,239.11,751.15,3,1
963.56,0.8,119.46,844.1,4,1
522.98,0.0,43.11,479.87,0,1
788.26,0.4,122.49,665.77,2,1
768.85,0.4,110.65,658.21,2,1
580.64,0.0,115.89,464.74,0,1
635.07,0.2,69.81,565.26,1,1
671.61,0.2,106.35,565.26,1,1
694.63,0.2,129.38,565.26,1,1
734.66,0.2,169.41,565.26,1,1
775.77,0.2,210.51,565.26,1,1
523.55,0.0,58.81,464.74,0,1
754.31,0.4,88.54,665.77,2,1
660.01,0.2,94.76,565.26,1,1
759.39,0.4,93.62,665.77,2,1
720.45,0.2,155.19,565.26,1,1
934.47,0.6,168.19,766.28,3,1
769.5,0.4,103.73,665.77,2,1
546.26,0.0,81.51,464.74,0,1
773.53,0.2,208.27,565.26,1,1
830.69,0.4,164.92,665.77,2,1
712.58,0.2,154.89,557.69,1,1
767.82,0.4,102.05,665.77,2,1
549.55,0.0,84.81,464.74,0,1
644.5,0.2,79.24,565.26,1,1
642.99,0.2,77.73,565.26,1,1
881.83,0.6,138.24,743.59,3,1
663.09,0.2,97.84,565.26,1,1
