"Total_Cost","Ratio_Reloc_Prod","Horiz_Cost","Vert_Cost","nReloc","non_Optimal"
247450.15,0.4033,58003.28,189446.99,605,300
769.53,0.4,103.76,665.77,2,1
698.0,0.4,54.92,643.08,2,1
1026.09,0.8,204.68,821.41,4,1
1210.92,0.6,482.46,728.46,3,1
698.12,0.2,132.86,565.26,1,1
995.4,0.6,244.24,751.15,3,1
781.39,0.4,123.19,658.21,2,1
509.77,0.0,45.03,464.74,0,1
796.23,0.6,90.46,705.77,3,1
870.96,0.6,165.19,705.77,3,1
627.36,0.2,62.11,565.26,1,1
510.18,0.0,53.0,457.18,0,1
1001.62,1.0,132.65,868.97,5,1
787.97,0.6,112.46,675.51,3,1
545.69,0.0,80.95,464.74,0,1
551.26,0.0,86.51,464.74,0,1
517.03,0.0,82.54,434.49,0,1
658.51,0.2,115.95,542.56,1,1
693.33,0.4,80.51,612.82,2,1
825.05,0.6,141.97,683.08,3,1
729.08,0.4,86.0,643.08,2,1
654.9,0.2,127.46,527.44,1,1
929.61,0.8,138.46,791.15,4,1
854.17,0.4,188.41,665.77,2,1
1013.26,0.8,222.11,791.15,4,1
1058.25,0.8,244.41,813.85,4,1
694.07,0.2,136.38,557.69,1,1
745.1,0.4,102.03,643.08,2,1
784.91,0.4,187.22,597.69,2,1
952.05,0.8,115.51,836.54,4,1
624.25,0.2,111.95,512.31,1,1
885.93,0.8,87.22,798.72,4,1
687.6,0.2,175.3,512.31,1,1
1135.58,1.0,221.22,914.36,5,1
800.84,0.2,280.97,519.87,1,1
792.63,0.4,179.81,612.82,2,1
551.0,0.0,116.51,434.49,0,1
1599.38,1.0,730.41,868.97,5,1
573.82,0.0,109.08,464.74,0,1
1131.92,0.4,549.35,582.56,2,1
710.64,0.2,160.51,550.13,1,1
1284.95,0.8,463.54,821.41,4,1
1041.15,0.6,290.0,751.15,3,1
526.45,0.0,76.84,449.62,0,1
668.81,0.2,126.24,542.56,1,1
584.37,0.2,94.76,489.62,1,1
615.92,0.2,73.35,542.56,1,1
1073.44,0.8,312.54,760.9,4,1
1005.83,0.6,247.11,758.72,3,1
1292.29,1.0,347.68,944.62,5,1
817.2,0.4,204.38,612.82,2,1
693.54,0.2,150.97,542.56,1,1
579.86,0.0,130.24,449.62,0,1
924.88,0.8,133.73,791.15,4,1
855.34,0.4,189.57,665.77,2,1
971.28,0.4,305.51,665.77,2,1
541.46,0.0,106.97,434.49,0,1
718.04,0.2,160.35,557.69,1,1
582.37,0.0,125.19,457.18,0,1
1283.19,1.0,421.78,861.41,5,1
1213.58,0.6,447.3,766.28,3,1
885.11,0.4,264.73,620.38,2,1
1471.29,1.2,592.57,878.72,6,1
1353.32,1.0,469.22,884.1,5,1
749.96,0.2,184.7,565.26,1,1
848.22,0.4,212.7,635.51,2,1
704.23,0.2,138.97,565.26,1,1
882.02,0.4,223.81,658.21,2,1
732.56,0.6,102.43,630.13,3,1
601.48,0.0,144.3,457.18,0,1
731.79,0.4,103.84,627.95,2,1
657.51,0.2,114.95,542.56,1,1
656.08,0.2,121.08,535.0,1,1
516.92,0.0,82.43,434.49,0,1
540.22,0.0,105.73,434.49,0,1
1111.89,0.4,468.81,643.08,2,1
549.78,0.0,115.3,434.49,0,1
1089.04,0.8,275.19,813.85,4,1
975.61,0.6,216.89,758.72,3,1
682.68,0.2,147.68,535.0,1,1
675.08,0.2,140.08,535.0,1,1
777.89,0.4,149.95,627.95,2,1
598.87,0.2,71.43,527.44,1,1
1041.67,0.6,305.65,736.03,3,1
970.57,0.6,234.54,736.03,3,1
907.29,0.4,264.22,643.08,2,1
909.93,0.6,211.73,698.21,3,1
1076.96,0.6,325.81,751.15,3,1
620.99,0.0,156.24,464.74,0,1
562.01,0.0,97.27,464.74,0,1
847.22,0.4,211.7,635.51,2,1
542.99,0.0,78.24,464.74,0,1
624.8,0.0,167.62,457.18,0,1
909.99,0.4,244.22,665.77,2,1
968.46,0.6,232.43,736.03,3,1
827.68,0.4,207.3,620.38,2,1
825.48,0.4,182.41,643.08,2,1
1093.7,0.8,249.59,844.1,4,1
872.0,0.4,228.92,643.08,2,1
857.03,0.4,236.65,620.38,2,1
660.78,0.2,125.78,535.0,1,1
638.79,0.4,78.92,559.87,2,1
700.94,0.2,158.38,542.56,1,1
960.15,0.6,209.0,751.15,3,1
987.88,0.6,221.59,766.28,3,1
960.81,0.6,217.22,743.59,3,1
788.74,0.4,175.92,612.82,2,1
658.18,0.2,92.92,565.26,1,1
746.62,0.4,103.54,643.08,2,1
559.99,0.0,95.24,464.74,0,1
1153.19,0.6,432.3,720.9,3,1
499.36,0.0,80.0,419.36,0,1
553.84,0.0,119.35,434.49,0,1
611.11,0.2,76.11,535.0,1,1
823.53,0.4,172.89,650.64,2,1
924.39,0.4,258.62,665.77,2,1
815.22,0.4,179.7,635.51,2,1
1067.6,0.8,238.62,828.97,4,1
547.21,0.0,90.03,457.18,0,1
996.07,0.4,398.38,597.69,2,1
477.3,0.0,42.81,434.49,0,1
668.02,0.2,125.46,542.56,1,1
874.78,0.8,83.62,791.15,4,1
646.29,0.2,103.73,542.56,1,1
431.9,0.0,20.11,411.79,0,1
816.03,0.6,95.14,720.9,3,1
838.21,0.4,180.0,658.21,2,1
720.17,0.2,192.73,527.44,1,1
1139.69,0.6,373.41,766.28,3,1
734.93,0.2,169.68,565.26,1,1
814.26,0.4,224.14,590.13,2,1
655.53,0.2,97.84,557.69,1,1
755.28,0.4,89.51,665.77,2,1
1074.09,0.8,252.68,821.41,4,1
1068.64,0.8,216.97,851.67,4,1
617.39,0.0,145.08,472.31,0,1
801.53,0.2,236.27,565.26,1,1
778.03,0.6,117.65,660.38,3,1
1059.49,0.6,331.03,728.46,3,1
558.52,0.0,78.65,479.87,0,1
930.96,0.4,318.14,612.82,2,1
659.54,0.2,124.54,535.0,1,1
631.03,0.4,56.03,575.0,2,1
936.26,0.6,177.54,758.72,3,1
576.65,0.0,134.59,442.05,0,1
567.72,0.0,110.54,457.18,0,1
1085.9,0.6,380.14,705.77,3,1
726.55,0.4,113.73,612.82,2,1
759.94,0.4,169.81,590.13,2,1
457.17,0.0,37.81,419.36,0,1
716.77,0.4,119.08,597.69,2,1
659.1,0.4,61.41,597.69,2,1
856.35,0.6,120.32,736.03,3,1
899.97,0.6,156.38,743.59,3,1
729.7,0.2,179.57,550.13,1,1
782.18,0.6,91.54,690.64,3,1
1307.17,1.0,400.38,906.79,5,1
942.79,0.6,214.32,728.46,3,1
643.0,0.2,115.57,527.44,1,1
856.04,0.6,150.27,705.77,3,1
792.56,0.2,250.0,542.56,1,1
980.34,1.0,134.05,846.28,5,1
630.91,0.0,173.73,457.18,0,1
460.66,0.0,56.43,404.23,0,1
837.02,0.4,186.38,650.64,2,1
898.89,0.6,162.86,736.03,3,1
622.08,0.2,79.51,542.56,1,1
610.1,0.0,152.92,457.18,0,1
744.98,0.4,124.59,620.38,2,1
698.19,0.4,123.19,575.0,2,1
974.42,0.4,308.65,665.77,2,1
511.36,0.0,92.0,419.36,0,1
665.11,0.2,130.11,535.0,1,1
995.64,0.6,297.43,698.21,3,1
1599.88,1.2,600.14,999.74,6,1
1784.08,1.6,681.65,1102.44,8,1
768.93,0.2,196.11,572.82,1,1
664.05,0.2,129.05,535.0,1,1
628.59,0.2,86.03,542.56,1,1
975.13,0.6,239.11,736.03,3,1
944.58,0.4,278.81,665.77,2,1
589.55,0.0,109.68,479.87,0,1
1115.41,1.0,193.49,921.92,5,1
782.93,0.4,124.73,658.21,2,1
1100.7,0.6,364.68,736.03,3,1
813.05,0.4,169.97,643.08,2,1
702.61,0.2,137.35,565.26,1,1
760.34,0.2,210.22,550.13,1,1
1228.1,1.0,336.43,891.67,5,1
526.21,0.0,69.03,457.18,0,1
654.34,0.2,96.65,557.69,1,1
697.64,0.2,139.95,557.69,1,1
446.5,0.0,34.7,411.79,0,1
897.35,0.6,168.89,728.46,3,1
462.39,0.0,43.03,419.36,0,1
895.02,0.6,143.86,751.15,3,1
1031.24,0.6,287.65,743.59,3,1
929.35,0.4,293.84,635.51,2,1
572.46,0.0,137.97,434.49,0,1
442.5,0.0,30.7,411.79,0,1
440.61,0.0,28.81,411.79,0,1
623.97,0.2,73.84,550.13,1,1
673.0,0.2,130.43,542.56,1,1
502.49,0.0,68.0,434.49,0,1
656.28,0.4,51.03,605.26,2,1
641.7,0.2,99.14,542.56,1,1
599.34,0.0,142.16,457.18,0,1
691.81,0.2,164.38,527.44,1,1
764.12,0.2,198.86,565.26,1,1
759.11,0.4,184.11,575.0,2,1
913.93,0.4,255.73,658.21,2,1
787.2,0.2,221.95,565.26,1,1
830.94,0.6,147.86,683.08,3,1
1107.5,0.6,348.78,758.72,3,1
1588.07,1.6,462.95,1125.13,8,1
702.1,0.2,151.97,550.13,1,1
565.84,0.0,131.35,434.49,0,1
1147.17,0.8,325.76,821.41,4,1
683.51,0.2,133.38,550.13,1,1
518.92,0.0,84.43,434.49,0,1
642.61,0.4,44.92,597.69,2,1
1194.06,1.0,332.65,861.41,5,1
965.84,0.6,290.32,675.51,3,1
544.81,0.0,102.76,442.05,0,1
722.28,0.4,117.03,605.26,2,1
1072.92,0.8,251.51,821.41,4,1
720.06,0.2,147.24,572.82,1,1
1922.66,1.2,968.3,954.36,6,1
1148.35,0.6,404.76,743.59,3,1
1259.93,1.2,260.19,999.74,6,1
809.15,0.4,150.95,658.21,2,1
822.32,0.4,179.24,643.08,2,1
1244.57,1.0,368.03,876.54,5,1
545.01,0.0,72.7,472.31,0,1
1054.46,0.4,411.38,643.08,2,1
676.42,0.0,219.24,457.18,0,1
909.43,0.6,180.97,728.46,3,1
1056.35,0.8,227.38,828.97,4,1
642.72,0.2,85.03,557.69,1,1
1131.01,0.6,417.68,713.33,3,1
1359.32,0.8,515.22,844.1,4,1
969.11,0.6,233.08,736.03,3,1
1263.1,1.0,371.43,891.67,5,1
636.29,0.2,93.73,542.56,1,1
548.64,0.0,91.46,457.18,0,1
940.02,0.4,281.81,658.21,2,1
930.14,0.6,216.81,713.33,3,1
1192.02,0.8,408.43,783.59,4,1
1019.18,0.6,260.46,758.72,3,1
697.36,0.2,124.54,572.82,1,1
1015.79,0.6,302.46,713.33,3,1
1103.76,0.6,443.38,660.38,3,1
439.2,0.0,27.41,411.79,0,1
632.87,0.2,105.43,527.44,1,1
608.41,0.2,73.41,535.0,1,1
499.08,0.0,57.03,442.05,0,1
1011.59,0.4,429.03,582.56,2,1
950.51,0.6,214.49,736.03,3,1
748.78,0.4,173.78,575.0,2,1
776.99,0.4,126.35,650.64,2,1
992.42,0.4,341.78,650.64,2,1
1580.79,1.2,565.92,1014.87,6,1
900.06,0.6,179.16,720.9,3,1
738.2,0.4,125.38,612.82,2,1
762.66,0.4,104.46,658.21,2,1
504.7,0.0,70.22,434.49,0,1
1355.85,1.2,401.49,954.36,6,1
1044.34,0.8,238.05,806.28,4,1
916.42,0.4,258.22,658.21,2,1
863.19,0.4,235.24,627.95,2,1
557.19,0.0,115.14,442.05,0,1
574.41,0.2,39.41,535.0,1,1
1389.77,1.0,535.92,853.85,5,1
745.63,0.4,140.38,605.26,2,1
471.68,0.0,52.32,419.36,0,1
781.93,0.4,123.73,658.21,2,1
827.2,0.4,206.81,620.38,2,1
745.96,0.2,180.7,565.26,1,1
760.24,0.6,137.68,622.56,3,1
705.48,0.2,147.78,557.69,1,1
702.72,0.2,152.59,550.13,1,1
945.92,0.6,209.89,736.03,3,1
1054.38,0.6,325.92,728.46,3,1
1295.56,1.0,411.46,884.1,5,1
655.82,0.2,90.57,565.26,1,1
635.99,0.2,70.73,565.26,1,1
896.55,0.4,230.78,665.77,2,1
713.1,0.2,155.41,557.69,1,1
799.08,0.4,156.0,643.08,2,1
905.17,0.6,184.27,720.9,3,1
908.23,0.4,242.46,665.77,2,1
699.4,0.2,141.7,557.69,1,1
708.06,0.2,127.68,580.38,1,1
918.08,0.6,174.49,743.59,3,1
650.28,0.2,85.03,565.26,1,1
783.24,0.4,140.16,643.08,2,1
951.36,0.6,245.59,705.77,3,1
797.25,0.2,269.81,527.44,1,1
1065.64,1.0,226.92,838.72,5,1
669.34,0.2,111.65,557.69,1,1
