"Total_Cost","Ratio_Reloc_Prod","Horiz_Cost","Vert_Cost","nReloc","non_Optimal"
270404.89,0.446,79056.08,191348.89,669,222
638.3,0.2,57.92,580.38,1,0
676.35,0.2,133.78,542.56,1,0
1444.72,1.2,634.08,810.64,6,1
1078.13,1.0,186.46,891.67,5,1
549.91,0.0,85.16,464.74,0,0
696.82,0.2,116.43,580.38,1,1
1481.46,1.6,371.46,1110.0,8,1
744.52,0.4,116.57,627.95,2,1
640.41,0.2,112.97,527.44,1,1
700.27,0.4,72.32,627.95,2,1
1480.39,1.2,526.03,954.36,6,1
1245.56,0.4,655.43,590.13,2,1
914.08,0.6,185.62,728.46,3,1
699.28,0.2,179.41,519.87,1,1
1213.16,1.2,296.62,916.54,6,1
804.14,0.6,83.24,720.9,3,1
917.76,0.8,141.73,776.03,4,1
665.09,0.2,99.84,565.26,1,0
531.07,0.0,81.46,449.62,0,1
753.74,0.4,148.49,605.26,2,1
1445.15,1.2,452.97,992.18,6,1
1070.36,1.0,148.43,921.92,5,1
541.45,0.0,76.7,464.74,0,1
717.4,0.2,159.7,557.69,1,1
1414.94,1.0,538.41,876.54,5,1
529.91,0.0,72.73,457.18,0,0
641.39,0.2,76.14,565.26,1,1
2524.83,1.8,1412.65,1112.18,9,1
1162.74,0.8,356.46,806.28,4,1
575.21,0.0,125.59,449.62,0,0
974.89,0.8,145.92,828.97,4,1
517.5,0.0,60.32,457.18,0,0
718.87,0.2,191.43,527.44,1,1
737.36,0.4,124.54,612.82,2,1
674.4,0.2,131.84,542.56,1,0
829.23,0.2,271.54,557.69,1,0
730.95,0.4,95.43,635.51,2,0
822.19,0.4,179.11,643.08,2,1
676.84,0.2,156.97,519.87,1,0
630.18,0.0,180.57,449.62,0,0
935.26,0.4,337.57,597.69,2,1
733.53,0.2,175.84,557.69,1,0
560.97,0.0,111.35,449.62,0,1
571.45,0.0,114.27,457.18,0,0
815.94,0.6,132.86,683.08,3,0
685.67,0.0,228.49,457.18,0,0
642.24,0.2,107.24,535.0,1,1
669.38,0.2,134.38,535.0,1,1
1793.61,1.0,894.38,899.23,5,1
1175.24,0.8,444.59,730.64,4,1
978.99,0.8,119.76,859.23,4,1
1098.02,0.8,306.86,791.15,4,1
976.0,0.6,232.41,743.59,3,1
1732.47,1.0,946.7,785.77,5,1
736.1,0.2,193.54,542.56,1,1
1268.87,0.6,608.49,660.38,3,1
1561.43,0.6,938.86,622.56,3,1
730.41,0.2,195.41,535.0,1,1
924.63,0.6,203.73,720.9,3,1
529.5,0.0,72.32,457.18,0,0
662.39,0.2,97.14,565.26,1,0
668.75,0.2,126.19,542.56,1,1
1325.52,1.0,532.19,793.33,5,1
1439.47,0.8,686.14,753.33,4,1
609.03,0.0,114.03,495.0,0,0
746.1,0.4,103.03,643.08,2,1
549.18,0.0,92.0,457.18,0,0
875.78,0.4,232.7,643.08,2,0
1165.92,0.6,490.41,675.51,3,1
1053.85,0.8,240.0,813.85,4,1
547.16,0.0,97.54,449.62,0,0
486.81,0.0,52.32,434.49,0,1
894.6,0.4,334.73,559.87,2,1
658.5,0.2,93.24,565.26,1,1
676.01,0.2,110.76,565.26,1,0
803.35,0.4,160.27,643.08,2,0
666.39,0.2,101.14,565.26,1,1
873.3,0.6,197.78,675.51,3,1
513.84,0.0,86.92,426.92,0,1
1372.07,1.4,445.78,926.28,7,1
802.09,0.2,236.84,565.26,1,0
1778.01,1.0,977.11,800.9,5,1
906.49,0.4,225.59,680.9,2,1
1692.11,1.0,876.08,816.03,5,1
882.64,0.4,232.0,650.64,2,0
722.73,0.4,79.65,643.08,2,1
1198.47,0.6,545.65,652.82,3,1
1012.63,0.6,299.3,713.33,3,1
1124.85,0.8,318.57,806.28,4,1
788.47,0.4,168.08,620.38,2,1
1106.69,0.8,307.97,798.72,4,0
1812.84,1.4,810.92,1001.92,7,1
865.06,0.6,144.16,720.9,3,1
628.56,0.2,78.43,550.13,1,0
1178.04,1.0,271.24,906.79,5,1
535.28,0.0,70.54,464.74,0,0
664.2,0.2,98.95,565.26,1,1
543.26,0.0,78.51,464.74,0,1
540.75,0.0,91.14,449.62,0,0
546.07,0.0,81.32,464.74,0,1
549.21,0.0,92.03,457.18,0,0
801.99,0.2,244.3,557.69,1,1
506.77,0.0,94.97,411.79,0,1
1229.32,0.6,546.24,683.08,3,1
772.36,0.2,199.54,572.82,1,0
1187.34,0.8,502.08,685.26,4,1
684.98,0.2,112.16,572.82,1,0
1160.87,0.6,447.54,713.33,3,1
1646.15,1.0,739.35,906.79,5,1
1048.41,0.8,227.0,821.41,4,1
1073.65,0.8,244.68,828.97,4,1
827.22,0.4,191.7,635.51,2,1
740.99,0.2,175.73,565.26,1,0
794.38,0.4,166.43,627.95,2,0
653.37,0.2,103.24,550.13,1,0
1084.81,0.6,409.3,675.51,3,1
861.95,0.4,302.08,559.87,2,1
914.81,0.4,271.73,643.08,2,1
979.61,0.6,281.41,698.21,3,1
577.57,0.0,143.08,434.49,0,1
653.03,0.2,118.03,535.0,1,1
747.08,0.6,64.0,683.08,3,1
587.83,0.2,90.65,497.18,1,1
1103.74,0.6,443.35,660.38,3,1
816.27,0.4,188.32,627.95,2,0
565.72,0.0,100.97,464.74,0,0
1233.58,0.8,427.3,806.28,4,1
621.8,0.2,64.11,557.69,1,1
785.36,0.4,164.97,620.38,2,1
3060.52,2.2,1777.57,1282.95,11,1
605.59,0.0,103.03,502.56,0,0
669.2,0.2,103.95,565.26,1,1
717.26,0.2,159.57,557.69,1,0
622.06,0.2,94.62,527.44,1,1
1048.48,0.6,304.89,743.59,3,1
1956.61,1.0,1178.41,778.21,5,1
805.47,0.4,124.57,680.9,2,1
643.74,0.0,171.43,472.31,0,1
1475.74,1.0,637.03,838.72,5,1
668.28,0.2,103.03,565.26,1,1
1884.51,1.2,1013.35,871.15,6,1
1056.63,0.8,250.35,806.28,4,1
806.95,0.6,93.62,713.33,3,1
694.25,0.2,166.81,527.44,1,0
1273.31,0.8,459.46,813.85,4,1
870.41,0.4,250.03,620.38,2,1
905.81,0.4,262.73,643.08,2,1
1291.49,0.4,731.62,559.87,2,1
652.07,0.2,101.95,550.13,1,1
791.34,0.2,226.08,565.26,1,0
804.43,0.4,168.92,635.51,2,1
908.92,0.4,333.92,575.0,2,0
625.5,0.4,88.32,537.18,2,1
1016.59,0.6,280.57,736.03,3,1
810.15,0.2,297.84,512.31,1,1
646.58,0.0,189.41,457.18,0,0
502.57,0.0,75.65,426.92,0,0
477.23,0.0,65.43,411.79,0,1
1190.87,0.6,522.92,667.95,3,1
743.79,0.2,163.41,580.38,1,0
1108.21,0.4,525.65,582.56,2,1
685.5,0.2,120.24,565.26,1,1
1545.62,1.2,697.16,848.46,6,1
577.03,0.0,97.16,479.87,0,1
1006.63,0.6,293.3,713.33,3,1
828.35,0.6,145.27,683.08,3,1
1466.53,0.8,720.76,745.77,4,1
1142.09,1.0,235.3,906.79,5,1
654.28,0.2,89.03,565.26,1,1
551.07,0.0,86.32,464.74,0,0
693.8,0.2,128.54,565.26,1,1
961.77,0.6,263.57,698.21,3,1
1173.81,0.6,505.86,667.95,3,1
990.5,0.4,317.16,673.33,2,1
530.37,0.0,65.62,464.74,0,1
659.48,0.2,109.35,550.13,1,1
1450.83,0.6,760.19,690.64,3,1
1115.41,0.6,455.03,660.38,3,1
1168.3,0.8,331.76,836.54,4,1
874.25,0.4,200.92,673.33,2,1
903.32,0.4,260.24,643.08,2,1
612.07,0.2,46.81,565.26,1,1
1236.5,0.4,691.76,544.74,2,1
1008.21,0.6,317.57,690.64,3,1
1037.86,0.8,254.27,783.59,4,0
1040.82,0.4,420.43,620.38,2,1
870.81,0.6,142.35,728.46,3,1
522.26,0.0,57.51,464.74,0,0
1291.03,1.4,289.11,1001.92,7,1
1009.4,0.4,366.32,643.08,2,0
1258.25,1.2,364.41,893.85,6,1
650.41,0.4,75.41,575.0,2,1
524.41,0.2,49.92,474.49,1,1
774.47,0.2,262.16,512.31,1,1
1308.53,0.8,623.27,685.26,4,1
572.98,0.0,100.68,472.31,0,1
864.24,0.6,173.59,690.64,3,0
847.02,0.2,289.32,557.69,1,0
1290.67,0.8,514.65,776.03,4,1
1131.08,0.6,463.14,667.95,3,1
777.8,0.2,220.11,557.69,1,0
765.11,0.4,137.16,627.95,2,1
602.02,0.0,152.41,449.62,0,0
1236.33,1.0,367.35,868.97,5,1
915.96,0.2,418.78,497.18,1,1
883.21,0.6,192.57,690.64,3,1
1536.54,1.2,559.49,977.05,6,1
1030.28,0.6,248.86,781.41,3,1
1254.94,0.8,478.92,776.03,4,1
990.84,1.0,129.43,861.41,5,1
826.93,0.6,121.16,705.77,3,1
848.67,0.4,213.16,635.51,2,1
1730.46,1.2,753.41,977.05,6,1
979.93,0.6,221.22,758.72,3,1
745.12,0.2,179.86,565.26,1,1
705.93,0.2,140.68,565.26,1,1
777.09,0.4,171.84,605.26,2,1
649.56,0.2,152.38,497.18,1,0
986.4,0.2,489.22,497.18,1,1
744.6,0.2,171.78,572.82,1,1
834.84,0.4,206.89,627.95,2,1
947.6,0.6,226.7,720.9,3,1
1428.66,1.0,514.3,914.36,5,1
571.47,0.0,99.16,472.31,0,0
540.16,0.0,90.54,449.62,0,0
1038.15,0.6,279.43,758.72,3,1
1048.12,0.8,241.84,806.28,4,1
631.96,0.2,66.7,565.26,1,0
762.32,0.4,119.24,643.08,2,0
519.03,0.2,52.11,466.92,1,1
598.15,0.0,133.41,464.74,0,0
593.12,0.0,128.38,464.74,0,0
995.94,0.8,219.92,776.03,4,1
556.37,0.0,106.76,449.62,0,0
697.0,0.2,154.43,542.56,1,1
1002.25,0.6,288.92,713.33,3,1
663.17,0.4,110.86,552.31,2,1
872.85,0.6,167.08,705.77,3,1
952.51,0.4,369.95,582.56,2,0
824.63,0.6,118.86,705.77,3,1
598.91,0.0,149.3,449.62,0,1
836.58,0.4,231.32,605.26,2,1
1372.85,1.4,386.05,986.79,7,1
813.14,0.2,240.32,572.82,1,1
603.56,0.0,146.38,457.18,0,1
710.14,0.4,150.27,559.87,2,1
1278.14,0.6,617.76,660.38,3,1
549.63,0.0,77.32,472.31,0,0
588.31,0.0,123.57,464.74,0,0
698.72,0.2,133.46,565.26,1,0
927.86,0.4,277.22,650.64,2,0
720.39,0.2,155.14,565.26,1,1
930.01,0.6,209.11,720.9,3,1
970.66,0.6,325.41,645.26,3,1
537.82,0.0,65.51,472.31,0,0
1251.77,0.8,506.0,745.77,4,1
1196.12,1.0,296.89,899.23,5,1
1343.99,0.8,666.3,677.69,4,1
799.75,0.6,101.54,698.21,3,1
539.18,0.0,74.43,464.74,0,0
913.52,0.4,361.22,552.31,2,1
1034.42,0.4,429.16,605.26,2,1
1037.07,0.6,285.92,751.15,3,0
1302.19,0.8,526.16,776.03,4,1
759.15,0.2,193.89,565.26,1,1
699.91,0.2,149.78,550.13,1,1
685.26,0.2,120.0,565.26,1,0
802.66,0.4,144.46,658.21,2,1
1143.84,0.6,475.89,667.95,3,1
814.49,0.6,86.03,728.46,3,1
753.08,0.4,125.14,627.95,2,1
1113.98,0.8,353.08,760.9,4,1
718.26,0.2,168.14,550.13,1,1
439.2,0.0,27.41,411.79,0,1
619.22,0.2,84.22,535.0,1,1
1019.39,0.6,306.05,713.33,3,0
754.86,0.4,119.35,635.51,2,1
698.61,0.2,133.35,565.26,1,1
668.53,0.2,118.41,550.13,1,1
605.54,0.2,70.54,535.0,1,1
845.44,0.6,139.68,705.77,3,1
959.65,0.4,384.65,575.0,2,1
671.43,0.2,136.43,535.0,1,1
689.37,0.2,131.68,557.69,1,0
1014.45,0.6,323.81,690.64,3,1
789.38,0.4,169.0,620.38,2,1
905.64,0.4,307.95,597.69,2,1
914.99,0.6,209.22,705.77,3,1
663.98,0.4,96.54,567.44,2,0
1587.66,1.0,801.89,785.77,5,1
1185.11,0.8,356.14,828.97,4,1
576.13,0.0,118.95,457.18,0,0
1264.9,0.6,551.57,713.33,3,1
899.13,0.4,263.62,635.51,2,1
560.09,0.0,95.35,464.74,0,0
657.39,0.2,92.14,565.26,1,1
512.68,0.0,93.32,419.36,0,1
815.65,0.4,195.27,620.38,2,0
621.91,0.0,172.3,449.62,0,0
1130.57,0.8,294.03,836.54,4,1
