"Total_Cost","Ratio_Reloc_Prod","Horiz_Cost","Vert_Cost","nReloc","non_Optimal"
225321.83,0.4413,34706.93,190615.01,662,122
846.21,0.6,102.62,743.59,3,0
959.78,0.8,123.24,836.54,4,1
862.98,0.8,109.65,753.33,4,0
819.26,0.4,168.62,650.64,2,1
670.15,0.2,112.46,557.69,1,0
893.97,0.6,150.38,743.59,3,0
803.29,0.4,160.22,643.08,2,1
624.4,0.2,66.7,557.69,1,0
829.22,0.6,100.76,728.46,3,0
765.67,0.4,130.16,635.51,2,0
1149.5,1.2,149.76,999.74,6,1
850.06,0.6,129.16,720.9,3,0
791.46,0.6,108.38,683.08,3,0
977.29,0.8,193.7,783.59,4,0
555.3,0.0,75.43,479.87,0,1
657.16,0.2,122.16,535.0,1,1
576.37,0.2,71.62,504.74,1,0
763.97,0.4,128.46,635.51,2,0
747.3,0.4,119.35,627.95,2,0
666.96,0.2,94.14,572.82,1,0
1207.68,1.2,245.76,961.92,6,0
913.4,0.8,122.24,791.15,4,1
831.87,0.6,118.54,713.33,3,0
869.59,0.8,78.43,791.15,4,1
648.5,0.4,50.81,597.69,2,1
501.4,0.0,44.22,457.18,0,0
895.66,0.8,96.95,798.72,4,0
726.01,0.4,120.76,605.26,2,0
566.73,0.0,124.68,442.05,0,1
1009.14,1.0,140.16,868.97,5,1
829.86,0.6,93.84,736.03,3,1
613.67,0.2,71.11,542.56,1,1
687.07,0.4,81.81,605.26,2,0
654.4,0.2,111.84,542.56,1,1
585.39,0.0,113.08,472.31,0,0
1096.67,1.2,165.0,931.67,6,0
538.07,0.0,73.32,464.74,0,0
749.9,0.4,137.08,612.82,2,1
757.87,0.2,169.92,587.95,1,1
493.56,0.0,51.51,442.05,0,0
1091.4,1.0,199.73,891.67,5,1
747.86,0.4,112.35,635.51,2,1
592.85,0.0,120.54,472.31,0,1
491.85,0.0,80.05,411.79,0,0
727.89,0.4,99.95,627.95,2,1
728.77,0.4,115.95,612.82,2,1
951.57,0.8,183.11,768.46,4,0
541.1,0.2,43.92,497.18,1,0
612.5,0.2,54.81,557.69,1,1
474.0,0.0,39.51,434.49,0,1
686.76,0.4,111.76,575.0,2,1
796.44,0.4,130.68,665.77,2,0
931.03,0.6,210.14,720.9,3,0
709.87,0.4,97.05,612.82,2,0
654.31,0.2,96.62,557.69,1,1
518.87,0.0,91.95,426.92,0,1
825.48,0.6,127.27,698.21,3,0
847.33,0.6,118.86,728.46,3,0
579.07,0.2,74.32,504.74,1,1
903.7,0.8,135.24,768.46,4,0
679.53,0.4,81.84,597.69,2,0
485.0,0.0,50.51,434.49,0,0
1014.51,1.0,190.92,823.59,5,0
465.63,0.0,38.7,426.92,0,0
843.15,0.8,104.95,738.21,4,1
778.29,0.6,87.65,690.64,3,1
787.3,0.6,119.35,667.95,3,1
1477.98,0.6,825.16,652.82,3,1
655.71,0.2,75.32,580.38,1,1
591.09,0.2,86.35,504.74,1,0
801.82,0.4,128.49,673.33,2,0
779.09,0.4,158.7,620.38,2,0
615.63,0.2,95.76,519.87,1,0
450.17,0.0,30.81,419.36,0,0
772.39,0.6,119.57,652.82,3,0
623.35,0.4,55.92,567.44,2,0
579.33,0.2,67.03,512.31,1,1
626.73,0.2,91.73,535.0,1,0
779.33,0.4,151.38,627.95,2,1
769.82,0.4,157.0,612.82,2,0
680.2,0.2,114.95,565.26,1,0
652.99,0.2,102.86,550.13,1,1
727.52,0.4,107.14,620.38,2,1
955.52,0.8,194.62,760.9,4,0
1137.21,1.2,160.16,977.05,6,0
777.92,0.4,149.97,627.95,2,1
926.16,0.8,157.7,768.46,4,0
1173.09,1.4,171.16,1001.92,7,0
960.88,0.2,456.14,504.74,1,1
718.96,0.2,161.27,557.69,1,0
655.24,0.4,65.11,590.13,2,1
644.28,0.2,79.03,565.26,1,1
764.89,0.4,129.38,635.51,2,1
746.69,0.2,181.43,565.26,1,1
660.45,0.4,70.32,590.13,2,1
718.84,0.4,83.32,635.51,2,0
799.34,0.6,101.14,698.21,3,0
670.75,0.0,213.57,457.18,0,0
629.1,0.2,86.54,542.56,1,0
646.15,0.2,88.46,557.69,1,0
858.09,0.6,144.76,713.33,3,1
1003.16,1.0,187.14,816.03,5,0
805.15,0.6,106.95,698.21,3,0
715.95,0.6,48.0,667.95,3,1
738.55,0.4,118.16,620.38,2,0
758.17,0.4,92.41,665.77,2,0
555.23,0.0,98.05,457.18,0,0
762.92,0.4,134.97,627.95,2,0
668.42,0.2,110.73,557.69,1,0
804.24,0.4,153.59,650.64,2,1
594.28,0.2,74.41,519.87,1,1
745.06,0.4,124.68,620.38,2,0
975.4,1.0,159.38,816.03,5,1
647.1,0.2,96.97,550.13,1,1
697.44,0.2,117.05,580.38,1,0
1021.41,0.8,200.0,821.41,4,0
766.39,0.4,100.62,665.77,2,1
779.12,0.6,80.92,698.21,3,1
752.83,0.4,94.62,658.21,2,0
475.73,0.0,48.81,426.92,0,0
576.84,0.2,49.41,527.44,1,0
781.88,0.6,76.11,705.77,3,1
698.94,0.4,101.24,597.69,2,0
597.08,0.2,54.51,542.56,1,0
503.72,0.0,54.11,449.62,0,1
774.51,0.4,123.86,650.64,2,0
539.02,0.0,81.84,457.18,0,0
706.27,0.4,78.32,627.95,2,1
841.63,0.6,135.86,705.77,3,0
721.75,0.4,124.05,597.69,2,1
921.57,0.8,153.11,768.46,4,0
637.86,0.2,87.73,550.13,1,0
482.95,0.0,56.03,426.92,0,1
797.72,0.6,91.95,705.77,3,0
488.05,0.0,46.0,442.05,0,0
808.03,0.6,140.08,667.95,3,0
583.67,0.0,126.49,457.18,0,1
944.03,0.8,183.14,760.9,4,0
742.39,0.4,129.57,612.82,2,0
867.09,0.8,113.76,753.33,4,0
795.72,0.4,129.95,665.77,2,0
509.35,0.0,59.73,449.62,0,1
676.08,0.2,141.08,535.0,1,1
792.2,0.4,126.43,665.77,2,0
1200.44,1.4,198.51,1001.92,7,0
612.89,0.2,70.32,542.56,1,0
634.4,0.2,91.84,542.56,1,1
890.34,0.8,91.62,798.72,4,1
898.65,1.0,82.62,816.03,5,1
487.24,0.0,37.62,449.62,0,0
724.79,0.2,151.97,572.82,1,0
667.61,0.2,102.35,565.26,1,1
471.14,0.0,44.22,426.92,0,0
725.29,0.4,82.22,643.08,2,0
767.3,0.6,99.35,667.95,3,1
677.26,0.4,87.14,590.13,2,0
525.7,0.0,83.65,442.05,0,0
672.29,0.2,122.16,550.13,1,1
514.58,0.0,57.41,457.18,0,0
609.37,0.2,66.81,542.56,1,1
946.3,1.0,130.27,816.03,5,1
667.45,0.4,77.32,590.13,2,0
802.07,0.6,156.81,645.26,3,0
895.43,0.8,111.84,783.59,4,0
686.03,0.2,158.59,527.44,1,0
887.42,0.6,136.27,751.15,3,0
877.74,0.6,164.41,713.33,3,0
667.72,0.2,110.03,557.69,1,0
555.49,0.0,75.62,479.87,0,0
652.28,0.2,87.03,565.26,1,1
756.65,0.4,121.14,635.51,2,0
693.18,0.4,103.05,590.13,2,1
818.77,0.6,105.43,713.33,3,0
939.22,0.6,165.38,773.85,3,0
1105.76,1.0,191.41,914.36,5,0
644.23,0.2,86.54,557.69,1,0
898.75,0.8,115.16,783.59,4,1
912.9,1.0,66.62,846.28,5,0
758.64,0.4,100.43,658.21,2,0
568.9,0.2,49.03,519.87,1,0
635.77,0.2,70.51,565.26,1,0
932.23,0.8,141.08,791.15,4,1
948.85,1.0,155.51,793.33,5,0
845.74,0.8,84.84,760.9,4,1
836.98,0.6,123.65,713.33,3,1
559.66,0.2,54.92,504.74,1,0
482.7,0.0,48.22,434.49,0,1
1046.73,1.0,170.19,876.54,5,1
717.84,0.4,82.32,635.51,2,1
898.89,0.8,122.86,776.03,4,0
638.81,0.2,96.24,542.56,1,1
656.09,0.2,90.84,565.26,1,0
716.46,0.4,88.51,627.95,2,0
836.53,0.6,145.89,690.64,3,0
895.46,0.6,167.0,728.46,3,0
959.84,0.8,183.81,776.03,4,0
963.49,0.8,142.08,821.41,4,0
712.19,0.4,84.24,627.95,2,0
672.88,0.4,67.62,605.26,2,1
650.23,0.2,77.41,572.82,1,1
805.46,0.4,177.51,627.95,2,0
709.72,0.4,104.46,605.26,2,1
915.9,1.0,122.57,793.33,5,1
1198.88,1.2,252.08,946.79,6,0
663.85,0.2,106.16,557.69,1,1
666.58,0.2,101.32,565.26,1,1
683.06,0.4,55.11,627.95,2,0
635.58,0.2,70.32,565.26,1,0
662.56,0.2,104.86,557.69,1,1
654.29,0.2,104.16,550.13,1,1
609.99,0.2,105.24,504.74,1,0
961.22,0.8,147.38,813.85,4,0
627.77,0.2,62.51,565.26,1,0
597.97,0.2,55.41,542.56,1,1
913.58,0.8,114.86,798.72,4,1
528.72,0.0,71.54,457.18,0,0
680.56,0.2,138.0,542.56,1,0
488.51,0.0,54.03,434.49,0,1
816.28,0.8,70.51,745.77,4,1
570.01,0.0,105.27,464.74,0,1
812.16,0.4,184.22,627.95,2,1
644.27,0.2,109.27,535.0,1,0
866.68,0.8,113.35,753.33,4,0
673.01,0.2,107.76,565.26,1,0
661.23,0.2,103.54,557.69,1,1
845.39,0.6,147.19,698.21,3,0
1498.61,0.8,752.84,745.77,4,1
1003.09,1.0,156.81,846.28,5,0
920.88,0.8,122.16,798.72,4,0
1094.49,1.2,185.51,908.97,6,1
557.82,0.2,45.51,512.31,1,0
808.16,0.6,132.65,675.51,3,0
587.23,0.2,74.92,512.31,1,0
459.63,0.0,32.7,426.92,0,0
911.04,1.0,125.27,785.77,5,1
608.82,0.2,88.95,519.87,1,1
911.79,0.8,150.89,760.9,4,1
514.59,0.0,72.54,442.05,0,0
500.72,0.0,51.11,449.62,0,0
875.1,0.6,192.03,683.08,3,0
576.63,0.0,96.76,479.87,0,0
705.22,0.4,84.84,620.38,2,0
625.36,0.2,60.11,565.26,1,0
1040.4,1.2,123.86,916.54,6,1
571.21,0.2,74.03,497.18,1,0
852.45,0.6,108.86,743.59,3,0
840.18,0.6,141.97,698.21,3,0
623.87,0.2,96.43,527.44,1,1
834.73,0.6,159.22,675.51,3,0
711.08,0.4,83.14,627.95,2,1
1014.87,1.0,153.46,861.41,5,0
505.62,0.0,56.0,449.62,0,0
518.46,0.2,36.41,482.05,1,0
836.24,0.8,60.22,776.03,4,1
861.8,0.6,163.59,698.21,3,0
969.45,1.0,130.73,838.72,5,0
680.91,0.2,130.78,550.13,1,1
1089.36,0.8,275.51,813.85,4,0
842.13,0.6,98.54,743.59,3,1
713.54,0.4,78.03,635.51,2,0
665.7,0.4,83.14,582.56,2,0
721.56,0.4,139.0,582.56,2,0
841.61,0.6,143.41,698.21,3,1
959.07,1.0,120.35,838.72,5,0
517.05,0.2,35.0,482.05,1,0
644.41,0.2,116.97,527.44,1,0
745.55,0.4,125.16,620.38,2,1
794.04,0.6,95.84,698.21,3,1
753.06,0.4,132.68,620.38,2,1
751.9,0.4,86.14,665.77,2,1
560.35,0.2,70.73,489.62,1,0
546.74,0.0,74.43,472.31,0,1
745.23,0.4,87.03,658.21,2,0
708.93,0.4,103.68,605.26,2,0
617.59,0.2,75.03,542.56,1,0
668.4,0.4,85.84,582.56,2,1
1101.18,1.4,121.95,979.23,7,1
936.0,1.0,119.97,816.03,5,0
652.97,0.2,102.84,550.13,1,0
715.76,0.4,87.81,627.95,2,0
873.6,0.6,152.7,720.9,3,1
927.03,0.8,158.57,768.46,4,0
478.05,0.0,36.0,442.05,0,0
945.5,0.8,146.78,798.72,4,1
624.96,0.0,160.22,464.74,0,0
765.01,0.4,99.24,665.77,2,0
648.93,0.2,76.11,572.82,1,0
767.19,0.4,131.68,635.51,2,1
639.51,0.2,96.95,542.56,1,1
529.67,0.2,47.62,482.05,1,1
1040.98,1.0,194.7,846.28,5,1
456.87,0.0,37.51,419.36,0,0
458.06,0.0,38.7,419.36,0,0
1134.33,1.4,139.97,994.36,7,1
1180.22,1.2,218.3,961.92,6,0
859.73,0.6,131.27,728.46,3,0
633.09,0.2,67.84,565.26,1,1
642.07,0.2,76.81,565.26,1,1
481.46,0.0,39.41,442.05,0,1
1073.76,1.2,164.78,908.97,6,1
