"Total_Cost","Ratio_Reloc_Prod","Horiz_Cost","Vert_Cost","nReloc","non_Optimal"
227097.91,0.4367,36952.09,190145.94,655,300
659.11,0.2,78.73,580.38,1,1
590.35,0.0,95.35,495.0,0,1
766.71,0.4,138.76,627.95,2,1
767.58,0.4,94.24,673.33,2,1
600.84,0.0,120.97,479.87,0,1
739.05,0.4,103.54,635.51,2,1
604.16,0.2,54.03,550.13,1,1
789.31,0.6,83.54,705.77,3,1
1195.09,1.4,155.35,1039.74,7,1
873.99,0.6,168.22,705.77,3,1
1271.14,1.4,276.78,994.36,7,1
1134.42,1.2,195.19,939.23,6,1
524.74,0.0,60.0,464.74,0,1
867.79,0.6,146.89,720.9,3,1
720.87,0.4,92.92,627.95,2,1
536.23,0.0,63.92,472.31,0,1
886.89,0.8,118.43,768.46,4,1
957.37,0.8,158.65,798.72,4,1
807.88,0.6,102.11,705.77,3,1
992.51,0.8,208.92,783.59,4,1
788.25,0.4,160.3,627.95,2,1
790.89,0.6,122.95,667.95,3,1
866.83,0.6,123.24,743.59,3,1
532.42,0.0,75.24,457.18,0,1
775.02,0.4,124.38,650.64,2,1
1027.42,1.0,135.76,891.67,5,1
910.31,0.6,204.54,705.77,3,1
705.16,0.2,155.03,550.13,1,1
705.93,0.2,140.68,565.26,1,1
621.44,0.2,109.14,512.31,1,1
544.18,0.0,79.43,464.74,0,1
778.0,0.6,110.05,667.95,3,1
846.25,0.6,125.35,720.9,3,1
731.31,0.2,173.62,557.69,1,1
508.43,0.0,73.95,434.49,0,1
896.32,0.8,112.73,783.59,4,1
536.53,0.0,86.92,449.62,0,1
836.0,0.6,160.49,675.51,3,1
645.25,0.2,125.38,519.87,1,1
724.37,0.4,126.68,597.69,2,1
613.24,0.2,63.11,550.13,1,1
585.94,0.0,128.76,457.18,0,1
462.76,0.0,43.41,419.36,0,1
917.3,0.6,196.41,720.9,3,1
785.98,0.4,165.59,620.38,2,1
721.02,0.4,77.95,643.08,2,1
1040.91,1.0,149.24,891.67,5,1
733.49,0.4,105.54,627.95,2,1
617.03,0.2,82.03,535.0,1,1
744.66,0.4,139.41,605.26,2,1
892.73,0.4,264.78,627.95,2,1
650.39,0.2,85.14,565.26,1,1
780.16,0.6,104.65,675.51,3,1
740.97,0.4,105.46,635.51,2,1
669.44,0.2,142.0,527.44,1,1
903.46,0.6,175.0,728.46,3,1
557.75,0.0,100.57,457.18,0,1
523.35,0.0,73.73,449.62,0,1
952.45,1.0,113.73,838.72,5,1
630.4,0.2,87.84,542.56,1,1
955.73,0.8,179.7,776.03,4,1
991.46,0.8,162.49,828.97,4,1
678.37,0.2,120.68,557.69,1,1
676.09,0.2,110.84,565.26,1,1
657.05,0.2,122.05,535.0,1,1
806.51,0.4,155.86,650.64,2,1
788.75,0.6,98.11,690.64,3,1
772.69,0.6,66.92,705.77,3,1
491.05,0.0,49.0,442.05,0,1
779.14,0.4,151.19,627.95,2,1
494.97,0.0,52.92,442.05,0,1
763.68,0.4,143.3,620.38,2,1
853.48,0.4,202.84,650.64,2,1
540.75,0.0,91.14,449.62,0,1
657.49,0.2,130.05,527.44,1,1
476.49,0.0,42.0,434.49,0,1
811.8,0.4,206.54,605.26,2,1
787.14,0.6,126.76,660.38,3,1
738.68,0.4,110.73,627.95,2,1
750.0,0.4,122.05,627.95,2,1
1016.06,1.0,147.08,868.97,5,1
599.84,0.2,64.84,535.0,1,1
550.77,0.0,86.03,464.74,0,1
766.03,0.4,138.08,627.95,2,1
917.93,0.6,272.68,645.26,3,1
535.35,0.0,85.73,449.62,0,1
745.73,0.4,102.65,643.08,2,1
545.77,0.0,81.03,464.74,0,1
633.14,0.2,98.14,535.0,1,1
892.83,0.8,94.11,798.72,4,1
865.83,0.6,122.24,743.59,3,1
670.83,0.2,128.27,542.56,1,1
868.37,0.8,77.22,791.15,4,1
1218.89,1.2,241.84,977.05,6,1
752.7,0.4,109.62,643.08,2,1
720.49,0.4,92.54,627.95,2,1
615.36,0.2,50.11,565.26,1,1
1427.93,1.8,240.11,1187.82,9,1
547.67,0.0,98.05,449.62,0,1
557.25,0.0,84.95,472.31,0,1
548.05,0.0,98.43,449.62,0,1
751.51,0.6,68.43,683.08,3,1
619.86,0.2,69.73,550.13,1,1
494.46,0.0,67.54,426.92,0,1
963.69,1.0,132.54,831.15,5,1
738.37,0.4,140.68,597.69,2,1
519.03,0.0,99.68,419.36,0,1
872.0,0.6,135.97,736.03,3,1
726.77,0.4,113.95,612.82,2,1
825.42,0.6,134.78,690.64,3,1
1062.21,1.0,178.11,884.1,5,1
603.75,0.2,53.62,550.13,1,1
702.31,0.2,129.49,572.82,1,1
506.67,0.0,64.62,442.05,0,1
622.41,0.2,102.54,519.87,1,1
893.98,0.8,133.08,760.9,4,1
741.98,0.4,129.16,612.82,2,1
773.31,0.4,175.62,597.69,2,1
777.14,0.6,116.76,660.38,3,1
666.57,0.2,146.7,519.87,1,1
786.27,0.6,110.76,675.51,3,1
510.0,0.0,67.95,442.05,0,1
997.96,0.8,199.24,798.72,4,1
959.72,0.8,168.57,791.15,4,1
918.45,0.6,220.24,698.21,3,1
725.35,0.4,89.84,635.51,2,1
716.1,0.4,73.03,643.08,2,1
533.35,0.0,98.86,434.49,0,1
501.5,0.0,44.32,457.18,0,1
642.18,0.2,92.05,550.13,1,1
728.48,0.4,77.84,650.64,2,1
676.67,0.2,118.97,557.69,1,1
492.46,0.0,65.54,426.92,0,1
671.15,0.2,113.46,557.69,1,1
706.17,0.4,93.35,612.82,2,1
929.82,0.8,123.54,806.28,4,1
1105.47,1.2,158.68,946.79,6,1
1140.06,1.2,185.7,954.36,6,1
689.8,0.4,84.54,605.26,2,1
1111.62,1.2,187.51,924.1,6,1
1070.46,0.8,249.05,821.41,4,1
796.37,0.4,138.16,658.21,2,1
888.76,0.6,160.3,728.46,3,1
563.39,0.0,98.65,464.74,0,1
725.48,0.4,127.78,597.69,2,1
748.53,0.4,143.27,605.26,2,1
821.48,0.6,123.27,698.21,3,1
662.43,0.2,119.86,542.56,1,1
964.96,0.8,158.68,806.28,4,1
495.25,0.0,68.32,426.92,0,1
604.89,0.2,62.32,542.56,1,1
886.35,0.6,157.89,728.46,3,1
811.32,0.6,120.68,690.64,3,1
749.36,0.4,128.97,620.38,2,1
655.28,0.2,90.03,565.26,1,1
621.98,0.2,94.54,527.44,1,1
560.5,0.2,63.32,497.18,1,1
741.98,0.4,129.16,612.82,2,1
660.32,0.2,117.76,542.56,1,1
579.61,0.0,114.86,464.74,0,1
698.55,0.4,85.73,612.82,2,1
858.94,0.6,168.3,690.64,3,1
471.89,0.0,37.41,434.49,0,1
524.48,0.0,82.43,442.05,0,1
805.47,0.6,92.14,713.33,3,1
820.14,0.6,99.24,720.9,3,1
668.88,0.2,118.76,550.13,1,1
1015.16,0.8,186.19,828.97,4,1
940.5,0.6,227.16,713.33,3,1
483.6,0.0,49.11,434.49,0,1
607.49,0.4,47.62,559.87,2,1
873.38,0.6,152.49,720.9,3,1
551.65,0.0,117.16,434.49,0,1
521.94,0.0,72.32,449.62,0,1
1125.43,1.2,216.46,908.97,6,1
565.77,0.0,93.46,472.31,0,1
609.59,0.2,67.03,542.56,1,1
797.26,0.6,106.62,690.64,3,1
534.64,0.0,85.03,449.62,0,1
778.68,0.4,158.3,620.38,2,1
712.13,0.4,76.62,635.51,2,1
642.07,0.2,91.95,550.13,1,1
563.23,0.2,50.92,512.31,1,1
734.85,0.4,129.59,605.26,2,1
569.23,0.2,56.92,512.31,1,1
638.61,0.4,40.92,597.69,2,1
664.45,0.2,106.76,557.69,1,1
1173.51,1.2,188.89,984.62,6,1
1078.93,1.0,179.7,899.23,5,1
754.59,0.4,103.95,650.64,2,1
520.64,0.0,71.03,449.62,0,1
939.18,0.8,140.46,798.72,4,1
701.85,0.4,89.03,612.82,2,1
958.91,0.8,160.19,798.72,4,1
994.35,0.8,218.32,776.03,4,1
574.47,0.0,102.16,472.31,0,1
641.7,0.2,99.14,542.56,1,1
898.1,0.8,159.89,738.21,4,1
827.12,0.6,121.35,705.77,3,1
1102.1,1.0,263.38,838.72,5,1
602.24,0.0,152.62,449.62,0,1
1009.35,0.8,225.76,783.59,4,1
910.05,0.6,158.89,751.15,3,1
765.1,0.6,82.03,683.08,3,1
943.63,0.8,122.22,821.41,4,1
496.99,0.0,39.81,457.18,0,1
841.04,0.6,135.27,705.77,3,1
988.26,0.8,197.11,791.15,4,1
619.31,0.0,154.57,464.74,0,1
627.0,0.2,99.57,527.44,1,1
460.28,0.0,40.92,419.36,0,1
700.02,0.2,149.89,550.13,1,1
686.88,0.2,136.76,550.13,1,1
880.95,0.8,120.05,760.9,4,1
1087.42,1.0,180.62,906.79,5,1
606.79,0.2,79.35,527.44,1,1
676.73,0.2,149.3,527.44,1,1
616.52,0.2,96.65,519.87,1,1
866.52,0.6,153.19,713.33,3,1
1002.62,1.0,179.03,823.59,5,1
785.13,0.6,102.05,683.08,3,1
594.33,0.2,82.03,512.31,1,1
909.37,1.0,78.22,831.15,5,1
1141.4,1.0,264.86,876.54,5,1
670.19,0.2,135.19,535.0,1,1
604.48,0.0,147.3,457.18,0,1
710.35,0.6,42.41,667.95,3,1
654.27,0.2,119.27,535.0,1,1
488.89,0.0,54.41,434.49,0,1
452.79,0.0,41.0,411.79,0,1
556.45,0.2,51.7,504.74,1,1
678.53,0.4,80.84,597.69,2,1
467.03,0.0,40.11,426.92,0,1
590.25,0.2,77.95,512.31,1,1
645.91,0.4,48.22,597.69,2,1
569.45,0.2,64.7,504.74,1,1
726.69,0.4,113.86,612.82,2,1
601.01,0.2,96.27,504.74,1,1
478.09,0.0,58.73,419.36,0,1
531.4,0.0,89.35,442.05,0,1
509.77,0.0,97.97,411.79,0,1
899.57,0.8,123.54,776.03,4,1
548.94,0.0,99.32,449.62,0,1
825.98,0.6,112.65,713.33,3,1
838.31,0.4,180.11,658.21,2,1
1123.29,1.2,191.62,931.67,6,1
916.79,0.6,188.32,728.46,3,1
784.59,0.6,93.95,690.64,3,1
938.78,0.8,155.19,783.59,4,1
821.46,0.4,178.38,643.08,2,1
686.61,0.4,88.92,597.69,2,1
1023.28,1.0,161.86,861.41,5,1
995.74,1.0,149.46,846.28,5,1
841.97,0.6,158.89,683.08,3,1
1009.84,0.8,241.38,768.46,4,1
1120.8,1.0,229.14,891.67,5,1
990.68,0.8,169.27,821.41,4,1
983.35,0.8,199.76,783.59,4,1
1121.88,1.0,230.22,891.67,5,1
793.11,0.4,172.73,620.38,2,1
580.62,0.0,131.0,449.62,0,1
844.19,0.6,115.73,728.46,3,1
773.9,0.4,161.08,612.82,2,1
904.56,0.6,160.97,743.59,3,1
932.89,0.8,156.86,776.03,4,1
844.29,0.6,146.08,698.21,3,1
812.47,0.4,199.65,612.82,2,1
676.69,0.4,71.43,605.26,2,1
587.09,0.0,114.78,472.31,0,1
684.7,0.2,134.57,550.13,1,1
954.23,1.0,123.08,831.15,5,1
610.84,0.2,75.84,535.0,1,1
940.4,1.0,124.38,816.03,5,1
834.39,0.4,221.57,612.82,2,1
1007.83,0.8,224.24,783.59,4,1
952.63,0.8,138.78,813.85,4,1
594.08,0.2,51.51,542.56,1,1
761.28,0.4,140.89,620.38,2,1
526.11,0.0,84.05,442.05,0,1
811.68,0.6,98.35,713.33,3,1
888.86,0.8,112.84,776.03,4,1
1332.51,1.6,222.51,1110.0,8,1
670.24,0.2,127.68,542.56,1,1
608.05,0.2,57.92,550.13,1,1
703.17,0.4,90.35,612.82,2,1
764.31,0.4,151.49,612.82,2,1
512.7,0.0,70.65,442.05,0,1
930.67,0.8,147.08,783.59,4,1
992.89,0.8,224.43,768.46,4,1
659.16,0.4,69.03,590.13,2,1
592.39,0.2,72.51,519.87,1,1
874.11,0.6,206.16,667.95,3,1
703.13,0.2,153.0,550.13,1,1
747.63,0.4,142.38,605.26,2,1
474.25,0.0,47.32,426.92,0,1
761.64,0.6,63.43,698.21,3,1
758.44,0.6,98.05,660.38,3,1
656.84,0.2,136.97,519.87,1,1
977.01,1.0,130.73,846.28,5,1
832.5,0.6,134.3,698.21,3,1
