"Total_Cost","Ratio_Reloc_Prod","Horiz_Cost","Vert_Cost","nReloc","non_Optimal"
272324.22,0.7393,62861.06,209463.2,1109,200
541.08,0.2,59.03,482.05,1,0
684.87,0.2,210.38,474.49,1,1
547.7,0.2,65.65,482.05,1,0
789.25,0.8,96.43,692.82,4,1
440.72,0.0,51.62,389.1,0,0
793.55,0.8,100.73,692.82,4,0
697.62,0.6,82.62,615.0,3,0
946.7,1.2,136.05,810.64,6,1
1380.12,1.2,493.84,886.28,6,1
1012.3,1.2,216.78,795.51,6,1
1095.23,1.4,184.08,911.15,7,1
1491.25,1.0,743.3,747.95,5,1
573.54,0.2,99.05,474.49,1,1
887.56,0.6,265.0,622.56,3,1
508.3,0.0,88.95,419.36,0,0
1680.99,1.0,796.89,884.1,5,1
591.72,0.2,94.54,497.18,1,0
674.89,0.4,145.27,529.62,2,0
814.14,0.8,113.76,700.38,4,1
533.84,0.2,66.92,466.92,1,0
520.98,0.0,94.05,426.92,0,0
549.62,0.0,107.57,442.05,0,0
764.3,0.6,96.35,667.95,3,1
791.05,0.6,168.49,622.56,3,1
1557.77,0.6,920.08,637.69,3,1
810.98,0.8,118.16,692.82,4,1
846.88,0.8,169.19,677.69,4,1
813.1,0.8,90.03,723.08,4,0
560.1,0.2,62.92,497.18,1,0
795.61,0.8,110.35,685.26,4,1
1003.72,1.2,140.14,863.59,6,1
760.78,0.6,130.65,630.13,3,1
765.36,0.6,112.54,652.82,3,1
1708.85,2.6,315.65,1393.21,13,1
694.75,0.4,172.7,522.05,2,1
475.9,0.0,64.11,411.79,0,0
675.04,0.4,122.73,552.31,2,1
2118.83,1.4,1139.59,979.23,7,1
1029.65,1.0,213.62,816.03,5,1
1473.26,0.8,674.54,798.72,4,1
985.58,1.2,91.73,893.85,6,1
828.63,0.6,175.81,652.82,3,1
685.59,0.4,95.46,590.13,2,0
552.39,0.0,140.59,411.79,0,0
709.29,0.4,119.16,590.13,2,0
1205.95,1.6,156.46,1049.49,8,1
809.0,0.8,101.05,707.95,4,1
1003.18,1.2,124.46,878.72,6,1
813.6,0.8,113.22,700.38,4,1
1462.34,1.6,443.11,1019.23,8,1
670.7,0.4,88.14,582.56,2,0
1809.01,1.4,822.22,986.79,7,1
470.96,0.0,66.73,404.23,0,0
872.54,0.8,164.59,707.95,4,1
474.61,0.0,77.95,396.67,0,0
1027.15,1.0,188.43,838.72,5,1
1494.72,1.0,671.14,823.59,5,1
685.03,0.6,70.03,615.0,3,1
734.25,0.6,81.43,652.82,3,1
884.41,0.6,276.97,607.44,3,1
1079.72,1.2,216.14,863.59,6,1
1062.9,1.0,262.0,800.9,5,1
933.16,1.0,109.57,823.59,5,1
1347.6,1.4,398.62,948.97,7,1
565.38,0.2,98.46,466.92,1,0
920.03,1.0,119.14,800.9,5,1
1107.27,1.4,150.73,956.54,7,1
686.13,0.4,156.51,529.62,2,1
2130.98,1.6,1028.54,1102.44,8,1
749.91,0.6,104.65,645.26,3,0
929.14,1.0,181.19,747.95,5,1
451.75,0.0,62.65,389.1,0,0
798.52,0.8,98.14,700.38,4,0
790.67,0.6,100.03,690.64,3,1
674.3,0.4,106.86,567.44,2,0
650.61,0.4,52.92,597.69,2,0
856.01,0.8,163.19,692.82,4,1
1317.13,1.0,501.11,816.03,5,1
499.16,0.0,110.05,389.1,0,0
568.53,0.2,78.92,489.62,1,0
921.42,1.0,135.65,785.77,5,1
562.52,0.2,103.16,459.36,1,0
508.04,0.0,96.24,411.79,0,0
971.9,1.2,85.62,886.28,6,1
786.41,0.6,171.41,615.0,3,1
977.84,1.0,169.38,808.46,5,1
607.55,0.4,62.81,544.74,2,0
479.13,0.0,90.03,389.1,0,0
519.85,0.0,55.11,464.74,0,0
1080.73,1.2,111.24,969.49,6,1
918.23,1.0,132.46,785.77,5,1
756.46,0.4,173.89,582.56,2,1
663.94,0.2,121.38,542.56,1,0
553.13,0.2,63.51,489.62,1,0
1497.16,1.0,681.14,816.03,5,1
621.45,0.4,76.7,544.74,2,0
840.11,0.8,132.16,707.95,4,1
1426.97,1.6,430.43,996.54,8,1
514.39,0.0,110.16,404.23,0,0
1515.85,0.8,762.51,753.33,4,1
834.25,0.6,234.38,599.87,3,1
910.91,1.0,87.32,823.59,5,1
786.83,0.6,88.62,698.21,3,1
762.62,0.6,140.05,622.56,3,0
844.75,0.8,106.54,738.21,4,1
978.71,1.2,92.43,886.28,6,1
1502.82,2.4,202.57,1300.26,12,1
479.47,0.0,60.11,419.36,0,0
885.07,1.0,114.43,770.64,5,1
954.01,1.0,160.68,793.33,5,1
750.22,0.6,89.84,660.38,3,1
637.25,0.2,117.38,519.87,1,1
939.74,0.8,186.41,753.33,4,1
836.59,0.8,105.95,730.64,4,1
743.7,0.6,113.57,630.13,3,1
527.62,0.0,138.51,389.1,0,0
964.91,1.0,186.7,778.21,5,1
838.08,0.8,69.62,768.46,4,0
1024.37,1.2,145.65,878.72,6,1
632.28,0.4,87.54,544.74,2,0
1884.09,1.6,789.22,1094.87,8,1
1465.96,1.6,446.73,1019.23,8,1
722.75,0.4,140.19,582.56,2,0
638.6,0.4,78.73,559.87,2,0
948.15,1.0,162.38,785.77,5,1
805.26,0.6,160.0,645.26,3,1
844.28,0.8,143.89,700.38,4,1
463.8,0.0,67.14,396.67,0,0
1254.7,1.0,431.11,823.59,5,1
936.56,1.0,173.49,763.08,5,1
1051.33,1.2,142.35,908.97,6,1
1062.97,1.2,154.0,908.97,6,1
578.35,0.2,103.86,474.49,1,0
891.38,0.8,191.0,700.38,4,1
627.37,0.4,82.62,544.74,2,0
898.43,1.0,135.35,763.08,5,1
1203.23,1.4,276.95,926.28,7,1
817.84,0.8,102.32,715.51,4,1
656.45,0.4,66.32,590.13,2,0
742.64,0.6,104.95,637.69,3,1
705.45,0.4,107.76,597.69,2,0
2012.11,1.4,1055.57,956.54,7,1
966.41,1.0,173.08,793.33,5,1
1058.81,1.2,142.27,916.54,6,1
958.78,1.0,195.7,763.08,5,1
968.64,0.8,245.57,723.08,4,1
917.16,1.0,161.65,755.51,5,0
1252.43,0.8,529.35,723.08,4,1
1107.6,1.4,173.76,933.85,7,1
1391.65,1.4,450.24,941.41,7,1
793.76,0.6,133.38,660.38,3,0
784.01,0.6,138.76,645.26,3,1
467.36,0.0,48.0,419.36,0,0
856.33,0.8,95.43,760.9,4,1
919.38,0.8,158.49,760.9,4,0
686.53,0.6,56.41,630.13,3,0
479.21,0.0,82.54,396.67,0,1
794.17,0.6,186.73,607.44,3,1
482.97,0.0,93.86,389.1,0,0
672.68,0.4,105.24,567.44,2,0
1743.43,1.2,819.32,924.1,6,1
820.91,0.8,97.84,723.08,4,1
1532.93,1.0,754.73,778.21,5,1
788.02,0.6,157.89,630.13,3,1
461.26,0.0,57.03,404.23,0,0
784.3,0.8,83.92,700.38,4,0
1057.05,1.2,132.95,924.1,6,1
1930.08,1.8,787.65,1142.44,9,1
1825.4,1.2,908.86,916.54,6,1
864.85,0.8,179.59,685.26,4,1
911.63,1.0,125.86,785.77,5,1
504.85,0.0,40.11,464.74,0,0
1007.6,1.2,166.7,840.9,6,1
720.44,0.6,67.62,652.82,3,1
832.06,0.6,164.11,667.95,3,1
973.17,1.2,139.84,833.33,6,1
441.1,0.0,44.43,396.67,0,0
729.57,0.6,61.62,667.95,3,0
791.08,0.8,83.14,707.95,4,1
999.15,1.0,152.86,846.28,5,1
1385.86,2.0,195.86,1190.0,10,1
657.18,0.4,127.57,529.62,2,0
1362.48,1.6,365.95,996.54,8,1
1133.88,1.4,147.08,986.79,7,1
780.44,0.6,120.05,660.38,3,1
687.24,0.6,57.11,630.13,3,0
1023.35,1.2,159.76,863.59,6,1
1064.92,1.2,155.95,908.97,6,1
662.86,0.4,125.68,537.18,2,0
1016.34,1.2,130.05,886.28,6,1
703.32,0.4,120.76,582.56,2,1
1192.51,1.4,243.54,948.97,7,1
1349.65,1.6,292.59,1057.05,8,1
450.18,0.0,53.51,396.67,0,0
522.59,0.0,80.54,442.05,0,0
667.69,0.4,122.95,544.74,2,0
1200.07,1.6,173.27,1026.79,8,1
539.17,0.0,127.38,411.79,0,0
485.46,0.0,43.41,442.05,0,0
975.89,1.0,159.86,816.03,5,1
709.12,0.6,71.43,637.69,3,1
778.32,0.6,95.24,683.08,3,0
1341.19,0.4,773.76,567.44,2,1
1542.35,2.0,352.35,1190.0,10,1
988.85,1.0,210.65,778.21,5,1
1234.21,1.8,137.16,1097.05,9,1
783.2,0.8,82.81,700.38,4,0
1664.27,1.0,840.68,823.59,5,1
562.12,0.2,102.76,459.36,1,0
1064.92,0.8,304.03,760.9,4,1
542.41,0.2,67.92,474.49,1,0
526.0,0.2,51.51,474.49,1,0
886.1,0.8,147.89,738.21,4,1
749.17,0.6,149.3,599.87,3,1
1956.3,1.6,861.43,1094.87,8,1
1423.91,1.6,404.68,1019.23,8,1
490.04,0.0,78.24,411.79,0,0
693.46,0.4,118.46,575.0,2,1
962.56,1.0,123.84,838.72,5,1
509.15,0.0,97.35,411.79,0,0
730.42,0.4,178.11,552.31,2,1
725.0,0.6,102.43,622.56,3,1
807.14,0.8,106.76,700.38,4,1
1032.02,0.4,509.97,522.05,2,1
926.64,0.8,188.43,738.21,4,1
741.23,0.6,103.54,637.69,3,0
654.16,0.4,124.54,529.62,2,1
704.04,0.4,106.35,597.69,2,1
1060.4,1.2,143.86,916.54,6,1
938.66,0.8,200.46,738.21,4,1
458.06,0.0,38.7,419.36,0,0
475.36,0.0,56.0,419.36,0,0
726.65,0.6,58.7,667.95,3,0
720.4,0.6,97.84,622.56,3,1
744.06,0.6,91.24,652.82,3,1
554.19,0.2,87.27,466.92,1,0
874.14,0.8,166.19,707.95,4,1
943.1,1.0,172.46,770.64,5,1
1107.47,1.2,228.76,878.72,6,1
1242.08,1.6,253.11,988.97,8,1
1476.18,0.8,737.97,738.21,4,1
1444.28,1.0,650.95,793.33,5,1
805.49,0.8,97.54,707.95,4,1
732.53,0.6,94.84,637.69,3,0
719.03,0.6,104.03,615.0,3,1
783.02,0.6,152.89,630.13,3,1
1002.26,1.2,123.54,878.72,6,1
810.86,0.6,135.35,675.51,3,1
788.41,0.6,173.41,615.0,3,1
1198.07,1.2,326.92,871.15,6,1
749.91,0.6,104.65,645.26,3,0
906.86,1.0,90.84,816.03,5,1
1064.84,1.4,123.43,941.41,7,1
865.18,0.8,126.97,738.21,4,1
529.7,0.0,87.65,442.05,0,0
701.6,0.4,187.11,514.49,2,1
579.74,0.2,67.43,512.31,1,0
449.34,0.0,45.11,404.23,0,0
778.39,0.6,72.62,705.77,3,1
995.95,1.2,94.54,901.41,6,1
607.77,0.2,95.46,512.31,1,0
795.11,0.8,94.73,700.38,4,1
933.45,0.8,195.24,738.21,4,1
1233.79,1.4,292.38,941.41,7,1
1385.77,0.8,632.43,753.33,4,1
621.45,0.4,91.84,529.62,2,0
1144.7,1.4,256.24,888.46,7,1
1357.99,1.6,346.32,1011.67,8,1
572.72,0.2,75.54,497.18,1,0
914.96,0.8,222.14,692.82,4,1
858.08,0.8,142.57,715.51,4,0
725.49,0.4,165.62,559.87,2,1
938.14,1.0,137.24,800.9,5,1
763.01,0.6,117.76,645.26,3,1
564.45,0.2,74.84,489.62,1,0
1689.91,1.2,750.68,939.23,6,1
475.28,0.0,55.92,419.36,0,0
940.32,1.0,169.68,770.64,5,1
737.9,0.6,130.46,607.44,3,1
706.26,0.6,76.14,630.13,3,1
814.74,0.6,161.92,652.82,3,1
711.77,0.4,114.08,597.69,2,0
794.21,0.6,164.08,630.13,3,0
1070.89,1.4,121.92,948.97,7,1
1976.35,1.4,1012.24,964.1,7,1
775.6,0.6,107.65,667.95,3,0
1758.33,1.2,849.35,908.97,6,1
1959.01,1.4,972.22,986.79,7,1
1186.85,0.6,481.08,705.77,3,1
831.74,0.6,178.92,652.82,3,1
950.62,1.0,142.16,808.46,5,1
2094.1,1.4,1061.92,1032.18,7,1
1966.97,1.0,1150.95,816.03,5,1
490.49,0.0,56.0,434.49,0,0
1052.74,1.2,105.95,946.79,6,1
595.13,0.4,65.51,529.62,2,0
529.97,0.2,47.92,482.05,1,0
747.08,0.6,64.0,683.08,3,0
1019.55,1.0,233.78,785.77,5,1
470.47,0.0,51.11,419.36,0,0
