"Total_Cost","Ratio_Reloc_Prod","Horiz_Cost","Vert_Cost","nReloc","non_Optimal"
221673.46,0.4373,31298.46,190374.99,656,150
1549.09,0.5,192.68,1356.41,5,1
1708.35,0.5,283.86,1424.49,5,1
1194.15,0.1,141.46,1052.69,1,1
1664.9,0.6,207.97,1456.92,6,1
1179.57,0.1,157.14,1022.44,1,1
1600.6,0.5,236.62,1363.97,5,1
1419.55,0.3,211.22,1208.33,3,1
1517.82,0.4,201.41,1316.41,4,1
1345.09,0.3,136.76,1208.33,3,1
1191.87,0.1,177.0,1014.87,1,1
1373.3,0.4,109.84,1263.46,4,1
1360.31,0.3,212.49,1147.82,3,1
1549.9,0.6,161.05,1388.85,6,1
1581.35,0.6,162.24,1419.1,6,1
1467.31,0.5,178.97,1288.33,5,1
1720.64,0.6,241.03,1479.62,6,1
1645.04,0.6,271.32,1373.72,6,1
1502.51,0.4,231.49,1271.03,4,1
1507.84,0.5,196.81,1311.03,5,1
1862.39,0.8,219.57,1642.82,8,1
1377.58,0.3,184.38,1193.21,3,1
1488.82,0.4,240.49,1248.33,4,1
1501.34,0.3,315.7,1185.64,3,1
1516.09,0.5,167.24,1348.85,5,1
1596.33,0.5,239.92,1356.41,5,1
1636.65,0.5,325.62,1311.03,5,1
1703.73,0.6,246.81,1456.92,6,1
1593.57,0.5,229.59,1363.97,5,1
1545.73,0.5,181.76,1363.97,5,1
1205.43,0.2,135.43,1070.0,2,1
1733.74,0.6,284.38,1449.36,6,1
1540.65,0.4,284.76,1255.9,4,1
1188.14,0.2,118.14,1070.0,2,1
1280.0,0.2,210.0,1070.0,2,1
1482.36,0.4,226.46,1255.9,4,1
1262.96,0.2,170.27,1092.69,2,1
1279.61,0.3,139.35,1140.26,3,1
1705.0,0.7,208.08,1496.92,7,1
1451.56,0.3,258.35,1193.21,3,1
1165.2,0.1,165.46,999.74,1,1
1628.09,0.6,246.81,1381.28,6,1
1687.34,0.7,220.68,1466.67,7,1
1446.11,0.6,110.22,1335.9,6,1
1528.66,0.5,187.38,1341.28,5,1
958.84,0.0,97.43,861.41,0,1
1010.43,0.0,141.46,868.97,0,1
1657.53,0.7,190.86,1466.67,7,1
1573.36,0.5,292.59,1280.77,5,1
1152.49,0.1,183.0,969.49,1,1
1865.48,0.8,305.86,1559.62,8,1
1625.94,0.7,159.27,1466.67,7,1
1138.26,0.1,138.51,999.74,1,1
1596.04,0.6,207.19,1388.85,6,1
1600.55,0.5,259.27,1341.28,5,1
1157.75,0.2,125.57,1032.18,2,1
1254.49,0.2,199.62,1054.87,2,1
1110.0,0.0,188.08,921.92,0,1
1988.67,1.0,243.16,1745.51,10,1
1543.65,0.4,272.62,1271.03,4,1
1060.87,0.1,106.51,954.36,1,1
1335.43,0.3,157.35,1178.08,3,1
1510.53,0.4,224.38,1286.15,4,1
1582.08,0.5,271.05,1311.03,5,1
1411.7,0.3,233.62,1178.08,3,1
1697.34,0.5,310.68,1386.67,5,1
1627.1,0.5,240.43,1386.67,5,1
1562.19,0.4,291.16,1271.03,4,1
1016.4,0.0,124.73,891.67,0,1
1616.03,0.5,252.05,1363.97,5,1
1220.58,0.1,228.41,992.18,1,1
1866.65,0.9,229.22,1637.44,9,1
1577.19,0.5,266.16,1311.03,5,1
1654.94,0.6,243.41,1411.54,6,1
1175.36,0.2,128.05,1047.31,2,1
1362.73,0.3,199.78,1162.95,3,1
1138.03,0.2,128.54,1009.49,2,1
1417.9,0.4,222.51,1195.38,4,1
1909.29,0.8,296.73,1612.56,8,1
1326.82,0.4,131.43,1195.38,4,1
1810.75,0.7,291.14,1519.62,7,1
1664.16,0.6,199.68,1464.49,6,1
1112.58,0.1,112.84,999.74,1,1
1189.47,0.2,142.16,1047.31,2,1
1334.35,0.3,163.84,1170.51,3,1
1270.83,0.3,153.27,1117.56,3,1
1713.34,0.6,271.54,1441.79,6,1
1384.89,0.4,174.38,1210.51,4,1
1583.17,0.6,186.76,1396.41,6,1
1375.2,0.4,134.43,1240.77,4,1
1766.13,0.7,254.08,1512.05,7,1
1448.28,0.4,192.38,1255.9,4,1
1286.65,0.3,169.08,1117.56,3,1
1171.02,0.2,153.97,1017.05,2,1
1633.73,0.7,182.19,1451.54,7,1
1403.83,0.5,145.76,1258.08,5,1
1441.37,0.5,168.16,1273.21,5,1
1077.98,0.1,123.62,954.36,1,1
1213.49,0.1,251.57,961.92,1,1
1496.88,0.5,231.24,1265.64,5,1
1298.92,0.4,141.35,1157.56,4,1
1674.78,0.6,316.19,1358.59,6,1
1486.03,0.4,230.14,1255.9,4,1
1799.82,0.8,278.03,1521.79,8,1
1064.54,0.1,102.62,961.92,1,1
1496.63,0.4,255.86,1240.77,4,1
1507.06,0.5,218.73,1288.33,5,1
1958.39,0.8,368.51,1589.87,8,1
1526.21,0.5,215.19,1311.03,5,1
1555.62,0.6,204.59,1351.03,6,1
1388.14,0.3,240.32,1147.82,3,1
1174.99,0.2,142.81,1032.18,2,1
1752.36,0.6,310.57,1441.79,6,1
1360.21,0.3,242.65,1117.56,3,1
1205.09,0.1,197.78,1007.31,1,1
1383.15,0.4,149.95,1233.21,4,1
1065.93,0.1,119.14,946.79,1,1
1370.68,0.3,215.3,1155.38,3,1
1970.2,0.9,279.81,1690.38,9,1
1937.05,0.9,345.0,1592.05,9,1
1408.51,0.4,182.86,1225.64,4,1
1345.95,0.4,150.57,1195.38,4,1
1250.24,0.3,140.24,1110.0,3,1
1910.19,1.0,278.14,1632.05,10,1
1599.87,0.5,235.89,1363.97,5,1
1643.36,0.6,246.95,1396.41,6,1
1584.13,0.5,212.59,1371.54,5,1
1567.76,0.5,271.86,1295.9,5,1
1386.24,0.3,200.59,1185.64,3,1
1328.63,0.3,188.38,1140.26,3,1
1874.33,0.9,289.84,1584.49,9,1
1580.98,0.6,199.7,1381.28,6,1
1861.36,0.9,231.49,1629.87,9,1
1193.17,0.2,130.73,1062.44,2,1
1489.77,0.4,256.57,1233.21,4,1
1722.47,0.7,248.24,1474.23,7,1
1723.57,0.7,219.08,1504.49,7,1
1786.08,0.8,241.59,1544.49,8,1
1537.41,0.5,188.57,1348.85,5,1
1413.14,0.3,257.76,1155.38,3,1
1260.32,0.3,142.76,1117.56,3,1
2214.17,1.2,343.27,1870.9,12,1
1412.24,0.4,186.59,1225.64,4,1
1220.06,0.1,205.19,1014.87,1,1
1048.25,0.1,86.32,961.92,1,1
1258.96,0.1,251.65,1007.31,1,1
1480.44,0.4,232.11,1248.33,4,1
1313.21,0.3,180.51,1132.69,3,1
1466.26,0.4,240.62,1225.64,4,1
1934.47,0.9,244.08,1690.38,9,1
1715.11,0.7,218.19,1496.92,7,1
