"Total_Cost","Ratio_Reloc_Prod","Horiz_Cost","Vert_Cost","nReloc","non_Optimal"
259510.74,0.7667,49496.62,210014.01,1150,123
541.08,0.2,59.03,482.05,1,0
690.57,0.2,216.08,474.49,1,1
547.7,0.2,65.65,482.05,1,0
797.96,0.8,105.14,692.82,4,0
436.72,0.0,47.62,389.1,0,0
780.85,0.8,88.03,692.82,4,0
696.32,0.6,81.32,615.0,3,0
943.7,1.2,133.05,810.64,6,1
1181.45,1.4,277.86,903.59,7,0
1015.78,1.2,212.7,803.08,6,0
1136.21,1.4,240.19,896.03,7,0
954.73,1.0,199.22,755.51,5,0
590.16,0.2,115.68,474.49,1,0
787.02,0.6,156.89,630.13,3,1
530.33,0.0,110.97,419.36,0,1
1022.02,1.2,150.86,871.15,6,1
743.21,0.6,120.65,622.56,3,0
643.7,0.4,121.65,522.05,2,0
841.4,0.8,163.7,677.69,4,1
533.68,0.2,74.32,459.36,1,0
549.95,0.0,115.46,434.49,0,0
589.53,0.2,92.35,497.18,1,0
761.29,0.6,131.16,630.13,3,1
789.83,0.6,167.27,622.56,3,0
761.41,0.6,153.97,607.44,3,1
849.2,0.8,156.38,692.82,4,0
865.47,0.8,180.22,685.26,4,0
1104.43,1.2,248.41,856.03,6,0
743.93,0.6,144.05,599.87,3,0
809.27,0.8,101.32,707.95,4,1
1066.08,1.2,202.49,863.59,6,1
944.53,1.0,158.76,785.77,5,0
854.88,0.6,217.19,637.69,3,0
1477.34,2.0,325.16,1152.18,10,0
717.94,0.4,188.32,529.62,2,0
521.58,0.0,117.35,404.23,0,0
687.79,0.4,127.92,559.87,2,0
1092.19,1.4,196.16,896.03,7,0
1163.02,1.2,284.3,878.72,6,0
1655.47,0.8,856.76,798.72,4,1
1025.05,1.2,161.46,863.59,6,1
821.17,0.6,168.35,652.82,3,1
735.36,0.4,175.49,559.87,2,1
794.56,0.6,156.86,637.69,3,0
792.71,0.6,124.76,667.95,3,1
1209.05,1.6,197.38,1011.67,8,0
814.37,0.8,136.68,677.69,4,0
982.89,1.2,126.86,856.03,6,1
869.37,0.8,131.16,738.21,4,1
1464.72,1.8,352.54,1112.18,9,0
600.07,0.2,110.46,489.62,1,0
1151.11,1.4,209.7,941.41,7,0
477.77,0.0,81.11,396.67,0,0
775.77,0.6,138.08,637.69,3,0
486.15,0.0,74.35,411.79,0,0
978.54,1.0,170.08,808.46,5,1
927.99,0.8,242.73,685.26,4,0
894.56,1.0,116.35,778.21,5,0
1120.36,1.2,218.95,901.41,6,1
958.59,0.8,288.46,670.13,4,0
1099.18,1.2,228.03,871.15,6,0
1166.25,1.4,224.84,941.41,7,1
949.69,1.0,171.49,778.21,5,0
1024.32,1.2,153.16,871.15,6,1
569.68,0.2,102.76,466.92,1,0
863.69,0.8,170.86,692.82,4,0
1087.9,1.4,161.62,926.28,7,1
774.72,0.6,144.59,630.13,3,0
1041.68,1.2,147.84,893.85,6,1
749.69,0.6,104.43,645.26,3,0
1086.47,1.2,192.62,893.85,6,0
525.85,0.0,114.05,411.79,0,1
758.17,0.6,105.35,652.82,3,0
619.81,0.4,44.81,575.0,2,0
673.79,0.4,106.35,567.44,2,0
707.08,0.4,132.08,575.0,2,0
794.57,0.6,194.7,599.87,3,0
932.93,1.0,154.73,778.21,5,1
690.43,0.4,115.43,575.0,2,0
578.95,0.2,112.03,466.92,1,0
702.46,0.4,180.41,522.05,2,0
688.24,0.4,113.24,575.0,2,1
538.63,0.2,71.7,466.92,1,0
981.09,1.2,94.81,886.28,6,0
829.0,0.6,206.43,622.56,3,1
1007.37,1.0,236.73,770.64,5,0
618.86,0.2,121.68,497.18,1,1
495.05,0.0,105.95,389.1,0,0
485.13,0.0,35.51,449.62,0,0
1041.02,1.2,162.3,878.72,6,1
964.78,1.0,141.19,823.59,5,0
523.23,0.0,126.57,396.67,0,0
772.06,0.6,119.24,652.82,3,0
657.91,0.2,168.3,489.62,1,1
1124.04,1.2,245.32,878.72,6,1
708.47,0.4,156.16,552.31,2,0
1157.0,1.4,208.03,948.97,7,0
1237.9,1.4,304.05,933.85,7,0
821.3,0.6,206.3,615.0,3,1
956.94,1.0,186.3,770.64,5,1
907.61,0.8,222.35,685.26,4,0
622.89,0.2,133.27,489.62,1,0
781.3,0.6,113.35,667.95,3,0
1039.48,0.6,416.92,622.56,3,1
761.87,0.6,109.05,652.82,3,0
1042.28,1.2,201.38,840.9,6,0
952.65,1.0,212.27,740.38,5,0
482.59,0.0,85.92,396.67,0,0
872.97,0.8,157.46,715.51,4,1
1155.75,1.2,292.16,863.59,6,1
1230.68,1.6,181.19,1049.49,8,1
692.58,0.4,140.27,552.31,2,0
1006.45,1.0,228.24,778.21,5,0
811.35,0.6,188.78,622.56,3,0
773.49,0.6,158.49,615.0,3,1
1035.45,1.2,171.86,863.59,6,1
996.09,1.0,210.32,785.77,5,0
636.53,0.4,99.35,537.18,2,0
1017.79,1.2,123.95,893.85,6,0
538.47,0.2,79.11,459.36,1,0
977.81,1.0,161.78,816.03,5,1
1455.65,1.8,358.59,1097.05,9,0
1117.11,1.4,175.7,941.41,7,0
926.16,1.0,163.08,763.08,5,0
982.13,1.0,166.11,816.03,5,1
900.16,0.8,192.22,707.95,4,0
909.39,0.8,224.14,685.26,4,1
494.36,0.0,67.43,426.92,0,0
561.55,0.2,109.76,451.79,1,0
798.82,0.8,98.43,700.38,4,0
886.85,1.0,93.51,793.33,5,1
969.93,1.0,176.59,793.33,5,1
674.14,0.4,114.27,559.87,2,0
863.31,0.6,218.05,645.26,3,0
669.83,0.4,132.65,537.18,2,0
1173.81,1.4,209.7,964.1,7,1
1108.82,1.4,174.97,933.85,7,0
651.99,0.4,122.38,529.62,2,0
480.04,0.0,68.24,411.79,0,0
784.37,0.6,146.68,637.69,3,1
1169.61,1.4,243.32,926.28,7,0
1104.79,1.4,163.38,941.41,7,1
1028.76,1.2,187.86,840.9,6,1
1022.13,1.2,158.54,863.59,6,1
561.44,0.2,109.65,451.79,1,0
950.36,1.0,149.46,800.9,5,0
1310.53,1.8,190.78,1119.74,9,0
570.04,0.2,118.24,451.79,1,1
928.92,0.8,266.35,662.56,4,0
1167.87,1.4,234.03,933.85,7,0
1019.53,1.2,133.24,886.28,6,0
946.27,1.0,130.24,816.03,5,0
475.19,0.0,40.7,434.49,0,0
852.21,0.8,129.14,723.08,4,0
1033.37,1.2,154.65,878.72,6,0
747.86,0.6,117.73,630.13,3,0
515.16,0.0,126.05,389.1,0,0
947.36,0.8,201.59,745.77,4,0
889.46,0.8,166.38,723.08,4,1
717.75,0.6,87.62,630.13,3,1
1135.19,1.2,279.16,856.03,6,1
1144.56,1.4,180.46,964.1,7,1
1868.26,1.0,1037.11,831.15,5,1
674.42,0.4,137.24,537.18,2,0
492.16,0.0,103.05,389.1,0,0
845.91,0.8,115.27,730.64,4,0
1020.31,1.2,126.46,893.85,6,1
967.15,1.0,196.51,770.64,5,0
1068.96,1.2,182.68,886.28,6,1
444.18,0.0,47.51,396.67,0,0
1027.49,1.2,133.65,893.85,6,1
609.83,0.2,112.65,497.18,1,1
1198.6,1.6,164.24,1034.36,8,1
740.64,0.6,50.0,690.64,3,0
614.0,0.2,139.51,474.49,1,0
1055.38,1.2,206.92,848.46,6,0
603.81,0.2,121.76,482.05,1,0
553.28,0.2,93.92,459.36,1,0
723.21,0.6,85.51,637.69,3,1
711.64,0.6,81.51,630.13,3,0
1244.22,1.4,234.73,1009.49,7,0
1250.23,1.6,238.57,1011.67,8,1
1009.36,1.0,216.03,793.33,5,1
1206.79,1.6,164.86,1041.92,8,0
789.21,0.6,159.08,630.13,3,1
938.78,1.0,183.27,755.51,5,1
1388.52,1.8,253.65,1134.87,9,0
878.2,0.6,232.95,645.26,3,0
457.9,0.0,46.11,411.79,0,1
1051.74,1.2,157.89,893.85,6,1
1045.1,1.2,173.95,871.15,6,0
1451.8,2.0,307.19,1144.62,10,1
1316.92,1.8,174.49,1142.44,9,1
553.46,0.2,71.41,482.05,1,0
680.02,0.4,97.46,582.56,2,1
821.09,0.6,160.7,660.38,3,1
1217.79,1.6,175.86,1041.92,8,1
607.2,0.2,102.46,504.74,1,0
470.7,0.0,36.22,434.49,0,0
945.2,1.0,98.92,846.28,5,1
825.89,0.8,117.95,707.95,4,1
799.52,0.6,131.57,667.95,3,0
926.68,1.0,133.35,793.33,5,1
1118.33,1.2,216.92,901.41,6,0
824.02,0.6,193.89,630.13,3,1
1165.48,1.2,241.38,924.1,6,1
707.26,0.4,170.08,537.18,2,0
771.85,0.6,134.16,637.69,3,1
687.86,0.4,150.68,537.18,2,1
862.57,0.6,194.62,667.95,3,1
598.09,0.2,131.16,466.92,1,0
561.38,0.2,79.32,482.05,1,0
539.81,0.0,150.7,389.1,0,0
858.92,0.8,143.41,715.51,4,1
1271.65,1.6,214.59,1057.05,8,1
1233.29,1.6,221.62,1011.67,8,0
745.85,0.4,201.11,544.74,2,0
908.52,0.8,215.7,692.82,4,1
1190.26,1.4,271.54,918.72,7,1
1189.65,1.4,233.11,956.54,7,1
1109.57,1.4,168.16,941.41,7,0
806.92,0.6,199.49,607.44,3,1
659.87,0.4,92.43,567.44,2,1
740.49,0.6,133.05,607.44,3,0
694.96,0.4,142.65,552.31,2,0
642.3,0.4,82.43,559.87,2,0
787.4,0.6,157.27,630.13,3,1
709.36,0.4,149.49,559.87,2,1
990.58,1.0,204.81,785.77,5,1
1016.56,1.2,152.97,863.59,6,1
528.57,0.0,101.65,426.92,0,1
466.75,0.0,24.7,442.05,0,0
470.92,0.0,44.0,426.92,0,0
725.0,0.6,102.43,622.56,3,1
776.89,0.6,161.89,615.0,3,1
908.57,1.0,92.54,816.03,5,0
653.55,0.4,101.24,552.31,2,1
1155.42,1.4,236.7,918.72,7,1
1317.28,1.6,237.54,1079.74,8,0
992.57,1.0,244.62,747.95,5,0
778.28,0.6,125.46,652.82,3,1
831.3,0.8,123.35,707.95,4,1
1408.23,1.8,296.05,1112.18,9,1
767.37,0.6,137.24,630.13,3,0
569.59,0.2,87.54,482.05,1,0
763.85,0.6,126.16,637.69,3,0
1340.94,1.8,175.81,1165.13,9,1
700.24,0.4,178.19,522.05,2,0
1835.4,1.2,911.3,924.1,6,1
1228.64,1.6,224.54,1004.1,8,0
561.25,0.2,94.32,466.92,1,0
570.73,0.2,96.24,474.49,1,0
1117.16,1.2,261.14,856.03,6,1
872.62,0.8,157.11,715.51,4,0
682.58,0.4,130.27,552.31,2,0
1191.21,1.4,280.05,911.15,7,0
491.85,0.0,80.05,411.79,0,0
513.01,0.0,93.65,419.36,0,0
712.76,0.4,137.76,575.0,2,1
875.02,0.8,144.38,730.64,4,1
666.17,0.4,98.73,567.44,2,0
870.75,0.8,147.68,723.08,4,1
458.24,0.0,69.14,389.1,0,0
1104.67,1.2,248.65,856.03,6,0
465.53,0.0,76.43,389.1,0,0
1083.12,1.2,196.84,886.28,6,0
1143.64,1.4,224.92,918.72,7,1
1300.05,1.6,235.43,1064.62,8,1
610.57,0.2,136.08,474.49,1,0
870.72,0.8,140.08,730.64,4,1
488.18,0.0,99.08,389.1,0,0
1140.78,1.2,284.76,856.03,6,1
1084.47,1.2,198.19,886.28,6,0
758.22,0.6,97.84,660.38,3,1
793.29,0.6,155.59,637.69,3,1
1215.13,1.4,251.03,964.1,7,1
534.05,0.2,52.0,482.05,1,0
1030.61,1.0,191.89,838.72,5,1
717.16,0.4,195.11,522.05,2,0
519.73,0.2,52.81,466.92,1,0
677.91,0.4,133.16,544.74,2,0
743.45,0.4,213.84,529.62,2,0
809.27,0.6,186.7,622.56,3,0
1012.76,1.2,171.86,840.9,6,0
965.58,1.0,179.81,785.77,5,0
645.39,0.4,100.65,544.74,2,0
859.34,0.8,174.08,685.26,4,1
832.11,0.8,124.16,707.95,4,0
670.12,0.4,110.24,559.87,2,1
966.31,1.0,172.97,793.33,5,1
867.75,0.6,230.05,637.69,3,0
1398.13,1.8,285.95,1112.18,9,1
625.63,0.2,105.76,519.87,1,1
472.39,0.0,53.03,419.36,0,0
974.08,1.0,150.49,823.59,5,1
856.07,0.8,117.86,738.21,4,1
592.37,0.2,102.76,489.62,1,0
930.92,1.0,122.46,808.46,5,1
1384.46,2.0,194.46,1190.0,10,1
787.65,0.6,127.27,660.38,3,1
