"Total_Cost","Ratio_Reloc_Prod","Horiz_Cost","Vert_Cost","nReloc","non_Optimal"
241817.94,0.4873,48859.07,192959.03,731,221
562.56,0.0,60.0,502.56,0,0
1044.27,1.0,175.3,868.97,5,1
829.35,0.6,93.32,736.03,3,1
555.88,0.0,83.57,472.31,0,0
807.04,0.6,108.84,698.21,3,1
765.45,0.4,160.19,605.26,2,1
1144.82,1.2,190.46,954.36,6,0
611.8,0.2,54.11,557.69,1,0
941.98,0.6,228.65,713.33,3,1
640.73,0.2,105.73,535.0,1,1
1150.66,1.4,110.92,1039.74,7,1
707.93,0.4,87.54,620.38,2,1
908.63,0.8,102.35,806.28,4,0
1006.3,1.0,129.76,876.54,5,1
623.17,0.2,110.86,512.31,1,1
553.2,0.0,88.46,464.74,0,1
807.94,0.4,157.3,650.64,2,1
780.1,0.6,97.03,683.08,3,0
1071.23,1.2,124.43,946.79,6,1
1262.84,1.4,253.35,1009.49,7,1
955.04,0.6,249.27,705.77,3,1
812.15,0.4,146.38,665.77,2,1
772.53,0.4,106.76,665.77,2,1
925.03,0.6,204.14,720.9,3,1
721.47,0.2,141.08,580.38,1,0
546.82,0.0,74.51,472.31,0,0
802.39,0.4,144.19,658.21,2,0
718.12,0.4,112.86,605.26,2,1
699.44,0.4,86.62,612.82,2,0
520.58,0.0,63.41,457.18,0,1
741.76,0.4,106.24,635.51,2,1
743.47,0.6,90.65,652.82,3,1
557.7,0.2,22.7,535.0,1,0
1073.06,0.8,380.24,692.82,4,1
801.29,0.6,110.65,690.64,3,1
571.22,0.2,36.22,535.0,1,1
950.87,1.0,97.03,853.85,5,1
720.77,0.4,107.95,612.82,2,0
699.63,0.4,79.24,620.38,2,1
440.06,0.0,20.7,419.36,0,0
1441.43,0.8,718.35,723.08,4,1
569.8,0.0,105.05,464.74,0,0
831.19,0.6,102.73,728.46,3,1
973.51,0.8,182.35,791.15,4,1
694.96,0.4,82.14,612.82,2,1
747.1,0.4,104.03,643.08,2,0
915.6,0.8,101.76,813.85,4,1
442.76,0.0,23.41,419.36,0,0
705.88,0.2,148.19,557.69,1,1
470.92,0.0,44.0,426.92,0,0
777.29,0.6,86.65,690.64,3,1
843.95,0.6,123.05,720.9,3,1
871.26,0.6,180.62,690.64,3,0
705.78,0.4,115.65,590.13,2,0
588.84,0.2,61.41,527.44,1,1
1062.86,0.4,472.73,590.13,2,1
547.02,0.0,89.84,457.18,0,1
583.9,0.2,64.03,519.87,1,1
735.31,0.4,130.05,605.26,2,1
795.9,0.6,143.08,652.82,3,1
616.58,0.2,51.32,565.26,1,1
440.06,0.0,20.7,419.36,0,0
452.76,0.0,33.41,419.36,0,0
983.64,0.8,184.92,798.72,4,1
802.28,0.6,88.95,713.33,3,1
571.79,0.2,51.92,519.87,1,1
720.87,0.4,108.05,612.82,2,1
638.78,0.4,56.22,582.56,2,1
634.5,0.4,36.81,597.69,2,1
518.64,0.0,69.03,449.62,0,1
526.11,0.2,51.62,474.49,1,1
590.11,0.2,55.11,535.0,1,1
527.5,0.0,70.32,457.18,0,0
458.06,0.0,38.7,419.36,0,0
768.0,0.6,84.92,683.08,3,1
669.53,0.4,71.84,597.69,2,1
659.78,0.4,77.22,582.56,2,0
808.61,0.4,150.41,658.21,2,0
919.04,0.8,112.76,806.28,4,1
874.27,0.6,198.76,675.51,3,1
697.23,0.2,131.97,565.26,1,0
737.88,0.4,72.11,665.77,2,1
1876.46,1.6,834.54,1041.92,8,1
922.34,0.8,123.62,798.72,4,0
1508.57,1.4,499.08,1009.49,7,1
692.44,0.2,112.05,580.38,1,1
578.62,0.0,83.62,495.0,0,0
643.25,0.2,123.38,519.87,1,0
936.98,0.8,168.51,768.46,4,1
1267.84,1.6,218.35,1049.49,8,1
586.99,0.2,82.24,504.74,1,1
578.33,0.0,98.46,479.87,0,0
860.99,0.6,162.78,698.21,3,1
1001.35,0.8,157.24,844.1,4,1
499.83,0.0,50.22,449.62,0,0
1355.1,1.6,290.49,1064.62,8,1
540.31,0.0,83.14,457.18,0,1
809.68,0.6,96.35,713.33,3,0
652.14,0.2,79.32,572.82,1,1
1385.96,0.6,733.14,652.82,3,1
805.94,0.4,162.86,643.08,2,1
581.88,0.0,109.57,472.31,0,0
794.15,0.6,95.95,698.21,3,0
909.75,0.8,126.16,783.59,4,1
887.17,0.8,126.27,760.9,4,1
440.06,0.0,20.7,419.36,0,0
639.09,0.2,73.84,565.26,1,1
759.19,0.4,123.68,635.51,2,1
1040.16,0.8,203.62,836.54,4,1
836.27,0.6,153.19,683.08,3,1
725.71,0.6,65.32,660.38,3,0
539.58,0.2,42.41,497.18,1,1
1068.77,1.0,230.05,838.72,5,1
797.44,0.4,131.68,665.77,2,1
729.14,0.4,108.76,620.38,2,1
559.28,0.0,94.54,464.74,0,0
1097.78,1.0,281.76,816.03,5,1
844.63,0.6,138.86,705.77,3,1
904.57,0.8,128.54,776.03,4,1
756.35,0.6,80.84,675.51,3,1
779.69,0.6,73.92,705.77,3,1
1727.12,0.8,973.78,753.33,4,1
902.25,0.8,141.35,760.9,4,1
482.41,0.0,47.92,434.49,0,0
549.93,0.0,77.62,472.31,0,0
1382.73,0.8,667.22,715.51,4,1
1206.7,1.0,330.16,876.54,5,1
491.92,0.0,65.0,426.92,0,0
864.37,0.6,173.73,690.64,3,1
668.67,0.4,78.54,590.13,2,1
458.17,0.0,38.81,419.36,0,0
766.85,0.4,108.65,658.21,2,1
497.65,0.0,70.73,426.92,0,1
808.63,0.6,155.81,652.82,3,1
517.33,0.0,82.84,434.49,0,1
659.61,0.4,61.92,597.69,2,1
734.62,0.4,106.68,627.95,2,1
782.18,0.4,176.92,605.26,2,1
565.13,0.0,107.95,457.18,0,0
768.04,0.6,122.78,645.26,3,1
1464.11,0.8,756.16,707.95,4,1
600.53,0.0,150.92,449.62,0,0
1074.0,0.8,305.54,768.46,4,1
555.48,0.2,73.43,482.05,1,1
1370.36,0.8,669.97,700.38,4,1
947.59,1.0,116.43,831.15,5,1
1527.86,1.0,711.84,816.03,5,1
736.42,0.6,98.73,637.69,3,1
804.0,0.6,136.05,667.95,3,1
1291.17,1.4,296.81,994.36,7,1
642.59,0.2,92.46,550.13,1,1
581.7,0.2,46.7,535.0,1,1
807.02,0.6,116.38,690.64,3,1
933.49,0.8,172.59,760.9,4,1
722.59,0.2,180.03,542.56,1,1
628.47,0.0,163.73,464.74,0,1
746.16,0.4,163.59,582.56,2,1
900.24,0.8,116.65,783.59,4,0
855.4,0.8,71.81,783.59,4,1
557.12,0.0,84.81,472.31,0,1
781.91,0.6,98.84,683.08,3,0
695.39,0.4,90.14,605.26,2,1
738.42,0.4,133.16,605.26,2,1
629.08,0.2,101.65,527.44,1,0
1262.6,1.0,461.7,800.9,5,1
688.48,0.2,130.78,557.69,1,0
536.4,0.2,39.22,497.18,1,0
1110.86,1.2,179.19,931.67,6,1
1203.03,1.2,248.68,954.36,6,1
1180.54,0.8,465.03,715.51,4,1
870.0,0.6,186.92,683.08,3,1
890.99,0.6,132.27,758.72,3,1
891.58,0.8,138.24,753.33,4,1
737.98,0.6,70.03,667.95,3,1
735.38,0.4,107.43,627.95,2,1
756.6,0.4,143.78,612.82,2,1
556.96,0.2,52.22,504.74,1,1
659.38,0.4,91.95,567.44,2,0
603.57,0.2,76.14,527.44,1,1
490.05,0.0,48.0,442.05,0,0
637.16,0.2,87.03,550.13,1,0
511.3,0.2,36.81,474.49,1,1
513.08,0.0,71.03,442.05,0,0
477.36,0.0,58.0,419.36,0,0
618.08,0.2,90.65,527.44,1,1
781.99,0.4,131.35,650.64,2,0
574.12,0.0,94.24,479.87,0,0
671.49,0.2,136.49,535.0,1,1
803.05,0.8,87.54,715.51,4,1
447.06,0.0,27.7,419.36,0,0
542.31,0.0,85.14,457.18,0,0
619.17,0.2,91.73,527.44,1,1
787.41,0.6,119.46,667.95,3,1
881.91,0.6,183.7,698.21,3,1
1328.19,0.8,605.11,723.08,4,1
826.28,0.6,112.95,713.33,3,1
805.02,0.6,121.95,683.08,3,1
1100.4,1.4,143.86,956.54,7,1
855.21,0.8,124.57,730.64,4,1
672.21,0.2,122.08,550.13,1,0
1168.21,0.6,477.57,690.64,3,1
584.85,0.0,112.54,472.31,0,0
987.46,0.8,158.49,828.97,4,1
731.73,0.4,96.22,635.51,2,0
630.57,0.2,103.14,527.44,1,1
1265.02,1.4,293.35,971.67,7,1
640.3,0.2,59.92,580.38,1,0
795.57,0.6,135.19,660.38,3,1
778.29,0.4,127.65,650.64,2,1
1149.91,1.4,185.81,964.1,7,1
852.21,0.8,121.57,730.64,4,1
647.99,0.2,82.73,565.26,1,1
735.06,0.4,114.68,620.38,2,1
579.0,0.2,44.0,535.0,1,1
1310.1,0.8,579.46,730.64,4,1
743.88,0.4,146.19,597.69,2,0
614.25,0.2,101.95,512.31,1,1
965.31,1.0,119.03,846.28,5,1
1028.05,0.4,453.05,575.0,2,1
881.5,0.8,128.16,753.33,4,0
1033.57,1.0,164.59,868.97,5,1
898.19,0.8,122.16,776.03,4,1
699.96,0.4,87.14,612.82,2,1
685.06,0.2,157.62,527.44,1,1
1212.17,0.8,451.27,760.9,4,1
831.61,0.4,173.41,658.21,2,0
920.95,0.8,152.49,768.46,4,0
550.15,0.0,77.84,472.31,0,0
912.75,0.8,129.16,783.59,4,1
684.34,0.2,126.65,557.69,1,1
735.57,0.4,100.05,635.51,2,1
694.48,0.4,104.35,590.13,2,1
2085.62,1.6,1096.65,988.97,8,1
767.19,0.4,131.68,635.51,2,1
582.06,0.2,54.62,527.44,1,0
678.71,0.4,58.32,620.38,2,1
870.67,0.6,180.03,690.64,3,0
803.15,0.6,104.95,698.21,3,1
760.13,0.6,84.62,675.51,3,1
561.13,0.0,119.08,442.05,0,1
781.88,0.6,91.24,690.64,3,1
676.37,0.2,118.68,557.69,1,1
658.48,0.2,108.35,550.13,1,0
628.66,0.0,163.92,464.74,0,0
740.16,0.6,72.22,667.95,3,1
692.55,0.4,79.73,612.82,2,1
542.5,0.0,85.32,457.18,0,0
1358.05,0.8,695.49,662.56,4,1
987.23,1.0,148.51,838.72,5,1
520.85,0.0,56.11,464.74,0,0
536.18,0.0,71.43,464.74,0,1
602.32,0.2,67.32,535.0,1,0
590.62,0.2,108.57,482.05,1,1
704.6,0.4,84.22,620.38,2,1
644.53,0.2,86.84,557.69,1,0
848.52,0.8,87.62,760.9,4,1
454.76,0.0,35.41,419.36,0,0
761.81,0.6,78.73,683.08,3,1
640.06,0.4,72.62,567.44,2,1
1370.92,0.8,662.97,707.95,4,1
843.86,0.6,107.84,736.03,3,1
705.99,0.4,115.86,590.13,2,1
736.44,0.4,169.0,567.44,2,1
458.06,0.0,38.7,419.36,0,0
664.68,0.4,97.24,567.44,2,1
1459.83,0.8,729.19,730.64,4,1
654.66,0.2,81.84,572.82,1,1
1483.19,1.0,674.73,808.46,5,1
1250.97,1.0,427.38,823.59,5,1
702.18,0.4,112.05,590.13,2,1
555.32,0.0,113.27,442.05,0,1
454.28,0.0,34.92,419.36,0,0
922.31,0.8,116.03,806.28,4,1
666.54,0.2,123.97,542.56,1,1
513.53,0.0,63.92,449.62,0,0
767.08,0.4,131.57,635.51,2,1
1410.51,0.8,687.43,723.08,4,1
1041.73,1.2,132.76,908.97,6,1
494.25,0.0,67.32,426.92,0,0
865.74,0.8,104.84,760.9,4,1
1415.2,0.8,714.81,700.38,4,1
762.88,0.4,112.24,650.64,2,1
813.03,0.6,145.08,667.95,3,1
1068.69,1.2,137.03,931.67,6,1
1034.84,0.6,359.32,675.51,3,1
769.64,0.4,111.43,658.21,2,1
1160.06,1.6,118.14,1041.92,8,1
955.18,0.8,171.59,783.59,4,1
1066.33,1.2,172.49,893.85,6,1
1117.14,1.0,308.68,808.46,5,1
1036.98,0.4,477.11,559.87,2,1
734.51,0.6,59.0,675.51,3,1
840.14,0.4,227.32,612.82,2,1
912.79,0.8,151.89,760.9,4,1
779.91,0.4,129.27,650.64,2,1
948.74,1.0,110.03,838.72,5,1
644.41,0.2,116.97,527.44,1,1
486.6,0.0,52.11,434.49,0,1
1154.02,0.6,516.32,637.69,3,1
950.98,0.6,237.65,713.33,3,1
