"Total_Cost","Ratio_Reloc_Prod","Horiz_Cost","Vert_Cost","nReloc","non_Optimal"
225040.05,0.454,30994.95,194045.15,681,150
1267.89,0.2,144.95,1122.95,2,1
1497.58,0.4,203.86,1293.72,4,1
1592.91,0.6,219.19,1373.72,6,1
1559.81,0.5,188.27,1371.54,5,1
1385.36,0.3,237.54,1147.82,3,1
1751.37,0.6,324.7,1426.67,6,1
1587.06,0.5,238.22,1348.85,5,1
1284.55,0.2,169.16,1115.38,2,1
1320.93,0.3,165.54,1155.38,3,1
1343.64,0.2,250.95,1092.69,2,1
1768.21,0.7,241.03,1527.18,7,1
2002.07,1.1,261.95,1740.13,11,1
1365.59,0.3,187.51,1178.08,3,1
1254.33,0.3,151.89,1102.44,3,1
1523.0,0.5,151.46,1371.54,5,1
1530.44,0.5,234.54,1295.9,5,1
1712.42,0.7,238.19,1474.23,7,1
1454.65,0.5,158.76,1295.9,5,1
1229.18,0.1,229.43,999.74,1,1
1502.4,0.5,191.38,1311.03,5,1
1642.77,0.5,248.54,1394.23,5,1
1765.64,0.6,331.41,1434.23,6,1
1664.13,0.6,245.03,1419.1,6,1
1134.5,0.1,134.76,999.74,1,1
1686.59,0.7,219.92,1466.67,7,1
1291.09,0.3,150.84,1140.26,3,1
1465.01,0.4,163.73,1301.28,4,1
1706.8,0.7,240.14,1466.67,7,1
1463.19,0.4,192.16,1271.03,4,1
1469.71,0.5,181.38,1288.33,5,1
1324.65,0.3,154.14,1170.51,3,1
1599.98,0.5,258.7,1341.28,5,1
1841.95,0.8,244.51,1597.44,8,1
1100.91,0.1,108.73,992.18,1,1
1446.62,0.4,183.16,1263.46,4,1
1604.23,0.6,230.51,1373.72,6,1
1359.96,0.4,126.76,1233.21,4,1
1591.77,0.5,242.92,1348.85,5,1
1541.17,0.5,199.89,1341.28,5,1
1798.87,0.7,249.0,1549.87,7,1
1529.93,0.5,188.65,1341.28,5,1
1834.11,0.8,229.11,1605.0,8,1
1407.03,0.3,251.65,1155.38,3,1
1047.57,0.0,125.65,921.92,0,1
1412.96,0.4,172.19,1240.77,4,1
1358.53,0.3,157.76,1200.77,3,1
1850.52,0.8,260.65,1589.87,8,1
1171.33,0.1,156.46,1014.87,1,1
1637.67,0.6,218.57,1419.1,6,1
1357.37,0.4,131.73,1225.64,4,1
1955.79,0.7,398.35,1557.44,7,1
1284.28,0.2,176.46,1107.82,2,1
1257.82,0.2,142.43,1115.38,2,1
1031.13,0.0,139.46,891.67,0,1
1743.9,0.8,222.11,1521.79,8,1
1313.55,0.3,158.16,1155.38,3,1
1652.77,0.6,226.11,1426.67,6,1
1463.25,0.4,199.78,1263.46,4,1
1247.19,0.2,177.19,1070.0,2,1
2139.79,1.2,261.32,1878.46,12,1
1176.37,0.1,184.19,992.18,1,1
1512.18,0.4,233.59,1278.59,4,1
1986.46,1.0,233.38,1753.08,10,1
1336.73,0.3,158.65,1178.08,3,1
1431.34,0.5,150.57,1280.77,5,1
1673.7,0.6,262.16,1411.54,6,1
1451.81,0.5,193.73,1258.08,5,1
1287.81,0.3,177.81,1110.0,3,1
1519.81,0.4,241.22,1278.59,4,1
1364.15,0.4,130.95,1233.21,4,1
1526.54,0.4,255.51,1271.03,4,1
1644.0,0.5,272.46,1371.54,5,1
1334.26,0.3,141.05,1193.21,3,1
1360.99,0.3,167.78,1193.21,3,1
1372.06,0.3,209.11,1162.95,3,1
1288.84,0.3,133.46,1155.38,3,1
1657.76,0.5,293.78,1363.97,5,1
1386.92,0.3,216.41,1170.51,3,1
1527.85,0.5,186.57,1341.28,5,1
1487.39,0.4,246.62,1240.77,4,1
1543.13,0.4,264.54,1278.59,4,1
1405.72,0.3,220.08,1185.64,3,1
1693.81,0.6,236.89,1456.92,6,1
1976.85,1.0,254.03,1722.82,10,1
1407.8,0.3,214.59,1193.21,3,1
1291.75,0.3,174.19,1117.56,3,1
980.67,0.0,104.14,876.54,0,1
1638.48,0.6,211.81,1426.67,6,1
1577.52,0.5,274.05,1303.46,5,1
1307.12,0.2,199.3,1107.82,2,1
1335.55,0.3,195.3,1140.26,3,1
1395.11,0.4,184.59,1210.51,4,1
1681.62,0.5,310.08,1371.54,5,1
1538.05,0.5,211.89,1326.15,5,1
1821.56,0.9,229.51,1592.05,9,1
2008.36,0.9,325.54,1682.82,9,1
1434.77,0.4,194.0,1240.77,4,1
1058.14,0.0,143.78,914.36,0,1
1253.77,0.2,145.95,1107.82,2,1
1716.67,0.6,244.62,1472.05,6,1
1252.58,0.2,144.76,1107.82,2,1
1335.47,0.3,180.08,1155.38,3,1
1316.96,0.3,184.27,1132.69,3,1
1318.44,0.4,123.05,1195.38,4,1
1771.44,0.8,234.51,1536.92,8,1
1878.76,0.9,241.32,1637.44,9,1
1319.96,0.3,179.7,1140.26,3,1
1171.14,0.1,156.27,1014.87,1,1
1792.13,0.8,240.08,1552.05,8,1
1663.59,0.5,276.92,1386.67,5,1
1987.57,1.0,257.19,1730.38,10,1
1346.55,0.2,238.73,1107.82,2,1
2023.82,1.0,293.43,1730.38,10,1
1858.55,0.7,316.24,1542.31,7,1
1405.64,0.3,220.0,1185.64,3,1
1853.24,0.7,341.19,1512.05,7,1
1630.1,0.5,296.38,1333.72,5,1
1597.11,0.5,240.7,1356.41,5,1
1233.33,0.2,170.89,1062.44,2,1
1853.88,0.8,347.22,1506.67,8,1
1735.91,0.7,216.3,1519.62,7,1
1732.57,0.7,228.08,1504.49,7,1
1476.14,0.4,227.81,1248.33,4,1
1257.82,0.2,142.43,1115.38,2,1
1273.43,0.3,102.92,1170.51,3,1
1770.8,0.8,211.19,1559.62,8,1
1193.88,0.1,186.57,1007.31,1,1
1535.38,0.5,178.97,1356.41,5,1
1444.88,0.5,171.68,1273.21,5,1
1921.11,1.0,236.11,1685.0,10,1
1694.45,0.6,207.27,1487.18,6,1
1471.36,0.4,223.03,1248.33,4,1
1241.65,0.2,164.08,1077.56,2,1
1183.57,0.2,121.14,1062.44,2,1
1435.03,0.4,171.57,1263.46,4,1
1331.59,0.3,145.95,1185.64,3,1
1428.88,0.4,195.68,1233.21,4,1
1641.84,0.5,277.86,1363.97,5,1
1239.07,0.2,153.95,1085.13,2,1
1185.38,0.2,122.95,1062.44,2,1
1587.67,0.5,276.65,1311.03,5,1
1330.24,0.4,119.73,1210.51,4,1
1384.84,0.4,128.95,1255.9,4,1
1629.19,0.6,293.3,1335.9,6,1
1669.46,0.6,204.97,1464.49,6,1
1569.39,0.5,175.16,1394.23,5,1
1314.74,0.2,206.92,1107.82,2,1
1345.65,0.3,190.27,1155.38,3,1
1494.62,0.6,136.03,1358.59,6,1
1386.41,0.3,178.08,1208.33,3,1
