"Total_Cost","Ratio_Reloc_Prod","Horiz_Cost","Vert_Cost","nReloc","non_Optimal"
274087.59,0.7267,65240.6,208846.97,1090,205
458.77,0.0,54.54,404.23,0,0
581.0,0.2,114.08,466.92,1,0
712.31,0.6,127.57,584.74,3,1
734.51,0.6,111.95,622.56,3,1
709.0,0.6,86.43,622.56,3,1
470.56,0.0,66.32,404.23,0,0
594.67,0.2,105.05,489.62,1,0
829.31,0.8,144.05,685.26,4,1
631.39,0.2,119.08,512.31,1,1
682.02,0.2,184.84,497.18,1,1
500.22,0.0,65.73,434.49,0,0
1623.73,1.0,807.7,816.03,5,1
1093.68,0.4,533.81,559.87,2,1
525.15,0.0,128.49,396.67,0,1
631.62,0.2,142.0,489.62,1,1
1470.3,1.6,473.76,996.54,8,1
819.68,0.8,111.73,707.95,4,0
931.18,0.8,200.54,730.64,4,1
960.08,1.0,144.05,816.03,5,1
1982.97,1.0,1166.95,816.03,5,1
809.16,0.8,139.03,670.13,4,1
1158.05,1.6,153.95,1004.1,8,1
706.17,0.6,113.86,592.31,3,1
831.26,0.8,100.62,730.64,4,1
646.01,0.4,86.14,559.87,2,0
1041.92,1.2,185.89,856.03,6,1
491.56,0.0,102.46,389.1,0,0
737.61,0.6,92.35,645.26,3,0
1089.16,1.2,233.14,856.03,6,1
590.46,0.2,115.97,474.49,1,0
987.42,1.0,209.22,778.21,5,1
695.12,0.4,97.43,597.69,2,1
482.62,0.0,93.51,389.1,0,0
563.98,0.2,97.05,466.92,1,0
580.33,0.2,105.84,474.49,1,0
553.97,0.2,71.92,482.05,1,1
527.58,0.2,68.22,459.36,1,0
482.66,0.0,78.43,404.23,0,0
1907.5,2.4,554.3,1353.21,12,1
1553.16,1.2,689.57,863.59,6,1
762.34,0.6,124.65,637.69,3,1
814.4,0.6,138.89,675.51,3,0
1145.04,1.0,306.32,838.72,5,1
739.64,0.6,101.95,637.69,3,0
1822.09,2.2,554.27,1267.82,11,1
714.49,0.6,54.11,660.38,3,0
722.01,0.4,169.7,552.31,2,1
582.33,0.2,107.84,474.49,1,0
1106.87,1.4,165.46,941.41,7,1
753.47,0.6,100.65,652.82,3,1
1167.48,1.4,256.32,911.15,7,1
691.82,0.4,131.95,559.87,2,1
641.08,0.4,58.51,582.56,2,0
1272.06,0.6,619.24,652.82,3,1
693.12,0.4,95.43,597.69,2,1
935.18,0.8,204.54,730.64,4,1
931.01,1.0,137.68,793.33,5,1
782.42,0.6,84.22,698.21,3,1
919.4,1.0,88.24,831.15,5,1
826.22,0.8,118.27,707.95,4,1
880.94,1.0,64.92,816.03,5,1
1642.75,1.2,726.22,916.54,6,1
744.8,0.6,99.54,645.26,3,0
1929.67,2.0,679.16,1250.51,10,1
816.36,0.8,115.97,700.38,4,1
568.31,0.2,71.14,497.18,1,0
1563.41,1.0,815.46,747.95,5,1
824.55,0.6,171.73,652.82,3,0
1101.67,1.4,137.57,964.1,7,1
581.33,0.2,121.97,459.36,1,0
617.93,0.4,65.62,552.31,2,0
793.46,0.6,117.95,675.51,3,1
836.54,0.8,121.03,715.51,4,1
1152.62,1.4,188.51,964.1,7,1
629.33,0.2,109.46,519.87,1,0
863.25,0.8,162.86,700.38,4,1
508.29,0.0,51.11,457.18,0,0
831.45,0.8,93.24,738.21,4,1
621.11,0.4,46.11,575.0,2,1
638.72,0.4,101.54,537.18,2,1
734.3,0.4,174.43,559.87,2,1
1124.81,0.8,409.3,715.51,4,1
1503.21,1.6,499.11,1004.1,8,1
721.45,0.6,91.32,630.13,3,1
1318.85,1.6,292.05,1026.79,8,1
454.02,0.0,64.92,389.1,0,0
1387.21,0.8,603.62,783.59,4,1
652.37,0.4,69.81,582.56,2,0
759.26,0.6,121.57,637.69,3,1
1354.23,0.8,600.89,753.33,4,1
1006.79,1.2,158.32,848.46,6,1
1116.98,1.4,190.7,926.28,7,1
720.59,0.6,98.03,622.56,3,0
1030.56,1.2,166.97,863.59,6,1
888.76,0.8,180.81,707.95,4,0
677.68,0.4,110.24,567.44,2,0
1397.81,0.8,674.73,723.08,4,1
997.89,1.0,234.81,763.08,5,1
1235.46,1.6,185.97,1049.49,8,1
657.49,0.4,97.62,559.87,2,0
1689.22,0.8,928.32,760.9,4,1
558.79,0.2,91.86,466.92,1,0
595.26,0.2,105.65,489.62,1,0
554.57,0.0,120.08,434.49,0,1
620.49,0.2,93.05,527.44,1,0
865.99,1.0,80.22,785.77,5,1
870.73,0.8,162.78,707.95,4,1
1575.77,0.8,761.92,813.85,4,1
557.53,0.2,67.92,489.62,1,0
1423.17,1.6,396.38,1026.79,8,1
560.39,0.2,101.03,459.36,1,0
937.35,1.0,174.27,763.08,5,1
848.14,0.6,195.32,652.82,3,1
655.69,0.4,110.95,544.74,2,1
844.93,0.6,192.11,652.82,3,0
1435.97,1.6,439.43,996.54,8,1
1355.63,0.8,609.86,745.77,4,1
899.86,1.0,144.35,755.51,5,1
801.9,0.6,149.08,652.82,3,1
1031.63,1.2,145.35,886.28,6,1
1324.69,0.6,679.43,645.26,3,1
544.27,0.2,62.22,482.05,1,0
1372.13,1.4,415.59,956.54,7,1
903.72,0.8,165.51,738.21,4,1
1781.11,0.8,1012.65,768.46,4,1
1659.23,1.2,772.95,886.28,6,1
763.42,0.6,118.16,645.26,3,0
2098.26,1.2,1166.59,931.67,6,1
547.53,0.2,57.92,489.62,1,0
1418.37,1.6,353.76,1064.62,8,1
538.01,0.2,78.65,459.36,1,0
1003.2,1.2,116.92,886.28,6,1
784.7,0.6,169.7,615.0,3,0
747.53,0.6,102.27,645.26,3,1
1510.35,1.0,694.32,816.03,5,1
744.46,0.6,76.51,667.95,3,0
866.01,0.8,120.24,745.77,4,1
1112.61,1.0,266.32,846.28,5,1
459.96,0.0,55.73,404.23,0,0
1983.83,1.6,866.27,1117.56,8,1
744.32,0.4,169.32,575.0,2,1
827.33,0.6,174.51,652.82,3,1
747.87,0.6,95.05,652.82,3,1
1000.34,1.0,169.19,831.15,5,1
482.27,0.0,40.22,442.05,0,0
905.12,1.0,119.35,785.77,5,1
1761.54,1.2,845.0,916.54,6,1
586.37,0.2,43.81,542.56,1,1
561.19,0.2,79.14,482.05,1,0
1052.05,1.2,127.95,924.1,6,1
856.14,0.8,148.19,707.95,4,1
1446.53,1.6,366.78,1079.74,8,1
496.56,0.0,54.51,442.05,0,0
711.69,0.4,98.86,612.82,2,1
1105.13,1.4,133.46,971.67,7,1
996.75,1.2,133.16,863.59,6,1
490.83,0.0,41.22,449.62,0,0
790.8,0.6,85.03,705.77,3,0
612.07,0.4,67.32,544.74,2,1
1659.4,1.0,835.81,823.59,5,1
510.52,0.2,58.73,451.79,1,0
501.44,0.0,89.65,411.79,0,0
1832.63,1.2,946.35,886.28,6,1
1040.5,1.2,161.78,878.72,6,1
647.93,0.2,143.19,504.74,1,1
546.49,0.2,87.14,459.36,1,0
751.75,0.6,61.11,690.64,3,1
949.63,1.0,163.86,785.77,5,1
1053.79,1.4,119.95,933.85,7,1
623.82,0.4,71.51,552.31,2,0
1241.86,1.6,237.76,1004.1,8,1
917.95,0.8,210.0,707.95,4,1
950.27,1.0,134.24,816.03,5,1
764.34,0.6,119.08,645.26,3,0
609.78,0.2,120.16,489.62,1,1
1082.61,1.2,203.89,878.72,6,1
1629.34,0.8,883.57,745.77,4,1
732.61,0.6,87.35,645.26,3,1
705.47,0.6,60.22,645.26,3,1
1398.35,2.0,200.78,1197.56,10,1
930.29,1.0,152.08,778.21,5,1
1024.08,0.8,308.57,715.51,4,1
830.17,0.8,84.41,745.77,4,1
813.3,0.8,105.35,707.95,4,0
1265.59,1.4,301.49,964.1,7,1
997.94,1.2,134.35,863.59,6,1
1672.25,1.2,717.89,954.36,6,1
725.17,0.6,117.73,607.44,3,1
483.79,0.0,64.43,419.36,0,0
1190.27,1.6,148.35,1041.92,8,1
760.98,0.6,108.16,652.82,3,1
1941.0,2.4,610.49,1330.51,12,1
743.98,0.6,76.03,667.95,3,0
483.04,0.0,78.81,404.23,0,0
582.05,0.2,107.57,474.49,1,1
603.73,0.2,121.68,482.05,1,0
1104.45,1.2,172.78,931.67,6,1
1086.92,0.8,378.97,707.95,4,1
861.66,0.8,123.46,738.21,4,1
1225.18,1.4,261.08,964.1,7,1
871.96,0.8,133.76,738.21,4,1
814.19,0.8,106.24,707.95,4,1
971.72,1.0,193.51,778.21,5,1
795.44,0.6,135.05,660.38,3,1
882.85,1.0,104.65,778.21,5,1
785.93,0.6,87.73,698.21,3,1
499.04,0.0,87.24,411.79,0,0
912.81,1.0,104.35,808.46,5,1
965.58,1.0,111.73,853.85,5,1
947.26,1.0,161.49,785.77,5,1
916.2,1.0,122.86,793.33,5,1
680.23,0.4,135.49,544.74,2,0
1736.94,1.2,820.41,916.54,6,1
897.92,1.0,97.03,800.9,5,1
2314.89,1.4,1305.41,1009.49,7,1
724.41,0.6,64.03,660.38,3,1
711.63,0.6,58.81,652.82,3,1
879.57,0.8,164.05,715.51,4,1
795.58,0.6,142.76,652.82,3,0
728.03,0.4,153.03,575.0,2,1
658.14,0.4,83.14,575.0,2,0
575.13,0.2,77.95,497.18,1,0
801.49,0.8,93.54,707.95,4,1
577.47,0.2,72.73,504.74,1,0
485.68,0.0,66.32,419.36,0,0
644.15,0.4,99.41,544.74,2,0
1091.15,1.2,212.43,878.72,6,1
1149.56,1.4,177.89,971.67,7,1
1079.17,1.4,137.76,941.41,7,1
765.49,0.6,150.49,615.0,3,1
1003.32,1.0,187.3,816.03,5,1
580.02,0.2,82.84,497.18,1,0
827.0,0.8,119.05,707.95,4,1
724.76,0.6,109.76,615.0,3,1
882.34,0.8,151.7,730.64,4,0
558.78,0.2,76.73,482.05,1,0
753.99,0.6,108.73,645.26,3,1
708.32,0.6,93.32,615.0,3,0
511.44,0.2,44.51,466.92,1,0
1002.81,1.2,146.78,856.03,6,1
941.53,1.0,155.76,785.77,5,1
750.26,0.6,112.57,637.69,3,0
848.12,0.8,155.3,692.82,4,1
1319.6,1.4,310.11,1009.49,7,1
1736.85,2.2,469.03,1267.82,11,1
479.89,0.0,45.41,434.49,0,0
1797.09,1.2,842.73,954.36,6,1
496.67,0.0,54.62,442.05,0,0
480.09,0.0,60.73,419.36,0,0
803.0,0.6,127.49,675.51,3,1
747.05,0.6,124.49,622.56,3,1
859.84,0.8,98.95,760.9,4,1
546.25,0.2,79.32,466.92,1,0
545.85,0.2,94.05,451.79,1,0
439.74,0.0,35.51,404.23,0,0
813.96,0.6,168.7,645.26,3,1
1121.55,1.4,187.7,933.85,7,1
1062.21,1.2,198.62,863.59,6,1
1369.82,1.8,234.95,1134.87,9,1
761.0,0.6,77.92,683.08,3,1
471.36,0.0,52.0,419.36,0,0
556.55,0.2,51.81,504.74,1,0
1077.59,1.2,161.05,916.54,6,1
1235.12,1.0,441.78,793.33,5,1
635.06,0.4,67.62,567.44,2,0
872.86,0.8,157.35,715.51,4,1
486.4,0.0,89.73,396.67,0,0
741.56,0.6,103.86,637.69,3,1
913.81,0.8,190.73,723.08,4,1
834.02,0.6,143.38,690.64,3,1
1353.23,1.0,522.08,831.15,5,1
556.84,0.2,82.35,474.49,1,0
1166.3,1.2,264.89,901.41,6,1
1613.21,1.2,689.11,924.1,6,1
739.86,0.6,124.86,615.0,3,1
654.9,0.4,95.03,559.87,2,0
566.94,0.2,77.32,489.62,1,0
516.82,0.0,97.46,419.36,0,0
472.16,0.0,30.11,442.05,0,0
744.5,0.6,99.24,645.26,3,1
757.76,0.6,142.76,615.0,3,1
1116.49,1.0,315.59,800.9,5,1
791.14,0.6,183.7,607.44,3,1
628.26,0.4,83.51,544.74,2,0
807.02,0.8,68.81,738.21,4,0
834.23,0.6,196.54,637.69,3,1
1873.39,0.8,1127.62,745.77,4,1
927.28,1.0,194.46,732.82,5,1
876.31,1.0,90.54,785.77,5,1
486.83,0.0,37.22,449.62,0,0
755.02,0.6,132.46,622.56,3,1
1001.06,1.0,192.59,808.46,5,1
1150.79,1.4,201.81,948.97,7,1
1194.11,1.6,137.05,1057.05,8,1
755.49,0.6,140.49,615.0,3,1
1798.05,1.0,966.89,831.15,5,1
479.26,0.0,90.16,389.1,0,0
2043.26,1.2,1104.03,939.23,6,1
532.3,0.2,72.95,459.36,1,0
1153.54,0.8,438.03,715.51,4,1
