"Total_Cost","Ratio_Reloc_Prod","Horiz_Cost","Vert_Cost","nReloc","non_Optimal"
246327.54,0.7347,37893.11,208434.35,1102,300
679.98,0.4,127.68,552.31,2,1
750.87,0.4,183.43,567.44,2,1
827.9,0.8,135.08,692.82,4,1
758.41,0.6,143.41,615.0,3,1
431.21,0.0,42.11,389.1,0,1
565.26,0.2,60.51,504.74,1,1
598.34,0.2,101.16,497.18,1,1
815.81,0.8,160.81,655.0,4,1
590.44,0.2,131.08,459.36,1,1
763.26,0.6,125.57,637.69,3,1
1187.14,1.6,213.3,973.85,8,1
745.21,0.6,122.65,622.56,3,1
633.24,0.4,103.62,529.62,2,1
643.69,0.4,98.95,544.74,2,1
917.13,0.8,201.62,715.51,4,1
611.21,0.4,74.03,537.18,2,1
884.04,1.0,105.84,778.21,5,1
959.03,1.0,203.51,755.51,5,1
804.33,0.8,103.95,700.38,4,1
530.11,0.0,88.05,442.05,0,1
1114.91,1.4,211.32,903.59,7,1
709.28,0.4,156.97,552.31,2,1
784.54,0.6,161.97,622.56,3,1
1015.25,1.2,113.84,901.41,6,1
1014.7,1.2,166.24,848.46,6,1
857.76,0.8,157.38,700.38,4,1
1003.44,1.2,177.68,825.77,6,1
592.05,0.2,117.57,474.49,1,1
921.05,1.0,157.97,763.08,5,1
646.5,0.4,101.76,544.74,2,1
466.74,0.0,62.51,404.23,0,1
473.03,0.0,46.11,426.92,0,1
757.06,0.6,104.24,652.82,3,1
764.58,0.6,111.76,652.82,3,1
578.36,0.2,111.43,466.92,1,1
804.98,0.8,97.03,707.95,4,1
1183.81,1.6,134.32,1049.49,8,1
558.48,0.2,76.43,482.05,1,1
704.03,0.4,136.59,567.44,2,1
730.3,0.6,69.92,660.38,3,1
1013.06,1.2,111.65,901.41,6,1
450.61,0.0,38.81,411.79,0,1
658.35,0.4,90.92,567.44,2,1
904.89,1.0,96.43,808.46,5,1
579.19,0.2,97.14,482.05,1,1
674.74,0.4,114.86,559.87,2,1
752.7,0.6,137.7,615.0,3,1
454.91,0.0,58.24,396.67,0,1
744.68,0.6,137.24,607.44,3,1
1090.76,1.4,141.78,948.97,7,1
581.99,0.2,77.24,504.74,1,1
674.91,0.2,177.73,497.18,1,1
724.3,0.6,63.92,660.38,3,1
830.95,0.6,163.0,667.95,3,1
686.35,0.4,111.35,575.0,2,1
891.14,0.8,122.68,768.46,4,1
745.57,0.6,77.62,667.95,3,1
1359.18,1.8,186.49,1172.69,9,1
925.47,1.0,124.57,800.9,5,1
632.04,0.4,79.73,552.31,2,1
731.66,0.6,78.84,652.82,3,1
875.44,0.8,167.49,707.95,4,1
921.99,1.0,151.35,770.64,5,1
949.37,1.0,186.3,763.08,5,1
1312.67,1.8,215.62,1097.05,9,1
655.34,0.4,65.22,590.13,2,1
1033.23,1.2,162.08,871.15,6,1
1007.6,1.2,166.7,840.9,6,1
444.61,0.0,32.81,411.79,0,1
796.72,0.6,166.59,630.13,3,1
490.3,0.0,55.81,434.49,0,1
1159.82,1.6,133.03,1026.79,8,1
795.1,0.6,104.46,690.64,3,1
1216.36,1.6,182.0,1034.36,8,1
873.35,0.8,150.27,723.08,4,1
828.49,0.8,120.54,707.95,4,1
874.02,0.8,143.38,730.64,4,1
1127.57,1.2,211.03,916.54,6,1
837.51,0.8,114.43,723.08,4,1
768.76,0.6,93.24,675.51,3,1
1243.96,1.6,224.73,1019.23,8,1
775.55,0.6,115.16,660.38,3,1
877.83,0.8,147.19,730.64,4,1
863.22,0.6,202.84,660.38,3,1
1085.72,1.2,222.14,863.59,6,1
829.14,0.8,128.76,700.38,4,1
859.75,0.8,136.68,723.08,4,1
1096.38,1.4,139.84,956.54,7,1
896.04,1.0,117.84,778.21,5,1
545.43,0.2,70.95,474.49,1,1
871.44,0.8,125.68,745.77,4,1
542.67,0.0,93.05,449.62,0,1
1226.24,1.6,169.19,1057.05,8,1
718.47,0.4,158.59,559.87,2,1
1121.42,1.2,250.27,871.15,6,1
776.47,0.4,224.16,552.31,2,1
1310.0,1.8,220.51,1089.49,9,1
870.88,1.0,100.24,770.64,5,1
493.09,0.0,73.73,419.36,0,1
682.43,0.4,99.86,582.56,2,1
516.79,0.0,89.86,426.92,0,1
753.96,0.6,116.27,637.69,3,1
676.49,0.4,109.05,567.44,2,1
736.58,0.6,91.32,645.26,3,1
686.88,0.4,134.57,552.31,2,1
953.94,1.0,130.35,823.59,5,1
966.81,1.2,118.35,848.46,6,1
1178.43,1.2,261.89,916.54,6,1
755.39,0.6,49.62,705.77,3,1
1080.96,1.2,202.24,878.72,6,1
546.86,0.2,64.81,482.05,1,1
798.27,0.8,90.32,707.95,4,1
784.94,0.6,101.86,683.08,3,1
1023.99,1.2,145.27,878.72,6,1
861.35,0.8,138.27,723.08,4,1
730.06,0.6,62.11,667.95,3,1
1054.63,1.2,160.78,893.85,6,1
849.5,0.8,156.68,692.82,4,1
830.73,0.8,107.65,723.08,4,1
708.07,0.4,117.95,590.13,2,1
676.41,0.4,108.97,567.44,2,1
795.89,0.8,87.95,707.95,4,1
831.59,0.8,116.08,715.51,4,1
691.89,0.6,69.32,622.56,3,1
472.28,0.0,52.92,419.36,0,1
867.99,0.8,129.78,738.21,4,1
1122.77,1.4,188.92,933.85,7,1
723.47,0.6,78.22,645.26,3,1
951.4,1.0,120.24,831.15,5,1
1047.65,1.2,191.62,856.03,6,1
1025.04,1.2,138.76,886.28,6,1
562.82,0.2,111.03,451.79,1,1
889.79,0.8,189.41,700.38,4,1
815.07,0.6,116.86,698.21,3,1
1136.62,1.4,180.08,956.54,7,1
1068.57,1.2,212.54,856.03,6,1
748.59,0.6,118.46,630.13,3,1
461.1,0.0,72.0,389.1,0,1
900.3,0.8,199.92,700.38,4,1
808.32,0.8,92.81,715.51,4,1
583.38,0.0,148.89,434.49,0,1
713.72,0.6,76.03,637.69,3,1
989.78,1.2,133.76,856.03,6,1
500.47,0.0,96.24,404.23,0,1
653.01,0.4,93.14,559.87,2,1
947.29,1.0,116.14,831.15,5,1
678.95,0.4,103.95,575.0,2,1
644.77,0.4,92.46,552.31,2,1
578.7,0.2,96.65,482.05,1,1
873.58,0.8,135.38,738.21,4,1
1046.54,1.2,190.51,856.03,6,1
935.64,1.0,112.05,823.59,5,1
811.73,0.8,96.22,715.51,4,1
563.86,0.2,74.24,489.62,1,1
1003.24,1.0,187.22,816.03,5,1
865.48,0.8,134.84,730.64,4,1
571.8,0.2,74.62,497.18,1,1
844.44,0.8,91.11,753.33,4,1
1193.46,1.6,143.97,1049.49,8,1
979.71,1.0,178.81,800.9,5,1
685.37,0.2,180.62,504.74,1,1
708.12,0.4,102.86,605.26,2,1
768.87,0.6,116.05,652.82,3,1
696.38,0.4,121.38,575.0,2,1
735.25,0.6,82.43,652.82,3,1
596.94,0.2,99.76,497.18,1,1
753.65,0.6,78.14,675.51,3,1
716.1,0.6,93.54,622.56,3,1
979.02,1.0,147.86,831.15,5,1
651.32,0.4,76.32,575.0,2,1
1271.56,1.8,159.38,1112.18,9,1
602.16,0.4,72.54,529.62,2,1
477.7,0.0,43.22,434.49,0,1
1024.22,1.2,115.24,908.97,6,1
762.61,0.6,117.35,645.26,3,1
959.5,1.0,181.3,778.21,5,1
937.8,1.0,106.65,831.15,5,1
733.69,0.6,88.43,645.26,3,1
544.27,0.2,62.22,482.05,1,1
1238.96,1.6,166.78,1072.18,8,1
863.94,0.8,140.86,723.08,4,1
735.54,0.6,120.54,615.0,3,1
626.15,0.4,73.84,552.31,2,1
572.26,0.2,82.65,489.62,1,1
945.79,1.2,97.32,848.46,6,1
499.71,0.0,80.35,419.36,0,1
1350.02,2.0,205.41,1144.62,10,1
804.37,0.6,166.68,637.69,3,1
738.55,0.6,85.73,652.82,3,1
989.9,1.0,204.14,785.77,5,1
1085.23,1.4,174.08,911.15,7,1
1015.98,1.2,175.08,840.9,6,1
945.4,1.0,114.24,831.15,5,1
554.58,0.2,57.41,497.18,1,1
1010.37,1.2,131.65,878.72,6,1
835.67,0.8,120.16,715.51,4,1
1238.39,1.6,204.03,1034.36,8,1
782.57,0.6,107.05,675.51,3,1
486.54,0.0,59.62,426.92,0,1
981.15,1.0,150.0,831.15,5,1
620.58,0.4,75.84,544.74,2,1
521.51,0.2,47.03,474.49,1,1
727.53,0.6,97.41,630.13,3,1
900.18,1.0,129.54,770.64,5,1
781.81,0.6,113.86,667.95,3,1
647.99,0.4,103.24,544.74,2,1
744.5,0.6,99.24,645.26,3,1
763.6,0.6,103.22,660.38,3,1
778.41,0.6,110.46,667.95,3,1
1150.43,1.4,186.32,964.1,7,1
855.32,0.8,124.68,730.64,4,1
746.7,0.6,116.57,630.13,3,1
810.32,0.6,180.19,630.13,3,1
807.08,0.8,99.14,707.95,4,1
640.09,0.4,95.35,544.74,2,1
607.65,0.2,125.59,482.05,1,1
973.04,1.0,126.76,846.28,5,1
468.25,0.0,41.32,426.92,0,1
1490.51,2.2,200.0,1290.51,11,1
919.58,1.0,126.24,793.33,5,1
1022.55,1.2,136.27,886.28,6,1
814.58,0.6,169.32,645.26,3,1
779.3,0.8,78.92,700.38,4,1
588.25,0.2,128.89,459.36,1,1
738.94,0.6,101.24,637.69,3,1
713.58,0.4,100.76,612.82,2,1
974.21,1.0,211.14,763.08,5,1
896.26,1.0,118.05,778.21,5,1
996.36,1.0,150.08,846.28,5,1
982.31,1.0,204.11,778.21,5,1
681.85,0.4,69.03,612.82,2,1
1005.82,1.0,220.05,785.77,5,1
548.2,0.2,88.84,459.36,1,1
1074.37,1.2,203.22,871.15,6,1
1325.74,1.8,258.95,1066.79,9,1
612.37,0.2,115.19,497.18,1,1
731.26,0.4,186.51,544.74,2,1
941.01,1.0,94.73,846.28,5,1
945.28,1.0,144.38,800.9,5,1
565.68,0.2,98.76,466.92,1,1
656.03,0.4,81.03,575.0,2,1
1167.67,1.6,171.14,996.54,8,1
922.82,1.0,137.05,785.77,5,1
1116.82,1.4,175.41,941.41,7,1
638.09,0.4,78.22,559.87,2,1
556.93,0.2,105.14,451.79,1,1
700.69,0.4,148.38,552.31,2,1
1101.48,1.2,230.32,871.15,6,1
1344.3,2.0,161.86,1182.44,10,1
1132.57,1.4,183.59,948.97,7,1
697.66,0.4,137.78,559.87,2,1
1268.26,1.6,249.03,1019.23,8,1
825.74,0.8,72.41,753.33,4,1
580.13,0.2,82.95,497.18,1,1
634.67,0.4,105.05,529.62,2,1
1111.04,1.4,177.19,933.85,7,1
679.91,0.4,150.3,529.62,2,1
435.74,0.0,31.51,404.23,0,1
859.56,0.8,121.35,738.21,4,1
813.83,0.8,75.62,738.21,4,1
780.28,0.6,127.46,652.82,3,1
511.75,0.0,115.08,396.67,0,1
1528.86,2.4,190.78,1338.08,12,1
457.99,0.0,61.32,396.67,0,1
565.35,0.2,75.73,489.62,1,1
600.61,0.2,95.86,504.74,1,1
1237.11,1.6,195.19,1041.92,8,1
479.88,0.0,75.65,404.23,0,1
669.76,0.4,94.76,575.0,2,1
1137.27,1.2,288.81,848.46,6,1
1179.66,1.6,152.86,1026.79,8,1
865.7,0.8,135.05,730.64,4,1
1078.69,1.4,107.03,971.67,7,1
498.64,0.0,101.97,396.67,0,1
591.55,0.2,79.24,512.31,1,1
1309.34,1.8,242.54,1066.79,9,1
1076.14,1.4,127.16,948.97,7,1
744.53,0.6,106.84,637.69,3,1
639.04,0.4,101.86,537.18,2,1
849.46,0.8,126.38,723.08,4,1
642.83,0.4,105.65,537.18,2,1
919.18,1.0,140.97,778.21,5,1
745.34,0.6,107.65,637.69,3,1
1153.4,1.4,189.3,964.1,7,1
1213.33,1.6,171.41,1041.92,8,1
873.52,0.8,105.05,768.46,4,1
677.1,0.4,94.54,582.56,2,1
460.44,0.0,33.51,426.92,0,1
780.22,0.8,64.7,715.51,4,1
491.91,0.0,95.24,396.67,0,1
795.62,0.6,127.68,667.95,3,1
1026.85,1.2,87.62,939.23,6,1
962.35,1.2,106.32,856.03,6,1
801.71,0.8,101.32,700.38,4,1
610.72,0.2,105.97,504.74,1,1
656.08,0.4,88.65,567.44,2,1
742.12,0.6,104.43,637.69,3,1
1116.09,1.2,275.19,840.9,6,1
886.94,0.8,156.3,730.64,4,1
716.61,0.6,78.92,637.69,3,1
