"Total_Cost","Ratio_Reloc_Prod","Horiz_Cost","Vert_Cost","nReloc","non_Optimal"
237927.24,0.4047,49353.4,188573.85,607,194
704.6,0.4,84.22,620.38,2,0
902.13,0.6,150.97,751.15,3,1
1029.83,0.8,231.11,798.72,4,0
728.46,0.2,201.03,527.44,1,0
923.52,0.6,202.62,720.9,3,1
735.91,0.4,92.84,643.08,2,0
861.16,0.6,117.57,743.59,3,1
1887.26,1.0,1040.97,846.28,5,1
918.38,0.6,189.92,728.46,3,1
1030.12,1.0,176.27,853.85,5,1
786.36,0.6,73.03,713.33,3,1
714.89,0.4,71.81,643.08,2,0
1182.87,0.8,490.05,692.82,4,1
625.38,0.2,97.95,527.44,1,0
853.8,0.4,203.16,650.64,2,1
834.44,0.4,168.68,665.77,2,1
1107.01,1.2,152.65,954.36,6,1
816.73,0.4,181.22,635.51,2,1
830.26,0.6,132.05,698.21,3,0
533.31,0.0,76.14,457.18,0,0
862.28,0.6,141.38,720.9,3,1
777.74,0.4,111.97,665.77,2,1
739.38,0.4,103.86,635.51,2,1
604.17,0.2,91.86,512.31,1,0
1190.37,0.4,600.24,590.13,2,1
555.2,0.0,75.32,479.87,0,0
963.17,0.8,141.76,821.41,4,1
955.86,0.8,164.7,791.15,4,1
1116.77,1.0,217.54,899.23,5,1
584.39,0.0,112.08,472.31,0,0
540.82,0.0,68.51,472.31,0,0
627.88,0.2,62.62,565.26,1,0
732.37,0.4,134.68,597.69,2,0
696.85,0.2,139.16,557.69,1,1
579.82,0.0,107.51,472.31,0,0
760.8,0.4,95.03,665.77,2,0
662.45,0.2,104.76,557.69,1,1
726.08,0.4,98.14,627.95,2,0
783.13,0.4,140.05,643.08,2,0
772.64,0.6,74.43,698.21,3,1
717.22,0.2,197.35,519.87,1,0
1312.46,1.0,443.49,868.97,5,1
669.2,0.2,88.81,580.38,1,0
674.99,0.2,124.86,550.13,1,1
964.24,0.8,120.14,844.1,4,1
656.93,0.2,76.54,580.38,1,0
939.06,0.6,225.73,713.33,3,0
1067.46,0.6,339.0,728.46,3,1
871.81,0.6,135.78,736.03,3,0
691.71,0.2,103.76,587.95,1,0
693.53,0.2,135.84,557.69,1,1
994.81,0.8,158.27,836.54,4,1
907.65,0.6,179.19,728.46,3,1
971.8,0.8,173.08,798.72,4,1
860.01,0.6,146.68,713.33,3,1
1393.56,1.2,416.51,977.05,6,1
600.03,0.0,120.16,479.87,0,1
629.24,0.2,94.24,535.0,1,0
724.2,0.4,118.95,605.26,2,1
660.73,0.2,118.16,542.56,1,1
906.52,0.6,185.62,720.9,3,0
638.09,0.2,72.84,565.26,1,0
671.03,0.2,90.65,580.38,1,0
490.05,0.0,48.0,442.05,0,1
563.36,0.0,91.05,472.31,0,1
543.13,0.0,85.95,457.18,0,1
642.53,0.0,177.78,464.74,0,0
466.17,0.0,46.81,419.36,0,0
1046.54,0.6,363.46,683.08,3,1
543.88,0.0,79.14,464.74,0,1
482.05,0.0,40.0,442.05,0,1
657.17,0.4,89.73,567.44,2,1
524.29,0.0,82.24,442.05,0,0
520.78,0.0,78.73,442.05,0,1
846.31,0.6,132.97,713.33,3,1
650.51,0.2,107.95,542.56,1,1
532.26,0.0,82.65,449.62,0,1
892.36,0.8,131.46,760.9,4,1
813.67,0.4,170.59,643.08,2,1
653.79,0.2,141.49,512.31,1,1
808.48,0.4,150.27,658.21,2,1
1197.72,1.2,197.97,999.74,6,1
1054.85,1.0,148.05,906.79,5,1
556.85,0.0,84.54,472.31,0,1
1144.1,1.2,212.43,931.67,6,1
503.35,0.0,53.73,449.62,0,0
621.73,0.2,86.73,535.0,1,1
1087.57,0.8,266.16,821.41,4,1
543.31,0.0,71.0,472.31,0,1
562.69,0.0,97.95,464.74,0,0
604.97,0.2,62.41,542.56,1,0
467.68,0.0,48.32,419.36,0,0
933.84,0.6,212.95,720.9,3,0
989.01,0.8,182.73,806.28,4,1
1118.4,0.8,281.86,836.54,4,1
716.9,0.2,144.08,572.82,1,0
829.26,0.4,163.49,665.77,2,0
636.52,0.0,149.08,487.44,0,0
1202.5,0.8,396.22,806.28,4,1
667.88,0.2,102.62,565.26,1,1
496.67,0.0,54.62,442.05,0,1
605.99,0.0,156.38,449.62,0,0
658.25,0.2,85.43,572.82,1,1
861.49,0.6,125.46,736.03,3,1
523.52,0.0,51.22,472.31,0,1
488.13,0.0,38.51,449.62,0,0
760.43,0.4,117.35,643.08,2,1
687.03,0.2,106.65,580.38,1,0
817.0,0.4,181.49,635.51,2,0
797.8,0.4,132.03,665.77,2,0
574.74,0.0,110.0,464.74,0,0
899.68,0.2,372.24,527.44,1,1
1566.24,1.0,742.65,823.59,5,1
1242.36,1.2,295.57,946.79,6,1
647.21,0.2,104.65,542.56,1,1
791.18,0.6,100.54,690.64,3,1
552.77,0.0,88.03,464.74,0,0
1147.39,1.0,240.59,906.79,5,1
508.16,0.0,66.11,442.05,0,0
937.82,0.6,232.05,705.77,3,0
636.41,0.2,108.97,527.44,1,1
1108.27,0.4,540.84,567.44,2,1
645.42,0.2,87.73,557.69,1,1
808.59,0.4,218.46,590.13,2,1
757.08,0.4,129.14,627.95,2,1
837.78,0.6,147.14,690.64,3,1
1065.02,1.0,188.49,876.54,5,1
793.22,0.4,157.7,635.51,2,1
821.78,0.6,131.14,690.64,3,0
871.67,0.6,120.51,751.15,3,1
620.77,0.2,55.51,565.26,1,0
863.25,0.8,102.35,760.9,4,1
681.63,0.2,116.38,565.26,1,1
700.07,0.2,142.38,557.69,1,1
639.95,0.2,120.08,519.87,1,1
1311.4,0.8,588.32,723.08,4,1
673.9,0.2,93.51,580.38,1,1
717.82,0.4,97.43,620.38,2,1
885.59,0.6,149.57,736.03,3,1
1335.4,0.4,752.84,582.56,2,1
546.74,0.0,82.0,464.74,0,0
579.88,0.0,115.14,464.74,0,0
662.69,0.4,57.43,605.26,2,1
975.69,0.4,378.0,597.69,2,1
766.49,0.4,130.97,635.51,2,1
803.56,0.4,160.49,643.08,2,0
839.94,0.6,149.3,690.64,3,0
620.43,0.2,85.43,535.0,1,0
835.3,0.4,207.35,627.95,2,1
1040.78,1.0,224.76,816.03,5,1
600.7,0.2,58.14,542.56,1,0
1358.25,0.6,690.3,667.95,3,1
679.03,0.2,98.65,580.38,1,1
853.39,0.6,155.19,698.21,3,1
917.08,0.6,173.49,743.59,3,0
708.69,0.2,135.86,572.82,1,0
779.75,0.4,136.68,643.08,2,0
706.45,0.2,148.76,557.69,1,1
661.95,0.2,142.08,519.87,1,1
796.54,0.4,168.59,627.95,2,0
1028.57,0.4,408.19,620.38,2,1
771.38,0.4,151.0,620.38,2,1
699.28,0.2,126.46,572.82,1,0
654.94,0.2,97.24,557.69,1,1
709.12,0.2,143.86,565.26,1,1
687.11,0.2,106.73,580.38,1,0
478.27,0.0,36.22,442.05,0,0
522.11,0.0,80.05,442.05,0,1
1032.46,1.0,163.49,868.97,5,1
663.31,0.2,98.05,565.26,1,0
944.31,0.4,392.0,552.31,2,1
478.0,0.0,43.51,434.49,0,1
963.49,0.8,195.03,768.46,4,1
553.48,0.0,103.86,449.62,0,0
834.28,0.6,120.95,713.33,3,1
726.49,0.4,98.54,627.95,2,1
1251.05,0.4,721.43,529.62,2,1
883.61,0.6,132.46,751.15,3,0
1586.77,1.6,507.03,1079.74,8,1
960.91,0.8,162.19,798.72,4,1
888.87,0.4,215.54,673.33,2,1
733.6,0.4,105.65,627.95,2,1
972.65,1.0,111.24,861.41,5,1
773.39,0.4,107.62,665.77,2,0
829.47,0.6,184.22,645.26,3,0
767.3,0.4,139.35,627.95,2,1
906.62,0.8,123.03,783.59,4,1
829.99,0.4,171.78,658.21,2,1
535.49,0.0,55.62,479.87,0,0
639.77,0.2,74.51,565.26,1,0
703.87,0.4,75.92,627.95,2,1
560.44,0.0,88.14,472.31,0,1
554.99,0.2,57.81,497.18,1,0
925.16,0.6,242.08,683.08,3,1
692.14,0.4,79.32,612.82,2,1
677.64,0.2,119.95,557.69,1,0
882.09,0.6,168.76,713.33,3,1
664.86,0.2,129.86,535.0,1,1
883.04,0.4,224.84,658.21,2,1
1793.11,1.2,952.22,840.9,6,1
765.36,0.4,92.03,673.33,2,0
502.58,0.0,45.41,457.18,0,1
779.43,0.6,96.35,683.08,3,0
657.02,0.2,114.46,542.56,1,1
1002.39,0.8,196.11,806.28,4,1
727.07,0.2,161.81,565.26,1,1
561.39,0.0,96.65,464.74,0,0
713.69,0.2,156.0,557.69,1,0
678.45,0.0,221.27,457.18,0,1
760.19,0.4,124.68,635.51,2,1
663.38,0.2,128.38,535.0,1,1
820.04,0.6,114.27,705.77,3,1
624.34,0.2,74.22,550.13,1,0
734.52,0.2,161.7,572.82,1,1
757.45,0.4,99.24,658.21,2,1
892.85,0.8,147.08,745.77,4,1
791.28,0.4,125.51,665.77,2,1
624.71,0.2,104.84,519.87,1,1
615.09,0.2,110.35,504.74,1,0
708.79,0.4,80.84,627.95,2,1
699.4,0.2,141.7,557.69,1,1
870.64,0.4,212.43,658.21,2,1
755.62,0.4,112.54,643.08,2,1
844.95,0.6,124.05,720.9,3,1
677.64,0.2,119.95,557.69,1,1
797.56,0.6,99.35,698.21,3,1
779.73,0.4,136.65,643.08,2,0
686.82,0.2,121.57,565.26,1,1
1204.85,1.4,218.05,986.79,7,1
958.65,0.6,222.62,736.03,3,1
589.72,0.0,124.97,464.74,0,1
549.31,0.0,92.14,457.18,0,0
1165.31,1.4,178.51,986.79,7,1
974.0,0.8,205.54,768.46,4,1
856.9,0.4,191.14,665.77,2,1
738.02,0.2,180.32,557.69,1,0
814.83,0.6,131.76,683.08,3,0
722.45,0.2,157.19,565.26,1,1
816.05,0.6,132.97,683.08,3,1
809.54,0.6,126.46,683.08,3,1
509.08,0.0,67.03,442.05,0,0
793.92,0.8,78.41,715.51,4,1
637.18,0.2,71.92,565.26,1,0
759.59,0.4,116.51,643.08,2,0
535.18,0.0,70.43,464.74,0,1
512.97,0.0,70.92,442.05,0,0
767.75,0.4,185.19,582.56,2,1
784.71,0.6,116.76,667.95,3,1
870.47,0.6,149.57,720.9,3,0
711.16,0.2,168.59,542.56,1,1
1221.46,0.8,445.43,776.03,4,1
852.86,0.6,169.78,683.08,3,1
816.43,0.4,180.92,635.51,2,0
960.72,0.6,262.51,698.21,3,1
976.58,0.8,170.3,806.28,4,1
701.29,0.2,143.59,557.69,1,1
558.28,0.0,93.54,464.74,0,0
1468.4,1.0,652.38,816.03,5,1
654.76,0.0,167.32,487.44,0,0
1659.74,0.8,959.35,700.38,4,1
721.72,0.4,116.46,605.26,2,0
1056.59,0.4,481.59,575.0,2,1
746.57,0.4,111.05,635.51,2,1
751.29,0.4,100.65,650.64,2,1
848.64,0.6,158.0,690.64,3,1
882.54,0.6,138.95,743.59,3,0
524.52,0.0,52.22,472.31,0,0
1064.16,1.0,195.19,868.97,5,1
693.6,0.2,120.78,572.82,1,1
908.97,0.6,165.38,743.59,3,1
660.29,0.2,110.16,550.13,1,0
827.36,0.6,114.03,713.33,3,1
848.33,0.6,127.43,720.9,3,1
730.0,0.2,142.05,587.95,1,0
560.31,0.0,103.14,457.18,0,0
941.26,0.8,134.97,806.28,4,1
510.45,0.0,45.7,464.74,0,0
1077.79,1.0,208.81,868.97,5,1
683.02,0.2,132.89,550.13,1,1
697.09,0.2,124.27,572.82,1,0
531.29,0.0,89.24,442.05,0,0
802.76,0.6,127.24,675.51,3,1
751.4,0.4,108.32,643.08,2,1
814.48,0.6,123.84,690.64,3,1
688.4,0.4,105.84,582.56,2,1
797.98,0.4,177.59,620.38,2,1
687.77,0.2,114.95,572.82,1,1
709.53,0.4,111.84,597.69,2,0
598.28,0.2,93.54,504.74,1,0
510.78,0.0,68.73,442.05,0,0
584.68,0.2,64.81,519.87,1,0
743.74,0.2,178.49,565.26,1,1
460.76,0.0,41.41,419.36,0,0
871.15,0.6,165.38,705.77,3,1
985.81,0.6,242.22,743.59,3,1
1163.17,1.0,301.76,861.41,5,1
662.87,0.2,90.05,572.82,1,1
922.7,0.6,179.11,743.59,3,0
524.61,0.0,67.43,457.18,0,0
649.07,0.2,83.81,565.26,1,1
