"Total_Cost","Ratio_Reloc_Prod","Horiz_Cost","Vert_Cost","nReloc","non_Optimal"
241786.87,0.4407,50954.63,190832.2,661,156
657.95,0.2,62.43,595.51,1,0
785.27,0.2,242.7,542.56,1,1
676.35,0.2,80.84,595.51,1,0
1052.15,0.8,200.49,851.67,4,1
584.77,0.0,112.46,472.31,0,0
960.31,0.8,146.46,813.85,4,1
699.81,0.4,56.73,643.08,2,0
1116.17,1.2,154.24,961.92,6,1
1144.85,0.8,331.0,813.85,4,0
1060.65,1.0,199.24,861.41,5,1
1064.26,1.0,172.59,891.67,5,1
844.64,0.6,154.0,690.64,3,0
544.53,0.0,87.35,457.18,0,1
762.62,0.4,119.54,643.08,2,1
584.84,0.0,104.97,479.87,0,1
893.89,0.6,150.3,743.59,3,0
648.8,0.2,83.54,565.26,1,0
668.95,0.2,149.08,519.87,1,0
717.75,0.4,120.05,597.69,2,1
652.68,0.2,125.24,527.44,1,1
695.61,0.2,145.49,550.13,1,0
706.42,0.2,141.16,565.26,1,0
640.5,0.2,75.24,565.26,1,0
808.74,0.4,203.49,605.26,2,0
749.07,0.4,151.38,597.69,2,1
715.12,0.4,117.43,597.69,2,0
729.63,0.4,124.38,605.26,2,0
905.75,0.8,122.16,783.59,4,0
634.54,0.2,107.11,527.44,1,1
660.99,0.4,55.73,605.26,2,1
1102.84,1.2,193.86,908.97,6,1
825.1,0.6,134.46,690.64,3,1
1016.44,0.8,202.59,813.85,4,1
1466.07,1.4,373.38,1092.69,7,0
646.42,0.0,189.24,457.18,0,1
550.15,0.0,92.97,457.18,0,1
615.42,0.2,118.24,497.18,1,1
783.49,0.4,155.54,627.95,2,1
1145.51,0.8,361.92,783.59,4,0
726.8,0.2,176.68,550.13,1,1
776.2,0.4,110.43,665.77,2,1
1029.53,0.4,424.27,605.26,2,1
563.77,0.0,91.46,472.31,0,0
714.67,0.2,172.11,542.56,1,1
720.82,0.4,108.0,612.82,2,1
1080.32,1.0,203.78,876.54,5,0
669.11,0.2,141.68,527.44,1,1
910.64,0.6,220.0,690.64,3,1
1048.68,0.4,481.24,567.44,2,1
1155.85,0.6,389.57,766.28,3,0
689.79,0.2,116.97,572.82,1,1
1215.3,1.0,338.76,876.54,5,0
764.12,0.4,158.86,605.26,2,1
673.32,0.2,123.19,550.13,1,0
637.18,0.2,71.92,565.26,1,1
834.25,0.4,206.3,627.95,2,1
915.35,0.6,239.84,675.51,3,0
783.36,0.6,130.54,652.82,3,1
643.85,0.2,86.16,557.69,1,0
697.18,0.0,247.57,449.62,0,0
1225.73,1.0,364.32,861.41,5,0
1131.69,0.6,372.97,758.72,3,0
956.03,0.8,180.0,776.03,4,1
917.8,0.4,267.16,650.64,2,0
566.32,0.0,124.27,442.05,0,1
727.18,0.2,169.49,557.69,1,0
883.26,0.6,177.49,705.77,3,1
566.43,0.0,124.38,442.05,0,0
913.04,0.6,199.7,713.33,3,1
845.7,0.6,170.19,675.51,3,1
700.26,0.2,142.57,557.69,1,0
514.24,0.0,64.62,449.62,0,0
832.48,0.4,174.27,658.21,2,0
583.18,0.2,86.0,497.18,1,1
501.19,0.0,66.7,434.49,0,0
601.5,0.2,104.32,497.18,1,0
842.67,0.4,192.03,650.64,2,0
821.82,0.4,156.05,665.77,2,1
559.2,0.0,94.46,464.74,0,0
528.17,0.0,101.24,426.92,0,1
668.01,0.2,102.76,565.26,1,0
576.86,0.2,87.24,489.62,1,1
641.46,0.2,106.46,535.0,1,0
903.73,0.6,175.27,728.46,3,1
564.48,0.0,114.86,449.62,0,1
979.04,0.6,265.7,713.33,3,0
729.52,0.4,109.14,620.38,2,1
476.34,0.0,64.54,411.79,0,0
435.2,0.0,23.41,411.79,0,1
1079.98,1.2,133.19,946.79,6,1
687.82,0.2,122.57,565.26,1,0
742.28,0.2,222.41,519.87,1,0
792.04,0.4,179.22,612.82,2,0
435.85,0.0,31.62,404.23,0,1
1003.37,1.2,139.78,863.59,6,1
671.69,0.2,106.43,565.26,1,1
903.56,0.6,144.84,758.72,3,0
780.8,0.4,183.11,597.69,2,0
565.53,0.0,108.35,457.18,0,0
672.02,0.2,129.46,542.56,1,1
957.63,0.6,251.86,705.77,3,0
622.93,0.2,103.05,519.87,1,0
792.73,0.4,164.78,627.95,2,0
948.19,0.8,172.16,776.03,4,1
890.16,0.6,146.57,743.59,3,1
828.68,0.4,200.73,627.95,2,0
990.97,0.6,300.32,690.64,3,0
552.05,0.0,110.0,442.05,0,1
657.76,0.2,122.76,535.0,1,0
837.23,0.4,171.46,665.77,2,0
671.01,0.2,105.76,565.26,1,0
765.27,0.4,182.7,582.56,2,1
1165.82,1.0,259.03,906.79,5,1
743.91,0.4,85.7,658.21,2,1
701.0,0.2,166.0,535.0,1,1
655.09,0.2,89.84,565.26,1,0
829.97,0.4,186.89,643.08,2,0
854.51,0.6,163.86,690.64,3,0
902.81,0.6,166.78,736.03,3,0
729.67,0.2,171.97,557.69,1,0
747.82,0.4,142.57,605.26,2,1
804.21,0.2,254.08,550.13,1,0
1082.83,0.8,299.24,783.59,4,1
811.12,0.4,198.3,612.82,2,0
751.96,0.2,186.7,565.26,1,1
731.02,0.2,173.32,557.69,1,0
764.43,0.4,121.35,643.08,2,0
532.19,0.0,90.14,442.05,0,0
1027.16,0.4,437.03,590.13,2,1
677.01,0.2,111.76,565.26,1,0
676.94,0.2,119.24,557.69,1,1
713.99,0.2,156.3,557.69,1,0
503.89,0.0,69.41,434.49,0,1
854.66,0.6,201.84,652.82,3,0
526.92,0.0,92.43,434.49,0,0
893.23,0.4,295.54,597.69,2,1
1292.28,1.4,305.49,986.79,7,0
884.2,0.6,170.86,713.33,3,0
530.32,0.0,88.27,442.05,0,0
613.58,0.2,101.27,512.31,1,1
950.07,0.4,291.86,658.21,2,0
711.04,0.2,145.78,565.26,1,1
738.16,0.4,102.65,635.51,2,1
1238.48,1.2,261.43,977.05,6,1
880.14,0.6,212.19,667.95,3,1
1188.94,0.8,458.3,730.64,4,1
948.33,0.6,235.0,713.33,3,0
704.54,0.2,161.97,542.56,1,1
776.58,0.4,178.89,597.69,2,0
1026.45,1.0,187.73,838.72,5,0
877.74,0.4,204.41,673.33,2,0
926.73,0.6,190.7,736.03,3,0
603.39,0.0,138.65,464.74,0,0
734.67,0.4,152.11,582.56,2,1
861.85,0.6,163.65,698.21,3,0
621.8,0.2,64.11,557.69,1,1
539.23,0.0,82.05,457.18,0,1
1042.73,1.0,166.19,876.54,5,1
861.2,0.6,147.86,713.33,3,1
737.14,0.4,116.76,620.38,2,1
879.83,0.6,196.76,683.08,3,1
1053.69,0.8,247.41,806.28,4,0
635.54,0.2,108.11,527.44,1,1
850.49,0.4,214.97,635.51,2,1
507.41,0.0,72.92,434.49,0,1
707.23,0.2,210.05,497.18,1,1
985.75,0.8,194.59,791.15,4,1
927.22,0.6,259.27,667.95,3,0
982.93,0.8,176.65,806.28,4,1
909.2,0.6,195.86,713.33,3,0
799.35,0.4,163.84,635.51,2,1
525.62,0.0,91.14,434.49,0,1
1093.0,0.8,271.59,821.41,4,1
734.03,0.4,113.65,620.38,2,1
758.51,0.4,175.95,582.56,2,1
958.79,0.8,190.32,768.46,4,1
548.42,0.0,91.24,457.18,0,0
679.65,0.2,144.65,535.0,1,0
866.64,0.6,183.57,683.08,3,1
602.43,0.2,67.43,535.0,1,0
1191.22,1.2,282.24,908.97,6,0
1022.89,1.0,146.35,876.54,5,0
746.95,0.4,179.51,567.44,2,1
901.89,0.4,258.81,643.08,2,1
731.05,0.2,188.49,542.56,1,0
788.98,0.6,121.03,667.95,3,0
1225.61,1.2,293.95,931.67,6,0
1178.26,1.2,246.59,931.67,6,0
553.72,0.0,96.54,457.18,0,0
817.21,0.4,159.0,658.21,2,1
1049.7,0.6,321.24,728.46,3,0
1140.72,1.0,256.62,884.1,5,0
675.28,0.2,110.03,565.26,1,0
798.75,0.4,155.68,643.08,2,1
577.83,0.2,80.65,497.18,1,0
841.87,0.4,213.92,627.95,2,1
752.48,0.4,169.92,582.56,2,0
516.19,0.0,74.14,442.05,0,0
461.01,0.0,49.22,411.79,0,1
670.02,0.4,87.46,582.56,2,1
694.99,0.2,129.73,565.26,1,1
771.44,0.6,111.05,660.38,3,0
594.91,0.2,90.16,504.74,1,1
1212.93,1.4,226.14,986.79,7,0
847.8,0.6,149.59,698.21,3,0
1059.65,0.8,291.19,768.46,4,1
1214.34,1.0,322.68,891.67,5,0
909.94,0.6,219.3,690.64,3,1
580.58,0.0,108.27,472.31,0,1
891.03,0.6,223.08,667.95,3,1
845.19,0.4,209.68,635.51,2,1
458.61,0.0,46.81,411.79,0,1
539.94,0.0,82.76,457.18,0,1
1016.64,1.0,177.92,838.72,5,1
1461.17,1.4,406.3,1054.87,7,1
802.08,0.4,159.0,643.08,2,0
670.21,0.2,120.08,550.13,1,1
987.57,0.8,166.16,821.41,4,1
1238.19,0.8,469.73,768.46,4,1
882.72,0.4,216.95,665.77,2,1
638.14,0.2,118.27,519.87,1,0
824.85,0.4,219.59,605.26,2,1
713.52,0.4,93.14,620.38,2,1
1187.68,1.2,286.27,901.41,6,1
666.39,0.2,101.14,565.26,1,0
544.37,0.0,79.62,464.74,0,1
561.73,0.0,119.68,442.05,0,1
620.31,0.2,62.62,557.69,1,0
1141.16,1.0,264.62,876.54,5,1
959.1,0.6,200.38,758.72,3,0
557.51,0.0,123.03,434.49,0,0
443.2,0.0,31.41,411.79,0,1
656.61,0.4,58.92,597.69,2,0
859.17,0.6,153.41,705.77,3,1
792.6,0.4,179.78,612.82,2,0
808.95,0.6,141.0,667.95,3,1
888.64,0.6,198.0,690.64,3,1
924.29,0.4,266.08,658.21,2,1
1355.71,1.4,361.35,994.36,7,0
1242.8,1.0,396.51,846.28,5,0
547.5,0.0,90.32,457.18,0,1
652.06,0.2,132.19,519.87,1,0
662.97,0.2,127.97,535.0,1,0
698.15,0.2,140.46,557.69,1,0
808.33,0.6,140.38,667.95,3,1
521.9,0.0,102.54,419.36,0,0
626.92,0.2,84.35,542.56,1,0
746.88,0.2,196.76,550.13,1,0
990.53,0.8,191.81,798.72,4,0
777.1,0.2,234.54,542.56,1,0
684.76,0.4,56.81,627.95,2,0
726.53,0.2,161.27,565.26,1,1
1118.19,1.2,209.22,908.97,6,1
530.84,0.0,96.35,434.49,0,1
899.27,0.6,216.19,683.08,3,0
928.06,0.6,199.59,728.46,3,1
667.14,0.2,94.32,572.82,1,1
490.49,0.0,71.14,419.36,0,0
601.0,0.2,66.0,535.0,1,1
804.47,0.6,91.14,713.33,3,1
598.59,0.2,116.54,482.05,1,0
583.55,0.2,78.81,504.74,1,0
773.25,0.4,152.86,620.38,2,1
1349.92,1.4,348.0,1001.92,7,0
900.66,0.4,234.89,665.77,2,1
1065.14,1.0,196.16,868.97,5,0
1074.1,1.0,250.51,823.59,5,0
944.53,0.4,278.76,665.77,2,0
862.4,0.6,171.76,690.64,3,0
727.3,0.4,106.92,620.38,2,1
936.1,0.6,245.46,690.64,3,1
1244.24,0.8,407.7,836.54,4,1
1158.05,1.2,226.38,931.67,6,0
780.22,0.4,152.27,627.95,2,1
672.3,0.4,112.43,559.87,2,1
931.84,0.6,263.89,667.95,3,1
537.75,0.2,55.7,482.05,1,1
889.39,0.8,136.05,753.33,4,0
568.07,0.0,118.46,449.62,0,0
849.75,0.6,151.54,698.21,3,1
1048.16,0.6,312.14,736.03,3,0
806.39,0.2,241.14,565.26,1,0
843.61,0.4,238.35,605.26,2,0
963.79,0.8,202.89,760.9,4,0
902.69,0.6,196.92,705.77,3,1
928.37,0.6,245.3,683.08,3,1
935.08,0.8,151.49,783.59,4,0
907.21,0.6,156.05,751.15,3,0
714.26,0.4,116.57,597.69,2,1
775.52,0.6,54.62,720.9,3,0
914.2,0.6,200.86,713.33,3,0
898.23,0.4,232.46,665.77,2,1
878.98,0.4,266.16,612.82,2,1
731.78,0.0,289.73,442.05,0,1
547.14,0.0,120.22,426.92,0,1
760.42,0.4,102.22,658.21,2,1
516.11,0.2,41.62,474.49,1,1
659.75,0.2,102.05,557.69,1,1
869.14,0.8,115.81,753.33,4,0
758.81,0.4,176.24,582.56,2,1
