"Total_Cost","Ratio_Reloc_Prod","Horiz_Cost","Vert_Cost","nReloc","non_Optimal"
259747.36,0.7893,47216.05,212531.27,1184,4
698.57,0.6,91.14,607.44,3,0
888.67,1.0,133.16,755.51,5,0
898.4,1.0,180.7,717.69,5,0
721.65,0.4,154.22,567.44,2,0
548.96,0.2,97.16,451.79,1,0
814.82,0.6,162.0,652.82,3,0
847.91,0.6,210.22,637.69,3,0
671.44,0.4,119.14,552.31,2,0
891.36,1.0,158.54,732.82,5,0
728.94,0.4,146.38,582.56,2,0
1159.28,1.4,233.0,926.28,7,0
823.17,0.8,130.35,692.82,4,0
884.01,1.0,151.19,732.82,5,0
968.5,1.0,190.3,778.21,5,0
551.93,0.2,100.14,451.79,1,0
782.97,0.6,160.41,622.56,3,0
670.29,0.4,140.68,529.62,2,0
746.94,0.4,164.38,582.56,2,0
1008.55,1.2,182.78,825.77,6,0
603.74,0.2,91.43,512.31,1,0
1269.25,1.6,287.84,981.41,8,0
1074.62,1.2,218.59,856.03,6,0
962.24,1.0,191.59,770.64,5,0
778.36,0.6,178.49,599.87,3,0
739.75,0.6,109.62,630.13,3,0
803.43,0.8,140.86,662.56,4,0
1010.14,1.2,161.68,848.46,6,0
896.96,0.8,211.7,685.26,4,0
786.76,0.6,186.89,599.87,3,0
984.11,1.0,228.59,755.51,5,0
813.79,0.6,160.97,652.82,3,0
707.53,0.4,162.78,544.74,2,0
797.68,0.8,89.73,707.95,4,0
870.0,0.8,154.49,715.51,4,0
626.29,0.2,136.68,489.62,1,0
1375.7,1.8,339.16,1036.54,9,0
694.36,0.4,142.05,552.31,2,0
799.11,0.6,184.11,615.0,3,0
854.86,0.6,164.22,690.64,3,0
568.9,0.2,109.54,459.36,1,0
1064.62,1.0,256.16,808.46,5,0
791.98,0.6,139.16,652.82,3,0
618.03,0.2,158.68,459.36,1,0
603.94,0.2,106.76,497.18,1,0
861.04,0.8,122.84,738.21,4,0
604.39,0.2,99.65,504.74,1,0
1232.19,1.4,290.78,941.41,7,0
692.09,0.4,139.78,552.31,2,0
739.44,0.6,86.62,652.82,3,0
699.06,0.6,91.62,607.44,3,0
720.92,0.4,153.49,567.44,2,0
811.41,0.6,143.46,667.95,3,0
1308.24,1.6,319.27,988.97,8,0
760.47,0.6,107.65,652.82,3,0
510.57,0.0,83.65,426.92,0,0
712.13,0.4,129.57,582.56,2,0
767.01,0.6,121.76,645.26,3,0
965.27,1.2,109.24,856.03,6,0
597.37,0.2,92.62,504.74,1,0
1382.23,1.8,315.43,1066.79,9,0
861.03,0.8,153.08,707.95,4,0
633.56,0.2,136.38,497.18,1,0
1147.32,1.4,243.73,903.59,7,0
461.6,0.0,27.11,434.49,0,0
1006.1,1.2,134.95,871.15,6,0
785.94,0.6,148.24,637.69,3,0
927.73,1.0,164.65,763.08,5,0
970.15,1.0,184.38,785.77,5,0
767.93,0.6,107.54,660.38,3,0
826.41,0.8,118.46,707.95,4,0
772.99,0.6,135.3,637.69,3,0
771.36,0.6,118.54,652.82,3,0
706.52,0.4,139.08,567.44,2,0
485.79,0.0,74.0,411.79,0,0
939.76,0.8,224.24,715.51,4,0
753.43,0.6,130.86,622.56,3,0
565.7,0.2,83.65,482.05,1,0
992.06,1.2,151.16,840.9,6,0
1033.05,1.0,217.03,816.03,5,0
822.19,0.6,199.62,622.56,3,0
709.44,0.4,149.57,559.87,2,0
642.47,0.4,97.73,544.74,2,0
1117.05,1.4,152.95,964.1,7,0
945.89,1.0,190.38,755.51,5,0
1030.12,1.2,143.84,886.28,6,0
894.75,0.8,171.68,723.08,4,0
1226.9,1.6,200.11,1026.79,8,0
1068.16,1.4,179.7,888.46,7,0
805.52,0.6,137.57,667.95,3,0
1111.42,1.4,200.27,911.15,7,0
492.39,0.0,73.03,419.36,0,0
588.84,0.2,121.92,466.92,1,0
832.11,0.6,156.59,675.51,3,0
837.55,0.6,192.3,645.26,3,0
466.29,0.0,69.62,396.67,0,0
832.91,0.6,195.22,637.69,3,0
1036.0,1.2,119.46,916.54,6,0
1216.86,1.4,252.76,964.1,7,0
630.05,0.2,155.57,474.49,1,0
855.14,0.6,240.14,615.0,3,0
754.12,0.6,154.24,599.87,3,0
1270.4,1.6,266.3,1004.1,8,0
782.14,0.6,174.7,607.44,3,0
597.16,0.2,107.54,489.62,1,0
1230.46,1.6,180.97,1049.49,8,0
883.01,1.0,82.11,800.9,5,0
878.69,0.8,140.49,738.21,4,0
1066.18,1.4,147.46,918.72,7,0
1067.35,1.0,243.76,823.59,5,0
960.41,1.0,167.08,793.33,5,0
580.24,0.2,105.76,474.49,1,0
996.54,1.0,180.51,816.03,5,0
1207.98,1.4,274.14,933.85,7,0
913.19,1.0,157.68,755.51,5,0
1139.78,1.4,175.68,964.1,7,0
1161.2,1.4,234.92,926.28,7,0
1055.27,1.2,206.81,848.46,6,0
958.89,1.0,142.86,816.03,5,0
1065.49,1.2,164.08,901.41,6,0
509.9,0.0,90.54,419.36,0,1
675.7,0.4,93.14,582.56,2,0
1015.05,1.2,151.46,863.59,6,0
962.92,1.0,154.46,808.46,5,0
490.18,0.0,85.95,404.23,0,0
478.66,0.0,74.43,404.23,0,0
877.49,0.8,161.97,715.51,4,0
788.27,0.6,165.7,622.56,3,0
584.68,0.2,117.76,466.92,1,0
975.81,1.0,159.78,816.03,5,0
1037.91,1.2,174.32,863.59,6,0
1158.8,1.4,187.14,971.67,7,0
830.98,0.8,138.16,692.82,4,0
642.74,0.4,90.43,552.31,2,0
902.16,0.8,194.22,707.95,4,0
492.09,0.0,72.73,419.36,0,0
1008.71,1.2,122.43,886.28,6,0
1110.46,1.2,209.05,901.41,6,0
1087.6,1.4,153.76,933.85,7,0
1082.46,1.2,226.43,856.03,6,0
1074.97,1.2,211.38,863.59,6,0
1084.47,1.2,251.14,833.33,6,0
871.07,0.8,132.86,738.21,4,0
982.9,1.0,197.14,785.77,5,0
1186.2,1.6,151.84,1034.36,8,0
1091.15,1.4,164.86,926.28,7,0
796.23,0.6,150.97,645.26,3,0
975.11,1.0,159.08,816.03,5,0
853.12,0.8,160.3,692.82,4,0
891.54,0.8,168.46,723.08,4,0
482.77,0.0,86.11,396.67,0,0
793.48,0.6,155.78,637.69,3,0
879.86,0.8,156.78,723.08,4,0
471.14,0.0,44.22,426.92,0,0
825.38,0.6,217.95,607.44,3,0
501.53,0.0,104.86,396.67,0,0
1215.91,1.4,251.81,964.1,7,0
983.35,1.2,119.76,863.59,6,0
865.4,0.8,142.32,723.08,4,0
815.41,0.6,147.46,667.95,3,0
792.65,0.6,170.08,622.56,3,0
1113.45,1.4,149.35,964.1,7,0
911.29,1.0,140.65,770.64,5,0
621.61,0.2,169.81,451.79,1,0
754.67,0.6,124.54,630.13,3,0
1187.99,1.4,276.84,911.15,7,0
1357.07,1.8,237.32,1119.74,9,0
1040.68,1.2,192.22,848.46,6,0
895.8,1.0,110.03,785.77,5,0
672.65,0.4,97.65,575.0,2,0
754.3,0.6,93.92,660.38,3,0
768.3,0.6,160.86,607.44,3,0
663.17,0.4,110.86,552.31,2,0
1242.58,1.6,215.78,1026.79,8,0
1191.6,1.6,157.24,1034.36,8,0
1007.38,1.0,198.92,808.46,5,0
772.89,0.6,104.95,667.95,3,0
775.22,0.6,114.84,660.38,3,0
890.67,0.8,167.59,723.08,4,0
483.75,0.0,94.65,389.1,0,0
576.43,0.2,86.81,489.62,1,0
957.08,1.0,141.05,816.03,5,0
1050.8,1.2,172.08,878.72,6,0
957.36,1.0,171.59,785.77,5,0
749.32,0.6,126.76,622.56,3,0
1132.6,1.4,191.19,941.41,7,0
669.19,0.4,101.76,567.44,2,0
662.1,0.4,64.41,597.69,2,0
1313.29,1.8,201.11,1112.18,9,0
564.01,0.2,104.65,459.36,1,0
1165.07,1.4,193.41,971.67,7,0
905.12,1.0,119.35,785.77,5,0
882.71,0.8,129.38,753.33,4,0
906.62,1.0,83.03,823.59,5,0
1140.71,1.2,299.81,840.9,6,0
1241.44,1.4,315.16,926.28,7,0
1612.29,2.2,359.59,1252.69,11,0
1151.63,1.4,217.78,933.85,7,0
802.92,0.8,87.41,715.51,4,0
724.16,0.6,56.22,667.95,3,0
797.19,0.8,89.24,707.95,4,0
1273.24,1.6,269.14,1004.1,8,0
958.67,1.0,142.65,816.03,5,0
736.13,0.4,214.08,522.05,2,0
1405.54,1.8,323.62,1081.92,9,0
793.21,0.6,163.08,630.13,3,0
925.51,0.8,202.43,723.08,4,0
761.15,0.6,123.46,637.69,3,1
743.43,0.4,153.3,590.13,2,0
919.99,0.8,174.22,745.77,4,0
580.56,0.2,90.95,489.62,1,0
931.27,1.0,168.19,763.08,5,0
1005.93,1.0,265.54,740.38,5,0
754.87,0.6,102.05,652.82,3,0
673.37,0.4,83.24,590.13,2,0
915.6,1.0,107.14,808.46,5,0
559.32,0.0,170.22,389.1,0,0
1059.68,1.2,158.27,901.41,6,0
693.74,0.4,141.43,552.31,2,0
575.41,0.2,100.92,474.49,1,0
746.68,0.6,131.68,615.0,3,0
1092.22,1.2,190.81,901.41,6,0
574.54,0.2,100.05,474.49,1,0
1091.54,1.2,235.51,856.03,6,0
801.95,0.6,194.51,607.44,3,0
754.58,0.6,101.76,652.82,3,0
810.36,0.6,165.11,645.26,3,0
961.67,1.0,198.59,763.08,5,0
916.95,0.8,201.43,715.51,4,0
1082.21,1.2,218.62,863.59,6,0
1400.81,2.0,218.38,1182.44,10,0
461.45,0.0,72.35,389.1,0,0
923.56,1.0,145.35,778.21,5,0
662.91,0.4,118.16,544.74,2,0
525.43,0.0,90.95,434.49,0,0
762.5,0.4,217.76,544.74,2,0
543.3,0.2,68.81,474.49,1,0
1081.21,1.2,217.62,863.59,6,0
562.11,0.2,80.05,482.05,1,0
493.08,0.0,51.03,442.05,0,0
1072.68,1.2,224.22,848.46,6,0
496.72,0.0,100.05,396.67,0,0
925.33,1.0,116.86,808.46,5,0
771.54,0.6,148.97,622.56,3,0
1073.62,1.2,210.03,863.59,6,0
967.09,1.0,166.19,800.9,5,0
1054.0,1.2,190.41,863.59,6,0
1343.77,1.6,324.54,1019.23,8,0
762.99,0.6,132.86,630.13,3,0
726.45,0.6,96.32,630.13,3,0
727.82,0.6,67.43,660.38,3,0
981.67,1.0,218.59,763.08,5,0
474.49,0.0,55.14,419.36,0,1
510.55,0.0,98.76,411.79,0,0
765.04,0.6,127.35,637.69,3,0
1321.28,1.8,193.97,1127.31,9,0
751.15,0.6,113.46,637.69,3,0
556.43,0.2,81.95,474.49,1,0
1037.59,1.2,174.0,863.59,6,0
1035.61,1.2,164.46,871.15,6,0
1062.26,1.2,175.97,886.28,6,0
878.2,0.8,185.38,692.82,4,0
974.66,1.0,181.32,793.33,5,0
914.72,1.0,128.95,785.77,5,0
981.28,1.0,195.51,785.77,5,0
729.82,0.6,69.43,660.38,3,0
929.88,0.8,244.62,685.26,4,0
1253.7,1.6,189.08,1064.62,8,0
757.53,0.6,112.27,645.26,3,0
1096.57,1.4,155.16,941.41,7,0
784.95,0.6,124.57,660.38,3,0
649.08,0.4,66.51,582.56,2,1
770.55,0.6,110.16,660.38,3,0
913.18,1.0,134.97,778.21,5,0
1013.87,1.0,220.54,793.33,5,0
1049.96,1.2,163.68,886.28,6,0
958.2,1.0,164.86,793.33,5,0
1249.66,1.6,215.3,1034.36,8,0
865.8,0.6,220.54,645.26,3,0
1229.99,1.6,225.89,1004.1,8,0
672.02,0.4,149.97,522.05,2,0
1062.06,1.2,213.59,848.46,6,0
908.83,0.8,170.62,738.21,4,0
502.26,0.0,98.03,404.23,0,0
1036.34,1.0,250.57,785.77,5,0
802.44,0.6,134.49,667.95,3,0
1106.37,1.2,227.65,878.72,6,0
655.76,0.2,188.84,466.92,1,0
560.78,0.2,78.73,482.05,1,0
547.49,0.2,88.14,459.36,1,0
578.07,0.2,88.46,489.62,1,0
949.09,0.8,256.27,692.82,4,0
506.23,0.0,94.43,411.79,0,0
493.15,0.0,81.35,411.79,0,0
1370.61,1.8,205.49,1165.13,9,0
1216.57,1.6,227.59,988.97,8,0
822.4,0.8,152.27,670.13,4,0
465.15,0.0,60.92,404.23,0,0
806.96,0.6,169.27,637.69,3,0
500.67,0.0,111.57,389.1,0,0
1130.11,1.2,281.65,848.46,6,0
