"Total_Cost","Ratio_Reloc_Prod","Horiz_Cost","Vert_Cost","nReloc","non_Optimal"
265611.47,0.786,53507.15,212104.26,1179,121
623.2,0.4,63.32,559.87,2,0
764.34,0.4,174.22,590.13,2,0
768.67,0.6,130.97,637.69,3,0
442.02,0.0,52.92,389.1,0,0
466.42,0.0,54.62,411.79,0,0
958.25,1.0,225.43,732.82,5,1
694.95,0.4,135.08,559.87,2,0
1057.65,1.2,209.19,848.46,6,1
765.72,0.6,128.03,637.69,3,0
902.39,0.8,217.14,685.26,4,0
806.65,0.6,184.08,622.56,3,0
508.31,0.0,96.51,411.79,0,0
682.82,0.4,122.95,559.87,2,0
615.83,0.2,118.65,497.18,1,0
644.25,0.2,124.38,519.87,1,0
853.07,0.6,215.38,637.69,3,1
497.68,0.0,78.32,419.36,0,0
462.45,0.0,73.35,389.1,0,0
735.21,0.6,112.65,622.56,3,0
643.01,0.2,123.14,519.87,1,0
950.38,1.0,149.49,800.9,5,0
913.63,1.0,180.81,732.82,5,1
841.31,0.8,156.05,685.26,4,0
874.72,0.8,197.03,677.69,4,1
584.71,0.2,125.35,459.36,1,0
664.95,0.4,89.95,575.0,2,0
448.24,0.0,59.14,389.1,0,0
750.0,0.6,127.43,622.56,3,0
914.02,1.0,150.95,763.08,5,1
700.63,0.6,108.32,592.31,3,0
956.42,1.0,185.78,770.64,5,0
1311.76,1.4,370.35,941.41,7,1
631.21,0.2,141.59,489.62,1,0
869.02,0.8,138.38,730.64,4,0
743.21,0.6,120.65,622.56,3,0
784.35,0.6,161.78,622.56,3,0
484.92,0.0,58.0,426.92,0,0
737.79,0.4,170.35,567.44,2,0
1586.96,1.6,507.22,1079.74,8,1
1490.47,2.2,290.73,1199.74,11,0
604.05,0.2,129.57,474.49,1,0
1171.48,1.4,260.32,911.15,7,0
492.53,0.0,95.86,396.67,0,0
1038.56,1.2,167.41,871.15,6,0
940.3,1.0,124.27,816.03,5,1
1009.4,1.2,138.24,871.15,6,1
724.07,0.6,78.81,645.26,3,0
925.87,1.0,132.54,793.33,5,1
984.91,1.0,214.27,770.64,5,1
790.54,0.6,167.97,622.56,3,0
963.51,1.0,192.86,770.64,5,1
547.09,0.2,87.73,459.36,1,0
647.68,0.4,80.24,567.44,2,1
1014.49,1.2,158.46,856.03,6,1
775.42,0.6,130.16,645.26,3,0
908.55,1.0,107.65,800.9,5,0
676.01,0.4,131.27,544.74,2,0
759.67,0.6,129.54,630.13,3,0
927.46,1.0,164.38,763.08,5,1
826.71,0.8,118.76,707.95,4,0
1079.84,1.0,271.38,808.46,5,1
768.08,0.6,153.08,615.0,3,0
848.81,0.8,125.73,723.08,4,0
642.5,0.2,190.7,451.79,1,0
774.39,0.6,121.57,652.82,3,0
934.03,1.0,125.57,808.46,5,1
691.43,0.4,108.86,582.56,2,1
832.81,0.8,124.86,707.95,4,1
742.73,0.6,120.16,622.56,3,0
861.35,0.8,138.27,723.08,4,1
817.08,0.8,101.57,715.51,4,0
663.0,0.4,95.57,567.44,2,0
757.54,0.6,134.97,622.56,3,0
764.59,0.6,134.46,630.13,3,0
696.03,0.4,136.16,559.87,2,0
1362.6,2.0,195.3,1167.31,10,1
828.16,0.8,112.65,715.51,4,0
757.62,0.6,135.05,622.56,3,0
1101.75,1.2,185.22,916.54,6,1
917.99,0.8,172.22,745.77,4,1
1395.48,2.0,182.78,1212.69,10,1
533.16,0.2,51.11,482.05,1,0
1214.95,1.4,273.54,941.41,7,1
761.28,0.4,201.41,559.87,2,0
1032.68,1.2,199.35,833.33,6,1
1353.21,1.6,356.68,996.54,8,1
963.15,0.8,277.89,685.26,4,0
805.52,0.6,152.7,652.82,3,0
1030.0,1.2,173.97,856.03,6,1
785.76,0.6,125.38,660.38,3,0
1248.23,1.6,229.0,1019.23,8,1
1093.77,1.2,268.0,825.77,6,1
1104.35,1.4,147.81,956.54,7,1
1003.33,1.0,210.0,793.33,5,1
1406.44,1.8,339.65,1066.79,9,1
778.87,0.6,126.05,652.82,3,0
733.57,0.4,173.7,559.87,2,0
674.97,0.4,84.84,590.13,2,0
739.01,0.4,179.14,559.87,2,0
717.99,0.6,72.73,645.26,3,0
1172.14,1.4,230.73,941.41,7,1
961.76,1.0,160.86,800.9,5,1
882.69,0.8,205.0,677.69,4,0
744.92,0.6,122.35,622.56,3,0
811.31,0.6,158.49,652.82,3,0
1041.78,1.2,178.19,863.59,6,0
618.48,0.2,128.86,489.62,1,0
486.3,0.0,51.81,434.49,0,0
717.03,0.6,102.03,615.0,3,0
905.49,1.0,97.03,808.46,5,1
849.22,0.6,188.84,660.38,3,0
570.93,0.2,111.57,459.36,1,0
2146.74,2.4,725.46,1421.28,12,1
685.07,0.4,147.89,537.18,2,0
1668.06,2.4,352.68,1315.38,12,1
1267.99,1.6,263.89,1004.1,8,1
1137.75,1.4,166.08,971.67,7,1
728.93,0.6,76.11,652.82,3,0
762.17,0.6,109.35,652.82,3,0
771.35,0.6,156.35,615.0,3,0
1018.0,1.2,161.97,856.03,6,1
482.87,0.0,63.51,419.36,0,0
881.14,0.8,173.19,707.95,4,1
926.41,0.8,218.46,707.95,4,1
799.52,0.8,106.7,692.82,4,0
737.34,0.6,99.65,637.69,3,0
1139.42,1.2,313.65,825.77,6,0
1175.55,1.2,334.65,840.9,6,1
909.64,0.8,179.0,730.64,4,1
731.49,0.4,171.62,559.87,2,0
1282.47,1.2,403.76,878.72,6,1
1212.29,1.6,208.19,1004.1,8,1
1068.32,1.2,212.3,856.03,6,1
611.33,0.2,91.46,519.87,1,0
1093.31,1.2,154.08,939.23,6,1
842.24,0.8,119.16,723.08,4,0
661.53,0.4,124.35,537.18,2,0
1470.7,1.4,506.59,964.1,7,1
997.73,1.2,149.27,848.46,6,1
1006.94,1.2,150.92,856.03,6,1
880.54,0.8,157.46,723.08,4,1
998.16,0.8,282.65,715.51,4,0
572.16,0.2,90.11,482.05,1,0
815.93,0.6,170.68,645.26,3,0
633.54,0.2,151.49,482.05,1,0
725.79,0.4,165.92,559.87,2,0
861.0,0.8,145.49,715.51,4,1
828.56,0.6,198.43,630.13,3,0
1194.57,1.4,253.16,941.41,7,1
456.79,0.0,45.0,411.79,0,0
774.15,0.6,136.46,637.69,3,0
1005.05,1.0,189.03,816.03,5,1
832.74,0.6,179.92,652.82,3,0
964.75,1.0,201.68,763.08,5,0
613.39,0.2,161.59,451.79,1,0
623.62,0.4,48.62,575.0,2,0
825.76,0.6,218.32,607.44,3,0
878.32,0.6,255.76,622.56,3,1
1458.84,2.0,283.97,1174.87,10,1
1513.3,2.0,338.43,1174.87,10,1
840.24,0.6,210.11,630.13,3,0
1369.67,2.0,232.62,1137.05,10,1
833.06,0.8,140.24,692.82,4,0
1288.84,1.6,292.3,996.54,8,1
631.79,0.4,71.92,559.87,2,0
488.61,0.0,91.95,396.67,0,0
886.36,1.0,93.03,793.33,5,0
778.4,0.6,148.27,630.13,3,0
772.16,0.6,157.16,615.0,3,0
1334.34,1.8,214.59,1119.74,9,1
1026.86,1.2,163.27,863.59,6,1
742.35,0.6,74.41,667.95,3,0
896.53,0.8,165.89,730.64,4,1
1435.41,1.2,526.43,908.97,6,1
578.58,0.2,126.78,451.79,1,0
605.3,0.2,138.38,466.92,1,0
631.07,0.4,86.32,544.74,2,0
872.88,0.8,195.19,677.69,4,1
1486.33,2.0,303.89,1182.44,10,1
1167.5,1.2,349.3,818.21,6,1
977.6,1.0,237.22,740.38,5,0
644.89,0.4,122.84,522.05,2,0
470.23,0.0,66.0,404.23,0,0
885.47,0.8,192.65,692.82,4,1
928.68,1.0,135.35,793.33,5,1
1513.11,2.0,323.11,1190.0,10,1
1583.7,1.8,479.08,1104.62,9,1
785.8,0.6,155.68,630.13,3,0
601.65,0.2,127.16,474.49,1,0
882.7,0.8,220.14,662.56,4,0
464.88,0.0,68.22,396.67,0,0
965.92,1.0,157.46,808.46,5,1
587.68,0.2,120.76,466.92,1,0
566.64,0.0,109.46,457.18,0,0
749.0,0.6,141.57,607.44,3,0
952.91,1.0,174.7,778.21,5,1
967.84,1.0,159.38,808.46,5,1
920.07,1.0,149.43,770.64,5,0
551.23,0.2,99.43,451.79,1,0
791.02,0.6,168.46,622.56,3,0
815.27,0.8,99.76,715.51,4,1
1067.97,1.2,143.86,924.1,6,1
758.61,0.6,113.35,645.26,3,0
1338.49,1.4,336.57,1001.92,7,1
589.28,0.2,84.54,504.74,1,0
973.11,1.0,232.73,740.38,5,1
523.79,0.0,104.43,419.36,0,0
1174.79,1.2,326.32,848.46,6,1
660.14,0.4,100.27,559.87,2,0
2025.45,1.6,892.76,1132.69,8,1
1014.84,1.0,198.81,816.03,5,1
950.13,1.0,179.49,770.64,5,1
550.16,0.0,100.54,449.62,0,0
968.41,1.0,159.95,808.46,5,1
650.69,0.4,105.95,544.74,2,0
535.07,0.0,85.46,449.62,0,0
673.23,0.4,136.05,537.18,2,0
765.72,0.6,120.46,645.26,3,1
456.17,0.0,36.81,419.36,0,0
733.9,0.6,73.51,660.38,3,0
2175.14,2.0,947.32,1227.82,10,1
527.92,0.2,53.43,474.49,1,0
2195.86,1.4,1178.81,1017.05,7,1
1332.59,1.8,280.92,1051.67,9,0
1293.09,1.8,211.16,1081.92,9,1
756.18,0.6,126.05,630.13,3,0
1122.42,1.4,150.76,971.67,7,1
863.57,0.6,256.14,607.44,3,1
1033.68,1.2,200.35,833.33,6,1
1139.9,1.2,253.62,886.28,6,1
519.14,0.0,92.22,426.92,0,0
732.09,0.6,147.35,584.74,3,0
666.69,0.4,114.38,552.31,2,0
1012.15,1.2,186.38,825.77,6,1
505.26,0.0,101.03,404.23,0,0
819.55,0.8,126.73,692.82,4,1
485.62,0.0,51.14,434.49,0,0
641.06,0.4,88.76,552.31,2,0
1372.41,1.4,378.05,994.36,7,1
828.34,0.6,198.22,630.13,3,0
842.28,0.8,149.46,692.82,4,0
831.73,0.6,216.73,615.0,3,0
616.72,0.2,119.54,497.18,1,0
701.03,0.4,141.16,559.87,2,0
983.94,1.2,67.41,916.54,6,1
700.6,0.4,133.16,567.44,2,0
740.3,0.6,132.86,607.44,3,0
491.86,0.0,102.76,389.1,0,0
721.59,0.4,146.59,575.0,2,0
999.51,1.0,168.35,831.15,5,1
625.86,0.4,96.24,529.62,2,0
628.89,0.2,139.27,489.62,1,0
914.82,1.0,129.05,785.77,5,1
698.07,0.4,160.89,537.18,2,0
517.2,0.0,97.84,419.36,0,0
755.08,0.6,147.65,607.44,3,0
1258.11,1.6,269.14,988.97,8,0
1686.64,1.4,722.54,964.1,7,1
730.63,0.6,130.76,599.87,3,0
861.45,0.8,176.19,685.26,4,0
994.81,1.0,178.78,816.03,5,1
471.53,0.0,82.43,389.1,0,0
993.93,1.0,208.16,785.77,5,1
484.49,0.0,65.14,419.36,0,0
965.65,1.0,157.19,808.46,5,1
1229.9,1.4,288.49,941.41,7,1
787.4,0.6,157.27,630.13,3,0
970.74,1.0,124.46,846.28,5,1
886.89,1.0,123.81,763.08,5,0
479.42,0.0,67.62,411.79,0,0
609.34,0.2,112.16,497.18,1,0
1081.14,1.4,139.73,941.41,7,1
1387.01,1.6,367.78,1019.23,8,1
1103.39,1.0,317.62,785.77,5,1
475.58,0.0,56.22,419.36,0,0
760.23,0.6,122.54,637.69,3,1
966.27,1.0,203.19,763.08,5,1
1031.87,1.0,238.54,793.33,5,1
673.8,0.4,129.05,544.74,2,0
757.06,0.4,189.62,567.44,2,0
759.83,0.6,137.27,622.56,3,0
807.94,0.6,124.86,683.08,3,0
1403.83,1.8,344.59,1059.23,9,1
1035.13,1.2,163.97,871.15,6,1
1167.67,1.6,163.57,1004.1,8,1
1155.09,1.4,228.81,926.28,7,1
754.47,0.6,162.16,592.31,3,0
859.48,0.8,128.84,730.64,4,1
1349.65,1.6,292.59,1057.05,8,1
1469.41,2.0,294.54,1174.87,10,1
742.22,0.6,81.84,660.38,3,0
999.52,1.0,206.19,793.33,5,1
1209.34,1.4,230.11,979.23,7,1
786.21,0.6,156.08,630.13,3,0
806.65,0.6,184.08,622.56,3,0
766.17,0.6,113.35,652.82,3,0
881.35,0.8,173.41,707.95,4,0
881.74,0.8,196.49,685.26,4,0
856.74,0.8,156.35,700.38,4,0
1283.84,1.6,226.78,1057.05,8,1
