"Total_Cost","Ratio_Reloc_Prod","Horiz_Cost","Vert_Cost","nReloc","non_Optimal"
223285.76,0.4253,33812.33,189473.4,638,121
1034.44,1.0,127.65,906.79,5,0
1091.44,1.0,245.16,846.28,5,1
863.9,0.6,150.57,713.33,3,0
640.61,0.2,82.92,557.69,1,0
1210.76,1.2,195.89,1014.87,6,0
1383.1,1.8,210.41,1172.69,9,1
748.97,0.4,98.32,650.64,2,0
1133.09,1.0,218.73,914.36,5,0
500.15,0.0,35.41,464.74,0,0
780.69,0.4,167.86,612.82,2,0
524.28,0.0,59.54,464.74,0,1
757.3,0.4,121.78,635.51,2,0
982.59,1.0,159.0,823.59,5,1
645.3,0.2,64.92,580.38,1,0
613.61,0.2,55.92,557.69,1,0
519.42,0.0,47.11,472.31,0,0
919.79,0.8,158.89,760.9,4,0
859.91,0.6,108.76,751.15,3,1
607.59,0.2,65.03,542.56,1,0
558.09,0.2,38.22,519.87,1,1
665.43,0.2,122.86,542.56,1,1
732.27,0.6,64.32,667.95,3,1
681.83,0.2,124.14,557.69,1,0
770.4,0.4,134.89,635.51,2,0
945.71,0.8,131.86,813.85,4,0
612.48,0.2,69.92,542.56,1,1
991.46,1.0,130.05,861.41,5,0
750.92,0.4,122.97,627.95,2,1
598.91,0.0,149.3,449.62,0,1
740.22,0.6,79.84,660.38,3,1
675.28,0.4,70.03,605.26,2,1
656.01,0.2,90.76,565.26,1,0
871.54,0.8,87.95,783.59,4,0
768.86,0.4,133.35,635.51,2,1
770.57,0.4,135.05,635.51,2,1
964.29,0.8,165.57,798.72,4,0
1120.44,1.4,133.65,986.79,7,0
636.88,0.2,71.62,565.26,1,1
602.11,0.2,67.11,535.0,1,0
742.69,0.4,129.86,612.82,2,0
480.05,0.0,38.0,442.05,0,0
705.11,0.4,84.73,620.38,2,1
684.18,0.4,78.92,605.26,2,1
725.72,0.2,175.59,550.13,1,0
782.76,0.6,107.24,675.51,3,0
1002.5,0.8,196.22,806.28,4,0
690.95,0.2,163.51,527.44,1,1
562.99,0.0,98.24,464.74,0,1
716.81,0.2,181.81,535.0,1,0
1039.75,1.0,216.16,823.59,5,0
1261.47,1.6,234.68,1026.79,8,0
870.0,0.6,141.54,728.46,3,0
732.24,0.4,96.73,635.51,2,1
509.46,0.0,67.41,442.05,0,1
686.34,0.4,88.65,597.69,2,0
958.18,0.8,174.59,783.59,4,0
759.71,0.4,131.76,627.95,2,0
864.0,0.8,80.41,783.59,4,1
769.26,0.4,111.05,658.21,2,0
772.64,0.4,129.57,643.08,2,1
733.82,0.2,161.0,572.82,1,1
790.64,0.6,92.43,698.21,3,0
994.15,0.8,195.43,798.72,4,0
979.44,1.0,118.03,861.41,5,0
715.76,0.6,47.81,667.95,3,0
974.26,0.8,130.16,844.1,4,0
750.25,0.4,76.92,673.33,2,0
584.57,0.0,97.14,487.44,0,0
731.14,0.4,110.76,620.38,2,0
642.62,0.2,100.05,542.56,1,0
703.35,0.4,120.78,582.56,2,1
576.31,0.0,111.57,464.74,0,1
456.06,0.0,36.7,419.36,0,0
673.21,0.4,75.51,597.69,2,1
799.24,0.6,116.16,683.08,3,0
597.27,0.2,54.7,542.56,1,0
941.53,0.6,235.76,705.77,3,0
620.37,0.2,77.81,542.56,1,1
890.84,0.6,162.38,728.46,3,0
658.14,0.2,85.32,572.82,1,0
646.39,0.2,81.14,565.26,1,1
698.77,0.2,125.95,572.82,1,0
819.09,0.6,158.7,660.38,3,1
727.74,0.4,107.35,620.38,2,0
722.8,0.4,132.68,590.13,2,0
596.48,0.2,106.86,489.62,1,0
917.95,1.0,117.05,800.9,5,1
760.72,0.6,62.51,698.21,3,0
559.37,0.0,109.76,449.62,0,0
877.17,0.8,116.27,760.9,4,1
514.21,0.0,57.03,457.18,0,1
518.86,0.0,69.24,449.62,0,0
450.06,0.0,30.7,419.36,0,0
778.99,0.4,120.78,658.21,2,1
479.16,0.0,37.11,442.05,0,0
1048.52,1.0,187.11,861.41,5,0
803.15,0.6,104.95,698.21,3,1
813.24,0.4,162.59,650.64,2,0
1320.48,1.6,187.78,1132.69,8,0
1044.95,0.8,223.54,821.41,4,0
534.07,0.0,69.32,464.74,0,1
815.15,0.6,116.95,698.21,3,1
1121.18,1.2,189.51,931.67,6,0
612.78,0.2,70.22,542.56,1,1
897.29,0.6,153.7,743.59,3,0
747.49,0.4,119.54,627.95,2,0
867.55,0.6,161.78,705.77,3,0
802.54,0.6,119.46,683.08,3,0
802.91,0.4,152.27,650.64,2,1
677.2,0.2,111.95,565.26,1,0
601.36,0.0,121.49,479.87,0,0
1254.03,1.6,204.54,1049.49,8,0
721.1,0.4,78.03,643.08,2,0
736.12,0.4,77.92,658.21,2,1
740.44,0.4,120.05,620.38,2,0
878.69,0.6,127.54,751.15,3,0
545.09,0.0,80.35,464.74,0,0
1073.8,1.2,134.57,939.23,6,0
711.97,0.2,116.46,595.51,1,1
949.03,0.8,188.14,760.9,4,0
977.14,0.8,163.3,813.85,4,1
533.07,0.0,68.32,464.74,0,0
963.26,0.8,119.16,844.1,4,1
503.32,0.0,53.7,449.62,0,0
664.75,0.2,114.62,550.13,1,0
724.76,0.4,89.24,635.51,2,1
603.11,0.2,68.11,535.0,1,1
561.4,0.0,111.78,449.62,0,0
600.14,0.4,32.7,567.44,2,1
1099.2,1.0,260.49,838.72,5,0
553.28,0.0,88.54,464.74,0,1
495.62,0.0,46.0,449.62,0,0
654.78,0.2,104.65,550.13,1,0
666.45,0.2,108.76,557.69,1,1
770.7,0.4,135.19,635.51,2,0
786.24,0.4,135.59,650.64,2,0
474.95,0.0,48.03,426.92,0,1
992.95,1.2,91.54,901.41,6,1
573.01,0.0,108.27,464.74,0,0
964.28,0.8,158.0,806.28,4,1
793.53,0.4,142.89,650.64,2,1
829.64,0.6,139.0,690.64,3,0
794.18,0.6,103.54,690.64,3,0
516.69,0.0,59.51,457.18,0,0
783.71,0.6,123.32,660.38,3,0
723.57,0.4,95.62,627.95,2,0
617.06,0.0,137.19,479.87,0,0
981.98,1.0,128.14,853.85,5,1
696.49,0.2,108.54,587.95,1,1
562.09,0.0,97.35,464.74,0,1
846.79,0.8,78.32,768.46,4,1
870.9,0.8,117.57,753.33,4,1
534.52,0.0,62.22,472.31,0,0
724.47,0.2,159.22,565.26,1,1
622.38,0.2,94.95,527.44,1,1
725.99,0.4,128.3,597.69,2,0
591.0,0.2,56.0,535.0,1,0
890.24,0.8,106.65,783.59,4,1
681.97,0.2,139.41,542.56,1,1
713.47,0.2,133.08,580.38,1,0
752.87,0.4,79.54,673.33,2,0
507.45,0.0,42.7,464.74,0,0
1060.68,0.2,540.81,519.87,1,1
696.26,0.2,131.0,565.26,1,0
767.97,0.4,124.89,643.08,2,0
628.47,0.2,116.16,512.31,1,1
948.24,0.8,172.22,776.03,4,1
673.67,0.2,115.97,557.69,1,0
648.21,0.2,90.51,557.69,1,0
1072.43,1.0,142.95,929.49,5,0
620.63,0.2,47.81,572.82,1,0
481.11,0.0,46.62,434.49,0,0
1016.98,1.0,170.7,846.28,5,1
601.34,0.2,51.22,550.13,1,0
773.42,0.4,107.65,665.77,2,1
659.65,0.2,124.65,535.0,1,1
712.74,0.4,92.35,620.38,2,1
669.75,0.2,112.05,557.69,1,0
532.58,0.0,75.41,457.18,0,0
513.18,0.0,56.0,457.18,0,1
944.74,0.8,138.46,806.28,4,1
727.38,0.2,147.0,580.38,1,0
763.28,0.6,110.46,652.82,3,1
840.67,0.6,104.65,736.03,3,1
649.71,0.2,137.41,512.31,1,1
450.76,0.0,31.41,419.36,0,0
669.42,0.4,71.73,597.69,2,1
886.64,0.8,87.92,798.72,4,0
722.08,0.4,94.14,627.95,2,0
885.61,0.6,134.46,751.15,3,0
743.15,0.4,92.51,650.64,2,1
539.18,0.0,74.43,464.74,0,0
559.39,0.0,79.51,479.87,0,0
1139.1,1.2,207.43,931.67,6,0
1103.36,1.2,141.43,961.92,6,1
761.36,0.2,188.54,572.82,1,1
650.58,0.2,85.32,565.26,1,0
549.6,0.0,69.73,479.87,0,0
622.98,0.2,95.54,527.44,1,0
566.44,0.0,94.14,472.31,0,0
1009.79,1.0,140.81,868.97,5,0
539.66,0.0,74.92,464.74,0,0
509.94,0.0,60.32,449.62,0,0
606.27,0.2,63.7,542.56,1,1
677.2,0.2,111.95,565.26,1,0
488.76,0.0,61.84,426.92,0,0
817.7,0.4,174.62,643.08,2,1
685.85,0.2,128.16,557.69,1,1
645.88,0.2,80.62,565.26,1,1
527.18,0.0,70.0,457.18,0,1
827.24,0.6,144.16,683.08,3,0
535.67,0.0,86.05,449.62,0,0
502.46,0.0,60.41,442.05,0,1
774.81,0.6,91.73,683.08,3,0
593.98,0.4,34.11,559.87,2,1
502.08,0.0,60.03,442.05,0,0
632.16,0.2,82.03,550.13,1,0
476.84,0.0,49.92,426.92,0,0
667.5,0.4,69.81,597.69,2,0
734.32,0.4,144.19,590.13,2,1
1251.16,1.6,194.11,1057.05,8,1
937.34,1.0,98.62,838.72,5,0
620.31,0.0,148.0,472.31,0,0
1057.62,1.0,173.51,884.1,5,0
485.27,0.0,43.22,442.05,0,0
637.31,0.2,79.62,557.69,1,0
654.02,0.2,111.46,542.56,1,0
755.65,0.6,80.14,675.51,3,1
663.88,0.2,113.76,550.13,1,0
971.13,1.0,139.97,831.15,5,0
477.7,0.0,43.22,434.49,0,1
835.79,0.6,122.46,713.33,3,1
689.38,0.4,114.38,575.0,2,0
1280.38,1.6,170.38,1110.0,8,0
496.88,0.0,39.7,457.18,0,1
736.51,0.4,93.43,643.08,2,0
755.75,0.6,65.11,690.64,3,1
844.04,0.4,185.84,658.21,2,1
642.7,0.2,100.14,542.56,1,0
922.02,0.8,130.86,791.15,4,1
987.64,0.6,297.0,690.64,3,1
628.84,0.2,108.97,519.87,1,0
828.55,0.6,107.65,720.9,3,0
947.73,0.8,171.7,776.03,4,0
744.49,0.2,164.11,580.38,1,1
745.52,0.4,117.57,627.95,2,1
862.98,0.8,109.65,753.33,4,1
539.52,0.0,67.22,472.31,0,0
448.9,0.0,37.11,411.79,0,0
1021.11,0.8,245.08,776.03,4,0
841.61,0.8,95.84,745.77,4,1
661.8,0.4,64.11,597.69,2,1
655.23,0.2,97.54,557.69,1,0
602.59,0.2,60.03,542.56,1,0
583.42,0.2,86.24,497.18,1,1
681.99,0.4,76.73,605.26,2,1
655.59,0.2,105.46,550.13,1,0
631.56,0.2,81.43,550.13,1,0
599.48,0.2,56.92,542.56,1,0
908.64,0.8,125.05,783.59,4,0
483.73,0.0,56.81,426.92,0,0
878.55,0.8,132.78,745.77,4,0
653.59,0.4,71.03,582.56,2,0
803.98,0.6,143.59,660.38,3,0
654.69,0.2,89.43,565.26,1,1
842.71,0.6,129.38,713.33,3,0
999.03,1.0,130.05,868.97,5,0
575.02,0.2,77.84,497.18,1,0
481.86,0.0,39.81,442.05,0,0
696.04,0.4,98.35,597.69,2,1
691.18,0.4,101.05,590.13,2,1
1052.5,1.2,120.84,931.67,6,1
691.96,0.4,79.14,612.82,2,1
800.39,0.4,142.19,658.21,2,1
649.42,0.2,91.73,557.69,1,1
839.25,0.6,118.35,720.9,3,0
643.07,0.2,77.81,565.26,1,1
793.77,0.4,135.57,658.21,2,0
834.99,0.6,136.78,698.21,3,1
681.91,0.4,84.22,597.69,2,0
730.87,0.6,62.92,667.95,3,0
535.21,0.0,78.03,457.18,0,0
620.95,0.4,53.51,567.44,2,1
632.05,0.2,81.92,550.13,1,0
689.91,0.2,139.78,550.13,1,0
606.85,0.2,94.54,512.31,1,1
803.1,0.6,112.46,690.64,3,1
745.53,0.6,100.27,645.26,3,1
691.5,0.4,86.24,605.26,2,1
631.81,0.2,89.24,542.56,1,1
466.54,0.0,39.62,426.92,0,0
633.61,0.2,75.92,557.69,1,1
832.68,0.6,119.35,713.33,3,0
663.9,0.4,43.51,620.38,2,0
759.27,0.4,123.76,635.51,2,1
992.67,0.6,309.59,683.08,3,1
713.96,0.4,116.27,597.69,2,0
852.9,0.6,139.57,713.33,3,0
1064.4,0.8,288.38,776.03,4,1
798.64,0.6,100.43,698.21,3,0
