"Total_Cost","Ratio_Reloc_Prod","Horiz_Cost","Vert_Cost","nReloc","non_Optimal"
226514.53,0.4553,32517.98,193996.53,683,150
1379.43,0.3,155.97,1223.46,3,1
1498.1,0.4,204.38,1293.72,4,1
1546.91,0.5,213.19,1333.72,5,1
1372.6,0.2,264.78,1107.82,2,1
1458.8,0.3,273.16,1185.64,3,1
1723.61,0.7,241.81,1481.79,7,1
1137.44,0.1,122.57,1014.87,1,1
1709.43,0.6,229.81,1479.62,6,1
1537.71,0.5,241.81,1295.9,5,1
1384.09,0.2,268.7,1115.38,2,1
1213.09,0.1,198.22,1014.87,1,1
1596.61,0.6,222.89,1373.72,6,1
1974.65,0.9,337.22,1637.44,9,1
1687.05,0.7,220.38,1466.67,7,1
1063.67,0.1,86.62,977.05,1,1
1565.85,0.4,264.57,1301.28,4,1
1795.25,0.6,345.89,1449.36,6,1
1291.91,0.4,111.65,1180.26,4,1
1366.8,0.3,173.59,1193.21,3,1
1453.35,0.4,189.89,1263.46,4,1
1463.32,0.4,184.73,1278.59,4,1
996.64,0.0,112.54,884.1,0,1
1639.86,0.6,228.32,1411.54,6,1
1700.44,0.6,251.08,1449.36,6,1
1178.59,0.1,193.97,984.62,1,1
1440.96,0.4,200.19,1240.77,4,1
1690.08,0.6,278.54,1411.54,6,1
1502.43,0.5,191.41,1311.03,5,1
1452.7,0.4,181.68,1271.03,4,1
1261.7,0.2,176.57,1085.13,2,1
1325.22,0.4,129.84,1195.38,4,1
1734.05,0.8,189.57,1544.49,8,1
1359.52,0.4,156.57,1202.95,4,1
1703.64,0.5,385.05,1318.59,5,1
1123.43,0.2,98.81,1024.62,2,1
1414.82,0.5,134.05,1280.77,5,1
1786.11,0.8,294.57,1491.54,8,1
1527.0,0.4,263.54,1263.46,4,1
1580.6,0.5,224.19,1356.41,5,1
1672.8,0.5,286.14,1386.67,5,1
1288.46,0.2,210.89,1077.56,2,1
1264.56,0.2,187.0,1077.56,2,1
1581.4,0.5,255.24,1326.15,5,1
1564.28,0.5,223.0,1341.28,5,1
1563.63,0.4,262.35,1301.28,4,1
1432.66,0.5,144.32,1288.33,5,1
1473.4,0.4,202.38,1271.03,4,1
1753.95,0.7,257.03,1496.92,7,1
1794.96,0.6,360.73,1434.23,6,1
1091.55,0.1,91.81,999.74,1,1
1565.0,0.5,201.03,1363.97,5,1
1768.45,0.7,233.7,1534.74,7,1
1291.84,0.2,176.46,1115.38,2,1
1380.22,0.3,224.84,1155.38,3,1
1514.67,0.6,163.65,1351.03,6,1
1747.98,0.7,258.62,1489.36,7,1
1633.46,0.6,229.49,1403.97,6,1
1212.9,0.1,250.97,961.92,1,1
1127.29,0.1,150.24,977.05,1,1
1236.95,0.2,182.08,1054.87,2,1
1327.88,0.3,142.24,1185.64,3,1
1331.12,0.2,223.3,1107.82,2,1
1815.6,0.7,265.73,1549.87,7,1
1391.49,0.3,236.11,1155.38,3,1
1534.07,0.4,247.92,1286.15,4,1
1376.61,0.3,243.92,1132.69,3,1
1228.93,0.2,181.62,1047.31,2,1
1942.48,0.8,382.86,1559.62,8,1
1158.93,0.3,71.62,1087.31,3,1
1716.93,0.7,227.57,1489.36,7,1
1297.27,0.3,126.76,1170.51,3,1
1351.78,0.3,181.27,1170.51,3,1
1533.71,0.4,217.3,1316.41,4,1
1636.54,0.6,225.0,1411.54,6,1
1597.79,0.5,233.81,1363.97,5,1
1430.01,0.4,181.68,1248.33,4,1
1841.2,0.8,266.46,1574.74,8,1
1403.04,0.3,209.84,1193.21,3,1
1660.85,0.5,259.05,1401.79,5,1
1321.26,0.2,221.0,1100.26,2,1
1549.51,0.5,230.92,1318.59,5,1
1418.6,0.4,155.14,1263.46,4,1
1687.11,0.5,383.65,1303.46,5,1
1339.65,0.3,184.27,1155.38,3,1
1437.96,0.4,197.19,1240.77,4,1
1600.04,0.6,226.32,1373.72,6,1
1970.07,0.9,302.38,1667.69,9,1
1447.64,0.4,169.05,1278.59,4,1
1223.35,0.2,153.35,1070.0,2,1
1794.05,0.7,289.57,1504.49,7,1
1252.5,0.2,152.24,1100.26,2,1
1260.8,0.2,175.68,1085.13,2,1
1515.99,0.5,182.27,1333.72,5,1
1355.03,0.3,192.08,1162.95,3,1
1262.91,0.2,177.78,1085.13,2,1
1131.02,0.1,153.97,977.05,1,1
1580.65,0.6,229.62,1351.03,6,1
1293.3,0.2,170.35,1122.95,2,1
1517.83,0.5,191.68,1326.15,5,1
1419.58,0.4,186.38,1233.21,4,1
1959.01,0.9,283.76,1675.26,9,1
1291.19,0.2,213.62,1077.56,2,1
1618.62,0.6,207.08,1411.54,6,1
1653.11,0.6,241.57,1411.54,6,1
2156.79,1.1,325.89,1830.9,11,1
1671.89,0.6,252.78,1419.1,6,1
1283.09,0.4,102.84,1180.26,4,1
1876.15,0.7,341.41,1534.74,7,1
1401.77,0.4,153.43,1248.33,4,1
1336.08,0.4,133.14,1202.95,4,1
1704.52,0.7,275.68,1428.85,7,1
1362.54,0.3,199.59,1162.95,3,1
1494.77,0.4,246.43,1248.33,4,1
1425.37,0.5,152.16,1273.21,5,1
1395.7,0.3,217.62,1178.08,3,1
1855.22,0.7,305.35,1549.87,7,1
1099.59,0.1,122.54,977.05,1,1
1965.33,0.9,327.89,1637.44,9,1
1429.82,0.5,133.92,1295.9,5,1
1125.74,0.1,118.43,1007.31,1,1
1614.31,0.5,273.03,1341.28,5,1
2035.01,1.0,304.62,1730.38,10,1
1612.59,0.6,193.49,1419.1,6,1
1194.34,0.1,194.59,999.74,1,1
1566.19,0.5,209.78,1356.41,5,1
1570.63,0.5,221.78,1348.85,5,1
1855.12,0.8,265.24,1589.87,8,1
1518.28,0.5,229.95,1288.33,5,1
1799.19,0.9,214.7,1584.49,9,1
1453.52,0.3,237.62,1215.9,3,1
1583.18,0.5,249.46,1333.72,5,1
1285.36,0.3,137.54,1147.82,3,1
1275.9,0.2,168.08,1107.82,2,1
1801.7,0.8,249.65,1552.05,8,1
1498.45,0.6,124.73,1373.72,6,1
1728.03,0.7,231.11,1496.92,7,1
1408.92,0.4,145.46,1263.46,4,1
1630.13,0.6,263.97,1366.15,6,1
2058.85,0.9,376.03,1682.82,9,1
1791.58,0.7,256.84,1534.74,7,1
1559.52,0.5,203.11,1356.41,5,1
1334.71,0.2,226.89,1107.82,2,1
1293.72,0.3,153.46,1140.26,3,1
1546.97,0.5,235.95,1311.03,5,1
1529.79,0.4,266.32,1263.46,4,1
1617.04,0.5,275.76,1341.28,5,1
1529.35,0.5,218.32,1311.03,5,1
1839.99,0.8,272.81,1567.18,8,1
1741.99,0.6,254.81,1487.18,6,1
1580.92,0.4,264.51,1316.41,4,1
