"Total_Cost","Ratio_Reloc_Prod","Horiz_Cost","Vert_Cost","nReloc","non_Optimal"
226503.46,0.432,37000.53,189503.11,648,750
221.13,0.0,20.11,201.03,0,1
302.66,0.5,23.81,278.85,1,1
230.44,0.0,44.54,185.9,0,1
246.55,0.0,60.65,185.9,0,1
297.23,0.5,33.51,263.72,1,1
473.46,1.5,31.41,442.05,3,1
386.35,1.0,44.81,341.54,2,1
456.82,1.5,45.03,411.79,3,1
515.19,1.5,73.14,442.05,3,1
223.84,0.0,22.81,201.03,0,1
233.74,0.0,47.84,185.9,0,1
201.85,0.0,23.51,178.33,0,1
219.46,0.0,26.0,193.46,0,1
221.46,0.0,28.0,193.46,0,1
323.2,0.5,51.92,271.28,1,1
418.19,1.0,76.65,341.54,2,1
527.09,1.5,100.16,426.92,3,1
477.2,1.0,112.97,364.23,2,1
361.15,0.5,89.86,271.28,1,1
241.13,0.0,40.11,201.03,0,1
285.37,0.5,29.22,256.15,1,1
246.93,0.0,76.16,170.77,0,1
216.46,0.0,23.0,193.46,0,1
418.8,1.0,62.14,356.67,2,1
210.01,0.0,24.11,185.9,0,1
621.0,2.0,146.51,474.49,4,1
377.61,0.5,113.89,263.72,1,1
345.81,0.5,51.84,293.97,1,1
194.6,0.0,8.7,185.9,0,1
434.86,1.0,85.76,349.1,2,1
322.92,0.5,36.51,286.41,1,1
322.08,0.5,28.11,293.97,1,1
334.12,0.5,62.84,271.28,1,1
229.63,0.0,43.73,185.9,0,1
271.92,0.5,46.03,225.9,1,1
523.63,1.5,104.27,419.36,3,1
304.59,0.5,48.43,256.15,1,1
342.2,1.0,30.92,311.28,2,1
400.04,1.0,35.81,364.23,2,1
288.07,0.5,31.92,256.15,1,1
557.88,2.0,60.7,497.18,4,1
208.39,0.0,37.62,170.77,0,1
416.45,1.0,52.22,364.23,2,1
209.9,0.0,24.0,185.9,0,1
181.21,0.0,18.0,163.21,0,1
171.91,0.0,8.7,163.21,0,1
177.91,0.0,14.7,163.21,0,1
279.21,0.0,116.0,163.21,0,1
171.91,0.0,8.7,163.21,0,1
429.35,1.0,80.24,349.1,2,1
329.33,0.5,42.92,286.41,1,1
692.02,2.5,109.46,582.56,5,1
423.79,1.0,52.0,371.79,2,1
510.43,1.5,60.81,449.62,3,1
201.9,0.0,16.0,185.9,0,1
199.04,0.0,20.7,178.33,0,1
199.14,0.0,20.81,178.33,0,1
225.31,0.0,54.54,170.77,0,1
311.25,0.5,32.41,278.85,1,1
270.17,0.0,84.27,185.9,0,1
452.99,1.0,88.76,364.23,2,1
396.73,1.0,70.32,326.41,2,1
309.98,0.5,38.7,271.28,1,1
225.36,0.0,47.03,178.33,0,1
217.57,0.0,24.11,193.46,0,1
204.6,0.0,18.7,185.9,0,1
344.68,0.5,65.84,278.85,1,1
487.62,1.5,53.14,434.49,3,1
531.6,1.5,104.68,426.92,3,1
451.32,1.0,109.78,341.54,2,1
379.28,0.5,92.86,286.41,1,1
212.87,0.0,19.41,193.46,0,1
434.4,1.0,92.86,341.54,2,1
187.04,0.0,8.7,178.33,0,1
220.57,0.0,27.11,193.46,0,1
415.26,1.0,51.03,364.23,2,1
388.88,0.5,117.59,271.28,1,1
227.52,0.0,41.62,185.9,0,1
199.3,0.0,13.41,185.9,0,1
210.01,0.0,24.11,185.9,0,1
228.61,0.0,57.84,170.77,0,1
334.66,0.5,70.95,263.72,1,1
201.9,0.0,16.0,185.9,0,1
362.58,1.0,43.73,318.85,2,1
171.21,0.0,8.0,163.21,0,1
342.82,0.5,71.54,271.28,1,1
207.9,0.0,22.0,185.9,0,1
211.52,0.0,25.62,185.9,0,1
463.58,1.0,99.35,364.23,2,1
409.66,1.0,98.38,311.28,2,1
412.35,1.0,63.24,349.1,2,1
198.44,0.0,20.11,178.33,0,1
235.63,0.0,49.73,185.9,0,1
470.2,1.0,105.97,364.23,2,1
179.21,0.0,16.0,163.21,0,1
328.08,0.5,87.05,241.03,1,1
210.6,0.0,24.7,185.9,0,1
197.33,0.0,19.0,178.33,0,1
185.42,0.0,22.22,163.21,0,1
171.91,0.0,8.7,163.21,0,1
171.91,0.0,8.7,163.21,0,1
440.28,1.0,76.05,364.23,2,1
257.9,0.0,79.57,178.33,0,1
324.1,0.5,67.95,256.15,1,1
260.25,0.0,74.35,185.9,0,1
210.01,0.0,24.11,185.9,0,1
239.14,0.0,53.24,185.9,0,1
233.52,0.0,47.62,185.9,0,1
215.9,0.0,30.0,185.9,0,1
180.02,0.0,16.81,163.21,0,1
497.89,1.5,63.41,434.49,3,1
216.82,0.0,30.92,185.9,0,1
175.21,0.0,12.0,163.21,0,1
195.9,0.0,10.0,185.9,0,1
276.87,0.0,90.97,185.9,0,1
303.29,0.5,47.14,256.15,1,1
173.21,0.0,10.0,163.21,0,1
215.9,0.0,30.0,185.9,0,1
207.14,0.0,28.81,178.33,0,1
334.85,0.5,56.0,278.85,1,1
353.25,0.5,66.84,286.41,1,1
350.41,0.5,56.43,293.97,1,1
507.31,1.5,103.08,404.23,3,1
484.58,1.5,80.35,404.23,3,1
368.35,1.0,26.81,341.54,2,1
570.98,2.0,51.11,519.87,4,1
209.46,0.0,16.0,193.46,0,1
413.43,1.0,64.32,349.1,2,1
345.24,0.5,96.65,248.59,1,1
249.57,0.0,48.54,201.03,0,1
338.79,0.5,59.95,278.85,1,1
328.11,0.5,41.7,286.41,1,1
203.41,0.0,17.51,185.9,0,1
507.57,1.5,80.65,426.92,3,1
563.87,1.5,144.51,419.36,3,1
233.68,0.0,55.35,178.33,0,1
313.94,0.5,65.35,248.59,1,1
207.9,0.0,22.0,185.9,0,1
233.68,0.0,40.22,193.46,0,1
529.02,1.5,71.84,457.18,3,1
217.03,0.0,16.0,201.03,0,1
505.66,1.5,93.86,411.79,3,1
194.33,0.0,16.0,178.33,0,1
175.21,0.0,12.0,163.21,0,1
306.05,0.5,65.03,241.03,1,1
386.95,1.0,60.54,326.41,2,1
338.73,0.5,52.32,286.41,1,1
209.09,0.0,38.32,170.77,0,1
184.47,0.0,13.7,170.77,0,1
196.88,0.0,26.11,170.77,0,1
372.46,1.0,30.92,341.54,2,1
186.33,0.0,8.0,178.33,0,1
177.31,0.0,14.11,163.21,0,1
202.01,0.0,16.11,185.9,0,1
302.42,0.5,38.7,263.72,1,1
361.8,1.0,50.51,311.28,2,1
524.93,1.5,105.57,419.36,3,1
229.82,0.0,43.92,185.9,0,1
546.51,1.5,104.46,442.05,3,1
364.17,0.5,77.76,286.41,1,1
199.74,0.0,21.41,178.33,0,1
177.31,0.0,14.11,163.21,0,1
184.77,0.0,14.0,170.77,0,1
474.12,1.0,94.76,379.36,2,1
343.73,0.5,57.32,286.41,1,1
203.39,0.0,32.62,170.77,0,1
176.21,0.0,13.0,163.21,0,1
345.79,0.5,66.95,278.85,1,1
295.78,0.5,39.62,256.15,1,1
229.82,0.0,43.92,185.9,0,1
241.24,0.0,40.22,201.03,0,1
446.74,1.5,42.51,404.23,3,1
315.06,0.5,36.22,278.85,1,1
273.56,0.5,17.41,256.15,1,1
374.62,0.5,80.65,293.97,1,1
196.14,0.0,17.81,178.33,0,1
173.21,0.0,10.0,163.21,0,1
200.33,0.0,22.0,178.33,0,1
354.31,1.0,43.03,311.28,2,1
190.33,0.0,12.0,178.33,0,1
324.92,0.5,38.51,286.41,1,1
310.34,0.5,46.62,263.72,1,1
346.09,1.0,34.81,311.28,2,1
207.09,0.0,36.32,170.77,0,1
324.17,0.5,45.32,278.85,1,1
358.39,0.5,94.68,263.72,1,1
247.84,0.0,61.95,185.9,0,1
218.71,0.0,32.81,185.9,0,1
368.94,1.0,27.41,341.54,2,1
382.3,1.0,48.32,333.97,2,1
221.52,0.0,35.62,185.9,0,1
319.52,0.5,33.11,286.41,1,1
202.33,0.0,24.0,178.33,0,1
400.78,1.0,59.24,341.54,2,1
256.27,0.5,22.81,233.46,1,1
210.3,0.0,24.41,185.9,0,1
402.18,1.0,45.51,356.67,2,1
212.99,0.0,42.22,170.77,0,1
304.04,0.5,40.32,263.72,1,1
565.0,2.0,82.95,482.05,4,1
440.59,1.5,43.92,396.67,3,1
220.22,0.0,34.32,185.9,0,1
435.05,1.0,85.95,349.1,2,1
199.46,0.0,6.0,193.46,0,1
486.58,1.5,82.35,404.23,3,1
373.01,0.5,94.16,278.85,1,1
341.28,1.0,30.0,311.28,2,1
428.02,1.0,71.35,356.67,2,1
345.67,0.5,97.08,248.59,1,1
331.68,0.5,37.7,293.97,1,1
342.37,0.5,78.65,263.72,1,1
217.13,0.0,16.11,201.03,0,1
470.44,1.5,43.51,426.92,3,1
195.14,0.0,16.81,178.33,0,1
396.27,1.0,54.73,341.54,2,1
184.33,0.0,6.0,178.33,0,1
200.14,0.0,21.81,178.33,0,1
454.99,1.0,90.76,364.23,2,1
315.85,0.5,52.14,263.72,1,1
201.14,0.0,22.81,178.33,0,1
484.3,1.0,150.32,333.97,2,1
171.91,0.0,8.7,163.21,0,1
196.6,0.0,10.7,185.9,0,1
233.52,0.0,47.62,185.9,0,1
230.28,0.0,51.95,178.33,0,1
247.53,0.0,76.76,170.77,0,1
545.48,1.5,95.86,449.62,3,1
294.93,0.5,31.22,263.72,1,1
349.98,0.5,71.14,278.85,1,1
535.51,1.5,93.46,442.05,3,1
299.37,0.5,43.22,256.15,1,1
339.84,0.5,53.43,286.41,1,1
233.84,0.0,32.81,201.03,0,1
399.62,1.0,50.51,349.1,2,1
207.57,0.0,14.11,193.46,0,1
554.48,1.5,104.86,449.62,3,1
360.2,0.5,81.35,278.85,1,1
223.68,0.0,30.22,193.46,0,1
186.33,0.0,8.0,178.33,0,1
224.11,0.0,38.22,185.9,0,1
196.33,0.0,18.0,178.33,0,1
312.36,0.5,33.51,278.85,1,1
202.33,0.0,24.0,178.33,0,1
203.85,0.0,25.51,178.33,0,1
500.04,1.0,135.81,364.23,2,1
301.74,0.5,38.03,263.72,1,1
248.55,0.0,62.65,185.9,0,1
229.57,0.0,36.11,193.46,0,1
309.04,0.5,45.32,263.72,1,1
198.33,0.0,20.0,178.33,0,1
230.22,0.0,44.32,185.9,0,1
205.6,0.0,19.7,185.9,0,1
218.71,0.0,32.81,185.9,0,1
169.21,0.0,6.0,163.21,0,1
342.44,0.5,56.03,286.41,1,1
202.33,0.0,24.0,178.33,0,1
206.33,0.0,28.0,178.33,0,1
211.8,0.0,41.03,170.77,0,1
300.59,0.5,44.43,256.15,1,1
417.48,1.0,75.95,341.54,2,1
230.92,0.0,45.03,185.9,0,1
377.75,1.0,36.22,341.54,2,1
265.57,0.0,79.68,185.9,0,1
217.41,0.0,31.51,185.9,0,1
494.2,1.5,74.84,419.36,3,1
482.58,1.5,78.35,404.23,3,1
194.33,0.0,16.0,178.33,0,1
238.28,0.0,59.95,178.33,0,1
381.34,1.0,70.05,311.28,2,1
177.31,0.0,14.11,163.21,0,1
587.51,2.0,105.46,482.05,4,1
280.21,0.5,31.62,248.59,1,1
311.06,0.5,32.22,278.85,1,1
506.44,1.5,94.65,411.79,3,1
417.56,1.0,53.32,364.23,2,1
371.08,1.0,37.11,333.97,2,1
317.74,0.5,54.03,263.72,1,1
214.74,0.0,36.41,178.33,0,1
284.55,0.5,58.65,225.9,1,1
329.77,0.5,50.92,278.85,1,1
459.8,1.0,95.57,364.23,2,1
226.33,0.0,40.43,185.9,0,1
214.71,0.0,28.81,185.9,0,1
310.81,0.5,77.35,233.46,1,1
495.36,1.5,83.57,411.79,3,1
338.44,0.5,52.03,286.41,1,1
412.89,1.0,71.35,341.54,2,1
202.6,0.0,16.7,185.9,0,1
321.45,0.5,72.86,248.59,1,1
370.38,0.5,136.92,233.46,1,1
184.33,0.0,6.0,178.33,0,1
288.07,0.5,31.92,256.15,1,1
171.21,0.0,8.0,163.21,0,1
455.26,1.5,51.03,404.23,3,1
310.59,0.5,54.43,256.15,1,1
351.84,0.5,65.43,286.41,1,1
214.55,0.0,36.22,178.33,0,1
215.41,0.0,29.51,185.9,0,1
220.82,0.0,34.92,185.9,0,1
267.31,0.0,88.97,178.33,0,1
191.74,0.0,13.41,178.33,0,1
175.21,0.0,12.0,163.21,0,1
442.21,1.0,100.68,341.54,2,1
327.45,0.5,78.86,248.59,1,1
194.33,0.0,16.0,178.33,0,1
223.31,0.0,52.54,170.77,0,1
196.28,0.0,25.51,170.77,0,1
175.61,0.0,12.41,163.21,0,1
198.33,0.0,20.0,178.33,0,1
356.2,1.0,44.92,311.28,2,1
331.3,0.5,90.27,241.03,1,1
297.07,0.5,40.92,256.15,1,1
395.11,1.0,61.14,333.97,2,1
177.31,0.0,14.11,163.21,0,1
171.91,0.0,8.7,163.21,0,1
374.71,0.5,95.86,278.85,1,1
308.39,0.5,37.11,271.28,1,1
201.9,0.0,16.0,185.9,0,1
177.21,0.0,14.0,163.21,0,1
360.24,1.0,18.7,341.54,2,1
310.74,0.5,47.03,263.72,1,1
234.54,0.0,33.51,201.03,0,1
408.14,0.5,129.3,278.85,1,1
468.44,1.0,96.65,371.79,2,1
509.04,1.0,144.81,364.23,2,1
227.13,0.0,26.11,201.03,0,1
232.98,0.0,39.51,193.46,0,1
207.25,0.0,28.92,178.33,0,1
202.33,0.0,24.0,178.33,0,1
365.65,1.0,24.11,341.54,2,1
338.33,0.5,51.92,286.41,1,1
218.9,0.0,33.0,185.9,0,1
207.3,0.0,21.41,185.9,0,1
190.77,0.0,20.0,170.77,0,1
339.73,0.5,53.32,286.41,1,1
351.95,0.5,65.54,286.41,1,1
512.99,1.5,55.81,457.18,3,1
328.37,0.5,64.65,263.72,1,1
319.19,0.5,78.16,241.03,1,1
227.46,0.0,34.0,193.46,0,1
182.72,0.0,19.51,163.21,0,1
202.01,0.0,16.11,185.9,0,1
350.95,0.5,64.54,286.41,1,1
200.74,0.0,22.41,178.33,0,1
435.07,1.0,123.78,311.28,2,1
343.63,0.5,72.35,271.28,1,1
475.4,1.0,126.3,349.1,2,1
271.19,0.0,70.16,201.03,0,1
207.9,0.0,22.0,185.9,0,1
396.08,1.0,54.54,341.54,2,1
312.69,0.5,56.54,256.15,1,1
292.18,0.5,36.03,256.15,1,1
536.76,1.5,102.27,434.49,3,1
356.69,0.5,92.97,263.72,1,1
215.46,0.0,22.0,193.46,0,1
389.11,1.0,55.14,333.97,2,1
198.33,0.0,20.0,178.33,0,1
287.07,0.5,30.92,256.15,1,1
370.2,0.5,91.35,278.85,1,1
204.72,0.0,41.51,163.21,0,1
375.06,0.5,88.65,286.41,1,1
215.9,0.0,30.0,185.9,0,1
175.21,0.0,12.0,163.21,0,1
234.92,0.0,49.03,185.9,0,1
247.84,0.0,61.95,185.9,0,1
348.29,0.5,84.57,263.72,1,1
171.91,0.0,8.7,163.21,0,1
544.37,1.5,94.76,449.62,3,1
225.03,0.0,24.0,201.03,0,1
313.85,0.0,135.51,178.33,0,1
205.9,0.0,20.0,185.9,0,1
224.61,0.0,53.84,170.77,0,1
263.36,0.0,77.46,185.9,0,1
351.84,0.5,65.43,286.41,1,1
225.9,0.0,40.0,185.9,0,1
368.06,0.5,81.65,286.41,1,1
253.09,0.0,74.76,178.33,0,1
266.06,0.0,80.16,185.9,0,1
436.24,1.0,102.27,333.97,2,1
324.82,0.5,53.54,271.28,1,1
207.9,0.0,22.0,185.9,0,1
171.21,0.0,8.0,163.21,0,1
446.99,1.5,50.32,396.67,3,1
239.89,0.0,46.43,193.46,0,1
444.28,1.0,80.05,364.23,2,1
241.93,0.0,71.16,170.77,0,1
323.21,0.5,67.05,256.15,1,1
197.85,0.0,19.51,178.33,0,1
219.9,0.0,34.0,185.9,0,1
261.9,0.0,83.57,178.33,0,1
286.42,0.5,22.7,263.72,1,1
212.61,0.0,41.84,170.77,0,1
200.04,0.0,21.7,178.33,0,1
212.33,0.0,34.0,178.33,0,1
225.41,0.0,39.51,185.9,0,1
371.54,1.0,30.0,341.54,2,1
222.82,0.0,36.92,185.9,0,1
352.74,0.5,81.46,271.28,1,1
299.07,0.5,42.92,256.15,1,1
198.04,0.0,19.7,178.33,0,1
238.98,0.0,45.51,193.46,0,1
453.29,1.5,56.62,396.67,3,1
297.64,0.5,33.92,263.72,1,1
224.77,0.0,46.43,178.33,0,1
344.14,0.5,57.73,286.41,1,1
307.2,0.5,35.92,271.28,1,1
414.19,1.0,72.65,341.54,2,1
256.11,0.0,62.65,193.46,0,1
202.33,0.0,24.0,178.33,0,1
174.61,0.0,11.41,163.21,0,1
241.52,0.0,55.62,185.9,0,1
408.34,1.0,44.11,364.23,2,1
414.57,1.0,88.16,326.41,2,1
382.67,1.0,26.0,356.67,2,1
213.45,0.0,50.24,163.21,0,1
311.55,0.5,32.7,278.85,1,1
359.2,0.5,80.35,278.85,1,1
334.51,0.5,78.35,256.15,1,1
338.55,0.5,59.7,278.85,1,1
308.85,0.5,30.0,278.85,1,1
431.42,1.0,59.62,371.79,2,1
214.87,0.0,21.41,193.46,0,1
365.81,0.5,71.84,293.97,1,1
220.9,0.0,35.0,185.9,0,1
189.21,0.0,26.0,163.21,0,1
179.21,0.0,16.0,163.21,0,1
503.12,1.5,83.76,419.36,3,1
346.55,0.5,60.14,286.41,1,1
217.27,0.0,23.81,193.46,0,1
372.38,1.0,38.41,333.97,2,1
220.77,0.0,42.43,178.33,0,1
381.47,0.5,110.19,271.28,1,1
436.3,1.0,109.89,326.41,2,1
324.28,0.5,45.43,278.85,1,1
291.83,0.5,28.11,263.72,1,1
218.38,0.0,24.92,193.46,0,1
186.33,0.0,8.0,178.33,0,1
246.44,0.0,60.54,185.9,0,1
461.1,1.0,96.86,364.23,2,1
337.86,0.5,89.27,248.59,1,1
366.26,0.5,94.97,271.28,1,1
211.9,0.0,26.0,185.9,0,1
186.77,0.0,16.0,170.77,0,1
189.47,0.0,18.7,170.77,0,1
584.07,2.0,94.46,489.62,4,1
227.31,0.0,56.54,170.77,0,1
348.81,0.5,54.84,293.97,1,1
421.26,1.0,57.03,364.23,2,1
310.15,0.5,46.43,263.72,1,1
261.43,0.5,20.41,241.03,1,1
284.15,0.5,28.0,256.15,1,1
177.21,0.0,14.0,163.21,0,1
352.9,0.5,74.05,278.85,1,1
198.33,0.0,20.0,178.33,0,1
402.08,1.0,60.54,341.54,2,1
202.33,0.0,24.0,178.33,0,1
182.21,0.0,19.0,163.21,0,1
444.14,1.0,125.3,318.85,2,1
199.46,0.0,6.0,193.46,0,1
522.74,1.5,103.38,419.36,3,1
422.1,1.0,65.43,356.67,2,1
601.66,2.0,89.35,512.31,4,1
182.77,0.0,12.0,170.77,0,1
227.49,0.0,34.03,193.46,0,1
452.82,1.0,81.03,371.79,2,1
222.38,0.0,28.92,193.46,0,1
213.41,0.0,27.51,185.9,0,1
171.21,0.0,8.0,163.21,0,1
195.74,0.0,17.41,178.33,0,1
209.11,0.0,23.22,185.9,0,1
429.11,1.0,87.57,341.54,2,1
345.89,0.0,152.43,193.46,0,1
381.98,0.5,95.57,286.41,1,1
313.8,0.5,57.65,256.15,1,1
171.21,0.0,8.0,163.21,0,1
438.23,1.5,34.0,404.23,3,1
437.37,1.0,73.14,364.23,2,1
355.44,0.5,84.16,271.28,1,1
215.9,0.0,30.0,185.9,0,1
245.25,0.0,59.35,185.9,0,1
213.41,0.0,27.51,185.9,0,1
209.74,0.0,31.41,178.33,0,1
323.66,0.5,59.95,263.72,1,1
224.06,0.0,45.73,178.33,0,1
337.82,0.5,66.54,271.28,1,1
219.46,0.0,26.0,193.46,0,1
356.73,0.5,70.32,286.41,1,1
239.03,0.0,38.0,201.03,0,1
179.21,0.0,16.0,163.21,0,1
338.8,1.0,27.51,311.28,2,1
454.42,1.0,97.76,356.67,2,1
312.04,0.5,48.32,263.72,1,1
179.21,0.0,16.0,163.21,0,1
541.04,1.5,136.81,404.23,3,1
217.57,0.0,24.11,193.46,0,1
260.71,0.0,82.38,178.33,0,1
569.94,1.5,112.76,457.18,3,1
201.9,0.0,16.0,185.9,0,1
346.44,0.5,60.03,286.41,1,1
331.12,0.5,59.84,271.28,1,1
317.56,0.5,53.84,263.72,1,1
342.32,0.5,86.16,256.15,1,1
174.61,0.0,11.41,163.21,0,1
206.8,0.0,36.03,170.77,0,1
285.67,0.5,29.51,256.15,1,1
220.01,0.0,34.11,185.9,0,1
320.45,0.5,56.73,263.72,1,1
350.63,0.5,79.35,271.28,1,1
194.33,0.0,16.0,178.33,0,1
305.88,0.5,49.73,256.15,1,1
194.33,0.0,16.0,178.33,0,1
353.25,0.5,66.84,286.41,1,1
237.68,0.0,44.22,193.46,0,1
183.21,0.0,20.0,163.21,0,1
212.14,0.0,33.81,178.33,0,1
198.99,0.0,28.22,170.77,0,1
637.51,2.5,62.51,575.0,5,1
557.37,1.5,107.76,449.62,3,1
358.76,0.5,72.35,286.41,1,1
316.15,0.5,52.43,263.72,1,1
219.41,0.0,33.51,185.9,0,1
283.96,0.5,27.81,256.15,1,1
454.4,1.5,57.73,396.67,3,1
311.95,0.5,33.11,278.85,1,1
410.86,1.0,69.32,341.54,2,1
213.16,0.0,19.7,193.46,0,1
474.77,1.0,102.97,371.79,2,1
205.9,0.0,20.0,185.9,0,1
201.74,0.0,23.41,178.33,0,1
181.21,0.0,18.0,163.21,0,1
234.44,0.0,48.54,185.9,0,1
226.5,0.0,55.73,170.77,0,1
619.07,2.0,121.89,497.18,4,1
199.46,0.0,6.0,193.46,0,1
423.14,1.0,89.16,333.97,2,1
477.68,1.5,58.32,419.36,3,1
248.55,0.0,62.65,185.9,0,1
193.04,0.0,14.7,178.33,0,1
230.22,0.0,44.32,185.9,0,1
199.69,0.0,28.92,170.77,0,1
294.07,0.5,37.92,256.15,1,1
347.6,0.5,68.76,278.85,1,1
209.01,0.0,23.11,185.9,0,1
312.2,0.5,40.92,271.28,1,1
219.57,0.0,26.11,193.46,0,1
202.33,0.0,24.0,178.33,0,1
353.25,0.5,66.84,286.41,1,1
453.42,1.0,96.76,356.67,2,1
208.9,0.0,23.0,185.9,0,1
247.74,0.0,61.84,185.9,0,1
551.46,1.5,116.97,434.49,3,1
218.16,0.0,24.7,193.46,0,1
283.42,0.5,19.7,263.72,1,1
558.87,1.5,139.51,419.36,3,1
322.31,0.5,51.03,271.28,1,1
464.6,1.0,85.24,379.36,2,1
303.39,0.5,32.11,271.28,1,1
428.47,1.0,64.24,364.23,2,1
357.28,0.5,78.43,278.85,1,1
207.46,0.0,14.0,193.46,0,1
203.9,0.0,18.0,185.9,0,1
202.33,0.0,24.0,178.33,0,1
390.82,0.5,111.97,278.85,1,1
430.67,1.0,81.57,349.1,2,1
698.75,3.0,68.62,630.13,6,1
280.83,0.5,17.11,263.72,1,1
213.68,0.0,20.22,193.46,0,1
216.61,0.0,45.84,170.77,0,1
466.93,1.5,55.14,411.79,3,1
194.33,0.0,16.0,178.33,0,1
503.8,1.5,99.57,404.23,3,1
234.6,0.0,41.14,193.46,0,1
219.46,0.0,26.0,193.46,0,1
278.73,0.5,37.7,241.03,1,1
327.92,0.5,41.51,286.41,1,1
258.76,0.0,57.73,201.03,0,1
257.25,0.0,71.35,185.9,0,1
284.26,0.5,28.11,256.15,1,1
299.09,0.0,113.19,185.9,0,1
209.9,0.0,24.0,185.9,0,1
240.98,0.0,62.65,178.33,0,1
229.03,0.0,28.0,201.03,0,1
591.62,2.0,109.57,482.05,4,1
214.98,0.0,21.51,193.46,0,1
200.01,0.0,14.11,185.9,0,1
298.64,0.5,34.92,263.72,1,1
363.65,1.0,22.11,341.54,2,1
216.33,0.0,38.0,178.33,0,1
300.48,0.5,44.32,256.15,1,1
330.11,0.5,43.7,286.41,1,1
359.82,1.0,33.41,326.41,2,1
312.1,0.5,55.95,256.15,1,1
228.17,0.0,49.84,178.33,0,1
418.0,1.0,76.46,341.54,2,1
199.46,0.0,6.0,193.46,0,1
394.22,1.0,60.24,333.97,2,1
188.33,0.0,10.0,178.33,0,1
207.25,0.0,28.92,178.33,0,1
213.95,0.0,35.62,178.33,0,1
363.65,1.0,22.11,341.54,2,1
186.33,0.0,8.0,178.33,0,1
222.06,0.0,43.73,178.33,0,1
218.66,0.0,40.32,178.33,0,1
365.12,1.0,53.84,311.28,2,1
206.55,0.0,28.22,178.33,0,1
536.29,1.5,94.24,442.05,3,1
337.47,0.5,73.76,263.72,1,1
205.9,0.0,20.0,185.9,0,1
203.3,0.0,17.41,185.9,0,1
296.59,0.0,95.57,201.03,0,1
211.52,0.0,25.62,185.9,0,1
186.33,0.0,8.0,178.33,0,1
346.84,0.5,60.43,286.41,1,1
297.23,0.5,33.51,263.72,1,1
175.21,0.0,12.0,163.21,0,1
421.0,1.0,79.46,341.54,2,1
283.07,0.5,26.92,256.15,1,1
288.05,0.5,47.03,241.03,1,1
412.87,1.0,86.46,326.41,2,1
182.21,0.0,19.0,163.21,0,1
211.9,0.0,26.0,185.9,0,1
188.12,0.0,24.92,163.21,0,1
187.47,0.0,16.7,170.77,0,1
410.57,1.0,84.16,326.41,2,1
391.27,1.0,49.73,341.54,2,1
324.87,0.5,46.03,278.85,1,1
249.3,0.0,55.84,193.46,0,1
215.3,0.0,29.41,185.9,0,1
227.41,0.0,41.51,185.9,0,1
244.65,0.0,43.62,201.03,0,1
319.39,0.5,48.11,271.28,1,1
339.39,0.5,60.54,278.85,1,1
198.33,0.0,20.0,178.33,0,1
225.01,0.0,54.24,170.77,0,1
467.25,1.0,95.46,371.79,2,1
207.9,0.0,22.0,185.9,0,1
210.33,0.0,32.0,178.33,0,1
551.11,1.5,124.19,426.92,3,1
404.9,0.5,118.49,286.41,1,1
307.54,0.5,58.95,248.59,1,1
417.77,0.5,138.92,278.85,1,1
572.14,1.5,145.22,426.92,3,1
215.46,0.0,22.0,193.46,0,1
725.49,2.5,165.62,559.87,5,1
324.56,0.5,60.84,263.72,1,1
676.48,2.5,86.35,590.13,5,1
332.37,0.5,68.65,263.72,1,1
171.21,0.0,8.0,163.21,0,1
219.06,0.0,40.73,178.33,0,1
219.68,0.0,26.22,193.46,0,1
186.33,0.0,8.0,178.33,0,1
497.81,1.0,163.84,333.97,2,1
256.95,0.0,71.05,185.9,0,1
207.3,0.0,21.41,185.9,0,1
215.9,0.0,30.0,185.9,0,1
457.57,1.0,123.59,333.97,2,1
253.84,0.0,67.95,185.9,0,1
354.37,0.5,90.65,263.72,1,1
319.52,0.5,33.11,286.41,1,1
313.83,0.5,65.24,248.59,1,1
200.33,0.0,22.0,178.33,0,1
418.84,1.0,84.86,333.97,2,1
206.46,0.0,13.0,193.46,0,1
356.58,0.5,92.86,263.72,1,1
218.11,0.0,32.22,185.9,0,1
517.01,1.5,97.65,419.36,3,1
207.6,0.0,21.7,185.9,0,1
320.82,0.5,34.41,286.41,1,1
272.59,0.5,24.0,248.59,1,1
233.03,0.0,47.14,185.9,0,1
322.52,0.5,36.11,286.41,1,1
223.73,0.0,22.7,201.03,0,1
281.37,0.5,25.22,256.15,1,1
413.15,1.0,48.92,364.23,2,1
228.87,0.0,50.54,178.33,0,1
189.74,0.0,11.41,178.33,0,1
373.87,0.5,87.46,286.41,1,1
350.58,0.5,71.73,278.85,1,1
184.33,0.0,6.0,178.33,0,1
421.49,1.0,95.08,326.41,2,1
175.21,0.0,12.0,163.21,0,1
366.33,0.5,72.35,293.97,1,1
201.9,0.0,16.0,185.9,0,1
175.21,0.0,12.0,163.21,0,1
171.91,0.0,8.7,163.21,0,1
199.04,0.0,20.7,178.33,0,1
179.21,0.0,16.0,163.21,0,1
390.84,1.0,64.43,326.41,2,1
313.72,0.5,65.14,248.59,1,1
232.82,0.0,46.92,185.9,0,1
351.2,0.5,72.35,278.85,1,1
213.46,0.0,20.0,193.46,0,1
386.33,0.5,107.49,278.85,1,1
193.33,0.0,15.0,178.33,0,1
245.14,0.0,59.24,185.9,0,1
231.57,0.0,38.11,193.46,0,1
235.63,0.0,49.73,185.9,0,1
169.21,0.0,6.0,163.21,0,1
171.91,0.0,8.7,163.21,0,1
371.05,1.0,29.51,341.54,2,1
218.66,0.0,40.32,178.33,0,1
350.79,0.5,71.95,278.85,1,1
200.04,0.0,21.7,178.33,0,1
233.38,0.0,39.92,193.46,0,1
217.3,0.0,31.41,185.9,0,1
187.21,0.0,24.0,163.21,0,1
251.14,0.0,65.24,185.9,0,1
216.6,0.0,30.7,185.9,0,1
216.71,0.0,30.81,185.9,0,1
186.02,0.0,22.81,163.21,0,1
326.22,0.5,39.81,286.41,1,1
577.97,2.0,88.35,489.62,4,1
470.7,1.0,121.59,349.1,2,1
337.12,0.5,65.84,271.28,1,1
227.47,0.0,49.14,178.33,0,1
319.41,0.5,33.0,286.41,1,1
323.82,0.5,52.54,271.28,1,1
381.41,0.5,102.57,278.85,1,1
483.6,1.5,49.11,434.49,3,1
285.14,0.0,91.68,193.46,0,1
206.01,0.0,20.11,185.9,0,1
198.33,0.0,20.0,178.33,0,1
210.6,0.0,24.7,185.9,0,1
285.52,0.0,92.05,193.46,0,1
462.71,1.5,50.92,411.79,3,1
335.63,0.5,49.22,286.41,1,1
372.94,1.0,31.41,341.54,2,1
186.33,0.0,8.0,178.33,0,1
192.44,0.0,14.11,178.33,0,1
214.6,0.0,28.7,185.9,0,1
325.33,0.5,91.86,233.46,1,1
364.92,1.0,38.51,326.41,2,1
183.31,0.0,20.11,163.21,0,1
446.13,1.5,57.03,389.1,3,1
278.72,0.5,15.0,263.72,1,1
186.77,0.0,16.0,170.77,0,1
329.85,0.5,51.0,278.85,1,1
229.46,0.0,36.0,193.46,0,1
278.56,0.5,22.41,256.15,1,1
209.99,0.0,39.22,170.77,0,1
361.71,0.5,82.86,278.85,1,1
203.9,0.0,18.0,185.9,0,1
349.14,0.5,62.73,286.41,1,1
432.57,1.5,51.03,381.54,3,1
249.63,0.0,63.73,185.9,0,1
454.23,1.0,97.57,356.67,2,1
475.0,1.5,40.51,434.49,3,1
255.84,0.0,69.95,185.9,0,1
193.58,0.0,22.81,170.77,0,1
309.56,0.5,45.84,263.72,1,1
