"Total_Cost","Ratio_Reloc_Prod","Horiz_Cost","Vert_Cost","nReloc","non_Optimal"
268012.14,0.4533,76760.26,191251.83,680,230
870.01,0.4,204.24,665.77,2,1
751.85,0.4,93.65,658.21,2,1
1030.81,0.6,294.78,736.03,3,1
581.37,0.0,78.81,502.56,0,0
1025.83,0.6,267.11,758.72,3,0
593.67,0.0,136.49,457.18,0,0
653.2,0.2,87.95,565.26,1,1
721.09,0.4,108.27,612.82,2,0
643.21,0.2,100.65,542.56,1,1
594.42,0.2,82.11,512.31,1,1
514.85,0.0,50.11,464.74,0,0
959.67,0.8,176.08,783.59,4,1
518.85,0.0,54.11,464.74,0,0
551.42,0.0,94.24,457.18,0,1
1147.7,0.6,457.05,690.64,3,1
976.88,0.6,218.16,758.72,3,1
570.84,0.2,43.41,527.44,1,1
719.59,0.2,177.03,542.56,1,1
610.01,0.2,90.14,519.87,1,1
685.88,0.2,135.76,550.13,1,1
781.22,0.4,153.27,627.95,2,1
748.32,0.4,105.24,643.08,2,1
754.69,0.4,157.0,597.69,2,1
766.29,0.4,115.65,650.64,2,1
893.78,0.6,210.7,683.08,3,1
1144.48,0.8,353.32,791.15,4,1
780.27,0.2,237.7,542.56,1,1
706.31,0.2,148.62,557.69,1,1
814.67,0.4,171.59,643.08,2,0
1006.97,0.6,263.38,743.59,3,1
1691.0,1.4,787.41,903.59,7,1
849.04,0.6,143.27,705.77,3,0
526.77,0.0,62.03,464.74,0,0
555.61,0.0,98.43,457.18,0,0
1634.55,1.2,801.22,833.33,6,1
895.03,0.4,267.08,627.95,2,1
584.37,0.0,134.76,449.62,0,0
704.67,0.2,146.97,557.69,1,0
1181.16,0.8,405.14,776.03,4,1
880.64,0.6,190.0,690.64,3,1
863.78,0.6,173.14,690.64,3,1
1279.94,0.6,589.3,690.64,3,1
573.55,0.0,101.24,472.31,0,0
734.91,0.2,169.65,565.26,1,1
1324.61,0.8,525.89,798.72,4,1
751.68,0.4,123.73,627.95,2,1
838.69,0.4,172.92,665.77,2,0
1139.07,0.8,340.35,798.72,4,1
591.92,0.2,56.92,535.0,1,1
1021.04,0.6,262.32,758.72,3,1
1381.69,1.0,535.41,846.28,5,1
795.95,0.2,208.0,587.95,1,1
574.34,0.0,117.16,457.18,0,1
547.84,0.0,113.35,434.49,0,0
975.78,0.6,285.14,690.64,3,1
566.13,0.0,124.08,442.05,0,1
1017.31,0.2,505.0,512.31,1,1
1177.34,0.8,310.54,866.79,4,1
864.19,0.4,236.24,627.95,2,0
720.96,0.2,155.7,565.26,1,0
1035.15,0.8,304.51,730.64,4,1
707.76,0.4,132.76,575.0,2,1
899.4,0.4,316.84,582.56,2,1
1270.47,0.4,650.08,620.38,2,1
1004.77,0.6,291.43,713.33,3,1
1301.09,1.2,346.73,954.36,6,1
765.93,0.4,160.68,605.26,2,1
1025.38,0.6,296.92,728.46,3,1
482.81,0.0,48.32,434.49,0,1
714.79,0.4,147.35,567.44,2,1
1507.96,0.6,862.7,645.26,3,1
1386.11,0.8,685.73,700.38,4,1
589.93,0.0,110.05,479.87,0,0
1316.33,1.0,515.43,800.9,5,1
727.87,0.2,147.49,580.38,1,0
660.88,0.2,110.76,550.13,1,1
536.78,0.0,87.16,449.62,0,1
1025.36,0.6,319.59,705.77,3,1
695.96,0.2,138.27,557.69,1,0
1359.78,0.8,568.62,791.15,4,1
1175.78,0.8,392.19,783.59,4,1
1100.89,0.6,364.86,736.03,3,1
1217.08,0.8,501.57,715.51,4,1
709.65,0.2,129.27,580.38,1,1
541.26,0.0,91.65,449.62,0,1
1048.66,0.6,289.95,758.72,3,1
2357.14,1.4,1423.3,933.85,7,1
877.81,0.6,141.78,736.03,3,1
951.33,0.6,238.0,713.33,3,1
987.46,0.6,319.51,667.95,3,1
938.8,0.4,273.03,665.77,2,0
600.47,0.2,95.73,504.74,1,1
577.85,0.2,73.11,504.74,1,1
748.19,0.4,165.62,582.56,2,1
1012.5,0.6,314.3,698.21,3,1
695.07,0.2,137.38,557.69,1,0
831.52,0.4,218.7,612.82,2,1
1800.84,1.4,745.97,1054.87,7,1
808.81,0.4,173.3,635.51,2,1
571.11,0.0,136.62,434.49,0,0
660.45,0.2,102.76,557.69,1,1
523.81,0.0,89.32,434.49,0,1
507.62,0.0,73.14,434.49,0,1
633.5,0.2,136.32,497.18,1,1
622.91,0.2,125.73,497.18,1,1
647.23,0.2,150.05,497.18,1,0
515.41,0.2,40.92,474.49,1,1
748.2,0.4,142.95,605.26,2,1
681.65,0.2,139.08,542.56,1,0
471.74,0.0,59.95,411.79,0,1
820.49,0.6,144.97,675.51,3,1
2324.95,1.8,1250.59,1074.36,9,1
663.05,0.2,120.49,542.56,1,1
1027.77,0.8,289.57,738.21,4,1
938.01,0.4,325.19,612.82,2,0
920.11,0.4,292.16,627.95,2,0
601.18,0.2,104.0,497.18,1,1
943.45,0.4,338.19,605.26,2,0
827.02,0.2,276.89,550.13,1,0
576.46,0.0,141.97,434.49,0,1
762.72,0.2,257.97,504.74,1,1
711.54,0.2,184.11,527.44,1,0
875.48,0.4,232.41,643.08,2,0
694.01,0.2,128.76,565.26,1,1
532.09,0.0,105.16,426.92,0,1
686.77,0.2,174.46,512.31,1,0
1084.78,0.6,454.65,630.13,3,1
2380.83,1.6,1361.59,1019.23,8,1
1862.24,1.2,938.14,924.1,6,1
1021.04,1.0,121.81,899.23,5,1
896.75,0.6,153.16,743.59,3,1
1100.6,0.8,286.76,813.85,4,1
1230.68,0.6,517.35,713.33,3,1
728.28,0.2,155.46,572.82,1,1
720.42,0.2,208.11,512.31,1,1
901.21,0.4,311.08,590.13,2,1
865.45,0.6,167.24,698.21,3,1
606.93,0.0,142.19,464.74,0,0
580.1,0.0,130.49,449.62,0,0
846.13,0.4,210.62,635.51,2,0
636.21,0.2,139.03,497.18,1,1
638.37,0.4,55.81,582.56,2,1
1083.49,0.6,362.59,720.9,3,1
568.48,0.0,118.86,449.62,0,0
1610.19,1.8,513.14,1097.05,9,1
576.12,0.0,96.24,479.87,0,0
573.28,0.0,108.54,464.74,0,0
598.68,0.2,71.24,527.44,1,1
991.26,0.4,386.0,605.26,2,1
677.56,0.2,127.43,550.13,1,1
883.44,0.6,170.11,713.33,3,1
980.47,0.8,174.19,806.28,4,1
927.89,0.6,191.86,736.03,3,1
523.03,0.0,88.54,434.49,0,1
501.98,0.0,75.05,426.92,0,0
758.76,0.4,138.38,620.38,2,0
750.79,0.2,230.92,519.87,1,0
620.71,0.2,100.84,519.87,1,1
1406.89,0.8,698.95,707.95,4,1
1364.52,0.8,664.14,700.38,4,1
850.1,0.6,151.89,698.21,3,1
1024.09,0.8,278.32,745.77,4,1
646.4,0.2,164.35,482.05,1,1
1263.15,1.0,416.86,846.28,5,1
665.64,0.2,115.51,550.13,1,1
1448.42,0.8,702.65,745.77,4,1
1351.79,1.0,490.38,861.41,5,1
960.1,0.6,261.89,698.21,3,1
1112.14,0.8,351.24,760.9,4,1
813.84,0.6,145.89,667.95,3,1
1302.01,1.2,347.65,954.36,6,1
828.84,0.2,308.97,519.87,1,1
721.03,0.2,201.16,519.87,1,1
552.54,0.0,118.05,434.49,0,1
567.0,0.2,32.0,535.0,1,1
964.99,0.6,266.78,698.21,3,1
777.02,0.2,219.32,557.69,1,1
1198.79,0.8,430.32,768.46,4,1
1033.89,0.8,250.3,783.59,4,1
1276.86,0.8,440.32,836.54,4,0
997.37,0.8,213.78,783.59,4,1
580.02,0.0,137.97,442.05,0,0
930.01,0.6,284.76,645.26,3,1
730.12,0.2,164.86,565.26,1,0
1175.06,1.0,313.65,861.41,5,1
748.61,0.4,143.35,605.26,2,1
555.88,0.0,91.14,464.74,0,1
732.95,0.4,165.51,567.44,2,1
642.28,0.2,77.03,565.26,1,0
1273.39,0.6,507.11,766.28,3,1
1322.35,1.0,438.24,884.1,5,1
739.42,0.2,181.73,557.69,1,1
992.93,0.6,279.59,713.33,3,1
551.85,0.0,79.54,472.31,0,0
1145.15,0.8,406.95,738.21,4,1
1180.85,1.0,274.05,906.79,5,1
945.69,0.4,332.86,612.82,2,1
1154.17,0.6,433.27,720.9,3,1
1051.78,1.0,175.24,876.54,5,1
687.45,0.2,129.76,557.69,1,1
712.99,0.4,107.73,605.26,2,0
456.82,0.0,45.03,411.79,0,1
790.0,0.4,162.05,627.95,2,0
867.44,0.4,307.57,559.87,2,1
763.4,0.4,165.7,597.69,2,1
1316.44,0.6,648.49,667.95,3,1
1079.07,0.8,287.92,791.15,4,1
928.27,0.6,184.68,743.59,3,1
521.72,0.0,72.11,449.62,0,1
1246.67,0.8,531.16,715.51,4,1
1469.26,1.4,437.08,1032.18,7,1
857.4,0.4,274.84,582.56,2,1
982.41,0.6,261.51,720.9,3,1
1022.7,0.6,332.05,690.64,3,1
957.24,0.4,314.16,643.08,2,0
1077.56,0.8,293.97,783.59,4,1
701.37,0.2,151.24,550.13,1,0
485.46,0.0,43.41,442.05,0,1
1870.06,1.6,828.14,1041.92,8,1
740.21,0.4,82.0,658.21,2,1
812.57,0.4,192.19,620.38,2,1
442.2,0.0,30.41,411.79,0,1
904.61,0.8,173.97,730.64,4,1
908.91,0.6,210.7,698.21,3,0
614.76,0.2,79.76,535.0,1,1
1238.72,0.8,500.51,738.21,4,1
899.22,0.4,218.32,680.9,2,1
958.9,0.6,238.0,720.9,3,1
1438.76,1.2,476.84,961.92,6,1
831.58,0.4,173.38,658.21,2,1
535.91,0.0,78.73,457.18,0,0
1063.43,0.4,420.35,643.08,2,1
952.26,0.4,301.62,650.64,2,0
792.97,0.2,250.41,542.56,1,1
608.35,0.0,166.3,442.05,0,1
801.01,0.4,135.24,665.77,2,1
565.99,0.0,101.24,464.74,0,1
542.49,0.0,108.0,434.49,0,0
832.99,0.4,227.73,605.26,2,0
1435.58,1.2,496.35,939.23,6,1
694.04,0.2,121.22,572.82,1,1
447.9,0.0,36.11,411.79,0,1
536.0,0.2,61.51,474.49,1,1
682.76,0.2,162.89,519.87,1,1
638.51,0.0,196.46,442.05,0,0
797.82,0.4,177.43,620.38,2,0
471.58,0.0,52.22,419.36,0,0
836.62,0.4,201.11,635.51,2,0
954.2,0.8,140.35,813.85,4,1
611.34,0.0,146.59,464.74,0,0
800.95,0.2,281.08,519.87,1,0
1000.42,0.2,503.24,497.18,1,1
1120.53,0.8,374.76,745.77,4,1
920.3,0.4,299.92,620.38,2,1
843.94,0.4,246.24,597.69,2,0
675.91,0.0,211.16,464.74,0,1
1192.18,0.8,393.46,798.72,4,1
1071.67,0.8,295.65,776.03,4,1
699.34,0.2,141.65,557.69,1,1
1070.85,0.8,257.0,813.85,4,1
875.72,0.4,217.51,658.21,2,1
1199.77,0.6,486.43,713.33,3,1
677.06,0.2,104.24,572.82,1,1
1231.62,0.6,495.59,736.03,3,1
702.42,0.2,137.16,565.26,1,0
667.91,0.2,102.65,565.26,1,0
930.99,0.8,132.27,798.72,4,1
696.51,0.2,146.38,550.13,1,1
1761.93,1.6,727.57,1034.36,8,1
987.73,0.8,158.76,828.97,4,1
1038.03,0.6,317.14,720.9,3,1
992.05,0.8,276.54,715.51,4,1
467.52,0.0,55.73,411.79,0,0
831.77,0.2,327.03,504.74,1,1
803.32,0.2,260.76,542.56,1,1
1199.17,0.8,377.76,821.41,4,1
1121.25,0.8,367.92,753.33,4,1
933.83,0.6,182.68,751.15,3,0
1063.75,0.6,320.16,743.59,3,1
698.53,0.2,140.84,557.69,1,1
553.29,0.2,56.11,497.18,1,1
991.64,0.4,341.0,650.64,2,1
685.46,0.2,150.46,535.0,1,1
1256.71,0.6,649.27,607.44,3,1
1256.82,1.0,402.97,853.85,5,1
1119.16,0.6,375.57,743.59,3,1
825.98,0.4,205.59,620.38,2,0
835.55,0.4,169.78,665.77,2,0
986.76,0.6,258.3,728.46,3,1
1796.67,1.2,940.65,856.03,6,1
1219.65,1.0,358.24,861.41,5,1
769.6,0.4,141.65,627.95,2,0
927.32,0.4,291.81,635.51,2,1
732.78,0.2,182.65,550.13,1,1
1058.15,0.6,367.51,690.64,3,1
631.45,0.0,166.7,464.74,0,1
1059.28,1.0,197.86,861.41,5,1
537.56,0.0,87.95,449.62,0,0
974.97,0.6,299.46,675.51,3,1
978.31,0.6,272.54,705.77,3,1
