"Total_Cost","Ratio_Reloc_Prod","Horiz_Cost","Vert_Cost","nReloc","non_Optimal"
226437.27,0.4447,36643.61,189793.89,667,750
221.03,0.0,20.0,201.03,0,1
394.88,1.0,38.22,356.67,2,1
239.74,0.0,53.84,185.9,0,1
221.03,0.0,20.0,201.03,0,1
199.9,0.0,14.0,185.9,0,1
462.55,1.0,90.76,371.79,2,1
202.44,0.0,24.11,178.33,0,1
361.18,0.5,112.59,248.59,1,1
232.06,0.0,53.73,178.33,0,1
211.46,0.0,18.0,193.46,0,1
318.92,0.5,32.51,286.41,1,1
311.63,0.5,25.22,286.41,1,1
205.3,0.0,19.41,185.9,0,1
214.22,0.0,28.32,185.9,0,1
243.24,0.0,42.22,201.03,0,1
421.38,1.0,94.97,326.41,2,1
193.9,0.0,8.0,185.9,0,1
489.92,1.5,55.43,434.49,3,1
210.01,0.0,24.11,185.9,0,1
198.33,0.0,20.0,178.33,0,1
202.3,0.0,16.41,185.9,0,1
257.47,0.0,71.57,185.9,0,1
421.14,1.0,87.16,333.97,2,1
188.33,0.0,10.0,178.33,0,1
206.11,0.0,20.22,185.9,0,1
499.67,1.5,57.62,442.05,3,1
231.84,0.0,30.81,201.03,0,1
244.25,0.0,58.35,185.9,0,1
204.44,0.0,26.11,178.33,0,1
366.71,0.5,87.86,278.85,1,1
454.08,1.0,104.97,349.1,2,1
201.9,0.0,16.0,185.9,0,1
337.28,0.5,58.43,278.85,1,1
206.87,0.0,13.41,193.46,0,1
200.71,0.0,14.81,185.9,0,1
289.67,0.5,33.51,256.15,1,1
213.46,0.0,20.0,193.46,0,1
340.26,0.5,76.54,263.72,1,1
452.23,1.0,95.57,356.67,2,1
413.15,1.0,48.92,364.23,2,1
209.3,0.0,23.41,185.9,0,1
473.87,1.5,54.51,419.36,3,1
510.73,1.5,76.24,434.49,3,1
444.96,1.0,80.73,364.23,2,1
319.9,0.5,48.62,271.28,1,1
240.53,0.0,69.76,170.77,0,1
299.83,0.5,36.11,263.72,1,1
203.9,0.0,18.0,185.9,0,1
323.04,0.5,59.32,263.72,1,1
188.33,0.0,10.0,178.33,0,1
194.33,0.0,16.0,178.33,0,1
194.33,0.0,16.0,178.33,0,1
311.29,0.5,55.14,256.15,1,1
205.9,0.0,20.0,185.9,0,1
355.9,0.5,77.05,278.85,1,1
234.07,0.0,70.86,163.21,0,1
213.41,0.0,27.51,185.9,0,1
181.21,0.0,18.0,163.21,0,1
423.94,1.0,74.84,349.1,2,1
235.22,0.0,49.32,185.9,0,1
291.96,0.5,35.81,256.15,1,1
445.75,1.0,96.65,349.1,2,1
219.46,0.0,26.0,193.46,0,1
202.33,0.0,24.0,178.33,0,1
255.2,0.0,76.86,178.33,0,1
488.23,1.5,91.57,396.67,3,1
213.9,0.0,28.0,185.9,0,1
328.58,0.5,49.73,278.85,1,1
198.33,0.0,20.0,178.33,0,1
404.23,1.0,40.0,364.23,2,1
179.21,0.0,16.0,163.21,0,1
171.91,0.0,8.7,163.21,0,1
447.79,1.5,36.0,411.79,3,1
194.33,0.0,16.0,178.33,0,1
376.03,1.0,49.62,326.41,2,1
314.69,0.5,43.41,271.28,1,1
232.08,0.0,38.62,193.46,0,1
171.91,0.0,8.7,163.21,0,1
171.91,0.0,8.7,163.21,0,1
477.02,1.5,80.35,396.67,3,1
203.16,0.0,9.7,193.46,0,1
440.63,1.0,68.84,371.79,2,1
207.3,0.0,21.41,185.9,0,1
337.93,1.0,34.22,303.72,2,1
231.96,0.0,68.76,163.21,0,1
417.32,1.0,60.65,356.67,2,1
186.33,0.0,8.0,178.33,0,1
207.25,0.0,28.92,178.33,0,1
335.35,0.5,86.76,248.59,1,1
276.26,0.5,20.11,256.15,1,1
322.31,0.5,51.03,271.28,1,1
189.74,0.0,11.41,178.33,0,1
254.68,0.0,76.35,178.33,0,1
171.91,0.0,8.7,163.21,0,1
391.65,0.5,97.68,293.97,1,1
322.33,0.5,35.92,286.41,1,1
294.98,0.5,23.7,271.28,1,1
204.6,0.0,18.7,185.9,0,1
187.04,0.0,8.7,178.33,0,1
333.03,0.5,46.62,286.41,1,1
254.55,0.0,68.65,185.9,0,1
195.33,0.0,17.0,178.33,0,1
321.87,0.5,43.03,278.85,1,1
194.33,0.0,16.0,178.33,0,1
196.99,0.0,26.22,170.77,0,1
203.6,0.0,17.7,185.9,0,1
422.75,1.5,41.22,381.54,3,1
224.22,0.0,38.32,185.9,0,1
302.34,0.5,38.62,263.72,1,1
220.66,0.0,42.32,178.33,0,1
197.33,0.0,19.0,178.33,0,1
400.25,1.0,73.84,326.41,2,1
474.33,1.5,47.41,426.92,3,1
200.33,0.0,22.0,178.33,0,1
205.85,0.0,27.51,178.33,0,1
213.95,0.0,35.62,178.33,0,1
207.09,0.0,36.32,170.77,0,1
400.29,1.0,43.62,356.67,2,1
343.39,0.5,64.54,278.85,1,1
237.58,0.0,59.24,178.33,0,1
413.94,1.0,64.84,349.1,2,1
408.07,1.0,51.41,356.67,2,1
472.28,1.5,52.92,419.36,3,1
253.09,0.0,74.76,178.33,0,1
174.61,0.0,11.41,163.21,0,1
193.58,0.0,22.81,170.77,0,1
326.35,0.5,77.76,248.59,1,1
189.74,0.0,11.41,178.33,0,1
314.9,0.5,43.62,271.28,1,1
202.33,0.0,24.0,178.33,0,1
301.88,0.5,45.73,256.15,1,1
322.51,0.5,66.35,256.15,1,1
594.54,2.0,112.49,482.05,4,1
211.46,0.0,18.0,193.46,0,1
434.44,1.0,62.65,371.79,2,1
322.66,0.5,58.95,263.72,1,1
188.33,0.0,10.0,178.33,0,1
232.87,0.0,54.54,178.33,0,1
395.16,1.0,53.62,341.54,2,1
308.69,0.5,52.54,256.15,1,1
196.33,0.0,18.0,178.33,0,1
373.01,0.5,94.16,278.85,1,1
240.17,0.0,61.84,178.33,0,1
272.5,0.0,94.16,178.33,0,1
440.72,1.0,84.05,356.67,2,1
423.01,1.0,51.22,371.79,2,1
177.31,0.0,14.11,163.21,0,1
330.33,0.5,43.92,286.41,1,1
202.33,0.0,24.0,178.33,0,1
388.0,1.0,54.03,333.97,2,1
194.33,0.0,16.0,178.33,0,1
204.85,0.0,26.51,178.33,0,1
391.48,1.0,34.81,356.67,2,1
635.02,2.0,145.41,489.62,4,1
307.93,0.5,44.22,263.72,1,1
253.68,0.0,75.35,178.33,0,1
187.04,0.0,8.7,178.33,0,1
408.32,1.0,59.22,349.1,2,1
418.5,1.0,61.84,356.67,2,1
200.44,0.0,22.11,178.33,0,1
396.59,1.0,39.92,356.67,2,1
198.33,0.0,20.0,178.33,0,1
203.33,0.0,25.0,178.33,0,1
458.67,1.0,109.57,349.1,2,1
284.0,0.5,35.41,248.59,1,1
400.01,1.0,81.16,318.85,2,1
342.84,0.5,56.43,286.41,1,1
221.46,0.0,28.0,193.46,0,1
306.34,0.5,42.62,263.72,1,1
193.33,0.0,15.0,178.33,0,1
228.95,0.0,50.62,178.33,0,1
487.84,1.5,60.92,426.92,3,1
213.9,0.0,28.0,185.9,0,1
336.68,0.5,57.84,278.85,1,1
450.32,1.0,108.78,341.54,2,1
207.14,0.0,28.81,178.33,0,1
252.44,0.0,66.54,185.9,0,1
196.44,0.0,18.11,178.33,0,1
233.31,0.0,62.54,170.77,0,1
403.34,1.0,107.19,296.15,2,1
175.21,0.0,12.0,163.21,0,1
201.33,0.0,23.0,178.33,0,1
249.46,0.5,16.0,233.46,1,1
567.5,2.0,70.32,497.18,4,1
199.09,0.0,28.32,170.77,0,1
214.01,0.0,28.11,185.9,0,1
554.66,1.5,135.3,419.36,3,1
426.31,0.5,155.03,271.28,1,1
441.67,1.0,92.57,349.1,2,1
207.9,0.0,22.0,185.9,0,1
295.42,0.5,31.7,263.72,1,1
497.8,1.5,93.57,404.23,3,1
264.38,0.5,30.92,233.46,1,1
316.85,0.5,53.14,263.72,1,1
406.78,1.0,65.24,341.54,2,1
319.28,0.5,48.0,271.28,1,1
266.81,0.0,73.35,193.46,0,1
440.47,1.0,76.24,364.23,2,1
194.33,0.0,16.0,178.33,0,1
211.41,0.0,25.51,185.9,0,1
370.06,1.0,51.22,318.85,2,1
299.53,0.5,35.81,263.72,1,1
269.65,0.0,83.76,185.9,0,1
175.21,0.0,12.0,163.21,0,1
206.33,0.0,28.0,178.33,0,1
225.06,0.0,46.73,178.33,0,1
480.68,1.5,61.32,419.36,3,1
335.63,0.5,49.22,286.41,1,1
183.21,0.0,20.0,163.21,0,1
279.43,0.5,38.41,241.03,1,1
312.69,0.5,56.54,256.15,1,1
225.47,0.0,47.14,178.33,0,1
377.96,0.5,106.68,271.28,1,1
529.83,1.5,125.59,404.23,3,1
318.85,0.5,40.0,278.85,1,1
305.07,0.5,48.92,256.15,1,1
328.47,0.5,49.62,278.85,1,1
507.14,1.0,127.78,379.36,2,1
225.46,0.0,32.0,193.46,0,1
372.35,1.0,30.81,341.54,2,1
186.33,0.0,8.0,178.33,0,1
224.92,0.0,39.03,185.9,0,1
486.09,1.5,66.73,419.36,3,1
209.9,0.0,24.0,185.9,0,1
511.61,1.5,107.38,404.23,3,1
518.09,1.5,91.16,426.92,3,1
235.03,0.0,34.0,201.03,0,1
221.79,0.0,28.32,193.46,0,1
493.39,1.5,89.16,404.23,3,1
292.07,0.5,35.92,256.15,1,1
223.06,0.0,44.73,178.33,0,1
333.68,0.5,54.84,278.85,1,1
262.06,0.0,76.16,185.9,0,1
344.79,0.5,65.95,278.85,1,1
267.14,0.0,81.24,185.9,0,1
350.58,0.5,86.86,263.72,1,1
216.71,0.0,30.81,185.9,0,1
177.21,0.0,14.0,163.21,0,1
277.26,0.5,21.11,256.15,1,1
421.05,1.5,39.51,381.54,3,1
280.1,0.5,31.51,248.59,1,1
337.44,0.5,51.03,286.41,1,1
202.33,0.0,24.0,178.33,0,1
216.55,0.0,38.22,178.33,0,1
169.21,0.0,6.0,163.21,0,1
333.33,0.5,46.92,286.41,1,1
177.31,0.0,14.11,163.21,0,1
171.91,0.0,8.7,163.21,0,1
294.23,0.5,30.51,263.72,1,1
443.99,1.0,79.76,364.23,2,1
318.11,0.5,31.7,286.41,1,1
360.2,0.5,81.35,278.85,1,1
386.17,0.5,114.89,271.28,1,1
242.19,0.0,48.73,193.46,0,1
464.91,1.0,100.68,364.23,2,1
236.03,0.0,35.0,201.03,0,1
275.86,0.5,19.7,256.15,1,1
270.15,0.5,14.0,256.15,1,1
254.7,0.0,61.24,193.46,0,1
315.82,0.5,29.41,286.41,1,1
487.54,1.5,60.62,426.92,3,1
226.54,0.0,25.51,201.03,0,1
186.33,0.0,8.0,178.33,0,1
425.08,1.0,83.54,341.54,2,1
200.39,0.0,29.62,170.77,0,1
522.88,1.5,111.08,411.79,3,1
199.46,0.0,6.0,193.46,0,1
400.46,1.0,58.92,341.54,2,1
387.16,1.0,45.62,341.54,2,1
405.45,1.0,41.22,364.23,2,1
382.51,1.0,33.41,349.1,2,1
437.32,1.0,80.65,356.67,2,1
359.83,0.5,103.68,256.15,1,1
314.15,0.5,50.43,263.72,1,1
234.12,0.0,63.35,170.77,0,1
341.45,0.5,92.86,248.59,1,1
349.06,1.0,30.22,318.85,2,1
193.69,0.0,22.92,170.77,0,1
324.36,0.5,45.51,278.85,1,1
228.92,0.0,43.03,185.9,0,1
177.21,0.0,14.0,163.21,0,1
358.94,1.0,17.41,341.54,2,1
186.33,0.0,8.0,178.33,0,1
292.18,0.5,36.03,256.15,1,1
421.16,1.0,72.05,349.1,2,1
315.99,0.5,59.84,256.15,1,1
428.8,1.0,72.14,356.67,2,1
205.74,0.0,27.41,178.33,0,1
382.02,1.0,32.92,349.1,2,1
262.06,0.0,76.16,185.9,0,1
291.83,0.5,28.11,263.72,1,1
499.69,1.0,127.89,371.79,2,1
223.31,0.0,52.54,170.77,0,1
377.75,1.0,36.22,341.54,2,1
237.03,0.0,51.14,185.9,0,1
239.47,0.0,61.14,178.33,0,1
368.36,0.5,81.95,286.41,1,1
325.56,0.5,61.84,263.72,1,1
320.28,0.5,41.43,278.85,1,1
441.14,1.0,122.3,318.85,2,1
211.9,0.0,26.0,185.9,0,1
177.31,0.0,14.11,163.21,0,1
433.96,1.0,69.73,364.23,2,1
269.57,0.0,83.68,185.9,0,1
314.45,0.5,50.73,263.72,1,1
200.55,0.0,22.22,178.33,0,1
550.08,2.0,68.03,482.05,4,1
207.9,0.0,22.0,185.9,0,1
406.08,1.0,64.54,341.54,2,1
274.15,0.5,18.0,256.15,1,1
193.04,0.0,14.7,178.33,0,1
218.01,0.0,32.11,185.9,0,1
202.33,0.0,24.0,178.33,0,1
232.12,0.0,61.35,170.77,0,1
426.05,1.0,76.95,349.1,2,1
335.07,0.5,71.35,263.72,1,1
435.21,1.5,46.11,389.1,3,1
210.04,0.0,46.84,163.21,0,1
296.93,0.5,33.22,263.72,1,1
175.21,0.0,12.0,163.21,0,1
544.79,1.5,133.0,411.79,3,1
473.18,1.5,68.95,404.23,3,1
223.27,0.0,29.81,193.46,0,1
203.55,0.0,25.22,178.33,0,1
227.46,0.0,34.0,193.46,0,1
188.77,0.0,18.0,170.77,0,1
169.21,0.0,6.0,163.21,0,1
384.28,0.5,97.86,286.41,1,1
311.1,0.5,54.95,256.15,1,1
171.21,0.0,8.0,163.21,0,1
219.9,0.0,34.0,185.9,0,1
201.8,0.0,31.03,170.77,0,1
214.33,0.0,36.0,178.33,0,1
380.28,0.5,93.86,286.41,1,1
230.11,0.0,44.22,185.9,0,1
304.72,0.5,41.0,263.72,1,1
205.9,0.0,20.0,185.9,0,1
728.97,3.0,113.97,615.0,6,1
199.46,0.0,6.0,193.46,0,1
216.77,0.0,38.43,178.33,0,1
318.1,0.5,61.95,256.15,1,1
229.72,0.0,58.95,170.77,0,1
423.8,1.0,67.14,356.67,2,1
337.68,0.5,43.7,293.97,1,1
259.95,0.0,74.05,185.9,0,1
217.3,0.0,31.41,185.9,0,1
169.21,0.0,6.0,163.21,0,1
209.25,0.0,30.92,178.33,0,1
541.29,2.0,44.11,497.18,4,1
535.25,1.5,115.89,419.36,3,1
205.46,0.0,12.0,193.46,0,1
233.74,0.0,47.84,185.9,0,1
493.69,1.5,89.46,404.23,3,1
215.27,0.0,21.81,193.46,0,1
230.77,0.0,52.43,178.33,0,1
383.06,1.0,64.22,318.85,2,1
574.35,2.0,99.86,474.49,4,1
426.72,1.0,70.05,356.67,2,1
205.3,0.0,19.41,185.9,0,1
204.33,0.0,26.0,178.33,0,1
329.98,0.5,51.14,278.85,1,1
215.11,0.0,29.22,185.9,0,1
535.04,1.5,130.81,404.23,3,1
330.45,0.5,66.73,263.72,1,1
291.83,0.5,28.11,263.72,1,1
228.27,0.0,34.81,193.46,0,1
200.33,0.0,22.0,178.33,0,1
372.46,1.0,30.92,341.54,2,1
386.14,1.0,59.73,326.41,2,1
473.29,1.0,124.19,349.1,2,1
199.9,0.0,14.0,185.9,0,1
240.28,0.0,61.95,178.33,0,1
334.68,0.5,55.84,278.85,1,1
221.46,0.0,28.0,193.46,0,1
320.47,0.5,41.62,278.85,1,1
612.87,2.0,85.43,527.44,4,1
214.82,0.0,28.92,185.9,0,1
456.91,1.0,92.68,364.23,2,1
335.72,0.5,79.57,256.15,1,1
519.25,2.0,52.32,466.92,4,1
209.57,0.0,16.11,193.46,0,1
343.68,0.5,64.84,278.85,1,1
187.04,0.0,8.7,178.33,0,1
354.98,0.5,76.14,278.85,1,1
462.96,1.5,58.73,404.23,3,1
261.25,0.0,75.35,185.9,0,1
243.3,0.0,49.84,193.46,0,1
205.9,0.0,20.0,185.9,0,1
203.85,0.0,25.51,178.33,0,1
200.55,0.0,22.22,178.33,0,1
215.3,0.0,29.41,185.9,0,1
200.14,0.0,21.81,178.33,0,1
232.22,0.0,46.32,185.9,0,1
227.63,0.0,41.73,185.9,0,1
203.9,0.0,18.0,185.9,0,1
220.01,0.0,34.11,185.9,0,1
175.21,0.0,12.0,163.21,0,1
488.66,1.5,84.43,404.23,3,1
332.44,0.5,46.03,286.41,1,1
211.46,0.0,18.0,193.46,0,1
328.56,0.5,64.84,263.72,1,1
204.33,0.0,26.0,178.33,0,1
255.79,0.0,77.46,178.33,0,1
325.87,0.5,47.03,278.85,1,1
198.58,0.0,27.81,170.77,0,1
762.19,3.0,147.19,615.0,6,1
640.65,2.0,105.65,535.0,4,1
420.26,1.0,108.97,311.28,2,1
204.87,0.0,11.41,193.46,0,1
336.91,0.5,80.76,256.15,1,1
262.57,0.0,61.54,201.03,0,1
194.33,0.0,16.0,178.33,0,1
214.11,0.0,28.22,185.9,0,1
376.28,0.5,89.86,286.41,1,1
609.17,2.0,81.73,527.44,4,1
330.33,0.5,43.92,286.41,1,1
545.32,1.5,103.27,442.05,3,1
201.3,0.0,15.41,185.9,0,1
199.04,0.0,20.7,178.33,0,1
475.34,1.5,63.54,411.79,3,1
446.28,1.0,66.92,379.36,2,1
322.8,0.5,66.65,256.15,1,1
355.58,0.5,76.73,278.85,1,1
297.46,0.5,56.43,241.03,1,1
182.21,0.0,19.0,163.21,0,1
328.92,0.5,42.51,286.41,1,1
409.74,1.0,45.51,364.23,2,1
483.93,1.5,72.14,411.79,3,1
245.84,0.0,59.95,185.9,0,1
455.89,1.0,106.78,349.1,2,1
486.18,1.5,81.95,404.23,3,1
211.46,0.0,18.0,193.46,0,1
192.33,0.0,14.0,178.33,0,1
202.33,0.0,24.0,178.33,0,1
642.31,2.0,130.0,512.31,4,1
221.52,0.0,35.62,185.9,0,1
240.48,0.0,77.27,163.21,0,1
278.56,0.5,22.41,256.15,1,1
242.89,0.0,49.43,193.46,0,1
213.16,0.0,19.7,193.46,0,1
332.03,0.5,45.62,286.41,1,1
180.02,0.0,16.81,163.21,0,1
199.04,0.0,20.7,178.33,0,1
204.33,0.0,26.0,178.33,0,1
214.22,0.0,28.32,185.9,0,1
261.39,0.0,98.19,163.21,0,1
210.55,0.0,32.22,178.33,0,1
206.33,0.0,28.0,178.33,0,1
198.77,0.0,28.0,170.77,0,1
198.77,0.0,28.0,170.77,0,1
188.77,0.0,18.0,170.77,0,1
448.23,1.5,44.0,404.23,3,1
294.54,0.5,53.51,241.03,1,1
407.48,1.0,65.95,341.54,2,1
501.55,1.5,89.76,411.79,3,1
297.23,0.5,33.51,263.72,1,1
228.79,0.0,35.32,193.46,0,1
344.42,0.5,88.27,256.15,1,1
429.24,1.0,95.27,333.97,2,1
393.64,1.0,29.41,364.23,2,1
408.48,1.0,66.95,341.54,2,1
195.14,0.0,16.81,178.33,0,1
287.42,0.5,23.7,263.72,1,1
362.76,0.5,76.35,286.41,1,1
242.82,0.0,72.05,170.77,0,1
240.49,0.0,47.03,193.46,0,1
194.33,0.0,16.0,178.33,0,1
179.21,0.0,16.0,163.21,0,1
205.44,0.0,27.11,178.33,0,1
245.74,0.0,59.84,185.9,0,1
213.46,0.0,20.0,193.46,0,1
199.04,0.0,20.7,178.33,0,1
173.21,0.0,10.0,163.21,0,1
208.33,0.0,30.0,178.33,0,1
326.41,0.5,40.0,286.41,1,1
181.21,0.0,18.0,163.21,0,1
271.73,0.5,30.7,241.03,1,1
466.92,1.0,140.51,326.41,2,1
280.76,0.5,39.73,241.03,1,1
414.19,1.0,72.65,341.54,2,1
432.11,1.0,90.57,341.54,2,1
476.26,1.5,72.03,404.23,3,1
341.14,0.5,54.73,286.41,1,1
201.14,0.0,22.81,178.33,0,1
234.19,0.0,40.73,193.46,0,1
314.54,0.5,65.95,248.59,1,1
441.82,0.5,170.54,271.28,1,1
395.43,1.0,46.32,349.1,2,1
281.37,0.5,25.22,256.15,1,1
426.02,1.0,69.35,356.67,2,1
419.48,1.0,77.95,341.54,2,1
420.03,1.0,86.05,333.97,2,1
213.46,0.0,20.0,193.46,0,1
224.57,0.0,31.11,193.46,0,1
355.95,0.5,69.54,286.41,1,1
226.98,0.0,33.51,193.46,0,1
379.44,1.0,53.03,326.41,2,1
377.75,1.0,36.22,341.54,2,1
403.06,1.0,76.65,326.41,2,1
199.46,0.0,6.0,193.46,0,1
171.21,0.0,8.0,163.21,0,1
241.79,0.0,48.32,193.46,0,1
337.77,0.5,74.05,263.72,1,1
242.33,0.0,56.43,185.9,0,1
249.14,0.0,63.24,185.9,0,1
200.33,0.0,22.0,178.33,0,1
387.86,1.0,46.32,341.54,2,1
407.48,1.0,65.95,341.54,2,1
226.77,0.0,48.43,178.33,0,1
195.14,0.0,16.81,178.33,0,1
222.11,0.0,36.22,185.9,0,1
435.24,1.0,101.27,333.97,2,1
210.25,0.0,31.92,178.33,0,1
226.06,0.0,47.73,178.33,0,1
507.2,1.5,102.97,404.23,3,1
200.9,0.0,15.0,185.9,0,1
342.82,0.5,71.54,271.28,1,1
219.46,0.0,26.0,193.46,0,1
248.55,0.0,62.65,185.9,0,1
171.21,0.0,8.0,163.21,0,1
258.84,0.0,72.95,185.9,0,1
336.11,0.5,49.7,286.41,1,1
536.28,1.5,124.49,411.79,3,1
330.11,0.5,43.7,286.41,1,1
208.33,0.0,30.0,178.33,0,1
270.87,0.0,84.97,185.9,0,1
217.2,0.0,46.43,170.77,0,1
331.63,0.5,45.22,286.41,1,1
401.69,1.0,45.03,356.67,2,1
316.17,0.5,37.32,278.85,1,1
577.23,2.0,64.92,512.31,4,1
197.9,0.0,12.0,185.9,0,1
708.37,2.5,163.62,544.74,5,1
332.73,0.5,46.32,286.41,1,1
215.9,0.0,30.0,185.9,0,1
219.9,0.0,34.0,185.9,0,1
204.33,0.0,26.0,178.33,0,1
382.98,0.5,96.57,286.41,1,1
212.87,0.0,19.41,193.46,0,1
484.58,1.5,80.35,404.23,3,1
185.58,0.0,14.81,170.77,0,1
397.21,1.0,48.11,349.1,2,1
221.46,0.0,28.0,193.46,0,1
226.82,0.0,40.92,185.9,0,1
205.74,0.0,27.41,178.33,0,1
239.53,0.0,68.76,170.77,0,1
178.91,0.0,15.7,163.21,0,1
350.55,0.5,64.14,286.41,1,1
181.21,0.0,18.0,163.21,0,1
204.33,0.0,26.0,178.33,0,1
443.61,1.0,86.95,356.67,2,1
192.77,0.0,22.0,170.77,0,1
315.27,0.5,74.24,241.03,1,1
505.74,1.5,93.95,411.79,3,1
409.59,1.0,68.05,341.54,2,1
243.44,0.0,57.54,185.9,0,1
171.21,0.0,8.0,163.21,0,1
427.42,1.0,70.76,356.67,2,1
339.45,0.5,90.86,248.59,1,1
184.77,0.0,14.0,170.77,0,1
191.21,0.0,28.0,163.21,0,1
315.4,0.5,59.24,256.15,1,1
421.05,1.0,71.95,349.1,2,1
432.45,1.0,83.35,349.1,2,1
203.25,0.0,24.92,178.33,0,1
268.76,0.0,82.86,185.9,0,1
319.93,0.5,56.22,263.72,1,1
443.74,1.5,39.51,404.23,3,1
247.44,0.0,61.54,185.9,0,1
347.39,1.0,36.11,311.28,2,1
269.03,0.5,28.0,241.03,1,1
377.54,1.0,36.0,341.54,2,1
518.22,1.5,98.86,419.36,3,1
324.04,0.5,60.32,263.72,1,1
264.6,0.0,86.27,178.33,0,1
211.9,0.0,26.0,185.9,0,1
207.9,0.0,22.0,185.9,0,1
177.21,0.0,14.0,163.21,0,1
200.33,0.0,22.0,178.33,0,1
291.38,0.0,105.49,185.9,0,1
228.92,0.0,43.03,185.9,0,1
307.13,0.5,58.54,248.59,1,1
193.04,0.0,14.7,178.33,0,1
230.27,0.0,36.81,193.46,0,1
388.46,1.0,46.92,341.54,2,1
186.33,0.0,8.0,178.33,0,1
291.07,0.5,34.92,256.15,1,1
397.0,1.0,63.03,333.97,2,1
320.15,0.5,56.43,263.72,1,1
386.37,1.0,29.7,356.67,2,1
465.55,1.0,93.76,371.79,2,1
204.44,0.0,26.11,178.33,0,1
240.58,0.0,62.24,178.33,0,1
342.66,0.5,78.95,263.72,1,1
321.45,0.5,57.73,263.72,1,1
207.8,0.0,37.03,170.77,0,1
249.84,0.0,63.95,185.9,0,1
179.21,0.0,16.0,163.21,0,1
202.33,0.0,24.0,178.33,0,1
185.21,0.0,22.0,163.21,0,1
349.68,0.5,70.84,278.85,1,1
301.59,0.5,45.43,256.15,1,1
171.21,0.0,8.0,163.21,0,1
248.17,0.0,69.84,178.33,0,1
349.09,0.5,70.24,278.85,1,1
408.46,1.0,82.05,326.41,2,1
227.63,0.0,41.73,185.9,0,1
232.98,0.0,39.51,193.46,0,1
171.21,0.0,8.0,163.21,0,1
377.05,1.0,35.51,341.54,2,1
594.15,2.0,81.84,512.31,4,1
453.85,1.5,49.62,404.23,3,1
238.76,0.0,37.73,201.03,0,1
653.82,2.5,93.95,559.87,5,1
361.17,0.5,74.76,286.41,1,1
205.3,0.0,19.41,185.9,0,1
212.01,0.0,26.11,185.9,0,1
410.69,1.0,54.03,356.67,2,1
200.93,0.0,37.73,163.21,0,1
198.33,0.0,20.0,178.33,0,1
378.56,0.5,122.41,256.15,1,1
324.1,0.5,67.95,256.15,1,1
306.04,0.5,42.32,263.72,1,1
266.22,0.0,72.76,193.46,0,1
346.09,0.5,67.24,278.85,1,1
288.37,0.5,32.22,256.15,1,1
223.36,0.0,45.03,178.33,0,1
286.15,0.5,30.0,256.15,1,1
220.82,0.0,34.92,185.9,0,1
316.41,0.5,30.0,286.41,1,1
457.05,1.0,100.38,356.67,2,1
215.85,0.0,37.51,178.33,0,1
176.21,0.0,13.0,163.21,0,1
464.64,1.5,75.54,389.1,3,1
201.69,0.0,30.92,170.77,0,1
219.98,0.0,26.51,193.46,0,1
383.16,1.0,41.62,341.54,2,1
282.1,0.5,33.51,248.59,1,1
401.97,1.0,60.43,341.54,2,1
196.39,0.0,25.62,170.77,0,1
199.74,0.0,21.41,178.33,0,1
275.86,0.5,19.7,256.15,1,1
221.41,0.0,35.51,185.9,0,1
471.06,1.5,51.7,419.36,3,1
388.57,1.0,47.03,341.54,2,1
198.33,0.0,20.0,178.33,0,1
305.99,0.5,49.84,256.15,1,1
483.99,1.5,79.76,404.23,3,1
435.64,1.0,86.54,349.1,2,1
203.3,0.0,17.41,185.9,0,1
547.11,1.5,120.19,426.92,3,1
320.4,0.5,64.24,256.15,1,1
194.33,0.0,16.0,178.33,0,1
235.74,0.0,49.84,185.9,0,1
296.18,0.5,40.03,256.15,1,1
500.67,1.5,111.57,389.1,3,1
462.66,1.5,58.43,404.23,3,1
368.22,0.5,74.24,293.97,1,1
199.14,0.0,20.81,178.33,0,1
199.74,0.0,21.41,178.33,0,1
613.89,1.5,171.84,442.05,3,1
510.77,1.5,98.97,411.79,3,1
186.33,0.0,8.0,178.33,0,1
179.21,0.0,16.0,163.21,0,1
179.21,0.0,16.0,163.21,0,1
192.77,0.0,22.0,170.77,0,1
429.79,1.0,103.38,326.41,2,1
418.33,1.0,84.35,333.97,2,1
288.37,0.5,32.22,256.15,1,1
211.95,0.0,33.62,178.33,0,1
391.27,1.0,49.73,341.54,2,1
186.33,0.0,8.0,178.33,0,1
348.89,0.5,54.92,293.97,1,1
356.53,0.5,100.38,256.15,1,1
272.06,0.0,86.16,185.9,0,1
200.33,0.0,22.0,178.33,0,1
345.02,0.5,88.86,256.15,1,1
373.01,0.5,94.16,278.85,1,1
346.95,1.0,28.11,318.85,2,1
374.46,1.0,32.92,341.54,2,1
448.23,1.0,91.57,356.67,2,1
203.85,0.0,25.51,178.33,0,1
623.4,2.0,133.78,489.62,4,1
232.77,0.0,54.43,178.33,0,1
327.85,0.5,64.14,263.72,1,1
208.33,0.0,30.0,178.33,0,1
240.49,0.0,47.03,193.46,0,1
350.32,0.5,94.16,256.15,1,1
182.77,0.0,12.0,170.77,0,1
371.65,1.0,30.11,341.54,2,1
354.04,0.5,82.76,271.28,1,1
188.88,0.0,18.11,170.77,0,1
188.88,0.0,18.11,170.77,0,1
217.9,0.0,32.0,185.9,0,1
432.45,1.0,83.35,349.1,2,1
360.31,0.5,81.46,278.85,1,1
508.17,1.5,81.24,426.92,3,1
343.49,0.5,64.65,278.85,1,1
199.3,0.0,13.41,185.9,0,1
285.12,0.5,21.41,263.72,1,1
365.26,0.5,93.97,271.28,1,1
214.9,0.0,29.0,185.9,0,1
280.1,0.5,31.51,248.59,1,1
358.65,0.5,72.24,286.41,1,1
331.66,0.5,67.95,263.72,1,1
222.11,0.0,36.22,185.9,0,1
241.58,0.0,63.24,178.33,0,1
169.21,0.0,6.0,163.21,0,1
174.61,0.0,11.41,163.21,0,1
371.71,1.0,60.43,311.28,2,1
332.58,0.5,53.73,278.85,1,1
179.21,0.0,16.0,163.21,0,1
180.02,0.0,16.81,163.21,0,1
645.25,2.0,125.38,519.87,4,1
243.84,0.0,57.95,185.9,0,1
341.39,0.5,62.54,278.85,1,1
306.95,0.5,28.11,278.85,1,1
182.88,0.0,12.11,170.77,0,1
432.82,1.0,61.03,371.79,2,1
186.33,0.0,8.0,178.33,0,1
217.9,0.0,47.14,170.77,0,1
328.1,0.5,71.95,256.15,1,1
313.38,0.5,72.35,241.03,1,1
330.02,0.5,73.86,256.15,1,1
171.21,0.0,8.0,163.21,0,1
181.21,0.0,18.0,163.21,0,1
535.9,1.5,108.97,426.92,3,1
235.08,0.0,41.62,193.46,0,1
205.85,0.0,27.51,178.33,0,1
468.5,1.5,71.84,396.67,3,1
327.73,0.5,41.32,286.41,1,1
220.27,0.0,26.81,193.46,0,1
188.04,0.0,9.7,178.33,0,1
220.55,0.0,42.22,178.33,0,1
295.18,0.5,39.03,256.15,1,1
173.21,0.0,10.0,163.21,0,1
361.99,0.5,98.27,263.72,1,1
411.7,1.0,77.73,333.97,2,1
217.52,0.0,31.62,185.9,0,1
196.33,0.0,18.0,178.33,0,1
290.15,0.5,34.0,256.15,1,1
263.95,0.0,78.05,185.9,0,1
316.69,0.5,60.54,256.15,1,1
297.23,0.5,33.51,263.72,1,1
200.28,0.0,29.51,170.77,0,1
221.82,0.0,35.92,185.9,0,1
395.27,1.0,53.73,341.54,2,1
206.33,0.0,28.0,178.33,0,1
189.72,0.0,26.51,163.21,0,1
258.2,0.0,79.86,178.33,0,1
