"Total_Cost","Ratio_Reloc_Prod","Horiz_Cost","Vert_Cost","nReloc","non_Optimal"
259091.25,0.7753,48564.84,210526.4,1163,111
544.48,0.2,62.43,482.05,1,0
775.83,0.8,98.14,677.69,4,0
460.2,0.0,48.41,411.79,0,0
754.85,0.6,117.16,637.69,3,0
900.72,1.2,82.51,818.21,6,0
449.02,0.0,59.92,389.1,0,0
1041.0,1.4,152.54,888.46,7,1
584.3,0.2,124.95,459.36,1,0
528.66,0.0,116.86,411.79,0,0
621.24,0.4,91.62,529.62,2,0
677.82,0.2,173.08,504.74,1,0
1169.71,1.6,195.86,973.85,8,0
791.63,0.6,146.38,645.26,3,0
744.97,0.6,129.97,615.0,3,0
737.12,0.4,184.81,552.31,2,0
641.57,0.4,81.7,559.87,2,0
456.67,0.0,60.0,396.67,0,0
676.78,0.4,147.16,529.62,2,0
996.62,1.2,148.16,848.46,6,0
999.0,1.0,251.05,747.95,5,0
1057.8,1.0,287.16,770.64,5,0
832.65,0.8,132.27,700.38,4,1
1048.1,1.2,184.51,863.59,6,0
913.06,1.0,172.68,740.38,5,0
498.34,0.0,101.68,396.67,0,0
678.51,0.4,95.95,582.56,2,1
788.44,0.6,188.57,599.87,3,1
922.21,1.0,151.57,770.64,5,0
911.37,1.0,133.16,778.21,5,1
484.74,0.0,80.51,404.23,0,0
478.01,0.0,66.22,411.79,0,0
669.96,0.4,132.78,537.18,2,0
501.44,0.0,74.51,426.92,0,0
953.88,1.0,175.68,778.21,5,0
474.87,0.0,55.51,419.36,0,0
1240.69,1.6,213.89,1026.79,8,1
1408.78,1.8,364.68,1044.1,9,0
994.21,1.2,123.05,871.15,6,0
1131.94,1.4,220.78,911.15,7,0
1025.86,1.2,162.27,863.59,6,1
516.43,0.0,81.95,434.49,0,0
922.36,1.0,121.46,800.9,5,0
652.9,0.4,93.03,559.87,2,1
491.97,0.0,49.92,442.05,0,0
745.44,0.6,92.62,652.82,3,1
904.3,1.0,103.41,800.9,5,0
1486.73,2.2,203.78,1282.95,11,0
504.49,0.0,85.14,419.36,0,0
498.09,0.0,78.73,419.36,0,0
887.42,0.8,194.59,692.82,4,1
1072.46,1.2,216.43,856.03,6,0
872.55,0.8,172.16,700.38,4,0
985.32,1.0,154.16,831.15,5,0
779.82,0.6,134.57,645.26,3,0
1087.23,1.4,160.95,926.28,7,0
665.66,0.4,113.35,552.31,2,1
1061.56,1.2,190.41,871.15,6,0
707.98,0.4,155.68,552.31,2,0
875.94,0.6,238.24,637.69,3,1
545.7,0.2,71.22,474.49,1,0
852.37,0.8,114.16,738.21,4,1
527.17,0.0,100.24,426.92,0,0
850.74,0.8,165.49,685.26,4,0
718.87,0.4,159.0,559.87,2,1
1200.66,1.6,166.3,1034.36,8,1
823.51,0.8,108.0,715.51,4,0
985.67,1.2,129.65,856.03,6,0
851.71,0.8,143.76,707.95,4,1
1399.8,2.0,255.19,1144.62,10,0
663.33,0.4,111.03,552.31,2,0
911.62,0.8,203.68,707.95,4,1
789.83,0.6,159.7,630.13,3,1
862.56,0.8,139.49,723.08,4,0
1208.53,1.6,189.3,1019.23,8,1
729.61,0.4,192.43,537.18,2,0
986.02,1.0,207.81,778.21,5,0
1095.15,1.4,168.86,926.28,7,1
665.99,0.4,121.24,544.74,2,1
734.64,0.6,44.0,690.64,3,1
751.23,0.4,198.92,552.31,2,1
871.48,0.8,133.27,738.21,4,1
777.25,0.6,116.86,660.38,3,1
737.04,0.4,184.73,552.31,2,1
1222.3,1.6,180.38,1041.92,8,0
763.33,0.6,163.46,599.87,3,0
1222.88,1.6,196.08,1026.79,8,0
482.05,0.0,40.0,442.05,0,0
667.68,0.4,100.24,567.44,2,1
939.31,1.0,145.97,793.33,5,1
692.64,0.6,62.51,630.13,3,0
582.33,0.2,107.84,474.49,1,0
663.54,0.4,88.54,575.0,2,1
942.61,1.0,111.46,831.15,5,1
571.26,0.2,81.65,489.62,1,0
1382.65,2.0,192.65,1190.0,10,1
632.18,0.4,87.43,544.74,2,0
1136.58,1.4,202.73,933.85,7,0
1003.8,1.0,233.16,770.64,5,0
782.8,0.6,152.68,630.13,3,1
761.16,0.6,93.22,667.95,3,0
834.33,0.8,133.95,700.38,4,1
761.91,0.6,116.65,645.26,3,0
521.68,0.0,94.76,426.92,0,1
850.45,0.6,212.76,637.69,3,0
677.17,0.4,124.86,552.31,2,1
862.11,0.8,154.16,707.95,4,1
839.86,0.8,124.35,715.51,4,1
465.17,0.0,45.81,419.36,0,0
491.69,0.0,95.03,396.67,0,0
964.13,1.0,132.97,831.15,5,0
1596.84,1.2,627.35,969.49,6,1
937.36,1.0,136.46,800.9,5,0
788.02,0.6,157.89,630.13,3,1
1090.09,1.2,203.81,886.28,6,1
1074.68,1.2,233.78,840.9,6,1
1362.78,2.0,172.78,1190.0,10,0
652.66,0.4,100.35,552.31,2,0
942.78,1.0,126.76,816.03,5,0
746.47,0.6,93.65,652.82,3,0
1001.13,1.0,245.62,755.51,5,0
1185.18,1.6,181.08,1004.1,8,1
1329.52,1.8,247.59,1081.92,9,0
1154.55,1.4,220.7,933.85,7,1
764.05,0.6,149.05,615.0,3,1
598.31,0.2,101.14,497.18,1,0
690.5,0.4,145.76,544.74,2,0
1053.85,1.0,321.03,732.82,5,0
1046.32,1.2,175.16,871.15,6,0
1223.09,1.4,281.68,941.41,7,0
671.8,0.4,142.19,529.62,2,1
695.34,0.4,150.59,544.74,2,0
709.7,0.4,180.08,529.62,2,1
791.22,0.6,176.22,615.0,3,1
1654.7,2.0,457.14,1197.56,10,0
1091.99,1.2,220.84,871.15,6,0
755.8,0.6,110.54,645.26,3,1
795.41,0.6,180.41,615.0,3,1
868.52,0.6,208.14,660.38,3,1
1017.36,1.2,115.95,901.41,6,1
671.32,0.4,88.76,582.56,2,0
886.98,1.0,78.51,808.46,5,1
1046.76,1.2,145.35,901.41,6,1
720.14,0.6,120.27,599.87,3,0
862.13,0.6,232.0,630.13,3,1
768.12,0.6,122.86,645.26,3,0
690.7,0.4,161.08,529.62,2,0
947.41,1.0,154.08,793.33,5,1
761.21,0.6,131.08,630.13,3,0
864.24,0.8,148.73,715.51,4,0
1225.09,1.6,243.68,981.41,8,0
816.42,0.8,131.16,685.26,4,0
1155.95,1.4,275.05,880.9,7,0
849.89,0.8,194.89,655.0,4,0
955.66,1.0,169.89,785.77,5,0
825.74,0.8,125.35,700.38,4,0
693.5,0.4,148.76,544.74,2,0
1191.61,1.6,179.95,1011.67,8,0
1010.01,1.0,209.11,800.9,5,1
1131.86,1.2,275.84,856.03,6,1
1444.87,2.0,315.38,1129.49,10,0
1001.23,1.0,223.03,778.21,5,1
741.77,0.6,88.95,652.82,3,0
853.26,0.8,175.57,677.69,4,0
465.45,0.0,61.22,404.23,0,0
893.69,1.0,107.92,785.77,5,1
1053.74,1.2,167.46,886.28,6,1
1194.44,1.6,220.59,973.85,8,0
1382.64,1.8,262.89,1119.74,9,0
921.54,0.8,206.03,715.51,4,0
556.56,0.2,74.51,482.05,1,0
1348.42,1.8,221.11,1127.31,9,1
804.97,0.6,182.41,622.56,3,0
1018.69,1.0,232.92,785.77,5,1
1071.76,1.2,223.3,848.46,6,1
766.98,0.6,99.03,667.95,3,1
806.35,0.6,183.78,622.56,3,1
975.0,1.0,158.97,816.03,5,0
861.76,0.8,146.24,715.51,4,0
672.23,0.4,127.49,544.74,2,0
791.69,0.6,138.86,652.82,3,0
696.96,0.4,144.65,552.31,2,1
748.57,0.4,188.7,559.87,2,1
550.27,0.2,68.22,482.05,1,0
1470.82,2.2,203.0,1267.82,11,0
524.59,0.0,82.54,442.05,0,0
805.31,0.6,152.49,652.82,3,1
906.58,1.0,113.24,793.33,5,0
908.46,0.6,285.89,622.56,3,0
1050.14,1.2,141.16,908.97,6,0
603.04,0.2,105.86,497.18,1,0
892.65,0.8,184.7,707.95,4,0
934.91,0.8,249.65,685.26,4,1
1126.29,1.2,255.14,871.15,6,1
1853.1,1.0,1014.38,838.72,5,1
1052.34,1.2,226.57,825.77,6,0
486.45,0.0,97.35,389.1,0,0
527.39,0.0,123.16,404.23,0,0
669.08,0.4,101.65,567.44,2,1
654.87,0.4,87.43,567.44,2,0
1120.78,1.4,156.68,964.1,7,1
1087.24,1.4,183.65,903.59,7,0
558.05,0.2,76.0,482.05,1,0
986.72,1.2,123.14,863.59,6,0
1156.75,1.4,200.22,956.54,7,1
946.39,1.0,168.19,778.21,5,1
579.81,0.2,97.76,482.05,1,0
611.44,0.4,44.0,567.44,2,0
1059.46,1.2,211.0,848.46,6,0
512.36,0.0,100.57,411.79,0,0
1156.97,1.0,340.95,816.03,5,1
726.41,0.4,166.54,559.87,2,0
755.92,0.6,133.35,622.56,3,0
860.86,0.8,145.35,715.51,4,1
1491.42,2.0,278.73,1212.69,10,0
703.09,0.4,150.78,552.31,2,0
740.75,0.6,110.62,630.13,3,0
487.34,0.0,75.54,411.79,0,0
867.71,0.8,159.76,707.95,4,1
799.05,0.6,168.92,630.13,3,0
1429.04,2.0,208.78,1220.26,10,1
947.78,1.0,192.27,755.51,5,0
1078.48,1.2,207.32,871.15,6,1
1082.17,1.2,248.84,833.33,6,0
1274.74,1.8,200.38,1074.36,9,0
568.81,0.2,94.32,474.49,1,0
1019.97,1.2,163.95,856.03,6,1
817.27,0.6,194.7,622.56,3,0
670.63,0.4,110.76,559.87,2,0
673.69,0.4,128.95,544.74,2,1
851.0,0.8,135.49,715.51,4,1
1043.17,1.0,249.84,793.33,5,1
640.99,0.4,96.24,544.74,2,0
768.09,0.6,115.27,652.82,3,0
878.19,0.8,162.68,715.51,4,0
858.32,0.8,127.68,730.64,4,1
950.0,1.0,133.97,816.03,5,1
910.75,1.0,132.54,778.21,5,0
590.4,0.2,108.35,482.05,1,0
980.82,1.0,187.49,793.33,5,1
710.08,0.4,135.08,575.0,2,1
979.05,1.0,215.97,763.08,5,0
533.7,0.2,59.22,474.49,1,0
990.1,1.0,166.51,823.59,5,0
585.62,0.2,111.14,474.49,1,0
691.04,0.4,153.86,537.18,2,1
677.07,0.4,139.89,537.18,2,1
795.12,0.6,149.86,645.26,3,0
1012.56,1.2,133.84,878.72,6,0
1180.63,1.4,239.22,941.41,7,0
904.08,0.8,181.0,723.08,4,0
1101.87,1.2,268.54,833.33,6,0
877.43,0.8,101.41,776.03,4,1
1642.61,0.8,843.89,798.72,4,1
870.51,0.8,139.86,730.64,4,1
623.18,0.4,78.43,544.74,2,0
834.24,0.8,118.73,715.51,4,0
517.17,0.0,90.24,426.92,0,1
1433.52,2.0,266.22,1167.31,10,0
776.23,0.6,130.97,645.26,3,0
975.11,1.0,159.08,816.03,5,0
1033.49,1.0,225.03,808.46,5,1
660.91,0.4,116.16,544.74,2,1
648.7,0.4,73.7,575.0,2,1
793.25,0.6,132.86,660.38,3,1
829.01,0.6,229.14,599.87,3,0
614.71,0.2,147.78,466.92,1,0
641.67,0.2,152.05,489.62,1,0
482.02,0.0,85.35,396.67,0,0
1001.3,1.0,200.41,800.9,5,1
952.61,1.0,121.46,831.15,5,1
471.18,0.0,74.51,396.67,0,0
822.77,0.8,129.95,692.82,4,0
574.75,0.2,85.14,489.62,1,0
956.1,0.8,293.54,662.56,4,0
1027.05,1.2,163.46,863.59,6,1
732.39,0.6,87.14,645.26,3,0
915.68,1.0,122.35,793.33,5,1
803.66,0.6,211.35,592.31,3,1
703.33,0.4,135.89,567.44,2,1
1259.6,1.4,318.19,941.41,7,0
929.12,1.0,143.35,785.77,5,1
678.82,0.4,118.95,559.87,2,0
705.82,0.4,161.08,544.74,2,1
722.86,0.6,92.73,630.13,3,1
821.49,0.8,113.54,707.95,4,0
1174.81,1.4,225.84,948.97,7,1
673.54,0.4,151.49,522.05,2,0
774.6,0.6,121.78,652.82,3,0
735.69,0.6,90.43,645.26,3,1
791.0,0.8,67.92,723.08,4,0
841.71,0.8,148.89,692.82,4,0
960.07,1.0,181.86,778.21,5,0
1179.39,1.2,353.62,825.77,6,0
720.86,0.4,198.81,522.05,2,0
849.6,0.8,141.65,707.95,4,1
1145.33,1.2,236.35,908.97,6,1
1005.69,1.0,280.43,725.26,5,0
465.05,0.0,75.95,389.1,0,0
1231.95,1.4,230.03,1001.92,7,0
808.52,0.6,216.22,592.31,3,0
