"Total_Cost","Ratio_Reloc_Prod","Horiz_Cost","Vert_Cost","nReloc","non_Optimal"
280429.76,0.7627,67206.67,213223.21,1144,203
627.21,0.4,105.16,522.05,2,1
573.35,0.2,98.86,474.49,1,1
736.02,0.6,113.46,622.56,3,1
714.57,0.4,154.7,559.87,2,1
938.17,1.2,104.84,833.33,6,1
919.89,1.0,164.38,755.51,5,1
607.32,0.4,77.7,529.62,2,0
1067.13,1.4,155.97,911.15,7,1
845.38,0.8,129.86,715.51,4,1
638.14,0.4,123.65,514.49,2,1
858.79,1.0,110.84,747.95,5,1
643.93,0.4,91.62,552.31,2,0
930.75,0.8,200.11,730.64,4,1
697.37,0.6,74.81,622.56,3,0
628.17,0.4,60.73,567.44,2,0
1033.99,1.2,155.27,878.72,6,1
1053.56,1.2,235.35,818.21,6,1
740.62,0.6,118.05,622.56,3,1
1625.04,1.0,778.76,846.28,5,1
667.32,0.4,92.32,575.0,2,0
544.81,0.2,70.32,474.49,1,0
964.4,1.0,201.32,763.08,5,1
641.65,0.4,74.22,567.44,2,0
660.63,0.4,100.76,559.87,2,0
972.23,0.8,226.46,745.77,4,0
1126.48,1.2,262.89,863.59,6,1
823.58,0.8,130.76,692.82,4,1
2303.23,1.8,1183.49,1119.74,9,1
1112.42,1.2,226.14,886.28,6,1
1548.37,1.0,717.22,831.15,5,1
968.54,1.2,112.51,856.03,6,1
640.85,0.4,88.54,552.31,2,0
1273.33,0.8,520.0,753.33,4,1
968.81,0.8,245.73,723.08,4,0
677.16,0.4,102.16,575.0,2,1
1250.52,1.6,208.59,1041.92,8,1
458.71,0.0,46.92,411.79,0,0
893.98,1.0,85.51,808.46,5,1
795.58,0.6,142.76,652.82,3,0
719.77,0.4,182.59,537.18,2,0
832.0,0.8,124.05,707.95,4,1
705.48,0.4,115.35,590.13,2,0
1609.31,1.2,715.46,893.85,6,1
829.83,0.8,106.76,723.08,4,1
554.53,0.2,64.92,489.62,1,0
804.87,0.8,96.92,707.95,4,0
1665.33,1.8,583.41,1081.92,9,1
1572.98,0.8,819.65,753.33,4,1
485.35,0.0,96.24,389.1,0,0
944.6,1.0,151.27,793.33,5,0
738.71,0.6,131.27,607.44,3,0
720.56,0.6,90.43,630.13,3,1
929.25,1.0,128.35,800.9,5,1
458.64,0.0,54.41,404.23,0,0
1891.51,1.2,974.97,916.54,6,1
751.29,0.6,121.16,630.13,3,0
487.68,0.0,68.32,419.36,0,0
883.7,0.8,153.05,730.64,4,1
894.08,0.8,186.14,707.95,4,1
941.57,1.0,140.68,800.9,5,1
601.24,0.4,71.62,529.62,2,0
1154.96,1.6,128.16,1026.79,8,1
1299.5,1.4,327.84,971.67,7,1
945.04,0.8,206.84,738.21,4,1
519.49,0.2,60.14,459.36,1,0
625.72,0.2,120.97,504.74,1,0
722.44,0.4,155.0,567.44,2,1
869.03,0.8,161.08,707.95,4,1
1447.83,1.0,609.11,838.72,5,1
856.19,0.8,193.62,662.56,4,1
804.09,0.8,118.84,685.26,4,1
728.86,0.6,113.86,615.0,3,0
1011.76,1.0,203.3,808.46,5,0
887.04,0.8,141.27,745.77,4,1
1235.92,1.4,279.38,956.54,7,1
963.0,0.6,355.57,607.44,3,1
1961.01,1.2,1021.78,939.23,6,1
816.18,0.6,170.92,645.26,3,1
588.6,0.2,68.73,519.87,1,0
1094.6,1.2,193.19,901.41,6,1
1251.12,1.2,425.35,825.77,6,1
1072.35,1.0,248.76,823.59,5,1
635.05,0.2,153.0,482.05,1,0
2230.51,1.8,1065.38,1165.13,9,1
1308.62,1.4,412.59,896.03,7,1
1601.89,1.0,732.92,868.97,5,1
767.99,0.6,137.86,630.13,3,1
535.29,0.0,146.19,389.1,0,1
938.47,1.0,152.7,785.77,5,1
571.62,0.2,97.14,474.49,1,0
770.43,0.6,94.92,675.51,3,1
881.79,0.8,181.41,700.38,4,1
727.53,0.6,89.84,637.69,3,1
1087.49,1.4,153.65,933.85,7,1
1140.43,1.2,291.97,848.46,6,1
624.4,0.4,87.22,537.18,2,0
494.55,0.0,82.76,411.79,0,0
1152.74,1.4,165.95,986.79,7,1
790.23,0.6,92.03,698.21,3,1
1445.04,0.8,691.7,753.33,4,1
1921.48,1.4,957.38,964.1,7,1
507.11,0.0,72.62,434.49,0,0
1162.35,1.4,205.81,956.54,7,1
456.33,0.0,29.41,426.92,0,0
735.25,0.6,82.43,652.82,3,0
475.9,0.0,64.11,411.79,0,0
758.84,0.6,83.32,675.51,3,1
994.53,1.2,108.24,886.28,6,1
715.03,0.6,115.16,599.87,3,0
767.91,0.6,84.84,683.08,3,0
811.47,0.8,118.65,692.82,4,1
543.08,0.2,61.03,482.05,1,0
1239.8,1.4,260.57,979.23,7,1
854.8,0.8,124.16,730.64,4,1
782.61,0.6,137.35,645.26,3,1
1248.85,0.4,651.16,597.69,2,1
1312.28,1.6,285.49,1026.79,8,1
709.59,0.6,87.03,622.56,3,0
733.98,0.6,66.03,667.95,3,0
787.13,0.6,104.05,683.08,3,1
671.03,0.4,96.03,575.0,2,0
1225.08,1.6,175.59,1049.49,8,1
1519.17,1.0,657.76,861.41,5,1
467.07,0.0,62.84,404.23,0,0
1315.2,1.0,468.92,846.28,5,1
763.73,0.6,88.22,675.51,3,1
701.21,0.4,111.08,590.13,2,1
975.95,1.0,182.62,793.33,5,1
663.5,0.4,118.76,544.74,2,1
853.63,0.6,193.24,660.38,3,1
588.37,0.2,98.76,489.62,1,0
1113.79,1.2,219.95,893.85,6,1
874.35,0.8,98.32,776.03,4,1
1747.32,1.0,923.73,823.59,5,1
772.57,0.6,104.62,667.95,3,0
642.74,0.4,90.43,552.31,2,1
717.6,0.4,165.3,552.31,2,1
761.65,0.6,146.65,615.0,3,1
1099.31,1.4,165.46,933.85,7,1
951.55,1.2,110.65,840.9,6,1
486.77,0.0,82.54,404.23,0,0
552.43,0.2,62.81,489.62,1,0
672.43,0.4,97.43,575.0,2,1
553.54,0.2,86.62,466.92,1,0
1605.6,1.0,744.19,861.41,5,1
693.48,0.4,110.92,582.56,2,1
934.38,1.0,118.35,816.03,5,1
992.77,1.0,207.0,785.77,5,1
530.05,0.0,80.43,449.62,0,0
684.9,0.4,117.46,567.44,2,1
746.58,0.6,93.76,652.82,3,1
655.33,0.4,95.46,559.87,2,0
471.23,0.0,59.43,411.79,0,0
655.63,0.4,95.76,559.87,2,1
801.26,0.6,156.0,645.26,3,0
1123.02,1.4,166.49,956.54,7,1
653.43,0.4,78.43,575.0,2,0
1363.01,1.8,288.65,1074.36,9,1
770.84,0.6,95.32,675.51,3,0
915.68,1.0,122.35,793.33,5,1
484.84,0.0,57.92,426.92,0,0
877.9,1.0,92.14,785.77,5,0
663.86,0.4,73.73,590.13,2,0
1126.34,1.0,340.57,785.77,5,1
1180.43,1.4,216.32,964.1,7,1
826.26,0.6,128.05,698.21,3,1
1173.13,1.4,277.11,896.03,7,1
764.6,0.6,157.16,607.44,3,1
1334.23,1.6,315.0,1019.23,8,1
1218.9,1.6,192.11,1026.79,8,1
844.13,0.6,168.62,675.51,3,0
1134.47,1.2,187.68,946.79,6,1
2044.6,1.8,909.73,1134.87,9,1
802.43,0.6,187.43,615.0,3,1
1056.47,1.0,255.57,800.9,5,1
1260.09,1.8,140.35,1119.74,9,1
699.51,0.4,116.95,582.56,2,0
778.34,0.4,180.65,597.69,2,1
754.0,0.6,86.05,667.95,3,0
1768.25,1.4,766.32,1001.92,7,1
811.12,0.6,158.3,652.82,3,1
1059.48,1.2,135.38,924.1,6,1
695.81,0.4,128.38,567.44,2,1
666.94,0.4,129.76,537.18,2,1
1847.32,1.0,1023.73,823.59,5,1
1518.32,1.2,654.73,863.59,6,1
878.9,0.8,186.08,692.82,4,1
661.75,0.4,71.62,590.13,2,0
687.04,0.4,142.3,544.74,2,1
983.88,1.2,112.73,871.15,6,1
468.17,0.0,48.81,419.36,0,0
1163.05,1.4,153.57,1009.49,7,1
806.06,0.6,145.68,660.38,3,1
1151.76,1.4,142.27,1009.49,7,1
1825.51,1.0,956.54,868.97,5,1
729.37,0.6,106.81,622.56,3,0
829.91,0.6,192.22,637.69,3,1
586.58,0.2,81.84,504.74,1,0
934.02,1.0,163.38,770.64,5,1
780.16,0.6,104.65,675.51,3,0
490.77,0.0,86.54,404.23,0,0
852.95,0.8,152.57,700.38,4,1
736.96,0.6,84.14,652.82,3,0
719.88,0.6,74.62,645.26,3,0
613.73,0.4,99.24,514.49,2,1
1460.86,0.4,878.3,582.56,2,1
652.73,0.4,77.73,575.0,2,0
1013.93,1.2,127.65,886.28,6,1
646.33,0.4,86.46,559.87,2,1
1363.36,1.8,281.43,1081.92,9,1
758.83,0.6,136.27,622.56,3,0
1391.0,2.0,208.57,1182.44,10,1
597.26,0.2,107.65,489.62,1,0
973.07,1.0,187.3,785.77,5,1
1106.73,1.4,150.19,956.54,7,1
1857.5,0.8,1051.22,806.28,4,1
713.44,0.6,60.62,652.82,3,1
495.74,0.0,83.95,411.79,0,0
1490.67,0.6,852.97,637.69,3,1
677.65,0.4,102.65,575.0,2,1
1048.41,1.2,154.57,893.85,6,1
576.91,0.0,127.3,449.62,0,0
927.01,1.0,133.68,793.33,5,1
727.83,0.6,90.14,637.69,3,1
1416.31,1.6,389.51,1026.79,8,1
804.64,0.8,126.95,677.69,4,1
663.88,0.4,119.14,544.74,2,0
469.9,0.0,58.11,411.79,0,0
651.15,0.4,113.97,537.18,2,0
463.98,0.0,44.62,419.36,0,0
1138.29,1.4,174.19,964.1,7,1
600.48,0.2,57.92,542.56,1,0
826.36,0.8,73.03,753.33,4,0
746.61,0.6,101.35,645.26,3,1
1370.96,1.6,351.73,1019.23,8,1
731.92,0.6,109.35,622.56,3,1
1142.31,1.4,216.03,926.28,7,1
1091.05,1.2,235.03,856.03,6,1
762.0,0.6,94.05,667.95,3,1
825.93,0.6,120.16,705.77,3,0
832.77,0.6,134.57,698.21,3,1
894.67,0.8,171.59,723.08,4,1
1567.25,1.0,705.84,861.41,5,1
835.8,0.8,90.03,745.77,4,1
649.36,0.4,97.05,552.31,2,1
894.63,1.0,93.73,800.9,5,1
660.84,0.4,85.84,575.0,2,0
1262.16,1.8,172.68,1089.49,9,1
469.37,0.0,65.14,404.23,0,0
2359.1,1.6,1286.92,1072.18,8,1
730.18,0.6,100.05,630.13,3,0
1444.83,1.8,272.14,1172.69,9,1
1264.97,1.8,175.49,1089.49,9,1
667.47,0.2,147.59,519.87,1,1
1003.68,1.2,162.78,840.9,6,1
944.57,1.0,143.68,800.9,5,1
1338.12,1.8,263.76,1074.36,9,1
1084.7,1.4,128.16,956.54,7,1
865.78,0.8,195.65,670.13,4,1
757.66,0.6,104.84,652.82,3,0
986.98,1.0,186.08,800.9,5,1
547.69,0.2,50.51,497.18,1,0
914.76,1.0,98.73,816.03,5,1
721.39,0.6,76.14,645.26,3,1
519.56,0.2,37.51,482.05,1,0
1378.83,1.4,399.59,979.23,7,1
734.1,0.4,196.92,537.18,2,1
694.4,0.4,104.27,590.13,2,0
1391.15,0.4,785.89,605.26,2,1
981.78,1.0,158.19,823.59,5,1
633.06,0.4,65.62,567.44,2,0
1280.53,0.4,629.89,650.64,2,1
1096.11,1.2,194.7,901.41,6,1
1903.45,1.6,838.84,1064.62,8,1
672.28,0.4,67.03,605.26,2,1
1945.6,1.2,1044.19,901.41,6,1
1601.58,1.2,707.73,893.85,6,1
531.12,0.0,126.89,404.23,0,1
536.84,0.2,69.92,466.92,1,0
510.64,0.0,61.03,449.62,0,0
790.23,0.6,92.03,698.21,3,1
1637.76,1.4,643.41,994.36,7,1
883.6,0.8,130.27,753.33,4,1
577.81,0.2,95.76,482.05,1,0
579.05,0.2,89.43,489.62,1,1
1396.45,1.0,557.73,838.72,5,1
634.66,0.2,122.35,512.31,1,0
1177.96,1.6,151.16,1026.79,8,1
862.18,1.0,91.54,770.64,5,0
796.69,0.8,103.86,692.82,4,1
464.52,0.0,52.73,411.79,0,0
1264.7,1.2,401.11,863.59,6,1
2108.72,1.4,1084.11,1024.62,7,1
976.84,1.0,168.38,808.46,5,1
954.33,1.0,145.86,808.46,5,1
451.88,0.0,55.22,396.67,0,0
1522.91,0.8,792.27,730.64,4,1
458.74,0.0,54.51,404.23,0,0
1052.02,1.2,173.3,878.72,6,1
693.12,0.4,95.43,597.69,2,1
