"Total_Cost","Ratio_Reloc_Prod","Horiz_Cost","Vert_Cost","nReloc","non_Optimal"
257769.34,0.764,48028.89,209740.46,1146,1
495.3,0.0,75.95,419.36,0,0
617.96,0.4,73.22,544.74,2,0
598.31,0.2,93.57,504.74,1,0
611.88,0.4,67.14,544.74,2,0
627.23,0.2,122.49,504.74,1,0
473.85,0.0,69.62,404.23,0,0
716.9,0.6,117.03,599.87,3,0
962.49,1.0,222.11,740.38,5,0
610.47,0.2,151.11,459.36,1,0
835.76,0.6,220.76,615.0,3,0
1196.01,1.4,269.73,926.28,7,0
583.28,0.2,131.49,451.79,1,0
658.33,0.2,130.89,527.44,1,0
964.97,1.2,108.95,856.03,6,0
910.28,1.0,169.89,740.38,5,0
692.88,0.4,140.57,552.31,2,0
564.53,0.2,74.92,489.62,1,0
582.01,0.2,122.65,459.36,1,0
872.3,0.6,264.86,607.44,3,0
619.02,0.2,136.97,482.05,1,0
635.8,0.4,91.05,544.74,2,0
1428.61,2.0,276.43,1152.18,10,0
1234.47,1.6,275.76,958.72,8,0
601.75,0.2,112.14,489.62,1,0
515.8,0.0,111.57,404.23,0,0
902.75,0.8,179.68,723.08,4,0
640.67,0.2,143.49,497.18,1,0
824.96,0.8,132.14,692.82,4,0
689.86,0.4,152.68,537.18,2,0
960.94,0.8,230.3,730.64,4,0
763.73,0.6,141.16,622.56,3,0
801.12,0.6,155.86,645.26,3,0
637.4,0.4,115.35,522.05,2,0
892.66,0.6,239.84,652.82,3,0
538.12,0.0,118.76,419.36,0,0
605.22,0.2,145.86,459.36,1,0
1326.36,1.8,244.43,1081.92,9,0
809.92,0.6,202.49,607.44,3,0
572.76,0.2,105.84,466.92,1,0
751.09,0.6,105.84,645.26,3,0
862.95,0.8,162.57,700.38,4,0
1166.73,1.6,177.76,988.97,8,0
783.68,0.6,183.81,599.87,3,0
647.42,0.4,110.24,537.18,2,0
750.35,0.4,167.78,582.56,2,0
930.17,0.8,237.35,692.82,4,0
809.4,0.6,171.7,637.69,3,0
772.96,0.6,120.14,652.82,3,0
471.1,0.0,82.0,389.1,0,0
600.98,0.2,134.05,466.92,1,0
734.8,0.6,150.05,584.74,3,0
873.65,0.8,165.7,707.95,4,0
944.81,1.0,189.3,755.51,5,0
478.86,0.0,36.81,442.05,0,0
885.44,0.8,139.68,745.77,4,0
1230.61,1.6,211.38,1019.23,8,0
646.97,0.4,117.35,529.62,2,0
618.49,0.2,144.0,474.49,1,0
698.73,0.4,123.73,575.0,2,0
1150.36,1.2,324.59,825.77,6,0
813.32,0.6,198.32,615.0,3,0
453.21,0.0,64.11,389.1,0,0
687.8,0.4,143.05,544.74,2,0
936.44,1.0,135.54,800.9,5,0
917.73,0.8,202.22,715.51,4,0
756.92,0.6,134.35,622.56,3,0
1023.34,1.2,137.05,886.28,6,0
1167.35,1.4,263.76,903.59,7,0
896.73,1.0,133.65,763.08,5,0
482.34,0.0,70.54,411.79,0,1
656.46,0.0,221.97,434.49,0,0
939.01,1.0,145.68,793.33,5,0
858.64,0.8,135.57,723.08,4,0
917.79,0.8,209.84,707.95,4,0
1413.82,2.0,254.08,1159.74,10,0
951.48,1.0,188.41,763.08,5,0
776.81,0.6,169.38,607.44,3,0
1304.01,1.8,184.27,1119.74,9,0
681.79,0.4,114.35,567.44,2,0
1081.32,1.2,217.73,863.59,6,0
854.49,0.8,138.97,715.51,4,0
1261.7,1.4,297.59,964.1,7,0
454.42,0.0,42.62,411.79,0,0
1109.02,1.2,237.86,871.15,6,0
748.33,0.6,87.95,660.38,3,0
704.39,0.4,152.08,552.31,2,0
1404.15,2.0,183.89,1220.26,10,0
656.33,0.4,104.03,552.31,2,0
945.17,1.0,151.84,793.33,5,0
1339.91,1.8,235.3,1104.62,9,0
976.35,1.0,167.89,808.46,5,0
755.0,0.6,132.43,622.56,3,0
571.86,0.2,89.81,482.05,1,0
847.99,0.6,202.73,645.26,3,0
690.86,0.4,153.68,537.18,2,0
951.45,1.0,173.24,778.21,5,0
1043.17,1.2,141.76,901.41,6,0
1097.13,1.2,233.54,863.59,6,0
1036.02,0.8,305.38,730.64,4,0
863.77,0.8,186.08,677.69,4,0
820.61,0.6,182.92,637.69,3,0
780.08,0.6,112.14,667.95,3,0
812.48,0.6,189.92,622.56,3,0
980.77,1.0,195.0,785.77,5,0
498.77,0.0,94.54,404.23,0,0
455.15,0.0,50.92,404.23,0,0
1121.0,1.4,224.97,896.03,7,0
1249.49,1.6,207.57,1041.92,8,0
1338.65,1.8,241.59,1097.05,9,0
1306.57,1.8,156.57,1150.0,9,0
811.64,0.6,181.51,630.13,3,0
747.94,0.6,110.24,637.69,3,0
587.65,0.2,120.73,466.92,1,0
793.0,0.6,178.0,615.0,3,0
788.29,0.6,150.59,637.69,3,0
549.53,0.0,160.43,389.1,0,0
597.37,0.2,107.76,489.62,1,0
936.82,1.0,151.05,785.77,5,0
990.9,1.0,197.57,793.33,5,0
619.79,0.2,168.0,451.79,1,0
994.73,1.0,186.27,808.46,5,0
1025.38,1.2,184.49,840.9,6,0
1103.95,1.2,210.11,893.85,6,0
510.53,0.0,121.43,389.1,0,0
1529.69,2.0,317.0,1212.69,10,0
918.73,0.8,203.22,715.51,4,0
626.07,0.2,136.46,489.62,1,0
1302.01,1.6,275.22,1026.79,8,0
687.03,0.4,127.16,559.87,2,0
637.19,0.2,162.7,474.49,1,0
795.34,0.6,150.08,645.26,3,0
854.29,0.6,231.73,622.56,3,0
803.55,0.6,158.3,645.26,3,0
599.37,0.2,109.76,489.62,1,0
1103.7,1.2,240.11,863.59,6,0
1233.97,1.6,237.43,996.54,8,0
466.12,0.0,54.32,411.79,0,0
606.16,0.2,131.68,474.49,1,0
773.44,0.6,166.0,607.44,3,0
1032.04,1.0,246.27,785.77,5,0
930.36,0.8,237.54,692.82,4,0
856.8,0.8,171.54,685.26,4,0
513.45,0.0,124.35,389.1,0,0
1239.08,1.4,274.97,964.1,7,0
992.91,1.0,229.84,763.08,5,0
471.46,0.0,29.41,442.05,0,0
1144.85,1.4,226.14,918.72,7,0
936.16,1.0,120.14,816.03,5,0
979.86,1.0,156.27,823.59,5,0
742.98,0.4,183.11,559.87,2,0
647.02,0.2,157.41,489.62,1,0
1471.9,2.0,297.03,1174.87,10,0
1032.88,1.0,262.24,770.64,5,0
752.09,0.6,106.84,645.26,3,0
1366.52,1.8,239.22,1127.31,9,0
912.14,0.8,219.32,692.82,4,0
649.95,0.2,183.03,466.92,1,0
1249.9,1.6,215.54,1034.36,8,0
630.26,0.2,133.08,497.18,1,0
875.14,0.8,182.32,692.82,4,0
913.78,0.8,198.27,715.51,4,0
493.01,0.0,81.22,411.79,0,0
655.95,0.4,88.51,567.44,2,0
1568.72,2.2,247.95,1320.77,11,0
849.12,0.8,163.86,685.26,4,0
695.09,0.4,142.78,552.31,2,0
1040.21,1.2,184.19,856.03,6,0
641.93,0.4,89.62,552.31,2,0
1263.82,1.6,229.46,1034.36,8,0
770.11,0.6,109.73,660.38,3,0
1420.49,2.0,245.62,1174.87,10,0
678.31,0.4,133.57,544.74,2,0
1091.14,1.2,257.81,833.33,6,0
954.47,0.8,254.08,700.38,4,0
998.72,1.0,220.51,778.21,5,0
669.39,0.4,124.65,544.74,2,0
482.27,0.0,40.22,442.05,0,0
634.71,0.2,167.78,466.92,1,0
1167.78,1.4,203.68,964.1,7,0
495.1,0.0,98.43,396.67,0,0
989.6,1.0,188.7,800.9,5,0
941.39,1.0,148.05,793.33,5,0
811.13,0.6,181.0,630.13,3,0
727.09,0.6,81.84,645.26,3,0
926.86,1.0,110.84,816.03,5,0
852.87,0.8,152.49,700.38,4,0
1279.65,1.6,298.24,981.41,8,0
794.95,0.6,134.57,660.38,3,0
1207.16,1.6,157.68,1049.49,8,0
1098.88,1.4,180.16,918.72,7,0
1242.53,1.6,162.78,1079.74,8,0
995.84,1.0,240.32,755.51,5,0
1235.56,1.4,263.89,971.67,7,0
887.08,0.8,171.57,715.51,4,0
942.04,1.0,156.27,785.77,5,0
1235.75,1.6,224.08,1011.67,8,0
754.47,0.6,101.65,652.82,3,0
871.48,0.8,133.27,738.21,4,0
827.0,0.6,204.43,622.56,3,0
569.08,0.2,87.03,482.05,1,0
589.39,0.2,84.65,504.74,1,0
1353.69,1.6,326.89,1026.79,8,0
1009.33,1.2,160.86,848.46,6,0
1031.21,1.2,160.05,871.15,6,0
1081.74,1.2,203.03,878.72,6,0
949.42,1.0,163.65,785.77,5,0
884.06,0.8,176.11,707.95,4,0
1032.54,1.2,168.95,863.59,6,0
604.55,0.2,145.19,459.36,1,0
814.53,0.6,184.41,630.13,3,0
1252.48,1.6,240.81,1011.67,8,0
1441.66,2.2,173.84,1267.82,11,0
498.96,0.0,87.16,411.79,0,0
1090.53,1.2,204.24,886.28,6,0
784.18,0.6,146.49,637.69,3,0
1086.8,1.2,276.16,810.64,6,0
460.39,0.0,41.03,419.36,0,0
588.27,0.2,113.78,474.49,1,0
911.33,1.0,110.43,800.9,5,0
678.41,0.4,110.97,567.44,2,0
1264.81,1.6,215.32,1049.49,8,0
769.3,0.6,154.3,615.0,3,0
1062.22,1.2,160.81,901.41,6,0
781.3,0.6,173.86,607.44,3,0
776.82,0.6,131.57,645.26,3,0
644.39,0.2,185.03,459.36,1,0
883.86,0.8,213.73,670.13,4,0
759.65,0.6,144.65,615.0,3,0
1205.66,1.6,171.3,1034.36,8,0
951.05,1.0,127.46,823.59,5,0
901.7,0.8,186.19,715.51,4,0
488.47,0.0,69.11,419.36,0,0
483.42,0.0,71.62,411.79,0,0
717.16,0.4,142.16,575.0,2,0
841.18,0.8,110.54,730.64,4,0
820.82,0.8,120.43,700.38,4,0
953.49,1.0,137.46,816.03,5,0
1187.71,1.6,153.35,1034.36,8,0
781.53,0.6,136.27,645.26,3,0
813.95,0.8,98.43,715.51,4,0
852.13,0.8,129.05,723.08,4,0
860.59,0.8,145.08,715.51,4,0
1042.24,1.2,186.22,856.03,6,0
1328.69,1.8,201.38,1127.31,9,0
855.23,0.8,109.46,745.77,4,0
486.56,0.0,82.32,404.23,0,0
714.73,0.4,147.3,567.44,2,0
1086.07,1.0,247.35,838.72,5,0
800.39,0.6,147.57,652.82,3,0
586.51,0.2,104.46,482.05,1,0
1311.46,1.8,214.41,1097.05,9,0
552.74,0.2,48.0,504.74,1,0
891.59,0.8,176.08,715.51,4,0
1217.88,1.6,191.08,1026.79,8,0
1059.71,1.2,158.3,901.41,6,0
674.09,0.4,129.35,544.74,2,0
781.74,0.6,136.49,645.26,3,0
1067.86,1.2,196.7,871.15,6,0
554.71,0.2,95.35,459.36,1,0
759.21,0.6,76.14,683.08,3,0
474.86,0.0,32.81,442.05,0,0
859.56,0.8,121.35,738.21,4,0
803.11,0.6,188.11,615.0,3,0
709.98,0.4,157.68,552.31,2,0
869.8,0.8,139.16,730.64,4,0
803.32,0.6,173.19,630.13,3,0
565.51,0.2,91.03,474.49,1,0
551.9,0.2,92.54,459.36,1,0
1681.18,2.4,327.97,1353.21,12,0
483.53,0.0,94.43,389.1,0,0
1038.28,1.2,136.86,901.41,6,0
1079.67,1.2,216.08,863.59,6,0
784.07,0.6,146.38,637.69,3,0
842.05,0.8,126.54,715.51,4,0
871.15,0.8,185.89,685.26,4,0
896.17,1.0,102.84,793.33,5,0
582.51,0.2,100.46,482.05,1,0
562.21,0.2,65.03,497.18,1,0
734.35,0.6,66.41,667.95,3,0
985.59,1.0,162.0,823.59,5,0
638.72,0.2,149.11,489.62,1,0
890.3,0.8,174.78,715.51,4,0
981.64,1.0,211.0,770.64,5,0
978.77,1.0,193.0,785.77,5,0
711.2,0.6,50.81,660.38,3,0
661.26,0.4,71.14,590.13,2,0
745.31,0.6,107.62,637.69,3,0
789.63,0.6,144.38,645.26,3,0
1051.2,1.2,225.43,825.77,6,0
605.36,0.2,146.0,459.36,1,0
773.51,0.6,143.38,630.13,3,0
1320.99,1.6,316.89,1004.1,8,0
1546.38,2.2,263.43,1282.95,11,0
1315.29,1.8,203.11,1112.18,9,0
537.61,0.0,125.81,411.79,0,0
791.87,0.6,131.49,660.38,3,0
831.14,0.8,130.76,700.38,4,0
649.32,0.4,74.32,575.0,2,0
519.89,0.0,77.84,442.05,0,0
661.0,0.4,78.43,582.56,2,0
