"Total_Cost","Ratio_Reloc_Prod","Horiz_Cost","Vert_Cost","nReloc","non_Optimal"
254589.74,0.4173,65248.25,189341.42,626,211
769.53,0.4,103.76,665.77,2,0
698.0,0.4,54.92,643.08,2,0
1026.09,0.8,204.68,821.41,4,1
984.17,0.6,263.27,720.9,3,1
792.44,0.2,219.62,572.82,1,0
894.37,0.6,150.78,743.59,3,0
1194.8,0.6,496.59,698.21,3,1
592.22,0.0,104.78,487.44,0,1
795.93,0.6,90.16,705.77,3,0
874.96,0.6,169.19,705.77,3,1
625.77,0.2,60.51,565.26,1,1
503.69,0.0,46.51,457.18,0,0
1025.92,1.0,156.95,868.97,5,1
797.19,0.6,121.68,675.51,3,1
543.99,0.0,79.24,464.74,0,0
547.09,0.0,82.35,464.74,0,0
518.43,0.0,83.95,434.49,0,0
650.51,0.2,107.95,542.56,1,0
683.96,0.4,71.14,612.82,2,1
853.46,0.6,170.38,683.08,3,1
737.08,0.4,94.0,643.08,2,1
987.64,0.2,490.46,497.18,1,1
1050.8,0.8,259.65,791.15,4,1
780.52,0.2,200.14,580.38,1,1
1008.45,0.8,217.3,791.15,4,1
1553.1,0.8,822.46,730.64,4,1
657.8,0.2,92.54,565.26,1,1
1833.32,1.0,1077.81,755.51,5,1
720.87,0.4,108.05,612.82,2,1
1151.33,1.2,181.84,969.49,6,1
593.46,0.2,66.03,527.44,1,1
934.73,0.8,113.32,821.41,4,1
678.14,0.2,158.27,519.87,1,1
1111.36,1.0,197.0,914.36,5,1
739.93,0.2,220.05,519.87,1,0
766.01,0.4,153.19,612.82,2,1
530.45,0.0,65.7,464.74,0,0
1531.88,1.4,552.65,979.23,7,1
584.66,0.0,104.78,479.87,0,0
901.59,0.4,319.03,582.56,2,1
803.4,0.4,167.89,635.51,2,1
1296.46,1.0,419.92,876.54,5,1
1102.69,0.8,243.46,859.23,4,1
702.86,0.2,160.3,542.56,1,1
669.1,0.2,118.97,550.13,1,0
634.52,0.2,114.65,519.87,1,1
604.14,0.2,69.14,535.0,1,1
1512.91,0.8,782.27,730.64,4,1
1316.04,0.6,602.7,713.33,3,1
1175.18,1.0,223.0,952.18,5,0
955.94,0.8,172.35,783.59,4,1
849.1,0.6,158.46,690.64,3,1
547.77,0.0,83.03,464.74,0,1
987.55,0.8,166.14,821.41,4,1
1604.47,1.0,750.62,853.85,5,1
994.76,0.4,313.86,680.9,2,0
537.45,0.0,72.7,464.74,0,0
731.15,0.2,165.89,565.26,1,1
563.39,0.0,98.65,464.74,0,1
1404.81,1.0,596.35,808.46,5,1
1019.79,0.6,245.95,773.85,3,1
916.5,0.6,210.73,705.77,3,1
1637.79,1.2,789.32,848.46,6,1
1028.18,0.8,237.03,791.15,4,1
709.93,0.2,137.11,572.82,1,0
847.78,0.4,204.7,643.08,2,0
676.91,0.2,111.65,565.26,1,1
911.2,0.4,245.43,665.77,2,0
755.82,0.4,150.57,605.26,2,1
713.19,0.2,178.19,535.0,1,1
751.84,0.4,131.46,620.38,2,1
788.04,0.4,182.78,605.26,2,1
472.34,0.0,60.54,411.79,0,1
482.49,0.0,48.0,434.49,0,1
514.92,0.0,80.43,434.49,0,1
1610.61,0.6,972.92,637.69,3,1
808.53,0.4,157.89,650.64,2,1
1275.8,0.6,585.16,690.64,3,1
767.28,0.2,186.89,580.38,1,0
815.87,0.4,187.92,627.95,2,1
887.91,0.6,189.7,698.21,3,1
783.78,0.4,148.27,635.51,2,1
933.64,0.8,150.05,783.59,4,1
961.48,0.8,177.89,783.59,4,1
1021.73,0.6,285.7,736.03,3,1
968.33,0.6,247.43,720.9,3,1
562.57,0.0,128.08,434.49,0,0
900.66,0.6,194.89,705.77,3,1
593.15,0.0,135.97,457.18,0,0
586.12,0.0,121.38,464.74,0,1
814.11,0.4,178.59,635.51,2,1
696.94,0.2,139.24,557.69,1,0
542.15,0.0,77.41,464.74,0,1
1064.01,0.8,257.73,806.28,4,1
984.67,0.6,248.65,736.03,3,1
726.46,0.2,199.03,527.44,1,1
699.01,0.2,133.76,565.26,1,1
1557.35,0.8,788.89,768.46,4,1
568.82,0.0,88.95,479.87,0,0
835.03,0.4,199.51,635.51,2,0
629.48,0.2,86.92,542.56,1,1
553.39,0.0,88.65,464.74,0,0
724.07,0.2,166.38,557.69,1,1
1231.7,1.0,408.11,823.59,5,1
1097.62,1.0,221.08,876.54,5,1
980.88,0.6,222.16,758.72,3,0
780.87,0.4,160.49,620.38,2,1
905.49,0.6,229.97,675.51,3,1
975.05,0.6,239.03,736.03,3,1
530.15,0.0,65.41,464.74,0,0
947.82,0.6,226.92,720.9,3,1
499.36,0.0,80.0,419.36,0,0
532.64,0.0,75.46,457.18,0,0
609.81,0.2,74.81,535.0,1,0
842.42,0.4,184.22,658.21,2,1
963.41,0.6,234.95,728.46,3,1
774.57,0.4,154.19,620.38,2,1
1076.28,0.8,262.43,813.85,4,1
577.29,0.0,127.68,449.62,0,1
838.75,0.2,281.05,557.69,1,1
605.5,0.2,108.32,497.18,1,1
665.05,0.2,130.05,535.0,1,1
827.46,0.6,91.43,736.03,3,0
1438.7,1.0,683.19,755.51,5,1
578.2,0.0,98.32,479.87,0,0
758.3,0.4,130.35,627.95,2,1
736.24,0.6,60.73,675.51,3,1
744.85,0.4,132.03,612.82,2,0
990.95,0.4,355.43,635.51,2,1
828.14,0.6,160.19,667.95,3,1
922.16,0.6,254.22,667.95,3,1
872.04,0.8,133.84,738.21,4,1
697.6,0.4,77.22,620.38,2,1
1506.62,1.2,643.03,863.59,6,1
1078.22,0.8,203.86,874.36,4,1
545.33,0.0,73.03,472.31,0,0
588.42,0.0,123.68,464.74,0,0
768.73,0.4,125.65,643.08,2,1
958.21,0.6,222.19,736.03,3,1
582.74,0.0,102.86,479.87,0,0
1892.37,1.0,1121.73,770.64,5,1
620.17,0.2,92.73,527.44,1,1
532.88,0.0,68.14,464.74,0,1
982.58,0.8,168.73,813.85,4,1
822.82,0.4,210.0,612.82,2,1
673.09,0.2,107.84,565.26,1,1
683.61,0.2,118.35,565.26,1,1
648.89,0.2,106.32,542.56,1,1
1053.81,1.0,230.22,823.59,5,1
602.04,0.2,104.86,497.18,1,0
694.31,0.2,129.05,565.26,1,1
577.65,0.0,135.59,442.05,0,1
971.86,0.6,235.84,736.03,3,1
985.87,0.6,257.41,728.46,3,1
705.14,0.4,92.32,612.82,2,1
717.27,0.4,149.84,567.44,2,1
916.54,0.6,180.51,736.03,3,0
878.34,0.4,227.7,650.64,2,0
560.21,0.0,103.03,457.18,0,0
816.61,0.4,165.97,650.64,2,1
540.69,0.0,83.51,457.18,0,0
1137.93,0.8,437.54,700.38,4,1
1516.86,0.6,826.22,690.64,3,1
617.47,0.0,137.59,479.87,0,0
704.78,0.2,154.65,550.13,1,1
852.82,0.4,247.57,605.26,2,1
683.85,0.2,126.16,557.69,1,1
555.39,0.0,90.65,464.74,0,0
740.45,0.2,175.19,565.26,1,0
644.9,0.2,117.46,527.44,1,0
1536.74,1.0,735.84,800.9,5,1
610.63,0.0,130.76,479.87,0,0
706.56,0.2,148.86,557.69,1,1
1607.63,0.8,861.86,745.77,4,1
815.26,0.4,149.49,665.77,2,0
1536.8,1.0,637.57,899.23,5,1
1142.55,1.0,228.19,914.36,5,1
530.69,0.0,65.95,464.74,0,1
665.18,0.2,99.92,565.26,1,1
786.94,0.4,143.86,643.08,2,1
774.94,0.4,131.86,643.08,2,0
645.48,0.2,95.35,550.13,1,1
719.71,0.2,146.89,572.82,1,1
963.39,0.4,290.05,673.33,2,0
827.8,0.4,169.59,658.21,2,0
718.81,0.2,183.81,535.0,1,1
736.45,0.2,171.19,565.26,1,1
844.19,0.6,168.68,675.51,3,0
936.99,0.6,178.27,758.72,3,1
572.2,0.0,107.46,464.74,0,0
959.84,0.4,339.46,620.38,2,1
1348.03,0.4,780.59,567.44,2,1
574.33,0.0,102.03,472.31,0,0
852.26,0.4,186.49,665.77,2,1
501.21,0.0,44.03,457.18,0,1
632.08,0.2,104.65,527.44,1,1
914.87,0.6,186.41,728.46,3,0
749.36,0.4,128.97,620.38,2,0
664.65,0.2,129.65,535.0,1,0
448.2,0.0,36.41,411.79,0,1
433.9,0.0,22.11,411.79,0,1
722.69,0.2,165.0,557.69,1,1
591.39,0.2,71.51,519.87,1,1
614.94,0.2,64.81,550.13,1,1
635.8,0.4,38.11,597.69,2,1
637.32,0.2,102.32,535.0,1,1
566.94,0.0,109.76,457.18,0,1
1486.02,1.0,715.38,770.64,5,1
698.61,0.4,93.35,605.26,2,1
650.18,0.2,100.05,550.13,1,1
848.72,0.6,158.08,690.64,3,1
642.73,0.2,107.73,535.0,1,0
847.8,0.4,250.11,597.69,2,1
1204.33,0.8,382.92,821.41,4,1
859.05,0.4,208.41,650.64,2,0
706.26,0.2,148.57,557.69,1,0
575.36,0.0,103.05,472.31,0,0
1578.06,1.6,543.7,1034.36,8,1
844.6,0.4,224.22,620.38,2,0
534.01,0.0,114.65,419.36,0,0
721.01,0.6,60.62,660.38,3,1
602.19,0.2,59.62,542.56,1,0
831.8,0.2,266.54,565.26,1,0
1060.82,0.4,440.43,620.38,2,1
811.53,0.6,113.32,698.21,3,0
1093.06,0.4,472.68,620.38,2,1
837.01,0.2,256.62,580.38,1,1
747.53,0.2,197.41,550.13,1,1
1199.3,1.0,337.89,861.41,5,1
862.67,0.6,179.59,683.08,3,1
1105.52,0.8,337.05,768.46,4,1
1123.16,1.0,246.62,876.54,5,1
1010.23,0.8,211.51,798.72,4,0
660.66,0.2,87.84,572.82,1,1
783.09,0.2,217.84,565.26,1,1
670.43,0.2,127.86,542.56,1,1
909.05,0.4,265.97,643.08,2,1
1321.07,1.4,281.32,1039.74,7,1
630.79,0.2,103.35,527.44,1,1
732.18,0.2,166.92,565.26,1,0
1108.26,0.8,309.54,798.72,4,1
1423.01,0.8,662.11,760.9,4,1
642.56,0.2,92.43,550.13,1,0
932.87,0.4,251.97,680.9,2,1
754.33,0.4,126.38,627.95,2,0
770.94,0.2,220.81,550.13,1,1
1088.02,1.0,256.86,831.15,5,1
1043.63,0.8,237.35,806.28,4,1
1461.33,0.4,848.51,612.82,2,1
750.37,0.4,99.73,650.64,2,1
715.77,0.4,102.95,612.82,2,1
675.56,0.2,117.86,557.69,1,1
579.95,0.0,145.46,434.49,0,0
1014.17,0.6,300.84,713.33,3,1
710.62,0.2,168.05,542.56,1,0
729.89,0.4,154.89,575.0,2,1
548.15,0.0,83.41,464.74,0,0
883.77,0.4,218.0,665.77,2,1
659.08,0.2,131.65,527.44,1,0
1061.39,0.4,456.14,605.26,2,1
1308.89,0.8,472.35,836.54,4,1
978.53,0.6,219.81,758.72,3,0
1245.85,0.8,507.65,738.21,4,1
842.08,0.4,199.0,643.08,2,0
979.61,0.8,188.46,791.15,4,1
520.55,0.0,55.81,464.74,0,0
792.48,0.4,209.92,582.56,2,1
802.78,0.6,112.14,690.64,3,0
898.58,0.4,232.81,665.77,2,1
749.15,0.4,151.46,597.69,2,1
894.11,0.4,266.16,627.95,2,1
597.04,0.0,139.86,457.18,0,1
948.93,0.8,195.59,753.33,4,1
986.91,0.8,188.19,798.72,4,1
551.83,0.0,102.22,449.62,0,0
699.58,0.2,141.89,557.69,1,1
906.27,0.2,378.84,527.44,1,1
756.69,0.4,143.86,612.82,2,1
521.61,0.0,64.43,457.18,0,0
1253.88,1.2,322.22,931.67,6,1
855.13,0.6,179.62,675.51,3,1
895.51,0.4,260.0,635.51,2,1
797.01,0.4,176.62,620.38,2,0
1045.31,0.6,339.54,705.77,3,1
776.98,0.2,204.16,572.82,1,1
1222.53,0.6,584.84,637.69,3,1
926.74,0.6,152.89,773.85,3,0
962.3,0.6,233.84,728.46,3,1
641.31,0.2,76.05,565.26,1,1
920.68,0.6,207.35,713.33,3,1
734.51,0.2,184.38,550.13,1,0
766.16,0.2,231.16,535.0,1,1
659.03,0.0,171.59,487.44,0,0
641.49,0.2,114.05,527.44,1,0
839.87,0.6,126.54,713.33,3,1
1066.9,1.0,205.49,861.41,5,1
645.2,0.2,79.95,565.26,1,0
603.03,0.0,123.16,479.87,0,1
802.48,0.4,159.41,643.08,2,0
775.2,0.2,209.95,565.26,1,0
