"Total_Cost","Ratio_Reloc_Prod","Horiz_Cost","Vert_Cost","nReloc","non_Optimal"
235067.79,0.452,43200.07,191867.83,678,144
558.08,0.0,55.51,502.56,0,0
651.58,0.2,86.32,565.26,1,0
651.26,0.2,101.14,550.13,1,0
876.25,0.6,155.35,720.9,3,1
563.09,0.0,98.35,464.74,0,0
787.83,0.6,104.76,683.08,3,1
951.87,1.0,98.03,853.85,5,0
622.88,0.2,57.62,565.26,1,1
775.84,0.6,100.32,675.51,3,0
1242.85,1.4,203.11,1039.74,7,1
487.72,0.0,38.11,449.62,0,0
730.79,0.4,117.97,612.82,2,0
785.01,0.4,164.62,620.38,2,0
858.54,0.6,114.95,743.59,3,1
1060.64,1.0,168.97,891.67,5,0
560.04,0.0,102.86,457.18,0,0
835.04,0.6,129.27,705.77,3,0
660.2,0.2,94.95,565.26,1,1
733.03,0.4,112.65,620.38,2,0
741.36,0.4,128.54,612.82,2,0
1066.74,1.0,212.89,853.85,5,0
754.55,0.4,134.16,620.38,2,0
734.81,0.4,91.73,643.08,2,0
653.37,0.2,103.24,550.13,1,1
732.29,0.4,81.65,650.64,2,0
852.55,0.6,146.78,705.77,3,0
747.62,0.4,104.54,643.08,2,0
787.66,0.4,129.46,658.21,2,0
643.58,0.2,78.32,565.26,1,1
580.55,0.0,108.24,472.31,0,0
655.28,0.2,90.03,565.26,1,0
672.39,0.2,107.14,565.26,1,1
1023.17,0.8,209.32,813.85,4,1
744.35,0.2,209.35,535.0,1,0
682.13,0.2,139.57,542.56,1,1
717.15,0.2,151.89,565.26,1,0
522.64,0.0,73.03,449.62,0,0
587.48,0.0,137.86,449.62,0,1
730.29,0.4,140.16,590.13,2,1
721.55,0.4,108.73,612.82,2,0
846.77,0.6,133.43,713.33,3,1
757.64,0.2,207.51,550.13,1,0
481.74,0.0,69.95,411.79,0,0
1144.12,1.0,290.27,853.85,5,0
779.58,0.2,214.32,565.26,1,0
1214.09,1.0,307.3,906.79,5,0
1063.79,1.0,194.81,868.97,5,0
812.69,0.2,239.86,572.82,1,0
681.51,0.2,131.38,550.13,1,1
929.71,0.6,208.81,720.9,3,1
778.2,0.4,112.43,665.77,2,0
714.31,0.2,141.49,572.82,1,1
512.1,0.0,54.92,457.18,0,0
844.2,0.6,138.43,705.77,3,1
678.43,0.2,135.86,542.56,1,1
850.3,0.6,121.84,728.46,3,0
849.99,0.6,151.78,698.21,3,1
798.19,0.6,122.68,675.51,3,0
992.2,1.0,153.49,838.72,5,0
595.2,0.2,75.32,519.87,1,1
991.28,0.6,270.38,720.9,3,0
1088.23,1.0,241.95,846.28,5,0
875.89,0.8,107.43,768.46,4,1
596.8,0.0,147.19,449.62,0,1
1093.68,1.0,239.84,853.85,5,0
828.23,0.4,154.89,673.33,2,0
602.72,0.0,145.54,457.18,0,1
719.31,0.2,154.05,565.26,1,1
652.5,0.2,87.24,565.26,1,0
650.41,0.2,130.54,519.87,1,1
656.61,0.2,98.92,557.69,1,0
678.39,0.2,113.14,565.26,1,1
675.97,0.2,140.97,535.0,1,1
609.37,0.2,66.81,542.56,1,1
805.84,0.4,177.89,627.95,2,0
636.93,0.2,117.05,519.87,1,0
563.18,0.2,66.0,497.18,1,0
456.82,0.0,45.03,411.79,0,1
467.98,0.0,48.62,419.36,0,0
476.49,0.0,42.0,434.49,0,0
673.26,0.2,115.57,557.69,1,1
808.99,0.4,218.86,590.13,2,0
606.31,0.0,141.57,464.74,0,0
497.03,0.0,62.54,434.49,0,1
573.56,0.0,116.38,457.18,0,1
751.23,0.4,93.03,658.21,2,0
680.13,0.2,130.0,550.13,1,1
739.69,0.4,126.86,612.82,2,1
489.6,0.0,70.24,419.36,0,0
622.79,0.2,95.35,527.44,1,1
601.0,0.2,66.0,535.0,1,0
637.03,0.2,102.03,535.0,1,1
821.09,0.4,215.84,605.26,2,0
483.28,0.0,79.05,404.23,0,1
516.97,0.0,74.92,442.05,0,0
1089.27,1.0,212.73,876.54,5,1
1129.78,1.0,253.24,876.54,5,1
796.61,0.2,238.92,557.69,1,1
792.84,0.4,172.46,620.38,2,1
1013.98,0.8,200.14,813.85,4,0
686.12,0.2,120.86,565.26,1,0
740.12,0.2,182.43,557.69,1,1
512.29,0.0,70.24,442.05,0,0
711.53,0.2,146.27,565.26,1,1
512.22,0.0,77.73,434.49,0,0
666.73,0.2,139.3,527.44,1,1
1121.42,1.2,182.19,939.23,6,1
483.72,0.0,34.11,449.62,0,0
747.14,0.4,126.76,620.38,2,0
635.29,0.0,178.11,457.18,0,0
834.42,0.6,143.78,690.64,3,1
631.98,0.2,119.68,512.31,1,0
728.5,0.2,170.81,557.69,1,1
966.26,0.6,215.11,751.15,3,0
981.66,0.6,222.95,758.72,3,0
1280.26,1.2,288.08,992.18,6,1
698.39,0.2,125.57,572.82,1,0
777.52,0.6,117.14,660.38,3,1
668.68,0.2,141.24,527.44,1,0
1387.34,0.6,742.08,645.26,3,1
881.55,0.4,215.78,665.77,2,0
770.83,0.4,127.76,643.08,2,0
598.73,0.2,63.73,535.0,1,1
512.29,0.0,70.24,442.05,0,1
548.89,0.0,99.27,449.62,0,1
698.13,0.4,115.57,582.56,2,1
974.31,1.0,196.11,778.21,5,1
776.18,0.4,125.54,650.64,2,1
1156.59,1.0,264.92,891.67,5,0
663.99,0.0,199.24,464.74,0,1
855.66,0.4,189.89,665.77,2,1
896.08,0.8,173.0,723.08,4,1
918.84,0.8,150.38,768.46,4,1
682.48,0.2,132.35,550.13,1,0
518.82,0.0,99.46,419.36,0,1
517.41,0.2,42.92,474.49,1,1
845.53,0.8,107.32,738.21,4,1
1087.24,1.2,178.27,908.97,6,1
645.69,0.4,48.0,597.69,2,1
456.06,0.0,36.7,419.36,0,0
520.52,0.0,101.16,419.36,0,1
816.91,0.4,158.7,658.21,2,0
1151.57,1.2,189.65,961.92,6,0
759.47,0.4,93.7,665.77,2,1
686.69,0.2,129.0,557.69,1,1
749.04,0.4,90.84,658.21,2,0
970.49,1.0,154.46,816.03,5,0
942.83,0.8,151.68,791.15,4,1
955.0,0.8,178.97,776.03,4,1
724.83,0.2,174.7,550.13,1,0
1211.56,0.8,412.84,798.72,4,1
791.48,0.4,133.27,658.21,2,1
732.91,0.4,89.84,643.08,2,1
535.81,0.0,101.32,434.49,0,1
603.93,0.4,51.62,552.31,2,1
494.7,0.0,60.22,434.49,0,1
757.51,0.6,74.43,683.08,3,1
837.49,0.8,121.97,715.51,4,1
958.1,1.0,126.95,831.15,5,1
741.85,0.4,136.59,605.26,2,0
959.93,0.8,206.59,753.33,4,1
1230.96,1.4,244.16,986.79,7,1
669.26,0.2,111.57,557.69,1,1
983.67,0.6,247.65,736.03,3,0
579.31,0.2,82.14,497.18,1,0
1058.03,1.2,149.05,908.97,6,1
701.04,0.2,143.35,557.69,1,1
736.97,0.2,186.84,550.13,1,1
872.95,0.6,197.43,675.51,3,0
690.56,0.4,100.43,590.13,2,1
988.49,1.0,187.59,800.9,5,1
975.99,0.8,177.27,798.72,4,0
961.32,0.8,117.22,844.1,4,0
967.48,0.8,183.89,783.59,4,0
546.91,0.0,89.73,457.18,0,0
530.7,0.0,88.65,442.05,0,1
845.37,0.6,162.3,683.08,3,1
816.25,0.6,148.3,667.95,3,1
486.05,0.0,44.0,442.05,0,1
548.72,0.0,91.54,457.18,0,0
749.22,0.4,121.27,627.95,2,1
665.43,0.2,122.86,542.56,1,0
968.69,1.0,129.97,838.72,5,1
652.19,0.2,109.62,542.56,1,0
706.61,0.4,116.49,590.13,2,1
779.52,0.6,119.14,660.38,3,1
1007.29,1.0,168.57,838.72,5,1
820.98,0.6,160.59,660.38,3,0
1038.21,1.0,207.05,831.15,5,0
1433.63,1.6,278.24,1155.38,8,1
927.45,0.6,176.3,751.15,3,0
936.03,0.6,215.14,720.9,3,0
656.42,0.2,98.73,557.69,1,1
849.42,0.4,191.22,658.21,2,0
1384.28,1.6,296.97,1087.31,8,0
660.63,0.2,87.81,572.82,1,1
735.59,0.2,185.46,550.13,1,0
661.49,0.4,94.05,567.44,2,1
1082.89,1.2,166.35,916.54,6,1
740.07,0.4,142.38,597.69,2,1
916.08,0.6,180.05,736.03,3,0
663.83,0.2,106.14,557.69,1,1
934.78,0.8,151.19,783.59,4,0
792.67,0.6,102.03,690.64,3,0
630.42,0.2,125.68,504.74,1,1
610.44,0.2,90.57,519.87,1,1
489.6,0.0,70.24,419.36,0,0
932.3,0.8,171.41,760.9,4,0
1197.22,1.2,227.73,969.49,6,1
1090.87,1.0,221.89,868.97,5,0
593.91,0.0,144.3,449.62,0,1
676.3,0.2,148.86,527.44,1,0
594.15,0.0,136.97,457.18,0,0
888.05,0.8,157.41,730.64,4,1
501.3,0.0,81.95,419.36,0,1
1073.4,1.0,189.3,884.1,5,1
559.82,0.0,87.51,472.31,0,0
1087.5,1.2,201.22,886.28,6,0
999.1,1.0,160.38,838.72,5,1
777.49,0.4,141.97,635.51,2,0
748.43,0.6,72.92,675.51,3,0
801.48,0.6,110.84,690.64,3,1
1086.07,1.0,247.35,838.72,5,1
876.08,0.6,140.05,736.03,3,0
888.19,0.8,119.73,768.46,4,1
1047.4,1.0,155.73,891.67,5,1
659.61,0.2,101.92,557.69,1,0
595.49,0.2,75.62,519.87,1,0
764.98,0.4,144.59,620.38,2,0
646.14,0.2,111.14,535.0,1,0
958.74,0.8,197.84,760.9,4,1
1186.95,1.2,232.59,954.36,6,1
986.88,0.8,180.59,806.28,4,0
1131.27,1.2,169.35,961.92,6,0
1083.45,1.0,191.78,891.67,5,0
818.6,0.6,90.14,728.46,3,1
627.84,0.2,92.84,535.0,1,1
870.58,0.8,117.24,753.33,4,1
668.82,0.4,108.95,559.87,2,1
802.31,0.4,197.05,605.26,2,0
736.84,0.4,116.46,620.38,2,0
672.86,0.2,122.73,550.13,1,1
770.5,0.4,157.68,612.82,2,1
761.0,0.6,93.05,667.95,3,1
802.01,0.6,96.24,705.77,3,0
527.19,0.0,85.14,442.05,0,1
682.39,0.4,77.14,605.26,2,0
806.09,0.6,145.7,660.38,3,1
869.98,0.4,242.03,627.95,2,0
837.55,0.6,116.65,720.9,3,0
536.83,0.0,87.22,449.62,0,1
523.13,0.0,65.95,457.18,0,0
919.62,0.8,151.16,768.46,4,1
675.69,0.4,70.43,605.26,2,1
926.95,0.6,259.0,667.95,3,0
570.77,0.0,106.03,464.74,0,0
520.48,0.0,78.43,442.05,0,0
756.31,0.6,111.05,645.26,3,0
725.16,0.4,142.59,582.56,2,0
978.38,0.8,156.97,821.41,4,0
1021.05,0.8,245.03,776.03,4,0
910.13,0.6,219.49,690.64,3,1
668.09,0.2,102.84,565.26,1,0
573.72,0.0,108.97,464.74,0,0
502.08,0.0,60.03,442.05,0,1
693.75,0.2,136.05,557.69,1,0
487.89,0.0,53.41,434.49,0,0
707.6,0.4,140.16,567.44,2,0
659.45,0.2,154.7,504.74,1,0
771.27,0.4,135.76,635.51,2,0
912.6,0.6,191.7,720.9,3,0
667.58,0.2,102.32,565.26,1,0
1038.65,1.0,222.62,816.03,5,1
1095.49,1.0,226.51,868.97,5,0
1192.03,1.4,197.68,994.36,7,1
500.16,0.0,58.11,442.05,0,0
856.14,0.6,135.24,720.9,3,0
961.48,0.8,177.89,783.59,4,0
702.75,0.4,112.62,590.13,2,1
840.29,0.6,157.22,683.08,3,1
624.46,0.2,97.03,527.44,1,0
491.83,0.0,42.22,449.62,0,0
895.89,0.6,159.86,736.03,3,1
923.8,0.6,165.08,758.72,3,0
1429.6,0.8,736.78,692.82,4,1
922.4,0.8,146.38,776.03,4,1
1298.48,1.2,313.86,984.62,6,0
780.98,0.2,208.16,572.82,1,0
671.7,0.2,121.57,550.13,1,0
641.88,0.2,76.62,565.26,1,0
834.63,0.6,128.86,705.77,3,1
691.47,0.2,186.73,504.74,1,0
766.8,0.2,216.68,550.13,1,0
522.37,0.0,57.62,464.74,0,0
511.21,0.0,54.03,457.18,0,0
849.55,0.4,183.78,665.77,2,1
853.86,0.6,117.84,736.03,3,1
896.04,0.6,182.7,713.33,3,1
1244.0,1.2,282.08,961.92,6,1
750.91,0.4,107.84,643.08,2,0
