"Total_Cost","Ratio_Reloc_Prod","Horiz_Cost","Vert_Cost","nReloc","non_Optimal"
262547.36,0.8153,47631.5,214915.81,1223,6
626.92,0.4,104.86,522.05,2,0
574.65,0.2,100.16,474.49,1,0
736.73,0.6,114.16,622.56,3,0
721.79,0.4,161.92,559.87,2,0
991.66,1.2,173.46,818.21,6,0
928.33,1.0,180.38,747.95,5,0
618.32,0.4,88.7,529.62,2,0
1140.96,1.6,174.68,966.28,8,0
915.87,0.8,207.92,707.95,4,0
660.24,0.4,138.19,522.05,2,0
865.43,1.0,102.35,763.08,5,0
661.18,0.4,116.43,544.74,2,0
996.67,0.8,273.59,723.08,4,0
729.37,0.6,99.24,630.13,3,0
593.4,0.4,56.22,537.18,2,0
1055.13,1.2,183.97,871.15,6,0
1066.8,1.2,256.16,810.64,6,0
593.53,0.2,96.35,497.18,1,0
951.98,1.0,211.59,740.38,5,0
668.29,0.4,85.73,582.56,2,0
536.09,0.2,76.73,459.36,1,0
912.2,0.8,211.81,700.38,4,0
680.54,0.4,105.54,575.0,2,0
641.93,0.4,89.62,552.31,2,0
1140.98,1.2,300.08,840.9,6,0
947.57,1.0,146.68,800.9,5,0
878.87,0.8,178.49,700.38,4,0
1313.49,1.8,231.57,1081.92,9,0
1017.02,1.0,238.81,778.21,5,0
798.33,0.6,190.89,607.44,3,0
1079.73,1.2,223.7,856.03,6,0
709.54,0.4,134.54,575.0,2,0
910.23,0.8,232.54,677.69,4,0
1084.45,1.2,213.3,871.15,6,0
699.14,0.4,139.27,559.87,2,0
1400.22,2.0,217.78,1182.44,10,0
572.41,0.2,113.05,459.36,1,0
928.94,1.0,112.92,816.03,5,0
1110.5,1.4,191.78,918.72,7,0
872.28,0.8,171.89,700.38,4,0
815.06,0.8,122.24,692.82,4,0
785.17,0.6,132.35,652.82,3,0
912.09,1.0,171.7,740.38,5,0
921.09,1.0,127.76,793.33,5,0
496.93,0.0,85.14,411.79,0,0
817.89,0.8,109.95,707.95,4,0
1525.78,2.2,288.22,1237.56,11,0
866.31,0.8,173.49,692.82,4,0
668.01,0.4,108.14,559.87,2,0
1295.43,1.6,306.46,988.97,8,0
809.65,0.8,109.27,700.38,4,0
672.56,0.4,135.38,537.18,2,0
908.14,1.0,107.24,800.9,5,0
510.18,0.0,121.08,389.1,0,0
1007.35,1.2,158.89,848.46,6,0
950.24,1.0,179.59,770.64,5,0
564.02,0.2,74.41,489.62,1,0
1000.16,1.2,144.14,856.03,6,0
1130.84,1.4,189.43,941.41,7,0
962.12,1.0,168.78,793.33,5,0
646.04,0.4,93.73,552.31,2,0
1171.66,1.6,144.86,1026.79,8,0
1219.51,1.6,230.54,988.97,8,0
1331.01,1.6,311.78,1019.23,8,0
473.4,0.0,76.73,396.67,0,0
540.69,0.0,128.89,411.79,0,0
748.46,0.6,133.46,615.0,3,0
1067.53,1.2,249.32,818.21,6,0
1136.5,1.4,210.22,926.28,7,0
778.48,0.6,140.78,637.69,3,0
827.91,0.8,142.65,685.26,4,0
771.3,0.6,163.86,607.44,3,0
811.52,0.4,198.7,612.82,2,0
883.47,0.8,183.08,700.38,4,0
1154.12,1.4,220.27,933.85,7,0
947.6,1.0,154.27,793.33,5,0
1529.04,2.2,276.35,1252.69,11,0
658.9,0.4,99.03,559.87,2,0
1151.09,1.6,116.73,1034.36,8,0
1356.12,1.8,289.32,1066.79,9,0
782.93,0.6,183.05,599.87,3,0
1168.45,1.2,297.3,871.15,6,0
1028.9,1.0,228.0,800.9,5,0
1236.99,1.6,232.89,1004.1,8,0
1096.53,1.2,270.76,825.77,6,0
1093.34,1.4,167.05,926.28,7,0
819.28,0.6,158.89,660.38,3,0
556.45,0.0,152.22,404.23,0,0
990.32,1.0,234.81,755.51,5,0
878.95,0.8,171.0,707.95,4,0
1040.01,1.2,146.16,893.85,6,0
851.5,0.6,206.24,645.26,3,0
766.11,0.6,98.16,667.95,3,0
1055.54,1.2,199.51,856.03,6,0
859.86,0.8,136.78,723.08,4,0
634.26,0.4,104.65,529.62,2,0
587.86,0.0,198.76,389.1,0,0
1116.57,1.2,268.11,848.46,6,0
467.83,0.0,78.73,389.1,0,0
983.55,1.0,190.22,793.33,5,0
809.44,0.6,202.0,607.44,3,0
448.29,0.0,51.62,396.67,0,0
1391.32,2.0,186.19,1205.13,10,0
685.32,0.4,102.76,582.56,2,0
1031.53,1.2,160.38,871.15,6,0
640.02,0.2,150.41,489.62,1,0
936.7,1.0,128.24,808.46,5,0
750.79,0.6,158.49,592.31,3,0
513.59,0.0,124.49,389.1,0,0
786.39,0.6,133.57,652.82,3,0
1027.72,1.0,241.95,785.77,5,0
732.2,0.4,172.32,559.87,2,0
1062.18,1.2,198.59,863.59,6,0
884.39,0.8,199.14,685.26,4,0
924.84,0.8,224.46,700.38,4,0
632.17,0.4,64.73,567.44,2,0
898.29,1.0,120.08,778.21,5,0
923.75,1.0,145.54,778.21,5,0
743.9,0.6,83.51,660.38,3,0
833.79,0.8,125.84,707.95,4,0
847.2,0.8,154.38,692.82,4,0
932.05,1.0,116.03,816.03,5,0
746.22,0.6,85.84,660.38,3,0
471.88,0.0,67.65,404.23,0,0
1096.4,1.2,225.24,871.15,6,0
704.99,0.4,167.81,537.18,2,0
524.48,0.0,135.38,389.1,0,0
1050.15,1.2,179.0,871.15,6,0
859.02,0.8,128.38,730.64,4,0
905.8,0.8,220.54,685.26,4,0
556.65,0.2,89.73,466.92,1,0
771.54,0.6,164.11,607.44,3,0
1008.36,1.2,114.51,893.85,6,0
1225.83,1.6,206.59,1019.23,8,0
723.26,0.4,178.51,544.74,2,0
626.75,0.2,129.57,497.18,1,0
1041.58,1.2,162.86,878.72,6,0
1033.17,1.2,192.27,840.9,6,0
1058.76,1.2,217.86,840.9,6,0
922.24,1.0,151.59,770.64,5,0
713.24,0.4,130.68,582.56,2,0
479.53,0.0,90.43,389.1,0,0
581.48,0.2,38.92,542.56,1,0
644.74,0.4,92.43,552.31,2,0
926.37,1.0,95.22,831.15,5,0
743.22,0.4,168.22,575.0,2,0
994.12,1.0,215.92,778.21,5,0
826.68,0.6,166.3,660.38,3,0
643.57,0.4,76.14,567.44,2,0
969.25,1.0,160.78,808.46,5,0
741.6,0.6,134.16,607.44,3,0
819.23,0.6,166.41,652.82,3,1
538.03,0.0,103.54,434.49,0,1
871.57,0.8,110.68,760.9,4,0
836.31,0.6,183.49,652.82,3,0
943.83,0.8,266.14,677.69,4,0
878.93,0.8,193.68,685.26,4,0
1372.71,1.8,237.84,1134.87,9,0
996.34,1.2,117.62,878.72,6,0
733.18,0.6,87.92,645.26,3,0
487.88,0.0,30.7,457.18,0,0
811.21,0.6,173.51,637.69,3,0
775.52,0.6,107.57,667.95,3,0
1011.36,1.2,117.51,893.85,6,0
802.69,0.6,165.0,637.69,3,0
720.52,0.4,168.22,552.31,2,0
1002.96,1.2,184.76,818.21,6,0
855.08,0.8,139.57,715.51,4,0
1120.46,1.0,372.51,747.95,5,0
1408.04,2.0,240.73,1167.31,10,0
907.51,0.6,216.86,690.64,3,0
1403.68,1.8,253.68,1150.0,9,0
713.11,0.4,198.62,514.49,2,0
1027.42,1.2,209.22,818.21,6,0
1114.45,1.2,250.86,863.59,6,0
1155.06,1.4,213.65,941.41,7,0
756.65,0.6,134.08,622.56,3,0
696.29,0.4,106.16,590.13,2,0
666.79,0.4,99.35,567.44,2,1
1070.42,1.2,191.7,878.72,6,0
1171.03,1.4,229.62,941.41,7,0
976.9,1.0,176.0,800.9,5,0
762.25,0.6,162.38,599.87,3,0
990.44,1.0,197.11,793.33,5,0
848.51,0.8,178.38,670.13,4,0
951.8,1.0,173.59,778.21,5,0
676.68,0.4,109.24,567.44,2,0
497.96,0.0,93.73,404.23,0,0
789.13,0.6,159.0,630.13,3,1
938.44,1.0,137.54,800.9,5,0
481.11,0.0,46.62,434.49,0,0
1464.32,2.2,158.68,1305.64,11,0
885.18,0.8,199.92,685.26,4,0
1093.36,1.4,167.08,926.28,7,0
821.24,0.6,191.11,630.13,3,0
509.85,0.0,98.05,411.79,0,0
1024.01,1.2,183.11,840.9,6,0
767.04,0.6,121.78,645.26,3,0
873.19,0.8,157.68,715.51,4,0
1260.78,1.6,203.73,1057.05,8,0
559.97,0.2,70.35,489.62,1,0
761.57,0.6,93.62,667.95,3,0
514.99,0.0,110.76,404.23,0,0
684.56,0.4,94.43,590.13,2,0
1108.94,1.4,137.27,971.67,7,0
771.92,0.6,103.97,667.95,3,0
750.21,0.6,67.14,683.08,3,0
760.87,0.6,108.05,652.82,3,0
799.38,0.8,91.43,707.95,4,0
1216.66,1.4,237.43,979.23,7,0
737.67,0.6,107.54,630.13,3,0
873.95,0.8,166.0,707.95,4,0
1066.72,1.2,256.08,810.64,6,0
765.52,0.6,158.08,607.44,3,0
952.7,1.0,197.19,755.51,5,0
1005.95,1.2,104.54,901.41,6,0
674.69,0.4,122.38,552.31,2,0
741.12,0.6,95.86,645.26,3,0
837.43,0.8,114.35,723.08,4,0
686.16,0.4,111.16,575.0,2,0
1054.12,1.2,175.41,878.72,6,0
690.14,0.6,75.14,615.0,3,0
730.67,0.6,100.54,630.13,3,0
780.6,0.6,127.78,652.82,3,0
1197.84,1.4,256.43,941.41,7,0
813.29,0.8,90.22,723.08,4,0
845.31,0.8,152.49,692.82,4,0
465.8,0.0,69.14,396.67,0,0
1181.39,1.4,194.59,986.79,7,0
464.49,0.0,30.0,434.49,0,0
963.22,0.8,255.27,707.95,4,0
985.69,1.0,199.92,785.77,5,0
958.04,1.0,172.27,785.77,5,0
977.67,1.2,121.65,856.03,6,0
769.64,0.6,184.89,584.74,3,0
870.86,0.8,155.35,715.51,4,0
931.45,0.8,253.76,677.69,4,0
897.15,0.8,211.89,685.26,4,0
1098.7,1.4,142.16,956.54,7,0
804.66,0.6,212.35,592.31,3,0
1227.77,1.6,200.97,1026.79,8,0
1232.03,1.6,197.68,1034.36,8,0
938.78,1.0,175.7,763.08,5,0
979.49,1.0,178.59,800.9,5,0
555.87,0.2,88.95,466.92,1,0
975.31,1.0,181.97,793.33,5,0
524.13,0.0,127.46,396.67,0,0
735.18,0.4,190.43,544.74,2,0
571.41,0.2,112.05,459.36,1,0
1076.13,1.2,220.11,856.03,6,0
737.53,0.6,99.84,637.69,3,0
1092.55,1.2,191.14,901.41,6,0
1292.34,1.6,265.54,1026.79,8,0
801.4,0.6,178.84,622.56,3,0
1499.36,2.2,239.11,1260.26,11,0
763.86,0.6,148.86,615.0,3,0
1071.35,1.2,222.89,848.46,6,0
726.24,0.4,196.62,529.62,2,0
1026.66,1.0,248.46,778.21,5,0
1017.09,1.0,231.32,785.77,5,0
1197.86,1.4,241.32,956.54,7,0
474.93,0.0,63.14,411.79,0,0
1354.47,1.8,234.73,1119.74,9,0
800.4,0.8,77.32,723.08,4,0
796.57,0.6,121.05,675.51,3,0
1176.83,1.6,165.16,1011.67,8,0
972.55,1.0,186.78,785.77,5,0
726.04,0.4,181.3,544.74,2,0
982.73,1.0,166.7,816.03,5,0
961.33,1.0,168.0,793.33,5,0
828.0,0.6,213.0,615.0,3,0
611.55,0.2,152.19,459.36,1,0
972.17,1.0,186.41,785.77,5,0
987.53,1.0,216.89,770.64,5,0
579.93,0.2,128.14,451.79,1,0
876.14,0.8,168.19,707.95,4,0
1038.05,1.2,174.46,863.59,6,0
918.76,0.8,210.81,707.95,4,0
633.25,0.4,80.95,552.31,2,0
450.5,0.0,38.7,411.79,0,0
669.44,0.4,56.62,612.82,2,0
993.31,1.0,215.11,778.21,5,0
1330.74,1.6,296.38,1034.36,8,0
891.54,0.8,176.03,715.51,4,0
983.74,1.2,105.03,878.72,6,0
452.99,0.0,56.32,396.67,0,0
918.22,1.0,109.76,808.46,5,0
588.78,0.2,106.73,482.05,1,0
1208.76,1.6,159.27,1049.49,8,0
768.93,0.6,123.68,645.26,3,0
515.71,0.0,96.35,419.36,0,1
1142.08,1.4,193.11,948.97,7,0
1284.56,1.6,280.46,1004.1,8,0
1010.35,1.2,146.76,863.59,6,0
1210.2,1.6,130.46,1079.74,8,0
493.49,0.0,59.0,434.49,0,1
854.67,0.8,139.16,715.51,4,0
485.37,0.0,81.14,404.23,0,0
802.03,0.8,86.51,715.51,4,0
529.16,0.2,47.11,482.05,1,0
