"Total_Cost","Ratio_Reloc_Prod","Horiz_Cost","Vert_Cost","nReloc","non_Optimal"
235330.96,0.4593,42652.81,192678.26,689,170
875.82,0.4,210.05,665.77,2,0
741.93,0.4,83.73,658.21,2,0
973.42,0.6,214.7,758.72,3,1
593.29,0.0,90.73,502.56,0,0
933.56,0.6,182.41,751.15,3,0
608.32,0.0,158.7,449.62,0,0
634.96,0.2,69.7,565.26,1,1
728.65,0.4,108.27,620.38,2,0
659.4,0.2,116.84,542.56,1,0
594.52,0.2,82.22,512.31,1,1
518.74,0.0,54.0,464.74,0,0
945.16,0.8,161.57,783.59,4,0
517.55,0.0,52.81,464.74,0,0
520.88,0.0,63.7,457.18,0,1
918.62,0.6,175.03,743.59,3,1
858.45,0.6,114.86,743.59,3,1
603.54,0.2,76.11,527.44,1,1
706.81,0.2,171.81,535.0,1,1
630.79,0.2,110.92,519.87,1,1
760.45,0.2,210.32,550.13,1,1
785.7,0.4,142.62,643.08,2,1
747.62,0.4,104.54,643.08,2,1
765.8,0.4,168.11,597.69,2,0
767.88,0.4,117.24,650.64,2,1
917.51,0.6,234.43,683.08,3,0
795.07,0.6,104.43,690.64,3,0
684.02,0.2,141.46,542.56,1,1
629.97,0.2,79.84,550.13,1,1
858.39,0.6,160.19,698.21,3,1
906.94,0.6,170.92,736.03,3,0
1179.87,1.4,170.38,1009.49,7,1
804.3,0.4,183.92,620.38,2,0
550.77,0.0,86.03,464.74,0,0
519.33,0.0,84.84,434.49,0,1
945.31,0.8,191.97,753.33,4,1
729.61,0.2,171.92,557.69,1,0
506.49,0.0,72.0,434.49,0,0
698.22,0.4,77.84,620.38,2,1
933.11,0.8,164.65,768.46,4,1
818.09,0.6,104.76,713.33,3,1
621.11,0.2,86.11,535.0,1,0
898.77,0.6,193.0,705.77,3,1
734.11,0.4,113.73,620.38,2,0
674.61,0.2,116.92,557.69,1,1
1115.6,1.2,206.62,908.97,6,1
709.2,0.4,103.95,605.26,2,1
854.09,0.4,188.32,665.77,2,0
771.35,0.4,128.27,643.08,2,1
611.4,0.2,68.84,542.56,1,1
1140.02,1.0,248.35,891.67,5,1
1105.57,1.2,196.59,908.97,6,1
684.49,0.2,96.54,587.95,1,0
548.26,0.0,98.65,449.62,0,1
612.03,0.2,77.03,535.0,1,0
1050.66,0.8,251.95,798.72,4,1
524.59,0.0,82.54,442.05,0,1
656.81,0.2,129.38,527.44,1,1
1094.49,1.0,172.57,921.92,5,1
703.45,0.2,153.32,550.13,1,0
710.39,0.2,137.57,572.82,1,0
845.34,0.6,139.57,705.77,3,1
700.78,0.4,110.65,590.13,2,1
707.71,0.4,140.27,567.44,2,1
798.32,0.4,147.68,650.64,2,0
884.94,0.6,194.3,690.64,3,1
727.43,0.4,84.35,643.08,2,0
571.4,0.0,121.78,449.62,0,0
849.47,0.6,128.57,720.9,3,1
517.99,0.0,60.81,457.18,0,0
670.14,0.4,110.27,559.87,2,1
802.62,0.4,167.11,635.51,2,1
1041.06,0.8,227.22,813.85,4,1
733.97,0.4,143.84,590.13,2,1
963.69,1.0,124.97,838.72,5,1
727.99,0.2,170.3,557.69,1,0
574.74,0.2,62.43,512.31,1,1
550.88,0.0,86.14,464.74,0,1
819.64,0.6,136.57,683.08,3,1
647.79,0.2,120.35,527.44,1,1
887.43,0.6,158.97,728.46,3,0
924.11,0.6,203.22,720.9,3,0
858.59,0.6,122.57,736.03,3,1
743.96,0.4,146.27,597.69,2,0
604.57,0.2,77.14,527.44,1,1
632.02,0.2,89.46,542.56,1,1
1079.14,1.0,217.73,861.41,5,1
1033.07,1.0,133.84,899.23,5,1
689.87,0.2,117.05,572.82,1,1
611.72,0.0,146.97,464.74,0,1
929.76,1.0,128.86,800.9,5,1
818.09,0.6,104.76,713.33,3,0
522.78,0.0,80.73,442.05,0,1
570.15,0.2,65.41,504.74,1,0
935.12,1.0,156.92,778.21,5,0
634.23,0.2,76.54,557.69,1,1
757.62,0.6,82.11,675.51,3,0
967.94,0.8,176.78,791.15,4,1
1191.3,1.4,189.38,1001.92,7,1
674.99,0.2,124.86,550.13,1,0
572.18,0.0,107.43,464.74,0,0
471.93,0.0,60.14,411.79,0,1
529.87,0.0,102.95,426.92,0,1
479.63,0.0,67.84,411.79,0,1
610.96,0.2,98.65,512.31,1,0
517.51,0.0,83.03,434.49,0,1
637.58,0.2,125.27,512.31,1,0
704.79,0.6,44.41,660.38,3,1
530.51,0.0,96.03,434.49,0,0
769.47,0.4,149.08,620.38,2,1
475.39,0.0,56.03,419.36,0,0
811.75,0.4,161.11,650.64,2,0
1110.38,1.2,208.97,901.41,6,0
798.52,0.4,185.7,612.82,2,1
878.98,0.8,125.65,753.33,4,1
737.44,0.4,124.62,612.82,2,0
707.75,0.4,110.05,597.69,2,0
559.29,0.0,117.24,442.05,0,1
781.49,0.6,113.54,667.95,3,0
495.6,0.0,61.11,434.49,0,0
473.58,0.0,54.22,419.36,0,1
812.36,0.4,207.11,605.26,2,1
727.07,0.4,129.38,597.69,2,0
813.66,0.6,115.46,698.21,3,0
790.37,0.6,99.73,690.64,3,1
654.63,0.2,134.76,519.87,1,1
535.05,0.2,53.0,482.05,1,0
848.77,0.4,235.95,612.82,2,1
892.11,0.6,156.08,736.03,3,0
1291.33,1.4,236.46,1054.87,7,0
1025.36,0.8,211.51,813.85,4,1
922.15,0.8,123.43,798.72,4,1
862.84,0.6,141.95,720.9,3,1
1076.7,0.8,240.16,836.54,4,1
564.96,0.0,100.22,464.74,0,1
566.35,0.2,38.92,527.44,1,1
752.7,0.6,137.7,615.0,3,0
706.63,0.2,141.38,565.26,1,0
641.18,0.0,176.43,464.74,0,0
735.19,0.4,107.24,627.95,2,0
637.93,0.2,118.05,519.87,1,0
633.43,0.2,98.43,535.0,1,1
741.01,0.6,80.62,660.38,3,1
726.66,0.6,73.84,652.82,3,0
585.51,0.2,50.51,535.0,1,0
1275.77,1.4,236.03,1039.74,7,1
438.06,0.0,18.7,419.36,0,0
552.26,0.0,102.65,449.62,0,0
587.6,0.2,67.73,519.87,1,1
707.46,0.2,180.03,527.44,1,1
743.26,0.2,193.14,550.13,1,1
1135.36,1.2,188.57,946.79,6,1
816.05,0.4,165.41,650.64,2,1
788.33,0.4,175.51,612.82,2,1
607.36,0.0,135.05,472.31,0,1
937.52,1.0,129.05,808.46,5,0
814.7,0.4,179.19,635.51,2,1
809.48,0.6,171.78,637.69,3,0
680.51,0.4,97.95,582.56,2,1
862.74,0.8,116.97,745.77,4,1
864.92,0.4,229.41,635.51,2,1
854.5,0.6,156.3,698.21,3,1
614.36,0.2,102.05,512.31,1,0
517.83,0.0,68.22,449.62,0,1
1063.03,1.2,154.05,908.97,6,0
842.13,0.6,166.62,675.51,3,1
859.46,0.6,176.38,683.08,3,0
994.74,0.8,180.89,813.85,4,0
493.89,0.0,59.41,434.49,0,1
832.38,0.6,96.35,736.03,3,1
653.93,0.2,134.05,519.87,1,0
1056.09,1.0,209.81,846.28,5,1
734.97,0.4,99.46,635.51,2,1
634.98,0.2,122.68,512.31,1,1
667.55,0.2,147.68,519.87,1,1
576.41,0.2,41.41,535.0,1,1
987.68,1.0,194.35,793.33,5,0
605.0,0.2,62.43,542.56,1,1
504.68,0.0,77.76,426.92,0,0
817.24,0.6,134.16,683.08,3,0
1515.99,1.8,275.22,1240.77,9,0
949.81,0.6,213.78,736.03,3,0
544.83,0.0,87.65,457.18,0,0
982.18,0.8,191.03,791.15,4,0
742.37,0.2,184.68,557.69,1,0
1198.86,1.2,221.81,977.05,6,1
706.45,0.2,141.19,565.26,1,1
655.08,0.2,120.08,535.0,1,1
804.38,0.4,184.0,620.38,2,1
826.58,0.6,113.24,713.33,3,0
1165.81,1.2,249.27,916.54,6,1
1423.31,1.6,290.62,1132.69,8,0
728.92,0.4,100.97,627.95,2,1
1194.6,0.8,373.19,821.41,4,1
587.44,0.0,107.57,479.87,0,1
996.03,0.8,235.14,760.9,4,0
719.72,0.2,169.59,550.13,1,0
1416.01,1.6,268.19,1147.82,8,1
912.21,0.6,161.05,751.15,3,1
1107.86,1.0,231.32,876.54,5,1
530.26,0.0,65.51,464.74,0,1
762.63,0.4,142.24,620.38,2,0
513.06,0.0,86.14,426.92,0,1
705.29,0.2,147.59,557.69,1,1
986.04,0.8,187.32,798.72,4,0
1005.23,1.0,166.51,838.72,5,0
733.53,0.4,128.27,605.26,2,1
681.86,0.4,106.86,575.0,2,1
704.63,0.2,139.38,565.26,1,0
682.78,0.4,100.22,582.56,2,1
922.47,0.8,176.7,745.77,4,1
1558.92,1.6,441.35,1117.56,8,0
749.41,0.4,121.46,627.95,2,1
693.37,0.2,135.68,557.69,1,0
980.49,0.8,212.03,768.46,4,0
795.97,0.6,120.46,675.51,3,1
1145.83,1.2,206.59,939.23,6,1
763.38,0.6,95.43,667.95,3,1
633.6,0.2,106.16,527.44,1,1
1076.41,0.8,247.43,828.97,4,0
802.64,0.6,112.0,690.64,3,1
604.41,0.2,69.41,535.0,1,1
484.2,0.0,64.84,419.36,0,0
927.09,1.0,133.76,793.33,5,1
676.19,0.2,141.19,535.0,1,0
664.39,0.4,59.14,605.26,2,1
921.89,0.6,246.38,675.51,3,1
889.68,0.6,221.73,667.95,3,1
812.51,0.6,68.92,743.59,3,0
991.1,0.8,207.51,783.59,4,0
854.84,0.6,118.81,736.03,3,0
492.92,0.0,66.0,426.92,0,0
670.61,0.2,105.35,565.26,1,1
920.95,0.8,152.49,768.46,4,1
730.16,0.4,102.22,627.95,2,1
748.95,0.6,73.43,675.51,3,1
689.82,0.2,124.57,565.26,1,0
661.08,0.2,126.08,535.0,1,0
435.2,0.0,23.41,411.79,0,1
748.9,0.4,136.08,612.82,2,0
1166.79,1.0,260.0,906.79,5,0
728.48,0.4,85.41,643.08,2,1
552.97,0.0,110.92,442.05,0,0
685.19,0.2,150.19,535.0,1,1
577.87,0.2,58.0,519.87,1,1
810.33,0.4,189.95,620.38,2,0
1079.25,1.0,217.84,861.41,5,0
492.1,0.0,34.92,457.18,0,0
970.95,0.8,202.49,768.46,4,0
916.13,0.8,132.54,783.59,4,1
523.95,0.0,89.46,434.49,0,1
541.18,0.0,76.43,464.74,0,0
1292.99,0.6,655.3,637.69,3,1
1045.42,1.0,206.7,838.72,5,0
654.27,0.2,119.27,535.0,1,0
814.67,0.4,224.54,590.13,2,0
555.99,0.0,98.81,457.18,0,1
959.26,0.8,168.11,791.15,4,0
859.98,0.6,192.03,667.95,3,0
647.7,0.2,105.14,542.56,1,1
931.59,0.6,195.57,736.03,3,0
939.8,0.8,148.65,791.15,4,0
699.58,0.2,141.89,557.69,1,0
786.21,0.6,103.14,683.08,3,1
961.65,0.8,140.24,821.41,4,1
699.47,0.2,126.65,572.82,1,0
828.84,0.6,107.95,720.9,3,1
809.08,0.4,166.0,643.08,2,1
555.94,0.0,98.76,457.18,0,1
1108.44,1.2,161.65,946.79,6,1
764.27,0.4,128.76,635.51,2,1
1040.8,0.8,249.65,791.15,4,0
830.34,0.4,232.65,597.69,2,0
624.89,0.2,82.32,542.56,1,0
722.63,0.4,102.24,620.38,2,1
1043.89,1.0,227.86,816.03,5,1
548.34,0.0,91.16,457.18,0,0
869.38,0.6,148.49,720.9,3,1
1001.86,0.8,157.76,844.1,4,0
1232.82,1.4,246.03,986.79,7,0
825.44,0.4,159.68,665.77,2,0
562.13,0.0,104.95,457.18,0,1
680.45,0.2,122.76,557.69,1,1
653.94,0.4,63.81,590.13,2,1
521.05,0.0,79.0,442.05,0,1
719.87,0.6,51.92,667.95,3,1
829.56,0.4,178.92,650.64,2,0
846.84,0.4,226.46,620.38,2,1
868.29,0.4,217.65,650.64,2,0
969.83,0.8,178.68,791.15,4,0
1248.11,0.6,580.16,667.95,3,1
712.84,0.2,132.46,580.38,1,0
758.01,0.4,92.24,665.77,2,0
915.54,0.8,131.95,783.59,4,1
893.09,0.6,172.19,720.9,3,1
745.92,0.2,203.35,542.56,1,1
833.8,0.6,143.16,690.64,3,1
1116.8,1.2,177.57,939.23,6,0
530.23,0.0,57.92,472.31,0,0
1029.3,0.8,253.27,776.03,4,0
640.5,0.2,82.81,557.69,1,1
