"Total_Cost","Ratio_Reloc_Prod","Horiz_Cost","Vert_Cost","nReloc","non_Optimal"
226288.84,0.4587,33779.0,192509.72,688,250
1352.9,1.1667,152.14,1200.77,7,1
1000.16,0.5,171.19,828.97,3,1
1126.92,0.8333,165.0,961.92,5,1
999.7,0.5,155.59,844.1,3,1
764.14,0.1667,83.24,680.9,1,1
1129.07,0.6667,229.84,899.23,4,1
734.4,0.1667,91.32,643.08,1,1
1107.89,0.6667,231.35,876.54,4,1
1087.43,0.6667,210.89,876.54,4,1
1092.73,0.8333,123.24,969.49,5,1
990.45,0.5,206.86,783.59,3,1
1113.84,0.8333,144.35,969.49,5,1
726.89,0.1667,98.95,627.95,1,1
904.58,0.3333,198.81,705.77,2,1
901.61,0.5,95.32,806.28,3,1
950.75,0.5,159.59,791.15,3,1
820.14,0.1667,207.32,612.82,1,1
629.73,0.1667,54.73,575.0,1,1
723.29,0.3333,40.22,683.08,2,1
908.45,0.5,109.73,798.72,3,1
749.56,0.3333,58.92,690.64,2,1
848.08,0.3333,112.05,736.03,2,1
993.06,0.6667,131.65,861.41,4,1
896.41,0.5,127.95,768.46,3,1
836.11,0.3333,107.65,728.46,2,1
908.95,0.5,140.49,768.46,3,1
1367.57,1.1667,212.19,1155.38,7,1
740.44,0.1667,120.05,620.38,1,1
1273.92,1.1667,171.49,1102.44,7,1
1453.24,1.5,187.59,1265.64,9,1
1207.99,1.0,175.81,1032.18,6,1
885.21,0.3333,134.05,751.15,2,1
706.62,0.1667,71.11,635.51,1,1
856.43,0.3333,127.97,728.46,2,1
1302.84,1.0,232.84,1070.0,6,1
1099.96,0.8333,168.3,931.67,5,1
715.69,0.0,158.0,557.69,0,1
866.04,0.3333,152.7,713.33,2,1
1343.26,1.3333,170.57,1172.69,8,1
1026.42,0.6667,134.76,891.67,4,1
1052.84,0.6667,176.3,876.54,4,1
1052.83,0.6667,153.59,899.23,4,1
1155.23,0.8333,208.43,946.79,5,1
603.53,0.0,53.41,550.13,0,1
1288.32,0.8333,303.7,984.62,5,1
972.84,0.5,143.86,828.97,3,1
991.51,0.5,154.97,836.54,3,1
1161.6,1.0,159.68,1001.92,6,1
788.03,0.1667,152.51,635.51,1,1
811.49,0.3333,83.03,728.46,2,1
684.41,0.1667,64.03,620.38,1,1
1183.8,0.8333,244.57,939.23,5,1
859.1,0.3333,107.95,751.15,2,1
1111.64,0.6667,212.41,899.23,4,1
816.85,0.5,78.65,738.21,3,1
809.69,0.3333,103.92,705.77,2,1
605.59,0.0,63.03,542.56,0,1
779.83,0.3333,81.62,698.21,2,1
808.08,0.1667,165.0,643.08,1,1
643.61,0.0,85.92,557.69,0,1
1105.8,0.8333,113.62,992.18,5,1
729.46,0.1667,93.95,635.51,1,1
956.83,0.6667,125.68,831.15,4,1
1015.07,0.6667,115.84,899.23,4,1
836.58,0.1667,170.81,665.77,1,1
1065.21,0.6667,181.11,884.1,4,1
867.55,0.3333,161.78,705.77,2,1
891.79,0.3333,170.89,720.9,2,1
782.0,0.1667,146.49,635.51,1,1
1002.92,0.5,181.51,821.41,3,1
827.64,0.1667,177.0,650.64,1,1
1243.03,1.0,180.59,1062.44,6,1
920.72,0.3333,162.0,758.72,2,1
817.31,0.1667,159.11,658.21,1,1
884.07,0.5,85.35,798.72,3,1
978.89,0.6667,109.92,868.97,4,1
781.26,0.1667,123.05,658.21,1,1
818.39,0.1667,160.19,658.21,1,1
809.18,0.3333,118.54,690.64,2,1
932.71,0.5,171.81,760.9,3,1
639.21,0.0,81.51,557.69,0,1
903.1,0.3333,159.51,743.59,2,1
634.75,0.0,84.62,550.13,0,1
975.04,0.5,176.32,798.72,3,1
673.2,0.1667,52.81,620.38,1,1
775.37,0.3333,84.73,690.64,2,1
941.43,0.5,165.41,776.03,3,1
913.36,0.3333,147.08,766.28,2,1
725.11,0.1667,97.16,627.95,1,1
746.57,0.1667,111.05,635.51,1,1
966.22,0.6667,97.24,868.97,4,1
832.58,0.3333,119.24,713.33,2,1
574.25,0.0,46.81,527.44,0,1
967.69,0.5,161.41,806.28,3,1
837.36,0.3333,116.46,720.9,2,1
794.39,0.1667,136.19,658.21,1,1
551.71,0.0,39.41,512.31,0,1
1027.56,0.8333,88.32,939.23,5,1
606.03,0.0,71.03,535.0,0,1
936.39,0.5,122.54,813.85,3,1
1008.08,0.6667,131.54,876.54,4,1
730.57,0.1667,95.05,635.51,1,1
1212.26,1.0,180.08,1032.18,6,1
960.62,0.5,131.65,828.97,3,1
1117.46,0.8333,147.97,969.49,5,1
719.51,0.1667,76.43,643.08,1,1
1025.6,0.5,196.62,828.97,3,1
732.16,0.1667,96.65,635.51,1,1
908.75,0.5,125.16,783.59,3,1
568.37,0.0,63.62,504.74,0,1
822.6,0.1667,202.22,620.38,1,1
698.97,0.1667,108.84,590.13,1,1
964.59,0.5,173.43,791.15,3,1
849.01,0.3333,135.68,713.33,2,1
898.59,0.5,122.57,776.03,3,1
797.37,0.1667,154.3,643.08,1,1
1059.41,0.6667,145.05,914.36,4,1
822.76,0.3333,154.81,667.95,2,1
930.03,0.5,154.0,776.03,3,1
796.26,0.3333,105.62,690.64,2,1
993.98,0.6667,132.57,861.41,4,1
896.25,0.3333,182.92,713.33,2,1
681.8,0.1667,76.54,605.26,1,1
643.75,0.0,86.05,557.69,0,1
961.09,0.5,139.68,821.41,3,1
658.19,0.1667,75.62,582.56,1,1
1037.18,0.6667,153.08,884.1,4,1
1279.29,1.0,254.68,1024.62,6,1
763.45,0.1667,105.24,658.21,1,1
979.17,0.5,218.27,760.9,3,1
678.91,0.1667,81.22,597.69,1,1
1227.86,1.0,157.86,1070.0,6,1
872.22,0.5,103.76,768.46,3,1
542.55,0.0,37.81,504.74,0,1
671.45,0.0,113.76,557.69,0,1
909.86,0.5,126.27,783.59,3,1
954.67,0.6667,131.08,823.59,4,1
1125.2,0.8333,178.41,946.79,5,1
1142.65,1.0,133.16,1009.49,6,1
940.34,0.6667,94.05,846.28,4,1
875.97,0.3333,132.38,743.59,2,1
1066.07,0.8333,119.27,946.79,5,1
733.62,0.3333,58.11,675.51,2,1
868.19,0.3333,132.16,736.03,2,1
907.84,0.6667,91.81,816.03,4,1
994.74,0.5,180.89,813.85,3,1
866.28,0.3333,145.38,720.9,2,1
1100.35,0.8333,130.86,969.49,5,1
646.28,0.0,81.03,565.26,0,1
853.74,0.3333,147.97,705.77,2,1
1433.15,1.3333,260.46,1172.69,8,1
897.49,0.3333,169.03,728.46,2,1
735.95,0.1667,115.57,620.38,1,1
892.72,0.5,109.14,783.59,3,1
1012.08,0.5,183.11,828.97,3,1
684.16,0.1667,56.22,627.95,1,1
1133.64,1.0,161.97,971.67,6,1
912.58,0.3333,146.3,766.28,2,1
809.82,0.1667,189.43,620.38,1,1
982.84,0.6667,113.86,868.97,4,1
1231.95,1.0,222.46,1009.49,6,1
1025.92,0.6667,164.51,861.41,4,1
941.6,0.5,127.76,813.85,3,1
720.14,0.1667,99.76,620.38,1,1
1050.72,0.6667,151.49,899.23,4,1
1002.03,0.5,180.62,821.41,3,1
717.89,0.1667,89.95,627.95,1,1
622.69,0.0,110.38,512.31,0,1
1092.7,0.8333,168.59,924.1,5,1
731.35,0.1667,95.84,635.51,1,1
842.79,0.3333,129.46,713.33,2,1
756.07,0.1667,150.81,605.26,1,1
727.5,0.1667,114.68,612.82,1,1
1233.75,1.1667,176.7,1057.05,7,1
1101.87,0.8333,139.95,961.92,5,1
1200.19,0.8333,238.27,961.92,5,1
967.74,0.6667,121.46,846.28,4,1
570.42,0.0,58.11,512.31,0,1
723.2,0.3333,62.81,660.38,2,1
1493.45,1.5,227.81,1265.64,9,1
1039.07,0.6667,132.27,906.79,4,1
1088.96,0.8333,142.16,946.79,5,1
655.69,0.0,90.43,565.26,0,1
610.82,0.0,90.95,519.87,0,1
765.68,0.3333,97.73,667.95,2,1
844.78,0.3333,93.62,751.15,2,1
1074.08,0.6667,250.49,823.59,4,1
804.31,0.3333,98.54,705.77,2,1
606.79,0.0,79.35,527.44,0,1
899.08,0.3333,155.49,743.59,2,1
733.84,0.1667,98.32,635.51,1,1
720.42,0.1667,115.16,605.26,1,1
841.24,0.3333,150.59,690.64,2,1
719.58,0.1667,114.32,605.26,1,1
768.95,0.3333,93.43,675.51,2,1
757.35,0.1667,114.27,643.08,1,1
973.22,0.6667,111.81,861.41,4,1
820.37,0.3333,122.16,698.21,2,1
888.63,0.3333,167.73,720.9,2,1
996.4,0.5,212.81,783.59,3,1
964.31,0.5,150.46,813.85,3,1
1061.21,0.8333,129.54,931.67,5,1
866.54,0.3333,138.08,728.46,2,1
808.79,0.3333,80.32,728.46,2,1
822.14,0.3333,101.24,720.9,2,1
763.0,0.3333,79.92,683.08,2,1
952.08,0.3333,223.62,728.46,2,1
956.71,0.5,195.81,760.9,3,1
767.85,0.1667,109.65,658.21,1,1
743.08,0.1667,107.57,635.51,1,1
976.89,0.6667,100.35,876.54,4,1
1128.79,0.8333,182.0,946.79,5,1
599.12,0.0,86.81,512.31,0,1
969.36,0.6667,107.95,861.41,4,1
830.69,0.5,84.92,745.77,3,1
787.88,0.3333,97.24,690.64,2,1
779.15,0.1667,120.95,658.21,1,1
1182.24,1.0,165.19,1017.05,6,1
988.23,0.5,189.51,798.72,3,1
1047.47,0.8333,108.24,939.23,5,1
908.11,0.5,139.65,768.46,3,1
996.22,0.6667,127.24,868.97,4,1
651.7,0.1667,69.14,582.56,1,1
764.7,0.3333,81.62,683.08,2,1
1023.72,0.6667,185.0,838.72,4,1
663.96,0.1667,58.7,605.26,1,1
751.14,0.3333,98.32,652.82,2,1
877.16,0.5,101.14,776.03,3,1
933.75,0.5,150.16,783.59,3,1
1213.93,1.0,227.14,986.79,6,1
978.51,0.6667,162.49,816.03,4,1
892.61,0.5,101.46,791.15,3,1
541.55,0.0,36.81,504.74,0,1
660.83,0.0,103.14,557.69,0,1
643.86,0.0,93.73,550.13,0,1
1120.46,0.8333,203.92,916.54,5,1
1123.1,1.0,143.86,979.23,6,1
1086.49,0.6667,232.65,853.85,4,1
1115.26,1.0,151.16,964.1,6,1
1209.93,1.0,155.05,1054.87,6,1
1050.95,0.5,229.54,821.41,3,1
969.54,0.5,140.57,828.97,3,1
699.38,0.1667,71.43,627.95,1,1
959.32,0.3333,268.68,690.64,2,1
851.85,0.3333,146.08,705.77,2,1
1026.18,0.6667,126.95,899.23,4,1
772.56,0.1667,129.49,643.08,1,1
1133.13,0.8333,140.95,992.18,5,1
920.81,0.5,144.78,776.03,3,1
787.61,0.1667,136.97,650.64,1,1
