"Total_Cost","Ratio_Reloc_Prod","Horiz_Cost","Vert_Cost","nReloc","non_Optimal"
239016.26,0.4113,49149.83,189866.42,617,197
782.01,0.4,101.11,680.9,2,1
728.25,0.2,140.3,587.95,1,1
900.25,0.6,186.92,713.33,3,1
891.75,0.4,233.54,658.21,2,1
525.33,0.0,53.03,472.31,0,0
764.86,0.6,89.35,675.51,3,1
936.36,0.8,114.95,821.41,4,1
539.38,0.0,112.46,426.92,0,0
916.26,0.6,210.49,705.77,3,1
953.39,0.8,154.68,798.72,4,1
676.42,0.2,111.16,565.26,1,1
545.53,0.0,88.35,457.18,0,0
531.42,0.0,59.11,472.31,0,0
1620.65,1.0,865.14,755.51,5,1
893.89,0.6,157.86,736.03,3,1
853.66,0.6,147.89,705.77,3,1
1038.94,1.0,147.27,891.67,5,1
901.08,0.8,125.05,776.03,4,1
770.8,0.4,120.16,650.64,2,1
651.54,0.2,108.97,542.56,1,1
1036.75,0.8,253.16,783.59,4,1
814.45,0.6,116.24,698.21,3,1
740.9,0.4,128.08,612.82,2,1
996.8,0.8,190.51,806.28,4,1
992.32,0.8,208.73,783.59,4,1
1439.97,1.4,415.35,1024.62,7,1
602.78,0.2,60.22,542.56,1,0
568.36,0.0,96.05,472.31,0,1
551.53,0.0,94.35,457.18,0,0
482.86,0.0,40.81,442.05,0,0
778.73,0.4,150.78,627.95,2,1
878.17,0.4,257.78,620.38,2,1
906.36,0.8,145.46,760.9,4,0
812.05,0.4,161.41,650.64,2,1
636.47,0.2,71.22,565.26,1,0
542.62,0.0,100.57,442.05,0,0
743.02,0.4,99.95,643.08,2,1
854.83,0.6,111.24,743.59,3,1
913.53,0.8,107.24,806.28,4,0
747.02,0.4,103.95,643.08,2,1
726.73,0.4,83.65,643.08,2,0
440.06,0.0,20.7,419.36,0,0
1538.44,0.8,785.11,753.33,4,1
823.6,0.6,95.14,728.46,3,0
666.07,0.2,161.32,504.74,1,1
1164.63,1.0,310.78,853.85,5,1
768.61,0.4,102.84,665.77,2,1
1122.07,1.2,137.46,984.62,6,1
949.16,1.0,125.57,823.59,5,1
810.76,0.4,182.81,627.95,2,1
1129.18,0.4,531.49,597.69,2,1
1517.99,0.8,779.78,738.21,4,1
1130.06,1.2,175.7,954.36,6,1
557.82,0.0,77.95,479.87,0,0
919.73,0.8,151.27,768.46,4,1
633.74,0.2,60.92,572.82,1,0
1023.69,1.0,132.03,891.67,5,1
943.47,0.8,190.14,753.33,4,1
648.44,0.2,75.62,572.82,1,1
880.3,0.6,159.41,720.9,3,1
626.18,0.2,60.92,565.26,1,1
1342.96,1.0,564.76,778.21,5,1
510.42,0.0,38.11,472.31,0,0
1166.2,0.6,513.38,652.82,3,1
701.09,0.2,128.27,572.82,1,1
1039.13,0.8,195.03,844.1,4,1
966.51,0.6,222.92,743.59,3,1
1397.13,1.2,412.51,984.62,6,1
859.43,0.6,130.97,728.46,3,0
704.41,0.4,84.03,620.38,2,1
1697.25,1.0,903.92,793.33,5,1
567.5,0.0,102.76,464.74,0,0
539.47,0.0,74.73,464.74,0,0
706.2,0.2,133.38,572.82,1,0
745.15,0.4,94.51,650.64,2,0
949.56,0.6,258.92,690.64,3,1
841.67,0.4,191.03,650.64,2,1
752.81,0.4,109.73,643.08,2,0
1022.39,0.4,409.57,612.82,2,1
643.23,0.2,85.54,557.69,1,1
927.35,0.8,158.89,768.46,4,1
623.61,0.2,65.92,557.69,1,0
511.16,0.0,61.54,449.62,0,1
486.05,0.0,44.0,442.05,0,0
1130.22,1.0,268.81,861.41,5,1
632.67,0.2,82.54,550.13,1,0
1222.37,1.4,190.19,1032.18,7,1
459.63,0.0,32.7,426.92,0,0
960.73,0.8,131.76,828.97,4,1
688.16,0.2,145.59,542.56,1,0
735.27,0.4,99.76,635.51,2,0
807.15,0.2,241.89,565.26,1,0
689.28,0.2,116.46,572.82,1,1
695.87,0.4,67.92,627.95,2,0
854.43,0.6,110.84,743.59,3,1
972.97,0.6,229.38,743.59,3,1
755.81,0.4,127.86,627.95,2,1
475.56,0.0,33.51,442.05,0,0
647.56,0.4,57.43,590.13,2,1
1768.83,1.2,837.16,931.67,6,1
645.06,0.2,57.11,587.95,1,0
1115.73,1.2,199.19,916.54,6,1
687.58,0.2,129.89,557.69,1,0
755.95,0.4,135.57,620.38,2,1
1630.31,1.0,844.54,785.77,5,1
1041.2,1.0,194.92,846.28,5,1
729.29,0.2,171.59,557.69,1,1
615.88,0.2,50.62,565.26,1,0
930.2,0.8,116.35,813.85,4,0
1157.5,1.0,265.84,891.67,5,1
820.1,0.6,76.51,743.59,3,1
588.71,0.2,68.84,519.87,1,1
514.45,0.0,49.7,464.74,0,0
1156.42,0.6,503.59,652.82,3,1
705.45,0.2,140.19,565.26,1,1
700.18,0.2,142.49,557.69,1,1
789.6,0.6,68.7,720.9,3,0
694.48,0.2,136.78,557.69,1,1
477.3,0.0,42.81,434.49,0,1
508.53,0.0,58.92,449.62,0,1
726.93,0.4,106.54,620.38,2,0
831.6,0.6,118.27,713.33,3,1
595.67,0.2,53.11,542.56,1,1
596.62,0.2,61.62,535.0,1,0
1120.06,1.0,205.7,914.36,5,1
861.89,0.6,125.86,736.03,3,1
638.02,0.2,80.32,557.69,1,0
785.95,0.4,112.62,673.33,2,0
541.97,0.0,92.35,449.62,0,0
1177.19,1.0,300.65,876.54,5,1
997.3,0.8,175.89,821.41,4,1
566.23,0.2,53.92,512.31,1,0
637.32,0.2,94.76,542.56,1,1
552.07,0.0,102.46,449.62,0,1
663.22,0.2,135.78,527.44,1,1
1293.66,0.6,648.41,645.26,3,1
640.07,0.2,74.81,565.26,1,0
650.2,0.2,84.95,565.26,1,0
822.21,0.4,179.14,643.08,2,1
773.36,0.4,100.03,673.33,2,1
669.87,0.2,97.05,572.82,1,0
775.75,0.4,132.68,643.08,2,1
762.19,0.6,94.24,667.95,3,1
827.35,0.6,159.41,667.95,3,1
977.61,0.6,279.41,698.21,3,1
549.66,0.0,77.35,472.31,0,1
789.8,0.4,139.16,650.64,2,1
518.05,0.0,68.43,449.62,0,1
1216.98,1.2,270.19,946.79,6,1
1475.43,0.8,759.92,715.51,4,1
544.69,0.0,79.95,464.74,0,1
984.35,0.8,155.38,828.97,4,0
824.45,0.4,173.81,650.64,2,1
670.98,0.0,183.54,487.44,0,1
495.99,0.0,38.81,457.18,0,1
598.78,0.2,56.22,542.56,1,0
653.37,0.2,103.24,550.13,1,0
456.06,0.0,36.7,419.36,0,0
662.4,0.2,112.27,550.13,1,1
533.82,0.0,61.51,472.31,0,0
638.37,0.0,188.76,449.62,0,0
546.42,0.0,89.24,457.18,0,1
907.29,0.8,116.14,791.15,4,0
686.9,0.2,167.03,519.87,1,1
820.2,0.6,106.86,713.33,3,1
1036.43,1.0,159.89,876.54,5,1
700.55,0.2,120.16,580.38,1,1
623.36,0.2,58.11,565.26,1,1
686.04,0.4,88.35,597.69,2,1
697.77,0.2,140.08,557.69,1,0
1095.67,1.0,219.14,876.54,5,1
746.84,0.4,126.46,620.38,2,0
723.85,0.2,158.59,565.26,1,1
857.1,0.4,259.41,597.69,2,0
643.09,0.2,77.84,565.26,1,1
736.04,0.4,77.84,658.21,2,1
602.68,0.2,75.24,527.44,1,1
622.21,0.2,64.51,557.69,1,1
631.1,0.2,88.54,542.56,1,1
765.2,0.4,99.43,665.77,2,0
530.66,0.0,65.92,464.74,0,0
836.18,0.6,137.97,698.21,3,1
572.77,0.0,100.46,472.31,0,0
672.82,0.2,107.57,565.26,1,0
1362.73,0.8,654.78,707.95,4,1
972.36,0.8,150.95,821.41,4,1
811.95,0.4,176.43,635.51,2,1
752.88,0.4,102.24,650.64,2,0
717.28,0.2,136.89,580.38,1,1
732.2,0.4,119.38,612.82,2,0
873.61,0.6,122.46,751.15,3,1
646.88,0.2,81.62,565.26,1,0
894.35,0.8,110.76,783.59,4,1
1090.06,0.8,336.73,753.33,4,1
556.06,0.0,68.62,487.44,0,0
656.04,0.2,98.35,557.69,1,1
947.64,0.8,209.43,738.21,4,1
513.35,0.0,63.73,449.62,0,0
628.05,0.2,77.92,550.13,1,0
606.14,0.0,126.27,479.87,0,1
909.73,0.4,274.22,635.51,2,1
689.69,0.2,116.86,572.82,1,1
892.11,0.4,256.59,635.51,2,1
678.45,0.2,120.76,557.69,1,0
998.98,0.8,192.7,806.28,4,1
629.04,0.2,56.22,572.82,1,1
681.47,0.2,108.65,572.82,1,1
803.72,0.4,153.08,650.64,2,1
478.65,0.0,51.73,426.92,0,1
603.16,0.2,53.03,550.13,1,1
853.0,0.8,84.54,768.46,4,1
551.8,0.0,87.05,464.74,0,1
621.39,0.4,76.65,544.74,2,0
755.85,0.4,97.65,658.21,2,1
840.03,0.6,111.57,728.46,3,1
739.57,0.6,71.62,667.95,3,1
607.19,0.2,64.62,542.56,1,0
1008.35,0.4,433.35,575.0,2,1
838.21,0.6,94.62,743.59,3,1
1762.63,1.2,876.35,886.28,6,1
642.49,0.2,62.11,580.38,1,0
582.84,0.0,102.97,479.87,0,0
539.99,0.0,75.24,464.74,0,0
853.41,0.4,225.46,627.95,2,1
800.98,0.6,72.51,728.46,3,1
575.61,0.0,110.86,464.74,0,0
779.75,0.4,136.68,643.08,2,0
692.12,0.2,126.86,565.26,1,1
906.87,0.6,193.54,713.33,3,1
1403.26,1.0,504.03,899.23,5,1
567.77,0.0,95.46,472.31,0,0
767.93,0.4,102.16,665.77,2,1
760.13,0.4,117.05,643.08,2,1
997.24,0.2,462.24,535.0,1,1
543.68,0.0,63.81,479.87,0,0
738.54,0.4,95.46,643.08,2,0
784.27,0.6,108.76,675.51,3,1
894.27,0.8,110.68,783.59,4,1
687.47,0.2,114.65,572.82,1,0
978.37,0.8,187.22,791.15,4,1
632.33,0.2,59.51,572.82,1,0
1033.29,0.8,189.19,844.1,4,0
1008.65,0.8,172.11,836.54,4,1
834.37,0.6,136.16,698.21,3,1
601.69,0.0,144.51,457.18,0,1
602.37,0.2,59.81,542.56,1,1
752.85,0.2,180.03,572.82,1,0
809.2,0.6,103.43,705.77,3,1
963.2,0.4,403.32,559.87,2,1
689.15,0.4,91.46,597.69,2,1
493.86,0.0,51.81,442.05,0,0
1146.6,1.2,245.19,901.41,6,1
801.99,0.6,111.35,690.64,3,1
622.12,0.2,64.43,557.69,1,1
667.02,0.2,116.89,550.13,1,1
721.45,0.4,70.81,650.64,2,1
1096.06,0.6,435.68,660.38,3,1
635.88,0.2,70.62,565.26,1,0
787.5,0.4,129.3,658.21,2,0
799.54,0.4,171.59,627.95,2,1
800.21,0.4,142.0,658.21,2,1
590.06,0.2,62.62,527.44,1,0
592.99,0.2,88.24,504.74,1,0
1575.79,0.6,854.89,720.9,3,1
716.78,0.2,121.27,595.51,1,0
598.67,0.2,56.11,542.56,1,1
700.74,0.2,135.49,565.26,1,1
689.67,0.2,131.97,557.69,1,0
753.45,0.4,95.24,658.21,2,0
684.58,0.4,79.32,605.26,2,1
666.72,0.2,101.46,565.26,1,0
775.6,0.6,54.7,720.9,3,1
561.64,0.0,104.46,457.18,0,0
925.83,0.8,134.68,791.15,4,1
582.88,0.0,110.57,472.31,0,0
739.34,0.2,189.22,550.13,1,1
525.66,0.0,60.92,464.74,0,0
1943.22,1.2,1034.24,908.97,6,1
641.65,0.2,106.65,535.0,1,1
744.56,0.2,194.43,550.13,1,0
877.59,0.6,126.43,751.15,3,0
744.27,0.4,108.76,635.51,2,1
814.15,0.4,148.38,665.77,2,1
544.57,0.0,57.14,487.44,0,0
717.25,0.4,96.86,620.38,2,1
883.37,0.8,92.22,791.15,4,1
984.21,0.6,248.19,736.03,3,1
748.89,0.4,113.38,635.51,2,1
493.72,0.0,44.11,449.62,0,0
803.09,0.6,142.7,660.38,3,0
1149.82,0.8,343.54,806.28,4,1
576.68,0.0,89.24,487.44,0,1
664.94,0.2,107.24,557.69,1,1
725.34,0.2,228.16,497.18,1,1
632.42,0.2,74.73,557.69,1,0
595.41,0.2,75.54,519.87,1,0
553.61,0.0,88.86,464.74,0,1
479.46,0.0,37.41,442.05,0,0
899.2,0.6,140.49,758.72,3,1
635.73,0.2,100.73,535.0,1,0
