"Total_Cost","Ratio_Reloc_Prod","Horiz_Cost","Vert_Cost","nReloc","non_Optimal"
273760.44,0.7653,60490.68,213269.7,1148,212
612.66,0.4,67.92,544.74,2,0
602.45,0.2,105.27,497.18,1,1
809.26,0.6,179.14,630.13,3,1
795.85,0.4,190.59,605.26,2,1
458.56,0.0,54.32,404.23,0,0
784.97,0.8,129.97,655.0,4,1
816.79,0.8,108.84,707.95,4,1
494.67,0.0,105.57,389.1,0,0
822.48,0.6,199.92,622.56,3,1
841.0,0.8,133.05,707.95,4,1
531.82,0.0,112.46,419.36,0,1
504.58,0.0,100.35,404.23,0,0
451.9,0.0,40.11,411.79,0,0
1015.73,1.2,220.22,795.51,6,1
951.58,1.0,173.38,778.21,5,1
859.52,0.8,151.57,707.95,4,1
1013.14,1.2,164.68,848.46,6,1
893.27,1.0,137.76,755.51,5,1
757.67,0.6,127.54,630.13,3,1
753.59,0.6,123.46,630.13,3,1
1381.43,1.0,565.41,816.03,5,1
1540.3,0.8,824.78,715.51,4,1
600.27,0.2,125.78,474.49,1,0
1456.28,0.8,755.89,700.38,4,1
1040.77,1.2,207.43,833.33,6,1
1240.64,1.4,261.41,979.23,7,1
638.41,0.4,63.41,575.0,2,1
648.78,0.4,119.16,529.62,2,1
578.84,0.2,104.35,474.49,1,0
544.72,0.2,55.11,489.62,1,0
933.49,1.0,177.97,755.51,5,1
1871.36,1.4,877.0,994.36,7,1
916.63,1.0,130.86,785.77,5,1
2168.49,1.4,1159.0,1009.49,7,1
746.37,0.6,116.24,630.13,3,1
593.62,0.2,111.57,482.05,1,1
902.3,1.0,93.84,808.46,5,1
830.1,0.8,107.03,723.08,4,1
914.02,1.0,150.95,763.08,5,1
1105.47,1.4,126.24,979.23,7,1
967.49,1.0,113.65,853.85,5,1
454.31,0.0,42.51,411.79,0,0
1242.15,1.2,371.0,871.15,6,1
1006.26,1.2,127.54,878.72,6,1
833.18,0.6,203.05,630.13,3,1
1020.67,1.0,204.65,816.03,5,0
778.29,0.6,140.59,637.69,3,1
1149.28,1.4,215.43,933.85,7,1
1161.73,1.4,220.32,941.41,7,1
1541.11,1.0,793.16,747.95,5,1
1043.43,1.2,187.41,856.03,6,1
2144.63,1.4,1142.7,1001.92,7,1
1553.19,2.0,370.76,1182.44,10,1
670.93,0.4,111.05,559.87,2,0
1044.33,1.2,211.0,833.33,6,1
759.56,0.6,129.43,630.13,3,1
1040.3,1.2,131.32,908.97,6,1
1060.87,1.2,212.41,848.46,6,1
454.64,0.0,50.41,404.23,0,0
1329.38,1.6,226.95,1102.44,8,1
522.0,0.2,47.51,474.49,1,0
1584.18,0.8,800.59,783.59,4,1
452.83,0.0,63.73,389.1,0,0
1176.88,1.4,205.22,971.67,7,1
790.65,0.6,130.27,660.38,3,1
805.99,0.6,168.3,637.69,3,1
1119.35,1.2,263.32,856.03,6,1
1360.94,1.4,343.89,1017.05,7,1
928.55,1.0,142.78,785.77,5,1
639.15,0.4,86.84,552.31,2,1
909.31,1.0,123.54,785.77,5,1
581.14,0.2,106.65,474.49,1,0
665.28,0.4,60.03,605.26,2,0
653.68,0.2,118.68,535.0,1,0
921.72,1.0,98.14,823.59,5,1
984.87,1.0,176.41,808.46,5,1
1324.27,1.2,415.3,908.97,6,1
939.99,1.0,169.35,770.64,5,1
1441.31,0.8,687.97,753.33,4,1
576.3,0.2,109.38,466.92,1,1
690.42,0.4,145.68,544.74,2,1
641.08,0.4,58.51,582.56,2,0
750.49,0.8,50.11,700.38,4,1
647.92,0.4,72.92,575.0,2,1
1436.3,1.6,394.38,1041.92,8,1
916.48,1.0,85.32,831.15,5,1
1442.71,1.8,315.41,1127.31,9,1
462.31,0.0,50.51,411.79,0,0
1116.32,1.4,144.65,971.67,7,1
978.95,1.0,238.57,740.38,5,1
879.62,1.0,116.54,763.08,5,1
901.46,0.8,193.51,707.95,4,0
556.84,0.2,89.92,466.92,1,0
648.33,0.4,88.46,559.87,2,0
673.59,0.2,138.59,535.0,1,1
1502.4,1.8,344.84,1157.56,9,1
677.72,0.4,132.97,544.74,2,0
474.05,0.0,32.0,442.05,0,0
966.65,1.0,105.24,861.41,5,1
1291.52,1.6,189.08,1102.44,8,1
554.26,0.2,49.51,504.74,1,0
1672.58,2.2,404.76,1267.82,11,1
715.79,0.4,163.49,552.31,2,1
625.14,0.2,90.14,535.0,1,0
1474.2,1.0,627.92,846.28,5,1
1058.65,1.2,202.62,856.03,6,1
881.21,0.8,203.51,677.69,4,1
916.05,1.0,100.03,816.03,5,1
1011.57,1.2,155.54,856.03,6,1
1166.48,1.4,202.38,964.1,7,1
646.21,0.4,48.51,597.69,2,0
564.03,0.2,89.54,474.49,1,0
538.19,0.2,63.7,474.49,1,0
756.61,0.6,111.35,645.26,3,1
744.47,0.6,144.59,599.87,3,1
538.7,0.2,64.22,474.49,1,0
790.72,0.6,84.95,705.77,3,0
568.95,0.2,94.46,474.49,1,1
667.48,0.4,84.92,582.56,2,1
616.58,0.2,104.27,512.31,1,0
861.05,0.8,137.97,723.08,4,1
753.8,0.6,123.68,630.13,3,1
460.47,0.0,56.24,404.23,0,0
780.96,0.8,88.14,692.82,4,1
991.9,1.0,198.57,793.33,5,0
960.86,1.0,144.84,816.03,5,1
668.94,0.4,131.76,537.18,2,1
844.11,0.6,176.16,667.95,3,1
798.91,0.6,108.27,690.64,3,0
1594.91,2.2,334.65,1260.26,11,1
1121.39,1.4,195.11,926.28,7,1
527.02,0.2,37.41,489.62,1,0
474.83,0.0,85.73,389.1,0,0
961.88,1.2,90.73,871.15,6,1
2300.31,1.4,1260.57,1039.74,7,1
914.68,1.0,121.35,793.33,5,1
941.1,1.0,109.95,831.15,5,1
783.72,0.6,138.46,645.26,3,1
1125.63,1.4,184.22,941.41,7,1
1172.81,1.0,349.22,823.59,5,1
751.42,0.6,106.16,645.26,3,1
734.87,0.6,66.92,667.95,3,1
714.81,0.6,92.24,622.56,3,1
964.74,0.8,203.84,760.9,4,1
781.32,0.6,166.32,615.0,3,1
1057.51,0.4,535.46,522.05,2,1
745.8,0.6,100.54,645.26,3,1
725.21,0.6,102.65,622.56,3,1
819.76,0.6,159.38,660.38,3,1
644.85,0.4,92.54,552.31,2,0
1090.89,0.6,354.86,736.03,3,1
761.35,0.6,138.78,622.56,3,1
869.71,0.8,176.89,692.82,4,1
562.06,0.0,142.7,419.36,0,1
510.14,0.2,43.22,466.92,1,0
498.79,0.0,79.43,419.36,0,0
799.87,0.8,107.05,692.82,4,1
467.58,0.0,48.22,419.36,0,0
1042.63,1.2,156.35,886.28,6,1
647.75,0.4,57.62,590.13,2,0
1444.3,1.4,502.89,941.41,7,1
524.98,0.2,65.62,459.36,1,0
1091.88,1.4,112.65,979.23,7,1
1052.43,1.4,163.97,888.46,7,1
817.72,0.6,180.03,637.69,3,1
1008.73,1.2,160.27,848.46,6,1
682.78,0.4,92.65,590.13,2,1
789.95,0.8,74.43,715.51,4,1
872.39,0.6,166.62,705.77,3,1
1001.25,1.0,207.92,793.33,5,1
1508.28,1.0,714.95,793.33,5,1
600.71,0.2,133.78,466.92,1,1
861.95,1.0,106.43,755.51,5,1
776.83,0.4,247.22,529.62,2,0
1867.76,1.2,958.78,908.97,6,1
547.15,0.2,95.35,451.79,1,0
865.85,0.8,127.65,738.21,4,1
478.49,0.0,44.0,434.49,0,0
640.41,0.4,80.54,559.87,2,1
833.9,0.6,173.51,660.38,3,0
775.05,0.6,99.54,675.51,3,0
919.9,1.0,134.14,785.77,5,1
628.05,0.2,146.0,482.05,1,1
925.55,1.0,124.65,800.9,5,1
1205.4,1.6,201.3,1004.1,8,1
1424.32,1.6,359.7,1064.62,8,1
949.83,1.0,179.19,770.64,5,1
1280.0,1.8,182.95,1097.05,9,1
645.08,0.2,163.03,482.05,1,1
677.07,0.4,86.95,590.13,2,0
821.07,0.6,122.86,698.21,3,0
714.06,0.6,46.11,667.95,3,0
703.99,0.4,113.86,590.13,2,0
926.57,1.0,125.68,800.9,5,1
639.2,0.4,79.32,559.87,2,1
744.94,0.6,107.24,637.69,3,1
1110.4,1.4,206.81,903.59,7,1
565.16,0.2,75.54,489.62,1,0
716.79,0.6,56.41,660.38,3,1
975.35,1.0,166.89,808.46,5,1
1028.32,1.0,204.73,823.59,5,1
531.2,0.2,71.84,459.36,1,1
1097.39,1.0,251.11,846.28,5,1
514.96,0.0,103.16,411.79,0,0
1013.44,1.2,127.16,886.28,6,1
667.89,0.4,85.32,582.56,2,1
732.78,0.6,102.65,630.13,3,0
1005.24,1.0,189.22,816.03,5,1
791.51,0.6,161.38,630.13,3,1
701.52,0.6,48.7,652.82,3,1
855.67,0.8,132.59,723.08,4,1
511.77,0.0,99.97,411.79,0,0
535.21,0.0,93.16,442.05,0,0
990.02,1.2,65.92,924.1,6,1
962.47,1.0,123.76,838.72,5,1
791.65,0.6,116.14,675.51,3,0
704.06,0.4,91.24,612.82,2,1
1831.5,1.4,784.19,1047.31,7,1
573.26,0.2,83.65,489.62,1,0
1266.15,1.8,153.97,1112.18,9,1
700.73,0.6,85.73,615.0,3,0
664.33,0.4,104.46,559.87,2,0
568.31,0.0,156.51,411.79,0,0
1852.17,1.0,998.32,853.85,5,1
783.75,0.8,53.11,730.64,4,0
834.85,0.8,81.51,753.33,4,0
1258.09,1.4,331.81,926.28,7,1
614.47,0.2,102.16,512.31,1,0
1074.72,1.4,163.57,911.15,7,1
1259.05,1.2,282.0,977.05,6,1
571.69,0.2,119.89,451.79,1,0
744.11,0.6,83.73,660.38,3,0
808.79,0.8,100.84,707.95,4,1
1455.68,0.8,687.22,768.46,4,1
463.61,0.0,51.81,411.79,0,0
1387.23,1.6,368.0,1019.23,8,1
1020.42,1.2,149.27,871.15,6,1
1140.97,1.2,224.43,916.54,6,1
877.23,1.0,99.03,778.21,5,1
1820.29,1.8,647.59,1172.69,9,1
526.54,0.0,92.05,434.49,0,0
1270.74,1.6,236.38,1034.36,8,1
1235.51,1.6,246.54,988.97,8,1
1944.11,1.2,1027.57,916.54,6,1
799.18,0.6,153.92,645.26,3,1
530.02,0.2,40.41,489.62,1,0
1102.03,1.0,286.0,816.03,5,1
585.83,0.2,88.65,497.18,1,0
820.8,0.6,130.16,690.64,3,0
698.7,0.4,108.57,590.13,2,1
441.74,0.0,37.51,404.23,0,0
1476.02,1.8,371.41,1104.62,9,1
860.51,0.8,129.86,730.64,4,1
771.13,0.6,95.62,675.51,3,0
715.07,0.6,84.95,630.13,3,0
1037.01,1.2,143.16,893.85,6,1
2256.11,1.6,1199.05,1057.05,8,1
1064.06,1.2,155.08,908.97,6,1
768.6,0.6,161.16,607.44,3,1
849.91,0.8,119.27,730.64,4,1
700.97,0.4,178.92,522.05,2,1
820.06,0.8,119.68,700.38,4,1
532.11,0.2,57.62,474.49,1,0
1624.14,0.8,870.81,753.33,4,1
825.73,0.8,102.65,723.08,4,1
648.3,0.4,88.43,559.87,2,1
902.86,1.0,86.84,816.03,5,0
1271.2,1.4,291.97,979.23,7,1
786.39,0.6,141.14,645.26,3,0
1034.28,1.2,132.86,901.41,6,1
834.8,0.8,89.03,745.77,4,0
654.44,0.4,102.14,552.31,2,0
1545.72,0.8,799.95,745.77,4,1
799.66,0.8,106.84,692.82,4,0
2100.48,1.4,1136.38,964.1,7,1
927.58,1.0,134.24,793.33,5,1
648.15,0.4,95.84,552.31,2,1
1397.2,1.8,269.89,1127.31,9,1
835.27,0.8,119.76,715.51,4,1
1019.69,1.0,241.49,778.21,5,1
1324.78,2.0,180.16,1144.62,10,1
959.72,1.0,189.08,770.64,5,1
651.58,0.4,106.84,544.74,2,1
649.54,0.4,82.11,567.44,2,0
630.14,0.2,110.27,519.87,1,1
738.47,0.6,85.65,652.82,3,0
1490.47,2.0,262.65,1227.82,10,1
759.56,0.4,177.0,582.56,2,1
486.44,0.0,59.51,426.92,0,0
787.29,0.6,96.65,690.64,3,0
1688.2,1.8,553.32,1134.87,9,1
693.8,0.4,156.62,537.18,2,1
2031.83,1.6,914.27,1117.56,8,1
898.7,1.0,90.24,808.46,5,1
945.7,0.8,230.19,715.51,4,1
593.67,0.2,104.05,489.62,1,0
473.44,0.0,46.51,426.92,0,0
652.06,0.4,99.76,552.31,2,1
581.38,0.2,114.46,466.92,1,0
987.73,1.0,224.65,763.08,5,1
