"Total_Cost","Ratio_Reloc_Prod","Horiz_Cost","Vert_Cost","nReloc","non_Optimal"
257429.14,0.7767,46383.94,211045.14,1165,2
442.37,0.0,45.7,396.67,0,0
955.06,1.2,121.73,833.33,6,0
595.24,0.4,65.62,529.62,2,0
540.08,0.2,58.03,482.05,1,0
572.29,0.2,90.24,482.05,1,0
850.31,0.8,157.49,692.82,4,0
701.28,0.4,148.97,552.31,2,0
692.68,0.6,85.24,607.44,3,0
854.07,0.8,176.38,677.69,4,0
491.58,0.0,87.35,404.23,0,0
534.03,0.2,67.11,466.92,1,0
551.25,0.2,84.32,466.92,1,0
1085.38,1.2,236.92,848.46,6,0
741.23,0.6,103.54,637.69,3,0
487.64,0.0,98.54,389.1,0,0
985.3,1.0,184.41,800.9,5,0
699.79,0.6,99.92,599.87,3,0
1011.57,1.2,170.68,840.9,6,0
531.06,0.2,64.14,466.92,1,0
821.14,0.6,153.19,667.95,3,0
1009.24,1.2,145.65,863.59,6,0
1016.7,1.2,168.24,848.46,6,0
834.56,0.8,172.0,662.56,4,0
1066.63,1.2,233.3,833.33,6,0
743.92,0.6,121.35,622.56,3,0
1182.63,1.4,309.3,873.33,7,0
688.49,0.4,121.05,567.44,2,0
818.48,0.6,180.78,637.69,3,0
750.78,0.6,120.65,630.13,3,0
580.75,0.2,98.7,482.05,1,0
842.12,0.6,242.24,599.87,3,0
717.06,0.4,157.19,559.87,2,0
1102.63,1.4,176.35,926.28,7,0
611.86,0.2,122.24,489.62,1,0
1019.77,1.2,194.0,825.77,6,0
686.76,0.4,111.76,575.0,2,0
580.03,0.2,105.54,474.49,1,0
732.18,0.6,102.05,630.13,3,0
783.3,0.6,115.35,667.95,3,0
801.58,0.6,163.89,637.69,3,0
910.99,1.0,140.35,770.64,5,0
1069.54,1.2,213.51,856.03,6,0
567.7,0.2,85.65,482.05,1,0
1210.34,1.4,299.19,911.15,7,0
1058.63,1.0,272.86,785.77,5,0
1273.46,1.6,276.92,996.54,8,0
714.47,0.4,162.16,552.31,2,0
518.05,0.2,36.0,482.05,1,0
907.85,0.8,215.03,692.82,4,0
798.2,0.6,145.38,652.82,3,0
508.99,0.0,104.76,404.23,0,0
1053.14,1.2,144.16,908.97,6,0
615.54,0.4,48.11,567.44,2,0
1134.2,1.4,207.92,926.28,7,0
900.28,1.0,106.95,793.33,5,0
963.8,1.0,185.59,778.21,5,0
1058.05,1.2,194.46,863.59,6,0
652.8,0.4,108.05,544.74,2,0
821.57,0.6,214.14,607.44,3,0
571.59,0.2,89.54,482.05,1,0
893.88,0.8,208.62,685.26,4,0
1024.12,1.2,130.27,893.85,6,0
847.97,0.8,132.46,715.51,4,0
814.98,0.6,162.16,652.82,3,0
934.75,0.8,204.11,730.64,4,0
1283.22,1.6,233.73,1049.49,8,0
944.34,1.0,158.57,785.77,5,0
1176.89,1.4,227.92,948.97,7,0
784.28,0.6,131.46,652.82,3,0
833.52,0.8,186.08,647.44,4,0
915.9,1.0,130.14,785.77,5,0
748.61,0.6,103.35,645.26,3,0
947.47,1.0,146.57,800.9,5,0
494.84,0.0,67.92,426.92,0,1
1290.56,1.8,125.43,1165.13,9,0
839.2,0.6,254.46,584.74,3,0
740.45,0.6,110.32,630.13,3,0
1084.18,1.2,213.03,871.15,6,0
943.33,0.8,250.51,692.82,4,0
1196.96,1.6,170.16,1026.79,8,0
854.57,0.8,154.19,700.38,4,0
733.84,0.6,118.84,615.0,3,0
667.99,0.4,123.24,544.74,2,0
497.83,0.0,101.16,396.67,0,0
1028.71,1.2,134.86,893.85,6,0
997.62,1.0,181.59,816.03,5,0
895.75,1.0,117.54,778.21,5,0
812.26,0.6,167.0,645.26,3,0
905.24,1.0,142.16,763.08,5,0
819.81,0.8,111.86,707.95,4,0
758.22,0.6,158.35,599.87,3,0
1423.47,2.0,256.16,1167.31,10,0
1088.49,1.4,139.51,948.97,7,0
1142.22,1.4,208.38,933.85,7,0
904.62,0.8,189.11,715.51,4,0
783.98,0.6,131.16,652.82,3,0
1196.27,1.2,340.24,856.03,6,0
936.33,0.8,235.95,700.38,4,0
861.0,0.8,153.05,707.95,4,0
1011.12,1.2,124.84,886.28,6,0
958.74,1.0,172.97,785.77,5,0
602.5,0.2,97.76,504.74,1,0
809.33,0.6,201.89,607.44,3,0
751.82,0.6,91.43,660.38,3,0
615.67,0.2,126.05,489.62,1,0
535.93,0.2,84.14,451.79,1,0
863.95,0.8,163.57,700.38,4,0
915.42,0.8,237.73,677.69,4,0
1287.72,1.6,283.62,1004.1,8,0
1008.51,1.0,192.49,816.03,5,0
670.65,0.4,103.22,567.44,2,0
573.02,0.2,83.41,489.62,1,0
1075.18,1.2,196.46,878.72,6,0
759.39,0.6,114.14,645.26,3,0
1148.94,1.4,192.41,956.54,7,0
525.99,0.0,121.76,404.23,0,0
480.05,0.0,38.0,442.05,0,0
896.47,1.0,103.14,793.33,5,0
579.7,0.2,97.65,482.05,1,0
769.58,0.6,116.76,652.82,3,0
852.76,0.8,152.38,700.38,4,0
673.91,0.4,129.16,544.74,2,0
784.86,0.6,162.3,622.56,3,0
1047.28,1.2,145.86,901.41,6,0
512.38,0.0,85.46,426.92,0,0
1114.86,1.4,150.76,964.1,7,0
645.46,0.4,78.03,567.44,2,0
992.05,1.0,236.54,755.51,5,0
825.09,0.6,164.7,660.38,3,0
1326.22,1.6,276.73,1049.49,8,0
511.55,0.0,99.76,411.79,0,0
1041.66,1.4,107.81,933.85,7,0
1152.08,1.4,203.11,948.97,7,0
932.49,1.0,176.97,755.51,5,0
1178.02,1.4,266.86,911.15,7,0
491.86,0.0,102.76,389.1,0,0
1119.87,1.0,311.41,808.46,5,0
1110.28,1.4,131.05,979.23,7,0
1072.61,1.2,193.89,878.72,6,0
1059.91,1.0,296.84,763.08,5,0
1058.74,1.2,164.89,893.85,6,0
1202.73,1.4,253.76,948.97,7,0
859.13,0.8,128.49,730.64,4,0
1101.84,1.2,200.43,901.41,6,0
946.1,1.0,183.03,763.08,5,0
584.45,0.0,195.35,389.1,0,0
874.3,0.8,158.78,715.51,4,0
958.36,1.0,172.59,785.77,5,0
1095.67,1.2,224.51,871.15,6,0
905.08,1.0,96.62,808.46,5,0
648.09,0.4,88.22,559.87,2,0
934.27,1.0,118.24,816.03,5,0
950.55,1.0,164.78,785.77,5,0
757.16,0.6,127.03,630.13,3,0
766.73,0.6,144.16,622.56,3,0
1016.15,1.0,237.95,778.21,5,0
1057.64,1.2,239.43,818.21,6,0
990.6,1.0,189.7,800.9,5,0
676.06,0.4,123.76,552.31,2,0
854.69,0.8,177.0,677.69,4,0
790.75,0.6,168.19,622.56,3,0
1075.82,1.2,181.97,893.85,6,0
898.93,0.8,206.11,692.82,4,0
1098.19,1.2,242.16,856.03,6,0
1136.96,1.4,165.3,971.67,7,0
664.7,0.4,135.08,529.62,2,0
866.04,0.8,180.78,685.26,4,0
499.72,0.0,103.05,396.67,0,0
1529.63,2.4,153.73,1375.9,12,0
776.51,0.6,153.95,622.56,3,0
555.96,0.2,51.22,504.74,1,0
730.99,0.6,85.73,645.26,3,0
1142.08,1.4,177.97,964.1,7,0
1249.62,1.6,245.51,1004.1,8,0
630.47,0.2,118.16,512.31,1,0
621.72,0.4,84.54,537.18,2,0
748.16,0.6,80.22,667.95,3,0
656.65,0.4,89.22,567.44,2,0
618.87,0.2,144.38,474.49,1,0
793.76,0.6,118.24,675.51,3,0
1024.92,1.2,115.95,908.97,6,0
655.19,0.2,180.7,474.49,1,0
818.4,0.8,95.32,723.08,4,0
1033.46,1.0,217.43,816.03,5,0
1239.76,1.6,190.27,1049.49,8,0
1011.13,1.0,195.11,816.03,5,0
923.52,1.0,115.05,808.46,5,0
674.44,0.4,114.57,559.87,2,0
697.66,0.6,52.41,645.26,3,0
474.45,0.0,85.35,389.1,0,0
753.76,0.4,186.32,567.44,2,0
925.12,0.8,239.86,685.26,4,0
835.25,0.8,134.86,700.38,4,0
823.0,0.8,99.92,723.08,4,0
1162.07,1.4,250.92,911.15,7,0
854.19,0.8,138.68,715.51,4,0
1036.17,1.2,134.76,901.41,6,0
810.82,0.6,218.51,592.31,3,0
476.23,0.0,64.43,411.79,0,0
742.85,0.6,90.03,652.82,3,0
878.62,0.8,163.11,715.51,4,0
748.4,0.6,118.27,630.13,3,0
1226.03,1.6,237.05,988.97,8,0
1048.14,1.2,199.68,848.46,6,0
675.69,0.4,78.0,597.69,2,0
580.55,0.2,75.81,504.74,1,0
910.84,1.0,109.95,800.9,5,0
472.6,0.0,38.11,434.49,0,0
1239.69,1.6,212.89,1026.79,8,0
1048.71,1.2,162.43,886.28,6,0
568.18,0.0,171.51,396.67,0,0
850.97,0.8,135.46,715.51,4,0
760.06,0.6,107.24,652.82,3,0
722.76,0.6,54.81,667.95,3,0
590.7,0.2,108.65,482.05,1,0
494.19,0.0,59.7,434.49,0,0
1088.66,1.2,194.81,893.85,6,0
920.61,1.0,149.97,770.64,5,0
870.08,0.8,94.05,776.03,4,0
995.68,1.2,86.7,908.97,6,0
736.15,0.4,191.41,544.74,2,0
1180.21,1.4,276.62,903.59,7,0
1050.49,1.2,156.65,893.85,6,0
582.86,0.2,93.24,489.62,1,0
1022.46,1.0,206.43,816.03,5,0
838.96,0.8,100.76,738.21,4,0
699.87,0.4,140.0,559.87,2,0
747.64,0.6,109.95,637.69,3,0
1038.07,1.0,259.86,778.21,5,0
567.43,0.0,178.32,389.1,0,0
1049.19,1.2,200.73,848.46,6,0
719.0,0.6,96.43,622.56,3,0
529.58,0.0,117.78,411.79,0,0
771.9,0.6,119.08,652.82,3,0
666.81,0.4,84.24,582.56,2,1
555.26,0.0,158.59,396.67,0,0
1062.09,1.0,261.19,800.9,5,0
937.54,1.0,174.46,763.08,5,0
895.05,0.8,164.41,730.64,4,0
873.6,0.8,173.22,700.38,4,0
912.97,1.0,96.95,816.03,5,0
865.6,0.8,112.27,753.33,4,0
669.93,0.4,110.05,559.87,2,0
474.33,0.0,47.41,426.92,0,0
1132.07,1.4,205.78,926.28,7,0
767.45,0.6,137.32,630.13,3,0
501.58,0.0,97.35,404.23,0,0
1062.29,1.2,198.7,863.59,6,0
660.64,0.4,123.46,537.18,2,0
982.91,1.0,204.7,778.21,5,0
936.29,1.0,158.08,778.21,5,0
1255.27,1.4,366.81,888.46,7,0
893.97,0.8,178.46,715.51,4,0
949.2,0.8,248.81,700.38,4,0
626.44,0.4,74.14,552.31,2,0
984.63,1.0,191.3,793.33,5,0
1124.91,1.4,145.68,979.23,7,0
913.01,1.0,127.24,785.77,5,0
1095.32,0.8,364.68,730.64,4,0
1243.28,1.4,301.86,941.41,7,0
1047.39,1.2,168.68,878.72,6,0
640.88,0.4,96.14,544.74,2,0
611.56,0.2,121.95,489.62,1,0
824.71,0.8,116.76,707.95,4,0
676.27,0.4,108.84,567.44,2,0
512.13,0.0,115.46,396.67,0,0
984.85,1.2,106.14,878.72,6,0
657.26,0.4,52.0,605.26,2,0
1002.12,1.0,223.92,778.21,5,0
756.7,0.6,126.57,630.13,3,0
1321.21,1.6,317.11,1004.1,8,0
839.78,0.8,109.14,730.64,4,0
756.01,0.6,95.62,660.38,3,0
796.52,0.6,128.57,667.95,3,0
945.16,1.0,182.08,763.08,5,0
816.41,0.6,148.46,667.95,3,0
926.26,0.8,195.62,730.64,4,0
646.23,0.4,109.05,537.18,2,0
512.55,0.0,100.76,411.79,0,0
792.01,0.6,199.7,592.31,3,0
667.36,0.4,115.05,552.31,2,0
829.85,0.8,137.03,692.82,4,0
1053.7,1.2,137.16,916.54,6,0
600.11,0.2,118.05,482.05,1,0
1128.35,1.4,179.38,948.97,7,0
976.91,1.0,206.27,770.64,5,0
1423.81,2.0,301.89,1121.92,10,0
892.52,0.8,184.57,707.95,4,0
1056.54,1.2,200.51,856.03,6,0
621.13,0.2,123.95,497.18,1,0
1435.01,2.0,267.7,1167.31,10,0
891.06,0.8,183.11,707.95,4,0
833.03,0.6,218.03,615.0,3,0
685.11,0.4,117.68,567.44,2,0
1026.56,1.0,248.35,778.21,5,0
946.84,1.0,138.38,808.46,5,0
573.36,0.2,106.43,466.92,1,0
854.73,0.8,146.78,707.95,4,0
850.55,0.8,89.65,760.9,4,0
1098.37,1.4,194.78,903.59,7,0
