"Total_Cost","Ratio_Reloc_Prod","Horiz_Cost","Vert_Cost","nReloc","non_Optimal"
252189.47,0.43,61853.64,190335.93,645,158
638.3,0.2,57.92,580.38,1,0
691.86,0.2,149.3,542.56,1,0
1192.18,1.2,200.0,992.18,6,1
1206.06,1.0,291.7,914.36,5,0
540.83,0.0,83.65,457.18,0,0
604.51,0.2,61.95,542.56,1,1
1381.45,1.4,341.7,1039.74,7,0
664.4,0.2,114.27,550.13,1,1
624.79,0.2,97.35,527.44,1,0
617.91,0.2,60.22,557.69,1,0
1274.14,1.2,312.22,961.92,6,0
747.54,0.4,104.46,643.08,2,1
870.16,0.6,126.57,743.59,3,0
592.33,0.2,80.03,512.31,1,1
1128.16,1.2,211.62,916.54,6,0
808.92,0.6,88.03,720.9,3,1
899.54,0.8,123.51,776.03,4,0
675.11,0.2,94.73,580.38,1,0
525.26,0.0,75.65,449.62,0,1
767.42,0.4,154.59,612.82,2,1
1209.48,1.2,217.3,992.18,6,1
1088.76,1.0,166.84,921.92,5,0
549.45,0.0,84.7,464.74,0,1
706.58,0.2,148.89,557.69,1,0
1235.8,1.0,344.14,891.67,5,0
533.86,0.0,84.24,449.62,0,0
649.28,0.2,84.03,565.26,1,0
1537.29,1.6,419.73,1117.56,8,0
888.86,0.6,145.27,743.59,3,1
593.83,0.0,144.22,449.62,0,0
998.21,0.6,254.62,743.59,3,0
595.26,0.0,138.08,457.18,0,0
746.03,0.4,125.65,620.38,2,1
616.3,0.4,56.43,559.87,2,1
631.61,0.2,134.43,497.18,1,0
1183.18,0.6,439.59,743.59,3,0
810.19,0.4,174.68,635.51,2,0
909.84,0.4,274.32,635.51,2,0
648.09,0.2,143.35,504.74,1,0
443.2,0.0,31.41,411.79,0,1
994.27,0.4,358.76,635.51,2,1
672.24,0.2,129.68,542.56,1,0
584.21,0.0,142.16,442.05,0,1
633.5,0.2,136.32,497.18,1,0
802.43,0.6,119.35,683.08,3,0
735.76,0.4,100.24,635.51,2,1
517.56,0.0,67.95,449.62,0,0
638.36,0.2,126.05,512.31,1,0
1144.66,0.6,378.38,766.28,3,0
1222.73,1.0,353.76,868.97,5,0
906.94,0.8,70.41,836.54,4,1
977.46,0.6,249.0,728.46,3,0
915.67,0.6,172.08,743.59,3,0
1296.17,0.8,489.89,806.28,4,1
834.7,0.4,244.57,590.13,2,0
1022.9,0.4,410.08,612.82,2,1
829.3,0.6,153.78,675.51,3,1
620.26,0.2,130.65,489.62,1,1
970.17,0.8,224.41,745.77,4,1
430.93,0.0,26.7,404.23,0,1
637.21,0.4,39.51,597.69,2,0
722.16,0.4,94.22,627.95,2,1
1188.92,1.0,380.46,808.46,5,1
988.72,0.6,245.14,743.59,3,0
560.67,0.0,111.05,449.62,0,0
807.29,0.6,116.65,690.64,3,0
456.82,0.0,45.03,411.79,0,0
845.51,0.4,210.0,635.51,2,1
961.26,0.6,194.97,766.28,3,0
774.08,0.4,138.57,635.51,2,1
475.36,0.0,56.0,419.36,0,0
504.51,0.0,70.03,434.49,0,1
648.19,0.2,105.62,542.56,1,1
728.77,0.2,171.08,557.69,1,1
860.34,0.6,169.7,690.64,3,0
932.34,0.6,241.7,690.64,3,1
676.12,0.2,118.43,557.69,1,1
785.65,0.6,125.27,660.38,3,1
503.84,0.0,76.92,426.92,0,1
1218.39,1.0,379.68,838.72,5,1
1324.1,0.8,532.95,791.15,4,0
982.78,0.6,231.62,751.15,3,1
1000.93,0.6,295.16,705.77,3,1
963.2,0.4,297.43,665.77,2,0
887.46,0.4,251.95,635.51,2,0
670.48,0.2,112.78,557.69,1,1
786.52,0.4,158.57,627.95,2,1
1160.57,0.8,392.11,768.46,4,0
920.29,0.4,262.08,658.21,2,1
726.02,0.2,183.46,542.56,1,1
914.43,0.6,185.97,728.46,3,0
1533.97,1.2,549.35,984.62,6,1
1031.3,0.4,350.41,680.9,2,0
831.37,0.6,133.16,698.21,3,0
1077.8,0.6,319.08,758.72,3,0
547.58,0.0,82.84,464.74,0,1
861.47,0.2,296.22,565.26,1,1
504.44,0.0,92.65,411.79,0,1
507.22,0.0,87.86,419.36,0,1
480.49,0.0,46.0,434.49,0,1
452.01,0.0,40.22,411.79,0,0
611.97,0.2,69.41,542.56,1,1
445.04,0.0,40.81,404.23,0,1
925.1,0.6,242.03,683.08,3,1
750.94,0.2,193.24,557.69,1,1
994.45,0.6,296.24,698.21,3,1
797.43,0.2,247.3,550.13,1,0
571.54,0.2,44.11,527.44,1,0
1491.16,1.0,561.68,929.49,5,1
1108.83,0.8,325.24,783.59,4,0
928.78,0.4,278.14,650.64,2,0
821.63,0.4,155.86,665.77,2,0
957.62,0.4,314.54,643.08,2,1
996.63,0.4,330.86,665.77,2,0
839.36,0.4,173.59,665.77,2,0
1187.03,1.0,371.0,816.03,5,1
703.52,0.2,176.08,527.44,1,1
924.51,0.8,133.35,791.15,4,1
945.83,0.6,255.19,690.64,3,1
623.0,0.0,188.51,434.49,0,1
592.91,0.2,88.16,504.74,1,1
1011.47,0.6,358.65,652.82,3,0
559.58,0.2,62.41,497.18,1,0
742.94,0.4,145.24,597.69,2,1
878.21,0.4,280.51,597.69,2,0
570.45,0.0,113.27,457.18,0,0
951.46,0.8,130.05,821.41,4,0
594.1,0.2,36.41,557.69,1,1
1168.12,0.6,462.35,705.77,3,1
1729.6,1.4,667.16,1062.44,7,0
573.66,0.0,101.35,472.31,0,0
602.14,0.2,67.14,535.0,1,1
431.93,0.0,27.7,404.23,0,0
622.62,0.2,87.62,535.0,1,0
777.15,0.4,118.95,658.21,2,0
743.58,0.2,185.89,557.69,1,0
547.02,0.0,89.84,457.18,0,1
678.26,0.0,221.08,457.18,0,1
792.16,0.4,149.08,643.08,2,0
941.68,0.6,220.78,720.9,3,1
814.81,0.6,146.86,667.95,3,1
894.32,0.4,258.81,635.51,2,0
878.85,0.8,140.65,738.21,4,1
1300.29,0.8,509.14,791.15,4,0
717.32,0.2,167.19,550.13,1,0
847.33,0.4,226.95,620.38,2,1
1046.54,0.8,270.51,776.03,4,1
1238.28,0.8,432.0,806.28,4,1
1135.06,0.4,575.19,559.87,2,1
700.31,0.2,135.05,565.26,1,0
766.13,0.2,216.0,550.13,1,0
743.61,0.2,193.49,550.13,1,0
742.7,0.4,152.57,590.13,2,1
1044.88,0.8,253.73,791.15,4,1
667.9,0.2,140.46,527.44,1,1
682.72,0.0,225.54,457.18,0,1
628.15,0.2,130.97,497.18,1,1
522.49,0.2,48.0,474.49,1,1
950.06,0.8,189.16,760.9,4,1
727.26,0.2,162.0,565.26,1,0
753.49,0.4,193.62,559.87,2,1
877.23,0.6,171.46,705.77,3,1
1321.83,0.8,538.24,783.59,4,1
791.21,0.2,241.08,550.13,1,1
1113.77,1.0,206.97,906.79,5,0
1180.71,0.8,359.3,821.41,4,0
813.05,0.4,169.97,643.08,2,0
1143.73,0.8,314.76,828.97,4,0
784.42,0.4,118.65,665.77,2,1
549.1,0.0,91.92,457.18,0,0
811.71,0.4,183.76,627.95,2,1
876.95,0.6,156.05,720.9,3,0
698.17,0.2,170.73,527.44,1,0
1271.79,0.8,442.81,828.97,4,1
510.57,0.0,83.65,426.92,0,1
723.3,0.4,102.92,620.38,2,1
935.11,0.8,159.08,776.03,4,1
874.92,0.4,239.41,635.51,2,1
1051.58,0.6,338.24,713.33,3,0
796.63,0.4,130.86,665.77,2,1
680.23,0.2,114.97,565.26,1,1
707.59,0.4,117.46,590.13,2,1
729.71,0.6,69.32,660.38,3,1
790.0,0.4,154.49,635.51,2,1
866.39,0.4,261.14,605.26,2,0
1401.85,1.2,447.49,954.36,6,1
714.36,0.2,141.54,572.82,1,0
446.5,0.0,34.7,411.79,0,1
1370.42,1.2,431.19,939.23,6,0
834.82,0.4,222.0,612.82,2,0
1251.7,0.8,422.73,828.97,4,1
570.64,0.0,113.46,457.18,0,1
526.49,0.2,52.0,474.49,1,1
553.52,0.2,41.22,512.31,1,1
511.93,0.0,92.57,419.36,0,1
610.9,0.4,51.03,559.87,2,1
1296.03,1.0,434.62,861.41,5,0
1078.86,0.4,443.35,635.51,2,1
1018.86,0.6,282.84,736.03,3,0
1216.0,0.4,580.49,635.51,2,1
1031.6,0.4,358.27,673.33,2,0
672.42,0.2,107.16,565.26,1,1
732.61,0.2,182.49,550.13,1,1
1026.48,0.6,328.27,698.21,3,1
1000.19,0.6,332.24,667.95,3,1
665.34,0.4,75.22,590.13,2,1
1144.09,0.6,423.19,720.9,3,1
1173.29,0.8,374.57,798.72,4,0
1051.22,0.6,322.76,728.46,3,0
971.54,0.6,288.46,683.08,3,0
705.4,0.2,155.27,550.13,1,1
531.14,0.0,96.65,434.49,0,1
1196.48,1.0,319.95,876.54,5,1
672.72,0.2,115.03,557.69,1,1
677.23,0.2,111.97,565.26,1,0
1006.88,0.8,215.73,791.15,4,1
895.49,0.4,320.49,575.0,2,1
732.34,0.4,127.08,605.26,2,0
641.67,0.2,99.11,542.56,1,1
553.55,0.0,88.81,464.74,0,0
1170.28,0.8,348.86,821.41,4,0
564.72,0.0,107.54,457.18,0,0
1051.61,0.8,245.32,806.28,4,0
817.42,0.4,204.59,612.82,2,1
679.68,0.4,104.68,575.0,2,1
975.38,0.8,153.97,821.41,4,1
793.37,0.2,243.24,550.13,1,0
1265.2,0.8,466.49,798.72,4,0
686.99,0.4,81.73,605.26,2,0
592.23,0.2,95.05,497.18,1,1
736.56,0.2,194.0,542.56,1,0
811.83,0.4,168.76,643.08,2,0
844.67,0.4,201.59,643.08,2,0
809.89,0.4,181.95,627.95,2,0
1041.04,0.4,375.27,665.77,2,0
1100.03,0.8,324.0,776.03,4,1
811.99,0.4,214.3,597.69,2,1
710.24,0.2,160.11,550.13,1,0
685.94,0.2,196.32,489.62,1,0
1054.47,0.8,308.7,745.77,4,1
633.81,0.2,98.81,535.0,1,1
858.5,0.4,253.24,605.26,2,0
1368.04,1.0,468.81,899.23,5,0
896.45,0.2,331.19,565.26,1,1
622.3,0.4,62.43,559.87,2,1
533.14,0.0,106.22,426.92,0,1
550.47,0.0,85.73,464.74,0,0
582.53,0.0,117.78,464.74,0,0
617.61,0.2,120.43,497.18,1,0
1079.33,0.8,318.43,760.9,4,0
1368.18,1.0,537.03,831.15,5,0
883.1,0.6,192.46,690.64,3,1
949.0,0.6,265.92,683.08,3,1
1054.77,0.6,356.57,698.21,3,1
560.75,0.2,78.7,482.05,1,1
756.03,0.2,236.16,519.87,1,0
1610.55,1.2,610.81,999.74,6,0
857.2,0.4,191.43,665.77,2,0
570.6,0.0,136.11,434.49,0,0
558.94,0.0,101.76,457.18,0,0
1249.15,0.6,603.89,645.26,3,1
565.89,0.0,116.27,449.62,0,1
923.29,0.4,280.22,643.08,2,0
1045.29,0.8,254.14,791.15,4,0
1111.2,0.8,304.92,806.28,4,1
975.26,0.6,277.05,698.21,3,1
669.39,0.0,204.65,464.74,0,0
1093.0,0.6,356.97,736.03,3,1
875.26,0.4,209.49,665.77,2,0
937.89,0.6,194.3,743.59,3,1
818.85,0.4,160.65,658.21,2,1
1025.76,0.6,289.73,736.03,3,1
676.53,0.2,111.27,565.26,1,1
486.66,0.0,74.86,411.79,0,1
566.58,0.2,61.84,504.74,1,1
1197.31,0.8,391.03,806.28,4,0
995.06,0.8,173.65,821.41,4,1
626.91,0.0,169.73,457.18,0,1
555.5,0.2,58.32,497.18,1,1
579.92,0.2,44.92,535.0,1,1
893.13,0.6,202.49,690.64,3,0
656.53,0.2,106.41,550.13,1,1
735.11,0.6,74.73,660.38,3,1
651.44,0.2,124.0,527.44,1,0
882.92,0.4,254.97,627.95,2,0
874.83,0.4,231.76,643.08,2,0
774.41,0.4,146.46,627.95,2,0
1154.18,0.6,410.59,743.59,3,1
821.23,0.4,223.54,597.69,2,0
825.32,0.4,174.68,650.64,2,0
1051.76,0.6,315.73,736.03,3,1
569.92,0.0,135.43,434.49,0,0
673.04,0.4,60.22,612.82,2,0
1094.82,0.6,381.49,713.33,3,1
718.83,0.2,176.27,542.56,1,0
830.03,0.4,194.51,635.51,2,1
497.44,0.0,70.51,426.92,0,1
1294.09,1.0,440.24,853.85,5,0
888.38,0.6,167.49,720.9,3,0
675.58,0.2,110.32,565.26,1,1
