"Total_Cost","Ratio_Reloc_Prod","Horiz_Cost","Vert_Cost","nReloc","non_Optimal"
247128.36,0.7513,36317.51,210811.05,1127,300
875.76,1.0,120.24,755.51,5,1
952.28,1.0,219.46,732.82,5,1
789.93,0.6,144.68,645.26,3,1
549.7,0.2,75.22,474.49,1,1
1024.57,1.2,176.11,848.46,6,1
1334.29,2.0,242.62,1091.67,10,1
607.77,0.4,63.03,544.74,2,1
1070.81,1.2,222.35,848.46,6,1
449.1,0.0,60.0,389.1,0,1
865.26,0.8,187.57,677.69,4,1
477.96,0.0,73.73,404.23,0,1
697.6,0.4,145.3,552.31,2,1
1002.55,1.2,176.78,825.77,6,1
577.66,0.2,72.92,504.74,1,1
612.05,0.4,82.43,529.62,2,1
489.58,0.0,70.22,419.36,0,1
923.27,1.0,160.19,763.08,5,1
754.63,0.6,109.38,645.26,3,1
652.14,0.4,77.14,575.0,2,1
568.4,0.2,71.22,497.18,1,1
825.23,0.8,139.97,685.26,4,1
750.22,0.6,89.84,660.38,3,1
675.74,0.4,123.43,552.31,2,1
959.33,1.0,166.0,793.33,5,1
1185.95,1.6,136.46,1049.49,8,1
714.17,0.6,106.73,607.44,3,1
1125.71,1.4,131.35,994.36,7,1
613.96,0.2,116.78,497.18,1,1
723.73,0.4,156.3,567.44,2,1
945.33,1.2,104.43,840.9,6,1
871.37,1.0,100.73,770.64,5,1
914.55,1.0,113.65,800.9,5,1
807.08,0.8,99.14,707.95,4,1
691.17,0.4,138.86,552.31,2,1
791.2,0.6,145.95,645.26,3,1
1035.99,1.2,157.27,878.72,6,1
1313.09,2.0,153.35,1159.74,10,1
542.86,0.2,60.81,482.05,1,1
964.83,1.2,86.11,878.72,6,1
764.65,0.6,142.08,622.56,3,1
521.19,0.2,46.7,474.49,1,1
716.45,0.6,86.32,630.13,3,1
832.25,0.8,78.92,753.33,4,1
916.37,0.8,193.3,723.08,4,1
925.36,1.0,124.46,800.9,5,1
1263.98,1.6,229.62,1034.36,8,1
779.28,0.6,179.41,599.87,3,1
495.69,0.0,91.46,404.23,0,1
1207.37,1.6,195.7,1011.67,8,1
1074.27,1.0,250.68,823.59,5,1
1351.21,1.8,254.16,1097.05,9,1
1083.63,1.4,157.35,926.28,7,1
743.28,0.6,98.03,645.26,3,1
500.6,0.0,66.11,434.49,0,1
734.52,0.6,74.14,660.38,3,1
892.1,0.8,153.89,738.21,4,1
1153.61,1.4,174.38,979.23,7,1
993.52,1.2,92.11,901.41,6,1
927.95,1.0,127.05,800.9,5,1
755.4,0.6,125.27,630.13,3,1
582.63,0.0,155.7,426.92,0,1
846.64,0.8,108.43,738.21,4,1
1503.53,2.2,250.84,1252.69,11,1
1083.51,1.4,134.54,948.97,7,1
710.05,0.6,79.92,630.13,3,1
1304.86,1.8,192.68,1112.18,9,1
955.76,1.2,99.73,856.03,6,1
726.11,0.6,65.73,660.38,3,1
828.13,0.8,105.05,723.08,4,1
574.24,0.2,99.76,474.49,1,1
610.61,0.4,73.43,537.18,2,1
830.92,0.8,122.97,707.95,4,1
600.15,0.4,55.41,544.74,2,1
794.59,0.8,71.51,723.08,4,1
891.16,1.0,135.65,755.51,5,1
483.68,0.0,64.32,419.36,0,1
826.26,0.4,228.57,597.69,2,1
689.67,0.6,67.11,622.56,3,1
987.32,1.0,171.3,816.03,5,1
666.5,0.4,68.81,597.69,2,1
764.03,0.6,88.51,675.51,3,1
926.55,1.0,125.65,800.9,5,1
993.03,1.2,144.57,848.46,6,1
808.72,0.8,123.46,685.26,4,1
802.86,0.8,147.86,655.0,4,1
823.27,0.8,107.76,715.51,4,1
638.15,0.4,85.84,552.31,2,1
942.52,1.0,134.05,808.46,5,1
727.57,0.6,120.14,607.44,3,1
972.18,1.0,148.59,823.59,5,1
628.74,0.4,76.43,552.31,2,1
781.61,0.8,96.35,685.26,4,1
461.12,0.0,49.32,411.79,0,1
673.63,0.4,60.81,612.82,2,1
490.11,0.0,55.62,434.49,0,1
796.11,0.6,181.11,615.0,3,1
1149.4,1.6,152.86,996.54,8,1
1028.8,1.0,190.08,838.72,5,1
1355.78,2.0,165.78,1190.0,10,1
1003.92,1.0,203.03,800.9,5,1
723.56,0.6,93.43,630.13,3,1
929.79,1.0,136.46,793.33,5,1
1024.27,1.2,160.68,863.59,6,1
647.9,0.4,88.03,559.87,2,1
1161.32,1.4,197.22,964.1,7,1
649.31,0.4,112.14,537.18,2,1
839.95,0.8,139.57,700.38,4,1
1038.85,1.2,152.57,886.28,6,1
850.87,0.8,150.49,700.38,4,1
761.29,0.6,131.16,630.13,3,1
879.48,0.8,156.41,723.08,4,1
1362.27,1.8,219.84,1142.44,9,1
616.31,0.4,79.14,537.18,2,1
730.02,0.6,92.32,637.69,3,1
819.14,0.8,118.76,700.38,4,1
1003.95,1.2,163.05,840.9,6,1
758.77,0.6,105.95,652.82,3,1
1254.88,1.8,135.14,1119.74,9,1
565.26,0.2,75.65,489.62,1,1
1100.51,1.2,176.41,924.1,6,1
1174.34,1.4,195.11,979.23,7,1
838.16,0.8,122.65,715.51,4,1
899.21,1.0,128.57,770.64,5,1
451.36,0.0,32.0,419.36,0,1
1053.61,1.4,127.32,926.28,7,1
729.53,0.6,91.84,637.69,3,1
671.95,0.4,96.95,575.0,2,1
677.03,0.4,117.16,559.87,2,1
617.53,0.4,27.41,590.13,2,1
1035.46,0.8,267.0,768.46,4,1
818.82,0.8,118.43,700.38,4,1
497.3,0.0,62.81,434.49,0,1
1070.25,1.4,128.84,941.41,7,1
477.82,0.0,66.03,411.79,0,1
1147.75,1.4,191.22,956.54,7,1
853.91,0.8,123.27,730.64,4,1
459.37,0.0,62.7,396.67,0,1
806.37,0.8,75.73,730.64,4,1
717.28,0.4,104.46,612.82,2,1
1059.38,1.2,210.92,848.46,6,1
1047.6,1.2,146.19,901.41,6,1
733.75,0.4,151.19,582.56,2,1
844.86,0.8,129.35,715.51,4,1
624.05,0.4,94.43,529.62,2,1
1287.17,1.8,144.73,1142.44,9,1
837.04,0.8,159.35,677.69,4,1
913.51,0.8,190.43,723.08,4,1
1014.14,1.2,165.68,848.46,6,1
1051.89,1.2,135.35,916.54,6,1
740.71,0.6,133.27,607.44,3,1
1024.91,1.2,153.76,871.15,6,1
835.46,0.8,119.95,715.51,4,1
475.05,0.0,33.0,442.05,0,1
619.82,0.2,115.08,504.74,1,1
533.16,0.2,51.11,482.05,1,1
1350.51,1.8,200.51,1150.0,9,1
565.39,0.2,45.51,519.87,1,1
916.04,1.0,130.27,785.77,5,1
1097.37,1.4,133.27,964.1,7,1
1157.77,1.4,186.11,971.67,7,1
671.86,0.4,81.73,590.13,2,1
455.36,0.0,36.0,419.36,0,1
933.71,1.0,140.38,793.33,5,1
833.24,0.6,142.59,690.64,3,1
1026.34,1.2,215.7,810.64,6,1
736.62,0.6,61.11,675.51,3,1
1101.0,1.4,197.41,903.59,7,1
778.26,0.6,140.57,637.69,3,1
837.81,0.8,129.86,707.95,4,1
768.2,0.6,122.95,645.26,3,1
605.42,0.4,53.11,552.31,2,1
592.64,0.2,95.46,497.18,1,1
1278.5,1.8,158.76,1119.74,9,1
541.09,0.2,81.73,459.36,1,1
710.49,0.6,110.62,599.87,3,1
723.26,0.4,125.57,597.69,2,1
839.01,0.8,93.24,745.77,4,1
606.01,0.2,101.27,504.74,1,1
882.8,0.8,152.16,730.64,4,1
433.1,0.0,44.0,389.1,0,1
1178.29,1.6,121.24,1057.05,8,1
865.92,0.8,150.41,715.51,4,1
907.43,1.0,83.84,823.59,5,1
975.96,1.2,97.24,878.72,6,1
1212.28,1.6,177.92,1034.36,8,1
483.58,0.0,26.41,457.18,0,1
746.29,0.6,63.22,683.08,3,1
1256.97,1.8,152.35,1104.62,9,1
780.11,0.6,112.16,667.95,3,1
837.24,0.8,114.16,723.08,4,1
584.59,0.2,102.54,482.05,1,1
1106.09,1.4,111.73,994.36,7,1
808.72,0.8,123.46,685.26,4,1
1255.75,1.6,198.7,1057.05,8,1
1223.29,1.8,126.24,1097.05,9,1
741.39,0.4,196.65,544.74,2,1
591.69,0.2,86.95,504.74,1,1
474.89,0.0,40.41,434.49,0,1
735.84,0.6,60.32,675.51,3,1
788.24,0.6,158.11,630.13,3,1
961.86,1.0,138.27,823.59,5,1
476.6,0.0,42.11,434.49,0,1
504.88,0.0,100.65,404.23,0,1
762.05,0.6,71.41,690.64,3,1
538.65,0.0,104.16,434.49,0,1
481.49,0.0,62.14,419.36,0,1
1158.98,1.4,172.19,986.79,7,1
1020.2,1.2,141.49,878.72,6,1
710.57,0.4,150.7,559.87,2,1
661.16,0.4,71.03,590.13,2,1
839.73,0.8,116.65,723.08,4,1
700.08,0.4,132.65,567.44,2,1
732.88,0.6,87.62,645.26,3,1
663.84,0.4,103.97,559.87,2,1
492.81,0.0,58.32,434.49,0,1
495.36,0.0,68.43,426.92,0,1
593.86,0.0,98.86,495.0,0,1
459.19,0.0,24.7,434.49,0,1
468.19,0.0,33.7,434.49,0,1
557.41,0.0,130.49,426.92,0,1
850.86,0.8,127.78,723.08,4,1
813.21,0.8,143.08,670.13,4,1
741.81,0.4,166.81,575.0,2,1
1136.44,1.4,195.03,941.41,7,1
475.79,0.0,56.43,419.36,0,1
856.01,0.8,110.24,745.77,4,1
550.32,0.0,108.27,442.05,0,1
1014.05,1.2,89.95,924.1,6,1
1116.84,1.4,167.86,948.97,7,1
1171.74,1.4,192.51,979.23,7,1
481.72,0.0,85.05,396.67,0,1
911.36,1.0,110.46,800.9,5,1
901.77,1.0,123.57,778.21,5,1
1408.53,2.2,148.27,1260.26,11,1
753.54,0.6,78.03,675.51,3,1
733.98,0.6,141.68,592.31,3,1
613.91,0.4,76.73,537.18,2,1
1308.98,1.6,214.11,1094.87,8,1
982.88,1.2,111.73,871.15,6,1
1009.63,1.2,123.35,886.28,6,1
754.41,0.6,139.41,615.0,3,1
881.22,1.0,133.27,747.95,5,1
854.79,0.8,101.46,753.33,4,1
1219.9,1.6,193.11,1026.79,8,1
957.82,1.0,164.49,793.33,5,1
1112.23,1.4,140.57,971.67,7,1
828.74,0.8,128.35,700.38,4,1
640.57,0.4,73.14,567.44,2,1
479.73,0.0,52.81,426.92,0,1
1247.14,1.6,205.22,1041.92,8,1
879.87,1.0,147.05,732.82,5,1
775.24,0.6,99.73,675.51,3,1
730.3,0.6,69.92,660.38,3,1
431.04,0.0,26.81,404.23,0,1
535.56,0.0,85.95,449.62,0,1
648.73,0.4,73.73,575.0,2,1
663.58,0.4,58.32,605.26,2,1
1028.22,1.2,119.24,908.97,6,1
746.94,0.6,109.24,637.69,3,1
1061.86,1.0,238.27,823.59,5,1
483.98,0.0,64.62,419.36,0,1
648.85,0.4,96.54,552.31,2,1
832.8,0.8,87.03,745.77,4,1
1059.11,1.2,142.57,916.54,6,1
931.59,1.0,115.57,816.03,5,1
622.44,0.2,155.51,466.92,1,1
998.7,1.0,182.68,816.03,5,1
624.31,0.2,119.57,504.74,1,1
462.26,0.0,58.03,404.23,0,1
1020.05,1.2,156.46,863.59,6,1
734.47,0.6,81.65,652.82,3,1
561.43,0.2,86.95,474.49,1,1
639.12,0.4,79.24,559.87,2,1
514.12,0.0,94.76,419.36,0,1
971.59,1.0,79.92,891.67,5,1
1005.04,1.2,118.76,886.28,6,1
669.57,0.4,102.14,567.44,2,1
943.41,1.0,150.08,793.33,5,1
1156.72,1.4,177.49,979.23,7,1
875.39,1.0,89.62,785.77,5,1
520.87,0.2,61.51,459.36,1,1
670.72,0.4,125.97,544.74,2,1
644.97,0.4,62.41,582.56,2,1
518.49,0.0,99.14,419.36,0,1
1120.16,1.4,156.05,964.1,7,1
632.75,0.4,103.14,529.62,2,1
889.65,0.8,128.76,760.9,4,1
872.68,0.8,119.35,753.33,4,1
794.93,0.8,94.54,700.38,4,1
854.37,0.8,116.16,738.21,4,1
477.77,0.0,73.54,404.23,0,1
569.64,0.2,80.03,489.62,1,1
1066.4,1.4,170.38,896.03,7,1
569.12,0.2,56.81,512.31,1,1
1027.88,1.2,149.16,878.72,6,1
1088.17,1.2,194.32,893.85,6,1
816.07,0.8,138.38,677.69,4,1
905.54,0.8,137.08,768.46,4,1
864.97,0.8,194.84,670.13,4,1
899.68,1.0,106.35,793.33,5,1
