"Total_Cost","Ratio_Reloc_Prod","Horiz_Cost","Vert_Cost","nReloc","non_Optimal"
240681.66,0.344,55687.21,184994.44,516,300
782.92,0.4,102.03,680.9,2,1
734.95,0.2,147.0,587.95,1,1
924.44,0.6,203.54,720.9,3,1
883.28,0.4,217.51,665.77,2,1
594.51,0.0,99.51,495.0,0,1
902.17,0.6,196.41,705.77,3,1
911.17,0.8,97.32,813.85,4,1
521.82,0.0,102.46,419.36,0,1
900.15,0.6,209.51,690.64,3,1
982.75,0.8,191.59,791.15,4,1
671.07,0.2,113.38,557.69,1,1
524.56,0.0,74.95,449.62,0,1
507.26,0.0,42.51,464.74,0,1
1049.63,1.0,188.22,861.41,5,1
921.89,0.6,178.3,743.59,3,1
981.67,0.6,245.65,736.03,3,1
1155.22,1.0,233.3,921.92,5,1
855.95,0.6,135.05,720.9,3,1
758.83,0.4,115.76,643.08,2,1
647.43,0.2,104.86,542.56,1,1
1021.16,0.8,237.57,783.59,4,1
834.82,0.6,129.05,705.77,3,1
723.5,0.4,110.68,612.82,2,1
931.65,0.6,195.62,736.03,3,1
1061.48,0.8,277.89,783.59,4,1
1017.61,0.8,211.32,806.28,4,1
654.02,0.2,111.46,542.56,1,1
527.26,0.0,62.51,464.74,0,1
558.42,0.0,101.24,457.18,0,1
534.74,0.0,70.0,464.74,0,1
803.0,0.4,167.49,635.51,2,1
753.43,0.4,110.35,643.08,2,1
1172.99,1.0,281.32,891.67,5,1
798.78,0.4,155.7,643.08,2,1
636.77,0.2,71.51,565.26,1,1
594.45,0.0,137.27,457.18,0,1
754.32,0.4,111.24,643.08,2,1
888.24,0.6,144.65,743.59,3,1
957.77,0.8,159.05,798.72,4,1
774.56,0.4,131.49,643.08,2,1
923.59,0.6,180.0,743.59,3,1
535.88,0.0,71.14,464.74,0,1
1287.17,0.8,473.32,813.85,4,1
1082.56,0.6,331.41,751.15,3,1
799.47,0.2,287.16,512.31,1,1
1098.53,0.8,299.81,798.72,4,1
965.86,0.4,315.22,650.64,2,1
882.29,0.6,123.57,758.72,3,1
954.98,0.6,226.51,728.46,3,1
708.67,0.2,166.11,542.56,1,1
893.21,0.4,250.14,643.08,2,1
984.58,0.8,185.86,798.72,4,1
1347.05,1.2,377.57,969.49,6,1
596.37,0.0,139.19,457.18,0,1
929.88,0.6,231.68,698.21,3,1
641.28,0.2,76.03,565.26,1,1
934.27,0.6,198.24,736.03,3,1
958.96,0.4,293.19,665.77,2,1
675.04,0.2,117.35,557.69,1,1
1095.92,0.6,359.89,736.03,3,1
654.16,0.2,104.03,550.13,1,1
812.03,0.6,136.51,675.51,3,1
570.48,0.0,120.86,449.62,0,1
1185.35,0.6,502.27,683.08,3,1
1018.23,0.4,352.46,665.77,2,1
1155.12,0.6,396.41,758.72,3,1
855.13,0.4,212.05,643.08,2,1
1413.2,1.0,498.84,914.36,5,1
785.64,0.4,142.57,643.08,2,1
905.93,0.6,192.59,713.33,3,1
981.83,0.4,338.76,643.08,2,1
569.03,0.0,149.68,419.36,0,1
516.49,0.0,82.0,434.49,0,1
841.26,0.4,190.62,650.64,2,1
645.22,0.2,110.22,535.0,1,1
1124.05,0.6,433.41,690.64,3,1
1400.9,0.8,587.05,813.85,4,1
788.67,0.4,138.03,650.64,2,1
941.01,0.4,275.24,665.77,2,1
568.8,0.0,104.05,464.74,0,1
853.81,0.4,210.73,643.08,2,1
593.93,0.0,129.19,464.74,0,1
560.15,0.0,102.97,457.18,0,1
518.05,0.0,76.0,442.05,0,1
1649.89,1.2,680.41,969.49,6,1
870.84,0.6,142.38,728.46,3,1
1325.05,1.2,340.43,984.62,6,1
475.36,0.0,56.0,419.36,0,1
1097.75,0.8,261.22,836.54,4,1
743.97,0.2,201.41,542.56,1,1
732.0,0.4,104.05,627.95,2,1
611.36,0.2,99.05,512.31,1,1
691.61,0.2,126.35,565.26,1,1
562.8,0.0,98.05,464.74,0,1
1275.76,0.6,554.86,720.9,3,1
1222.34,0.6,463.62,758.72,3,1
577.31,0.0,112.57,464.74,0,1
601.48,0.0,151.86,449.62,0,1
649.21,0.2,99.08,550.13,1,1
948.99,0.6,190.27,758.72,3,1
574.85,0.0,102.54,472.31,0,1
903.29,0.4,252.65,650.64,2,1
733.93,0.2,161.11,572.82,1,1
822.18,0.4,163.97,658.21,2,1
919.89,0.6,183.86,736.03,3,1
1046.45,0.8,202.35,844.1,4,1
710.61,0.2,160.49,550.13,1,1
818.47,0.4,145.14,673.33,2,1
1012.64,0.8,168.54,844.1,4,1
1178.32,0.8,341.78,836.54,4,1
755.9,0.4,90.14,665.77,2,1
629.49,0.2,102.05,527.44,1,1
520.21,0.0,63.03,457.18,0,1
558.58,0.0,93.84,464.74,0,1
918.12,0.6,204.78,713.33,3,1
711.48,0.2,153.78,557.69,1,1
638.13,0.2,88.0,550.13,1,1
782.57,0.6,122.19,660.38,3,1
639.21,0.2,96.65,542.56,1,1
803.4,0.2,245.7,557.69,1,1
594.18,0.0,137.0,457.18,0,1
546.09,0.0,81.35,464.74,0,1
524.53,0.0,74.92,449.62,0,1
709.14,0.2,181.7,527.44,1,1
1311.57,0.8,482.59,828.97,4,1
934.75,0.6,183.59,751.15,3,1
829.81,0.4,186.73,643.08,2,1
951.18,0.6,207.59,743.59,3,1
572.69,0.0,107.95,464.74,0,1
1689.78,1.0,760.3,929.49,5,1
1234.75,0.8,390.65,844.1,4,1
653.9,0.2,126.46,527.44,1,1
711.17,0.2,183.73,527.44,1,1
925.3,0.4,297.35,627.95,2,1
821.39,0.4,163.19,658.21,2,1
962.5,0.4,296.73,665.77,2,1
700.27,0.2,157.7,542.56,1,1
584.64,0.0,119.89,464.74,0,1
732.54,0.2,197.54,535.0,1,1
793.94,0.4,150.86,643.08,2,1
788.12,0.4,122.35,665.77,2,1
1037.93,0.4,372.16,665.77,2,1
886.37,0.6,188.16,698.21,3,1
659.28,0.2,94.03,565.26,1,1
1137.42,0.8,346.27,791.15,4,1
513.4,0.0,71.35,442.05,0,1
1125.51,0.6,389.49,736.03,3,1
527.35,0.0,77.73,449.62,0,1
956.76,0.4,328.81,627.95,2,1
710.4,0.2,152.7,557.69,1,1
607.29,0.0,150.11,457.18,0,1
1024.43,0.6,295.97,728.46,3,1
843.27,0.4,200.19,643.08,2,1
976.28,0.6,262.95,713.33,3,1
843.07,0.2,292.95,550.13,1,1
589.92,0.2,54.92,535.0,1,1
574.96,0.0,117.78,457.18,0,1
447.79,0.0,36.0,411.79,0,1
785.75,0.4,127.54,658.21,2,1
745.15,0.2,187.46,557.69,1,1
767.51,0.2,232.51,535.0,1,1
567.37,0.0,117.76,449.62,0,1
973.29,0.6,229.7,743.59,3,1
956.95,0.4,336.57,620.38,2,1
843.85,0.4,178.08,665.77,2,1
987.81,0.8,151.27,836.54,4,1
801.39,0.4,128.05,673.33,2,1
514.05,0.0,64.43,449.62,0,1
774.04,0.2,208.78,565.26,1,1
923.1,0.4,280.03,643.08,2,1
769.5,0.2,204.24,565.26,1,1
843.72,0.4,193.08,650.64,2,1
663.48,0.2,113.35,550.13,1,1
863.88,0.4,213.24,650.64,2,1
784.2,0.4,110.86,673.33,2,1
536.3,0.0,56.43,479.87,0,1
839.11,0.4,203.59,635.51,2,1
775.19,0.4,139.68,635.51,2,1
819.95,0.4,192.0,627.95,2,1
928.05,0.2,385.49,542.56,1,1
605.27,0.2,77.84,527.44,1,1
979.48,0.6,288.84,690.64,3,1
625.64,0.0,160.89,464.74,0,1
897.99,0.2,332.73,565.26,1,1
1064.84,0.8,235.86,828.97,4,1
1230.03,0.8,401.05,828.97,4,1
570.53,0.0,113.35,457.18,0,1
877.91,0.4,234.84,643.08,2,1
827.77,0.4,162.0,665.77,2,1
623.45,0.0,158.7,464.74,0,1
927.74,0.4,261.97,665.77,2,1
580.42,0.0,115.68,464.74,0,1
698.18,0.2,140.49,557.69,1,1
667.61,0.2,102.35,565.26,1,1
540.77,0.0,76.03,464.74,0,1
823.85,0.2,266.16,557.69,1,1
1197.53,0.4,531.76,665.77,2,1
601.01,0.0,136.27,464.74,0,1
653.16,0.2,103.03,550.13,1,1
555.34,0.0,98.16,457.18,0,1
901.6,0.4,341.73,559.87,2,1
642.19,0.2,99.62,542.56,1,1
800.07,0.2,242.38,557.69,1,1
648.15,0.2,90.46,557.69,1,1
721.28,0.2,140.89,580.38,1,1
700.39,0.2,135.14,565.26,1,1
660.72,0.2,103.03,557.69,1,1
966.77,0.4,308.57,658.21,2,1
714.28,0.2,141.46,572.82,1,1
728.18,0.2,170.49,557.69,1,1
631.64,0.2,73.95,557.69,1,1
532.83,0.0,75.65,457.18,0,1
484.11,0.0,49.62,434.49,0,1
759.19,0.4,131.24,627.95,2,1
594.48,0.0,137.3,457.18,0,1
762.71,0.4,134.76,627.95,2,1
779.26,0.4,121.05,658.21,2,1
885.49,0.6,149.46,736.03,3,1
594.64,0.0,129.89,464.74,0,1
1198.06,0.8,369.08,828.97,4,1
685.98,0.2,113.16,572.82,1,1
567.13,0.0,109.95,457.18,0,1
556.69,0.0,91.95,464.74,0,1
792.88,0.2,235.19,557.69,1,1
779.36,0.4,106.03,673.33,2,1
550.07,0.0,100.46,449.62,0,1
872.19,0.4,229.11,643.08,2,1
591.58,0.0,119.27,472.31,0,1
884.28,0.4,218.51,665.77,2,1
784.94,0.4,141.86,643.08,2,1
655.99,0.0,191.24,464.74,0,1
537.16,0.0,87.54,449.62,0,1
1068.21,0.8,224.11,844.1,4,1
787.25,0.4,174.43,612.82,2,1
585.5,0.0,120.76,464.74,0,1
687.93,0.2,122.68,565.26,1,1
911.35,0.6,167.76,743.59,3,1
1030.16,0.6,294.14,736.03,3,1
835.58,0.4,169.81,665.77,2,1
1092.66,0.6,326.38,766.28,3,1
560.42,0.0,95.68,464.74,0,1
1210.09,0.8,396.24,813.85,4,1
893.04,0.4,227.27,665.77,2,1
814.21,0.4,156.0,658.21,2,1
575.82,0.0,111.08,464.74,0,1
515.66,0.0,50.92,464.74,0,1
840.67,0.2,282.97,557.69,1,1
971.7,0.6,228.11,743.59,3,1
711.08,0.2,168.51,542.56,1,1
678.42,0.2,113.16,565.26,1,1
625.93,0.0,161.19,464.74,0,1
975.11,0.6,239.08,736.03,3,1
1431.11,1.0,562.14,868.97,5,1
809.45,0.2,259.32,550.13,1,1
755.01,0.4,142.19,612.82,2,1
1170.38,0.6,434.35,736.03,3,1
635.42,0.2,77.73,557.69,1,1
565.07,0.0,100.32,464.74,0,1
867.23,0.4,201.46,665.77,2,1
613.17,0.2,85.73,527.44,1,1
667.8,0.0,203.05,464.74,0,1
837.64,0.4,194.57,643.08,2,1
565.73,0.0,131.24,434.49,0,1
552.69,0.0,87.95,464.74,0,1
864.53,0.4,198.76,665.77,2,1
614.56,0.2,72.0,542.56,1,1
624.61,0.2,66.92,557.69,1,1
1081.0,0.6,352.54,728.46,3,1
1128.3,1.0,213.95,914.36,5,1
654.73,0.2,112.16,542.56,1,1
547.56,0.0,90.38,457.18,0,1
767.23,0.4,109.03,658.21,2,1
1181.32,0.8,344.78,836.54,4,1
778.42,0.4,112.65,665.77,2,1
659.99,0.2,94.73,565.26,1,1
877.07,0.6,118.35,758.72,3,1
675.87,0.2,103.05,572.82,1,1
952.12,0.6,238.78,713.33,3,1
811.67,0.4,168.59,643.08,2,1
673.93,0.2,108.68,565.26,1,1
981.37,0.4,323.16,658.21,2,1
922.85,0.4,249.51,673.33,2,1
639.5,0.2,81.81,557.69,1,1
797.85,0.4,132.08,665.77,2,1
774.24,0.4,131.16,643.08,2,1
660.58,0.2,95.32,565.26,1,1
834.13,0.4,183.49,650.64,2,1
674.96,0.2,102.14,572.82,1,1
561.07,0.0,96.32,464.74,0,1
659.69,0.2,94.43,565.26,1,1
868.75,0.4,210.54,658.21,2,1
659.55,0.2,86.73,572.82,1,1
561.04,0.0,103.86,457.18,0,1
569.5,0.0,104.76,464.74,0,1
800.23,0.4,134.46,665.77,2,1
564.69,0.0,99.95,464.74,0,1
698.8,0.2,133.54,565.26,1,1
559.66,0.0,94.92,464.74,0,1
888.12,0.6,121.84,766.28,3,1
782.45,0.2,217.19,565.26,1,1
