"Total_Cost","Ratio_Reloc_Prod","Horiz_Cost","Vert_Cost","nReloc","non_Optimal"
232768.58,0.436,40317.9,192450.83,654,139
549.25,0.0,76.95,472.31,0,0
844.23,0.6,85.51,758.72,3,1
876.08,0.6,140.05,736.03,3,0
716.63,0.2,136.24,580.38,1,0
715.53,0.4,110.27,605.26,2,1
875.14,0.6,146.68,728.46,3,0
642.83,0.2,100.27,542.56,1,1
735.45,0.2,185.32,550.13,1,1
659.37,0.0,209.76,449.62,0,1
747.34,0.4,89.14,658.21,2,0
923.54,0.8,139.95,783.59,4,0
827.63,0.6,121.86,705.77,3,0
622.69,0.2,57.43,565.26,1,0
553.75,0.0,96.57,457.18,0,1
915.0,0.6,171.41,743.59,3,0
802.65,0.6,66.62,736.03,3,0
1097.85,1.0,251.57,846.28,5,1
528.75,0.0,79.14,449.62,0,1
589.42,0.0,124.68,464.74,0,1
787.64,0.4,137.0,650.64,2,1
554.09,0.0,89.35,464.74,0,0
717.21,0.2,159.51,557.69,1,1
732.33,0.4,164.89,567.44,2,0
921.63,0.8,100.22,821.41,4,1
1137.04,1.0,283.19,853.85,5,0
960.04,0.8,146.19,813.85,4,0
915.07,0.6,216.86,698.21,3,1
1010.22,0.8,196.38,813.85,4,0
542.96,0.0,78.22,464.74,0,1
659.18,0.2,93.92,565.26,1,1
590.91,0.0,126.16,464.74,0,1
911.13,0.6,175.11,736.03,3,0
1066.87,0.8,253.03,813.85,4,0
772.46,0.4,129.38,643.08,2,0
654.28,0.2,89.03,565.26,1,0
621.35,0.4,53.92,567.44,2,1
649.88,0.2,84.62,565.26,1,1
888.84,0.6,160.38,728.46,3,0
861.6,0.6,140.7,720.9,3,1
608.47,0.2,96.16,512.31,1,1
837.16,0.6,101.14,736.03,3,0
676.07,0.2,118.38,557.69,1,0
512.84,0.0,78.35,434.49,0,0
499.03,0.0,64.54,434.49,0,1
1232.35,1.4,207.73,1024.62,7,0
457.73,0.0,30.81,426.92,0,0
769.86,0.4,134.35,635.51,2,1
987.96,0.8,181.68,806.28,4,1
640.94,0.2,83.24,557.69,1,1
596.78,0.0,162.3,434.49,0,0
590.26,0.0,133.08,457.18,0,1
802.96,0.6,104.76,698.21,3,0
914.41,0.8,161.08,753.33,4,0
809.72,0.4,159.08,650.64,2,0
909.08,0.8,133.05,776.03,4,0
680.85,0.2,123.16,557.69,1,1
821.68,0.6,108.35,713.33,3,0
945.34,0.8,139.05,806.28,4,1
545.99,0.0,81.24,464.74,0,1
697.07,0.2,139.38,557.69,1,0
500.05,0.0,58.0,442.05,0,0
880.84,0.8,119.95,760.9,4,1
728.32,0.4,92.81,635.51,2,0
1169.81,1.2,192.76,977.05,6,0
685.31,0.4,87.62,597.69,2,1
741.43,0.4,151.3,590.13,2,0
557.89,0.0,108.27,449.62,0,0
1021.83,0.8,238.24,783.59,4,0
686.79,0.4,66.41,620.38,2,0
464.06,0.0,44.7,419.36,0,0
690.56,0.4,100.43,590.13,2,1
624.94,0.2,67.24,557.69,1,1
570.4,0.2,88.35,482.05,1,0
1115.89,1.2,252.3,863.59,6,1
789.5,0.4,123.73,665.77,2,0
628.91,0.0,171.73,457.18,0,1
711.82,0.2,146.57,565.26,1,0
912.02,0.8,128.43,783.59,4,1
657.51,0.2,114.95,542.56,1,1
1134.18,1.2,202.51,931.67,6,0
802.37,0.4,144.16,658.21,2,0
574.23,0.0,117.05,457.18,0,0
972.23,0.2,475.05,497.18,1,1
776.83,0.4,133.76,643.08,2,1
1003.09,1.0,141.68,861.41,5,0
984.74,0.8,178.46,806.28,4,0
894.21,0.6,158.19,736.03,3,0
852.65,0.6,131.76,720.9,3,1
794.75,0.4,151.68,643.08,2,1
673.36,0.2,100.54,572.82,1,0
677.58,0.2,112.32,565.26,1,0
847.77,0.8,94.43,753.33,4,1
831.8,0.8,86.03,745.77,4,1
1013.41,0.8,192.0,821.41,4,0
780.27,0.4,137.19,643.08,2,0
534.02,0.0,76.84,457.18,0,0
1014.21,0.8,223.05,791.15,4,0
840.18,0.6,141.97,698.21,3,0
551.66,0.0,79.35,472.31,0,1
539.51,0.0,97.46,442.05,0,0
930.57,0.8,162.11,768.46,4,1
786.44,0.6,65.54,720.9,3,1
812.23,0.4,146.46,665.77,2,0
790.23,0.4,124.46,665.77,2,0
749.16,0.4,113.65,635.51,2,1
635.65,0.2,100.65,535.0,1,1
808.43,0.6,125.35,683.08,3,0
535.51,0.0,93.46,442.05,0,0
624.48,0.2,81.92,542.56,1,1
724.98,0.4,112.16,612.82,2,1
1089.34,1.0,190.11,899.23,5,0
873.01,0.6,159.68,713.33,3,1
730.11,0.4,109.73,620.38,2,1
675.31,0.2,110.05,565.26,1,0
768.56,0.2,210.86,557.69,1,0
674.66,0.2,101.84,572.82,1,1
830.31,0.6,124.54,705.77,3,1
700.67,0.4,110.54,590.13,2,1
986.91,0.8,188.19,798.72,4,0
503.06,0.0,76.14,426.92,0,1
803.37,0.4,145.16,658.21,2,0
760.42,0.4,102.22,658.21,2,0
650.27,0.2,122.84,527.44,1,1
795.72,0.4,145.08,650.64,2,1
716.96,0.4,104.14,612.82,2,1
933.65,0.8,165.19,768.46,4,1
1071.35,0.8,234.81,836.54,4,0
798.16,0.4,155.08,643.08,2,0
642.93,0.2,138.19,504.74,1,1
782.26,0.2,224.57,557.69,1,1
811.35,0.4,168.27,643.08,2,0
540.31,0.0,83.14,457.18,0,1
969.83,1.0,138.68,831.15,5,0
678.94,0.2,136.38,542.56,1,0
547.84,0.0,113.35,434.49,0,0
1002.65,0.6,266.62,736.03,3,0
551.69,0.0,86.95,464.74,0,0
853.6,0.8,100.27,753.33,4,1
947.11,1.0,138.65,808.46,5,0
743.6,0.4,115.65,627.95,2,0
580.5,0.0,115.76,464.74,0,1
585.43,0.2,50.43,535.0,1,1
624.45,0.2,74.32,550.13,1,0
751.64,0.2,193.95,557.69,1,0
739.35,0.6,71.41,667.95,3,1
648.42,0.2,90.73,557.69,1,0
755.25,0.6,94.86,660.38,3,1
795.76,0.4,167.81,627.95,2,0
781.16,0.4,138.08,643.08,2,0
643.75,0.2,93.62,550.13,1,1
576.61,0.0,111.86,464.74,0,0
632.62,0.2,97.62,535.0,1,0
768.08,0.4,132.57,635.51,2,0
679.21,0.4,96.65,582.56,2,1
647.13,0.2,104.57,542.56,1,1
640.51,0.2,97.95,542.56,1,1
880.43,0.6,151.97,728.46,3,1
1042.85,0.8,236.57,806.28,4,1
667.1,0.2,116.97,550.13,1,0
914.6,0.6,193.7,720.9,3,0
976.96,0.8,170.68,806.28,4,0
667.25,0.2,94.43,572.82,1,0
660.2,0.2,94.95,565.26,1,0
723.1,0.4,80.03,643.08,2,0
839.97,0.6,156.89,683.08,3,0
931.71,0.8,170.81,760.9,4,0
645.69,0.2,80.43,565.26,1,1
787.95,0.4,160.0,627.95,2,1
636.16,0.2,86.03,550.13,1,0
937.53,0.8,146.38,791.15,4,1
572.39,0.0,107.65,464.74,0,1
998.64,1.0,167.49,831.15,5,0
799.77,0.4,141.57,658.21,2,0
847.28,0.4,181.51,665.77,2,1
822.11,0.6,146.59,675.51,3,0
496.08,0.0,54.03,442.05,0,1
814.78,0.4,171.7,643.08,2,1
536.7,0.0,94.65,442.05,0,0
1035.17,1.0,188.89,846.28,5,1
1005.04,0.8,206.32,798.72,4,0
734.87,0.4,122.05,612.82,2,1
734.11,0.4,113.73,620.38,2,0
595.01,0.2,75.14,519.87,1,0
970.39,0.8,171.68,798.72,4,0
859.06,0.6,138.16,720.9,3,0
774.03,0.4,153.65,620.38,2,0
664.02,0.2,121.46,542.56,1,1
739.4,0.6,56.32,683.08,3,1
502.06,0.0,75.14,426.92,0,1
755.7,0.4,105.05,650.64,2,1
981.27,1.0,157.68,823.59,5,1
795.12,0.4,129.35,665.77,2,1
1197.68,0.4,637.81,559.87,2,1
747.05,0.6,71.54,675.51,3,0
782.8,0.4,117.03,665.77,2,1
672.45,0.2,114.76,557.69,1,1
986.87,1.0,133.03,853.85,5,1
736.17,0.4,115.78,620.38,2,0
479.14,0.0,52.22,426.92,0,1
800.26,0.6,109.62,690.64,3,1
834.95,0.4,199.43,635.51,2,0
798.26,0.4,140.05,658.21,2,0
748.5,0.4,135.68,612.82,2,0
627.76,0.4,60.32,567.44,2,0
552.21,0.0,110.16,442.05,0,1
551.1,0.0,93.92,457.18,0,1
1155.86,1.0,264.19,891.67,5,0
770.54,0.4,127.46,643.08,2,0
930.06,0.8,161.59,768.46,4,0
935.77,0.8,182.43,753.33,4,1
1062.42,0.8,256.14,806.28,4,0
672.99,0.2,122.86,550.13,1,1
662.42,0.2,97.16,565.26,1,0
502.97,0.0,60.92,442.05,0,0
641.05,0.2,106.05,535.0,1,0
1118.81,1.0,196.89,921.92,5,1
747.02,0.4,103.95,643.08,2,1
555.31,0.0,98.14,457.18,0,1
495.62,0.0,61.14,434.49,0,1
745.17,0.6,92.35,652.82,3,0
597.25,0.2,69.81,527.44,1,0
940.11,1.0,131.65,808.46,5,0
763.43,0.4,120.35,643.08,2,0
708.31,0.2,143.05,565.26,1,1
989.65,1.0,173.62,816.03,5,1
578.09,0.2,58.22,519.87,1,0
1063.44,1.2,116.65,946.79,6,1
546.2,0.0,81.46,464.74,0,1
1226.36,1.4,224.43,1001.92,7,0
780.72,0.4,130.08,650.64,2,1
816.55,0.4,150.78,665.77,2,0
753.07,0.4,102.43,650.64,2,0
733.95,0.4,98.43,635.51,2,1
645.77,0.2,80.51,565.26,1,1
728.03,0.4,107.65,620.38,2,1
772.96,0.4,114.76,658.21,2,0
842.99,0.8,97.22,745.77,4,0
817.06,0.6,103.73,713.33,3,1
498.7,0.0,64.22,434.49,0,1
724.56,0.2,174.43,550.13,1,1
1028.77,1.2,142.49,886.28,6,0
630.13,0.4,40.0,590.13,2,1
816.85,0.4,158.65,658.21,2,1
1320.85,1.2,321.11,999.74,6,0
1014.24,0.8,185.27,828.97,4,0
773.73,0.4,130.65,643.08,2,1
972.23,0.8,181.08,791.15,4,1
922.41,0.6,201.51,720.9,3,0
812.02,0.6,128.95,683.08,3,1
593.74,0.0,113.86,479.87,0,1
861.0,0.6,132.54,728.46,3,0
656.5,0.2,91.24,565.26,1,0
813.59,0.4,178.08,635.51,2,0
620.48,0.2,77.92,542.56,1,1
869.64,0.6,126.05,743.59,3,1
685.03,0.2,157.59,527.44,1,1
824.89,0.6,141.81,683.08,3,0
833.93,0.4,160.59,673.33,2,0
728.37,0.2,185.81,542.56,1,0
654.44,0.2,81.62,572.82,1,1
1061.95,1.0,200.54,861.41,5,0
546.04,0.0,73.73,472.31,0,0
661.75,0.2,104.05,557.69,1,0
588.74,0.0,108.86,479.87,0,1
539.18,0.0,82.0,457.18,0,0
856.64,0.6,97.92,758.72,3,0
662.18,0.2,112.05,550.13,1,1
905.79,0.8,144.89,760.9,4,1
822.63,0.6,116.86,705.77,3,0
541.44,0.0,69.14,472.31,0,0
1010.88,1.0,164.59,846.28,5,1
1199.8,1.2,215.19,984.62,6,1
922.36,0.6,156.08,766.28,3,0
559.33,0.0,87.03,472.31,0,0
856.05,0.6,180.54,675.51,3,0
720.51,0.4,130.38,590.13,2,1
862.12,0.6,148.78,713.33,3,0
1501.83,1.6,323.76,1178.08,8,0
1084.68,0.8,270.84,813.85,4,0
709.04,0.2,143.78,565.26,1,1
873.84,0.6,145.38,728.46,3,1
809.15,0.6,110.95,698.21,3,1
620.1,0.2,62.41,557.69,1,0
744.66,0.2,179.41,565.26,1,0
586.12,0.0,113.81,472.31,0,1
802.8,0.6,112.16,690.64,3,0
554.39,0.0,89.65,464.74,0,1
875.23,0.4,209.46,665.77,2,0
931.33,0.6,210.43,720.9,3,1
746.57,0.4,118.62,627.95,2,0
847.93,0.4,189.73,658.21,2,0
867.6,0.6,154.27,713.33,3,0
826.83,0.4,176.19,650.64,2,1
717.06,0.4,96.68,620.38,2,1
658.68,0.4,91.24,567.44,2,0
1136.01,1.2,189.22,946.79,6,0
859.33,0.4,186.0,673.33,2,1
609.45,0.0,144.7,464.74,0,1
731.28,0.4,65.51,665.77,2,0
914.69,0.6,155.97,758.72,3,0
