"Total_Cost","Ratio_Reloc_Prod","Horiz_Cost","Vert_Cost","nReloc","non_Optimal"
224483.66,0.434,35382.88,189100.87,651,300
1275.79,1.4,220.92,1054.87,7,1
571.25,0.0,91.38,479.87,0,1
811.22,0.4,175.7,635.51,2,1
502.15,0.0,37.41,464.74,0,1
691.59,0.4,101.46,590.13,2,1
678.98,0.2,106.16,572.82,1,1
473.16,0.0,31.11,442.05,0,1
927.53,0.8,121.24,806.28,4,1
745.13,0.4,102.05,643.08,2,1
733.91,0.4,90.84,643.08,2,1
869.46,0.6,141.0,728.46,3,1
543.55,0.0,71.24,472.31,0,1
765.36,0.4,160.11,605.26,2,1
1007.84,1.0,138.86,868.97,5,1
714.47,0.4,101.65,612.82,2,1
494.05,0.0,52.0,442.05,0,1
753.57,0.4,133.19,620.38,2,1
794.15,0.6,95.95,698.21,3,1
763.4,0.4,112.76,650.64,2,1
864.58,0.6,158.81,705.77,3,1
704.84,0.4,69.32,635.51,2,1
873.36,0.6,167.59,705.77,3,1
722.49,0.4,94.54,627.95,2,1
646.8,0.2,81.54,565.26,1,1
904.47,0.8,158.7,745.77,4,1
592.55,0.2,80.24,512.31,1,1
715.23,0.4,109.97,605.26,2,1
947.71,1.0,101.43,846.28,5,1
497.46,0.0,70.54,426.92,0,1
1172.04,1.4,139.86,1032.18,7,1
870.83,0.6,119.68,751.15,3,1
529.82,0.0,57.51,472.31,0,1
1093.02,1.0,208.92,884.1,5,1
1059.2,1.2,180.49,878.72,6,1
692.98,0.4,65.03,627.95,2,1
841.6,0.6,128.27,713.33,3,1
804.92,0.4,169.41,635.51,2,1
712.29,0.4,122.16,590.13,2,1
696.96,0.4,84.14,612.82,2,1
552.42,0.0,80.11,472.31,0,1
585.0,0.2,50.0,535.0,1,1
751.48,0.2,201.35,550.13,1,1
718.23,0.4,112.97,605.26,2,1
873.36,0.6,167.59,705.77,3,1
1165.39,1.0,266.16,899.23,5,1
620.48,0.2,77.92,542.56,1,1
456.06,0.0,36.7,419.36,0,1
739.87,0.4,127.05,612.82,2,1
693.52,0.4,73.14,620.38,2,1
523.74,0.0,59.0,464.74,0,1
907.85,0.6,194.51,713.33,3,1
565.34,0.0,108.16,457.18,0,1
877.27,0.6,201.76,675.51,3,1
452.76,0.0,33.41,419.36,0,1
488.92,0.0,62.0,426.92,0,1
850.22,0.6,189.84,660.38,3,1
672.6,0.2,160.3,512.31,1,1
894.0,0.6,157.97,736.03,3,1
517.91,0.0,60.73,457.18,0,1
1046.46,1.2,137.49,908.97,6,1
679.92,0.4,97.35,582.56,2,1
1055.35,1.0,178.81,876.54,5,1
540.58,0.0,75.84,464.74,0,1
665.05,0.4,90.05,575.0,2,1
672.16,0.2,137.16,535.0,1,1
606.59,0.2,64.03,542.56,1,1
825.64,0.6,142.57,683.08,3,1
678.46,0.2,135.89,542.56,1,1
878.87,0.8,125.54,753.33,4,1
745.42,0.2,172.59,572.82,1,1
695.5,0.2,122.68,572.82,1,1
829.43,0.6,146.35,683.08,3,1
586.04,0.2,73.73,512.31,1,1
730.48,0.4,132.78,597.69,2,1
694.6,0.4,74.22,620.38,2,1
763.16,0.4,127.65,635.51,2,1
805.56,0.6,107.35,698.21,3,1
1168.62,1.4,151.57,1017.05,7,1
834.86,0.6,98.84,736.03,3,1
708.08,0.4,80.14,627.95,2,1
1084.93,0.8,271.08,813.85,4,1
801.85,0.6,103.65,698.21,3,1
1201.0,1.4,191.51,1009.49,7,1
943.39,0.6,177.11,766.28,3,1
955.84,0.8,194.95,760.9,4,1
535.72,0.0,78.54,457.18,0,1
732.44,0.2,212.57,519.87,1,1
699.85,0.2,134.59,565.26,1,1
617.43,0.2,82.43,535.0,1,1
470.84,0.0,43.92,426.92,0,1
512.59,0.0,70.54,442.05,0,1
740.3,0.4,112.35,627.95,2,1
548.37,0.0,83.62,464.74,0,1
787.4,0.4,151.89,635.51,2,1
801.83,0.4,151.19,650.64,2,1
997.14,1.0,128.16,868.97,5,1
661.7,0.2,111.57,550.13,1,1
986.13,0.8,202.54,783.59,4,1
651.31,0.2,93.62,557.69,1,1
749.22,0.4,128.84,620.38,2,1
901.92,0.8,133.46,768.46,4,1
962.43,0.8,186.41,776.03,4,1
596.11,0.2,61.11,535.0,1,1
797.01,0.6,76.11,720.9,3,1
766.51,0.4,115.86,650.64,2,1
667.14,0.2,94.32,572.82,1,1
868.67,0.6,178.03,690.64,3,1
977.24,0.8,193.65,783.59,4,1
952.6,0.6,239.27,713.33,3,1
960.39,0.8,161.68,798.72,4,1
647.2,0.2,134.89,512.31,1,1
995.53,1.0,164.38,831.15,5,1
550.63,0.0,78.32,472.31,0,1
761.28,0.4,140.89,620.38,2,1
723.75,0.2,173.62,550.13,1,1
704.77,0.6,59.51,645.26,3,1
762.76,0.6,87.24,675.51,3,1
749.26,0.4,144.0,605.26,2,1
717.08,0.4,89.14,627.95,2,1
519.47,0.0,54.73,464.74,0,1
499.46,0.0,72.54,426.92,0,1
668.5,0.2,103.24,565.26,1,1
519.97,0.0,77.92,442.05,0,1
548.37,0.0,83.62,464.74,0,1
505.44,0.0,93.65,411.79,0,1
538.61,0.0,81.43,457.18,0,1
676.99,0.4,71.73,605.26,2,1
742.45,0.4,137.19,605.26,2,1
591.74,0.2,79.43,512.31,1,1
449.36,0.0,30.0,419.36,0,1
490.92,0.0,64.0,426.92,0,1
466.06,0.0,46.7,419.36,0,1
678.08,0.2,143.08,535.0,1,1
871.63,0.8,125.86,745.77,4,1
615.63,0.2,95.76,519.87,1,1
576.21,0.0,126.59,449.62,0,1
603.71,0.2,83.84,519.87,1,1
949.37,0.8,165.78,783.59,4,1
787.32,0.4,151.81,635.51,2,1
947.84,1.0,139.38,808.46,5,1
853.04,0.4,194.84,658.21,2,1
860.76,0.6,139.86,720.9,3,1
480.89,0.0,46.41,434.49,0,1
471.03,0.0,44.11,426.92,0,1
773.69,0.6,120.86,652.82,3,1
587.91,0.2,83.16,504.74,1,1
778.74,0.6,118.35,660.38,3,1
777.77,0.4,119.57,658.21,2,1
783.92,0.4,148.41,635.51,2,1
817.03,0.6,96.14,720.9,3,1
928.85,0.8,122.57,806.28,4,1
711.48,0.4,68.41,643.08,2,1
1004.93,1.0,166.22,838.72,5,1
928.63,0.8,167.73,760.9,4,1
884.41,0.8,115.95,768.46,4,1
749.16,0.4,113.65,635.51,2,1
459.58,0.0,40.22,419.36,0,1
618.92,0.2,83.92,535.0,1,1
878.98,0.8,125.65,753.33,4,1
754.65,0.4,134.27,620.38,2,1
511.16,0.0,61.54,449.62,0,1
571.57,0.2,51.7,519.87,1,1
729.79,0.6,69.41,660.38,3,1
668.31,0.4,70.62,597.69,2,1
591.11,0.2,109.05,482.05,1,1
936.99,0.8,191.22,745.77,4,1
888.59,0.6,197.95,690.64,3,1
569.51,0.0,119.89,449.62,0,1
1135.55,1.2,181.19,954.36,6,1
496.02,0.0,46.41,449.62,0,1
504.67,0.0,62.62,442.05,0,1
1105.3,1.2,150.95,954.36,6,1
745.16,0.4,109.65,635.51,2,1
519.22,0.0,84.73,434.49,0,1
902.13,0.6,166.11,736.03,3,1
722.4,0.6,99.84,622.56,3,1
1155.6,1.2,186.11,969.49,6,1
941.28,0.8,127.43,813.85,4,1
625.97,0.2,83.41,542.56,1,1
595.35,0.2,67.92,527.44,1,1
546.66,0.0,81.92,464.74,0,1
713.82,0.4,93.43,620.38,2,1
927.09,0.8,166.19,760.9,4,1
918.61,0.8,127.46,791.15,4,1
693.52,0.4,73.14,620.38,2,1
1211.8,1.4,172.05,1039.74,7,1
631.32,0.4,56.32,575.0,2,1
488.86,0.0,46.81,442.05,0,1
668.5,0.4,70.81,597.69,2,1
829.39,0.4,216.57,612.82,2,1
639.79,0.2,112.35,527.44,1,1
772.98,0.4,152.59,620.38,2,1
819.82,0.4,199.43,620.38,2,1
720.09,0.4,114.84,605.26,2,1
809.35,0.6,126.27,683.08,3,1
815.89,0.6,140.38,675.51,3,1
684.75,0.2,127.05,557.69,1,1
499.38,0.0,57.32,442.05,0,1
743.2,0.4,130.38,612.82,2,1
826.33,0.6,105.43,720.9,3,1
538.69,0.0,81.51,457.18,0,1
714.29,0.4,124.16,590.13,2,1
933.63,0.8,172.73,760.9,4,1
730.56,0.4,132.86,597.69,2,1
828.73,0.6,160.78,667.95,3,1
626.24,0.2,91.24,535.0,1,1
1019.88,1.0,173.59,846.28,5,1
738.78,0.4,95.7,643.08,2,1
796.8,0.6,106.16,690.64,3,1
826.75,0.6,143.68,683.08,3,1
648.92,0.2,106.35,542.56,1,1
765.93,0.4,153.11,612.82,2,1
665.7,0.2,115.57,550.13,1,1
609.69,0.0,152.51,457.18,0,1
891.09,0.6,185.32,705.77,3,1
918.78,1.0,102.76,816.03,5,1
689.85,0.2,132.16,557.69,1,1
609.22,0.2,74.22,535.0,1,1
535.95,0.0,101.46,434.49,0,1
606.41,0.2,86.54,519.87,1,1
1013.53,1.0,182.38,831.15,5,1
782.18,0.6,91.54,690.64,3,1
901.02,0.6,149.86,751.15,3,1
672.34,0.4,82.22,590.13,2,1
860.66,0.4,255.41,605.26,2,1
750.08,0.4,114.57,635.51,2,1
675.95,0.4,100.95,575.0,2,1
917.68,0.6,204.35,713.33,3,1
1036.28,1.0,182.43,853.85,5,1
698.69,0.4,93.43,605.26,2,1
632.04,0.2,74.35,557.69,1,1
1142.17,1.2,187.81,954.36,6,1
580.31,0.2,68.0,512.31,1,1
524.31,0.0,67.14,457.18,0,1
677.36,0.2,104.54,572.82,1,1
999.87,1.0,138.46,861.41,5,1
894.37,0.6,196.16,698.21,3,1
584.65,0.2,57.22,527.44,1,1
1015.81,0.8,247.35,768.46,4,1
573.69,0.0,101.38,472.31,0,1
799.51,0.4,164.0,635.51,2,1
1033.71,1.0,172.3,861.41,5,1
994.69,1.0,103.03,891.67,5,1
669.15,0.2,111.46,557.69,1,1
613.49,0.0,126.05,487.44,0,1
895.58,0.6,136.86,758.72,3,1
787.81,0.6,104.73,683.08,3,1
497.08,0.0,55.03,442.05,0,1
747.08,0.6,79.14,667.95,3,1
822.47,0.6,109.14,713.33,3,1
581.47,0.0,109.16,472.31,0,1
792.43,0.6,109.35,683.08,3,1
715.17,0.4,102.35,612.82,2,1
591.0,0.2,56.0,535.0,1,1
1103.55,1.2,149.19,954.36,6,1
638.7,0.2,96.14,542.56,1,1
494.81,0.0,60.32,434.49,0,1
801.14,0.4,188.32,612.82,2,1
632.42,0.0,175.24,457.18,0,1
806.0,0.6,138.05,667.95,3,1
653.0,0.2,125.57,527.44,1,1
698.91,0.4,93.65,605.26,2,1
805.24,0.6,122.16,683.08,3,1
475.05,0.0,33.0,442.05,0,1
819.64,0.6,136.57,683.08,3,1
918.96,0.8,120.24,798.72,4,1
762.55,0.2,189.73,572.82,1,1
719.35,0.6,51.41,667.95,3,1
1060.56,1.2,136.46,924.1,6,1
572.58,0.2,67.84,504.74,1,1
581.85,0.2,69.54,512.31,1,1
1076.5,1.2,137.27,939.23,6,1
905.02,0.8,113.86,791.15,4,1
1100.72,1.0,216.62,884.1,5,1
755.88,0.4,105.24,650.64,2,1
790.34,0.4,132.14,658.21,2,1
968.02,0.8,169.3,798.72,4,1
660.61,0.4,62.92,597.69,2,1
782.23,0.6,84.03,698.21,3,1
615.57,0.0,135.7,479.87,0,1
869.71,0.6,156.38,713.33,3,1
728.19,0.4,100.24,627.95,2,1
729.82,0.4,109.43,620.38,2,1
514.74,0.0,50.0,464.74,0,1
776.25,0.4,148.3,627.95,2,1
714.98,0.4,102.16,612.82,2,1
612.56,0.2,70.0,542.56,1,1
734.49,0.4,106.54,627.95,2,1
636.12,0.2,78.43,557.69,1,1
928.14,0.8,174.81,753.33,4,1
828.15,0.6,129.95,698.21,3,1
788.29,0.6,97.65,690.64,3,1
708.34,0.4,110.65,597.69,2,1
770.26,0.6,79.62,690.64,3,1
640.44,0.2,67.62,572.82,1,1
575.85,0.0,103.54,472.31,0,1
533.12,0.0,60.81,472.31,0,1
601.37,0.0,144.19,457.18,0,1
536.31,0.0,79.14,457.18,0,1
940.96,1.0,102.24,838.72,5,1
