"Total_Cost","Ratio_Reloc_Prod","Horiz_Cost","Vert_Cost","nReloc","non_Optimal"
222640.14,0.4293,34031.07,188609.15,644,300
1275.79,1.4,220.92,1054.87,7,1
571.25,0.0,91.38,479.87,0,1
811.22,0.4,175.7,635.51,2,1
502.15,0.0,37.41,464.74,0,1
710.72,0.4,105.46,605.26,2,1
664.17,0.2,91.35,572.82,1,1
476.16,0.0,34.11,442.05,0,1
924.93,0.8,118.65,806.28,4,1
747.83,0.4,104.76,643.08,2,1
732.91,0.4,89.84,643.08,2,1
869.46,0.6,141.0,728.46,3,1
543.55,0.0,71.24,472.31,0,1
765.36,0.4,160.11,605.26,2,1
1019.11,1.0,142.57,876.54,5,1
716.77,0.4,103.95,612.82,2,1
496.05,0.0,54.0,442.05,0,1
710.44,0.4,90.05,620.38,2,1
811.42,0.6,105.65,705.77,3,1
745.18,0.4,94.54,650.64,2,1
865.36,0.6,159.59,705.77,3,1
665.74,0.4,52.92,612.82,2,1
864.07,0.6,158.3,705.77,3,1
713.63,0.4,93.24,620.38,2,1
671.17,0.2,98.35,572.82,1,1
906.42,0.8,168.22,738.21,4,1
593.85,0.2,81.54,512.31,1,1
707.72,0.4,102.46,605.26,2,1
973.46,1.0,112.05,861.41,5,1
497.76,0.0,70.84,426.92,0,1
1193.93,1.4,139.05,1054.87,7,1
1015.92,1.0,139.38,876.54,5,1
462.44,0.0,35.51,426.92,0,1
1070.99,1.0,186.89,884.1,5,1
1024.07,1.2,145.35,878.72,6,1
696.54,0.4,61.03,635.51,2,1
828.31,0.6,114.97,713.33,3,1
775.22,0.4,147.27,627.95,2,1
746.59,0.4,164.03,582.56,2,1
659.26,0.4,69.14,590.13,2,1
565.39,0.0,85.51,479.87,0,1
580.11,0.2,45.11,535.0,1,1
756.88,0.2,206.76,550.13,1,1
712.42,0.4,107.16,605.26,2,1
884.93,0.6,171.59,713.33,3,1
1141.7,1.0,265.16,876.54,5,1
624.64,0.2,74.51,550.13,1,1
454.06,0.0,34.7,419.36,0,1
631.65,0.2,96.65,535.0,1,1
751.4,0.6,68.32,683.08,3,1
467.54,0.0,40.62,426.92,0,1
968.49,0.8,154.65,813.85,4,1
564.04,0.0,106.86,457.18,0,1
885.07,0.6,194.43,690.64,3,1
460.47,0.0,41.11,419.36,0,1
516.62,0.0,82.14,434.49,0,1
921.34,0.8,183.14,738.21,4,1
678.28,0.2,158.41,519.87,1,1
881.43,0.6,152.97,728.46,3,1
502.94,0.0,53.32,449.62,0,1
1054.32,1.2,137.78,916.54,6,1
613.22,0.2,93.35,519.87,1,1
988.66,0.8,174.81,813.85,4,1
540.58,0.0,75.84,464.74,0,1
657.49,0.4,90.05,567.44,2,1
672.46,0.2,137.46,535.0,1,1
616.75,0.2,66.62,550.13,1,1
829.94,0.6,146.86,683.08,3,1
689.72,0.2,139.59,550.13,1,1
741.68,0.4,113.73,627.95,2,1
750.28,0.2,169.89,580.38,1,1
670.15,0.2,112.46,557.69,1,1
926.81,0.8,158.35,768.46,4,1
585.33,0.2,73.03,512.31,1,1
706.15,0.4,108.46,597.69,2,1
652.21,0.4,54.51,597.69,2,1
762.24,0.4,119.16,643.08,2,1
777.59,0.6,86.95,690.64,3,1
949.31,0.8,135.46,813.85,4,1
924.39,0.8,110.54,813.85,4,1
763.04,0.4,104.84,658.21,2,1
985.25,0.6,256.78,728.46,3,1
898.69,0.8,107.54,791.15,4,1
984.16,0.8,155.19,828.97,4,1
794.69,0.4,136.49,658.21,2,1
967.7,0.8,199.24,768.46,4,1
535.72,0.0,78.54,457.18,0,1
661.23,0.0,204.05,457.18,0,1
691.58,0.2,133.89,557.69,1,1
623.84,0.2,88.84,535.0,1,1
504.24,0.0,54.62,449.62,0,1
616.65,0.2,81.65,535.0,1,1
807.18,0.6,116.54,690.64,3,1
527.24,0.0,77.62,449.62,0,1
845.8,0.6,147.59,698.21,3,1
743.97,0.4,108.46,635.51,2,1
930.94,0.8,139.78,791.15,4,1
699.31,0.2,126.49,572.82,1,1
759.55,0.4,154.3,605.26,2,1
841.79,0.6,128.46,713.33,3,1
820.67,0.6,145.16,675.51,3,1
804.29,0.6,113.65,690.64,3,1
682.59,0.2,147.59,535.0,1,1
743.02,0.4,99.95,643.08,2,1
875.41,0.8,106.95,768.46,4,1
764.59,0.4,129.08,635.51,2,1
458.87,0.0,39.51,419.36,0,1
901.4,0.8,125.38,776.03,4,1
939.72,0.8,193.95,745.77,4,1
849.63,0.6,143.86,705.77,3,1
860.06,0.6,139.16,720.9,3,1
734.51,0.4,144.38,590.13,2,1
942.52,1.0,134.05,808.46,5,1
534.15,0.0,69.41,464.74,0,1
771.28,0.4,150.89,620.38,2,1
794.71,0.4,174.32,620.38,2,1
923.88,1.0,92.73,831.15,5,1
758.89,0.6,90.95,667.95,3,1
721.17,0.4,108.35,612.82,2,1
772.0,0.4,136.49,635.51,2,1
491.67,0.0,49.62,442.05,0,1
537.86,0.0,88.24,449.62,0,1
679.31,0.2,114.05,565.26,1,1
528.53,0.0,78.92,449.62,0,1
513.67,0.0,71.62,442.05,0,1
538.7,0.0,96.65,442.05,0,1
613.29,0.2,70.73,542.56,1,1
736.73,0.6,61.22,675.51,3,1
781.9,0.6,129.08,652.82,3,1
510.43,0.0,75.95,434.49,0,1
459.87,0.0,40.51,419.36,0,1
520.72,0.0,71.11,449.62,0,1
472.58,0.0,53.22,419.36,0,1
714.97,0.2,172.41,542.56,1,1
771.55,0.6,111.16,660.38,3,1
661.76,0.4,86.76,575.0,2,1
664.59,0.2,114.46,550.13,1,1
550.8,0.0,93.62,457.18,0,1
1032.53,1.0,193.81,838.72,5,1
829.31,0.6,115.97,713.33,3,1
726.27,0.2,198.84,527.44,1,1
784.93,0.6,86.73,698.21,3,1
806.31,0.6,100.54,705.77,3,1
481.41,0.0,46.92,434.49,0,1
510.59,0.0,68.54,442.05,0,1
616.73,0.2,81.73,535.0,1,1
615.63,0.2,95.76,519.87,1,1
765.76,0.6,90.24,675.51,3,1
823.09,0.6,109.76,713.33,3,1
847.03,0.6,171.51,675.51,3,1
690.71,0.4,70.32,620.38,2,1
1077.78,1.2,153.68,924.1,6,1
590.97,0.2,48.41,542.56,1,1
907.16,0.8,123.57,783.59,4,1
781.54,0.4,153.59,627.95,2,1
972.67,1.0,96.14,876.54,5,1
886.78,0.8,95.62,791.15,4,1
494.38,0.0,52.32,442.05,0,1
885.69,0.8,94.54,791.15,4,1
897.21,0.8,113.62,783.59,4,1
768.03,0.4,140.08,627.95,2,1
593.17,0.2,65.73,527.44,1,1
493.41,0.0,58.92,434.49,0,1
684.07,0.4,78.81,605.26,2,1
794.45,0.6,96.24,698.21,3,1
656.6,0.2,129.16,527.44,1,1
732.88,0.4,135.19,597.69,2,1
715.14,0.2,180.14,535.0,1,1
603.34,0.0,138.59,464.74,0,1
1028.58,1.0,182.3,846.28,5,1
512.18,0.0,55.0,457.18,0,1
683.88,0.4,78.62,605.26,2,1
1190.91,1.4,151.16,1039.74,7,1
704.42,0.4,99.16,605.26,2,1
565.31,0.2,68.14,497.18,1,1
880.76,0.6,152.3,728.46,3,1
584.33,0.2,72.03,512.31,1,1
1154.84,1.2,192.92,961.92,6,1
980.66,1.0,134.38,846.28,5,1
743.75,0.4,93.11,650.64,2,1
1031.14,1.0,177.3,853.85,5,1
632.16,0.2,82.03,550.13,1,1
614.29,0.2,71.73,542.56,1,1
836.64,0.6,146.0,690.64,3,1
824.29,0.6,126.08,698.21,3,1
777.59,0.6,86.95,690.64,3,1
989.64,1.0,158.49,831.15,5,1
709.74,0.4,89.35,620.38,2,1
665.43,0.4,90.43,575.0,2,1
712.06,0.4,84.11,627.95,2,1
695.15,0.2,182.84,512.31,1,1
638.19,0.2,110.76,527.44,1,1
640.1,0.2,97.54,542.56,1,1
1109.19,1.2,200.22,908.97,6,1
524.45,0.0,74.84,449.62,0,1
644.34,0.2,94.22,550.13,1,1
816.62,0.4,181.11,635.51,2,1
662.99,0.2,112.86,550.13,1,1
529.64,0.0,80.03,449.62,0,1
761.22,0.4,133.27,627.95,2,1
725.68,0.4,97.73,627.95,2,1
549.18,0.2,52.0,497.18,1,1
792.24,0.6,116.73,675.51,3,1
806.38,0.4,178.43,627.95,2,1
901.91,0.8,163.7,738.21,4,1
562.61,0.0,105.43,457.18,0,1
540.7,0.0,98.65,442.05,0,1
982.88,0.8,191.73,791.15,4,1
592.25,0.2,64.81,527.44,1,1
474.17,0.0,54.81,419.36,0,1
775.17,0.4,154.78,620.38,2,1
902.35,0.8,118.76,783.59,4,1
966.76,0.8,190.73,776.03,4,1
753.36,0.4,132.97,620.38,2,1
672.95,0.2,145.51,527.44,1,1
868.93,0.6,155.59,713.33,3,1
774.86,0.6,99.35,675.51,3,1
673.15,0.2,115.46,557.69,1,1
504.97,0.0,62.92,442.05,0,1
865.48,0.6,182.41,683.08,3,1
443.85,0.0,39.62,404.23,0,1
804.89,0.6,129.38,675.51,3,1
597.22,0.2,77.35,519.87,1,1
778.1,0.6,95.03,683.08,3,1
554.85,0.0,90.11,464.74,0,1
1137.78,1.0,253.68,884.1,5,1
654.94,0.2,97.24,557.69,1,1
742.06,0.4,121.68,620.38,2,1
816.21,0.6,125.57,690.64,3,1
1012.23,1.0,173.51,838.72,5,1
768.54,0.4,125.46,643.08,2,1
785.66,0.6,72.32,713.33,3,1
971.85,0.8,158.0,813.85,4,1
709.57,0.4,81.62,627.95,2,1
471.89,0.0,37.41,434.49,0,1
720.73,0.4,85.22,635.51,2,1
1034.29,1.0,150.19,884.1,5,1
805.92,0.6,137.97,667.95,3,1
568.09,0.2,48.22,519.87,1,1
980.6,0.8,212.14,768.46,4,1
682.67,0.2,124.97,557.69,1,1
906.78,0.6,163.19,743.59,3,1
646.3,0.0,151.3,495.0,0,1
1024.21,1.0,147.68,876.54,5,1
733.14,0.4,112.76,620.38,2,1
603.32,0.2,68.32,535.0,1,1
752.29,0.4,101.65,650.64,2,1
857.24,0.4,214.16,643.08,2,1
496.32,0.0,46.7,449.62,0,1
674.04,0.4,61.22,612.82,2,1
708.25,0.4,95.43,612.82,2,1
661.86,0.4,71.73,590.13,2,1
616.57,0.2,89.14,527.44,1,1
721.82,0.4,116.57,605.26,2,1
471.14,0.0,44.22,426.92,0,1
1194.24,1.4,177.19,1017.05,7,1
609.38,0.2,81.95,527.44,1,1
462.03,0.0,35.11,426.92,0,1
736.44,0.4,116.05,620.38,2,1
776.27,0.2,188.32,587.95,1,1
654.49,0.2,127.05,527.44,1,1
1081.99,1.2,142.76,939.23,6,1
850.1,0.8,119.46,730.64,4,1
991.17,1.0,129.76,861.41,5,1
634.07,0.2,68.81,565.26,1,1
797.76,0.4,169.81,627.95,2,1
854.73,0.6,126.27,728.46,3,1
686.53,0.2,121.27,565.26,1,1
644.64,0.4,54.51,590.13,2,1
870.19,0.8,101.73,768.46,4,1
648.71,0.2,121.27,527.44,1,1
681.7,0.2,131.57,550.13,1,1
989.19,1.0,112.65,876.54,5,1
981.31,1.0,127.46,853.85,5,1
1276.83,1.6,212.22,1064.62,8,1
784.61,0.4,133.97,650.64,2,1
1003.75,0.8,152.08,851.67,4,1
725.96,0.4,128.27,597.69,2,1
739.91,0.4,96.84,643.08,2,1
899.11,0.8,130.65,768.46,4,1
615.54,0.2,80.54,535.0,1,1
864.22,0.6,143.32,720.9,3,1
654.67,0.4,64.54,590.13,2,1
917.21,0.8,126.05,791.15,4,1
502.29,0.0,45.11,457.18,0,1
526.75,0.0,77.14,449.62,0,1
533.29,0.0,91.24,442.05,0,1
511.4,0.0,54.22,457.18,0,1
730.47,0.4,117.65,612.82,2,1
663.96,0.4,58.7,605.26,2,1
770.95,0.4,143.0,627.95,2,1
710.8,0.4,105.54,605.26,2,1
660.01,0.2,94.76,565.26,1,1
758.18,0.4,107.54,650.64,2,1
776.92,0.6,56.03,720.9,3,1
492.53,0.0,42.92,449.62,0,1
665.75,0.2,108.05,557.69,1,1
463.03,0.0,36.11,426.92,0,1
679.89,0.2,144.89,535.0,1,1
527.99,0.0,70.81,457.18,0,1
857.46,0.8,81.43,776.03,4,1
