"Total_Cost","Ratio_Reloc_Prod","Horiz_Cost","Vert_Cost","nReloc","non_Optimal"
222023.29,0.428,33630.44,188392.89,642,300
1275.79,1.4,220.92,1054.87,7,1
571.25,0.0,91.38,479.87,0,1
811.22,0.4,175.7,635.51,2,1
502.15,0.0,37.41,464.74,0,1
710.72,0.4,105.46,605.26,2,1
664.17,0.2,91.35,572.82,1,1
476.16,0.0,34.11,442.05,0,1
917.61,0.8,111.32,806.28,4,1
747.83,0.4,104.76,643.08,2,1
737.51,0.4,94.43,643.08,2,1
880.27,0.6,151.81,728.46,3,1
543.55,0.0,71.24,472.31,0,1
765.36,0.4,160.11,605.26,2,1
1020.4,1.0,143.86,876.54,5,1
716.77,0.4,103.95,612.82,2,1
481.6,0.0,47.11,434.49,0,1
702.33,0.4,81.95,620.38,2,1
713.52,0.4,93.14,620.38,2,1
754.7,0.4,104.05,650.64,2,1
865.36,0.6,159.59,705.77,3,1
665.74,0.4,52.92,612.82,2,1
879.12,0.6,165.78,713.33,3,1
713.63,0.4,93.24,620.38,2,1
655.31,0.2,90.05,565.26,1,1
906.42,0.8,168.22,738.21,4,1
593.85,0.2,81.54,512.31,1,1
774.41,0.6,106.46,667.95,3,1
973.46,1.0,112.05,861.41,5,1
492.76,0.0,65.84,426.92,0,1
1194.82,1.4,139.95,1054.87,7,1
945.22,0.8,131.38,813.85,4,1
488.86,0.0,46.81,442.05,0,1
1067.91,1.0,168.68,899.23,5,1
1019.37,1.2,140.65,878.72,6,1
698.54,0.4,63.03,635.51,2,1
830.9,0.6,117.57,713.33,3,1
763.95,0.4,143.57,620.38,2,1
744.29,0.4,161.73,582.56,2,1
659.26,0.4,69.14,590.13,2,1
556.42,0.0,84.11,472.31,0,1
568.84,0.2,41.41,527.44,1,1
756.88,0.2,206.76,550.13,1,1
712.42,0.4,107.16,605.26,2,1
884.93,0.6,171.59,713.33,3,1
1160.53,1.0,268.86,891.67,5,1
626.64,0.2,76.51,550.13,1,1
454.06,0.0,34.7,419.36,0,1
687.07,0.4,96.95,590.13,2,1
766.67,0.6,76.03,690.64,3,1
445.01,0.0,33.22,411.79,0,1
919.4,0.8,128.24,791.15,4,1
563.04,0.0,105.86,457.18,0,1
942.42,0.8,196.65,745.77,4,1
457.2,0.0,45.41,411.79,0,1
543.29,0.0,101.24,442.05,0,1
933.9,0.8,188.14,745.77,4,1
678.28,0.2,158.41,519.87,1,1
974.62,0.8,145.65,828.97,4,1
476.6,0.0,42.11,434.49,0,1
1099.77,1.2,152.97,946.79,6,1
622.49,0.2,95.05,527.44,1,1
973.69,0.8,167.41,806.28,4,1
550.85,0.0,78.54,472.31,0,1
657.49,0.4,90.05,567.44,2,1
671.16,0.2,136.16,535.0,1,1
666.2,0.2,85.81,580.38,1,1
902.9,0.8,149.57,753.33,4,1
689.72,0.2,139.59,550.13,1,1
815.93,0.6,117.73,698.21,3,1
850.58,0.4,184.81,665.77,2,1
677.72,0.2,112.46,565.26,1,1
926.81,0.8,158.35,768.46,4,1
582.63,0.2,70.32,512.31,1,1
711.56,0.4,113.86,597.69,2,1
652.21,0.4,54.51,597.69,2,1
687.98,0.2,115.16,572.82,1,1
807.25,0.6,86.35,720.9,3,1
1052.12,1.0,137.76,914.36,5,1
848.72,0.6,105.14,743.59,3,1
763.04,0.4,104.84,658.21,2,1
985.25,0.6,256.78,728.46,3,1
898.69,0.8,107.54,791.15,4,1
1098.33,1.2,143.97,954.36,6,1
857.94,0.6,114.35,743.59,3,1
963.84,0.8,202.95,760.9,4,1
524.86,0.0,75.24,449.62,0,1
664.34,0.0,207.16,457.18,0,1
636.1,0.2,93.54,542.56,1,1
666.89,0.2,131.89,535.0,1,1
485.19,0.0,50.7,434.49,0,1
620.81,0.2,78.24,542.56,1,1
787.32,0.6,104.24,683.08,3,1
515.83,0.0,66.22,449.62,0,1
972.1,1.0,133.38,838.72,5,1
728.81,0.4,100.86,627.95,2,1
1028.73,1.0,152.19,876.54,5,1
685.74,0.2,120.49,565.26,1,1
765.78,0.4,130.27,635.51,2,1
730.65,0.4,95.14,635.51,2,1
823.05,0.6,139.97,683.08,3,1
809.07,0.6,118.43,690.64,3,1
686.89,0.2,151.89,535.0,1,1
623.4,0.2,80.84,542.56,1,1
774.21,0.4,123.57,650.64,2,1
899.95,0.8,131.49,768.46,4,1
576.23,0.2,63.92,512.31,1,1
851.17,0.6,130.27,720.9,3,1
931.15,0.8,192.95,738.21,4,1
776.81,0.4,148.86,627.95,2,1
940.58,0.8,141.86,798.72,4,1
657.03,0.2,137.16,519.87,1,1
975.32,1.0,144.16,831.15,5,1
584.39,0.2,64.51,519.87,1,1
752.47,0.4,132.08,620.38,2,1
795.3,0.4,174.92,620.38,2,1
705.18,0.6,59.92,645.26,3,1
864.78,0.8,73.62,791.15,4,1
1013.43,1.0,144.46,868.97,5,1
908.11,0.6,172.08,736.03,3,1
475.0,0.0,40.51,434.49,0,1
504.03,0.0,69.54,434.49,0,1
723.05,0.4,72.41,650.64,2,1
545.61,0.0,88.43,457.18,0,1
541.02,0.0,83.84,457.18,0,1
599.74,0.2,87.43,512.31,1,1
564.18,0.0,99.43,464.74,0,1
700.09,0.6,39.7,660.38,3,1
865.02,0.8,134.38,730.64,4,1
644.07,0.2,93.95,550.13,1,1
468.76,0.0,49.41,419.36,0,1
499.89,0.0,65.41,434.49,0,1
494.33,0.0,67.41,426.92,0,1
759.31,0.4,146.49,612.82,2,1
771.84,0.6,111.46,660.38,3,1
675.25,0.4,62.43,612.82,2,1
676.26,0.2,118.57,557.69,1,1
563.66,0.0,98.92,464.74,0,1
959.52,0.8,198.62,760.9,4,1
833.31,0.6,119.97,713.33,3,1
863.87,0.4,243.49,620.38,2,1
800.94,0.6,117.86,683.08,3,1
952.26,1.0,113.54,838.72,5,1
523.1,0.0,65.92,457.18,0,1
614.24,0.2,79.24,535.0,1,1
575.93,0.2,63.62,512.31,1,1
587.39,0.2,82.65,504.74,1,1
783.81,0.6,100.73,683.08,3,1
870.19,0.6,134.16,736.03,3,1
667.91,0.2,117.78,550.13,1,1
639.42,0.2,81.73,557.69,1,1
980.55,1.0,134.27,846.28,5,1
594.37,0.2,51.81,542.56,1,1
981.41,1.0,127.57,853.85,5,1
843.08,0.6,160.0,683.08,3,1
745.94,0.4,102.86,643.08,2,1
905.08,0.8,129.05,776.03,4,1
530.31,0.0,73.14,457.18,0,1
500.43,0.0,50.81,449.62,0,1
889.65,0.8,113.62,776.03,4,1
770.68,0.4,150.3,620.38,2,1
599.87,0.2,72.43,527.44,1,1
582.65,0.2,55.22,527.44,1,1
669.53,0.4,71.84,597.69,2,1
643.67,0.4,61.11,582.56,2,1
708.25,0.4,95.43,612.82,2,1
980.34,1.0,149.19,831.15,5,1
856.69,0.6,158.49,698.21,3,1
553.15,0.0,80.84,472.31,0,1
1024.12,1.0,185.41,838.72,5,1
478.49,0.0,44.0,434.49,0,1
658.24,0.4,68.11,590.13,2,1
1097.87,1.2,135.95,961.92,6,1
658.22,0.4,98.35,559.87,2,1
562.07,0.2,57.32,504.74,1,1
1049.49,1.0,180.51,868.97,5,1
654.68,0.4,87.24,567.44,2,1
1167.3,1.2,197.81,969.49,6,1
881.23,0.6,183.03,698.21,3,1
742.86,0.4,92.22,650.64,2,1
894.49,0.8,118.46,776.03,4,1
655.12,0.2,97.43,557.69,1,1
610.84,0.2,75.84,535.0,1,1
926.85,0.8,173.51,753.33,4,1
823.58,0.6,125.38,698.21,3,1
839.55,0.6,118.65,720.9,3,1
815.59,0.6,140.08,675.51,3,1
624.7,0.2,82.14,542.56,1,1
603.71,0.2,83.84,519.87,1,1
701.79,0.4,81.41,620.38,2,1
766.29,0.4,183.73,582.56,2,1
559.48,0.0,109.86,449.62,0,1
737.49,0.4,109.54,627.95,2,1
864.31,0.6,166.11,698.21,3,1
544.31,0.0,87.14,457.18,0,1
706.49,0.4,86.11,620.38,2,1
616.01,0.2,111.27,504.74,1,1
736.33,0.4,115.95,620.38,2,1
474.58,0.0,55.22,419.36,0,1
664.83,0.2,122.27,542.56,1,1
771.83,0.4,128.76,643.08,2,1
562.45,0.2,57.7,504.74,1,1
643.21,0.2,100.65,542.56,1,1
665.83,0.2,123.27,542.56,1,1
714.75,0.4,117.05,597.69,2,1
1022.59,0.8,246.57,776.03,4,1
625.37,0.2,82.81,542.56,1,1
933.86,0.6,197.84,736.03,3,1
744.44,0.4,116.49,627.95,2,1
890.57,0.8,129.68,760.9,4,1
896.06,0.6,182.73,713.33,3,1
723.28,0.4,110.46,612.82,2,1
1102.15,1.2,223.43,878.72,6,1
637.95,0.2,102.95,535.0,1,1
723.41,0.4,148.41,575.0,2,1
1022.95,1.0,153.97,868.97,5,1
639.27,0.2,104.27,535.0,1,1
677.01,0.2,111.76,565.26,1,1
500.92,0.0,66.43,434.49,0,1
789.99,0.4,139.35,650.64,2,1
475.58,0.0,56.22,419.36,0,1
861.82,0.6,148.49,713.33,3,1
566.42,0.2,69.24,497.18,1,1
715.09,0.4,109.84,605.26,2,1
524.15,0.0,59.41,464.74,0,1
895.33,0.6,227.38,667.95,3,1
643.83,0.2,86.14,557.69,1,1
806.72,0.6,116.08,690.64,3,1
680.48,0.2,122.78,557.69,1,1
942.35,0.8,166.32,776.03,4,1
793.59,0.6,102.95,690.64,3,1
735.27,0.4,99.76,635.51,2,1
1063.96,1.0,172.3,891.67,5,1
620.95,0.2,85.95,535.0,1,1
444.76,0.0,25.41,419.36,0,1
678.91,0.2,113.65,565.26,1,1
1125.48,1.4,153.81,971.67,7,1
647.73,0.4,72.73,575.0,2,1
581.95,0.2,54.51,527.44,1,1
1239.22,1.4,244.86,994.36,7,1
796.21,0.6,105.57,690.64,3,1
814.44,0.6,93.54,720.9,3,1
878.54,0.6,150.08,728.46,3,1
986.19,0.8,164.78,821.41,4,1
826.5,0.6,120.73,705.77,3,1
603.92,0.2,68.92,535.0,1,1
731.95,0.4,96.43,635.51,2,1
809.48,0.4,166.41,643.08,2,1
505.89,0.0,63.84,442.05,0,1
666.83,0.4,69.14,597.69,2,1
704.36,0.4,91.54,612.82,2,1
622.37,0.2,79.81,542.56,1,1
597.44,0.2,85.14,512.31,1,1
698.53,0.2,133.27,565.26,1,1
648.78,0.2,98.65,550.13,1,1
1028.1,1.0,128.86,899.23,5,1
735.86,0.4,100.35,635.51,2,1
450.76,0.0,31.41,419.36,0,1
735.21,0.4,145.08,590.13,2,1
708.48,0.2,165.92,542.56,1,1
679.16,0.4,89.03,590.13,2,1
712.31,0.4,107.05,605.26,2,1
605.48,0.2,62.92,542.56,1,1
1052.65,1.2,143.68,908.97,6,1
647.36,0.2,82.11,565.26,1,1
609.8,0.2,105.05,504.74,1,1
974.24,0.8,145.27,828.97,4,1
751.33,0.4,123.38,627.95,2,1
534.26,0.0,69.51,464.74,0,1
678.71,0.4,58.32,620.38,2,1
632.03,0.2,112.16,519.87,1,1
734.74,0.4,114.35,620.38,2,1
900.69,0.8,109.54,791.15,4,1
729.58,0.4,116.76,612.82,2,1
885.09,0.6,164.19,720.9,3,1
639.1,0.2,96.54,542.56,1,1
1203.35,1.2,218.73,984.62,6,1
645.71,0.2,118.27,527.44,1,1
644.64,0.2,86.95,557.69,1,1
553.66,0.0,88.92,464.74,0,1
684.33,0.4,71.51,612.82,2,1
767.79,0.4,139.84,627.95,2,1
765.76,0.6,90.24,675.51,3,1
749.67,0.4,114.16,635.51,2,1
520.66,0.0,55.92,464.74,0,1
633.9,0.2,106.46,527.44,1,1
671.92,0.4,89.35,582.56,2,1
570.96,0.2,66.22,504.74,1,1
850.7,0.6,122.24,728.46,3,1
610.27,0.2,67.7,542.56,1,1
834.92,0.6,159.41,675.51,3,1
641.02,0.2,98.46,542.56,1,1
618.61,0.2,60.92,557.69,1,1
799.9,0.6,94.14,705.77,3,1
856.59,0.8,65.43,791.15,4,1
609.81,0.4,34.81,575.0,2,1
648.12,0.2,90.43,557.69,1,1
500.75,0.0,58.7,442.05,0,1
583.5,0.0,118.76,464.74,0,1
568.75,0.0,111.57,457.18,0,1
809.74,0.6,88.84,720.9,3,1
