"Total_Cost","Ratio_Reloc_Prod","Horiz_Cost","Vert_Cost","nReloc","non_Optimal"
222976.21,0.434,33981.27,188995.0,651,300
1275.79,1.4,220.92,1054.87,7,1
571.25,0.0,91.38,479.87,0,1
811.22,0.4,175.7,635.51,2,1
502.15,0.0,37.41,464.74,0,1
710.72,0.4,105.46,605.26,2,1
664.17,0.2,91.35,572.82,1,1
478.56,0.0,36.51,442.05,0,1
924.93,0.8,118.65,806.28,4,1
747.83,0.4,104.76,643.08,2,1
732.91,0.4,89.84,643.08,2,1
869.46,0.6,141.0,728.46,3,1
543.55,0.0,71.24,472.31,0,1
765.36,0.4,160.11,605.26,2,1
1019.11,1.0,142.57,876.54,5,1
716.77,0.4,103.95,612.82,2,1
496.05,0.0,54.0,442.05,0,1
710.44,0.4,90.05,620.38,2,1
811.42,0.6,105.65,705.77,3,1
745.18,0.4,94.54,650.64,2,1
865.36,0.6,159.59,705.77,3,1
665.74,0.4,52.92,612.82,2,1
864.07,0.6,158.3,705.77,3,1
713.63,0.4,93.24,620.38,2,1
671.17,0.2,98.35,572.82,1,1
906.42,0.8,168.22,738.21,4,1
593.85,0.2,81.54,512.31,1,1
707.72,0.4,102.46,605.26,2,1
973.46,1.0,112.05,861.41,5,1
497.76,0.0,70.84,426.92,0,1
1193.93,1.4,139.05,1054.87,7,1
1015.92,1.0,139.38,876.54,5,1
462.44,0.0,35.51,426.92,0,1
1070.99,1.0,186.89,884.1,5,1
1024.07,1.2,145.35,878.72,6,1
696.54,0.4,61.03,635.51,2,1
828.31,0.6,114.97,713.33,3,1
775.22,0.4,147.27,627.95,2,1
746.59,0.4,164.03,582.56,2,1
659.26,0.4,69.14,590.13,2,1
565.39,0.0,85.51,479.87,0,1
580.11,0.2,45.11,535.0,1,1
756.88,0.2,206.76,550.13,1,1
712.42,0.4,107.16,605.26,2,1
884.93,0.6,171.59,713.33,3,1
1141.7,1.0,265.16,876.54,5,1
624.64,0.2,74.51,550.13,1,1
454.06,0.0,34.7,419.36,0,1
631.65,0.2,96.65,535.0,1,1
751.4,0.6,68.32,683.08,3,1
467.54,0.0,40.62,426.92,0,1
968.49,0.8,154.65,813.85,4,1
564.04,0.0,106.86,457.18,0,1
885.07,0.6,194.43,690.64,3,1
460.47,0.0,41.11,419.36,0,1
516.62,0.0,82.14,434.49,0,1
921.34,0.8,183.14,738.21,4,1
678.28,0.2,158.41,519.87,1,1
881.43,0.6,152.97,728.46,3,1
502.94,0.0,53.32,449.62,0,1
1054.32,1.2,137.78,916.54,6,1
613.22,0.2,93.35,519.87,1,1
988.66,0.8,174.81,813.85,4,1
540.58,0.0,75.84,464.74,0,1
657.49,0.4,90.05,567.44,2,1
672.46,0.2,137.46,535.0,1,1
616.75,0.2,66.62,550.13,1,1
829.94,0.6,146.86,683.08,3,1
689.72,0.2,139.59,550.13,1,1
741.68,0.4,113.73,627.95,2,1
750.28,0.2,169.89,580.38,1,1
670.15,0.2,112.46,557.69,1,1
926.81,0.8,158.35,768.46,4,1
585.33,0.2,73.03,512.31,1,1
706.15,0.4,108.46,597.69,2,1
652.21,0.4,54.51,597.69,2,1
762.24,0.4,119.16,643.08,2,1
777.59,0.6,86.95,690.64,3,1
949.31,0.8,135.46,813.85,4,1
924.39,0.8,110.54,813.85,4,1
763.04,0.4,104.84,658.21,2,1
985.25,0.6,256.78,728.46,3,1
898.69,0.8,107.54,791.15,4,1
984.16,0.8,155.19,828.97,4,1
794.69,0.4,136.49,658.21,2,1
967.7,0.8,199.24,768.46,4,1
535.72,0.0,78.54,457.18,0,1
661.23,0.0,204.05,457.18,0,1
691.58,0.2,133.89,557.69,1,1
623.84,0.2,88.84,535.0,1,1
504.24,0.0,54.62,449.62,0,1
616.65,0.2,81.65,535.0,1,1
807.18,0.6,116.54,690.64,3,1
527.24,0.0,77.62,449.62,0,1
845.8,0.6,147.59,698.21,3,1
743.97,0.4,108.46,635.51,2,1
930.94,0.8,139.78,791.15,4,1
699.31,0.2,126.49,572.82,1,1
759.55,0.4,154.3,605.26,2,1
841.79,0.6,128.46,713.33,3,1
820.67,0.6,145.16,675.51,3,1
804.29,0.6,113.65,690.64,3,1
682.59,0.2,147.59,535.0,1,1
743.02,0.4,99.95,643.08,2,1
875.41,0.8,106.95,768.46,4,1
764.59,0.4,129.08,635.51,2,1
458.87,0.0,39.51,419.36,0,1
901.4,0.8,125.38,776.03,4,1
939.72,0.8,193.95,745.77,4,1
849.63,0.6,143.86,705.77,3,1
860.06,0.6,139.16,720.9,3,1
734.51,0.4,144.38,590.13,2,1
942.52,1.0,134.05,808.46,5,1
534.15,0.0,69.41,464.74,0,1
771.28,0.4,150.89,620.38,2,1
794.71,0.4,174.32,620.38,2,1
923.88,1.0,92.73,831.15,5,1
758.89,0.6,90.95,667.95,3,1
721.17,0.4,108.35,612.82,2,1
772.0,0.4,136.49,635.51,2,1
491.67,0.0,49.62,442.05,0,1
537.86,0.0,88.24,449.62,0,1
679.31,0.2,114.05,565.26,1,1
528.53,0.0,78.92,449.62,0,1
513.67,0.0,71.62,442.05,0,1
538.7,0.0,96.65,442.05,0,1
613.29,0.2,70.73,542.56,1,1
736.73,0.6,61.22,675.51,3,1
781.9,0.6,129.08,652.82,3,1
510.43,0.0,75.95,434.49,0,1
459.87,0.0,40.51,419.36,0,1
520.72,0.0,71.11,449.62,0,1
472.58,0.0,53.22,419.36,0,1
714.97,0.2,172.41,542.56,1,1
771.55,0.6,111.16,660.38,3,1
661.76,0.4,86.76,575.0,2,1
664.59,0.2,114.46,550.13,1,1
550.8,0.0,93.62,457.18,0,1
1032.53,1.0,193.81,838.72,5,1
829.31,0.6,115.97,713.33,3,1
726.27,0.2,198.84,527.44,1,1
784.93,0.6,86.73,698.21,3,1
806.31,0.6,100.54,705.77,3,1
481.41,0.0,46.92,434.49,0,1
510.59,0.0,68.54,442.05,0,1
616.73,0.2,81.73,535.0,1,1
615.63,0.2,95.76,519.87,1,1
765.76,0.6,90.24,675.51,3,1
823.09,0.6,109.76,713.33,3,1
847.03,0.6,171.51,675.51,3,1
690.71,0.4,70.32,620.38,2,1
1077.78,1.2,153.68,924.1,6,1
590.97,0.2,48.41,542.56,1,1
907.16,0.8,123.57,783.59,4,1
781.54,0.4,153.59,627.95,2,1
972.67,1.0,96.14,876.54,5,1
886.78,0.8,95.62,791.15,4,1
509.05,0.0,59.43,449.62,0,1
866.46,0.8,90.43,776.03,4,1
897.21,0.8,113.62,783.59,4,1
768.03,0.4,140.08,627.95,2,1
607.92,0.2,72.92,535.0,1,1
438.74,0.0,34.51,404.23,0,1
683.44,0.4,70.62,612.82,2,1
829.63,0.6,123.86,705.77,3,1
645.79,0.2,118.35,527.44,1,1
751.71,0.4,138.89,612.82,2,1
715.14,0.2,180.14,535.0,1,1
603.34,0.0,138.59,464.74,0,1
1028.58,1.0,182.3,846.28,5,1
494.05,0.0,52.0,442.05,0,1
674.91,0.4,77.22,597.69,2,1
1190.91,1.4,151.16,1039.74,7,1
704.42,0.4,99.16,605.26,2,1
565.31,0.2,68.14,497.18,1,1
880.76,0.6,152.3,728.46,3,1
641.46,0.4,74.03,567.44,2,1
1154.84,1.2,192.92,961.92,6,1
985.93,1.0,132.08,853.85,5,1
743.75,0.4,93.11,650.64,2,1
1020.98,1.0,174.7,846.28,5,1
632.16,0.2,82.03,550.13,1,1
673.42,0.4,75.73,597.69,2,1
836.64,0.6,146.0,690.64,3,1
808.72,0.6,118.08,690.64,3,1
792.56,0.6,94.35,698.21,3,1
1005.5,1.0,166.78,838.72,5,1
701.63,0.4,81.24,620.38,2,1
654.01,0.4,94.14,559.87,2,1
722.13,0.4,86.62,635.51,2,1
693.33,0.2,181.03,512.31,1,1
643.6,0.2,116.16,527.44,1,1
656.07,0.2,105.95,550.13,1,1
1101.89,1.2,192.92,908.97,6,1
519.45,0.0,69.84,449.62,0,1
636.24,0.2,86.11,550.13,1,1
816.62,0.4,181.11,635.51,2,1
662.99,0.2,112.86,550.13,1,1
530.94,0.0,81.32,449.62,0,1
755.76,0.4,135.38,620.38,2,1
736.95,0.4,101.43,635.51,2,1
549.18,0.2,52.0,497.18,1,1
801.51,0.6,118.43,683.08,3,1
806.38,0.4,178.43,627.95,2,1
872.92,0.8,157.41,715.51,4,1
559.78,0.0,117.73,442.05,0,1
600.79,0.2,80.92,519.87,1,1
972.46,0.8,196.43,776.03,4,1
642.61,0.2,84.92,557.69,1,1
479.68,0.0,60.32,419.36,0,1
756.85,0.4,151.59,605.26,2,1
828.09,0.6,114.76,713.33,3,1
951.38,0.8,182.92,768.46,4,1
839.9,0.6,126.57,713.33,3,1
789.44,0.4,176.62,612.82,2,1
802.24,0.4,151.59,650.64,2,1
756.76,0.4,136.38,620.38,2,1
659.26,0.2,109.14,550.13,1,1
504.97,0.0,62.92,442.05,0,1
806.35,0.4,178.41,627.95,2,1
439.85,0.0,35.62,404.23,0,1
844.69,0.6,146.49,698.21,3,1
577.39,0.2,72.65,504.74,1,1
842.64,0.8,104.43,738.21,4,1
554.85,0.0,90.11,464.74,0,1
939.8,0.6,241.59,698.21,3,1
815.31,0.6,109.54,705.77,3,1
739.36,0.4,118.97,620.38,2,1
803.64,0.6,120.57,683.08,3,1
1012.23,1.0,173.51,838.72,5,1
748.38,0.4,112.86,635.51,2,1
894.3,1.0,85.84,808.46,5,1
882.46,0.6,154.0,728.46,3,1
650.34,0.4,60.22,590.13,2,1
631.94,0.4,41.81,590.13,2,1
751.37,0.4,100.73,650.64,2,1
1023.62,1.0,147.08,876.54,5,1
815.59,0.6,140.08,675.51,3,1
567.79,0.2,47.92,519.87,1,1
988.89,0.8,220.43,768.46,4,1
536.42,0.0,79.24,457.18,0,1
860.38,0.6,139.49,720.9,3,1
893.16,0.6,164.7,728.46,3,1
1031.78,1.0,147.68,884.1,5,1
857.14,0.6,128.68,728.46,3,1
662.64,0.2,104.95,557.69,1,1
962.14,0.8,133.16,828.97,4,1
870.75,0.4,227.68,643.08,2,1
478.16,0.0,36.11,442.05,0,1
689.71,0.4,69.32,620.38,2,1
706.09,0.4,100.84,605.26,2,1
661.86,0.4,71.73,590.13,2,1
616.57,0.2,89.14,527.44,1,1
721.82,0.4,116.57,605.26,2,1
465.73,0.0,38.81,426.92,0,1
1170.08,1.4,160.59,1009.49,7,1
598.41,0.2,78.54,519.87,1,1
448.76,0.0,29.41,419.36,0,1
745.95,0.4,125.57,620.38,2,1
779.38,0.2,191.43,587.95,1,1
657.46,0.2,122.46,535.0,1,1
1156.09,1.4,154.16,1001.92,7,1
777.62,0.6,109.68,667.95,3,1
905.22,0.8,136.76,768.46,4,1
630.07,0.2,64.81,565.26,1,1
856.29,0.6,173.22,683.08,3,1
870.3,0.6,134.27,736.03,3,1
684.63,0.2,119.38,565.26,1,1
480.97,0.0,38.92,442.05,0,1
840.41,0.8,79.51,760.9,4,1
621.47,0.2,109.16,512.31,1,1
803.18,0.6,112.54,690.64,3,1
970.22,1.0,101.24,868.97,5,1
961.74,1.0,115.46,846.28,5,1
1187.45,1.4,208.22,979.23,7,1
668.91,0.2,103.65,565.26,1,1
1018.88,0.8,152.08,866.79,4,1
642.6,0.2,115.16,527.44,1,1
642.09,0.2,76.84,565.26,1,1
913.03,0.8,144.57,768.46,4,1
537.02,0.0,79.84,457.18,0,1
889.05,0.6,153.03,736.03,3,1
654.67,0.4,64.54,590.13,2,1
931.18,0.8,132.46,798.72,4,1
510.85,0.0,46.11,464.74,0,1
595.49,0.2,75.62,519.87,1,1
580.52,0.0,100.65,479.87,0,1
526.26,0.0,61.51,464.74,0,1
882.22,0.8,113.76,768.46,4,1
602.97,0.2,60.41,542.56,1,1
704.69,0.2,147.0,557.69,1,1
694.75,0.4,97.05,597.69,2,1
662.88,0.4,57.62,605.26,2,1
772.26,0.4,114.05,658.21,2,1
772.66,0.6,59.32,713.33,3,1
598.08,0.2,55.51,542.56,1,1
580.22,0.0,100.35,479.87,0,1
480.16,0.0,38.11,442.05,0,1
677.89,0.2,142.89,535.0,1,1
511.35,0.0,61.73,449.62,0,1
857.46,0.8,81.43,776.03,4,1
