"Total_Cost","Ratio_Reloc_Prod","Horiz_Cost","Vert_Cost","nReloc","non_Optimal"
249847.32,0.758,37955.64,211891.73,1137,85
657.03,0.4,97.16,559.87,2,1
910.45,1.0,132.24,778.21,5,0
894.89,1.0,139.38,755.51,5,0
660.5,0.4,115.76,544.74,2,0
681.9,0.6,82.03,599.87,3,0
586.56,0.2,96.95,489.62,1,0
824.72,0.6,187.03,637.69,3,1
730.1,0.6,107.54,622.56,3,0
637.09,0.4,92.35,544.74,2,0
1055.33,1.2,214.43,840.9,6,0
713.64,0.6,83.51,630.13,3,0
741.84,0.6,126.84,615.0,3,0
617.99,0.4,80.81,537.18,2,0
1066.45,1.4,162.86,903.59,7,0
823.77,0.8,146.08,677.69,4,1
447.2,0.0,35.41,411.79,0,0
744.46,0.4,177.03,567.44,2,1
963.07,1.0,177.3,785.77,5,0
883.81,1.0,135.86,747.95,5,0
1034.24,1.0,263.59,770.64,5,1
1053.77,1.2,167.49,886.28,6,0
966.41,1.0,173.08,793.33,5,0
739.2,0.6,93.95,645.26,3,0
850.12,0.8,104.35,745.77,4,0
805.04,0.8,127.35,677.69,4,0
600.7,0.0,166.22,434.49,0,0
753.72,0.6,108.46,645.26,3,0
708.64,0.4,163.89,544.74,2,1
708.02,0.4,125.46,582.56,2,0
1116.3,1.2,260.27,856.03,6,0
520.1,0.0,115.86,404.23,0,0
732.38,0.6,124.95,607.44,3,0
1043.69,1.2,217.92,825.77,6,0
479.18,0.0,74.95,404.23,0,1
1020.15,1.0,241.95,778.21,5,0
743.8,0.4,153.68,590.13,2,1
1306.65,1.8,209.59,1097.05,9,0
1076.56,1.2,205.41,871.15,6,0
666.55,0.4,106.68,559.87,2,0
873.4,0.8,142.76,730.64,4,1
611.77,0.2,107.03,504.74,1,0
724.3,0.6,63.92,660.38,3,1
651.98,0.4,84.54,567.44,2,0
761.55,0.6,101.16,660.38,3,1
799.27,0.6,123.76,675.51,3,1
727.85,0.6,75.03,652.82,3,0
697.92,0.4,115.35,582.56,2,0
820.12,0.8,81.92,738.21,4,0
713.2,0.4,107.95,605.26,2,1
892.71,0.8,192.32,700.38,4,1
1360.18,1.6,288.0,1072.18,8,0
1397.21,1.8,239.65,1157.56,9,0
916.49,1.0,108.03,808.46,5,0
996.14,1.0,255.76,740.38,5,1
478.44,0.0,51.51,426.92,0,0
459.15,0.0,54.92,404.23,0,0
665.84,0.4,90.84,575.0,2,0
702.64,0.4,173.03,529.62,2,0
657.07,0.4,127.46,529.62,2,0
488.9,0.0,77.11,411.79,0,0
915.17,0.8,222.35,692.82,4,0
695.57,0.4,128.14,567.44,2,0
544.21,0.0,102.16,442.05,0,0
845.61,0.8,99.84,745.77,4,0
726.65,0.6,111.65,615.0,3,1
1248.36,1.6,214.0,1034.36,8,0
954.26,1.0,168.49,785.77,5,0
826.98,0.6,166.59,660.38,3,1
766.54,0.6,91.03,675.51,3,0
740.33,0.6,79.95,660.38,3,0
876.6,0.8,123.27,753.33,4,1
470.87,0.0,51.51,419.36,0,1
983.96,1.2,105.24,878.72,6,0
483.16,0.0,41.11,442.05,0,0
781.03,0.8,65.51,715.51,4,0
456.31,0.0,44.51,411.79,0,0
1055.52,1.2,108.73,946.79,6,1
593.92,0.2,111.86,482.05,1,0
793.08,0.6,170.51,622.56,3,0
1118.14,1.2,163.78,954.36,6,1
613.84,0.2,93.97,519.87,1,0
745.96,0.6,108.27,637.69,3,1
648.39,0.4,103.65,544.74,2,1
487.05,0.0,45.0,442.05,0,0
1016.69,1.2,137.97,878.72,6,1
1026.77,1.4,92.92,933.85,7,0
812.39,0.8,66.62,745.77,4,1
615.3,0.2,148.38,466.92,1,0
1036.68,1.2,135.27,901.41,6,1
682.9,0.4,115.46,567.44,2,0
997.59,1.0,174.0,823.59,5,0
1129.74,1.4,142.95,986.79,7,0
1112.95,1.4,163.97,948.97,7,1
1204.02,1.4,232.35,971.67,7,0
513.55,0.0,48.81,464.74,0,0
819.56,0.6,121.35,698.21,3,0
698.08,0.6,90.65,607.44,3,0
1370.35,1.8,227.92,1142.44,9,0
469.61,0.0,57.81,411.79,0,0
592.03,0.2,132.68,459.36,1,0
808.07,0.6,162.81,645.26,3,0
840.96,0.8,102.76,738.21,4,1
685.67,0.4,95.54,590.13,2,0
734.57,0.6,66.62,667.95,3,0
1069.86,1.0,246.27,823.59,5,1
529.13,0.2,39.51,489.62,1,0
744.73,0.6,69.22,675.51,3,0
600.47,0.2,148.68,451.79,1,0
893.13,0.8,162.49,730.64,4,1
996.21,1.2,125.05,871.15,6,1
737.79,0.6,77.41,660.38,3,0
652.58,0.4,107.84,544.74,2,0
1411.87,2.0,229.43,1182.44,10,0
710.59,0.4,120.46,590.13,2,0
1264.61,1.6,237.81,1026.79,8,0
970.28,1.0,184.51,785.77,5,0
496.88,0.0,39.7,457.18,0,0
582.26,0.2,92.65,489.62,1,0
712.23,0.6,59.41,652.82,3,0
1138.21,1.4,181.68,956.54,7,0
1048.72,1.2,170.0,878.72,6,0
534.11,0.2,59.62,474.49,1,0
758.86,0.6,136.3,622.56,3,0
1104.5,1.4,132.84,971.67,7,0
928.77,1.0,74.92,853.85,5,1
965.0,1.0,201.92,763.08,5,0
889.45,1.0,111.24,778.21,5,0
1042.26,1.2,103.03,939.23,6,1
564.72,0.2,67.54,497.18,1,0
1233.8,1.6,169.19,1064.62,8,0
459.01,0.0,47.22,411.79,0,0
640.7,0.2,166.22,474.49,1,0
1175.8,1.6,156.57,1019.23,8,0
613.13,0.4,75.95,537.18,2,0
819.18,0.8,88.54,730.64,4,0
927.0,0.8,219.05,707.95,4,1
1122.56,1.4,211.41,911.15,7,0
622.45,0.4,92.84,529.62,2,0
763.28,0.6,110.46,652.82,3,0
801.9,0.6,202.03,599.87,3,0
851.09,0.8,150.7,700.38,4,1
742.35,0.6,127.35,615.0,3,0
992.01,1.0,191.11,800.9,5,0
460.44,0.0,33.51,426.92,0,0
659.31,0.4,114.57,544.74,2,1
860.26,1.0,89.62,770.64,5,1
646.2,0.4,86.32,559.87,2,0
731.31,0.6,93.62,637.69,3,1
1030.09,1.2,189.19,840.9,6,0
559.64,0.2,70.03,489.62,1,0
955.72,0.8,209.95,745.77,4,1
983.61,1.2,112.46,871.15,6,1
815.59,0.6,193.03,622.56,3,1
867.48,1.0,96.84,770.64,5,0
1253.07,1.6,180.89,1072.18,8,0
999.35,1.2,82.81,916.54,6,1
1050.83,1.2,172.11,878.72,6,1
893.62,0.8,178.11,715.51,4,1
1230.5,1.6,150.76,1079.74,8,0
774.84,0.6,114.46,660.38,3,0
1052.32,1.2,120.65,931.67,6,0
501.56,0.0,59.51,442.05,0,0
1024.5,1.2,145.78,878.72,6,1
705.81,0.6,83.24,622.56,3,1
499.28,0.2,39.92,459.36,1,0
894.72,1.0,108.95,785.77,5,0
742.08,0.6,74.14,667.95,3,0
1138.19,1.6,141.65,996.54,8,0
534.69,0.0,77.51,457.18,0,0
1210.41,1.6,176.05,1034.36,8,0
742.83,0.4,205.65,537.18,2,0
449.32,0.0,60.22,389.1,0,0
1056.26,1.2,132.16,924.1,6,1
767.46,0.6,144.89,622.56,3,0
909.06,1.0,108.16,800.9,5,0
728.96,0.6,76.14,652.82,3,0
686.32,0.4,103.76,582.56,2,1
1527.86,2.2,222.22,1305.64,11,0
474.16,0.0,85.05,389.1,0,0
863.32,1.0,100.24,763.08,5,0
1060.93,1.2,182.22,878.72,6,1
741.62,0.6,119.05,622.56,3,0
624.85,0.4,80.11,544.74,2,1
990.8,1.2,119.65,871.15,6,0
1189.52,1.2,235.16,954.36,6,1
510.48,0.0,121.38,389.1,0,0
1221.1,1.6,209.43,1011.67,8,0
1159.61,1.4,180.38,979.23,7,0
843.14,0.8,142.76,700.38,4,0
1160.75,1.4,257.16,903.59,7,0
873.15,1.0,94.95,778.21,5,0
1307.66,1.8,187.92,1119.74,9,1
810.3,0.8,102.35,707.95,4,1
779.55,0.6,119.16,660.38,3,1
1017.09,1.2,123.24,893.85,6,1
548.64,0.2,59.03,489.62,1,1
1263.04,1.6,243.81,1019.23,8,1
1324.07,2.0,179.46,1144.62,10,0
881.83,1.0,103.62,778.21,5,0
469.79,0.0,58.0,411.79,0,0
741.73,0.6,119.16,622.56,3,0
1062.59,1.2,199.0,863.59,6,0
1144.72,1.4,173.05,971.67,7,1
460.94,0.0,71.84,389.1,0,0
730.57,0.6,62.62,667.95,3,0
843.15,0.8,104.95,738.21,4,1
1012.75,1.2,149.16,863.59,6,0
904.24,0.8,120.65,783.59,4,0
624.58,0.4,79.84,544.74,2,1
910.14,1.0,109.24,800.9,5,1
627.17,0.4,59.73,567.44,2,0
961.33,1.0,168.0,793.33,5,0
740.92,0.6,65.41,675.51,3,0
662.72,0.4,117.97,544.74,2,0
1155.0,1.6,105.51,1049.49,8,1
481.19,0.0,46.7,434.49,0,0
896.09,1.0,110.32,785.77,5,0
1153.16,1.6,149.05,1004.1,8,0
922.12,0.8,236.86,685.26,4,0
806.55,0.6,161.3,645.26,3,1
1147.26,1.4,175.59,971.67,7,1
1030.2,1.2,151.49,878.72,6,0
1175.09,1.6,140.73,1034.36,8,0
915.46,1.0,152.38,763.08,5,1
933.86,1.0,117.84,816.03,5,0
559.85,0.2,55.11,504.74,1,0
830.24,0.8,107.16,723.08,4,0
540.31,0.0,83.14,457.18,0,0
984.43,1.2,135.97,848.46,6,1
576.58,0.2,124.78,451.79,1,0
1128.67,1.4,164.57,964.1,7,1
1412.55,1.8,277.68,1134.87,9,1
1030.86,1.2,114.32,916.54,6,1
559.57,0.2,92.65,466.92,1,0
944.91,0.8,221.84,723.08,4,1
524.33,0.2,57.41,466.92,1,0
672.42,0.4,74.73,597.69,2,0
484.56,0.0,42.51,442.05,0,0
814.16,0.8,98.65,715.51,4,0
799.73,0.8,84.22,715.51,4,0
1055.67,1.2,184.51,871.15,6,1
828.75,0.8,90.54,738.21,4,0
924.23,0.8,186.03,738.21,4,0
1013.09,1.2,119.24,893.85,6,0
832.0,1.0,68.92,763.08,5,0
1065.6,1.2,164.19,901.41,6,1
551.38,0.2,84.46,466.92,1,1
752.81,0.6,130.24,622.56,3,1
1015.82,1.2,129.54,886.28,6,1
500.83,0.0,104.16,396.67,0,0
1116.32,1.2,192.22,924.1,6,0
1081.4,1.4,109.73,971.67,7,0
874.07,1.0,103.43,770.64,5,0
678.65,0.4,103.65,575.0,2,1
1310.84,1.6,253.78,1057.05,8,0
775.0,0.6,107.05,667.95,3,0
1190.22,1.4,188.3,1001.92,7,1
674.77,0.4,69.51,605.26,2,0
1117.29,1.4,153.19,964.1,7,0
832.47,0.8,79.14,753.33,4,0
712.1,0.6,89.54,622.56,3,1
957.66,1.0,118.95,838.72,5,0
959.88,1.0,174.11,785.77,5,0
968.23,1.0,137.08,831.15,5,0
472.87,0.0,53.51,419.36,0,0
730.7,0.4,155.7,575.0,2,0
459.2,0.0,47.41,411.79,0,0
747.01,0.6,101.76,645.26,3,0
580.62,0.2,98.57,482.05,1,0
650.14,0.4,75.14,575.0,2,0
1159.96,1.6,140.73,1019.23,8,0
1055.31,1.2,176.59,878.72,6,0
902.15,1.0,123.95,778.21,5,0
640.65,0.4,73.22,567.44,2,1
934.76,1.0,118.73,816.03,5,0
757.62,0.6,82.11,675.51,3,1
637.6,0.4,77.73,559.87,2,0
1153.34,1.6,126.54,1026.79,8,0
852.1,0.8,121.46,730.64,4,1
654.28,0.4,101.97,552.31,2,0
637.81,0.4,62.81,575.0,2,0
813.95,0.8,98.43,715.51,4,0
736.58,0.2,224.27,512.31,1,0
734.55,0.6,81.73,652.82,3,1
670.07,0.4,132.89,537.18,2,0
633.09,0.4,73.22,559.87,2,0
475.36,0.0,56.0,419.36,0,0
1082.72,1.2,204.0,878.72,6,1
1110.0,1.4,153.46,956.54,7,0
501.81,0.0,67.32,434.49,0,0
792.55,0.8,99.73,692.82,4,0
453.91,0.0,64.81,389.1,0,0
675.74,0.4,62.92,612.82,2,0
745.13,0.6,69.62,675.51,3,0
1135.48,1.4,171.38,964.1,7,1
671.96,0.4,134.78,537.18,2,0
891.0,0.8,167.92,723.08,4,1
866.9,0.8,113.57,753.33,4,0
711.64,0.6,81.51,630.13,3,0
751.47,0.6,98.65,652.82,3,0
