"Total_Cost","Ratio_Reloc_Prod","Horiz_Cost","Vert_Cost","nReloc","non_Optimal"
254749.04,0.7693,44280.13,210468.92,1154,300
727.1,0.4,136.97,590.13,2,1
902.19,1.0,146.68,755.51,5,1
705.0,0.6,82.43,622.56,3,1
524.06,0.2,57.14,466.92,1,1
875.86,1.0,120.35,755.51,5,1
767.2,0.6,174.89,592.31,3,1
532.33,0.2,65.41,466.92,1,1
891.41,1.0,151.03,740.38,5,1
849.0,0.8,194.0,655.0,4,1
718.86,0.6,88.73,630.13,3,1
599.02,0.2,116.97,482.05,1,1
745.23,0.4,208.05,537.18,2,1
910.01,0.8,156.68,753.33,4,1
1512.03,2.2,342.54,1169.49,11,1
987.24,1.2,123.65,863.59,6,1
833.05,0.6,202.92,630.13,3,1
1065.82,1.4,139.54,926.28,7,1
964.79,0.8,256.84,707.95,4,1
592.95,0.2,118.46,474.49,1,1
890.87,0.8,182.92,707.95,4,1
875.87,0.8,183.05,692.82,4,1
494.77,0.0,90.54,404.23,0,1
728.02,0.6,105.46,622.56,3,1
595.24,0.2,120.76,474.49,1,1
792.42,0.6,147.16,645.26,3,1
1011.93,1.2,186.16,825.77,6,1
797.25,0.6,136.86,660.38,3,1
927.13,0.8,264.57,662.56,4,1
560.03,0.2,85.54,474.49,1,1
868.34,0.8,183.08,685.26,4,1
689.49,0.4,122.05,567.44,2,1
746.5,0.4,209.32,537.18,2,1
846.26,0.8,168.57,677.69,4,1
815.93,0.8,115.54,700.38,4,1
1016.57,1.0,208.11,808.46,5,1
1771.72,2.8,293.14,1478.59,14,1
877.21,0.8,146.57,730.64,4,1
708.71,0.6,108.84,599.87,3,1
657.75,0.4,120.57,537.18,2,1
815.96,0.8,123.14,692.82,4,1
490.39,0.0,71.03,419.36,0,1
986.77,1.0,193.43,793.33,5,1
1007.36,1.0,214.03,793.33,5,1
891.6,0.8,191.22,700.38,4,1
589.04,0.2,137.24,451.79,1,1
1032.35,1.2,168.76,863.59,6,1
1054.38,1.2,205.92,848.46,6,1
1319.88,1.8,207.7,1112.18,9,1
839.99,0.8,109.35,730.64,4,1
875.91,0.8,145.27,730.64,4,1
712.67,0.4,190.62,522.05,2,1
1074.99,1.2,143.32,931.67,6,1
1142.91,1.4,178.81,964.1,7,1
987.26,1.0,216.62,770.64,5,1
903.96,1.0,125.76,778.21,5,1
1008.78,1.2,137.62,871.15,6,1
837.26,0.6,192.0,645.26,3,1
815.73,0.6,208.3,607.44,3,1
761.42,0.6,116.16,645.26,3,1
851.38,0.8,135.86,715.51,4,1
754.08,0.6,86.14,667.95,3,1
977.32,1.0,161.3,816.03,5,1
844.12,0.8,158.86,685.26,4,1
811.4,0.6,181.27,630.13,3,1
848.04,0.6,210.35,637.69,3,1
656.91,0.4,112.16,544.74,2,1
1088.79,1.2,240.32,848.46,6,1
557.96,0.2,106.16,451.79,1,1
652.8,0.4,115.62,537.18,2,1
848.1,0.8,117.46,730.64,4,1
458.72,0.0,69.62,389.1,0,1
1044.64,1.2,173.49,871.15,6,1
573.01,0.2,121.22,451.79,1,1
485.09,0.0,65.73,419.36,0,1
1013.1,1.0,189.51,823.59,5,1
839.23,0.8,153.97,685.26,4,1
1098.75,1.4,187.59,911.15,7,1
473.58,0.0,54.22,419.36,0,1
742.48,0.6,112.35,630.13,3,1
752.36,0.6,99.54,652.82,3,1
488.93,0.0,77.14,411.79,0,1
658.36,0.4,106.05,552.31,2,1
1011.75,1.2,95.22,916.54,6,1
968.63,1.0,175.3,793.33,5,1
786.03,0.6,118.08,667.95,3,1
490.53,0.0,93.86,396.67,0,1
868.9,0.8,168.51,700.38,4,1
1019.72,1.2,148.57,871.15,6,1
923.58,1.0,130.24,793.33,5,1
1037.87,1.2,196.97,840.9,6,1
566.46,0.2,99.54,466.92,1,1
1071.32,1.4,99.65,971.67,7,1
755.78,0.6,125.65,630.13,3,1
932.03,0.8,216.51,715.51,4,1
711.23,0.6,73.54,637.69,3,1
978.05,1.0,154.46,823.59,5,1
1070.04,1.2,191.32,878.72,6,1
1081.2,1.2,194.92,886.28,6,1
904.59,1.0,133.95,770.64,5,1
635.43,0.2,145.81,489.62,1,1
1297.47,1.8,170.16,1127.31,9,1
1018.85,1.2,132.57,886.28,6,1
461.96,0.0,57.73,404.23,0,1
1134.51,1.4,177.97,956.54,7,1
834.3,0.8,126.35,707.95,4,1
934.42,1.0,163.78,770.64,5,1
837.0,0.8,121.49,715.51,4,1
669.52,0.4,109.65,559.87,2,1
703.56,0.4,166.38,537.18,2,1
1459.39,2.2,191.57,1267.82,11,1
426.21,0.0,37.11,389.1,0,1
1063.72,1.2,132.05,931.67,6,1
675.24,0.4,100.24,575.0,2,1
752.07,0.6,121.95,630.13,3,1
513.32,0.0,116.65,396.67,0,1
649.22,0.4,74.22,575.0,2,1
654.01,0.4,94.14,559.87,2,1
830.28,0.8,137.46,692.82,4,1
864.09,0.8,163.7,700.38,4,1
835.37,0.8,104.73,730.64,4,1
1017.42,1.2,146.27,871.15,6,1
1233.88,1.6,222.22,1011.67,8,1
972.26,1.0,186.49,785.77,5,1
525.82,0.0,114.03,411.79,0,1
907.65,0.8,199.7,707.95,4,1
1207.48,1.4,250.95,956.54,7,1
1058.55,1.2,172.27,886.28,6,1
757.97,0.6,127.84,630.13,3,1
999.42,1.2,113.14,886.28,6,1
1478.88,2.0,273.76,1205.13,10,1
1143.53,1.2,272.38,871.15,6,1
927.09,1.0,133.76,793.33,5,1
1032.08,1.2,168.49,863.59,6,1
1066.06,1.0,325.68,740.38,5,1
834.57,0.8,126.62,707.95,4,1
484.32,0.0,95.22,389.1,0,1
1050.06,1.2,88.14,961.92,6,1
1026.69,1.2,147.97,878.72,6,1
864.67,0.8,149.16,715.51,4,1
985.15,1.0,214.51,770.64,5,1
1068.14,1.2,159.16,908.97,6,1
1271.93,1.6,252.7,1019.23,8,1
881.42,0.8,188.59,692.82,4,1
461.01,0.0,49.22,411.79,0,1
1125.16,1.4,161.05,964.1,7,1
1193.25,1.6,166.46,1026.79,8,1
1154.45,1.4,182.78,971.67,7,1
737.11,0.4,169.68,567.44,2,1
476.83,0.0,87.73,389.1,0,1
757.42,0.4,220.24,537.18,2,1
972.04,1.0,178.7,793.33,5,1
947.02,1.0,176.38,770.64,5,1
991.09,1.0,205.32,785.77,5,1
1037.02,1.2,112.92,924.1,6,1
1130.26,1.4,166.16,964.1,7,1
753.79,0.6,85.84,667.95,3,1
479.81,0.0,45.32,434.49,0,1
743.51,0.6,113.38,630.13,3,1
845.87,0.8,92.54,753.33,4,1
867.01,0.8,174.19,692.82,4,1
770.88,0.6,133.19,637.69,3,1
1001.05,1.2,137.46,863.59,6,1
924.61,1.0,153.97,770.64,5,1
827.82,0.8,142.57,685.26,4,1
747.03,0.6,86.65,660.38,3,1
508.28,0.2,48.92,459.36,1,1
546.23,0.0,142.0,404.23,0,1
749.25,0.6,96.43,652.82,3,1
1110.86,1.4,146.76,964.1,7,1
495.98,0.0,76.62,419.36,0,1
928.9,0.8,168.0,760.9,4,1
1320.56,2.0,115.43,1205.13,10,1
451.48,0.0,54.81,396.67,0,1
757.82,0.4,197.95,559.87,2,1
473.47,0.0,54.11,419.36,0,1
971.57,1.0,170.68,800.9,5,1
515.96,0.0,111.73,404.23,0,1
1070.81,1.2,214.78,856.03,6,1
778.46,0.6,155.89,622.56,3,1
647.02,0.4,109.84,537.18,2,1
728.77,0.4,184.03,544.74,2,1
588.05,0.2,98.43,489.62,1,1
503.16,0.0,114.05,389.1,0,1
769.99,0.6,139.86,630.13,3,1
937.14,1.0,128.68,808.46,5,1
1577.68,2.0,387.68,1190.0,10,1
494.02,0.0,97.35,396.67,0,1
461.4,0.0,64.73,396.67,0,1
755.83,0.6,57.62,698.21,3,1
467.92,0.0,41.0,426.92,0,1
1191.93,1.6,172.7,1019.23,8,1
591.48,0.2,101.86,489.62,1,1
913.43,1.0,89.84,823.59,5,1
790.6,0.6,190.73,599.87,3,1
768.21,0.6,85.14,683.08,3,1
1126.23,1.4,207.51,918.72,7,1
744.59,0.6,114.46,630.13,3,1
1112.88,1.4,194.16,918.72,7,1
836.05,0.8,120.54,715.51,4,1
556.09,0.2,96.73,459.36,1,1
654.63,0.4,102.32,552.31,2,1
1050.36,1.2,164.08,886.28,6,1
580.5,0.2,128.7,451.79,1,1
923.44,1.0,122.54,800.9,5,1
764.96,0.4,212.65,552.31,2,1
484.71,0.0,72.92,411.79,0,1
605.79,0.2,138.86,466.92,1,1
974.42,1.0,196.22,778.21,5,1
1116.0,1.2,267.54,848.46,6,1
1002.94,1.2,139.35,863.59,6,1
764.75,0.6,127.05,637.69,3,1
984.64,1.0,153.49,831.15,5,1
600.9,0.2,133.97,466.92,1,1
929.65,1.0,128.76,800.9,5,1
1395.96,1.8,283.78,1112.18,9,1
883.91,0.8,198.65,685.26,4,1
502.77,0.0,98.54,404.23,0,1
767.37,0.6,76.73,690.64,3,1
587.33,0.2,75.03,512.31,1,1
1004.53,1.0,226.32,778.21,5,1
1337.3,1.6,302.95,1034.36,8,1
1281.22,1.6,239.3,1041.92,8,1
1127.32,1.4,155.65,971.67,7,1
1106.34,1.2,227.62,878.72,6,1
795.94,0.6,165.81,630.13,3,1
977.31,1.0,199.11,778.21,5,1
495.64,0.0,98.97,396.67,0,1
1001.05,1.2,137.46,863.59,6,1
741.55,0.6,88.73,652.82,3,1
1002.07,1.2,123.35,878.72,6,1
482.54,0.0,55.62,426.92,0,1
687.14,0.4,112.14,575.0,2,1
974.51,1.0,158.49,816.03,5,1
751.13,0.4,213.95,537.18,2,1
522.75,0.2,40.7,482.05,1,1
495.7,0.0,61.22,434.49,0,1
482.18,0.0,85.51,396.67,0,1
793.06,0.8,100.24,692.82,4,1
1050.03,1.2,141.05,908.97,6,1
923.37,1.0,160.3,763.08,5,1
718.61,0.6,80.92,637.69,3,1
824.28,0.8,131.46,692.82,4,1
1094.93,1.2,208.65,886.28,6,1
1211.48,1.2,340.32,871.15,6,1
1078.9,1.2,245.57,833.33,6,1
734.86,0.6,119.86,615.0,3,1
960.93,1.2,82.22,878.72,6,1
1117.73,1.2,261.7,856.03,6,1
527.17,0.2,67.81,459.36,1,1
568.58,0.2,71.41,497.18,1,1
634.97,0.2,160.49,474.49,1,1
702.06,0.6,109.76,592.31,3,1
1078.96,1.2,192.68,886.28,6,1
859.39,0.8,166.57,692.82,4,1
968.12,1.0,174.78,793.33,5,1
911.55,1.0,186.3,725.26,5,1
607.38,0.2,140.46,466.92,1,1
783.8,0.6,153.68,630.13,3,1
760.06,0.6,107.24,652.82,3,1
658.33,0.4,106.03,552.31,2,1
973.06,1.0,164.59,808.46,5,1
1242.0,1.6,200.08,1041.92,8,1
783.41,0.6,168.41,615.0,3,1
480.12,0.0,68.32,411.79,0,1
934.01,0.8,248.76,685.26,4,1
1384.4,1.8,226.84,1157.56,9,1
555.35,0.2,65.73,489.62,1,1
577.03,0.2,102.54,474.49,1,1
820.23,0.6,167.41,652.82,3,1
985.07,1.0,214.43,770.64,5,1
989.09,1.0,127.68,861.41,5,1
1369.4,1.6,365.3,1004.1,8,1
835.25,0.8,134.86,700.38,4,1
1081.61,1.2,195.32,886.28,6,1
632.04,0.4,79.73,552.31,2,1
813.76,0.6,153.38,660.38,3,1
872.81,0.8,157.3,715.51,4,1
603.92,0.2,121.86,482.05,1,1
734.85,0.6,82.03,652.82,3,1
1087.38,1.4,145.97,941.41,7,1
733.72,0.6,96.03,637.69,3,1
1065.42,1.2,186.7,878.72,6,1
707.3,0.4,139.86,567.44,2,1
1162.7,1.4,213.73,948.97,7,1
1104.42,1.4,132.76,971.67,7,1
800.98,0.6,193.54,607.44,3,1
792.07,0.6,154.38,637.69,3,1
757.49,0.6,150.05,607.44,3,1
1424.88,2.0,159.24,1265.64,10,1
670.96,0.4,118.65,552.31,2,1
902.7,1.0,132.05,770.64,5,1
704.83,0.4,175.22,529.62,2,1
769.93,0.6,124.68,645.26,3,1
655.79,0.4,95.92,559.87,2,1
922.94,1.0,106.92,816.03,5,1
712.17,0.4,152.3,559.87,2,1
766.08,0.6,151.08,615.0,3,1
645.85,0.4,93.54,552.31,2,1
600.65,0.2,126.16,474.49,1,1
1231.82,1.6,205.03,1026.79,8,1
