"Total_Cost","Ratio_Reloc_Prod","Horiz_Cost","Vert_Cost","nReloc","non_Optimal"
226844.36,0.3593,40824.06,186020.31,539,129
782.01,0.4,101.11,680.9,2,0
724.95,0.2,137.0,587.95,1,0
994.28,0.6,273.38,720.9,3,1
871.17,0.4,205.41,665.77,2,0
602.92,0.0,107.92,495.0,0,0
819.4,0.6,128.76,690.64,3,0
941.65,0.8,120.24,821.41,4,0
524.52,0.0,105.16,419.36,0,0
903.86,0.6,213.22,690.64,3,0
927.37,0.8,143.78,783.59,4,0
582.33,0.0,102.46,479.87,0,1
543.48,0.0,93.86,449.62,0,0
531.82,0.0,59.51,472.31,0,0
991.72,1.0,153.0,838.72,5,1
927.29,0.6,183.7,743.59,3,0
957.76,0.6,221.73,736.03,3,0
958.52,0.8,144.68,813.85,4,1
843.95,0.6,123.05,720.9,3,0
768.4,0.4,117.76,650.64,2,1
649.13,0.2,106.57,542.56,1,0
1027.56,0.8,243.97,783.59,4,0
1455.79,0.6,802.97,652.82,3,1
738.47,0.4,118.08,620.38,2,0
822.86,0.4,172.22,650.64,2,0
988.76,0.8,212.73,776.03,4,0
1105.12,1.0,205.89,899.23,5,0
607.81,0.2,72.81,535.0,1,1
570.96,0.0,98.65,472.31,0,1
560.42,0.0,103.24,457.18,0,0
531.55,0.0,66.81,464.74,0,1
790.78,0.4,155.27,635.51,2,0
751.64,0.4,108.57,643.08,2,0
970.18,0.8,171.46,798.72,4,0
805.05,0.4,154.41,650.64,2,1
652.99,0.2,87.73,565.26,1,1
635.42,0.0,163.11,472.31,0,0
794.16,0.4,151.08,643.08,2,0
878.54,0.6,134.95,743.59,3,1
943.99,0.8,145.27,798.72,4,0
790.08,0.4,147.0,643.08,2,1
757.18,0.4,106.54,650.64,2,0
542.74,0.0,70.43,472.31,0,0
1006.35,0.8,222.76,783.59,4,1
832.7,0.6,104.24,728.46,3,0
712.76,0.2,185.32,527.44,1,1
1039.47,0.8,233.19,806.28,4,0
767.88,0.4,117.24,650.64,2,1
1072.41,1.0,158.05,914.36,5,1
857.9,0.6,144.57,713.33,3,1
709.83,0.2,159.7,550.13,1,0
820.25,0.4,192.3,627.95,2,1
872.27,0.8,96.24,776.03,4,1
1202.44,1.2,240.51,961.92,6,0
552.09,0.0,87.35,464.74,0,0
824.16,0.6,148.65,675.51,3,0
630.33,0.2,57.51,572.82,1,0
845.43,0.6,109.41,736.03,3,0
951.0,0.8,167.41,783.59,4,0
672.85,0.2,100.03,572.82,1,1
884.05,0.6,140.46,743.59,3,0
635.53,0.2,77.84,557.69,1,1
803.23,0.6,97.46,705.77,3,1
491.18,0.0,34.0,457.18,0,0
841.25,0.6,173.3,667.95,3,1
852.17,0.4,186.41,665.77,2,1
933.4,0.6,189.81,743.59,3,1
865.73,0.4,222.65,643.08,2,0
1114.24,1.0,230.14,884.1,5,0
696.25,0.2,115.86,580.38,1,0
842.01,0.6,136.24,705.77,3,1
705.22,0.4,84.84,620.38,2,1
527.48,0.0,85.43,442.05,0,0
562.69,0.0,97.95,464.74,0,1
791.82,0.4,126.05,665.77,2,0
646.81,0.2,104.24,542.56,1,0
875.12,0.6,176.92,698.21,3,1
956.21,0.6,212.62,743.59,3,0
788.67,0.4,138.03,650.64,2,0
810.8,0.4,152.59,658.21,2,1
636.89,0.2,94.32,542.56,1,0
828.35,0.4,192.84,635.51,2,1
502.8,0.0,45.62,457.18,0,0
612.03,0.2,77.03,535.0,1,1
521.78,0.0,79.73,442.05,0,1
1076.96,1.0,238.24,838.72,5,0
706.47,0.2,126.08,580.38,1,0
1133.19,1.2,171.27,961.92,6,1
548.23,0.0,75.92,472.31,0,0
992.35,0.8,148.24,844.1,4,0
559.8,0.0,95.05,464.74,0,0
709.89,0.4,81.95,627.95,2,0
975.81,0.8,192.22,783.59,4,0
538.04,0.0,65.73,472.31,0,0
536.93,0.0,64.62,472.31,0,0
1122.49,0.8,414.54,707.95,4,1
978.34,0.8,179.62,798.72,4,0
689.23,0.2,123.97,565.26,1,0
568.09,0.0,103.35,464.74,0,0
761.49,0.4,125.97,635.51,2,1
910.66,0.6,151.95,758.72,3,0
513.69,0.0,56.51,457.18,0,1
1360.03,1.8,217.59,1142.44,9,0
733.4,0.2,175.7,557.69,1,0
787.67,0.4,152.16,635.51,2,0
974.34,0.8,183.19,791.15,4,1
908.92,0.6,172.89,736.03,3,1
715.7,0.2,165.57,550.13,1,0
662.75,0.2,105.05,557.69,1,1
1035.86,1.0,151.76,884.1,5,0
917.91,0.6,159.19,758.72,3,0
889.77,0.8,75.92,813.85,4,0
631.3,0.2,103.86,527.44,1,1
599.84,0.2,72.41,527.44,1,0
763.67,0.4,128.16,635.51,2,0
631.53,0.2,73.84,557.69,1,1
721.92,0.2,179.35,542.56,1,1
562.57,0.2,42.7,519.87,1,0
691.48,0.2,133.78,557.69,1,1
452.17,0.0,32.81,419.36,0,1
524.8,0.0,67.62,457.18,0,1
560.69,0.0,95.95,464.74,0,0
565.64,0.0,108.46,457.18,0,0
637.0,0.2,102.0,535.0,1,1
628.35,0.2,93.35,535.0,1,0
963.57,0.6,227.54,736.03,3,0
885.78,0.6,149.76,736.03,3,1
675.28,0.2,102.46,572.82,1,0
944.8,0.6,178.51,766.28,3,0
704.5,0.2,131.68,572.82,1,0
908.28,0.6,194.95,713.33,3,0
916.23,0.6,165.08,751.15,3,0
673.37,0.2,115.68,557.69,1,1
621.17,0.4,53.73,567.44,2,1
731.17,0.4,118.35,612.82,2,1
669.12,0.2,111.43,557.69,1,1
785.96,0.4,127.76,658.21,2,0
706.53,0.2,141.27,565.26,1,0
815.23,0.4,149.46,665.77,2,0
822.66,0.4,156.89,665.77,2,0
553.69,0.0,88.95,464.74,0,0
537.07,0.0,72.32,464.74,0,1
633.42,0.2,75.73,557.69,1,1
629.97,0.2,79.84,550.13,1,0
780.94,0.4,137.86,643.08,2,1
1082.5,1.2,196.22,886.28,6,1
545.69,0.0,80.95,464.74,0,1
795.26,0.4,137.05,658.21,2,0
645.05,0.2,94.92,550.13,1,0
796.34,0.4,130.57,665.77,2,0
630.53,0.2,72.84,557.69,1,0
540.21,0.0,83.03,457.18,0,1
1072.58,1.0,165.78,906.79,5,0
677.19,0.2,142.19,535.0,1,1
818.8,0.4,160.59,658.21,2,0
500.43,0.0,65.95,434.49,0,1
614.43,0.2,79.43,535.0,1,0
949.71,1.0,103.43,846.28,5,1
452.06,0.0,32.7,419.36,0,0
790.72,0.4,124.95,665.77,2,0
533.91,0.0,76.73,457.18,0,0
615.45,0.0,150.7,464.74,0,0
516.38,0.0,74.32,442.05,0,1
690.61,0.2,140.49,550.13,1,1
976.33,0.8,215.43,760.9,4,0
937.53,0.6,178.81,758.72,3,0
1026.94,1.0,135.27,891.67,5,0
804.09,0.4,130.76,673.33,2,1
525.97,0.0,76.35,449.62,0,1
761.33,0.4,133.38,627.95,2,1
722.5,0.2,164.81,557.69,1,0
942.76,0.6,206.73,736.03,3,0
764.04,0.4,158.78,605.26,2,1
625.77,0.0,161.03,464.74,0,1
854.75,0.4,204.11,650.64,2,0
768.17,0.4,94.84,673.33,2,0
659.39,0.2,94.14,565.26,1,0
723.36,0.2,158.11,565.26,1,1
640.66,0.2,75.41,565.26,1,1
667.83,0.2,125.27,542.56,1,1
812.54,0.4,184.59,627.95,2,0
664.3,0.2,129.3,535.0,1,1
597.53,0.0,147.92,449.62,0,0
600.45,0.0,135.7,464.74,0,1
543.02,0.0,85.84,457.18,0,0
773.07,0.4,122.43,650.64,2,0
975.89,0.6,232.3,743.59,3,0
630.37,0.0,165.62,464.74,0,1
694.53,0.2,136.84,557.69,1,0
823.47,0.4,157.7,665.77,2,0
584.12,0.0,104.24,479.87,0,0
820.39,0.4,162.19,658.21,2,1
534.74,0.0,70.0,464.74,0,1
797.0,0.4,153.92,643.08,2,1
930.08,0.6,201.62,728.46,3,1
545.74,0.0,73.43,472.31,0,0
677.26,0.2,119.57,557.69,1,1
983.51,0.6,232.35,751.15,3,0
559.39,0.0,94.65,464.74,0,0
594.91,0.0,130.16,464.74,0,1
683.0,0.2,148.0,535.0,1,1
775.65,0.2,233.08,542.56,1,0
567.17,0.0,94.86,472.31,0,0
755.99,0.2,205.86,550.13,1,0
556.64,0.0,99.46,457.18,0,0
627.74,0.0,147.86,479.87,0,1
656.58,0.2,91.32,565.26,1,1
688.09,0.2,122.84,565.26,1,1
800.24,0.4,149.59,650.64,2,1
865.38,0.6,129.35,736.03,3,1
616.86,0.2,66.73,550.13,1,1
808.63,0.4,142.86,665.77,2,0
722.98,0.4,110.16,612.82,2,1
554.26,0.0,104.65,449.62,0,0
670.28,0.2,105.03,565.26,1,0
650.34,0.2,92.65,557.69,1,0
833.44,0.8,80.11,753.33,4,1
627.7,0.2,85.14,542.56,1,1
826.79,0.6,113.46,713.33,3,1
581.17,0.0,108.86,472.31,0,0
1077.79,1.0,171.0,906.79,5,0
652.3,0.2,71.92,580.38,1,0
791.4,0.6,108.32,683.08,3,1
860.58,0.4,194.81,665.77,2,1
781.34,0.4,123.14,658.21,2,1
642.21,0.2,84.51,557.69,1,0
571.04,0.0,113.86,457.18,0,0
918.72,0.4,268.08,650.64,2,0
585.79,0.0,98.35,487.44,0,0
869.67,0.4,234.16,635.51,2,0
807.68,0.4,187.3,620.38,2,0
688.97,0.4,98.84,590.13,2,1
566.25,0.0,93.95,472.31,0,1
868.75,0.6,178.11,690.64,3,1
655.39,0.2,90.14,565.26,1,1
511.55,0.0,46.81,464.74,0,0
1055.78,1.0,171.68,884.1,5,1
889.6,0.6,168.7,720.9,3,0
974.8,0.8,176.08,798.72,4,0
758.61,0.2,193.35,565.26,1,1
1068.57,1.0,192.03,876.54,5,0
573.9,0.0,94.03,479.87,0,0
1051.23,0.8,199.57,851.67,4,0
991.93,0.6,225.65,766.28,3,0
906.88,0.6,148.16,758.72,3,1
610.9,0.0,138.59,472.31,0,1
649.2,0.2,83.95,565.26,1,0
859.16,0.4,223.65,635.51,2,0
668.26,0.2,103.0,565.26,1,1
586.15,0.0,128.97,457.18,0,1
550.28,0.0,85.54,464.74,0,1
556.74,0.0,92.0,464.74,0,0
885.33,0.6,172.0,713.33,3,0
1022.86,0.8,171.19,851.67,4,1
802.15,0.6,103.95,698.21,3,1
588.09,0.0,123.35,464.74,0,1
810.96,0.4,145.19,665.77,2,1
896.59,0.6,160.57,736.03,3,1
633.64,0.2,83.51,550.13,1,0
771.93,0.4,113.73,658.21,2,0
847.11,0.6,118.65,728.46,3,0
698.32,0.2,148.19,550.13,1,0
756.15,0.6,65.51,690.64,3,1
547.66,0.0,82.92,464.74,0,0
779.63,0.4,113.86,665.77,2,0
584.15,0.0,126.97,457.18,0,1
588.62,0.2,53.62,535.0,1,1
671.85,0.4,59.03,612.82,2,1
679.65,0.2,137.08,542.56,1,0
842.99,0.4,177.22,665.77,2,0
682.26,0.2,124.57,557.69,1,1
807.66,0.4,141.89,665.77,2,0
733.89,0.4,90.81,643.08,2,1
667.15,0.2,109.46,557.69,1,0
763.93,0.4,98.16,665.77,2,1
847.99,0.4,182.22,665.77,2,0
1030.12,1.0,191.41,838.72,5,1
634.05,0.2,83.92,550.13,1,0
597.91,0.0,133.16,464.74,0,0
642.77,0.2,77.51,565.26,1,1
1002.32,0.8,165.78,836.54,4,0
797.93,0.4,139.73,658.21,2,0
681.36,0.2,108.54,572.82,1,0
789.26,0.4,131.05,658.21,2,0
538.09,0.0,58.22,479.87,0,1
1112.33,0.2,584.89,527.44,1,1
678.11,0.2,97.73,580.38,1,0
869.38,0.6,133.35,736.03,3,1
927.18,0.8,128.46,798.72,4,1
539.63,0.0,67.32,472.31,0,0
725.2,0.2,152.38,572.82,1,0
993.77,0.6,235.05,758.72,3,0
567.93,0.0,88.05,479.87,0,1
833.99,0.4,168.22,665.77,2,1
555.36,0.0,83.05,472.31,0,1
667.03,0.2,86.65,580.38,1,0
570.2,0.0,105.46,464.74,0,0
661.77,0.2,96.51,565.26,1,1
572.28,0.0,107.54,464.74,0,1
1018.59,0.8,174.49,844.1,4,0
743.19,0.4,115.24,627.95,2,0
