"Total_Cost","Ratio_Reloc_Prod","Horiz_Cost","Vert_Cost","nReloc","non_Optimal"
229767.57,0.4327,41139.97,188627.6,649,170
723.83,0.4,65.62,658.21,2,0
588.71,0.0,101.27,487.44,0,0
795.4,0.4,144.76,650.64,2,0
695.3,0.2,160.3,535.0,1,0
757.12,0.4,91.35,665.77,2,1
550.79,0.0,70.92,479.87,0,0
1010.95,1.0,157.11,853.85,5,1
503.29,0.0,46.11,457.18,0,1
771.49,0.4,151.11,620.38,2,1
503.96,0.0,39.22,464.74,0,0
905.73,0.6,169.7,736.03,3,0
653.18,0.2,103.05,550.13,1,1
769.92,0.4,141.97,627.95,2,0
646.31,0.2,81.05,565.26,1,0
591.17,0.2,63.73,527.44,1,0
1040.37,1.0,156.27,884.1,5,0
810.66,0.6,97.32,713.33,3,1
1155.76,1.2,186.27,969.49,6,0
646.0,0.2,118.57,527.44,1,0
631.4,0.2,88.84,542.56,1,0
539.07,0.0,74.32,464.74,0,0
842.62,0.4,199.54,643.08,2,1
573.78,0.0,124.16,449.62,0,0
773.6,0.4,145.65,627.95,2,0
900.5,0.6,187.16,713.33,3,0
618.31,0.0,153.57,464.74,0,1
830.99,0.6,125.22,705.77,3,0
841.05,0.6,105.03,736.03,3,1
473.39,0.0,54.03,419.36,0,0
951.72,1.0,120.57,831.15,5,1
529.8,0.0,72.62,457.18,0,0
761.35,0.6,85.84,675.51,3,1
771.93,0.4,113.73,658.21,2,1
700.83,0.4,118.27,582.56,2,0
654.88,0.2,104.76,550.13,1,1
719.54,0.4,136.97,582.56,2,1
667.86,0.2,132.86,535.0,1,1
758.3,0.4,122.78,635.51,2,1
745.21,0.4,102.14,643.08,2,1
664.64,0.2,106.95,557.69,1,1
666.49,0.2,131.49,535.0,1,1
472.73,0.0,45.81,426.92,0,1
549.87,0.2,30.0,519.87,1,1
643.25,0.2,123.38,519.87,1,1
920.87,1.0,127.54,793.33,5,1
474.92,0.0,48.0,426.92,0,1
717.47,0.4,104.65,612.82,2,0
668.94,0.2,126.38,542.56,1,1
995.01,0.8,181.16,813.85,4,0
717.66,0.2,152.41,565.26,1,0
696.12,0.2,183.81,512.31,1,0
582.15,0.2,77.41,504.74,1,1
876.04,0.6,177.84,698.21,3,1
764.29,0.4,106.08,658.21,2,1
612.34,0.0,147.59,464.74,0,1
791.24,0.6,108.16,683.08,3,1
711.92,0.2,169.35,542.56,1,1
848.93,0.4,228.54,620.38,2,0
692.61,0.2,127.35,565.26,1,0
929.65,0.6,193.62,736.03,3,1
522.48,0.0,80.43,442.05,0,0
1145.48,1.2,228.95,916.54,6,0
536.16,0.0,86.54,449.62,0,0
902.51,0.6,166.49,736.03,3,0
754.16,0.4,118.65,635.51,2,0
797.36,0.6,136.97,660.38,3,1
987.32,0.8,203.73,783.59,4,0
592.04,0.0,134.86,457.18,0,1
690.97,0.4,100.84,590.13,2,0
919.08,0.6,190.62,728.46,3,1
563.51,0.0,121.46,442.05,0,1
718.93,0.4,166.62,552.31,2,1
494.11,0.0,59.62,434.49,0,1
893.65,0.8,132.76,760.9,4,1
825.55,0.4,159.78,665.77,2,0
817.41,0.4,197.03,620.38,2,0
1032.61,1.0,193.89,838.72,5,0
806.18,0.4,147.97,658.21,2,0
792.99,0.4,142.35,650.64,2,0
521.13,0.0,71.51,449.62,0,0
752.4,0.4,162.27,590.13,2,1
544.54,0.0,110.05,434.49,0,0
1000.85,1.0,154.57,846.28,5,1
824.64,0.6,141.57,683.08,3,1
704.54,0.4,121.97,582.56,2,1
1350.28,1.4,310.54,1039.74,7,0
858.26,0.4,192.49,665.77,2,0
862.97,0.6,126.95,736.03,3,1
942.83,0.8,151.68,791.15,4,1
981.92,0.8,205.89,776.03,4,1
819.94,0.4,169.3,650.64,2,1
694.58,0.2,121.76,572.82,1,1
785.44,0.4,172.62,612.82,2,1
943.19,0.8,182.3,760.9,4,1
749.65,0.4,167.08,582.56,2,0
580.2,0.2,60.32,519.87,1,1
655.12,0.2,97.43,557.69,1,0
888.75,0.8,105.16,783.59,4,0
472.47,0.0,68.24,404.23,0,1
1182.56,0.4,584.86,597.69,2,1
1156.01,1.2,209.22,946.79,6,1
1068.06,0.8,239.08,828.97,4,0
854.77,0.6,141.43,713.33,3,1
677.8,0.2,112.54,565.26,1,1
784.37,0.4,126.16,658.21,2,0
825.49,0.6,149.97,675.51,3,0
959.94,1.0,136.35,823.59,5,1
932.1,0.8,140.95,791.15,4,1
645.11,0.2,117.68,527.44,1,1
742.22,0.2,214.78,527.44,1,1
883.36,0.6,177.59,705.77,3,0
868.76,0.6,147.86,720.9,3,1
620.61,0.2,62.92,557.69,1,1
908.5,1.0,62.22,846.28,5,1
833.21,0.6,142.57,690.64,3,1
742.29,0.4,144.59,597.69,2,1
1257.05,1.2,272.43,984.62,6,1
686.57,0.2,166.7,519.87,1,0
781.99,0.4,131.35,650.64,2,0
1135.07,1.2,248.78,886.28,6,1
785.99,0.4,135.35,650.64,2,1
592.31,0.0,127.57,464.74,0,1
780.33,0.4,152.38,627.95,2,1
746.06,0.4,125.68,620.38,2,1
502.49,0.0,83.14,419.36,0,0
677.59,0.2,127.46,550.13,1,1
764.06,0.4,143.68,620.38,2,0
605.2,0.2,100.46,504.74,1,0
1007.59,0.8,216.43,791.15,4,0
505.58,0.0,48.41,457.18,0,0
481.14,0.0,54.22,426.92,0,0
780.71,0.6,112.76,667.95,3,0
897.92,1.0,97.03,800.9,5,1
726.74,0.2,161.49,565.26,1,1
861.44,0.8,100.54,760.9,4,1
702.55,0.4,89.73,612.82,2,1
596.07,0.0,146.46,449.62,0,0
1052.09,1.0,205.81,846.28,5,0
660.24,0.2,125.24,535.0,1,1
1221.5,1.2,214.19,1007.31,6,1
936.53,0.8,145.38,791.15,4,1
747.15,0.2,181.89,565.26,1,1
1292.14,1.2,322.65,969.49,6,0
573.12,0.0,93.24,479.87,0,1
755.25,0.4,134.86,620.38,2,1
826.63,0.4,213.81,612.82,2,0
632.4,0.4,34.7,597.69,2,1
1136.09,0.8,390.32,745.77,4,1
704.82,0.4,84.43,620.38,2,1
744.2,0.4,131.38,612.82,2,1
877.12,0.6,163.78,713.33,3,0
797.91,0.2,232.65,565.26,1,0
525.61,0.0,68.43,457.18,0,1
879.17,0.6,158.27,720.9,3,0
1130.79,1.0,224.0,906.79,5,0
659.22,0.2,131.78,527.44,1,0
621.84,0.4,54.41,567.44,2,1
583.01,0.0,118.27,464.74,0,1
644.02,0.4,46.32,597.69,2,1
686.24,0.4,103.68,582.56,2,0
624.41,0.2,96.97,527.44,1,1
562.89,0.0,128.41,434.49,0,1
1194.96,1.2,248.16,946.79,6,0
609.95,0.2,74.95,535.0,1,1
622.95,0.2,87.95,535.0,1,0
990.02,0.8,206.43,783.59,4,1
916.95,0.8,156.05,760.9,4,1
708.93,0.4,88.54,620.38,2,1
945.27,0.6,209.24,736.03,3,0
772.49,0.4,144.54,627.95,2,0
780.43,0.4,137.35,643.08,2,0
1204.5,1.4,232.84,971.67,7,0
658.36,0.2,138.49,519.87,1,0
1224.91,1.2,285.68,939.23,6,0
835.51,0.4,192.43,643.08,2,0
811.33,0.6,98.0,713.33,3,0
540.86,0.0,91.24,449.62,0,0
446.01,0.0,34.22,411.79,0,1
636.98,0.2,109.54,527.44,1,0
441.2,0.0,29.41,411.79,0,1
619.33,0.2,99.46,519.87,1,1
721.26,0.2,156.0,565.26,1,0
757.42,0.4,144.59,612.82,2,1
1245.47,1.2,291.11,954.36,6,0
701.77,0.2,144.08,557.69,1,0
769.88,0.4,164.62,605.26,2,1
569.08,0.0,134.59,434.49,0,0
774.12,0.4,176.43,597.69,2,1
460.33,0.0,33.41,426.92,0,0
631.06,0.2,103.62,527.44,1,1
787.51,0.4,136.86,650.64,2,1
952.17,0.6,238.84,713.33,3,0
996.62,0.6,253.03,743.59,3,0
723.45,0.2,158.19,565.26,1,0
1107.34,0.8,301.05,806.28,4,1
859.66,0.6,100.95,758.72,3,1
579.99,0.0,130.38,449.62,0,0
661.58,0.2,96.32,565.26,1,1
506.05,0.0,64.0,442.05,0,1
678.1,0.2,127.97,550.13,1,0
596.53,0.2,99.35,497.18,1,1
716.15,0.2,150.89,565.26,1,0
772.81,0.6,89.73,683.08,3,1
525.29,0.0,68.11,457.18,0,0
586.37,0.2,81.62,504.74,1,1
755.21,0.4,112.14,643.08,2,1
631.48,0.2,88.92,542.56,1,1
739.95,0.6,72.0,667.95,3,0
1039.79,0.8,210.81,828.97,4,1
733.84,0.4,113.46,620.38,2,0
622.85,0.2,110.54,512.31,1,0
991.36,1.0,129.95,861.41,5,1
850.27,0.6,114.24,736.03,3,1
963.61,1.0,117.32,846.28,5,0
526.81,0.0,92.32,434.49,0,1
675.68,0.2,140.68,535.0,1,1
849.21,0.6,158.57,690.64,3,0
634.14,0.2,99.14,535.0,1,1
791.51,0.6,108.43,683.08,3,0
711.04,0.4,113.35,597.69,2,0
653.11,0.2,125.68,527.44,1,1
829.46,0.6,161.51,667.95,3,0
758.61,0.4,100.41,658.21,2,1
708.4,0.2,150.7,557.69,1,1
762.93,0.6,102.54,660.38,3,1
528.22,0.0,93.73,434.49,0,1
723.51,0.4,133.38,590.13,2,0
756.93,0.6,111.68,645.26,3,1
998.98,1.0,190.51,808.46,5,1
952.31,0.6,246.54,705.77,3,0
594.63,0.0,122.32,472.31,0,1
792.67,0.6,117.16,675.51,3,1
856.56,0.6,173.49,683.08,3,0
531.18,0.2,34.0,497.18,1,1
672.75,0.4,82.62,590.13,2,1
514.62,0.0,80.14,434.49,0,0
582.67,0.0,125.49,457.18,0,1
881.76,0.4,261.38,620.38,2,0
778.04,0.2,205.22,572.82,1,0
464.06,0.0,44.7,419.36,0,0
716.3,0.4,141.3,575.0,2,0
887.21,0.6,136.05,751.15,3,1
866.34,0.8,120.57,745.77,4,0
738.17,0.4,117.78,620.38,2,1
771.91,0.4,121.27,650.64,2,0
1057.55,0.8,236.14,821.41,4,0
868.01,0.8,122.24,745.77,4,1
473.95,0.0,47.03,426.92,0,1
794.17,0.6,141.35,652.82,3,0
746.77,0.2,181.51,565.26,1,1
674.48,0.2,124.35,550.13,1,1
714.07,0.2,156.38,557.69,1,1
763.91,0.4,166.22,597.69,2,1
734.84,0.4,114.46,620.38,2,0
689.11,0.4,68.73,620.38,2,1
842.02,0.6,151.38,690.64,3,0
622.55,0.2,110.24,512.31,1,1
1029.65,1.0,228.76,800.9,5,1
743.8,0.6,113.68,630.13,3,1
886.34,0.6,188.14,698.21,3,0
1148.39,1.2,201.59,946.79,6,0
610.03,0.2,90.16,519.87,1,1
854.44,0.6,148.68,705.77,3,0
706.82,0.4,101.57,605.26,2,1
835.27,0.6,167.32,667.95,3,0
565.48,0.0,115.86,449.62,0,0
578.7,0.2,96.65,482.05,1,1
1006.44,1.0,152.59,853.85,5,1
673.48,0.2,115.78,557.69,1,1
817.98,0.6,157.59,660.38,3,1
912.35,0.8,143.89,768.46,4,1
836.91,0.6,146.27,690.64,3,1
782.13,0.6,99.05,683.08,3,1
851.33,0.6,183.38,667.95,3,1
562.4,0.0,105.22,457.18,0,1
758.94,0.6,136.38,622.56,3,1
979.42,0.8,188.27,791.15,4,1
755.29,0.4,104.65,650.64,2,0
1173.29,1.2,188.68,984.62,6,1
1049.92,1.0,180.95,868.97,5,1
851.72,0.6,161.08,690.64,3,1
799.12,0.6,100.92,698.21,3,1
615.62,0.0,166.0,449.62,0,1
526.92,0.2,52.43,474.49,1,1
757.2,0.6,96.81,660.38,3,0
742.7,0.4,99.62,643.08,2,0
811.1,0.6,128.03,683.08,3,1
644.36,0.4,92.05,552.31,2,0
565.95,0.2,91.46,474.49,1,1
837.68,0.4,209.73,627.95,2,0
894.71,0.8,141.38,753.33,4,0
889.64,0.8,166.57,723.08,4,0
814.87,0.4,194.49,620.38,2,1
854.17,0.4,188.41,665.77,2,1
697.03,0.2,169.59,527.44,1,1
737.11,0.4,109.16,627.95,2,0
831.8,0.6,141.16,690.64,3,1
734.72,0.4,129.46,605.26,2,0
507.89,0.2,33.41,474.49,1,1
510.59,0.0,68.54,442.05,0,1
