"Total_Cost","Ratio_Reloc_Prod","Horiz_Cost","Vert_Cost","nReloc","non_Optimal"
241577.89,0.3553,56909.58,184668.4,533,300
540.69,0.0,75.95,464.74,0,1
747.91,0.4,89.7,658.21,2,1
718.0,0.2,122.49,595.51,1,1
648.01,0.2,67.62,580.38,1,1
701.31,0.2,128.49,572.82,1,1
554.82,0.0,82.51,472.31,0,1
872.02,0.4,213.81,658.21,2,1
958.91,0.8,175.32,783.59,4,1
639.04,0.2,134.3,504.74,1,1
786.96,0.4,174.14,612.82,2,1
1246.48,1.2,269.43,977.05,6,1
531.99,0.0,67.24,464.74,0,1
722.09,0.2,141.7,580.38,1,1
921.06,0.8,99.65,821.41,4,1
892.01,0.8,138.68,753.33,4,1
607.58,0.0,135.27,472.31,0,1
522.21,0.0,65.03,457.18,0,1
590.74,0.2,78.43,512.31,1,1
747.45,0.4,142.19,605.26,2,1
594.54,0.2,67.11,527.44,1,1
625.67,0.2,75.54,550.13,1,1
1340.15,1.2,347.97,992.18,6,1
1141.85,1.0,242.62,899.23,5,1
663.31,0.2,98.05,565.26,1,1
503.13,0.0,53.51,449.62,0,1
677.82,0.2,112.57,565.26,1,1
684.43,0.2,141.86,542.56,1,1
705.35,0.4,77.41,627.95,2,1
649.49,0.2,122.05,527.44,1,1
806.15,0.4,140.38,665.77,2,1
730.31,0.4,125.05,605.26,2,1
772.73,0.4,144.78,627.95,2,1
621.27,0.2,93.84,527.44,1,1
780.2,0.2,214.95,565.26,1,1
602.74,0.0,122.86,479.87,0,1
545.19,0.0,103.14,442.05,0,1
1099.63,0.8,293.35,806.28,4,1
628.12,0.2,70.43,557.69,1,1
512.54,0.0,85.62,426.92,0,1
613.1,0.2,70.54,542.56,1,1
576.75,0.0,119.57,457.18,0,1
1155.74,1.2,261.89,893.85,6,1
734.92,0.2,199.92,535.0,1,1
636.08,0.2,108.65,527.44,1,1
1026.74,0.8,212.89,813.85,4,1
1158.12,0.6,459.92,698.21,3,1
925.03,0.4,304.65,620.38,2,1
934.55,0.4,321.73,612.82,2,1
442.5,0.0,30.7,411.79,0,1
590.65,0.0,156.16,434.49,0,1
586.26,0.0,129.08,457.18,0,1
793.42,0.2,235.73,557.69,1,1
638.68,0.2,103.68,535.0,1,1
796.0,0.6,128.05,667.95,3,1
837.53,0.4,186.89,650.64,2,1
1017.53,0.6,319.32,698.21,3,1
584.2,0.0,119.46,464.74,0,1
1235.75,0.8,391.65,844.1,4,1
802.89,0.4,227.89,575.0,2,1
1038.7,0.4,403.19,635.51,2,1
1040.96,0.6,274.68,766.28,3,1
791.53,0.4,125.76,665.77,2,1
553.77,0.0,89.03,464.74,0,1
704.23,0.2,138.97,565.26,1,1
889.63,0.2,324.38,565.26,1,1
658.5,0.2,146.19,512.31,1,1
1120.48,0.8,329.32,791.15,4,1
1214.73,0.8,378.19,836.54,4,1
804.09,0.4,183.7,620.38,2,1
516.95,0.0,82.46,434.49,0,1
1067.22,1.0,213.38,853.85,5,1
858.81,0.6,130.35,728.46,3,1
659.34,0.2,101.65,557.69,1,1
620.42,0.0,163.24,457.18,0,1
1008.36,0.6,295.03,713.33,3,1
904.7,0.6,168.68,736.03,3,1
1000.32,0.6,256.73,743.59,3,1
1371.16,1.2,386.54,984.62,6,1
759.97,0.4,124.46,635.51,2,1
930.67,0.4,287.59,643.08,2,1
845.62,0.6,102.03,743.59,3,1
1195.78,0.6,452.19,743.59,3,1
520.65,0.0,93.73,426.92,0,1
1308.59,0.8,472.05,836.54,4,1
683.14,0.4,70.32,612.82,2,1
803.14,0.4,175.19,627.95,2,1
927.97,0.6,184.38,743.59,3,1
580.55,0.0,108.24,472.31,0,1
707.23,0.2,141.97,565.26,1,1
1599.3,1.2,584.43,1014.87,6,1
765.03,0.4,144.65,620.38,2,1
534.47,0.0,69.73,464.74,0,1
572.29,0.0,130.24,442.05,0,1
999.64,0.6,240.92,758.72,3,1
585.65,0.0,151.16,434.49,0,1
1261.39,0.8,515.62,745.77,4,1
841.88,0.4,183.68,658.21,2,1
1077.67,0.8,354.59,723.08,4,1
1244.23,0.8,453.08,791.15,4,1
629.14,0.2,109.27,519.87,1,1
687.97,0.2,145.41,542.56,1,1
603.43,0.2,68.43,535.0,1,1
770.0,0.4,142.05,627.95,2,1
932.94,0.6,242.3,690.64,3,1
478.49,0.0,59.14,419.36,0,1
713.63,0.4,93.24,620.38,2,1
906.36,0.6,185.46,720.9,3,1
938.81,0.6,195.22,743.59,3,1
1308.92,1.0,379.43,929.49,5,1
1371.31,1.0,464.51,906.79,5,1
856.41,0.4,236.03,620.38,2,1
575.61,0.0,110.86,464.74,0,1
884.92,0.4,249.41,635.51,2,1
787.95,0.4,160.0,627.95,2,1
513.4,0.0,56.22,457.18,0,1
555.4,0.2,58.22,497.18,1,1
487.51,0.0,53.03,434.49,0,1
786.9,0.4,174.08,612.82,2,1
786.67,0.2,228.97,557.69,1,1
511.22,0.0,91.86,419.36,0,1
858.29,0.2,315.73,542.56,1,1
851.27,0.4,208.19,643.08,2,1
1052.74,0.4,386.97,665.77,2,1
845.46,0.4,217.51,627.95,2,1
1201.6,0.8,380.19,821.41,4,1
938.24,0.6,194.65,743.59,3,1
593.59,0.0,151.54,442.05,0,1
781.66,0.2,216.41,565.26,1,1
929.08,0.6,200.62,728.46,3,1
577.15,0.0,104.84,472.31,0,1
648.05,0.0,198.43,449.62,0,1
761.48,0.2,203.78,557.69,1,1
998.72,0.6,240.0,758.72,3,1
622.31,0.2,64.62,557.69,1,1
938.09,0.4,272.32,665.77,2,1
1031.55,0.4,365.78,665.77,2,1
574.04,0.0,116.86,457.18,0,1
547.09,0.0,120.16,426.92,0,1
711.32,0.4,128.76,582.56,2,1
1401.74,0.8,587.89,813.85,4,1
732.26,0.2,182.14,550.13,1,1
564.09,0.0,99.35,464.74,0,1
707.53,0.2,142.27,565.26,1,1
1103.08,0.4,460.0,643.08,2,1
692.67,0.2,134.97,557.69,1,1
605.24,0.0,170.76,434.49,0,1
994.2,0.6,288.43,705.77,3,1
552.45,0.0,95.27,457.18,0,1
756.55,0.4,151.3,605.26,2,1
537.26,0.2,32.51,504.74,1,1
584.44,0.2,72.14,512.31,1,1
826.69,0.4,168.49,658.21,2,1
858.03,0.4,222.51,635.51,2,1
882.43,0.6,138.84,743.59,3,1
654.5,0.2,96.81,557.69,1,1
860.14,0.4,186.81,673.33,2,1
649.83,0.2,92.14,557.69,1,1
765.97,0.4,130.46,635.51,2,1
558.18,0.0,93.43,464.74,0,1
577.72,0.0,112.97,464.74,0,1
853.6,0.6,125.14,728.46,3,1
638.77,0.4,33.51,605.26,2,1
780.04,0.4,121.84,658.21,2,1
1891.57,2.0,580.54,1311.03,10,1
1079.25,0.6,350.78,728.46,3,1
676.13,0.2,133.57,542.56,1,1
1259.59,0.8,415.49,844.1,4,1
565.88,0.0,101.14,464.74,0,1
844.63,0.4,178.86,665.77,2,1
614.18,0.0,157.0,457.18,0,1
1333.07,1.2,348.46,984.62,6,1
687.87,0.2,115.05,572.82,1,1
945.15,0.6,254.51,690.64,3,1
1287.65,1.0,358.16,929.49,5,1
897.07,0.4,246.43,650.64,2,1
540.96,0.0,76.22,464.74,0,1
576.05,0.0,126.43,449.62,0,1
719.54,0.2,192.11,527.44,1,1
1212.01,0.8,398.16,813.85,4,1
534.37,0.0,69.62,464.74,0,1
836.19,0.6,107.73,728.46,3,1
761.3,0.4,125.78,635.51,2,1
697.23,0.0,232.49,464.74,0,1
795.84,0.4,167.89,627.95,2,1
877.87,0.4,265.05,612.82,2,1
939.38,0.6,218.49,720.9,3,1
1069.17,0.6,363.41,705.77,3,1
950.96,0.6,199.81,751.15,3,1
808.74,0.4,142.97,665.77,2,1
723.58,0.2,165.89,557.69,1,1
1279.64,1.2,287.46,992.18,6,1
650.99,0.2,85.73,565.26,1,1
811.16,0.4,183.22,627.95,2,1
536.58,0.0,71.84,464.74,0,1
543.77,0.0,79.03,464.74,0,1
1015.54,0.6,271.95,743.59,3,1
541.07,0.0,76.32,464.74,0,1
666.31,0.2,101.05,565.26,1,1
987.91,0.6,244.32,743.59,3,1
580.88,0.0,116.14,464.74,0,1
741.89,0.2,206.89,535.0,1,1
1360.69,1.0,453.89,906.79,5,1
948.56,0.6,197.41,751.15,3,1
644.76,0.2,109.76,535.0,1,1
1094.0,0.6,350.41,743.59,3,1
1021.51,0.6,277.92,743.59,3,1
888.42,0.2,323.16,565.26,1,1
1300.49,0.6,564.46,736.03,3,1
623.77,0.2,58.51,565.26,1,1
732.96,0.2,175.27,557.69,1,1
1292.32,1.0,355.27,937.05,5,1
815.53,0.4,149.76,665.77,2,1
526.47,0.0,61.73,464.74,0,1
1269.89,1.0,332.84,937.05,5,1
563.33,0.0,91.03,472.31,0,1
683.19,0.2,155.76,527.44,1,1
594.16,0.0,144.54,449.62,0,1
905.19,0.6,184.3,720.9,3,1
788.15,0.2,222.89,565.26,1,1
629.07,0.2,63.81,565.26,1,1
868.46,0.6,132.43,736.03,3,1
1026.03,0.6,290.0,736.03,3,1
671.7,0.2,129.14,542.56,1,1
606.77,0.0,149.59,457.18,0,1
1410.24,1.0,480.76,929.49,5,1
642.93,0.0,170.62,472.31,0,1
788.08,0.4,152.57,635.51,2,1
569.91,0.0,105.16,464.74,0,1
933.16,0.6,189.57,743.59,3,1
937.97,0.6,194.38,743.59,3,1
784.63,0.4,118.86,665.77,2,1
568.65,0.0,134.16,434.49,0,1
441.9,0.0,30.11,411.79,0,1
759.75,0.4,101.54,658.21,2,1
745.58,0.2,180.32,565.26,1,1
663.2,0.2,97.95,565.26,1,1
914.39,0.4,248.62,665.77,2,1
974.88,0.4,316.68,658.21,2,1
740.85,0.2,175.59,565.26,1,1
698.45,0.2,140.76,557.69,1,1
598.78,0.2,56.22,542.56,1,1
845.32,0.4,194.68,650.64,2,1
869.26,0.4,203.49,665.77,2,1
1231.76,0.8,402.78,828.97,4,1
538.47,0.0,73.73,464.74,0,1
520.65,0.0,93.73,426.92,0,1
720.34,0.4,122.65,597.69,2,1
1241.04,0.8,427.19,813.85,4,1
929.99,0.4,264.22,665.77,2,1
531.2,0.0,111.84,419.36,0,1
1059.77,0.6,301.05,758.72,3,1
743.88,0.2,186.19,557.69,1,1
555.02,0.0,97.84,457.18,0,1
781.72,0.2,231.59,550.13,1,1
793.02,0.4,142.38,650.64,2,1
530.31,0.0,73.14,457.18,0,1
770.56,0.4,112.35,658.21,2,1
890.72,0.2,325.46,565.26,1,1
922.39,0.4,256.62,665.77,2,1
589.0,0.2,54.0,535.0,1,1
440.79,0.0,29.0,411.79,0,1
707.95,0.4,80.0,627.95,2,1
1235.67,0.8,452.08,783.59,4,1
1158.62,0.8,382.59,776.03,4,1
683.87,0.2,156.43,527.44,1,1
635.18,0.2,69.92,565.26,1,1
668.5,0.2,103.24,565.26,1,1
516.67,0.0,74.62,442.05,0,1
804.48,0.2,254.35,550.13,1,1
752.39,0.4,139.57,612.82,2,1
1036.43,0.6,300.41,736.03,3,1
865.4,0.4,222.32,643.08,2,1
1021.43,0.6,345.92,675.51,3,1
828.92,0.4,200.97,627.95,2,1
1359.67,0.8,508.0,851.67,4,1
936.01,0.4,270.24,665.77,2,1
775.02,0.2,224.89,550.13,1,1
487.01,0.0,67.65,419.36,0,1
537.89,0.0,103.41,434.49,0,1
597.07,0.0,139.89,457.18,0,1
524.0,0.0,89.51,434.49,0,1
897.55,0.2,332.3,565.26,1,1
878.02,0.4,280.32,597.69,2,1
686.45,0.2,128.76,557.69,1,1
685.47,0.4,72.65,612.82,2,1
651.22,0.2,116.22,535.0,1,1
730.5,0.2,172.81,557.69,1,1
716.23,0.2,150.97,565.26,1,1
775.21,0.2,217.51,557.69,1,1
797.77,0.4,139.57,658.21,2,1
643.51,0.2,100.95,542.56,1,1
1152.46,0.8,331.05,821.41,4,1
929.93,0.6,216.59,713.33,3,1
898.87,0.2,326.05,572.82,1,1
584.01,0.0,119.27,464.74,0,1
862.93,0.4,197.16,665.77,2,1
757.6,0.4,144.78,612.82,2,1
704.82,0.2,139.57,565.26,1,1
552.47,0.2,47.73,504.74,1,1
550.51,0.0,116.03,434.49,0,1
