"Total_Cost","Ratio_Reloc_Prod","Horiz_Cost","Vert_Cost","nReloc","non_Optimal"
235162.54,0.4273,45175.78,189986.81,641,145
1053.81,1.0,124.32,929.49,5,0
1024.6,0.8,195.62,828.97,4,0
660.82,0.2,80.43,580.38,1,0
1408.11,1.4,338.11,1070.0,7,0
839.31,0.4,181.11,658.21,2,1
510.68,0.0,30.81,479.87,0,1
1031.12,0.8,224.84,806.28,4,0
627.72,0.2,70.03,557.69,1,1
524.05,0.0,74.43,449.62,0,0
1155.0,1.0,293.59,861.41,5,0
903.57,0.6,167.54,736.03,3,0
1068.11,1.0,199.14,868.97,5,1
932.63,0.6,226.86,705.77,3,0
837.17,0.6,123.84,713.33,3,1
773.57,0.4,153.19,620.38,2,0
858.44,0.6,152.68,705.77,3,1
721.59,0.2,179.03,542.56,1,0
667.23,0.4,54.41,612.82,2,1
870.36,0.6,164.59,705.77,3,0
581.7,0.0,132.08,449.62,0,1
768.37,0.4,170.68,597.69,2,0
503.15,0.0,38.41,464.74,0,0
711.33,0.4,90.95,620.38,2,1
857.1,0.6,166.46,690.64,3,1
586.54,0.2,59.11,527.44,1,0
833.33,0.6,112.43,720.9,3,0
711.25,0.4,98.43,612.82,2,0
971.58,0.8,172.86,798.72,4,1
556.26,0.0,106.65,449.62,0,0
780.24,0.4,137.16,643.08,2,0
846.08,0.6,163.0,683.08,3,1
1317.19,1.4,254.76,1062.44,7,1
910.92,0.6,174.89,736.03,3,0
831.86,0.6,156.35,675.51,3,1
1209.67,1.0,325.57,884.1,5,1
1311.93,1.2,365.14,946.79,6,1
821.12,0.4,147.78,673.33,2,0
927.05,0.6,175.89,751.15,3,0
537.99,0.0,73.24,464.74,0,0
704.82,0.2,139.57,565.26,1,0
874.31,0.6,176.11,698.21,3,0
1047.08,0.8,218.11,828.97,4,0
778.6,0.6,110.65,667.95,3,0
626.56,0.0,176.95,449.62,0,0
782.98,0.4,162.59,620.38,2,1
628.8,0.2,71.11,557.69,1,1
1290.35,1.4,265.73,1024.62,7,1
687.98,0.2,115.16,572.82,1,1
622.75,0.2,72.62,550.13,1,0
946.94,0.6,210.92,736.03,3,1
880.85,0.4,222.65,658.21,2,0
798.5,0.4,125.16,673.33,2,0
806.48,0.4,163.41,643.08,2,0
1156.12,1.2,216.89,939.23,6,0
1000.51,0.4,410.38,590.13,2,1
925.9,0.6,152.05,773.85,3,0
1107.99,1.0,216.32,891.67,5,1
644.69,0.2,79.43,565.26,1,0
663.27,0.2,128.27,535.0,1,0
763.54,0.4,120.46,643.08,2,1
560.74,0.0,96.0,464.74,0,0
1246.77,1.4,214.59,1032.18,7,1
754.38,0.4,118.86,635.51,2,1
729.34,0.4,131.65,597.69,2,1
958.29,0.8,174.7,783.59,4,0
535.33,0.0,63.03,472.31,0,1
646.14,0.2,111.14,535.0,1,0
588.52,0.2,76.22,512.31,1,1
550.58,0.2,53.41,497.18,1,1
676.07,0.4,85.95,590.13,2,0
1263.2,0.8,456.92,806.28,4,1
825.83,0.6,142.76,683.08,3,1
975.17,0.8,153.76,821.41,4,0
765.94,0.4,122.86,643.08,2,1
518.08,0.0,76.03,442.05,0,1
768.75,0.6,70.54,698.21,3,0
815.62,0.4,180.11,635.51,2,0
844.63,0.6,138.86,705.77,3,1
735.91,0.2,178.22,557.69,1,0
668.78,0.2,133.78,535.0,1,0
704.88,0.2,154.76,550.13,1,0
847.49,0.4,219.54,627.95,2,0
613.91,0.2,56.22,557.69,1,1
774.99,0.4,124.35,650.64,2,0
707.75,0.2,165.19,542.56,1,0
878.44,0.6,165.11,713.33,3,1
1065.03,0.8,236.05,828.97,4,0
654.25,0.2,81.43,572.82,1,0
775.12,0.4,109.35,665.77,2,1
813.8,0.6,108.03,705.77,3,0
802.43,0.6,119.35,683.08,3,0
676.57,0.2,141.57,535.0,1,0
538.16,0.0,103.68,434.49,0,1
531.24,0.0,96.76,434.49,0,1
808.21,0.6,117.57,690.64,3,1
707.48,0.0,250.3,457.18,0,1
607.77,0.2,103.03,504.74,1,1
785.78,0.4,142.7,643.08,2,0
641.42,0.2,83.73,557.69,1,0
671.04,0.4,126.3,544.74,2,1
609.05,0.2,74.05,535.0,1,1
598.51,0.2,63.51,535.0,1,1
582.85,0.2,70.54,512.31,1,0
869.67,0.6,179.03,690.64,3,0
639.2,0.2,73.95,565.26,1,1
805.5,0.4,147.3,658.21,2,0
562.72,0.0,105.54,457.18,0,0
686.18,0.4,96.05,590.13,2,1
803.22,0.6,82.32,720.9,3,1
718.85,0.2,153.59,565.26,1,1
550.42,0.0,93.24,457.18,0,0
667.23,0.2,109.54,557.69,1,1
653.21,0.2,110.65,542.56,1,0
660.43,0.2,117.86,542.56,1,1
689.88,0.2,132.19,557.69,1,0
470.49,0.0,36.0,434.49,0,0
451.79,0.0,40.0,411.79,0,1
936.86,0.8,153.27,783.59,4,0
1647.38,1.2,791.35,856.03,6,1
856.33,0.4,167.86,688.46,2,0
805.37,0.6,114.73,690.64,3,1
656.69,0.2,91.43,565.26,1,1
721.97,0.2,179.41,542.56,1,1
711.98,0.2,139.16,572.82,1,1
934.17,0.8,120.32,813.85,4,0
1027.1,1.0,188.38,838.72,5,0
689.47,0.2,116.65,572.82,1,1
545.62,0.0,103.57,442.05,0,1
660.21,0.2,117.65,542.56,1,0
810.03,0.4,174.51,635.51,2,0
518.05,0.0,76.0,442.05,0,1
445.2,0.0,33.41,411.79,0,1
777.57,0.2,257.7,519.87,1,0
473.39,0.0,54.03,419.36,0,0
720.16,0.4,137.59,582.56,2,1
685.68,0.2,150.68,535.0,1,1
669.23,0.2,111.54,557.69,1,1
731.31,0.4,126.05,605.26,2,1
943.7,0.8,160.11,783.59,4,1
838.36,0.4,172.59,665.77,2,1
871.9,0.6,158.57,713.33,3,0
732.02,0.4,141.89,590.13,2,1
642.07,0.0,177.32,464.74,0,1
648.89,0.2,106.32,542.56,1,1
900.93,0.6,202.73,698.21,3,0
805.8,0.6,115.16,690.64,3,0
553.21,0.0,111.16,442.05,0,0
516.57,0.0,36.7,479.87,0,0
502.82,0.0,83.46,419.36,0,1
798.0,0.4,162.49,635.51,2,0
648.03,0.2,113.03,535.0,1,0
766.59,0.4,115.95,650.64,2,1
803.9,0.4,183.51,620.38,2,0
712.34,0.2,147.08,565.26,1,0
976.68,0.8,208.22,768.46,4,1
1053.96,1.0,222.81,831.15,5,1
581.61,0.2,84.43,497.18,1,0
893.19,0.6,172.3,720.9,3,1
640.99,0.2,90.86,550.13,1,1
558.09,0.0,93.35,464.74,0,0
661.84,0.4,101.97,559.87,2,0
701.42,0.4,103.73,597.69,2,0
863.37,0.8,140.3,723.08,4,1
919.88,1.0,88.73,831.15,5,1
705.01,0.4,99.76,605.26,2,0
609.05,0.2,58.92,550.13,1,0
818.65,0.6,97.76,720.9,3,0
754.16,0.6,78.65,675.51,3,1
1004.61,0.6,238.32,766.28,3,0
678.15,0.2,120.46,557.69,1,0
498.3,0.0,63.81,434.49,0,0
819.94,0.6,136.86,683.08,3,1
751.47,0.4,138.65,612.82,2,1
573.38,0.2,91.32,482.05,1,1
909.3,0.6,188.41,720.9,3,1
729.61,0.4,124.35,605.26,2,0
1389.21,1.0,626.14,763.08,5,1
605.22,0.0,117.78,487.44,0,0
574.91,0.0,110.16,464.74,0,0
941.59,0.8,158.0,783.59,4,1
875.38,0.6,139.35,736.03,3,0
763.17,0.2,190.35,572.82,1,0
898.95,0.6,170.49,728.46,3,0
827.29,0.6,136.65,690.64,3,1
1140.62,1.0,256.51,884.1,5,0
711.36,0.2,138.54,572.82,1,0
685.5,0.2,120.24,565.26,1,0
607.54,0.2,80.11,527.44,1,0
881.51,0.6,145.49,736.03,3,0
841.02,0.4,190.38,650.64,2,1
748.86,0.4,113.35,635.51,2,1
743.89,0.4,115.95,627.95,2,0
968.71,0.8,207.81,760.9,4,0
982.72,0.6,231.57,751.15,3,0
1011.92,1.0,142.95,868.97,5,1
692.91,0.4,87.65,605.26,2,0
945.98,0.8,177.51,768.46,4,1
791.67,0.4,156.16,635.51,2,0
907.88,0.6,202.11,705.77,3,0
684.06,0.2,111.24,572.82,1,1
694.59,0.2,159.59,535.0,1,1
526.92,0.0,92.43,434.49,0,1
490.7,0.0,56.22,434.49,0,0
479.3,0.0,44.81,434.49,0,0
948.76,0.6,212.73,736.03,3,0
812.75,0.4,169.68,643.08,2,0
520.08,0.0,78.03,442.05,0,1
979.23,0.8,233.46,745.77,4,1
621.7,0.2,79.14,542.56,1,0
829.31,0.4,155.97,673.33,2,1
934.26,0.4,268.49,665.77,2,1
888.38,0.8,112.35,776.03,4,0
586.63,0.0,114.32,472.31,0,0
545.62,0.0,103.57,442.05,0,1
1556.32,0.8,840.81,715.51,4,1
1648.48,2.2,289.89,1358.59,11,0
1003.73,0.8,174.76,828.97,4,0
635.77,0.2,70.51,565.26,1,0
674.13,0.2,131.57,542.56,1,1
1006.05,0.4,370.54,635.51,2,1
593.15,0.0,120.84,472.31,0,0
720.31,0.2,162.62,557.69,1,1
936.94,0.6,185.78,751.15,3,1
521.92,0.0,87.43,434.49,0,0
638.97,0.2,88.84,550.13,1,0
634.25,0.2,121.95,512.31,1,0
447.42,0.0,35.62,411.79,0,1
842.8,0.4,252.68,590.13,2,1
868.33,0.8,107.43,760.9,4,0
932.31,0.8,194.11,738.21,4,1
665.94,0.2,123.38,542.56,1,1
912.64,0.6,214.43,698.21,3,1
557.37,0.0,107.76,449.62,0,1
583.99,0.0,119.24,464.74,0,0
739.22,0.4,118.84,620.38,2,1
858.23,0.6,144.89,713.33,3,0
764.31,0.4,151.49,612.82,2,0
735.56,0.2,185.43,550.13,1,1
923.39,0.8,177.62,745.77,4,1
749.34,0.2,199.22,550.13,1,1
818.71,0.4,198.32,620.38,2,1
955.88,0.6,189.59,766.28,3,0
625.1,0.2,82.54,542.56,1,1
633.09,0.2,120.78,512.31,1,0
609.51,0.2,74.51,535.0,1,1
640.74,0.0,176.0,464.74,0,0
549.46,0.0,114.97,434.49,0,1
1077.71,1.0,231.43,846.28,5,0
695.59,0.2,145.46,550.13,1,1
712.02,0.2,161.89,550.13,1,0
542.13,0.2,52.51,489.62,1,1
594.02,0.2,96.84,497.18,1,1
656.4,0.4,58.7,597.69,2,1
1021.85,1.0,168.0,853.85,5,0
662.2,0.2,96.95,565.26,1,0
739.81,0.4,96.73,643.08,2,1
645.76,0.4,78.32,567.44,2,0
598.45,0.2,101.27,497.18,1,1
701.96,0.4,89.14,612.82,2,0
744.98,0.6,92.16,652.82,3,1
1058.81,0.8,275.22,783.59,4,1
898.39,0.6,192.62,705.77,3,1
773.68,0.4,153.3,620.38,2,0
785.54,0.6,102.46,683.08,3,0
943.04,0.6,229.7,713.33,3,1
835.28,0.6,121.95,713.33,3,1
821.55,0.4,155.78,665.77,2,0
604.82,0.2,92.51,512.31,1,1
493.86,0.0,51.81,442.05,0,0
1345.41,1.6,303.49,1041.92,8,0
832.12,0.6,126.35,705.77,3,1
530.92,0.0,96.43,434.49,0,1
565.18,0.2,68.0,497.18,1,0
1217.17,1.2,255.24,961.92,6,0
759.39,0.4,146.57,612.82,2,1
846.8,0.6,141.03,705.77,3,0
702.32,0.2,167.32,535.0,1,1
816.74,0.6,95.84,720.9,3,0
760.36,0.4,139.97,620.38,2,0
551.35,0.0,116.86,434.49,0,1
771.51,0.4,120.86,650.64,2,1
494.75,0.0,52.7,442.05,0,0
534.46,0.0,99.97,434.49,0,1
504.49,0.0,70.0,434.49,0,0
973.7,0.8,190.11,783.59,4,1
755.7,0.2,205.57,550.13,1,0
1573.84,1.4,632.43,941.41,7,1
1086.85,1.0,180.05,906.79,5,1
852.54,0.4,209.46,643.08,2,1
741.5,0.2,183.81,557.69,1,0
848.47,0.6,127.57,720.9,3,0
627.27,0.2,99.84,527.44,1,1
1180.03,1.0,258.11,921.92,5,0
998.31,0.8,184.46,813.85,4,1
787.56,0.6,96.92,690.64,3,1
1002.57,0.8,173.59,828.97,4,0
969.54,0.8,201.08,768.46,4,0
862.79,0.6,194.84,667.95,3,1
791.9,0.4,179.08,612.82,2,0
959.53,0.6,253.76,705.77,3,0
