"Total_Cost","Ratio_Reloc_Prod","Horiz_Cost","Vert_Cost","nReloc","non_Optimal"
234496.64,0.464,40955.9,193540.82,696,300
797.86,0.4,154.78,643.08,2,1
884.85,0.4,226.65,658.21,2,1
995.0,0.8,173.59,821.41,4,1
880.67,0.6,137.08,743.59,3,1
598.43,0.0,103.43,495.0,0,1
634.71,0.2,54.32,580.38,1,1
670.72,0.2,105.46,565.26,1,1
798.93,0.6,146.11,652.82,3,1
648.66,0.2,128.78,519.87,1,1
759.35,0.4,116.27,643.08,2,1
1259.29,1.4,227.11,1032.18,7,1
775.29,0.4,124.65,650.64,2,1
608.3,0.2,88.43,519.87,1,1
649.92,0.2,107.35,542.56,1,1
954.64,0.6,211.05,743.59,3,1
684.74,0.4,71.92,612.82,2,1
815.44,0.6,94.54,720.9,3,1
978.79,0.8,210.32,768.46,4,1
818.42,0.6,112.65,705.77,3,1
785.93,0.4,120.16,665.77,2,1
1125.22,1.0,256.24,868.97,5,1
692.75,0.2,135.05,557.69,1,1
791.61,0.4,140.97,650.64,2,1
861.54,0.6,117.95,743.59,3,1
1006.12,0.8,192.27,813.85,4,1
677.1,0.2,126.97,550.13,1,1
1012.8,1.0,174.08,838.72,5,1
559.23,0.0,102.05,457.18,0,1
787.9,0.4,175.08,612.82,2,1
554.8,0.0,90.05,464.74,0,1
574.77,0.0,110.03,464.74,0,1
462.06,0.0,42.7,419.36,0,1
708.65,0.4,80.7,627.95,2,1
761.96,0.4,103.76,658.21,2,1
548.37,0.0,98.76,449.62,0,1
889.28,0.8,135.95,753.33,4,1
924.23,0.8,125.51,798.72,4,1
605.01,0.2,85.14,519.87,1,1
788.95,0.4,161.0,627.95,2,1
766.43,0.6,90.92,675.51,3,1
1034.8,1.0,143.14,891.67,5,1
502.49,0.0,68.0,434.49,0,1
577.45,0.2,72.7,504.74,1,1
693.63,0.4,80.81,612.82,2,1
498.51,0.0,64.03,434.49,0,1
687.97,0.4,112.97,575.0,2,1
637.32,0.2,94.76,542.56,1,1
653.88,0.2,88.62,565.26,1,1
750.22,0.4,129.84,620.38,2,1
951.83,1.0,120.68,831.15,5,1
483.22,0.0,48.73,434.49,0,1
685.91,0.2,135.78,550.13,1,1
711.63,0.4,91.24,620.38,2,1
793.57,0.4,165.62,627.95,2,1
533.05,0.0,98.57,434.49,0,1
941.28,1.0,140.38,800.9,5,1
730.4,0.4,87.32,643.08,2,1
1074.62,1.0,198.08,876.54,5,1
784.43,0.6,101.35,683.08,3,1
613.26,0.2,63.14,550.13,1,1
661.53,0.2,103.84,557.69,1,1
886.98,0.6,166.08,720.9,3,1
656.05,0.2,121.05,535.0,1,1
886.22,0.6,165.32,720.9,3,1
1009.69,0.8,218.54,791.15,4,1
712.8,0.4,107.54,605.26,2,1
869.95,0.6,194.43,675.51,3,1
906.37,0.6,215.73,690.64,3,1
498.86,0.0,56.81,442.05,0,1
795.63,0.4,182.81,612.82,2,1
501.09,0.0,81.73,419.36,0,1
1024.71,1.0,170.86,853.85,5,1
804.24,0.6,121.16,683.08,3,1
637.38,0.2,109.95,527.44,1,1
700.96,0.2,143.27,557.69,1,1
692.2,0.2,126.95,565.26,1,1
690.61,0.2,140.49,550.13,1,1
1067.03,1.0,205.62,861.41,5,1
669.45,0.2,111.76,557.69,1,1
670.56,0.2,112.86,557.69,1,1
917.16,0.6,188.7,728.46,3,1
852.69,0.6,154.49,698.21,3,1
749.31,0.4,136.49,612.82,2,1
888.42,0.4,222.65,665.77,2,1
822.89,0.4,179.81,643.08,2,1
776.89,0.4,141.38,635.51,2,1
875.15,0.4,216.95,658.21,2,1
1216.64,1.2,292.54,924.1,6,1
812.43,0.6,129.35,683.08,3,1
558.29,0.2,61.11,497.18,1,1
717.47,0.4,104.65,612.82,2,1
640.89,0.2,98.32,542.56,1,1
844.86,0.6,154.22,690.64,3,1
643.76,0.2,123.89,519.87,1,1
919.35,0.6,236.27,683.08,3,1
862.96,0.6,157.19,705.77,3,1
1005.88,0.8,214.73,791.15,4,1
884.52,0.6,171.19,713.33,3,1
567.31,0.0,110.14,457.18,0,1
802.94,0.6,119.86,683.08,3,1
651.22,0.2,123.78,527.44,1,1
665.04,0.2,107.35,557.69,1,1
651.6,0.2,139.3,512.31,1,1
577.33,0.2,65.03,512.31,1,1
624.39,0.2,112.08,512.31,1,1
685.66,0.4,72.84,612.82,2,1
762.79,0.6,94.84,667.95,3,1
1208.21,1.2,276.54,931.67,6,1
789.18,0.6,98.54,690.64,3,1
891.06,0.4,263.11,627.95,2,1
521.31,0.0,64.14,457.18,0,1
753.34,0.4,148.08,605.26,2,1
715.39,0.4,102.57,612.82,2,1
1278.07,1.2,293.46,984.62,6,1
893.58,0.8,79.73,813.85,4,1
604.32,0.2,69.32,535.0,1,1
860.81,0.6,132.35,728.46,3,1
678.63,0.2,151.19,527.44,1,1
798.22,0.4,162.7,635.51,2,1
761.92,0.4,133.97,627.95,2,1
430.5,0.0,18.7,411.79,0,1
808.56,0.6,110.35,698.21,3,1
879.58,0.6,173.81,705.77,3,1
697.3,0.4,76.92,620.38,2,1
624.19,0.2,81.62,542.56,1,1
705.94,0.4,123.38,582.56,2,1
1190.5,1.4,218.84,971.67,7,1
736.91,0.4,93.84,643.08,2,1
752.85,0.4,94.65,658.21,2,1
981.62,0.8,213.16,768.46,4,1
854.83,0.6,164.19,690.64,3,1
856.27,0.6,120.24,736.03,3,1
938.84,0.8,170.38,768.46,4,1
656.88,0.2,106.76,550.13,1,1
1156.17,1.0,241.81,914.36,5,1
1161.0,1.0,284.46,876.54,5,1
725.85,0.2,160.59,565.26,1,1
647.74,0.2,127.86,519.87,1,1
742.53,0.2,184.84,557.69,1,1
709.14,0.4,88.76,620.38,2,1
820.44,0.4,207.62,612.82,2,1
703.75,0.4,106.05,597.69,2,1
633.49,0.2,106.05,527.44,1,1
546.11,0.0,104.05,442.05,0,1
740.71,0.4,112.76,627.95,2,1
441.15,0.0,36.92,404.23,0,1
1111.23,1.2,164.43,946.79,6,1
603.18,0.0,138.43,464.74,0,1
482.11,0.0,47.62,434.49,0,1
972.51,0.8,188.92,783.59,4,1
1166.88,1.2,235.22,931.67,6,1
805.37,0.4,162.3,643.08,2,1
1071.92,1.0,210.51,861.41,5,1
460.92,0.0,34.0,426.92,0,1
1096.14,1.0,234.73,861.41,5,1
825.28,0.6,111.95,713.33,3,1
776.04,0.4,117.84,658.21,2,1
817.34,0.6,119.14,698.21,3,1
776.84,0.4,148.89,627.95,2,1
905.04,0.6,206.84,698.21,3,1
714.88,0.2,157.19,557.69,1,1
595.75,0.0,138.57,457.18,0,1
868.27,0.8,92.24,776.03,4,1
784.33,0.6,123.95,660.38,3,1
755.73,0.4,112.65,643.08,2,1
788.11,0.6,120.16,667.95,3,1
659.31,0.4,61.62,597.69,2,1
635.29,0.2,92.73,542.56,1,1
717.51,0.4,127.38,590.13,2,1
631.49,0.2,111.62,519.87,1,1
1108.43,1.2,184.32,924.1,6,1
530.31,0.0,73.14,457.18,0,1
686.39,0.4,81.14,605.26,2,1
1028.37,1.0,144.27,884.1,5,1
690.82,0.2,118.0,572.82,1,1
873.83,0.8,143.19,730.64,4,1
622.17,0.2,109.86,512.31,1,1
702.94,0.4,105.24,597.69,2,1
588.96,0.2,84.22,504.74,1,1
1022.46,1.0,161.05,861.41,5,1
732.55,0.2,167.3,565.26,1,1
927.11,0.8,151.08,776.03,4,1
642.15,0.2,84.46,557.69,1,1
495.51,0.0,61.03,434.49,0,1
705.36,0.4,92.54,612.82,2,1
714.83,0.4,132.27,582.56,2,1
963.52,0.6,235.05,728.46,3,1
1174.41,1.0,260.05,914.36,5,1
663.37,0.4,80.81,582.56,2,1
832.04,0.6,126.27,705.77,3,1
767.38,0.4,131.86,635.51,2,1
823.13,0.6,140.05,683.08,3,1
918.25,0.6,204.92,713.33,3,1
546.69,0.0,89.51,457.18,0,1
987.86,0.8,196.7,791.15,4,1
757.86,0.4,122.35,635.51,2,1
1011.13,0.8,227.54,783.59,4,1
643.26,0.2,78.0,565.26,1,1
464.17,0.0,44.81,419.36,0,1
809.41,0.6,141.46,667.95,3,1
911.35,0.6,182.89,728.46,3,1
517.38,0.0,75.32,442.05,0,1
692.87,0.2,173.0,519.87,1,1
765.11,0.6,97.16,667.95,3,1
541.51,0.2,67.03,474.49,1,1
508.05,0.0,66.0,442.05,0,1
910.97,0.8,134.95,776.03,4,1
724.33,0.4,103.95,620.38,2,1
607.25,0.2,79.81,527.44,1,1
714.01,0.4,108.76,605.26,2,1
947.26,0.8,148.54,798.72,4,1
627.69,0.2,115.38,512.31,1,1
932.19,0.8,171.3,760.9,4,1
880.11,0.6,151.65,728.46,3,1
585.74,0.2,73.43,512.31,1,1
783.96,0.4,171.14,612.82,2,1
489.6,0.0,55.11,434.49,0,1
575.92,0.2,40.92,535.0,1,1
1501.42,2.0,228.22,1273.21,10,1
859.5,0.6,161.3,698.21,3,1
738.22,0.4,110.27,627.95,2,1
725.69,0.2,168.0,557.69,1,1
713.68,0.4,85.73,627.95,2,1
619.98,0.2,107.68,512.31,1,1
660.25,0.2,140.38,519.87,1,1
675.39,0.4,70.14,605.26,2,1
620.02,0.0,170.41,449.62,0,1
942.2,0.8,196.43,745.77,4,1
1136.43,1.2,212.32,924.1,6,1
780.79,0.4,160.41,620.38,2,1
672.34,0.2,114.65,557.69,1,1
576.0,0.0,133.95,442.05,0,1
797.01,0.6,91.24,705.77,3,1
1140.61,1.2,254.32,886.28,6,1
1588.13,1.6,463.0,1125.13,8,1
762.29,0.4,111.65,650.64,2,1
994.95,0.8,234.05,760.9,4,1
1053.97,1.0,169.86,884.1,5,1
655.24,0.2,112.68,542.56,1,1
820.37,0.6,122.16,698.21,3,1
819.58,0.4,161.38,658.21,2,1
1072.07,1.0,233.35,838.72,5,1
782.8,0.4,132.16,650.64,2,1
820.03,0.6,152.08,667.95,3,1
661.1,0.4,78.54,582.56,2,1
585.81,0.2,50.81,535.0,1,1
654.13,0.2,111.57,542.56,1,1
1078.76,1.0,209.78,868.97,5,1
784.44,0.6,124.05,660.38,3,1
1083.19,1.0,221.78,861.41,5,1
685.37,0.2,135.24,550.13,1,1
1021.37,0.6,262.65,758.72,3,1
663.6,0.2,151.3,512.31,1,1
547.77,0.0,83.03,464.74,0,1
684.7,0.2,134.57,550.13,1,1
1129.25,1.2,227.84,901.41,6,1
1006.13,0.8,222.54,783.59,4,1
507.14,0.0,72.65,434.49,0,1
901.54,0.6,173.08,728.46,3,1
812.34,0.6,114.14,698.21,3,1
1014.09,0.8,207.81,806.28,4,1
750.0,0.4,122.05,627.95,2,1
1074.09,1.0,220.24,853.85,5,1
554.71,0.0,74.84,479.87,0,1
746.17,0.4,133.35,612.82,2,1
819.29,0.4,161.08,658.21,2,1
812.3,0.6,136.78,675.51,3,1
550.2,0.0,85.46,464.74,0,1
544.91,0.0,87.73,457.18,0,1
1119.67,1.2,188.0,931.67,6,1
657.63,0.2,130.19,527.44,1,1
917.15,0.6,166.0,751.15,3,1
1000.95,0.8,171.97,828.97,4,1
766.64,0.4,123.57,643.08,2,1
615.45,0.0,150.7,464.74,0,1
1120.48,1.0,243.95,876.54,5,1
956.07,0.8,149.78,806.28,4,1
724.1,0.4,81.03,643.08,2,1
733.46,0.4,150.89,582.56,2,1
751.95,0.4,131.57,620.38,2,1
514.83,0.0,65.22,449.62,0,1
1079.28,1.2,140.05,939.23,6,1
534.99,0.0,70.24,464.74,0,1
1076.62,1.0,200.08,876.54,5,1
1050.57,1.0,181.59,868.97,5,1
665.1,0.2,122.54,542.56,1,1
655.24,0.2,120.24,535.0,1,1
443.2,0.0,31.41,411.79,0,1
949.06,0.8,195.73,753.33,4,1
528.53,0.0,78.92,449.62,0,1
867.77,0.6,109.05,758.72,3,1
688.41,0.2,153.41,535.0,1,1
842.83,0.6,99.24,743.59,3,1
800.31,0.4,195.05,605.26,2,1
602.94,0.2,52.81,550.13,1,1
691.53,0.4,93.84,597.69,2,1
459.36,0.0,40.0,419.36,0,1
1052.53,0.8,261.38,791.15,4,1
859.01,0.6,145.68,713.33,3,1
742.95,0.4,107.43,635.51,2,1
