"Total_Cost","Ratio_Reloc_Prod","Horiz_Cost","Vert_Cost","nReloc","non_Optimal"
261916.9,0.4653,69135.78,192781.12,698,156
565.65,0.0,70.65,495.0,0,0
692.77,0.2,135.08,557.69,1,0
1005.03,0.6,284.14,720.9,3,0
724.98,0.4,112.16,612.82,2,0
733.02,0.4,89.95,643.08,2,0
540.37,0.0,75.62,464.74,0,0
677.26,0.2,119.57,557.69,1,0
896.87,0.6,175.97,720.9,3,1
682.04,0.2,116.78,565.26,1,0
642.23,0.0,185.05,457.18,0,0
542.71,0.0,62.84,479.87,0,0
1089.53,1.0,197.86,891.67,5,1
712.0,0.4,84.05,627.95,2,0
548.76,0.0,114.27,434.49,0,0
689.77,0.2,132.08,557.69,1,0
1168.36,1.2,206.43,961.92,6,1
979.68,0.8,158.27,821.41,4,1
968.0,0.6,224.41,743.59,3,0
1141.87,0.8,328.03,813.85,4,1
930.95,0.8,162.49,768.46,4,1
854.99,0.6,164.35,690.64,3,0
1051.97,1.0,167.86,884.1,5,1
809.64,0.6,126.57,683.08,3,0
759.95,0.4,124.43,635.51,2,0
745.91,0.4,102.84,643.08,2,0
937.4,0.6,193.81,743.59,3,1
578.8,0.0,114.05,464.74,0,0
989.15,0.6,290.95,698.21,3,1
1584.7,1.2,615.22,969.49,6,1
564.06,0.0,91.76,472.31,0,0
897.89,0.4,254.81,643.08,2,1
815.42,0.4,149.65,665.77,2,1
550.29,0.0,108.24,442.05,0,0
489.85,0.0,78.05,411.79,0,0
543.51,0.0,101.46,442.05,0,0
534.54,0.0,100.05,434.49,0,0
534.33,0.0,99.84,434.49,0,0
493.41,0.0,58.92,434.49,0,1
1667.9,1.6,573.03,1094.87,8,1
1267.14,1.0,398.16,868.97,5,1
742.07,0.2,184.38,557.69,1,0
1375.71,1.0,521.86,853.85,5,1
877.91,0.6,194.84,683.08,3,0
617.0,0.2,82.0,535.0,1,1
1034.13,0.8,258.11,776.03,4,0
765.46,0.4,129.95,635.51,2,0
798.99,0.2,248.86,550.13,1,0
582.16,0.0,132.54,449.62,0,1
906.28,0.4,285.89,620.38,2,1
937.35,0.4,301.84,635.51,2,1
1078.82,0.6,365.49,713.33,3,1
621.85,0.2,117.11,504.74,1,1
546.95,0.0,112.46,434.49,0,1
912.14,0.6,259.32,652.82,3,1
691.56,0.2,133.86,557.69,1,1
1161.15,0.8,354.86,806.28,4,0
894.86,0.4,251.78,643.08,2,0
599.92,0.2,64.92,535.0,1,1
810.17,0.4,189.78,620.38,2,1
766.18,0.4,168.49,597.69,2,1
1388.29,0.6,705.22,683.08,3,1
984.11,0.4,363.73,620.38,2,1
971.29,0.4,328.22,643.08,2,0
1009.67,0.6,273.65,736.03,3,0
787.14,0.4,159.19,627.95,2,0
717.14,0.4,96.76,620.38,2,0
887.6,0.6,174.27,713.33,3,1
1416.23,0.8,625.08,791.15,4,1
1187.4,0.8,411.38,776.03,4,1
489.96,0.0,78.16,411.79,0,0
743.8,0.4,138.54,605.26,2,1
939.38,0.6,218.49,720.9,3,1
1000.49,0.8,224.46,776.03,4,1
1527.31,1.2,633.46,893.85,6,1
736.74,0.2,171.49,565.26,1,0
1124.55,0.8,310.7,813.85,4,1
653.0,0.2,118.0,535.0,1,0
636.87,0.2,109.43,527.44,1,0
651.21,0.4,53.51,597.69,2,0
512.92,0.0,78.43,434.49,0,0
854.91,0.4,257.22,597.69,2,1
704.18,0.2,146.49,557.69,1,1
1341.43,1.0,525.41,816.03,5,1
671.33,0.2,143.89,527.44,1,0
1621.88,1.4,650.22,971.67,7,1
554.25,0.0,81.95,472.31,0,0
941.58,0.4,283.38,658.21,2,1
775.27,0.4,139.76,635.51,2,1
599.07,0.0,141.89,457.18,0,0
957.73,0.6,282.22,675.51,3,1
948.53,0.4,343.27,605.26,2,0
756.86,0.2,206.73,550.13,1,0
776.05,0.4,140.54,635.51,2,0
726.67,0.2,168.97,557.69,1,0
709.27,0.2,166.7,542.56,1,0
589.16,0.0,139.54,449.62,0,1
883.01,0.6,230.19,652.82,3,1
1016.29,0.6,265.14,751.15,3,0
1507.86,1.2,530.81,977.05,6,1
734.63,0.2,207.19,527.44,1,0
1538.33,1.0,729.86,808.46,5,1
773.88,0.2,216.19,557.69,1,0
652.24,0.0,202.62,449.62,0,0
853.23,0.2,295.54,557.69,1,1
481.74,0.0,69.95,411.79,0,0
817.7,0.6,127.05,690.64,3,1
859.34,0.2,301.65,557.69,1,1
781.62,0.4,153.68,627.95,2,1
918.12,0.4,259.92,658.21,2,1
1050.69,0.8,259.54,791.15,4,0
635.44,0.2,123.14,512.31,1,0
784.12,0.4,186.43,597.69,2,1
670.71,0.2,143.27,527.44,1,0
798.36,0.4,177.97,620.38,2,1
705.8,0.4,115.68,590.13,2,0
1164.61,1.0,318.32,846.28,5,0
936.24,0.6,200.22,736.03,3,0
987.22,0.6,258.76,728.46,3,0
819.48,0.4,176.41,643.08,2,1
815.2,0.2,249.95,565.26,1,0
704.4,0.2,154.27,550.13,1,1
439.31,0.0,27.51,411.79,0,0
1401.08,1.2,476.97,924.1,6,1
733.69,0.2,176.0,557.69,1,0
1008.89,0.6,265.3,743.59,3,0
943.36,0.6,237.59,705.77,3,0
789.23,0.2,216.41,572.82,1,0
1144.21,0.6,446.0,698.21,3,1
645.21,0.2,87.51,557.69,1,1
1391.33,1.0,537.49,853.85,5,1
570.85,0.0,98.54,472.31,0,0
935.1,0.8,143.95,791.15,4,1
653.71,0.4,93.84,559.87,2,0
850.93,0.4,238.11,612.82,2,1
1464.38,1.2,562.97,901.41,6,1
682.13,0.2,132.0,550.13,1,1
535.78,0.0,93.73,442.05,0,0
767.22,0.4,146.84,620.38,2,1
518.0,0.2,43.51,474.49,1,1
981.3,0.6,252.84,728.46,3,1
679.75,0.2,122.05,557.69,1,0
859.68,0.6,146.35,713.33,3,1
639.54,0.2,104.54,535.0,1,1
919.72,0.4,261.51,658.21,2,1
451.71,0.0,39.92,411.79,0,1
1042.54,1.0,173.57,868.97,5,1
1051.9,0.6,331.0,720.9,3,1
840.49,0.4,204.97,635.51,2,1
600.19,0.0,165.7,434.49,0,0
947.9,0.6,227.0,720.9,3,0
1180.0,0.6,504.49,675.51,3,1
1023.68,0.8,202.27,821.41,4,0
554.37,0.0,104.76,449.62,0,0
922.72,0.4,264.51,658.21,2,0
1013.31,0.6,307.54,705.77,3,0
994.42,0.8,203.27,791.15,4,1
447.61,0.0,35.81,411.79,0,1
1343.73,0.6,660.65,683.08,3,1
599.69,0.2,42.0,557.69,1,0
1446.15,1.2,567.43,878.72,6,1
588.31,0.0,123.57,464.74,0,0
693.28,0.4,88.03,605.26,2,1
854.81,0.4,219.3,635.51,2,0
911.91,0.6,160.76,751.15,3,0
656.06,0.2,136.19,519.87,1,0
519.7,0.0,85.22,434.49,0,0
568.21,0.2,71.03,497.18,1,1
1107.27,1.0,238.3,868.97,5,1
944.2,0.6,238.43,705.77,3,1
1367.22,1.0,505.81,861.41,5,1
1390.1,1.2,466.0,924.1,6,1
1069.69,0.6,424.43,645.26,3,1
1189.19,1.0,312.65,876.54,5,1
858.41,0.6,145.08,713.33,3,0
662.99,0.2,112.86,550.13,1,0
714.35,0.2,179.35,535.0,1,0
831.49,0.4,195.97,635.51,2,0
985.82,0.4,365.43,620.38,2,0
558.84,0.2,31.41,527.44,1,1
1367.97,1.2,459.0,908.97,6,1
861.6,0.2,334.16,527.44,1,1
792.33,0.6,124.38,667.95,3,0
816.69,0.6,163.86,652.82,3,1
910.34,0.6,204.57,705.77,3,0
1032.69,0.8,241.54,791.15,4,0
630.8,0.2,73.11,557.69,1,0
966.88,0.6,261.11,705.77,3,1
1573.66,1.0,795.46,778.21,5,1
739.06,0.4,118.68,620.38,2,1
1188.83,0.8,458.19,730.64,4,1
1381.8,0.8,590.65,791.15,4,1
1301.61,1.0,402.38,899.23,5,0
585.47,0.0,113.16,472.31,0,0
484.2,0.0,64.84,419.36,0,0
651.4,0.2,101.27,550.13,1,0
1154.59,0.8,363.43,791.15,4,0
1135.39,0.6,429.62,705.77,3,1
506.81,0.0,72.32,434.49,0,0
810.73,0.4,182.78,627.95,2,0
883.7,0.4,233.05,650.64,2,0
759.05,0.4,176.49,582.56,2,1
649.75,0.2,99.62,550.13,1,0
628.53,0.2,70.84,557.69,1,0
564.03,0.0,129.54,434.49,0,0
844.25,0.4,216.3,627.95,2,1
761.14,0.4,140.76,620.38,2,1
1194.83,0.8,411.24,783.59,4,1
1171.31,0.6,465.54,705.77,3,0
718.93,0.4,98.54,620.38,2,1
1029.46,0.4,386.38,643.08,2,0
775.7,0.6,85.05,690.64,3,1
1096.8,0.8,305.65,791.15,4,0
1280.98,1.2,334.19,946.79,6,1
909.38,0.4,281.43,627.95,2,0
1565.49,1.2,671.65,893.85,6,1
836.45,0.6,138.24,698.21,3,1
899.61,1.0,121.41,778.21,5,1
1067.02,0.6,323.43,743.59,3,1
1556.64,1.0,657.41,899.23,5,0
1182.69,0.6,476.92,705.77,3,1
634.14,0.2,99.14,535.0,1,0
507.0,0.2,32.51,474.49,1,1
889.18,0.4,230.97,658.21,2,1
860.93,0.4,301.05,559.87,2,1
679.72,0.2,122.03,557.69,1,1
477.44,0.0,65.65,411.79,0,0
705.08,0.2,162.51,542.56,1,0
761.09,0.4,95.32,665.77,2,0
794.94,0.4,151.86,643.08,2,0
722.15,0.4,124.46,597.69,2,0
571.23,0.0,114.05,457.18,0,0
595.99,0.2,98.81,497.18,1,1
652.5,0.4,54.81,597.69,2,1
558.15,0.2,53.41,504.74,1,1
534.0,0.0,91.95,442.05,0,0
724.77,0.2,159.51,565.26,1,0
949.95,0.8,181.49,768.46,4,1
711.0,0.2,168.43,542.56,1,0
876.62,0.6,208.68,667.95,3,1
848.04,0.6,142.27,705.77,3,1
1182.38,0.6,461.49,720.9,3,1
927.32,0.4,284.24,643.08,2,0
980.24,0.6,244.22,736.03,3,1
811.21,0.2,253.51,557.69,1,0
1504.0,1.6,454.51,1049.49,8,1
570.9,0.0,91.03,479.87,0,0
1863.14,1.8,781.22,1081.92,9,1
761.68,0.4,141.3,620.38,2,0
784.32,0.2,241.76,542.56,1,0
750.52,0.4,190.65,559.87,2,1
659.66,0.4,107.35,552.31,2,0
797.92,0.6,77.03,720.9,3,0
601.77,0.2,97.03,504.74,1,1
1046.47,0.8,293.14,753.33,4,1
548.13,0.0,90.95,457.18,0,0
1199.47,1.0,345.62,853.85,5,1
913.36,0.6,207.59,705.77,3,1
687.5,0.2,175.19,512.31,1,0
967.02,0.8,175.86,791.15,4,1
707.28,0.6,62.03,645.26,3,1
447.06,0.0,27.7,419.36,0,0
467.52,0.0,55.73,411.79,0,0
1133.1,0.8,402.46,730.64,4,1
982.95,0.8,153.97,828.97,4,1
638.5,0.2,80.81,557.69,1,1
1191.44,0.6,470.54,720.9,3,1
810.13,0.4,167.05,643.08,2,0
1039.28,0.6,378.89,660.38,3,1
559.34,0.0,102.16,457.18,0,0
921.38,0.4,293.43,627.95,2,0
492.28,0.0,88.05,404.23,0,1
656.3,0.4,96.43,559.87,2,0
1127.53,0.8,321.24,806.28,4,1
1042.99,0.8,297.22,745.77,4,1
726.62,0.6,104.05,622.56,3,1
531.62,0.0,97.14,434.49,0,1
467.96,0.0,63.73,404.23,0,0
580.09,0.2,75.35,504.74,1,1
436.5,0.0,24.7,411.79,0,0
559.35,0.0,124.86,434.49,0,0
1168.25,1.0,306.84,861.41,5,1
1027.63,0.6,314.3,713.33,3,1
1205.66,0.8,406.95,798.72,4,1
808.75,0.4,150.54,658.21,2,1
1374.7,1.0,566.24,808.46,5,1
1802.22,1.2,961.32,840.9,6,1
1662.44,1.2,829.11,833.33,6,1
1121.84,0.8,300.43,821.41,4,0
1012.4,0.6,268.81,743.59,3,1
529.69,0.0,64.95,464.74,0,0
1544.23,1.2,673.08,871.15,6,1
1044.85,0.8,238.57,806.28,4,1
560.87,0.0,126.38,434.49,0,0
770.35,0.4,127.27,643.08,2,0
1659.29,1.0,828.14,831.15,5,1
822.08,0.4,194.14,627.95,2,0
708.37,0.2,150.68,557.69,1,0
1414.18,1.0,575.46,838.72,5,1
901.84,0.4,266.32,635.51,2,0
784.97,0.4,149.46,635.51,2,1
