"Total_Cost","Ratio_Reloc_Prod","Horiz_Cost","Vert_Cost","nReloc","non_Optimal"
272348.8,0.4647,80477.73,191871.2,697,245
562.56,0.0,60.0,502.56,0,0
1640.66,1.0,854.89,785.77,5,1
881.04,0.6,122.32,758.72,3,1
569.39,0.0,97.08,472.31,0,0
911.98,0.6,198.65,713.33,3,1
782.36,0.4,177.11,605.26,2,0
1426.55,1.4,371.68,1054.87,7,1
632.95,0.2,97.95,535.0,1,1
1338.82,0.6,617.92,720.9,3,1
741.07,0.4,143.38,597.69,2,1
1198.11,1.4,128.11,1070.0,7,1
701.87,0.4,89.05,612.82,2,1
912.74,0.8,106.46,806.28,4,1
1034.99,1.0,135.76,899.23,5,1
619.39,0.2,107.08,512.31,1,1
718.5,0.2,160.81,557.69,1,1
796.29,0.4,138.08,658.21,2,1
865.09,0.6,151.76,713.33,3,1
1120.68,1.2,158.76,961.92,6,1
1305.39,1.4,250.51,1054.87,7,1
1182.85,0.6,469.51,713.33,3,1
916.5,0.4,250.73,665.77,2,1
1136.47,0.4,470.7,665.77,2,1
818.25,0.6,104.92,713.33,3,1
816.85,0.4,151.08,665.77,2,0
528.07,0.0,63.32,464.74,0,0
696.63,0.2,131.38,565.26,1,0
758.25,0.4,137.86,620.38,2,0
719.55,0.4,106.73,612.82,2,1
763.28,0.2,198.03,565.26,1,1
880.49,0.4,244.97,635.51,2,1
1243.29,0.8,520.22,723.08,4,1
664.31,0.2,99.05,565.26,1,0
1283.44,0.8,575.49,707.95,4,1
916.53,0.6,225.89,690.64,3,1
726.5,0.2,161.24,565.26,1,1
1135.0,1.0,273.59,861.41,5,1
776.17,0.2,256.3,519.87,1,0
1097.03,0.4,476.65,620.38,2,1
511.62,0.0,77.14,434.49,0,0
1670.43,1.0,907.35,763.08,5,1
591.88,0.0,119.57,472.31,0,0
1070.16,0.6,334.14,736.03,3,1
1031.62,0.6,295.59,736.03,3,0
659.69,0.2,94.43,565.26,1,1
990.96,0.6,224.68,766.28,3,1
1539.83,0.8,801.62,738.21,4,1
565.63,0.0,85.76,479.87,0,0
755.66,0.2,190.41,565.26,1,1
575.42,0.0,118.24,457.18,0,0
1037.28,1.2,143.43,893.85,6,1
1193.66,0.8,387.38,806.28,4,1
1037.27,0.6,361.76,675.51,3,0
856.69,0.4,259.0,597.69,2,0
577.88,0.2,73.14,504.74,1,1
1356.95,0.6,696.57,660.38,3,1
578.99,0.0,114.24,464.74,0,0
610.31,0.2,113.14,497.18,1,1
819.45,0.6,174.19,645.26,3,1
827.76,0.4,207.38,620.38,2,1
607.05,0.2,72.05,535.0,1,1
446.9,0.0,35.11,411.79,0,1
444.31,0.0,32.51,411.79,0,1
1993.15,1.4,1066.86,926.28,7,1
1062.66,0.6,303.95,758.72,3,1
615.22,0.2,95.35,519.87,1,1
671.56,0.2,121.43,550.13,1,1
690.45,0.2,132.76,557.69,1,1
584.92,0.2,49.92,535.0,1,1
607.48,0.2,64.92,542.56,1,1
613.02,0.2,130.97,482.05,1,1
672.34,0.4,74.65,597.69,2,1
562.83,0.2,73.22,489.62,1,1
437.2,0.0,25.41,411.79,0,1
972.08,0.4,397.08,575.0,2,1
863.68,0.4,243.3,620.38,2,1
517.35,0.0,67.73,449.62,0,0
832.11,0.4,211.73,620.38,2,1
984.92,0.6,248.89,736.03,3,1
800.42,0.2,242.73,557.69,1,0
683.15,0.2,125.46,557.69,1,0
1098.86,0.4,448.22,650.64,2,1
1575.8,1.0,744.65,831.15,5,1
1126.75,0.8,290.22,836.54,4,1
1266.91,1.2,274.73,992.18,6,1
540.47,0.0,75.73,464.74,0,1
541.47,0.0,76.73,464.74,0,1
650.55,0.2,130.68,519.87,1,0
1028.77,0.8,275.43,753.33,4,1
1011.42,0.6,260.27,751.15,3,1
784.08,0.4,156.14,627.95,2,1
527.45,0.0,62.7,464.74,0,1
1566.89,0.8,790.86,776.03,4,1
1231.25,0.8,364.46,866.79,4,1
553.37,0.0,88.62,464.74,0,0
1826.25,1.2,864.32,961.92,6,1
606.9,0.0,134.59,472.31,0,0
1088.32,0.8,244.22,844.1,4,1
787.86,0.2,245.3,542.56,1,1
1172.55,0.6,519.73,652.82,3,1
1201.15,0.6,442.43,758.72,3,1
683.52,0.2,171.22,512.31,1,1
1132.64,0.8,349.05,783.59,4,1
1486.11,0.8,717.65,768.46,4,1
886.77,0.6,181.0,705.77,3,1
443.2,0.0,31.41,411.79,0,1
912.57,0.6,191.68,720.9,3,1
1471.02,0.8,747.95,723.08,4,1
1160.43,0.8,331.46,828.97,4,1
782.38,0.4,162.0,620.38,2,1
649.8,0.2,84.54,565.26,1,0
576.83,0.0,119.65,457.18,0,1
1749.22,1.4,747.3,1001.92,7,1
1034.9,0.8,213.49,821.41,4,1
649.46,0.2,114.46,535.0,1,0
575.39,0.0,110.65,464.74,0,1
835.34,0.4,184.7,650.64,2,0
1226.63,0.8,533.81,692.82,4,1
915.38,0.6,247.43,667.95,3,1
863.23,0.6,157.46,705.77,3,1
924.53,0.6,218.76,705.77,3,1
745.6,0.4,117.65,627.95,2,1
1353.55,0.8,539.7,813.85,4,1
625.83,0.0,176.22,449.62,0,0
568.07,0.2,63.32,504.74,1,1
891.67,0.6,208.59,683.08,3,1
1810.48,1.2,946.89,863.59,6,1
876.64,0.6,193.57,683.08,3,1
668.02,0.2,125.46,542.56,1,1
611.1,0.0,206.86,404.23,0,1
433.9,0.0,22.11,411.79,0,1
805.05,0.4,161.97,643.08,2,1
879.19,0.4,243.68,635.51,2,1
1076.51,0.6,446.38,630.13,3,1
1099.09,0.6,385.76,713.33,3,1
582.0,0.2,47.0,535.0,1,1
1343.57,0.8,575.11,768.46,4,1
750.96,0.2,193.27,557.69,1,0
960.28,0.6,254.51,705.77,3,1
1378.38,1.0,501.84,876.54,5,1
841.03,0.4,266.03,575.0,2,1
511.51,0.0,77.03,434.49,0,0
672.67,0.2,114.97,557.69,1,1
523.22,0.2,48.73,474.49,1,1
627.03,0.0,207.68,419.36,0,1
995.97,0.6,320.46,675.51,3,1
886.93,0.4,213.59,673.33,2,1
651.56,0.0,201.95,449.62,0,1
964.14,0.6,296.19,667.95,3,1
1645.65,1.0,776.68,868.97,5,1
583.77,0.0,111.46,472.31,0,1
697.04,0.2,139.35,557.69,1,1
640.94,0.2,83.24,557.69,1,1
1062.4,0.6,311.24,751.15,3,0
1033.32,0.6,342.68,690.64,3,1
615.43,0.2,80.43,535.0,1,1
1395.56,1.0,571.97,823.59,5,1
856.8,0.4,198.59,658.21,2,0
956.97,0.6,213.38,743.59,3,1
667.26,0.4,62.0,605.26,2,1
1287.97,0.8,504.38,783.59,4,1
869.16,0.4,233.65,635.51,2,1
824.18,0.2,266.49,557.69,1,1
602.42,0.0,137.68,464.74,0,0
887.68,0.6,227.3,660.38,3,1
1007.31,0.6,301.54,705.77,3,1
705.4,0.2,155.27,550.13,1,0
1352.61,0.6,593.89,758.72,3,0
1051.9,0.8,230.49,821.41,4,1
1321.27,0.6,706.27,615.0,3,1
1521.87,0.8,768.54,753.33,4,1
846.95,0.4,173.62,673.33,2,1
808.39,0.4,135.05,673.33,2,0
528.94,0.0,79.32,449.62,0,1
890.99,0.4,285.73,605.26,2,1
1150.83,0.6,460.19,690.64,3,1
607.98,0.4,48.11,559.87,2,1
608.41,0.2,73.41,535.0,1,1
738.27,0.4,110.32,627.95,2,1
516.7,0.2,42.22,474.49,1,1
901.12,0.6,187.78,713.33,3,1
633.15,0.2,120.84,512.31,1,1
498.6,0.0,64.11,434.49,0,1
443.2,0.0,31.41,411.79,0,1
1443.54,0.6,828.54,615.0,3,1
1298.49,1.0,384.14,914.36,5,1
616.64,0.2,119.46,497.18,1,1
801.89,0.4,173.95,627.95,2,1
1168.51,0.8,453.0,715.51,4,1
442.61,0.0,30.81,411.79,0,1
608.38,0.0,166.32,442.05,0,1
1233.35,0.4,703.73,529.62,2,1
902.48,0.6,219.41,683.08,3,1
710.16,0.2,167.59,542.56,1,0
763.55,0.2,198.3,565.26,1,1
966.42,0.8,175.27,791.15,4,1
1346.0,0.8,622.92,723.08,4,1
708.93,0.2,143.68,565.26,1,0
1384.39,1.6,289.51,1094.87,8,1
964.83,0.6,281.76,683.08,3,1
989.99,0.4,339.35,650.64,2,1
931.81,0.4,288.73,643.08,2,0
994.5,0.4,328.73,665.77,2,0
844.28,0.2,279.03,565.26,1,1
556.09,0.0,91.35,464.74,0,1
1299.26,1.0,407.59,891.67,5,1
763.41,0.2,183.03,580.38,1,1
667.78,0.2,117.65,550.13,1,1
1411.05,0.8,687.97,723.08,4,1
1278.92,0.6,558.03,720.9,3,1
651.07,0.2,100.95,550.13,1,1
671.28,0.2,106.03,565.26,1,1
579.34,0.0,122.16,457.18,0,1
1018.48,0.4,488.86,529.62,2,1
642.69,0.2,77.43,565.26,1,0
943.02,0.6,244.81,698.21,3,1
937.99,0.4,340.3,597.69,2,1
839.84,0.6,118.95,720.9,3,1
952.01,0.4,331.62,620.38,2,1
780.44,0.4,152.49,627.95,2,0
1414.34,1.2,482.68,931.67,6,1
885.63,0.4,280.38,605.26,2,1
897.64,0.4,307.51,590.13,2,1
641.64,0.2,83.95,557.69,1,0
1509.73,1.4,507.81,1001.92,7,1
1115.41,0.8,362.08,753.33,4,1
1346.54,1.4,390.0,956.54,7,1
554.91,0.0,90.16,464.74,0,0
932.63,0.6,219.3,713.33,3,1
833.44,0.6,173.05,660.38,3,1
566.91,0.2,69.73,497.18,1,1
1012.45,0.6,367.19,645.26,3,1
1898.74,1.0,1105.41,793.33,5,1
1160.55,0.6,454.78,705.77,3,1
1007.93,0.6,309.73,698.21,3,0
543.24,0.0,93.62,449.62,0,1
1190.55,0.8,437.22,753.33,4,1
872.0,0.6,143.54,728.46,3,1
853.34,0.2,303.22,550.13,1,1
560.54,0.0,118.49,442.05,0,0
847.56,0.6,164.49,683.08,3,1
1077.82,0.6,356.92,720.9,3,1
1869.58,1.2,1036.24,833.33,6,1
979.17,0.6,273.41,705.77,3,1
629.31,0.0,172.14,457.18,0,1
858.38,0.4,238.0,620.38,2,1
541.87,0.2,74.95,466.92,1,1
892.79,0.4,332.92,559.87,2,1
974.29,0.4,391.73,582.56,2,1
744.31,0.4,192.0,552.31,2,1
455.58,0.0,36.22,419.36,0,1
738.2,0.6,77.81,660.38,3,1
780.19,0.6,112.24,667.95,3,1
1081.57,0.6,406.05,675.51,3,1
883.5,0.4,225.3,658.21,2,1
687.61,0.4,89.92,597.69,2,0
449.2,0.0,37.41,411.79,0,1
573.22,0.2,38.22,535.0,1,1
718.11,0.4,97.73,620.38,2,0
1485.59,0.8,754.95,730.64,4,1
963.08,0.6,234.62,728.46,3,1
1096.52,0.6,368.05,728.46,3,1
540.16,0.0,90.54,449.62,0,0
502.39,0.0,83.03,419.36,0,0
1451.04,0.8,705.27,745.77,4,1
744.41,0.4,124.03,620.38,2,1
741.01,0.6,95.76,645.26,3,1
1213.42,0.6,462.27,751.15,3,1
922.84,0.6,194.38,728.46,3,1
803.49,0.4,167.97,635.51,2,1
909.26,0.6,271.57,637.69,3,1
519.39,0.0,107.59,411.79,0,1
1359.61,0.8,568.46,791.15,4,1
1340.31,0.6,634.54,705.77,3,1
455.52,0.0,43.73,411.79,0,1
1034.26,0.8,243.11,791.15,4,1
661.42,0.2,103.73,557.69,1,1
812.46,0.4,184.51,627.95,2,0
650.15,0.2,152.97,497.18,1,1
1173.77,1.0,319.92,853.85,5,1
1333.23,0.8,655.54,677.69,4,1
722.06,0.4,109.24,612.82,2,1
739.36,0.4,187.05,552.31,2,1
1513.6,0.8,699.76,813.85,4,1
1357.16,1.0,533.57,823.59,5,1
1056.73,0.6,381.22,675.51,3,1
1054.6,0.8,286.14,768.46,4,1
645.1,0.2,102.54,542.56,1,0
1293.48,0.6,595.27,698.21,3,0
880.17,0.4,214.41,665.77,2,0
1122.01,0.8,308.16,813.85,4,1
959.75,0.4,369.62,590.13,2,0
826.07,0.6,195.95,630.13,3,1
936.85,0.4,278.65,658.21,2,1
634.2,0.2,129.46,504.74,1,1
560.4,0.2,78.35,482.05,1,1
1572.94,1.0,802.3,770.64,5,1
553.94,0.0,96.76,457.18,0,1
1571.39,1.2,685.11,886.28,6,1
559.18,0.0,109.57,449.62,0,0
