"Total_Cost","Ratio_Reloc_Prod","Horiz_Cost","Vert_Cost","nReloc","non_Optimal"
248724.92,0.454,56011.06,192713.87,681,220
1053.62,1.0,124.14,929.49,5,1
1024.6,0.8,195.62,828.97,4,1
660.82,0.2,80.43,580.38,1,0
1346.71,1.4,299.41,1047.31,7,1
785.02,0.4,134.38,650.64,2,1
527.54,0.0,40.11,487.44,0,1
1182.52,0.8,368.68,813.85,4,1
633.99,0.2,68.73,565.26,1,1
524.05,0.0,74.43,449.62,0,0
1230.98,1.0,384.7,846.28,5,1
1001.55,0.8,180.14,821.41,4,1
1093.43,1.0,224.46,868.97,5,1
939.01,0.6,225.68,713.33,3,0
806.36,0.6,93.03,713.33,3,1
773.47,0.4,153.08,620.38,2,0
761.36,0.4,140.97,620.38,2,1
664.32,0.2,121.76,542.56,1,1
779.74,0.6,66.41,713.33,3,1
868.77,0.6,163.0,705.77,3,1
674.38,0.2,139.38,535.0,1,1
739.26,0.4,141.57,597.69,2,0
503.15,0.0,38.41,464.74,0,0
711.33,0.4,90.95,620.38,2,1
831.29,0.6,140.65,690.64,3,1
592.14,0.2,64.7,527.44,1,0
831.33,0.6,110.43,720.9,3,1
705.55,0.4,92.73,612.82,2,1
948.42,0.8,157.27,791.15,4,1
555.26,0.0,105.65,449.62,0,0
861.32,0.4,218.24,643.08,2,1
1402.55,0.6,757.3,645.26,3,1
2043.04,1.4,1109.19,933.85,7,1
779.49,0.4,143.97,635.51,2,1
874.93,0.6,169.16,705.77,3,1
1097.7,1.0,213.59,884.1,5,1
1761.87,1.2,868.03,893.85,6,1
801.6,0.4,128.27,673.33,2,0
896.06,0.6,167.59,728.46,3,1
563.98,0.0,76.54,487.44,0,0
695.34,0.2,130.08,565.26,1,0
981.58,0.8,175.3,806.28,4,1
1228.05,1.2,251.0,977.05,6,1
851.37,0.6,153.16,698.21,3,1
721.19,0.2,193.76,527.44,1,0
688.23,0.4,90.54,597.69,2,1
625.07,0.2,59.81,565.26,1,1
2351.02,2.2,1098.32,1252.69,11,1
688.38,0.2,100.43,587.95,1,0
662.2,0.2,96.95,565.26,1,0
990.3,0.8,168.89,821.41,4,1
1921.82,1.2,1020.41,901.41,6,1
755.77,0.4,82.43,673.33,2,0
726.47,0.2,146.08,580.38,1,1
794.04,0.4,128.27,665.77,2,0
894.02,0.6,142.86,751.15,3,1
882.85,0.6,124.14,758.72,3,0
1519.67,1.0,696.08,823.59,5,1
550.63,0.0,78.32,472.31,0,0
586.66,0.0,114.35,472.31,0,0
713.81,0.4,70.73,643.08,2,1
527.37,0.0,62.62,464.74,0,0
1164.21,1.2,232.54,931.67,6,1
644.91,0.2,79.65,565.26,1,0
645.4,0.2,102.84,542.56,1,0
1158.41,1.2,196.49,961.92,6,1
536.04,0.0,63.73,472.31,0,1
667.83,0.2,110.14,557.69,1,0
563.75,0.2,74.14,489.62,1,1
679.16,0.4,89.03,590.13,2,1
735.88,0.2,170.62,565.26,1,1
873.15,0.4,214.95,658.21,2,1
660.64,0.2,102.95,557.69,1,1
1469.9,0.8,716.57,753.33,4,1
803.34,0.4,137.57,665.77,2,1
648.02,0.2,105.46,542.56,1,1
898.68,0.6,170.22,728.46,3,1
708.72,0.2,158.59,550.13,1,1
830.77,0.6,132.57,698.21,3,1
728.21,0.2,170.51,557.69,1,0
687.88,0.2,183.14,504.74,1,0
826.32,0.4,190.81,635.51,2,0
709.69,0.4,104.43,605.26,2,0
602.91,0.2,45.22,557.69,1,0
1260.4,0.4,662.7,597.69,2,1
713.01,0.2,147.76,565.26,1,0
848.85,0.6,143.08,705.77,3,1
983.03,0.6,254.57,728.46,3,1
654.3,0.2,73.92,580.38,1,0
979.83,0.6,236.24,743.59,3,1
617.77,0.2,52.51,565.26,1,0
803.67,0.6,113.03,690.64,3,0
679.02,0.2,136.46,542.56,1,0
594.96,0.0,137.78,457.18,0,1
679.58,0.2,114.32,565.26,1,1
850.91,0.6,160.27,690.64,3,1
750.21,0.4,160.08,590.13,2,1
463.36,0.0,44.0,419.36,0,1
745.24,0.4,102.16,643.08,2,0
592.67,0.2,50.11,542.56,1,0
846.2,0.4,240.95,605.26,2,1
647.85,0.2,90.16,557.69,1,1
600.41,0.2,80.54,519.87,1,1
508.53,0.0,58.92,449.62,0,0
714.34,0.2,164.22,550.13,1,1
631.48,0.2,81.35,550.13,1,1
857.39,0.6,159.19,698.21,3,1
605.71,0.0,125.84,479.87,0,0
799.76,0.6,124.24,675.51,3,1
988.33,1.0,119.35,868.97,5,1
746.99,0.4,81.22,665.77,2,1
635.76,0.2,100.76,535.0,1,0
563.28,0.2,43.41,519.87,1,1
791.62,0.4,156.11,635.51,2,1
729.17,0.4,116.35,612.82,2,1
696.74,0.2,131.49,565.26,1,0
603.87,0.4,44.0,559.87,2,0
622.81,0.2,80.24,542.56,1,1
841.65,0.8,65.62,776.03,4,1
1244.85,1.0,459.08,785.77,5,1
662.52,0.2,82.14,580.38,1,0
647.73,0.2,105.16,542.56,1,1
645.23,0.2,87.54,557.69,1,1
845.68,0.6,177.73,667.95,3,1
1319.79,0.6,666.97,652.82,3,1
727.38,0.4,99.43,627.95,2,0
1023.87,1.0,170.03,853.85,5,1
645.09,0.2,79.84,565.26,1,1
1187.96,0.4,590.27,597.69,2,1
809.79,0.4,136.46,673.33,2,0
856.64,0.6,166.0,690.64,3,1
976.03,0.4,416.16,559.87,2,1
515.13,0.0,65.51,449.62,0,0
730.93,0.2,211.05,519.87,1,0
503.92,0.0,69.43,434.49,0,0
606.58,0.0,149.41,457.18,0,0
712.02,0.2,154.32,557.69,1,1
631.62,0.2,89.05,542.56,1,1
826.99,0.6,136.35,690.64,3,1
706.75,0.4,109.05,597.69,2,1
622.18,0.2,56.92,565.26,1,0
585.15,0.0,127.97,457.18,0,1
760.04,0.4,154.78,605.26,2,1
565.96,0.0,108.78,457.18,0,1
891.14,0.8,130.24,760.9,4,1
1123.4,1.0,231.73,891.67,5,1
951.66,0.8,152.95,798.72,4,1
746.19,0.4,118.24,627.95,2,1
574.6,0.0,87.16,487.44,0,0
533.95,0.0,99.46,434.49,0,1
852.65,0.6,131.76,720.9,3,1
621.17,0.2,93.73,527.44,1,1
879.7,0.6,143.68,736.03,3,1
1013.24,0.6,277.22,736.03,3,1
787.22,0.4,151.7,635.51,2,1
1253.76,0.8,553.38,700.38,4,1
812.18,0.4,161.54,650.64,2,0
727.36,0.2,162.11,565.26,1,1
977.3,0.6,241.27,736.03,3,1
885.94,0.6,134.78,751.15,3,1
492.05,0.0,50.0,442.05,0,0
783.44,0.4,155.49,627.95,2,1
589.71,0.0,102.27,487.44,0,1
799.82,0.4,179.43,620.38,2,1
935.28,1.0,81.43,853.85,5,1
787.23,0.6,141.97,645.26,3,1
744.93,0.4,86.73,658.21,2,1
739.1,0.4,88.46,650.64,2,1
634.94,0.2,77.24,557.69,1,1
1030.48,1.0,153.95,876.54,5,1
952.46,0.8,184.0,768.46,4,1
513.72,0.0,64.11,449.62,0,0
839.02,0.6,148.38,690.64,3,1
661.69,0.4,64.0,597.69,2,1
606.28,0.2,101.54,504.74,1,1
796.97,0.4,153.89,643.08,2,1
877.1,0.6,194.03,683.08,3,1
1129.58,1.2,182.78,946.79,6,1
557.99,0.0,93.24,464.74,0,0
780.18,0.6,89.54,690.64,3,1
849.95,0.6,129.05,720.9,3,1
1126.47,1.2,187.24,939.23,6,1
784.8,0.4,179.54,605.26,2,0
2276.79,1.4,1335.38,941.41,7,1
817.01,0.6,111.24,705.77,3,1
879.69,0.4,221.49,658.21,2,1
832.91,0.6,142.27,690.64,3,1
537.86,0.0,88.24,449.62,0,0
542.67,0.0,100.62,442.05,0,0
906.48,0.8,122.89,783.59,4,1
636.14,0.2,101.14,535.0,1,1
650.24,0.2,115.24,535.0,1,1
696.16,0.2,146.03,550.13,1,1
1201.56,1.2,277.46,924.1,6,1
979.12,0.6,220.41,758.72,3,1
945.74,0.8,139.46,806.28,4,1
634.02,0.2,91.46,542.56,1,0
814.86,0.4,164.22,650.64,2,1
891.64,0.4,241.0,650.64,2,1
985.32,0.8,209.3,776.03,4,1
812.84,0.4,131.95,680.9,2,1
542.87,0.0,108.38,434.49,0,1
598.74,0.0,118.86,479.87,0,1
622.89,0.2,80.32,542.56,1,0
536.51,0.0,94.46,442.05,0,0
784.64,0.4,141.57,643.08,2,0
733.99,0.2,176.3,557.69,1,1
486.11,0.0,51.62,434.49,0,1
922.87,0.8,161.97,760.9,4,1
1095.14,1.0,165.65,929.49,5,1
738.86,0.4,88.22,650.64,2,1
1230.88,1.2,299.22,931.67,6,1
837.93,0.4,164.59,673.33,2,0
485.27,0.0,43.22,442.05,0,0
539.99,0.2,42.81,497.18,1,1
1201.18,0.6,555.92,645.26,3,1
1427.86,1.2,511.32,916.54,6,1
657.69,0.2,92.43,565.26,1,1
853.46,0.6,117.43,736.03,3,1
640.66,0.2,120.78,519.87,1,1
634.93,0.2,115.05,519.87,1,1
519.16,0.0,77.11,442.05,0,0
1015.46,1.0,207.0,808.46,5,1
732.91,0.4,142.78,590.13,2,1
970.14,1.0,161.68,808.46,5,1
666.5,0.2,101.24,565.26,1,0
473.93,0.0,62.14,411.79,0,0
460.06,0.0,40.7,419.36,0,0
704.18,0.4,159.43,544.74,2,1
845.0,0.4,201.92,643.08,2,1
1316.85,0.6,664.03,652.82,3,1
805.92,0.4,117.46,688.46,2,1
1531.8,0.8,786.03,745.77,4,1
560.69,0.0,95.95,464.74,0,0
582.31,0.0,117.57,464.74,0,1
576.98,0.2,57.11,519.87,1,1
702.04,0.2,136.78,565.26,1,1
811.42,0.6,105.65,705.77,3,1
738.73,0.4,95.65,643.08,2,1
942.16,0.8,158.57,783.59,4,1
910.97,0.6,167.38,743.59,3,1
665.85,0.2,108.16,557.69,1,1
1477.98,0.8,724.65,753.33,4,1
689.14,0.2,108.76,580.38,1,1
776.59,0.4,141.08,635.51,2,0
601.92,0.2,66.92,535.0,1,1
697.0,0.4,114.43,582.56,2,0
1509.81,0.8,801.86,707.95,4,1
1374.8,1.2,443.14,931.67,6,1
782.91,0.4,132.27,650.64,2,1
822.72,0.6,116.95,705.77,3,1
629.87,0.2,102.43,527.44,1,1
763.86,0.2,213.73,550.13,1,1
595.37,0.2,52.81,542.56,1,1
879.96,0.6,174.19,705.77,3,1
730.53,0.4,125.27,605.26,2,1
610.67,0.2,60.54,550.13,1,1
565.33,0.2,53.03,512.31,1,0
671.6,0.4,51.22,620.38,2,1
625.0,0.2,82.43,542.56,1,0
763.9,0.4,151.08,612.82,2,1
974.52,0.6,321.7,652.82,3,1
844.36,0.4,231.54,612.82,2,1
832.22,0.8,124.27,707.95,4,1
727.29,0.6,97.16,630.13,3,1
882.09,0.6,229.27,652.82,3,1
781.04,0.4,122.84,658.21,2,1
681.18,0.2,131.05,550.13,1,0
1079.61,0.4,481.92,597.69,2,1
714.04,0.4,116.35,597.69,2,1
597.81,0.0,163.32,434.49,0,0
682.55,0.4,69.73,612.82,2,1
608.71,0.2,88.84,519.87,1,1
689.02,0.4,106.46,582.56,2,1
967.13,0.6,291.62,675.51,3,0
516.22,0.0,96.86,419.36,0,1
1330.35,1.2,406.24,924.1,6,1
955.43,0.6,226.97,728.46,3,1
641.81,0.2,99.24,542.56,1,0
613.08,0.2,70.51,542.56,1,0
571.29,0.2,89.24,482.05,1,1
1877.08,0.8,1169.14,707.95,4,1
522.48,0.0,80.43,442.05,0,0
788.63,0.4,175.81,612.82,2,1
606.83,0.2,109.65,497.18,1,1
942.99,0.8,144.27,798.72,4,1
1028.51,1.0,197.35,831.15,5,1
1621.24,1.0,805.22,816.03,5,1
922.56,0.8,123.84,798.72,4,1
2217.77,1.4,1283.92,933.85,7,1
853.26,0.4,187.49,665.77,2,0
768.4,0.4,117.76,650.64,2,0
771.36,0.4,150.97,620.38,2,1
1170.09,1.2,223.3,946.79,6,1
973.91,0.8,190.32,783.59,4,1
672.94,0.2,115.24,557.69,1,1
951.59,0.8,175.57,776.03,4,1
928.53,0.8,122.24,806.28,4,1
1050.55,1.0,196.7,853.85,5,1
646.08,0.2,118.65,527.44,1,0
919.48,0.6,175.89,743.59,3,1
