"Total_Cost","Ratio_Reloc_Prod","Horiz_Cost","Vert_Cost","nReloc","non_Optimal"
228032.18,0.4473,34901.37,193130.85,671,300
758.26,0.4,100.05,658.21,2,1
532.37,0.0,67.62,464.74,0,1
766.56,0.4,108.35,658.21,2,1
822.37,0.4,179.3,643.08,2,1
728.52,0.4,108.14,620.38,2,1
880.34,0.8,134.57,745.77,4,1
726.73,0.4,83.65,643.08,2,1
817.22,0.6,96.32,720.9,3,1
689.06,0.2,161.62,527.44,1,1
691.85,0.4,79.03,612.82,2,1
775.28,0.4,154.89,620.38,2,1
1074.17,1.0,212.76,861.41,5,1
698.85,0.2,133.59,565.26,1,1
904.54,0.8,120.95,783.59,4,1
754.54,0.4,111.46,643.08,2,1
446.06,0.0,26.7,419.36,0,1
595.52,0.0,115.65,479.87,0,1
806.35,0.6,123.27,683.08,3,1
950.7,0.6,222.24,728.46,3,1
486.86,0.0,44.81,442.05,0,1
740.84,0.4,105.32,635.51,2,1
1016.4,1.0,139.86,876.54,5,1
935.8,0.8,190.03,745.77,4,1
1121.58,1.4,134.78,986.79,7,1
852.63,0.6,139.3,713.33,3,1
477.43,0.0,27.81,449.62,0,1
742.64,0.4,99.57,643.08,2,1
682.83,0.4,85.14,597.69,2,1
957.36,0.8,151.08,806.28,4,1
700.54,0.4,65.03,635.51,2,1
896.28,0.8,135.38,760.9,4,1
647.73,0.2,105.16,542.56,1,1
915.26,0.8,169.49,745.77,4,1
965.6,1.0,111.76,853.85,5,1
576.49,0.2,56.62,519.87,1,1
743.43,0.4,100.35,643.08,2,1
650.95,0.2,131.08,519.87,1,1
581.23,0.0,116.49,464.74,0,1
540.37,0.0,90.76,449.62,0,1
960.44,1.0,99.03,861.41,5,1
885.27,0.6,141.68,743.59,3,1
742.32,0.4,99.24,643.08,2,1
1120.85,1.0,214.05,906.79,5,1
862.26,0.6,156.49,705.77,3,1
659.94,0.2,102.24,557.69,1,1
961.11,0.8,192.65,768.46,4,1
519.55,0.0,54.81,464.74,0,1
657.73,0.2,115.16,542.56,1,1
605.91,0.2,48.22,557.69,1,1
929.75,0.8,191.54,738.21,4,1
893.63,0.6,180.3,713.33,3,1
488.27,0.0,46.22,442.05,0,1
847.02,0.6,103.43,743.59,3,1
664.04,0.2,91.22,572.82,1,1
873.44,0.6,160.11,713.33,3,1
826.8,0.6,136.16,690.64,3,1
713.77,0.4,100.95,612.82,2,1
697.3,0.4,76.92,620.38,2,1
733.69,0.4,120.86,612.82,2,1
727.09,0.6,66.7,660.38,3,1
593.44,0.2,66.0,527.44,1,1
719.55,0.4,106.73,612.82,2,1
922.03,0.8,153.57,768.46,4,1
827.92,0.6,107.03,720.9,3,1
875.44,0.6,162.11,713.33,3,1
993.57,1.0,117.03,876.54,5,1
652.06,0.2,79.24,572.82,1,1
446.06,0.0,26.7,419.36,0,1
820.83,0.6,137.76,683.08,3,1
747.62,0.4,104.54,643.08,2,1
1079.74,1.0,180.51,899.23,5,1
997.31,1.0,158.59,838.72,5,1
476.86,0.0,34.81,442.05,0,1
981.52,1.0,127.68,853.85,5,1
820.86,0.6,137.78,683.08,3,1
751.49,0.4,115.97,635.51,2,1
893.54,0.6,157.51,736.03,3,1
601.17,0.2,73.73,527.44,1,1
943.23,0.8,152.08,791.15,4,1
924.82,0.8,103.41,821.41,4,1
905.12,0.8,98.84,806.28,4,1
834.96,0.6,136.76,698.21,3,1
946.68,0.8,125.27,821.41,4,1
1054.56,1.0,162.89,891.67,5,1
662.73,0.2,135.3,527.44,1,1
789.85,0.4,177.03,612.82,2,1
535.82,0.0,63.51,472.31,0,1
644.42,0.2,86.73,557.69,1,1
709.75,0.4,59.11,650.64,2,1
816.26,0.6,118.05,698.21,3,1
459.63,0.0,32.7,426.92,0,1
705.31,0.2,132.49,572.82,1,1
735.73,0.6,60.22,675.51,3,1
1053.69,0.8,202.03,851.67,4,1
510.21,0.0,53.03,457.18,0,1
828.88,0.6,130.68,698.21,3,1
835.79,0.6,107.32,728.46,3,1
751.96,0.4,154.27,597.69,2,1
612.27,0.2,84.84,527.44,1,1
540.02,0.0,82.84,457.18,0,1
1287.04,1.4,239.73,1047.31,7,1
777.2,0.2,211.95,565.26,1,1
522.35,0.0,72.73,449.62,0,1
940.94,0.8,149.78,791.15,4,1
653.39,0.2,88.14,565.26,1,1
540.69,0.0,75.95,464.74,0,1
524.78,0.0,82.73,442.05,0,1
552.39,0.0,87.65,464.74,0,1
709.58,0.4,96.76,612.82,2,1
915.29,0.8,116.57,798.72,4,1
673.9,0.4,53.51,620.38,2,1
629.63,0.2,109.76,519.87,1,1
803.96,0.6,105.76,698.21,3,1
759.24,0.4,116.16,643.08,2,1
647.39,0.2,82.14,565.26,1,1
815.08,0.4,172.0,643.08,2,1
784.65,0.6,124.27,660.38,3,1
709.72,0.4,104.46,605.26,2,1
939.15,0.8,132.86,806.28,4,1
1009.78,1.0,133.24,876.54,5,1
487.86,0.0,45.81,442.05,0,1
725.22,0.2,205.35,519.87,1,1
643.56,0.2,93.43,550.13,1,1
766.36,0.4,161.11,605.26,2,1
844.52,0.8,83.62,760.9,4,1
1003.14,1.0,134.16,868.97,5,1
1045.02,1.2,120.92,924.1,6,1
788.99,0.4,130.78,658.21,2,1
631.59,0.2,89.03,542.56,1,1
604.97,0.2,62.41,542.56,1,1
698.6,0.2,125.78,572.82,1,1
707.13,0.4,71.62,635.51,2,1
801.15,0.6,102.95,698.21,3,1
947.58,0.8,194.24,753.33,4,1
529.11,0.0,87.05,442.05,0,1
720.99,0.2,155.73,565.26,1,1
1051.28,1.2,112.05,939.23,6,1
702.22,0.4,81.84,620.38,2,1
851.7,0.8,68.11,783.59,4,1
487.22,0.0,52.73,434.49,0,1
859.59,0.6,108.43,751.15,3,1
733.76,0.4,98.24,635.51,2,1
1060.19,0.8,223.65,836.54,4,1
689.2,0.4,68.81,620.38,2,1
712.15,0.4,61.51,650.64,2,1
638.97,0.2,88.84,550.13,1,1
971.6,1.0,117.76,853.85,5,1
727.1,0.4,84.03,643.08,2,1
762.02,0.4,118.95,643.08,2,1
581.66,0.0,109.35,472.31,0,1
499.71,0.0,80.35,419.36,0,1
495.18,0.0,38.0,457.18,0,1
1065.61,1.0,234.46,831.15,5,1
659.04,0.2,101.35,557.69,1,1
730.32,0.4,87.24,643.08,2,1
736.26,0.2,186.14,550.13,1,1
538.45,0.0,88.84,449.62,0,1
833.89,0.6,105.43,728.46,3,1
840.56,0.6,142.35,698.21,3,1
817.8,0.6,127.16,690.64,3,1
972.94,0.8,196.92,776.03,4,1
697.5,0.4,92.24,605.26,2,1
811.47,0.6,98.14,713.33,3,1
707.69,0.2,134.86,572.82,1,1
961.91,0.8,163.19,798.72,4,1
729.24,0.4,93.73,635.51,2,1
841.41,0.6,112.95,728.46,3,1
952.26,0.8,161.11,791.15,4,1
865.89,0.6,129.86,736.03,3,1
710.65,0.2,130.27,580.38,1,1
659.13,0.2,116.57,542.56,1,1
608.84,0.2,73.84,535.0,1,1
682.38,0.4,62.0,620.38,2,1
634.1,0.2,76.41,557.69,1,1
760.46,0.4,124.95,635.51,2,1
809.44,0.6,88.54,720.9,3,1
811.26,0.6,113.05,698.21,3,1
853.23,0.4,195.03,658.21,2,1
878.81,0.6,142.78,736.03,3,1
545.86,0.0,96.24,449.62,0,1
523.4,0.0,66.22,457.18,0,1
562.78,0.0,128.3,434.49,0,1
799.44,0.6,131.49,667.95,3,1
561.79,0.2,41.92,519.87,1,1
773.86,0.4,130.78,643.08,2,1
692.5,0.2,119.68,572.82,1,1
609.49,0.2,82.05,527.44,1,1
627.61,0.2,69.92,557.69,1,1
705.13,0.2,155.0,550.13,1,1
688.63,0.4,121.19,567.44,2,1
995.75,1.0,164.59,831.15,5,1
1013.76,0.8,184.78,828.97,4,1
1293.55,1.4,246.24,1047.31,7,1
551.06,0.0,63.62,487.44,0,1
510.5,0.0,53.32,457.18,0,1
614.76,0.2,79.76,535.0,1,1
658.75,0.4,68.62,590.13,2,1
812.55,0.4,146.78,665.77,2,1
841.2,0.8,95.43,745.77,4,1
1088.17,1.0,181.38,906.79,5,1
832.16,0.6,96.14,736.03,3,1
627.45,0.2,77.32,550.13,1,1
603.57,0.2,76.14,527.44,1,1
950.23,0.8,159.08,791.15,4,1
669.33,0.2,88.95,580.38,1,1
580.65,0.0,138.59,442.05,0,1
619.08,0.2,76.51,542.56,1,1
674.47,0.2,101.65,572.82,1,1
1054.08,1.0,185.11,868.97,5,1
915.27,1.0,99.24,816.03,5,1
745.04,0.2,172.22,572.82,1,1
970.38,1.0,101.41,868.97,5,1
873.78,0.8,97.76,776.03,4,1
579.83,0.2,82.65,497.18,1,1
759.54,0.6,84.03,675.51,3,1
563.5,0.0,98.76,464.74,0,1
701.15,0.4,103.46,597.69,2,1
1173.42,1.2,226.62,946.79,6,1
1003.68,0.8,189.84,813.85,4,1
808.51,0.6,117.86,690.64,3,1
947.52,0.8,133.68,813.85,4,1
824.84,0.6,88.81,736.03,3,1
840.77,0.6,142.57,698.21,3,1
650.42,0.2,92.73,557.69,1,1
602.68,0.2,75.24,527.44,1,1
769.45,0.4,164.19,605.26,2,1
1032.6,0.8,203.62,828.97,4,1
910.9,0.8,150.0,760.9,4,1
768.94,0.4,125.86,643.08,2,1
898.35,0.8,114.76,783.59,4,1
954.12,0.8,140.27,813.85,4,1
1210.37,1.2,210.62,999.74,6,1
1002.42,0.8,196.14,806.28,4,1
1019.6,0.8,190.62,828.97,4,1
826.25,0.6,105.35,720.9,3,1
613.66,0.0,133.78,479.87,0,1
692.16,0.4,64.22,627.95,2,1
1147.15,1.0,255.49,891.67,5,1
608.35,0.0,158.73,449.62,0,1
798.11,0.4,177.73,620.38,2,1
617.56,0.2,67.43,550.13,1,1
854.24,0.6,110.65,743.59,3,1
692.5,0.4,87.24,605.26,2,1
1027.61,1.0,181.32,846.28,5,1
454.76,0.0,35.41,419.36,0,1
711.4,0.2,153.7,557.69,1,1
645.07,0.2,94.95,550.13,1,1
746.88,0.4,96.24,650.64,2,1
628.86,0.2,78.73,550.13,1,1
790.24,0.6,107.16,683.08,3,1
931.46,0.8,163.0,768.46,4,1
554.15,0.0,81.84,472.31,0,1
546.42,0.0,74.11,472.31,0,1
612.73,0.2,77.73,535.0,1,1
701.22,0.4,80.84,620.38,2,1
674.33,0.2,146.89,527.44,1,1
628.67,0.2,86.11,542.56,1,1
671.56,0.4,89.0,582.56,2,1
885.17,0.6,164.27,720.9,3,1
974.65,0.8,198.62,776.03,4,1
1056.88,1.2,117.65,939.23,6,1
669.96,0.2,97.14,572.82,1,1
719.05,0.2,168.92,550.13,1,1
586.51,0.2,51.51,535.0,1,1
838.1,0.6,139.89,698.21,3,1
565.85,0.2,61.11,504.74,1,1
694.33,0.4,81.51,612.82,2,1
904.68,0.8,143.78,760.9,4,1
752.57,0.4,132.19,620.38,2,1
820.79,0.6,160.41,660.38,3,1
520.64,0.0,71.03,449.62,0,1
734.27,0.6,66.32,667.95,3,1
526.24,0.0,91.76,434.49,0,1
823.29,0.6,125.08,698.21,3,1
715.26,0.2,150.0,565.26,1,1
735.3,0.4,107.35,627.95,2,1
474.49,0.0,40.0,434.49,0,1
607.84,0.2,80.41,527.44,1,1
484.92,0.0,58.0,426.92,0,1
767.19,0.6,99.24,667.95,3,1
841.8,0.6,75.51,766.28,3,1
865.59,0.4,230.08,635.51,2,1
609.97,0.2,67.41,542.56,1,1
785.51,0.6,102.43,683.08,3,1
626.63,0.2,53.81,572.82,1,1
619.49,0.2,92.05,527.44,1,1
772.54,0.4,129.46,643.08,2,1
653.71,0.2,126.27,527.44,1,1
526.74,0.0,62.0,464.74,0,1
723.58,0.4,110.76,612.82,2,1
650.83,0.2,93.14,557.69,1,1
568.29,0.0,118.68,449.62,0,1
784.58,0.4,179.32,605.26,2,1
705.95,0.2,125.57,580.38,1,1
688.46,0.2,161.03,527.44,1,1
985.41,1.0,116.43,868.97,5,1
494.43,0.0,44.81,449.62,0,1
1018.63,0.8,212.35,806.28,4,1
661.94,0.2,119.38,542.56,1,1
645.69,0.2,80.43,565.26,1,1
