"Total_Cost","Ratio_Reloc_Prod","Horiz_Cost","Vert_Cost","nReloc","non_Optimal"
225810.1,0.444,33098.7,192711.45,666,300
741.53,0.4,83.32,658.21,2,1
520.37,0.0,55.62,464.74,0,1
748.56,0.4,90.35,658.21,2,1
808.97,0.4,165.89,643.08,2,1
721.17,0.4,108.35,612.82,2,1
863.42,0.8,117.65,745.77,4,1
742.59,0.4,91.95,650.64,2,1
817.22,0.6,96.32,720.9,3,1
689.81,0.2,154.81,535.0,1,1
701.41,0.4,81.03,620.38,2,1
777.98,0.4,157.59,620.38,2,1
968.53,0.8,169.81,798.72,4,1
693.45,0.2,128.19,565.26,1,1
874.14,0.8,113.24,760.9,4,1
752.13,0.4,109.05,643.08,2,1
551.6,0.0,71.73,479.87,0,1
515.45,0.0,50.7,464.74,0,1
786.32,0.6,103.24,683.08,3,1
872.45,0.4,214.24,658.21,2,1
471.19,0.0,36.7,434.49,0,1
706.65,0.4,71.14,635.51,2,1
1044.78,1.0,160.68,884.1,5,1
870.96,0.8,132.76,738.21,4,1
1144.0,1.4,126.95,1017.05,7,1
876.35,0.6,147.89,728.46,3,1
483.72,0.0,34.11,449.62,0,1
734.67,0.4,99.16,635.51,2,1
642.03,0.4,67.03,575.0,2,1
905.12,0.8,98.84,806.28,4,1
704.1,0.4,61.03,643.08,2,1
882.41,0.8,129.08,753.33,4,1
648.02,0.2,105.46,542.56,1,1
895.39,0.8,157.19,738.21,4,1
819.97,0.6,83.95,736.03,3,1
569.23,0.2,56.92,512.31,1,1
914.35,0.8,130.76,783.59,4,1
646.95,0.2,127.08,519.87,1,1
692.29,0.2,134.59,557.69,1,1
520.0,0.0,77.95,442.05,0,1
1040.1,1.2,108.43,931.67,6,1
807.82,0.4,134.49,673.33,2,1
734.7,0.4,91.62,643.08,2,1
1122.1,1.0,222.86,899.23,5,1
675.08,0.2,140.08,535.0,1,1
733.49,0.4,105.54,627.95,2,1
948.3,0.8,179.84,768.46,4,1
510.8,0.0,53.62,457.18,0,1
657.73,0.2,115.16,542.56,1,1
769.39,0.6,63.62,705.77,3,1
1112.62,1.2,203.65,908.97,6,1
884.28,0.6,163.38,720.9,3,1
487.46,0.0,45.41,442.05,0,1
733.88,0.4,68.11,665.77,2,1
604.48,0.2,61.92,542.56,1,1
929.08,0.8,145.49,783.59,4,1
797.53,0.6,91.76,705.77,3,1
644.64,0.2,86.95,557.69,1,1
715.84,0.4,80.32,635.51,2,1
816.32,0.6,125.68,690.64,3,1
738.32,0.6,62.81,675.51,3,1
610.08,0.2,67.51,542.56,1,1
715.74,0.4,95.35,620.38,2,1
941.97,0.8,158.38,783.59,4,1
811.87,0.6,98.54,713.33,3,1
938.57,0.8,170.11,768.46,4,1
1005.99,1.0,114.32,891.67,5,1
611.21,0.2,53.51,557.69,1,1
481.0,0.0,46.51,434.49,0,1
757.89,0.6,74.81,683.08,3,1
677.47,0.2,104.65,572.82,1,1
880.54,0.8,96.95,783.59,4,1
616.52,0.2,96.65,519.87,1,1
507.62,0.0,58.0,449.62,0,1
911.37,0.8,127.78,783.59,4,1
852.9,0.6,139.57,713.33,3,1
705.72,0.4,100.46,605.26,2,1
763.56,0.4,105.35,658.21,2,1
603.32,0.2,68.32,535.0,1,1
974.36,0.8,168.08,806.28,4,1
845.51,0.6,101.92,743.59,3,1
854.24,0.6,110.65,743.59,3,1
749.57,0.4,114.05,635.51,2,1
938.96,0.8,132.68,806.28,4,1
932.98,0.8,119.14,813.85,4,1
654.63,0.2,127.19,527.44,1,1
898.74,0.6,185.41,713.33,3,1
603.37,0.2,60.81,542.56,1,1
544.52,0.0,72.22,472.31,0,1
645.26,0.4,40.0,605.26,2,1
751.08,0.6,83.14,667.95,3,1
444.06,0.0,24.7,419.36,0,1
761.43,0.4,118.35,643.08,2,1
822.74,0.6,101.84,720.9,3,1
1035.08,1.0,166.11,868.97,5,1
543.33,0.0,71.03,472.31,0,1
590.7,0.2,55.7,535.0,1,1
815.72,0.6,109.95,705.77,3,1
970.73,1.0,154.7,816.03,5,1
644.21,0.2,101.65,542.56,1,1
538.64,0.0,89.03,449.62,0,1
1230.61,1.2,238.43,992.18,6,1
1068.17,0.8,261.89,806.28,4,1
515.5,0.0,58.32,457.18,0,1
1006.33,1.2,97.35,908.97,6,1
623.97,0.2,73.84,550.13,1,1
519.12,0.0,46.81,472.31,0,1
496.25,0.0,69.32,426.92,0,1
544.94,0.0,87.76,457.18,0,1
655.34,0.2,97.65,557.69,1,1
894.02,0.8,102.86,791.15,4,1
545.4,0.2,48.22,497.18,1,1
704.85,0.4,107.16,597.69,2,1
801.15,0.6,102.95,698.21,3,1
843.36,0.6,122.46,720.9,3,1
618.96,0.2,53.7,565.26,1,1
749.41,0.4,121.46,627.95,2,1
691.04,0.4,93.35,597.69,2,1
648.48,0.2,98.35,550.13,1,1
942.36,0.8,136.08,806.28,4,1
1049.82,1.2,155.97,893.85,6,1
446.06,0.0,26.7,419.36,0,1
696.22,0.2,161.22,535.0,1,1
805.2,0.6,99.43,705.77,3,1
861.61,0.6,163.41,698.21,3,1
783.93,0.6,85.73,698.21,3,1
849.15,0.6,143.38,705.77,3,1
990.53,1.0,106.43,884.1,5,1
808.31,0.4,150.11,658.21,2,1
544.92,0.0,102.86,442.05,0,1
601.44,0.2,74.0,527.44,1,1
850.4,0.6,167.32,683.08,3,1
991.65,1.0,122.68,868.97,5,1
708.63,0.4,88.24,620.38,2,1
1057.7,1.0,173.59,884.1,5,1
732.55,0.4,112.16,620.38,2,1
706.24,0.2,171.24,535.0,1,1
740.02,0.4,96.95,643.08,2,1
653.78,0.2,103.65,550.13,1,1
867.98,0.8,61.7,806.28,4,1
513.89,0.0,71.84,442.05,0,1
871.49,0.6,150.59,720.9,3,1
778.96,0.4,120.76,658.21,2,1
848.4,0.4,197.76,650.64,2,1
844.25,0.8,90.92,753.33,4,1
832.91,0.6,89.32,743.59,3,1
646.37,0.2,96.24,550.13,1,1
864.59,0.6,128.57,736.03,3,1
621.45,0.2,71.32,550.13,1,1
737.67,0.4,102.16,635.51,2,1
739.46,0.4,103.95,635.51,2,1
804.2,0.6,98.43,705.77,3,1
561.61,0.2,64.43,497.18,1,1
669.98,0.2,150.11,519.87,1,1
728.75,0.2,178.62,550.13,1,1
776.75,0.4,133.68,643.08,2,1
871.01,0.8,117.68,753.33,4,1
467.03,0.0,40.11,426.92,0,1
806.54,0.6,70.51,736.03,3,1
806.91,0.4,156.27,650.64,2,1
646.43,0.2,103.86,542.56,1,1
1079.83,1.0,195.73,884.1,5,1
683.9,0.4,63.51,620.38,2,1
994.62,1.0,125.65,868.97,5,1
706.96,0.4,94.14,612.82,2,1
795.96,0.4,137.76,658.21,2,1
541.5,0.0,76.76,464.74,0,1
903.23,0.8,96.95,806.28,4,1
929.96,0.8,131.24,798.72,4,1
1172.36,1.2,210.43,961.92,6,1
667.91,0.2,102.65,565.26,1,1
818.5,0.4,160.3,658.21,2,1
601.92,0.2,66.92,535.0,1,1
572.39,0.2,52.51,519.87,1,1
500.49,0.0,66.0,434.49,0,1
790.37,0.4,147.3,643.08,2,1
1056.35,1.2,132.24,924.1,6,1
811.96,0.6,113.76,698.21,3,1
845.78,0.4,195.14,650.64,2,1
867.11,0.6,131.08,736.03,3,1
653.45,0.2,95.76,557.69,1,1
589.41,0.2,54.41,535.0,1,1
761.25,0.4,133.3,627.95,2,1
792.29,0.6,101.65,690.64,3,1
606.54,0.4,39.11,567.44,2,1
790.59,0.4,200.46,590.13,2,1
582.47,0.0,110.16,472.31,0,1
767.88,0.6,77.24,690.64,3,1
523.55,0.0,58.81,464.74,0,1
784.67,0.6,109.16,675.51,3,1
636.67,0.4,54.11,582.56,2,1
852.44,0.6,146.68,705.77,3,1
952.89,0.8,169.3,783.59,4,1
908.24,0.8,124.65,783.59,4,1
547.65,0.0,60.22,487.44,0,1
515.1,0.0,57.92,457.18,0,1
505.52,0.0,86.16,419.36,0,1
736.11,0.4,108.16,627.95,2,1
781.1,0.4,130.46,650.64,2,1
734.89,0.4,106.95,627.95,2,1
978.4,0.8,194.81,783.59,4,1
770.11,0.4,134.59,635.51,2,1
492.46,0.0,50.41,442.05,0,1
565.7,0.0,116.08,449.62,0,1
1058.55,1.0,151.76,906.79,5,1
633.88,0.2,68.62,565.26,1,1
644.46,0.2,109.46,535.0,1,1
752.46,0.6,76.95,675.51,3,1
597.48,0.2,54.92,542.56,1,1
830.65,0.6,162.7,667.95,3,1
702.3,0.4,81.92,620.38,2,1
900.35,0.6,171.89,728.46,3,1
863.76,0.8,87.73,776.03,4,1
887.22,0.8,118.76,768.46,4,1
629.51,0.2,86.95,542.56,1,1
551.7,0.2,69.65,482.05,1,1
690.2,0.4,69.81,620.38,2,1
677.93,0.4,65.11,612.82,2,1
902.31,0.8,148.97,753.33,4,1
707.34,0.2,142.08,565.26,1,1
999.96,1.0,153.68,846.28,5,1
800.83,0.4,150.19,650.64,2,1
699.87,0.4,71.92,627.95,2,1
841.86,0.6,158.78,683.08,3,1
638.4,0.2,95.84,542.56,1,1
575.39,0.0,110.65,464.74,0,1
958.3,0.6,229.84,728.46,3,1
992.56,0.6,233.84,758.72,3,1
799.5,0.6,93.73,705.77,3,1
798.5,0.6,92.73,705.77,3,1
867.98,0.6,147.08,720.9,3,1
954.59,0.6,203.43,751.15,3,1
980.77,1.0,134.49,846.28,5,1
794.37,0.4,136.16,658.21,2,1
1251.07,1.4,226.46,1024.62,7,1
969.3,0.8,132.76,836.54,4,1
775.51,0.4,124.86,650.64,2,1
650.34,0.2,92.65,557.69,1,1
852.43,0.4,209.35,643.08,2,1
697.06,0.2,169.62,527.44,1,1
972.18,0.8,181.03,791.15,4,1
601.45,0.2,51.32,550.13,1,1
667.45,0.2,109.76,557.69,1,1
608.43,0.2,73.43,535.0,1,1
836.32,0.6,145.68,690.64,3,1
508.29,0.0,51.11,457.18,0,1
716.6,0.2,143.78,572.82,1,1
637.1,0.2,94.54,542.56,1,1
570.12,0.0,90.24,479.87,0,1
474.05,0.0,32.0,442.05,0,1
898.8,0.8,107.65,791.15,4,1
728.47,0.2,163.22,565.26,1,1
683.58,0.2,110.76,572.82,1,1
651.44,0.2,78.62,572.82,1,1
665.88,0.2,115.76,550.13,1,1
563.61,0.2,66.43,497.18,1,1
648.21,0.2,105.65,542.56,1,1
634.65,0.2,99.65,535.0,1,1
593.79,0.0,106.35,487.44,0,1
811.24,0.6,128.16,683.08,3,1
888.89,0.6,205.81,683.08,3,1
1176.86,1.4,144.68,1032.18,7,1
617.69,0.2,60.0,557.69,1,1
1025.6,0.8,196.62,828.97,4,1
643.58,0.2,78.32,565.26,1,1
578.01,0.0,113.27,464.74,0,1
477.84,0.0,50.92,426.92,0,1
742.97,0.4,92.32,650.64,2,1
655.38,0.4,87.95,567.44,2,1
893.78,0.8,117.76,776.03,4,1
653.34,0.2,95.65,557.69,1,1
494.86,0.0,52.81,442.05,0,1
712.58,0.6,67.32,645.26,3,1
575.42,0.0,110.68,464.74,0,1
838.34,0.6,132.57,705.77,3,1
897.31,0.6,191.54,705.77,3,1
928.18,0.8,144.59,783.59,4,1
750.0,0.6,66.92,683.08,3,1
830.11,0.8,69.22,760.9,4,1
502.32,0.0,52.7,449.62,0,1
839.57,0.6,103.54,736.03,3,1
876.23,0.8,77.51,798.72,4,1
758.4,0.4,122.89,635.51,2,1
611.8,0.2,54.11,557.69,1,1
772.31,0.4,106.54,665.77,2,1
535.49,0.0,55.62,479.87,0,1
788.04,0.6,89.84,698.21,3,1
753.0,0.4,125.05,627.95,2,1
721.66,0.4,108.84,612.82,2,1
670.07,0.4,64.81,605.26,2,1
802.04,0.6,103.84,698.21,3,1
690.96,0.2,133.27,557.69,1,1
577.75,0.0,120.57,457.18,0,1
954.49,0.8,186.03,768.46,4,1
557.61,0.0,92.86,464.74,0,1
676.78,0.4,86.65,590.13,2,1
903.87,0.8,90.03,813.85,4,1
553.71,0.2,41.41,512.31,1,1
790.83,0.4,140.19,650.64,2,1
750.28,0.4,84.51,665.77,2,1
750.83,0.4,107.76,643.08,2,1
