"Total_Cost","Ratio_Reloc_Prod","Horiz_Cost","Vert_Cost","nReloc","non_Optimal"
227401.29,0.456,33409.98,193991.21,684,300
741.53,0.4,83.32,658.21,2,1
520.37,0.0,55.62,464.74,0,1
748.56,0.4,90.35,658.21,2,1
808.97,0.4,165.89,643.08,2,1
721.17,0.4,108.35,612.82,2,1
863.42,0.8,117.65,745.77,4,1
742.59,0.4,91.95,650.64,2,1
817.22,0.6,96.32,720.9,3,1
689.81,0.2,154.81,535.0,1,1
701.41,0.4,81.03,620.38,2,1
777.98,0.4,157.59,620.38,2,1
968.53,0.8,169.81,798.72,4,1
693.45,0.2,128.19,565.26,1,1
874.14,0.8,113.24,760.9,4,1
752.13,0.4,109.05,643.08,2,1
569.98,0.0,82.54,487.44,0,1
469.19,0.0,34.7,434.49,0,1
801.59,0.6,110.95,690.64,3,1
872.45,0.4,214.24,658.21,2,1
471.19,0.0,36.7,434.49,0,1
691.08,0.4,63.14,627.95,2,1
1044.78,1.0,160.68,884.1,5,1
870.96,0.8,132.76,738.21,4,1
1144.0,1.4,126.95,1017.05,7,1
856.79,0.6,135.89,720.9,3,1
515.37,0.0,50.62,464.74,0,1
660.32,0.2,110.19,550.13,1,1
631.76,0.4,64.32,567.44,2,1
909.12,0.8,102.84,806.28,4,1
702.81,0.4,59.73,643.08,2,1
882.41,0.8,129.08,753.33,4,1
648.02,0.2,105.46,542.56,1,1
885.42,0.8,154.78,730.64,4,1
819.97,0.6,83.95,736.03,3,1
549.8,0.2,52.62,497.18,1,1
816.53,0.6,110.76,705.77,3,1
646.95,0.2,127.08,519.87,1,1
602.9,0.0,130.59,472.31,0,1
525.29,0.0,83.24,442.05,0,1
1053.52,1.2,106.73,946.79,6,1
889.64,0.6,138.49,751.15,3,1
731.4,0.4,88.32,643.08,2,1
1134.66,1.0,227.86,906.79,5,1
675.08,0.2,140.08,535.0,1,1
752.97,0.4,117.46,635.51,2,1
959.2,0.8,205.86,753.33,4,1
519.55,0.0,54.81,464.74,0,1
739.55,0.4,119.16,620.38,2,1
609.61,0.2,51.92,557.69,1,1
1112.62,1.2,203.65,908.97,6,1
868.36,0.6,162.59,705.77,3,1
495.02,0.0,45.41,449.62,0,1
733.88,0.4,68.11,665.77,2,1
604.48,0.2,61.92,542.56,1,1
776.72,0.4,126.08,650.64,2,1
786.26,0.6,88.05,698.21,3,1
641.23,0.2,83.54,557.69,1,1
727.1,0.4,84.03,643.08,2,1
730.79,0.4,117.97,612.82,2,1
738.32,0.6,62.81,675.51,3,1
610.08,0.2,67.51,542.56,1,1
797.4,0.6,106.76,690.64,3,1
939.27,0.8,155.68,783.59,4,1
807.36,0.6,94.03,713.33,3,1
938.57,0.8,170.11,768.46,4,1
1072.68,1.2,118.32,954.36,6,1
611.21,0.2,53.51,557.69,1,1
497.16,0.0,55.11,442.05,0,1
758.89,0.6,75.81,683.08,3,1
770.56,0.4,112.35,658.21,2,1
863.97,0.8,87.95,776.03,4,1
709.61,0.4,104.35,605.26,2,1
507.62,0.0,58.0,449.62,0,1
915.37,0.8,131.78,783.59,4,1
873.47,0.6,152.57,720.9,3,1
705.72,0.4,100.46,605.26,2,1
776.12,0.4,110.35,665.77,2,1
600.51,0.2,65.51,535.0,1,1
814.58,0.4,156.38,658.21,2,1
840.51,0.6,96.92,743.59,3,1
920.93,0.8,114.65,806.28,4,1
821.26,0.6,123.05,698.21,3,1
1023.37,1.0,139.27,884.1,5,1
1081.29,1.0,189.62,891.67,5,1
654.63,0.2,127.19,527.44,1,1
963.08,0.8,194.62,768.46,4,1
487.46,0.0,45.41,442.05,0,1
547.52,0.0,75.22,472.31,0,1
644.96,0.4,39.7,605.26,2,1
795.49,0.6,119.97,675.51,3,1
504.05,0.0,62.0,442.05,0,1
832.98,0.6,119.65,713.33,3,1
803.12,0.6,97.35,705.77,3,1
1053.75,1.0,177.22,876.54,5,1
513.1,0.0,55.92,457.18,0,1
649.53,0.4,59.41,590.13,2,1
845.81,0.6,117.35,728.46,3,1
896.47,0.8,150.7,745.77,4,1
562.96,0.0,90.65,472.31,0,1
522.38,0.0,80.32,442.05,0,1
1156.36,1.0,234.43,921.92,5,1
1141.62,1.0,265.08,876.54,5,1
546.23,0.0,73.92,472.31,0,1
828.87,0.8,75.54,753.33,4,1
621.0,0.2,78.43,542.56,1,1
648.99,0.2,83.73,565.26,1,1
498.7,0.0,64.22,434.49,0,1
551.61,0.0,86.86,464.74,0,1
718.33,0.4,97.95,620.38,2,1
894.02,0.8,102.86,791.15,4,1
540.69,0.2,43.51,497.18,1,1
717.01,0.4,111.76,605.26,2,1
808.56,0.6,110.35,698.21,3,1
900.08,0.8,124.05,776.03,4,1
637.36,0.2,72.11,565.26,1,1
747.41,0.4,119.46,627.95,2,1
691.04,0.4,93.35,597.69,2,1
561.25,0.0,88.95,472.31,0,1
969.39,1.0,130.68,838.72,5,1
986.69,1.0,147.97,838.72,5,1
528.37,0.0,63.62,464.74,0,1
900.25,0.6,171.78,728.46,3,1
807.99,0.6,102.22,705.77,3,1
696.13,0.2,146.0,550.13,1,1
687.14,0.4,74.32,612.82,2,1
901.21,0.6,165.19,736.03,3,1
939.49,0.8,125.65,813.85,4,1
757.88,0.4,152.62,605.26,2,1
542.89,0.0,100.84,442.05,0,1
589.44,0.2,62.0,527.44,1,1
850.4,0.6,167.32,683.08,3,1
838.89,0.6,102.86,736.03,3,1
780.78,0.6,90.14,690.64,3,1
1051.84,1.0,175.3,876.54,5,1
773.65,0.6,98.14,675.51,3,1
717.51,0.2,174.95,542.56,1,1
745.95,0.6,70.43,675.51,3,1
794.48,0.4,136.27,658.21,2,1
915.85,1.0,62.0,853.85,5,1
545.94,0.0,88.76,457.18,0,1
825.94,0.4,175.3,650.64,2,1
771.4,0.4,120.76,650.64,2,1
829.57,0.4,194.05,635.51,2,1
757.4,0.6,74.32,683.08,3,1
837.37,0.6,86.22,751.15,3,1
646.37,0.2,96.24,550.13,1,1
785.34,0.4,119.57,665.77,2,1
626.91,0.2,69.22,557.69,1,1
732.32,0.4,89.24,643.08,2,1
719.93,0.4,99.54,620.38,2,1
779.48,0.6,88.84,690.64,3,1
579.74,0.2,67.43,512.31,1,1
927.5,0.8,181.73,745.77,4,1
970.3,0.8,201.84,768.46,4,1
716.71,0.2,143.89,572.82,1,1
877.36,0.8,116.46,760.9,4,1
526.85,0.0,62.11,464.74,0,1
753.04,0.4,94.84,658.21,2,1
823.72,0.4,173.08,650.64,2,1
770.47,0.6,110.08,660.38,3,1
892.04,0.6,178.7,713.33,3,1
702.76,0.4,74.81,627.95,2,1
923.93,0.8,117.65,806.28,4,1
718.22,0.4,97.84,620.38,2,1
886.7,0.6,150.68,736.03,3,1
701.41,0.4,81.03,620.38,2,1
833.92,0.6,105.46,728.46,3,1
738.57,0.4,103.05,635.51,2,1
1120.72,1.0,229.05,891.67,5,1
659.64,0.2,101.95,557.69,1,1
778.51,0.4,127.86,650.64,2,1
585.92,0.2,50.92,535.0,1,1
700.03,0.4,64.51,635.51,2,1
583.98,0.2,64.11,519.87,1,1
835.39,0.6,137.19,698.21,3,1
881.22,0.8,112.76,768.46,4,1
717.84,0.4,97.46,620.38,2,1
903.63,0.6,182.73,720.9,3,1
906.11,0.8,130.08,776.03,4,1
580.74,0.2,68.43,512.31,1,1
558.23,0.2,45.92,512.31,1,1
589.62,0.0,140.0,449.62,0,1
803.1,0.6,112.46,690.64,3,1
547.42,0.2,35.11,512.31,1,1
897.24,0.6,214.16,683.08,3,1
683.28,0.2,110.46,572.82,1,1
771.18,0.6,80.54,690.64,3,1
609.08,0.2,66.51,542.56,1,1
883.2,0.8,129.86,753.33,4,1
652.91,0.2,87.65,565.26,1,1
846.24,0.4,210.73,635.51,2,1
718.72,0.4,113.46,605.26,2,1
834.01,0.6,128.24,705.77,3,1
556.57,0.0,69.14,487.44,0,1
536.23,0.0,63.92,472.31,0,1
507.57,0.0,80.65,426.92,0,1
761.4,0.4,110.76,650.64,2,1
760.18,0.4,109.54,650.64,2,1
654.43,0.4,79.43,575.0,2,1
1094.23,1.2,162.57,931.67,6,1
726.05,0.4,90.54,635.51,2,1
484.16,0.0,42.11,442.05,0,1
694.27,0.2,151.7,542.56,1,1
924.31,0.8,118.03,806.28,4,1
632.28,0.2,67.03,565.26,1,1
643.76,0.2,108.76,535.0,1,1
704.08,0.4,76.14,627.95,2,1
697.87,0.4,69.92,627.95,2,1
997.26,0.8,198.54,798.72,4,1
665.41,0.2,85.03,580.38,1,1
986.39,0.8,180.11,806.28,4,1
883.64,0.8,100.05,783.59,4,1
871.52,0.8,103.05,768.46,4,1
652.43,0.2,109.86,542.56,1,1
825.56,0.6,142.49,683.08,3,1
656.02,0.4,58.32,597.69,2,1
733.16,0.6,65.22,667.95,3,1
894.74,0.6,181.41,713.33,3,1
947.46,0.8,179.0,768.46,4,1
819.56,0.6,136.49,683.08,3,1
907.03,0.6,171.0,736.03,3,1
895.34,0.8,96.62,798.72,4,1
672.83,0.2,130.27,542.56,1,1
665.5,0.2,100.24,565.26,1,1
936.81,0.8,160.78,776.03,4,1
1035.41,1.0,226.95,808.46,5,1
1057.51,0.8,228.54,828.97,4,1
671.37,0.4,81.24,590.13,2,1
811.55,0.6,90.65,720.9,3,1
666.29,0.2,116.16,550.13,1,1
848.34,0.4,190.14,658.21,2,1
1082.67,1.2,151.0,931.67,6,1
760.94,0.4,117.86,643.08,2,1
1199.01,1.4,204.65,994.36,7,1
1004.77,1.0,105.54,899.23,5,1
738.95,0.4,118.57,620.38,2,1
663.35,0.2,120.78,542.56,1,1
1017.91,0.8,226.76,791.15,4,1
619.16,0.0,169.54,449.62,0,1
870.97,0.6,180.32,690.64,3,1
718.21,0.4,75.14,643.08,2,1
762.76,0.4,142.38,620.38,2,1
731.71,0.6,71.32,660.38,3,1
971.63,0.8,157.78,813.85,4,1
512.43,0.0,62.81,449.62,0,1
807.37,0.4,164.3,643.08,2,1
529.77,0.0,65.03,464.74,0,1
612.05,0.2,61.92,550.13,1,1
650.82,0.4,38.0,612.82,2,1
731.69,0.4,65.92,665.77,2,1
689.23,0.2,123.97,565.26,1,1
745.86,0.4,110.35,635.51,2,1
735.0,0.4,91.92,643.08,2,1
704.75,0.4,107.05,597.69,2,1
613.0,0.2,70.43,542.56,1,1
661.68,0.2,126.68,535.0,1,1
629.81,0.2,87.24,542.56,1,1
631.21,0.2,73.51,557.69,1,1
653.92,0.2,111.35,542.56,1,1
804.09,0.4,183.7,620.38,2,1
649.05,0.2,106.49,542.56,1,1
632.26,0.2,67.0,565.26,1,1
1090.17,1.2,143.38,946.79,6,1
572.84,0.0,77.84,495.0,0,1
567.94,0.0,110.76,457.18,0,1
545.18,0.0,80.43,464.74,0,1
826.54,0.6,90.51,736.03,3,1
519.4,0.0,77.35,442.05,0,1
665.28,0.2,100.03,565.26,1,1
1058.97,1.2,134.86,924.1,6,1
598.64,0.2,48.51,550.13,1,1
582.9,0.2,63.03,519.87,1,1
884.55,0.8,123.65,760.9,4,1
559.59,0.0,109.97,449.62,0,1
980.04,0.8,181.32,798.72,4,1
1081.59,1.0,189.92,891.67,5,1
626.45,0.2,76.32,550.13,1,1
678.2,0.4,57.81,620.38,2,1
540.8,0.0,83.62,457.18,0,1
765.75,0.4,107.54,658.21,2,1
920.09,1.0,73.81,846.28,5,1
816.42,0.6,110.65,705.77,3,1
646.18,0.2,80.92,565.26,1,1
687.77,0.2,114.95,572.82,1,1
489.16,0.0,47.11,442.05,0,1
709.44,0.4,89.05,620.38,2,1
1054.79,1.0,200.95,853.85,5,1
729.39,0.4,116.57,612.82,2,1
643.52,0.4,30.7,612.82,2,1
720.41,0.4,92.46,627.95,2,1
674.39,0.4,69.14,605.26,2,1
622.02,0.2,79.46,542.56,1,1
967.74,0.8,169.03,798.72,4,1
733.17,0.4,120.35,612.82,2,1
640.1,0.2,97.54,542.56,1,1
921.48,1.0,90.32,831.15,5,1
626.75,0.2,76.62,550.13,1,1
827.99,0.6,129.78,698.21,3,1
781.53,0.6,83.32,698.21,3,1
770.33,0.4,142.38,627.95,2,1
