"Total_Cost","Ratio_Reloc_Prod","Horiz_Cost","Vert_Cost","nReloc","non_Optimal"
225711.66,0.438,33685.49,192026.21,657,300
741.53,0.4,83.32,658.21,2,1
520.37,0.0,55.62,464.74,0,1
748.56,0.4,90.35,658.21,2,1
808.97,0.4,165.89,643.08,2,1
721.17,0.4,108.35,612.82,2,1
866.82,0.8,121.05,745.77,4,1
742.59,0.4,91.95,650.64,2,1
817.22,0.6,96.32,720.9,3,1
693.51,0.2,158.51,535.0,1,1
696.41,0.4,76.03,620.38,2,1
775.28,0.4,154.89,620.38,2,1
1007.47,0.8,208.76,798.72,4,1
698.85,0.2,133.59,565.26,1,1
874.14,0.8,113.24,760.9,4,1
753.13,0.4,110.05,643.08,2,1
448.76,0.0,29.41,419.36,0,1
575.25,0.0,102.95,472.31,0,1
801.59,0.6,110.95,690.64,3,1
876.45,0.4,218.24,658.21,2,1
527.45,0.0,62.7,464.74,0,1
746.67,0.4,111.16,635.51,2,1
1015.62,1.0,139.08,876.54,5,1
905.86,0.8,175.22,730.64,4,1
1076.91,1.4,105.24,971.67,7,1
851.93,0.6,138.59,713.33,3,1
508.96,0.0,44.22,464.74,0,1
677.29,0.2,119.59,557.69,1,1
633.12,0.4,73.24,559.87,2,1
886.29,0.8,95.14,791.15,4,1
769.09,0.6,63.32,705.77,3,1
896.28,0.8,135.38,760.9,4,1
648.02,0.2,105.46,542.56,1,1
912.47,0.8,166.7,745.77,4,1
825.92,0.6,97.46,728.46,3,1
565.23,0.2,52.92,512.31,1,1
885.52,0.8,117.05,768.46,4,1
646.95,0.2,127.08,519.87,1,1
602.9,0.0,130.59,472.31,0,1
526.81,0.0,84.76,442.05,0,1
972.0,1.0,103.03,868.97,5,1
895.1,0.6,136.38,758.72,3,1
674.77,0.2,101.95,572.82,1,1
1129.66,1.0,222.86,906.79,5,1
760.87,0.4,140.49,620.38,2,1
733.89,0.4,105.95,627.95,2,1
955.95,0.8,195.05,760.9,4,1
519.55,0.0,54.81,464.74,0,1
657.73,0.2,115.16,542.56,1,1
605.91,0.2,48.22,557.69,1,1
1018.24,1.0,194.65,823.59,5,1
899.6,0.6,178.7,720.9,3,1
511.4,0.0,54.22,457.18,0,1
732.88,0.4,67.11,665.77,2,1
603.19,0.2,60.62,542.56,1,1
843.41,0.6,130.08,713.33,3,1
797.53,0.6,91.76,705.77,3,1
724.08,0.4,96.14,627.95,2,1
726.4,0.4,83.32,643.08,2,1
727.39,0.4,114.57,612.82,2,1
727.06,0.6,59.11,667.95,3,1
611.27,0.2,68.7,542.56,1,1
729.3,0.4,101.35,627.95,2,1
957.56,0.8,173.97,783.59,4,1
818.33,0.6,97.43,720.9,3,1
879.44,0.6,166.11,713.33,3,1
1052.51,1.0,123.03,929.49,5,1
638.5,0.2,73.24,565.26,1,1
448.06,0.0,28.7,419.36,0,1
815.51,0.6,124.86,690.64,3,1
762.04,0.4,103.84,658.21,2,1
868.4,0.6,132.38,736.03,3,1
768.74,0.6,108.35,660.38,3,1
533.23,0.0,60.92,472.31,0,1
974.5,1.0,135.78,838.72,5,1
784.08,0.4,148.57,635.51,2,1
756.54,0.4,128.59,627.95,2,1
811.39,0.4,153.19,658.21,2,1
600.65,0.2,73.22,527.44,1,1
825.85,0.4,160.08,665.77,2,1
1026.54,1.0,104.62,921.92,5,1
861.78,0.6,125.76,736.03,3,1
888.95,0.8,128.05,760.9,4,1
995.95,1.0,126.97,868.97,5,1
752.47,0.4,132.08,620.38,2,1
655.22,0.2,127.78,527.44,1,1
804.52,0.4,184.14,620.38,2,1
571.44,0.2,44.0,527.44,1,1
548.52,0.0,76.22,472.31,0,1
610.7,0.4,35.7,575.0,2,1
664.05,0.4,89.05,575.0,2,1
451.47,0.0,32.11,419.36,0,1
773.64,0.4,130.57,643.08,2,1
815.28,0.6,101.95,713.33,3,1
983.31,0.8,177.03,806.28,4,1
600.4,0.2,42.7,557.69,1,1
523.18,0.0,58.43,464.74,0,1
817.72,0.6,111.95,705.77,3,1
847.32,0.6,171.81,675.51,3,1
680.71,0.4,60.32,620.38,2,1
638.5,0.4,40.81,597.69,2,1
1208.99,1.2,216.81,992.18,6,1
1147.02,1.0,270.49,876.54,5,1
554.2,0.0,74.32,479.87,0,1
848.52,0.6,120.05,728.46,3,1
647.39,0.2,82.14,565.26,1,1
662.55,0.2,89.73,572.82,1,1
530.05,0.0,80.43,449.62,0,1
530.88,0.0,66.14,464.74,0,1
663.5,0.2,98.24,565.26,1,1
787.94,0.6,104.86,683.08,3,1
542.4,0.2,45.22,497.18,1,1
632.38,0.2,104.95,527.44,1,1
832.42,0.6,126.65,705.77,3,1
772.96,0.4,114.76,658.21,2,1
615.31,0.2,57.62,557.69,1,1
802.32,0.4,166.81,635.51,2,1
856.46,0.8,133.38,723.08,4,1
668.87,0.2,96.05,572.82,1,1
1013.51,1.0,136.97,876.54,5,1
980.27,1.0,103.73,876.54,5,1
481.86,0.0,39.81,442.05,0,1
1015.14,0.8,246.68,768.46,4,1
669.69,0.2,104.43,565.26,1,1
885.6,0.8,132.27,753.33,4,1
785.39,0.6,79.62,705.77,3,1
956.01,0.8,142.16,813.85,4,1
1038.47,1.0,139.24,899.23,5,1
705.66,0.2,140.41,565.26,1,1
770.45,0.4,112.24,658.21,2,1
586.11,0.2,51.11,535.0,1,1
703.14,0.2,168.14,535.0,1,1
951.79,0.8,130.38,821.41,4,1
776.18,0.6,85.54,690.64,3,1
827.55,0.6,174.73,652.82,3,1
639.46,0.2,104.46,535.0,1,1
783.8,0.4,178.54,605.26,2,1
678.25,0.4,65.43,612.82,2,1
574.96,0.0,102.65,472.31,0,1
934.41,1.0,73.0,861.41,5,1
529.62,0.0,87.57,442.05,0,1
707.13,0.4,124.57,582.56,2,1
717.67,0.4,119.97,597.69,2,1
1012.79,0.8,183.81,828.97,4,1
879.11,0.8,110.65,768.46,4,1
811.24,0.6,75.22,736.03,3,1
679.5,0.2,114.24,565.26,1,1
775.07,0.4,116.86,658.21,2,1
626.16,0.2,76.03,550.13,1,1
749.67,0.4,114.16,635.51,2,1
755.32,0.4,112.24,643.08,2,1
656.07,0.2,105.95,550.13,1,1
432.5,0.0,20.7,411.79,0,1
804.89,0.6,129.38,675.51,3,1
810.72,0.4,160.08,650.64,2,1
691.98,0.2,119.16,572.82,1,1
624.05,0.2,89.05,535.0,1,1
635.37,0.2,85.24,550.13,1,1
521.61,0.0,64.43,457.18,0,1
693.59,0.2,143.46,550.13,1,1
836.05,0.8,112.97,723.08,4,1
898.44,0.6,185.11,713.33,3,1
639.66,0.2,74.41,565.26,1,1
972.79,1.0,118.95,853.85,5,1
640.86,0.2,90.73,550.13,1,1
987.86,0.8,143.76,844.1,4,1
725.51,0.4,82.43,643.08,2,1
837.62,0.6,109.16,728.46,3,1
696.02,0.2,145.89,550.13,1,1
1029.37,0.8,230.65,798.72,4,1
738.89,0.4,110.95,627.95,2,1
736.11,0.4,108.16,627.95,2,1
602.14,0.2,67.14,535.0,1,1
626.56,0.2,76.43,550.13,1,1
657.12,0.2,99.43,557.69,1,1
766.99,0.4,116.35,650.64,2,1
1155.81,1.4,138.76,1017.05,7,1
732.93,0.4,127.68,605.26,2,1
1033.67,0.8,250.08,783.59,4,1
800.15,0.4,134.38,665.77,2,1
525.16,0.0,75.54,449.62,0,1
499.83,0.0,50.22,449.62,0,1
551.52,0.0,124.59,426.92,0,1
876.79,0.8,123.46,753.33,4,1
544.93,0.0,72.62,472.31,0,1
638.49,0.2,111.05,527.44,1,1
683.84,0.2,103.46,580.38,1,1
763.18,0.6,72.54,690.64,3,1
536.52,0.0,64.22,472.31,0,1
1075.14,1.2,173.73,901.41,6,1
614.31,0.2,109.57,504.74,1,1
672.65,0.2,130.08,542.56,1,1
821.74,0.6,115.97,705.77,3,1
935.72,0.8,144.57,791.15,4,1
498.69,0.0,41.51,457.18,0,1
551.88,0.0,87.14,464.74,0,1
617.33,0.2,97.46,519.87,1,1
634.42,0.2,76.73,557.69,1,1
652.76,0.2,117.76,535.0,1,1
742.6,0.4,114.65,627.95,2,1
1100.01,1.2,160.78,939.23,6,1
730.95,0.4,95.43,635.51,2,1
572.72,0.2,75.54,497.18,1,1
598.35,0.2,70.92,527.44,1,1
958.15,0.8,151.86,806.28,4,1
634.28,0.2,69.03,565.26,1,1
529.84,0.0,95.35,434.49,0,1
662.69,0.4,57.43,605.26,2,1
709.84,0.4,74.32,635.51,2,1
1037.57,1.0,221.54,816.03,5,1
772.64,0.6,74.43,698.21,3,1
882.19,0.6,161.3,720.9,3,1
712.07,0.4,61.43,650.64,2,1
702.47,0.4,89.65,612.82,2,1
584.09,0.2,79.35,504.74,1,1
709.42,0.4,104.16,605.26,2,1
663.04,0.4,50.22,612.82,2,1
738.06,0.6,70.11,667.95,3,1
947.43,0.8,171.41,776.03,4,1
790.27,0.4,147.19,643.08,2,1
915.86,0.8,132.27,783.59,4,1
1003.11,0.8,181.7,821.41,4,1
628.93,0.2,56.11,572.82,1,1
754.5,0.4,141.68,612.82,2,1
656.12,0.2,98.43,557.69,1,1
767.27,0.4,131.76,635.51,2,1
866.91,0.6,168.7,698.21,3,1
1111.34,1.0,212.11,899.23,5,1
713.87,0.4,85.92,627.95,2,1
722.51,0.4,79.43,643.08,2,1
651.59,0.2,101.46,550.13,1,1
959.74,0.6,201.03,758.72,3,1
1023.61,1.0,177.32,846.28,5,1
747.85,0.2,175.03,572.82,1,1
1231.07,1.4,191.32,1039.74,7,1
925.77,0.6,159.49,766.28,3,1
557.99,0.0,108.38,449.62,0,1
683.48,0.2,125.78,557.69,1,1
752.18,0.2,202.05,550.13,1,1
599.86,0.0,157.81,442.05,0,1
984.88,0.8,193.73,791.15,4,1
741.97,0.6,51.32,690.64,3,1
730.63,0.4,125.38,605.26,2,1
672.31,0.4,74.62,597.69,2,1
1093.12,1.0,193.89,899.23,5,1
482.6,0.0,48.11,434.49,0,1
868.88,0.6,163.11,705.77,3,1
550.69,0.0,85.95,464.74,0,1
797.96,0.6,99.76,698.21,3,1
559.91,0.0,95.16,464.74,0,1
830.11,0.6,101.65,728.46,3,1
782.56,0.4,139.49,643.08,2,1
655.04,0.2,97.35,557.69,1,1
715.08,0.4,87.14,627.95,2,1
750.92,0.4,122.97,627.95,2,1
653.05,0.4,62.92,590.13,2,1
600.82,0.2,80.95,519.87,1,1
726.01,0.2,153.19,572.82,1,1
746.71,0.4,118.76,627.95,2,1
832.61,0.6,126.84,705.77,3,1
1153.63,1.0,246.84,906.79,5,1
859.41,0.8,90.95,768.46,4,1
636.26,0.2,71.0,565.26,1,1
1131.15,1.2,191.92,939.23,6,1
699.62,0.4,64.11,635.51,2,1
674.41,0.2,139.41,535.0,1,1
482.03,0.0,55.11,426.92,0,1
700.68,0.4,72.73,627.95,2,1
703.21,0.4,113.08,590.13,2,1
737.08,0.4,109.14,627.95,2,1
746.6,0.4,118.65,627.95,2,1
532.52,0.0,60.22,472.31,0,1
574.62,0.2,39.62,535.0,1,1
748.06,0.4,127.68,620.38,2,1
967.28,1.0,113.43,853.85,5,1
868.49,0.6,132.46,736.03,3,1
1015.3,1.0,138.76,876.54,5,1
663.23,0.4,50.41,612.82,2,1
687.9,0.4,67.51,620.38,2,1
511.99,0.0,54.81,457.18,0,1
532.07,0.0,67.32,464.74,0,1
712.02,0.4,53.81,658.21,2,1
953.81,0.6,225.35,728.46,3,1
627.77,0.2,62.51,565.26,1,1
557.28,0.0,92.54,464.74,0,1
496.32,0.0,46.7,449.62,0,1
683.86,0.4,108.86,575.0,2,1
766.47,0.4,146.08,620.38,2,1
653.44,0.2,133.57,519.87,1,1
686.3,0.4,65.92,620.38,2,1
825.63,0.6,119.86,705.77,3,1
524.35,0.0,74.73,449.62,0,1
633.29,0.2,83.16,550.13,1,1
894.9,0.6,189.14,705.77,3,1
845.57,0.6,124.68,720.9,3,1
747.79,0.6,79.84,667.95,3,1
764.99,0.4,114.35,650.64,2,1
594.41,0.2,59.41,535.0,1,1
1105.32,1.2,181.22,924.1,6,1
730.0,0.4,86.92,643.08,2,1
827.59,0.6,84.0,743.59,3,1
