"Total_Cost","Ratio_Reloc_Prod","Horiz_Cost","Vert_Cost","nReloc","non_Optimal"
229739.39,0.466,34709.53,195029.94,699,300
551.36,0.0,79.05,472.31,0,1
816.4,0.6,72.81,743.59,3,1
891.4,0.6,155.38,736.03,3,1
648.09,0.2,82.84,565.26,1,1
674.94,0.4,84.81,590.13,2,1
851.47,0.6,130.57,720.9,3,1
655.1,0.2,104.97,550.13,1,1
728.02,0.2,170.32,557.69,1,1
663.83,0.0,206.65,457.18,0,1
745.29,0.4,94.65,650.64,2,1
922.1,0.8,130.95,791.15,4,1
843.79,0.6,130.46,713.33,3,1
627.69,0.2,62.43,565.26,1,1
538.18,0.0,88.57,449.62,0,1
916.0,0.6,172.41,743.59,3,1
802.94,0.6,66.92,736.03,3,1
1058.71,1.0,212.43,846.28,5,1
551.78,0.0,102.16,449.62,0,1
565.72,0.0,100.97,464.74,0,1
803.43,0.4,167.92,635.51,2,1
555.55,0.0,83.24,472.31,0,1
689.72,0.2,139.59,550.13,1,1
699.25,0.4,139.38,559.87,2,1
902.9,0.8,96.62,806.28,4,1
1062.67,1.0,239.08,823.59,5,1
908.18,0.8,109.46,798.72,4,1
819.81,0.6,144.3,675.51,3,1
923.56,0.8,139.97,783.59,4,1
512.58,0.0,55.41,457.18,0,1
580.35,0.2,52.92,527.44,1,1
563.82,0.0,83.95,479.87,0,1
1047.59,0.8,195.92,851.67,4,1
1015.04,0.8,216.32,798.72,4,1
765.24,0.4,122.16,643.08,2,1
649.59,0.2,99.46,550.13,1,1
612.84,0.4,45.41,567.44,2,1
609.75,0.2,59.62,550.13,1,1
755.03,0.4,127.08,627.95,2,1
1085.42,1.2,146.19,939.23,6,1
549.5,0.2,52.32,497.18,1,1
972.19,1.0,95.65,876.54,5,1
674.23,0.2,108.97,565.26,1,1
521.26,0.0,71.65,449.62,0,1
501.64,0.0,52.03,449.62,0,1
1165.51,1.2,196.03,969.49,6,1
487.62,0.0,38.0,449.62,0,1
733.24,0.4,97.73,635.51,2,1
975.41,0.8,161.57,813.85,4,1
610.08,0.2,67.51,542.56,1,1
605.65,0.0,163.59,442.05,0,1
696.53,0.4,98.84,597.69,2,1
756.15,0.6,65.51,690.64,3,1
873.95,0.8,113.05,760.9,4,1
784.05,0.4,140.97,643.08,2,1
862.35,0.8,86.32,776.03,4,1
738.22,0.4,110.27,627.95,2,1
770.96,0.4,112.76,658.21,2,1
539.44,0.0,67.14,472.31,0,1
545.77,0.0,81.03,464.74,0,1
698.8,0.4,93.54,605.26,2,1
495.99,0.0,38.81,457.18,0,1
989.85,1.0,143.57,846.28,5,1
708.27,0.4,80.32,627.95,2,1
1048.28,1.0,149.05,899.23,5,1
645.4,0.4,47.7,597.69,2,1
724.23,0.4,118.97,605.26,2,1
750.12,0.6,104.86,645.26,3,1
848.79,0.4,220.84,627.95,2,1
676.23,0.4,63.41,612.82,2,1
462.87,0.0,43.51,419.36,0,1
600.68,0.4,40.81,559.87,2,1
795.11,0.6,74.22,720.9,3,1
583.74,0.2,71.43,512.31,1,1
1155.23,1.2,276.51,878.72,6,1
888.13,0.8,104.54,783.59,4,1
610.88,0.0,153.7,457.18,0,1
677.12,0.2,111.86,565.26,1,1
908.34,0.8,109.62,798.72,4,1
642.1,0.2,84.41,557.69,1,1
899.73,0.6,163.7,736.03,3,1
806.48,0.4,148.27,658.21,2,1
560.53,0.0,103.35,457.18,0,1
681.83,0.4,84.14,597.69,2,1
933.82,0.8,172.92,760.9,4,1
847.36,0.6,126.46,720.9,3,1
1100.5,1.2,168.84,931.67,6,1
958.31,0.8,159.59,798.72,4,1
792.15,0.6,93.95,698.21,3,1
727.3,0.4,99.35,627.95,2,1
734.21,0.4,91.14,643.08,2,1
708.01,0.4,87.62,620.38,2,1
963.15,1.0,116.86,846.28,5,1
683.47,0.4,78.22,605.26,2,1
1010.89,0.8,166.78,844.1,4,1
1039.63,1.0,178.22,861.41,5,1
637.53,0.2,79.84,557.69,1,1
794.71,0.4,174.32,620.38,2,1
1117.37,1.2,185.7,931.67,6,1
491.99,0.0,34.81,457.18,0,1
481.27,0.0,39.22,442.05,0,1
941.05,0.8,149.89,791.15,4,1
812.3,0.6,83.84,728.46,3,1
844.67,0.6,108.65,736.03,3,1
842.22,0.6,113.76,728.46,3,1
609.03,0.2,74.03,535.0,1,1
560.68,0.0,80.81,479.87,0,1
866.81,0.6,138.35,728.46,3,1
516.09,0.0,89.16,426.92,0,1
703.2,0.4,82.81,620.38,2,1
742.24,0.4,106.73,635.51,2,1
1137.79,1.2,191.0,946.79,6,1
683.82,0.2,118.57,565.26,1,1
747.91,0.4,104.84,643.08,2,1
654.46,0.2,119.46,535.0,1,1
835.73,0.6,160.22,675.51,3,1
811.1,0.6,120.46,690.64,3,1
632.89,0.2,90.32,542.56,1,1
706.06,0.4,93.24,612.82,2,1
921.86,0.8,138.27,783.59,4,1
539.23,0.0,66.92,472.31,0,1
617.64,0.2,67.51,550.13,1,1
1086.58,1.2,192.73,893.85,6,1
750.89,0.4,122.95,627.95,2,1
997.2,1.0,143.35,853.85,5,1
867.92,0.6,139.46,728.46,3,1
1115.89,1.2,206.92,908.97,6,1
1001.44,0.8,187.59,813.85,4,1
577.77,0.0,105.46,472.31,0,1
686.0,0.4,118.57,567.44,2,1
744.48,0.2,194.35,550.13,1,1
913.62,0.8,145.16,768.46,4,1
600.3,0.2,80.43,519.87,1,1
658.76,0.4,83.76,575.0,2,1
663.38,0.2,128.38,535.0,1,1
706.37,0.4,116.24,590.13,2,1
1032.45,0.8,241.3,791.15,4,1
554.9,0.0,75.03,479.87,0,1
686.72,0.4,81.46,605.26,2,1
800.0,0.6,132.05,667.95,3,1
660.23,0.2,102.54,557.69,1,1
812.64,0.6,114.43,698.21,3,1
610.51,0.4,35.51,575.0,2,1
582.41,0.2,47.41,535.0,1,1
776.19,0.4,140.68,635.51,2,1
641.02,0.2,98.46,542.56,1,1
787.01,0.4,121.24,665.77,2,1
777.99,0.6,87.35,690.64,3,1
1134.04,1.2,194.81,939.23,6,1
771.54,0.4,143.59,627.95,2,1
621.89,0.2,79.32,542.56,1,1
614.98,0.2,87.54,527.44,1,1
613.22,0.2,78.22,535.0,1,1
917.95,0.8,149.49,768.46,4,1
644.55,0.2,71.73,572.82,1,1
720.51,0.4,77.43,643.08,2,1
558.23,0.2,45.92,512.31,1,1
534.37,0.0,69.62,464.74,0,1
1015.79,0.8,201.95,813.85,4,1
728.09,0.4,115.27,612.82,2,1
902.51,0.6,166.49,736.03,3,1
1120.14,1.2,165.78,954.36,6,1
615.75,0.2,65.62,550.13,1,1
762.4,0.4,111.76,650.64,2,1
869.4,0.6,118.24,751.15,3,1
1033.34,1.0,194.62,838.72,5,1
810.05,0.6,126.97,683.08,3,1
687.71,0.4,67.32,620.38,2,1
737.05,0.4,101.54,635.51,2,1
637.81,0.2,95.24,542.56,1,1
1000.17,1.0,153.89,846.28,5,1
622.72,0.2,65.03,557.69,1,1
821.18,0.6,122.97,698.21,3,1
927.94,0.8,144.35,783.59,4,1
674.71,0.2,94.32,580.38,1,1
890.14,0.8,121.68,768.46,4,1
609.91,0.2,52.22,557.69,1,1
775.98,0.4,102.65,673.33,2,1
558.25,0.0,85.95,472.31,0,1
716.91,0.4,111.65,605.26,2,1
899.79,0.6,171.32,728.46,3,1
668.45,0.2,110.76,557.69,1,1
810.88,0.6,120.24,690.64,3,1
547.67,0.0,98.05,449.62,0,1
837.5,0.6,124.16,713.33,3,1
892.04,0.8,93.32,798.72,4,1
845.09,0.6,131.76,713.33,3,1
850.99,0.6,99.84,751.15,3,1
846.38,0.6,110.35,736.03,3,1
541.07,0.0,76.32,464.74,0,1
724.48,0.4,126.78,597.69,2,1
928.4,1.0,97.24,831.15,5,1
539.13,0.0,81.95,457.18,0,1
909.77,0.8,164.0,745.77,4,1
881.54,0.8,97.95,783.59,4,1
650.31,0.4,52.62,597.69,2,1
669.17,0.2,96.35,572.82,1,1
730.29,0.4,87.22,643.08,2,1
741.47,0.4,121.08,620.38,2,1
630.31,0.2,72.62,557.69,1,1
783.98,0.4,163.59,620.38,2,1
875.32,0.8,144.68,730.64,4,1
768.59,0.4,117.95,650.64,2,1
700.63,0.2,135.38,565.26,1,1
627.6,0.2,100.16,527.44,1,1
566.58,0.0,101.84,464.74,0,1
879.74,0.8,133.97,745.77,4,1
890.95,0.6,177.62,713.33,3,1
907.08,0.6,178.62,728.46,3,1
901.2,0.8,94.92,806.28,4,1
872.17,0.6,166.41,705.77,3,1
743.47,0.2,178.22,565.26,1,1
869.14,0.6,140.68,728.46,3,1
797.66,0.6,99.46,698.21,3,1
518.18,0.0,61.0,457.18,0,1
882.57,0.6,154.11,728.46,3,1
884.5,0.8,131.16,753.33,4,1
661.07,0.4,55.81,605.26,2,1
507.02,0.0,57.41,449.62,0,1
474.63,0.0,47.7,426.92,0,1
667.0,0.4,84.43,582.56,2,1
752.97,0.4,117.46,635.51,2,1
764.31,0.4,151.49,612.82,2,1
608.85,0.2,96.54,512.31,1,1
731.81,0.4,88.73,643.08,2,1
1153.54,1.2,244.57,908.97,6,1
569.2,0.2,49.32,519.87,1,1
899.41,1.0,90.95,808.46,5,1
461.19,0.0,26.7,434.49,0,1
1014.11,1.0,137.57,876.54,5,1
793.93,0.4,128.16,665.77,2,1
753.55,0.4,133.16,620.38,2,1
737.54,0.4,102.03,635.51,2,1
712.98,0.4,85.03,627.95,2,1
858.79,0.8,90.32,768.46,4,1
830.58,0.6,117.24,713.33,3,1
798.06,0.4,170.11,627.95,2,1
517.48,0.0,75.43,442.05,0,1
1097.91,1.4,126.24,971.67,7,1
490.58,0.0,33.41,457.18,0,1
671.94,0.4,81.81,590.13,2,1
834.66,0.6,136.46,698.21,3,1
666.06,0.4,38.11,627.95,2,1
986.57,1.0,110.03,876.54,5,1
1107.99,1.2,183.89,924.1,6,1
1062.03,1.0,147.68,914.36,5,1
729.89,0.4,101.95,627.95,2,1
749.7,0.4,99.05,650.64,2,1
684.61,0.2,134.49,550.13,1,1
1057.41,1.0,188.43,868.97,5,1
686.27,0.4,58.32,627.95,2,1
1082.29,1.0,243.57,838.72,5,1
717.65,0.4,82.14,635.51,2,1
665.08,0.2,130.08,535.0,1,1
536.63,0.0,64.32,472.31,0,1
706.63,0.2,141.38,565.26,1,1
791.01,0.4,170.62,620.38,2,1
983.77,1.0,145.05,838.72,5,1
698.2,0.4,92.95,605.26,2,1
993.5,1.0,154.78,838.72,5,1
834.39,0.6,121.05,713.33,3,1
780.6,0.4,160.22,620.38,2,1
548.68,0.0,68.81,479.87,0,1
737.16,0.4,101.65,635.51,2,1
567.38,0.0,79.95,487.44,0,1
494.43,0.0,44.81,449.62,0,1
1013.38,1.2,96.84,916.54,6,1
625.34,0.2,75.22,550.13,1,1
747.85,0.4,142.59,605.26,2,1
929.2,0.8,115.35,813.85,4,1
687.27,0.2,91.76,595.51,1,1
726.93,0.4,121.68,605.26,2,1
962.58,0.8,156.3,806.28,4,1
1109.19,1.2,147.27,961.92,6,1
491.53,0.0,41.92,449.62,0,1
761.97,0.4,126.46,635.51,2,1
686.47,0.4,81.22,605.26,2,1
888.38,0.8,112.35,776.03,4,1
1002.31,0.8,196.03,806.28,4,1
1042.69,1.0,143.46,899.23,5,1
810.26,0.4,144.49,665.77,2,1
822.33,0.6,101.43,720.9,3,1
640.83,0.2,83.14,557.69,1,1
692.52,0.4,72.14,620.38,2,1
689.61,0.2,139.49,550.13,1,1
626.56,0.4,44.0,582.56,2,1
611.24,0.2,76.24,535.0,1,1
627.51,0.2,84.95,542.56,1,1
613.83,0.0,164.22,449.62,0,1
964.0,0.8,180.41,783.59,4,1
891.57,0.8,115.54,776.03,4,1
572.31,0.0,107.57,464.74,0,1
1004.42,0.8,198.14,806.28,4,1
747.06,0.4,126.68,620.38,2,1
904.74,0.6,183.84,720.9,3,1
746.95,0.4,126.57,620.38,2,1
770.05,0.2,227.49,542.56,1,1
815.1,0.4,156.89,658.21,2,1
804.78,0.4,161.7,643.08,2,1
648.73,0.2,106.16,542.56,1,1
886.81,0.6,150.78,736.03,3,1
