"Total_Cost","Ratio_Reloc_Prod","Horiz_Cost","Vert_Cost","nReloc","non_Optimal"
229763.91,0.4767,33292.23,196471.75,715,300
549.25,0.0,76.95,472.31,0,1
830.18,0.6,79.03,751.15,3,1
874.78,0.6,138.76,736.03,3,1
656.8,0.2,91.54,565.26,1,1
696.04,0.4,83.22,612.82,2,1
872.43,0.6,143.97,728.46,3,1
658.1,0.2,107.97,550.13,1,1
654.83,0.2,112.27,542.56,1,1
575.42,0.0,118.24,457.18,0,1
752.75,0.4,94.54,658.21,2,1
889.0,0.8,120.54,768.46,4,1
827.63,0.6,121.86,705.77,3,1
624.58,0.2,59.32,565.26,1,1
529.78,0.0,80.16,449.62,0,1
859.14,0.6,130.68,728.46,3,1
835.08,0.6,99.05,736.03,3,1
1040.74,1.0,186.89,853.85,5,1
509.83,0.0,60.22,449.62,0,1
563.12,0.0,98.38,464.74,0,1
735.38,0.4,99.86,635.51,2,1
516.1,0.0,58.92,457.18,0,1
688.43,0.2,138.3,550.13,1,1
718.63,0.4,151.19,567.44,2,1
862.1,0.8,78.51,783.59,4,1
1078.69,1.0,239.97,838.72,5,1
908.18,0.8,109.46,798.72,4,1
805.35,0.6,122.27,683.08,3,1
873.29,0.8,89.7,783.59,4,1
530.47,0.0,65.73,464.74,0,1
650.74,0.2,77.92,572.82,1,1
553.88,0.0,89.14,464.74,0,1
996.77,0.8,182.92,813.85,4,1
1026.31,0.8,220.03,806.28,4,1
765.24,0.4,122.16,643.08,2,1
607.59,0.2,65.03,542.56,1,1
617.22,0.4,42.22,575.0,2,1
626.18,0.2,60.92,565.26,1,1
840.39,0.6,142.19,698.21,3,1
879.03,0.6,143.0,736.03,3,1
550.21,0.2,53.03,497.18,1,1
909.49,0.8,95.65,813.85,4,1
680.82,0.2,115.57,565.26,1,1
488.76,0.0,61.84,426.92,0,1
492.43,0.0,42.81,449.62,0,1
1134.63,1.2,172.7,961.92,6,1
483.41,0.0,48.92,434.49,0,1
737.1,0.4,94.03,643.08,2,1
982.12,0.8,168.27,813.85,4,1
611.45,0.2,61.32,550.13,1,1
587.16,0.0,152.68,434.49,0,1
715.72,0.4,110.46,605.26,2,1
716.24,0.4,80.73,635.51,2,1
858.84,0.8,97.95,760.9,4,1
781.35,0.4,138.27,643.08,2,1
862.35,0.8,86.32,776.03,4,1
694.34,0.2,129.08,565.26,1,1
744.54,0.4,101.46,643.08,2,1
731.48,0.4,80.84,650.64,2,1
553.33,0.0,81.03,472.31,0,1
648.94,0.2,91.24,557.69,1,1
482.16,0.0,40.11,442.05,0,1
863.03,0.8,102.14,760.9,4,1
662.61,0.4,64.92,597.69,2,1
1029.45,1.0,145.35,884.1,5,1
645.4,0.4,47.7,597.69,2,1
726.23,0.4,120.97,605.26,2,1
665.9,0.4,98.46,567.44,2,1
1075.26,1.0,236.54,838.72,5,1
672.26,0.4,67.0,605.26,2,1
473.03,0.0,46.11,426.92,0,1
638.57,0.4,71.14,567.44,2,1
743.86,0.6,53.22,690.64,3,1
599.53,0.2,102.35,497.18,1,1
1085.41,1.2,184.0,901.41,6,1
822.44,0.6,101.54,720.9,3,1
558.78,0.0,109.16,449.62,0,1
731.51,0.4,88.43,643.08,2,1
893.34,0.8,94.62,798.72,4,1
616.78,0.2,74.22,542.56,1,1
955.15,0.8,164.0,791.15,4,1
804.37,0.4,146.16,658.21,2,1
557.83,0.0,100.65,457.18,0,1
606.29,0.2,63.73,542.56,1,1
846.62,0.6,118.16,728.46,3,1
780.13,0.4,129.49,650.64,2,1
971.44,1.0,110.03,861.41,5,1
1171.84,1.2,209.92,961.92,6,1
800.28,0.6,86.95,713.33,3,1
828.34,0.6,122.57,705.77,3,1
642.48,0.2,92.35,550.13,1,1
615.56,0.2,65.43,550.13,1,1
908.34,0.8,102.05,806.28,4,1
648.27,0.4,65.7,582.56,2,1
1022.73,1.0,146.19,876.54,5,1
872.35,0.6,143.89,728.46,3,1
815.17,0.6,101.84,713.33,3,1
769.46,0.4,126.38,643.08,2,1
949.94,0.8,158.78,791.15,4,1
478.75,0.0,36.7,442.05,0,1
690.16,0.4,62.22,627.95,2,1
780.32,0.4,144.81,635.51,2,1
869.99,0.8,78.84,791.15,4,1
751.59,0.4,100.95,650.64,2,1
926.04,0.8,119.76,806.28,4,1
653.09,0.2,87.84,565.26,1,1
575.41,0.0,95.54,479.87,0,1
808.1,0.6,117.46,690.64,3,1
623.63,0.2,103.76,519.87,1,1
664.5,0.4,66.81,597.69,2,1
741.05,0.4,105.54,635.51,2,1
1052.41,1.0,191.0,861.41,5,1
884.11,0.8,115.65,768.46,4,1
717.77,0.4,104.95,612.82,2,1
882.48,0.8,91.32,791.15,4,1
872.59,0.6,181.95,690.64,3,1
814.8,0.6,124.16,690.64,3,1
680.42,0.4,82.73,597.69,2,1
681.66,0.2,108.84,572.82,1,1
846.1,0.6,147.89,698.21,3,1
508.53,0.0,58.92,449.62,0,1
761.78,0.4,111.14,650.64,2,1
834.05,0.6,143.41,690.64,3,1
585.36,0.0,113.05,472.31,0,1
741.62,0.4,98.54,643.08,2,1
612.22,0.2,77.22,535.0,1,1
968.28,1.0,114.43,853.85,5,1
863.52,0.6,135.05,728.46,3,1
543.18,0.0,78.43,464.74,0,1
610.6,0.2,83.16,527.44,1,1
643.0,0.2,115.57,527.44,1,1
863.34,0.6,172.7,690.64,3,1
671.99,0.4,66.73,605.26,2,1
729.45,0.4,124.19,605.26,2,1
845.19,0.8,129.68,715.51,4,1
655.32,0.2,112.76,542.56,1,1
983.25,0.8,169.41,813.85,4,1
527.77,0.0,63.03,464.74,0,1
750.89,0.6,82.95,667.95,3,1
851.22,0.8,143.27,707.95,4,1
644.26,0.2,94.14,550.13,1,1
630.64,0.2,80.51,550.13,1,1
655.74,0.4,42.92,612.82,2,1
675.01,0.4,54.62,620.38,2,1
804.42,0.4,153.78,650.64,2,1
808.01,0.6,102.24,705.77,3,1
762.64,0.4,104.43,658.21,2,1
861.65,0.8,100.76,760.9,4,1
944.79,0.6,231.46,713.33,3,1
1208.2,1.4,168.46,1039.74,7,1
630.75,0.2,80.62,550.13,1,1
872.24,0.6,128.65,743.59,3,1
640.51,0.2,97.95,542.56,1,1
1045.33,1.0,183.92,861.41,5,1
719.55,0.4,99.16,620.38,2,1
650.42,0.4,52.73,597.69,2,1
529.77,0.0,65.03,464.74,0,1
694.85,0.2,129.59,565.26,1,1
1129.19,1.2,212.65,916.54,6,1
635.16,0.2,100.16,535.0,1,1
993.32,0.8,209.73,783.59,4,1
1204.75,1.4,187.7,1017.05,7,1
623.02,0.2,65.32,557.69,1,1
716.51,0.4,73.43,643.08,2,1
883.04,0.8,84.32,798.72,4,1
883.37,0.6,192.73,690.64,3,1
907.17,0.8,146.27,760.9,4,1
654.11,0.2,73.73,580.38,1,1
546.31,0.0,89.14,457.18,0,1
524.44,0.0,105.08,419.36,0,1
1091.15,1.2,144.35,946.79,6,1
538.42,0.0,81.24,457.18,0,1
1133.95,1.2,179.59,954.36,6,1
1005.42,1.0,98.62,906.79,5,1
794.58,0.4,136.38,658.21,2,1
996.95,1.0,127.97,868.97,5,1
561.87,0.0,74.43,487.44,0,1
855.89,0.6,119.86,736.03,3,1
524.7,0.0,82.65,442.05,0,1
780.46,0.4,137.38,643.08,2,1
961.62,0.8,178.03,783.59,4,1
605.27,0.2,77.84,527.44,1,1
712.06,0.4,99.24,612.82,2,1
735.14,0.4,114.76,620.38,2,1
992.32,1.0,108.22,884.1,5,1
861.24,0.6,117.65,743.59,3,1
785.93,0.4,120.16,665.77,2,1
806.8,0.6,116.16,690.64,3,1
667.23,0.4,54.41,612.82,2,1
505.08,0.0,63.03,442.05,0,1
850.84,0.8,89.95,760.9,4,1
1023.71,1.0,162.3,861.41,5,1
810.01,0.6,104.24,705.77,3,1
891.55,0.8,145.78,745.77,4,1
962.29,1.0,123.57,838.72,5,1
590.06,0.2,62.62,527.44,1,1
735.02,0.4,91.95,643.08,2,1
1031.81,1.0,155.27,876.54,5,1
702.72,0.4,97.46,605.26,2,1
680.12,0.4,82.43,597.69,2,1
847.98,0.6,134.65,713.33,3,1
775.3,0.4,154.92,620.38,2,1
764.29,0.4,113.65,650.64,2,1
677.26,0.2,119.57,557.69,1,1
473.58,0.0,54.22,419.36,0,1
613.46,0.2,86.03,527.44,1,1
707.2,0.4,101.95,605.26,2,1
1268.76,1.4,259.27,1009.49,7,1
722.91,0.4,132.78,590.13,2,1
725.76,0.4,90.24,635.51,2,1
936.57,0.8,168.11,768.46,4,1
885.54,0.6,157.08,728.46,3,1
728.65,0.4,93.14,635.51,2,1
803.2,0.6,97.43,705.77,3,1
488.83,0.0,39.22,449.62,0,1
730.04,0.4,124.78,605.26,2,1
1085.63,1.2,184.22,901.41,6,1
764.77,0.4,106.57,658.21,2,1
560.28,0.0,95.54,464.74,0,1
479.92,0.0,53.0,426.92,0,1
873.96,0.8,82.81,791.15,4,1
650.64,0.2,92.95,557.69,1,1
714.69,0.4,101.86,612.82,2,1
972.71,1.0,118.86,853.85,5,1
777.26,0.4,119.05,658.21,2,1
881.98,0.6,161.08,720.9,3,1
469.44,0.0,42.51,426.92,0,1
1104.9,1.2,142.97,961.92,6,1
651.5,0.4,53.81,597.69,2,1
1101.95,1.0,187.59,914.36,5,1
846.57,0.6,110.54,736.03,3,1
941.11,0.8,165.08,776.03,4,1
673.7,0.2,123.57,550.13,1,1
646.69,0.2,81.43,565.26,1,1
679.63,0.4,66.81,612.82,2,1
738.35,0.4,102.84,635.51,2,1
871.0,0.6,134.97,736.03,3,1
560.55,0.2,55.81,504.74,1,1
1002.0,1.2,93.03,908.97,6,1
505.99,0.0,48.81,457.18,0,1
663.26,0.2,113.14,550.13,1,1
836.03,0.6,115.14,720.9,3,1
697.03,0.4,61.51,635.51,2,1
846.57,0.6,110.54,736.03,3,1
1179.89,1.2,210.41,969.49,6,1
861.82,0.6,148.49,713.33,3,1
720.95,0.4,85.43,635.51,2,1
637.56,0.2,87.43,550.13,1,1
845.42,0.6,154.78,690.64,3,1
989.51,0.8,152.97,836.54,4,1
552.2,0.0,72.32,479.87,0,1
955.91,0.8,157.19,798.72,4,1
724.81,0.4,81.73,643.08,2,1
871.54,0.6,143.08,728.46,3,1
553.04,0.0,80.73,472.31,0,1
722.1,0.2,164.41,557.69,1,1
706.8,0.4,116.68,590.13,2,1
940.71,0.8,179.81,760.9,4,1
577.84,0.2,50.41,527.44,1,1
777.88,0.6,87.24,690.64,3,1
909.55,0.8,88.14,821.41,4,1
1054.6,1.0,185.62,868.97,5,1
705.16,0.4,77.22,627.95,2,1
675.76,0.2,87.81,587.95,1,1
521.18,0.0,64.0,457.18,0,1
458.17,0.0,38.81,419.36,0,1
772.33,0.6,111.95,660.38,3,1
710.43,0.4,74.92,635.51,2,1
850.48,0.8,112.27,738.21,4,1
1009.98,0.8,196.14,813.85,4,1
496.27,0.0,54.22,442.05,0,1
853.3,0.8,84.84,768.46,4,1
900.91,0.6,149.76,751.15,3,1
838.43,0.6,94.84,743.59,3,1
533.23,0.0,60.92,472.31,0,1
849.72,0.6,151.51,698.21,3,1
550.5,0.0,93.32,457.18,0,1
970.69,1.0,131.97,838.72,5,1
1148.13,1.0,256.46,891.67,5,1
1016.63,0.8,195.22,821.41,4,1
821.39,0.6,108.05,713.33,3,1
754.9,0.4,89.14,665.77,2,1
716.77,0.4,103.95,612.82,2,1
627.02,0.2,69.32,557.69,1,1
692.33,0.4,79.51,612.82,2,1
666.44,0.2,93.62,572.82,1,1
1027.4,1.2,95.73,931.67,6,1
472.95,0.0,46.03,426.92,0,1
653.53,0.0,196.35,457.18,0,1
905.55,0.8,159.78,745.77,4,1
725.33,0.4,104.95,620.38,2,1
781.75,0.4,138.68,643.08,2,1
718.12,0.6,80.43,637.69,3,1
605.74,0.2,85.86,519.87,1,1
676.42,0.2,111.16,565.26,1,1
654.68,0.4,87.24,567.44,2,1
1077.49,1.0,208.51,868.97,5,1
713.28,0.2,132.89,580.38,1,1
763.54,0.4,120.46,643.08,2,1
950.84,0.8,121.86,828.97,4,1
752.36,0.4,131.97,620.38,2,1
