"Total_Cost","Ratio_Reloc_Prod","Horiz_Cost","Vert_Cost","nReloc","non_Optimal"
229969.16,0.4687,34045.56,195923.71,703,300
549.25,0.0,76.95,472.31,0,1
830.18,0.6,79.03,751.15,3,1
874.78,0.6,138.76,736.03,3,1
656.8,0.2,91.54,565.26,1,1
696.04,0.4,83.22,612.82,2,1
872.43,0.6,143.97,728.46,3,1
658.1,0.2,107.97,550.13,1,1
713.7,0.2,171.14,542.56,1,1
611.02,0.0,161.41,449.62,0,1
845.83,0.6,102.24,743.59,3,1
912.13,0.8,128.54,783.59,4,1
825.34,0.6,119.57,705.77,3,1
632.09,0.2,66.84,565.26,1,1
530.07,0.0,80.46,449.62,0,1
915.0,0.6,171.41,743.59,3,1
802.65,0.6,66.62,736.03,3,1
1050.55,1.0,196.7,853.85,5,1
502.86,0.0,60.81,442.05,0,1
568.53,0.0,103.78,464.74,0,1
794.54,0.4,159.03,635.51,2,1
520.7,0.0,78.65,442.05,0,1
688.43,0.2,138.3,550.13,1,1
718.63,0.4,151.19,567.44,2,1
909.87,0.8,96.03,813.85,4,1
1062.67,1.0,239.08,823.59,5,1
908.18,0.8,109.46,798.72,4,1
805.35,0.6,122.27,683.08,3,1
879.7,0.8,96.11,783.59,4,1
516.8,0.0,59.62,457.18,0,1
635.88,0.2,70.62,565.26,1,1
547.18,0.0,82.43,464.74,0,1
1004.33,0.8,182.92,821.41,4,1
1015.04,0.8,216.32,798.72,4,1
768.24,0.4,125.16,643.08,2,1
607.59,0.2,65.03,542.56,1,1
617.22,0.4,42.22,575.0,2,1
626.18,0.2,60.92,565.26,1,1
885.54,0.6,157.08,728.46,3,1
945.17,0.8,138.89,806.28,4,1
550.21,0.2,53.03,497.18,1,1
976.19,1.0,99.65,876.54,5,1
668.07,0.2,110.38,557.69,1,1
488.76,0.0,61.84,426.92,0,1
492.43,0.0,42.81,449.62,0,1
1154.84,1.2,192.92,961.92,6,1
508.15,0.0,43.41,464.74,0,1
718.98,0.4,91.03,627.95,2,1
952.39,0.8,138.54,813.85,4,1
586.32,0.2,51.32,535.0,1,1
585.87,0.0,151.38,434.49,0,1
718.67,0.4,120.97,597.69,2,1
698.76,0.4,70.81,627.95,2,1
866.14,0.8,105.24,760.9,4,1
780.64,0.4,137.57,643.08,2,1
869.91,0.8,86.32,783.59,4,1
674.77,0.2,117.08,557.69,1,1
784.23,0.4,118.46,665.77,2,1
722.21,0.4,79.14,643.08,2,1
553.33,0.0,81.03,472.31,0,1
657.23,0.2,99.54,557.69,1,1
482.16,0.0,40.11,442.05,0,1
863.03,0.8,102.14,760.9,4,1
689.04,0.4,76.22,612.82,2,1
936.07,0.8,137.35,798.72,4,1
652.96,0.4,47.7,605.26,2,1
726.23,0.4,120.97,605.26,2,1
608.06,0.2,95.76,512.31,1,1
1028.69,0.8,237.54,791.15,4,1
709.06,0.4,81.11,627.95,2,1
486.49,0.0,52.0,434.49,0,1
637.46,0.4,70.03,567.44,2,1
685.52,0.4,65.14,620.38,2,1
569.26,0.2,64.51,504.74,1,1
1142.36,1.2,256.08,886.28,6,1
892.83,0.8,109.24,783.59,4,1
610.88,0.0,153.7,457.18,0,1
674.2,0.2,108.95,565.26,1,1
893.34,0.8,94.62,798.72,4,1
617.78,0.2,75.22,542.56,1,1
895.73,0.6,159.7,736.03,3,1
872.62,0.6,144.16,728.46,3,1
542.37,0.0,92.76,449.62,0,1
711.36,0.4,98.54,612.82,2,1
848.34,0.6,142.57,705.77,3,1
846.87,0.6,125.97,720.9,3,1
955.32,0.8,164.16,791.15,4,1
936.72,0.8,145.57,791.15,4,1
717.62,0.4,74.54,643.08,2,1
820.23,0.6,114.46,705.77,3,1
914.93,0.8,108.65,806.28,4,1
704.22,0.4,83.84,620.38,2,1
1074.05,1.2,142.38,931.67,6,1
584.11,0.2,49.11,535.0,1,1
1021.57,1.0,152.59,868.97,5,1
879.46,0.6,151.0,728.46,3,1
735.21,0.4,92.14,643.08,2,1
841.18,0.4,190.54,650.64,2,1
970.86,0.8,179.7,791.15,4,1
487.02,0.0,37.41,449.62,0,1
671.3,0.4,50.92,620.38,2,1
837.36,0.6,131.59,705.77,3,1
727.15,0.4,68.95,658.21,2,1
741.32,0.4,98.24,643.08,2,1
921.18,0.8,122.46,798.72,4,1
680.41,0.2,100.03,580.38,1,1
550.52,0.0,78.22,472.31,0,1
957.31,0.8,143.46,813.85,4,1
626.74,0.2,106.86,519.87,1,1
655.13,0.4,65.0,590.13,2,1
825.28,0.6,111.95,713.33,3,1
1004.0,0.8,182.59,821.41,4,1
700.58,0.2,127.76,572.82,1,1
821.77,0.6,108.43,713.33,3,1
917.91,0.8,126.76,791.15,4,1
1086.55,1.2,185.14,901.41,6,1
576.55,0.0,104.24,472.31,0,1
607.87,0.2,80.43,527.44,1,1
519.75,0.0,70.14,449.62,0,1
748.76,0.4,128.38,620.38,2,1
487.46,0.0,45.41,442.05,0,1
716.08,0.4,88.14,627.95,2,1
808.51,0.6,117.86,690.64,3,1
825.01,0.6,119.24,705.77,3,1
893.11,0.6,157.08,736.03,3,1
735.79,0.4,107.84,627.95,2,1
908.35,0.8,139.89,768.46,4,1
857.21,0.6,159.0,698.21,3,1
524.35,0.0,74.73,449.62,0,1
602.25,0.2,89.95,512.31,1,1
734.96,0.4,137.27,597.69,2,1
865.64,0.6,175.0,690.64,3,1
586.46,0.2,59.03,527.44,1,1
618.55,0.2,98.68,519.87,1,1
561.15,0.0,103.97,457.18,0,1
668.64,0.2,110.95,557.69,1,1
971.95,0.8,158.11,813.85,4,1
531.71,0.0,59.41,472.31,0,1
763.0,0.6,95.05,667.95,3,1
977.84,1.0,169.38,808.46,5,1
660.72,0.2,103.03,557.69,1,1
772.95,0.6,97.43,675.51,3,1
635.21,0.4,37.51,597.69,2,1
675.01,0.4,54.62,620.38,2,1
793.16,0.4,150.08,643.08,2,1
792.45,0.6,94.24,698.21,3,1
762.64,0.4,104.43,658.21,2,1
800.12,0.6,94.35,705.77,3,1
947.26,0.6,241.49,705.77,3,1
778.35,0.4,150.41,627.95,2,1
694.41,0.4,74.03,620.38,2,1
928.23,0.6,169.51,758.72,3,1
608.92,0.2,73.92,535.0,1,1
1151.28,1.2,196.92,954.36,6,1
860.25,0.6,131.78,728.46,3,1
662.42,0.2,97.16,565.26,1,1
589.6,0.2,69.73,519.87,1,1
748.64,0.4,90.43,658.21,2,1
986.29,0.8,195.14,791.15,4,1
672.42,0.2,107.16,565.26,1,1
856.72,0.6,166.08,690.64,3,1
970.8,0.8,164.51,806.28,4,1
762.12,0.6,63.92,698.21,3,1
712.65,0.4,77.14,635.51,2,1
883.04,0.8,84.32,798.72,4,1
1089.92,1.0,220.95,868.97,5,1
908.28,0.8,147.38,760.9,4,1
685.14,0.4,72.32,612.82,2,1
545.67,0.0,96.05,449.62,0,1
558.99,0.0,94.24,464.74,0,1
932.44,0.8,126.16,806.28,4,1
537.83,0.0,80.65,457.18,0,1
981.69,0.8,175.41,806.28,4,1
903.27,0.6,159.68,743.59,3,1
772.49,0.4,136.97,635.51,2,1
870.76,0.6,142.3,728.46,3,1
608.41,0.4,33.41,575.0,2,1
683.45,0.2,125.76,557.69,1,1
516.59,0.0,74.54,442.05,0,1
759.87,0.4,139.49,620.38,2,1
963.96,0.8,172.81,791.15,4,1
581.77,0.2,77.03,504.74,1,1
787.18,0.6,96.54,690.64,3,1
541.67,0.0,92.05,449.62,0,1
1090.49,1.2,136.14,954.36,6,1
893.56,0.8,94.84,798.72,4,1
628.7,0.2,86.14,542.56,1,1
705.54,0.4,70.03,635.51,2,1
802.38,0.6,73.92,728.46,3,1
517.35,0.0,67.73,449.62,0,1
710.06,0.4,97.24,612.82,2,1
806.3,0.6,130.78,675.51,3,1
634.37,0.2,84.24,550.13,1,1
757.71,0.4,144.89,612.82,2,1
873.62,0.8,105.16,768.46,4,1
875.16,0.8,99.14,776.03,4,1
728.05,0.4,92.54,635.51,2,1
837.24,0.6,101.22,736.03,3,1
885.63,0.8,132.3,753.33,4,1
495.86,0.0,53.81,442.05,0,1
814.23,0.6,108.46,705.77,3,1
868.2,0.6,162.43,705.77,3,1
764.64,0.4,106.43,658.21,2,1
827.21,0.6,136.57,690.64,3,1
484.54,0.0,57.62,426.92,0,1
671.5,0.2,106.24,565.26,1,1
860.6,0.6,147.27,713.33,3,1
1182.84,1.2,213.35,969.49,6,1
599.2,0.0,126.89,472.31,0,1
731.48,0.4,80.84,650.64,2,1
967.42,0.8,168.7,798.72,4,1
721.47,0.2,141.08,580.38,1,1
846.5,0.6,133.16,713.33,3,1
773.07,0.4,114.86,658.21,2,1
481.72,0.0,32.11,449.62,0,1
798.94,0.6,115.86,683.08,3,1
1127.45,1.2,188.22,939.23,6,1
813.06,0.6,92.16,720.9,3,1
895.78,0.8,119.76,776.03,4,1
636.81,0.4,61.81,575.0,2,1
666.9,0.4,99.46,567.44,2,1
919.76,0.8,151.3,768.46,4,1
879.73,0.8,111.27,768.46,4,1
741.73,0.4,113.78,627.95,2,1
655.45,0.2,97.76,557.69,1,1
945.62,0.8,169.59,776.03,4,1
563.74,0.2,51.43,512.31,1,1
895.47,1.0,102.14,793.33,5,1
575.95,0.2,48.51,527.44,1,1
1058.61,1.0,159.38,899.23,5,1
678.31,0.2,113.05,565.26,1,1
907.65,0.6,179.19,728.46,3,1
662.83,0.2,120.27,542.56,1,1
732.89,0.4,89.81,643.08,2,1
485.7,0.0,51.22,434.49,0,1
726.23,0.4,120.97,605.26,2,1
878.36,0.8,117.46,760.9,4,1
475.19,0.0,40.7,434.49,0,1
876.32,0.8,92.73,783.59,4,1
507.99,0.0,50.81,457.18,0,1
865.47,0.6,159.7,705.77,3,1
1125.06,1.2,170.7,954.36,6,1
550.57,0.2,30.7,519.87,1,1
630.81,0.2,88.24,542.56,1,1
1143.57,1.2,174.08,969.49,6,1
905.62,0.8,137.16,768.46,4,1
554.09,0.0,89.35,464.74,0,1
671.63,0.2,106.38,565.26,1,1
745.74,0.4,125.35,620.38,2,1
666.75,0.2,109.05,557.69,1,1
527.66,0.0,62.92,464.74,0,1
1286.1,1.4,200.97,1085.13,7,1
1168.42,1.4,121.11,1047.31,7,1
1163.08,1.2,193.59,969.49,6,1
631.9,0.2,51.51,580.38,1,1
783.48,0.4,125.27,658.21,2,1
808.54,0.6,140.59,667.95,3,1
968.8,0.8,170.08,798.72,4,1
606.11,0.2,71.11,535.0,1,1
877.36,0.8,116.46,760.9,4,1
669.12,0.2,103.86,565.26,1,1
980.64,0.8,181.92,798.72,4,1
636.54,0.2,101.54,535.0,1,1
568.2,0.0,103.46,464.74,0,1
609.53,0.2,59.41,550.13,1,1
470.11,0.0,35.62,434.49,0,1
944.05,1.0,120.46,823.59,5,1
654.06,0.2,81.24,572.82,1,1
935.18,0.8,151.59,783.59,4,1
986.95,0.8,157.97,828.97,4,1
541.44,0.0,69.14,472.31,0,1
790.24,0.6,107.16,683.08,3,1
989.6,0.8,168.19,821.41,4,1
859.19,0.6,123.16,736.03,3,1
473.3,0.0,38.81,434.49,0,1
773.95,0.4,146.0,627.95,2,1
740.84,0.4,105.32,635.51,2,1
860.16,0.8,84.14,776.03,4,1
1096.65,1.0,235.24,861.41,5,1
1063.75,1.0,187.22,876.54,5,1
661.7,0.2,111.57,550.13,1,1
766.31,0.4,100.54,665.77,2,1
664.87,0.2,76.92,587.95,1,1
718.15,0.4,67.51,650.64,2,1
763.95,0.6,88.43,675.51,3,1
583.11,0.2,48.11,535.0,1,1
720.49,0.4,92.54,627.95,2,1
546.28,0.0,81.54,464.74,0,1
897.47,0.6,184.14,713.33,3,1
832.63,0.6,111.73,720.9,3,1
641.65,0.2,106.65,535.0,1,1
819.41,0.4,146.08,673.33,2,1
927.79,0.8,166.89,760.9,4,1
661.35,0.2,118.78,542.56,1,1
842.83,0.4,199.76,643.08,2,1
680.48,0.4,90.35,590.13,2,1
1174.73,1.2,212.81,961.92,6,1
815.57,0.4,134.68,680.9,2,1
898.82,0.6,177.92,720.9,3,1
871.27,0.8,95.24,776.03,4,1
684.53,0.2,119.27,565.26,1,1
