"Total_Cost","Ratio_Reloc_Prod","Horiz_Cost","Vert_Cost","nReloc","non_Optimal"
227333.72,0.4493,33591.27,193742.51,674,300
739.39,0.4,73.62,665.77,2,1
897.63,0.6,176.73,720.9,3,1
873.0,0.6,136.97,736.03,3,1
558.01,0.0,78.14,479.87,0,1
544.42,0.0,72.11,472.31,0,1
997.88,1.0,151.59,846.28,5,1
761.7,0.4,126.19,635.51,2,1
1000.65,1.0,131.68,868.97,5,1
813.79,0.6,85.32,728.46,3,1
881.55,0.6,221.16,660.38,3,1
679.69,0.2,106.86,572.82,1,1
546.79,0.0,66.92,479.87,0,1
676.65,0.2,134.08,542.56,1,1
668.69,0.2,103.43,565.26,1,1
685.34,0.2,120.08,565.26,1,1
830.78,0.6,147.7,683.08,3,1
571.06,0.0,98.76,472.31,0,1
513.59,0.0,71.54,442.05,0,1
788.99,0.6,83.22,705.77,3,1
672.61,0.2,107.35,565.26,1,1
842.52,0.6,129.19,713.33,3,1
799.66,0.6,154.41,645.26,3,1
777.73,0.6,94.65,683.08,3,1
931.01,0.8,170.11,760.9,4,1
504.45,0.0,54.84,449.62,0,1
646.42,0.2,88.73,557.69,1,1
496.05,0.0,54.0,442.05,0,1
620.31,0.2,62.62,557.69,1,1
626.86,0.2,76.73,550.13,1,1
643.32,0.4,68.32,575.0,2,1
863.65,0.6,142.76,720.9,3,1
1068.04,1.0,168.81,899.23,5,1
638.35,0.2,103.35,535.0,1,1
802.0,0.4,158.92,643.08,2,1
673.3,0.4,52.92,620.38,2,1
699.19,0.2,111.24,587.95,1,1
480.89,0.0,46.41,434.49,0,1
558.98,0.0,79.11,479.87,0,1
949.78,0.6,198.62,751.15,3,1
1095.99,1.2,171.89,924.1,6,1
555.22,0.0,60.22,495.0,0,1
1251.23,1.4,203.92,1047.31,7,1
474.05,0.0,32.0,442.05,0,1
881.93,0.6,115.65,766.28,3,1
920.99,0.8,122.27,798.72,4,1
809.08,0.6,80.62,728.46,3,1
770.15,0.6,79.51,690.64,3,1
743.52,0.4,115.57,627.95,2,1
798.05,0.4,154.97,643.08,2,1
952.36,0.8,146.08,806.28,4,1
841.7,0.6,113.24,728.46,3,1
605.13,0.2,55.0,550.13,1,1
524.26,0.0,59.51,464.74,0,1
1032.17,1.0,110.24,921.92,5,1
621.36,0.2,56.11,565.26,1,1
796.75,0.6,98.54,698.21,3,1
807.46,0.6,124.38,683.08,3,1
660.14,0.2,87.32,572.82,1,1
683.86,0.4,108.86,575.0,2,1
603.76,0.0,123.89,479.87,0,1
771.44,0.4,158.62,612.82,2,1
828.16,0.6,92.14,736.03,3,1
856.23,0.8,110.46,745.77,4,1
522.64,0.0,73.03,449.62,0,1
648.61,0.4,50.92,597.69,2,1
678.09,0.4,72.84,605.26,2,1
688.6,0.2,100.65,587.95,1,1
678.59,0.4,88.46,590.13,2,1
572.8,0.0,108.05,464.74,0,1
608.3,0.2,88.43,519.87,1,1
814.65,0.6,93.76,720.9,3,1
650.72,0.2,93.03,557.69,1,1
674.53,0.2,109.27,565.26,1,1
553.18,0.0,103.57,449.62,0,1
642.76,0.2,107.76,535.0,1,1
1198.88,1.4,219.65,979.23,7,1
803.31,0.6,97.54,705.77,3,1
673.25,0.4,60.43,612.82,2,1
750.18,0.2,200.05,550.13,1,1
714.03,0.4,93.65,620.38,2,1
897.86,0.8,121.84,776.03,4,1
605.64,0.2,55.51,550.13,1,1
1037.24,1.2,128.27,908.97,6,1
849.61,0.4,191.41,658.21,2,1
1002.84,1.2,101.43,901.41,6,1
874.51,0.8,90.92,783.59,4,1
926.47,0.6,160.19,766.28,3,1
600.41,0.2,80.54,519.87,1,1
918.18,0.8,119.46,798.72,4,1
696.45,0.2,131.19,565.26,1,1
1135.97,1.2,151.35,984.62,6,1
703.75,0.4,106.05,597.69,2,1
763.7,0.4,120.62,643.08,2,1
727.29,0.2,169.59,557.69,1,1
991.34,0.8,192.62,798.72,4,1
613.4,0.2,55.7,557.69,1,1
581.63,0.2,69.32,512.31,1,1
611.7,0.2,76.7,535.0,1,1
699.8,0.4,94.54,605.26,2,1
540.59,0.0,90.97,449.62,0,1
920.56,0.8,136.97,783.59,4,1
783.73,0.6,108.22,675.51,3,1
767.75,0.4,109.54,658.21,2,1
842.67,0.6,91.51,751.15,3,1
698.93,0.4,78.54,620.38,2,1
809.69,0.8,63.92,745.77,4,1
630.0,0.2,87.43,542.56,1,1
495.56,0.0,53.51,442.05,0,1
601.35,0.2,73.92,527.44,1,1
695.03,0.4,59.51,635.51,2,1
792.94,0.6,109.86,683.08,3,1
738.89,0.4,110.95,627.95,2,1
1140.33,1.4,145.97,994.36,7,1
700.9,0.2,128.08,572.82,1,1
1548.93,2.0,321.11,1227.82,10,1
884.13,0.6,148.11,736.03,3,1
942.76,0.8,166.73,776.03,4,1
493.67,0.0,51.62,442.05,0,1
627.78,0.2,85.22,542.56,1,1
585.23,0.2,72.92,512.31,1,1
462.17,0.0,42.81,419.36,0,1
462.98,0.0,43.62,419.36,0,1
579.75,0.0,122.57,457.18,0,1
1085.69,1.0,194.03,891.67,5,1
912.82,0.8,106.54,806.28,4,1
690.54,0.4,107.97,582.56,2,1
1004.41,1.0,195.95,808.46,5,1
1133.93,1.2,179.57,954.36,6,1
772.02,0.4,121.38,650.64,2,1
815.77,0.6,117.57,698.21,3,1
1184.98,1.2,223.05,961.92,6,1
683.64,0.2,125.95,557.69,1,1
849.14,0.6,120.68,728.46,3,1
520.47,0.0,55.73,464.74,0,1
814.55,0.6,93.65,720.9,3,1
752.95,0.6,77.43,675.51,3,1
639.38,0.2,111.95,527.44,1,1
874.03,0.6,145.57,728.46,3,1
794.89,0.4,159.38,635.51,2,1
737.84,0.4,102.32,635.51,2,1
772.15,0.6,73.95,698.21,3,1
833.66,0.6,120.32,713.33,3,1
550.63,0.0,78.32,472.31,0,1
778.23,0.6,80.03,698.21,3,1
547.42,0.0,90.24,457.18,0,1
689.01,0.4,83.76,605.26,2,1
696.2,0.2,123.38,572.82,1,1
769.33,0.4,156.51,612.82,2,1
872.19,0.6,151.3,720.9,3,1
841.15,0.6,135.38,705.77,3,1
794.36,0.6,81.03,713.33,3,1
723.58,0.4,125.89,597.69,2,1
685.76,0.2,158.32,527.44,1,1
668.45,0.2,110.76,557.69,1,1
827.5,0.8,81.73,745.77,4,1
643.31,0.4,45.62,597.69,2,1
758.52,0.4,145.7,612.82,2,1
946.27,0.8,177.81,768.46,4,1
936.05,0.6,200.03,736.03,3,1
1024.99,1.0,193.84,831.15,5,1
618.76,0.0,138.89,479.87,0,1
1255.38,1.4,185.38,1070.0,7,1
787.82,0.4,106.92,680.9,2,1
901.64,0.6,150.49,751.15,3,1
649.9,0.2,69.51,580.38,1,1
750.29,0.6,67.22,683.08,3,1
769.11,0.6,101.16,667.95,3,1
813.24,0.6,77.22,736.03,3,1
663.94,0.2,121.38,542.56,1,1
944.94,0.8,153.78,791.15,4,1
735.0,0.4,91.92,643.08,2,1
638.99,0.2,73.73,565.26,1,1
885.7,0.6,149.68,736.03,3,1
668.34,0.2,110.65,557.69,1,1
640.02,0.2,97.46,542.56,1,1
691.87,0.4,63.92,627.95,2,1
730.76,0.4,95.24,635.51,2,1
700.52,0.4,80.14,620.38,2,1
1189.23,1.4,202.43,986.79,7,1
953.84,0.6,225.38,728.46,3,1
1325.45,1.4,240.32,1085.13,7,1
605.95,0.0,126.08,479.87,0,1
536.77,0.0,72.03,464.74,0,1
769.35,0.4,126.27,643.08,2,1
809.82,0.6,104.05,705.77,3,1
893.21,0.8,102.05,791.15,4,1
805.19,0.4,162.11,643.08,2,1
712.7,0.4,69.62,643.08,2,1
640.96,0.2,68.14,572.82,1,1
685.36,0.0,213.05,472.31,0,1
735.1,0.4,92.03,643.08,2,1
578.33,0.0,98.46,479.87,0,1
479.56,0.0,37.51,442.05,0,1
667.44,0.2,94.62,572.82,1,1
1066.86,1.2,142.76,924.1,6,1
623.0,0.2,80.43,542.56,1,1
896.02,0.6,144.86,751.15,3,1
826.63,0.6,120.86,705.77,3,1
702.98,0.4,75.03,627.95,2,1
605.57,0.2,78.14,527.44,1,1
716.14,0.4,95.76,620.38,2,1
780.02,0.6,96.95,683.08,3,1
645.18,0.2,79.92,565.26,1,1
625.34,0.2,75.22,550.13,1,1
507.89,0.0,65.84,442.05,0,1
1022.86,1.2,151.7,871.15,6,1
460.6,0.0,26.11,434.49,0,1
809.87,0.6,96.54,713.33,3,1
573.12,0.0,93.24,479.87,0,1
833.66,0.4,167.89,665.77,2,1
744.72,0.4,78.95,665.77,2,1
909.32,0.8,133.3,776.03,4,1
632.42,0.2,74.73,557.69,1,1
860.04,0.6,154.27,705.77,3,1
524.31,0.0,52.0,472.31,0,1
740.51,0.4,97.43,643.08,2,1
785.99,0.6,95.35,690.64,3,1
878.24,0.8,94.65,783.59,4,1
478.6,0.0,44.11,434.49,0,1
685.6,0.4,65.22,620.38,2,1
883.23,0.6,185.03,698.21,3,1
595.06,0.2,67.62,527.44,1,1
1119.38,1.4,117.46,1001.92,7,1
1237.88,1.2,238.14,999.74,6,1
911.53,0.6,160.38,751.15,3,1
626.88,0.2,61.62,565.26,1,1
579.26,0.0,122.08,457.18,0,1
889.64,0.6,146.05,743.59,3,1
838.74,0.6,117.84,720.9,3,1
820.76,0.6,99.86,720.9,3,1
470.49,0.0,36.0,434.49,0,1
776.64,0.4,133.57,643.08,2,1
675.69,0.4,70.43,605.26,2,1
660.92,0.2,118.35,542.56,1,1
720.67,0.4,70.03,650.64,2,1
678.68,0.2,143.68,535.0,1,1
479.41,0.0,44.92,434.49,0,1
473.3,0.0,38.81,434.49,0,1
920.43,0.8,151.97,768.46,4,1
676.75,0.2,119.05,557.69,1,1
634.67,0.2,84.54,550.13,1,1
756.12,0.4,97.92,658.21,2,1
561.57,0.2,41.7,519.87,1,1
635.52,0.2,108.08,527.44,1,1
839.0,0.6,155.92,683.08,3,1
672.47,0.4,67.22,605.26,2,1
657.64,0.2,99.95,557.69,1,1
694.17,0.4,81.35,612.82,2,1
875.65,0.6,147.19,728.46,3,1
609.56,0.2,67.0,542.56,1,1
531.61,0.0,74.43,457.18,0,1
676.18,0.2,126.05,550.13,1,1
839.97,0.6,103.95,736.03,3,1
952.88,0.8,146.59,806.28,4,1
481.49,0.0,47.0,434.49,0,1
595.07,0.0,137.89,457.18,0,1
1368.72,1.2,384.11,984.62,6,1
675.33,0.2,147.89,527.44,1,1
537.31,0.0,80.14,457.18,0,1
1028.05,0.8,244.46,783.59,4,1
786.1,0.4,135.46,650.64,2,1
536.18,0.0,71.43,464.74,0,1
958.65,0.8,182.62,776.03,4,1
466.33,0.0,39.41,426.92,0,1
649.07,0.2,98.95,550.13,1,1
866.51,0.8,82.92,783.59,4,1
625.17,0.2,112.86,512.31,1,1
869.81,0.8,86.22,783.59,4,1
1020.73,1.0,144.19,876.54,5,1
492.94,0.0,43.32,449.62,0,1
710.6,0.6,50.22,660.38,3,1
707.3,0.4,86.92,620.38,2,1
1007.87,0.8,194.03,813.85,4,1
972.86,0.8,181.7,791.15,4,1
542.49,0.0,62.62,479.87,0,1
641.52,0.4,28.7,612.82,2,1
902.82,0.8,149.49,753.33,4,1
713.01,0.2,140.19,572.82,1,1
802.61,0.6,96.84,705.77,3,1
532.81,0.0,90.76,442.05,0,1
677.96,0.4,65.14,612.82,2,1
720.19,0.4,92.24,627.95,2,1
1076.29,1.0,192.19,884.1,5,1
946.0,1.0,129.97,816.03,5,1
795.64,0.6,97.43,698.21,3,1
741.32,0.4,98.24,643.08,2,1
839.05,0.6,148.41,690.64,3,1
636.64,0.2,86.51,550.13,1,1
1286.67,1.8,121.54,1165.13,9,1
994.49,0.8,173.08,821.41,4,1
566.49,0.2,46.62,519.87,1,1
742.87,0.4,122.49,620.38,2,1
1016.98,0.8,203.14,813.85,4,1
577.22,0.0,97.35,479.87,0,1
752.43,0.4,109.35,643.08,2,1
682.2,0.4,61.81,620.38,2,1
825.11,0.4,197.16,627.95,2,1
698.75,0.4,101.05,597.69,2,1
752.72,0.4,94.51,658.21,2,1
678.28,0.2,113.03,565.26,1,1
