"Total_Cost","Ratio_Reloc_Prod","Horiz_Cost","Vert_Cost","nReloc","non_Optimal"
228424.73,0.488,33595.31,194829.42,732,300
648.6,0.2,68.22,580.38,1,1
897.61,0.8,91.32,806.28,4,1
529.98,0.0,50.11,479.87,0,1
757.07,0.4,98.86,658.21,2,1
1037.49,1.0,123.14,914.36,5,1
494.15,0.0,29.41,464.74,0,1
1200.47,1.4,153.16,1047.31,7,1
545.53,0.0,88.35,457.18,0,1
529.8,0.0,72.62,457.18,0,1
635.32,0.4,60.32,575.0,2,1
702.91,0.2,137.65,565.26,1,1
1101.17,1.2,139.24,961.92,6,1
789.02,0.4,138.38,650.64,2,1
756.34,0.4,98.14,658.21,2,1
928.14,0.6,207.24,720.9,3,1
546.29,0.0,89.11,457.18,0,1
465.19,0.0,30.7,434.49,0,1
610.01,0.2,90.14,519.87,1,1
898.24,0.8,114.65,783.59,4,1
1031.68,1.0,162.7,868.97,5,1
866.91,0.4,216.27,650.64,2,1
820.82,0.6,115.05,705.77,3,1
959.79,0.8,138.38,821.41,4,1
829.62,0.6,154.11,675.51,3,1
440.76,0.0,21.41,419.36,0,1
681.9,0.4,61.51,620.38,2,1
598.04,0.2,85.73,512.31,1,1
641.32,0.2,98.76,542.56,1,1
813.87,0.6,100.54,713.33,3,1
479.3,0.0,44.81,434.49,0,1
455.36,0.0,36.0,419.36,0,1
660.15,0.2,102.46,557.69,1,1
502.88,0.0,45.7,457.18,0,1
906.98,0.8,146.08,760.9,4,1
454.12,0.0,42.32,411.79,0,1
906.05,0.8,122.46,783.59,4,1
796.83,0.4,146.19,650.64,2,1
989.08,0.8,160.11,828.97,4,1
667.26,0.2,117.14,550.13,1,1
902.27,0.8,118.68,783.59,4,1
618.02,0.2,60.32,557.69,1,1
753.73,0.4,110.65,643.08,2,1
673.77,0.4,68.51,605.26,2,1
605.64,0.2,55.51,550.13,1,1
706.18,0.6,60.92,645.26,3,1
796.42,0.6,98.22,698.21,3,1
1113.03,1.2,158.68,954.36,6,1
730.62,0.4,87.54,643.08,2,1
531.1,0.0,73.92,457.18,0,1
754.57,0.4,134.19,620.38,2,1
688.13,0.2,138.0,550.13,1,1
843.96,0.6,145.76,698.21,3,1
945.8,0.8,147.08,798.72,4,1
665.77,0.2,92.95,572.82,1,1
882.27,0.8,106.24,776.03,4,1
583.81,0.2,48.81,535.0,1,1
802.7,0.6,112.05,690.64,3,1
699.23,0.4,101.54,597.69,2,1
669.42,0.2,104.16,565.26,1,1
578.15,0.2,65.84,512.31,1,1
778.05,0.6,102.54,675.51,3,1
651.02,0.2,108.46,542.56,1,1
643.08,0.2,108.08,535.0,1,1
583.56,0.0,126.38,457.18,0,1
1227.01,1.4,232.65,994.36,7,1
604.56,0.2,62.0,542.56,1,1
616.78,0.2,74.22,542.56,1,1
983.44,1.0,137.16,846.28,5,1
1002.16,1.0,193.7,808.46,5,1
727.57,0.4,99.62,627.95,2,1
781.13,0.6,98.05,683.08,3,1
781.97,0.6,106.46,675.51,3,1
797.24,0.6,114.16,683.08,3,1
1212.25,1.6,177.89,1034.36,8,1
661.03,0.2,133.59,527.44,1,1
767.05,0.6,144.49,622.56,3,1
897.36,0.8,136.46,760.9,4,1
541.24,0.2,51.62,489.62,1,1
685.01,0.4,64.62,620.38,2,1
701.94,0.4,104.24,597.69,2,1
724.01,0.4,118.76,605.26,2,1
647.04,0.2,89.35,557.69,1,1
776.79,0.4,156.41,620.38,2,1
921.13,0.8,129.97,791.15,4,1
641.14,0.2,106.14,535.0,1,1
873.68,0.8,120.35,753.33,4,1
496.97,0.0,54.92,442.05,0,1
549.94,0.0,92.76,457.18,0,1
713.58,0.4,100.76,612.82,2,1
540.05,0.0,90.43,449.62,0,1
516.78,0.0,74.73,442.05,0,1
755.22,0.6,94.84,660.38,3,1
714.76,0.4,79.24,635.51,2,1
521.18,0.2,24.0,497.18,1,1
1061.43,1.2,152.46,908.97,6,1
551.63,0.2,39.32,512.31,1,1
1060.42,1.0,229.27,831.15,5,1
833.29,0.4,190.22,643.08,2,1
636.68,0.0,141.68,495.0,0,1
625.75,0.2,75.62,550.13,1,1
819.37,0.8,88.73,730.64,4,1
692.3,0.4,71.92,620.38,2,1
496.27,0.0,54.22,442.05,0,1
659.31,0.2,147.0,512.31,1,1
587.3,0.2,67.43,519.87,1,1
660.07,0.4,54.81,605.26,2,1
533.35,0.0,83.73,449.62,0,1
486.73,0.0,59.81,426.92,0,1
570.89,0.2,88.84,482.05,1,1
995.98,1.0,134.57,861.41,5,1
866.87,0.8,113.54,753.33,4,1
709.5,0.4,104.24,605.26,2,1
997.33,1.0,128.35,868.97,5,1
864.89,0.6,181.81,683.08,3,1
783.99,0.6,93.35,690.64,3,1
1285.16,1.6,175.16,1110.0,8,1
700.6,0.2,112.65,587.95,1,1
760.39,0.6,107.57,652.82,3,1
674.93,0.4,62.11,612.82,2,1
1000.29,1.0,176.7,823.59,5,1
922.54,1.0,98.95,823.59,5,1
1282.77,1.6,210.59,1072.18,8,1
993.43,1.0,124.46,868.97,5,1
688.79,0.2,115.97,572.82,1,1
532.72,0.0,75.54,457.18,0,1
736.58,0.4,123.76,612.82,2,1
1096.59,1.0,273.0,823.59,5,1
955.68,1.0,101.84,853.85,5,1
953.08,0.8,169.49,783.59,4,1
693.2,0.4,72.81,620.38,2,1
755.78,0.4,105.14,650.64,2,1
524.59,0.0,82.54,442.05,0,1
809.61,0.6,118.97,690.64,3,1
1272.51,1.0,388.41,884.1,5,1
911.44,0.6,190.54,720.9,3,1
940.69,1.0,109.54,831.15,5,1
784.82,0.4,119.05,665.77,2,1
680.01,0.2,114.76,565.26,1,1
937.58,0.8,123.73,813.85,4,1
522.11,0.2,47.62,474.49,1,1
606.78,0.2,64.22,542.56,1,1
945.34,1.0,106.62,838.72,5,1
649.0,0.4,66.43,582.56,2,1
893.81,0.8,125.35,768.46,4,1
708.67,0.4,110.97,597.69,2,1
968.56,1.0,144.97,823.59,5,1
1044.33,1.0,182.92,861.41,5,1
827.73,0.8,119.78,707.95,4,1
759.35,0.6,83.84,675.51,3,1
920.54,0.8,152.08,768.46,4,1
661.18,0.2,111.05,550.13,1,1
795.44,0.4,182.62,612.82,2,1
881.52,0.6,168.19,713.33,3,1
772.89,0.4,137.38,635.51,2,1
917.42,0.8,126.27,791.15,4,1
772.54,0.6,97.03,675.51,3,1
984.43,1.0,115.46,868.97,5,1
743.57,0.4,108.05,635.51,2,1
588.84,0.0,108.97,479.87,0,1
1217.3,1.4,222.95,994.36,7,1
910.91,0.8,119.76,791.15,4,1
593.69,0.2,88.95,504.74,1,1
1060.77,1.0,153.97,906.79,5,1
501.62,0.0,52.0,449.62,0,1
634.59,0.2,92.03,542.56,1,1
582.58,0.2,77.84,504.74,1,1
690.54,0.2,163.11,527.44,1,1
1064.08,1.0,187.54,876.54,5,1
859.73,0.6,131.27,728.46,3,1
772.42,0.6,74.22,698.21,3,1
811.32,0.4,160.68,650.64,2,1
838.58,0.6,140.38,698.21,3,1
736.57,0.4,101.05,635.51,2,1
985.17,1.0,123.76,861.41,5,1
636.83,0.4,46.7,590.13,2,1
597.33,0.2,85.03,512.31,1,1
774.05,0.6,98.54,675.51,3,1
728.85,0.4,131.16,597.69,2,1
643.81,0.2,116.38,527.44,1,1
656.49,0.2,121.49,535.0,1,1
581.06,0.2,53.62,527.44,1,1
549.96,0.0,85.22,464.74,0,1
589.63,0.0,109.76,479.87,0,1
1014.81,1.0,138.27,876.54,5,1
506.83,0.0,57.22,449.62,0,1
863.81,0.6,135.35,728.46,3,1
897.33,0.8,128.86,768.46,4,1
636.8,0.0,179.62,457.18,0,1
887.57,0.8,111.54,776.03,4,1
502.48,0.0,60.43,442.05,0,1
720.11,0.4,99.73,620.38,2,1
760.78,0.4,125.27,635.51,2,1
992.39,0.8,186.11,806.28,4,1
851.79,0.6,138.46,713.33,3,1
965.01,0.8,204.11,760.9,4,1
594.62,0.2,59.62,535.0,1,1
515.13,0.0,65.51,449.62,0,1
521.11,0.2,46.62,474.49,1,1
499.94,0.0,50.32,449.62,0,1
852.18,0.8,113.97,738.21,4,1
915.91,0.8,192.84,723.08,4,1
515.89,0.0,73.84,442.05,0,1
868.44,0.8,107.54,760.9,4,1
863.96,0.6,158.19,705.77,3,1
674.36,0.4,69.11,605.26,2,1
679.69,0.4,74.43,605.26,2,1
691.18,0.4,85.92,605.26,2,1
909.28,0.6,195.95,713.33,3,1
654.04,0.2,96.35,557.69,1,1
742.0,0.4,114.05,627.95,2,1
715.11,0.4,140.11,575.0,2,1
863.91,0.6,165.7,698.21,3,1
734.1,0.4,91.03,643.08,2,1
1049.28,1.0,203.0,846.28,5,1
773.59,0.6,82.95,690.64,3,1
687.33,0.4,74.51,612.82,2,1
711.93,0.4,91.54,620.38,2,1
681.07,0.4,90.95,590.13,2,1
780.27,0.4,137.19,643.08,2,1
1043.14,1.0,181.73,861.41,5,1
817.9,0.6,112.14,705.77,3,1
707.72,0.4,102.46,605.26,2,1
1178.15,1.2,231.35,946.79,6,1
1280.73,1.6,163.16,1117.56,8,1
606.83,0.2,56.7,550.13,1,1
917.22,1.0,108.76,808.46,5,1
757.25,0.4,136.86,620.38,2,1
702.13,0.4,66.62,635.51,2,1
630.95,0.2,95.95,535.0,1,1
735.6,0.4,107.65,627.95,2,1
751.35,0.6,75.84,675.51,3,1
668.77,0.4,63.51,605.26,2,1
491.56,0.0,49.51,442.05,0,1
658.66,0.4,53.41,605.26,2,1
896.28,0.8,135.38,760.9,4,1
717.74,0.4,97.35,620.38,2,1
1028.86,1.0,197.7,831.15,5,1
545.71,0.0,73.41,472.31,0,1
764.91,0.6,81.84,683.08,3,1
527.67,0.0,78.05,449.62,0,1
1065.89,1.0,196.92,868.97,5,1
495.16,0.0,53.11,442.05,0,1
697.09,0.4,91.84,605.26,2,1
582.87,0.2,63.0,519.87,1,1
724.52,0.4,104.14,620.38,2,1
563.23,0.2,50.92,512.31,1,1
692.09,0.4,86.84,605.26,2,1
831.58,0.6,118.24,713.33,3,1
1087.99,1.2,163.89,924.1,6,1
986.6,1.0,132.76,853.85,5,1
925.48,0.6,181.89,743.59,3,1
567.82,0.0,87.95,479.87,0,1
818.9,0.8,73.14,745.77,4,1
632.21,0.2,74.51,557.69,1,1
786.59,0.6,95.95,690.64,3,1
682.49,0.4,62.11,620.38,2,1
481.56,0.0,39.51,442.05,0,1
900.55,0.6,187.22,713.33,3,1
649.18,0.2,99.05,550.13,1,1
901.08,0.6,157.49,743.59,3,1
737.9,0.4,125.08,612.82,2,1
538.13,0.0,80.95,457.18,0,1
498.17,0.0,71.24,426.92,0,1
783.88,0.4,125.68,658.21,2,1
807.36,0.4,194.54,612.82,2,1
591.25,0.2,78.95,512.31,1,1
688.06,0.4,75.24,612.82,2,1
592.66,0.2,80.35,512.31,1,1
808.67,0.6,133.16,675.51,3,1
775.44,0.6,115.05,660.38,3,1
715.8,0.2,158.11,557.69,1,1
805.54,0.6,122.46,683.08,3,1
452.26,0.0,48.03,404.23,0,1
1138.95,1.2,184.59,954.36,6,1
742.57,0.4,107.05,635.51,2,1
757.46,0.6,81.95,675.51,3,1
768.9,0.4,148.51,620.38,2,1
785.1,0.6,102.03,683.08,3,1
501.38,0.0,59.32,442.05,0,1
747.4,0.4,149.7,597.69,2,1
887.78,0.8,96.62,791.15,4,1
579.04,0.2,66.73,512.31,1,1
727.35,0.6,59.41,667.95,3,1
539.96,0.0,75.22,464.74,0,1
717.77,0.4,104.95,612.82,2,1
995.54,1.0,179.51,816.03,5,1
982.06,1.0,120.65,861.41,5,1
501.48,0.0,59.43,442.05,0,1
756.43,0.6,80.92,675.51,3,1
574.44,0.2,62.14,512.31,1,1
907.82,0.8,154.49,753.33,4,1
808.75,0.6,125.68,683.08,3,1
1173.61,1.4,186.81,986.79,7,1
588.51,0.2,53.51,535.0,1,1
730.43,0.6,54.92,675.51,3,1
784.59,0.4,149.08,635.51,2,1
706.52,0.2,186.65,519.87,1,1
820.52,0.6,99.62,720.9,3,1
1098.95,1.0,184.59,914.36,5,1
1184.84,1.4,167.78,1017.05,7,1
