"Total_Cost","Ratio_Reloc_Prod","Horiz_Cost","Vert_Cost","nReloc","non_Optimal"
229643.46,0.496,34137.33,195506.19,744,300
648.6,0.2,68.22,580.38,1,1
897.61,0.8,91.32,806.28,4,1
529.98,0.0,50.11,479.87,0,1
757.07,0.4,98.86,658.21,2,1
1037.49,1.0,123.14,914.36,5,1
495.55,0.0,30.81,464.74,0,1
1193.61,1.4,153.86,1039.74,7,1
563.8,0.0,99.05,464.74,0,1
578.2,0.0,98.32,479.87,0,1
628.27,0.4,45.7,582.56,2,1
695.85,0.2,138.16,557.69,1,1
1086.6,1.2,132.24,954.36,6,1
794.42,0.4,143.78,650.64,2,1
739.7,0.4,89.05,650.64,2,1
941.3,0.6,212.84,728.46,3,1
546.29,0.0,89.11,457.18,0,1
446.06,0.0,26.7,419.36,0,1
648.92,0.2,106.35,542.56,1,1
896.17,0.8,135.27,760.9,4,1
1044.24,1.0,167.7,876.54,5,1
866.91,0.4,216.27,650.64,2,1
808.96,0.6,110.76,698.21,3,1
959.79,0.8,138.38,821.41,4,1
829.62,0.6,154.11,675.51,3,1
440.76,0.0,21.41,419.36,0,1
707.62,0.4,72.11,635.51,2,1
600.63,0.2,88.32,512.31,1,1
638.62,0.2,96.05,542.56,1,1
811.01,0.6,105.24,705.77,3,1
477.05,0.0,35.0,442.05,0,1
481.6,0.0,47.11,434.49,0,1
650.29,0.2,100.16,550.13,1,1
503.58,0.0,46.41,457.18,0,1
879.29,0.8,141.08,738.21,4,1
467.68,0.0,48.32,419.36,0,1
884.06,0.6,155.59,728.46,3,1
785.37,0.4,142.3,643.08,2,1
940.02,0.8,141.3,798.72,4,1
667.26,0.2,117.14,550.13,1,1
894.7,0.8,118.68,776.03,4,1
618.72,0.2,61.03,557.69,1,1
753.73,0.4,110.65,643.08,2,1
688.93,0.4,76.11,612.82,2,1
584.51,0.2,49.51,535.0,1,1
709.04,0.6,56.22,652.82,3,1
794.72,0.6,96.51,698.21,3,1
1113.03,1.2,158.68,954.36,6,1
656.36,0.2,83.54,572.82,1,1
513.83,0.0,64.22,449.62,0,1
768.84,0.4,140.89,627.95,2,1
688.13,0.2,138.0,550.13,1,1
843.96,0.6,145.76,698.21,3,1
939.94,0.8,148.78,791.15,4,1
645.09,0.2,79.84,565.26,1,1
869.0,0.8,100.54,768.46,4,1
564.25,0.2,36.81,527.44,1,1
900.91,0.8,109.76,791.15,4,1
697.94,0.4,100.24,597.69,2,1
683.42,0.2,118.16,565.26,1,1
575.44,0.2,63.14,512.31,1,1
624.9,0.2,97.46,527.44,1,1
625.0,0.2,82.43,542.56,1,1
627.52,0.2,100.08,527.44,1,1
674.49,0.2,139.49,535.0,1,1
1218.85,1.4,232.05,986.79,7,1
667.96,0.4,62.7,605.26,2,1
638.45,0.2,88.32,550.13,1,1
818.04,0.6,119.84,698.21,3,1
1101.25,1.2,207.41,893.85,6,1
727.38,0.4,99.43,627.95,2,1
784.83,0.6,101.76,683.08,3,1
770.52,0.6,102.57,667.95,3,1
799.54,0.6,116.46,683.08,3,1
1197.76,1.4,195.84,1001.92,7,1
726.03,0.2,206.16,519.87,1,1
909.3,1.0,153.78,755.51,5,1
905.62,0.8,137.16,768.46,4,1
574.96,0.2,70.22,504.74,1,1
684.41,0.4,64.03,620.38,2,1
676.1,0.4,93.54,582.56,2,1
704.94,0.4,107.24,597.69,2,1
645.07,0.2,94.95,550.13,1,1
711.5,0.2,153.81,557.69,1,1
980.85,1.0,134.57,846.28,5,1
604.74,0.2,92.43,512.31,1,1
797.62,0.6,114.54,683.08,3,1
498.97,0.0,56.92,442.05,0,1
681.97,0.4,91.84,590.13,2,1
747.36,0.4,126.97,620.38,2,1
490.6,0.0,56.11,434.49,0,1
485.54,0.0,58.62,426.92,0,1
686.07,0.4,95.95,590.13,2,1
713.46,0.4,77.95,635.51,2,1
584.35,0.2,56.92,527.44,1,1
1045.76,1.2,144.35,901.41,6,1
544.8,0.2,47.62,497.18,1,1
959.14,0.8,198.24,760.9,4,1
971.08,0.6,235.05,736.03,3,1
665.66,0.2,92.84,572.82,1,1
609.0,0.2,74.0,535.0,1,1
884.59,0.8,93.43,791.15,4,1
715.68,0.4,87.73,627.95,2,1
510.89,0.2,36.41,474.49,1,1
628.88,0.2,116.57,512.31,1,1
657.54,0.4,82.54,575.0,2,1
746.34,0.6,55.7,690.64,3,1
676.34,0.2,118.65,557.69,1,1
470.34,0.0,58.54,411.79,0,1
493.95,0.0,67.03,426.92,0,1
942.64,0.8,151.49,791.15,4,1
793.14,0.6,132.76,660.38,3,1
805.1,0.6,122.03,683.08,3,1
989.22,1.0,120.24,868.97,5,1
837.62,0.6,162.11,675.51,3,1
704.03,0.4,83.65,620.38,2,1
1206.2,1.4,166.46,1039.74,7,1
700.3,0.2,112.35,587.95,1,1
792.49,0.6,116.97,675.51,3,1
724.38,0.6,64.0,660.38,3,1
1076.76,1.2,167.78,908.97,6,1
988.15,1.0,141.86,846.28,5,1
1238.29,1.4,206.11,1032.18,7,1
787.83,0.4,137.19,650.64,2,1
898.78,0.8,122.76,776.03,4,1
504.58,0.0,47.41,457.18,0,1
691.26,0.2,133.57,557.69,1,1
1002.55,0.6,289.22,713.33,3,1
882.16,0.8,106.14,776.03,4,1
1101.61,1.2,162.38,939.23,6,1
817.96,0.6,119.76,698.21,3,1
615.75,0.2,65.62,550.13,1,1
654.12,0.2,96.43,557.69,1,1
805.87,0.6,92.54,713.33,3,1
1316.03,1.2,361.68,954.36,6,1
1146.07,1.2,206.84,939.23,6,1
792.17,0.6,78.84,713.33,3,1
855.08,0.6,119.05,736.03,3,1
656.58,0.2,91.32,565.26,1,1
992.62,1.0,123.65,868.97,5,1
739.21,0.4,96.14,643.08,2,1
737.3,0.4,109.35,627.95,2,1
784.26,0.6,93.62,690.64,3,1
691.09,0.4,85.84,605.26,2,1
665.75,0.2,108.05,557.69,1,1
795.52,0.6,127.57,667.95,3,1
806.35,0.6,138.41,667.95,3,1
990.2,1.0,151.49,838.72,5,1
748.6,0.4,135.78,612.82,2,1
617.14,0.2,82.14,535.0,1,1
859.08,0.8,90.62,768.46,4,1
666.67,0.2,108.97,557.69,1,1
776.03,0.2,248.59,527.44,1,1
979.54,0.8,203.51,776.03,4,1
871.6,0.8,118.27,753.33,4,1
1009.28,1.0,147.86,861.41,5,1
603.06,0.2,75.62,527.44,1,1
794.4,0.6,103.76,690.64,3,1
682.96,0.2,125.27,557.69,1,1
902.09,0.8,95.81,806.28,4,1
1163.17,1.2,208.81,954.36,6,1
909.91,0.8,118.76,791.15,4,1
569.99,0.0,120.38,449.62,0,1
749.74,0.4,144.49,605.26,2,1
483.05,0.0,41.0,442.05,0,1
641.35,0.2,106.35,535.0,1,1
692.23,0.4,94.54,597.69,2,1
978.53,1.0,147.38,831.15,5,1
1353.36,1.8,226.05,1127.31,9,1
917.54,0.8,149.08,768.46,4,1
564.28,0.2,44.41,519.87,1,1
830.21,0.4,172.0,658.21,2,1
737.79,0.4,124.97,612.82,2,1
729.41,0.4,101.46,627.95,2,1
839.96,0.6,134.19,705.77,3,1
684.76,0.4,56.81,627.95,2,1
591.12,0.2,71.24,519.87,1,1
706.34,0.4,108.65,597.69,2,1
893.23,0.8,94.51,798.72,4,1
580.72,0.2,83.54,497.18,1,1
682.48,0.2,124.78,557.69,1,1
757.84,0.6,82.32,675.51,3,1
628.98,0.2,101.54,527.44,1,1
524.61,0.0,67.43,457.18,0,1
1223.67,1.6,159.05,1064.62,8,1
493.48,0.0,51.43,442.05,0,1
727.69,0.4,114.86,612.82,2,1
1029.85,1.0,176.0,853.85,5,1
784.84,0.4,156.89,627.95,2,1
844.7,0.8,114.05,730.64,4,1
624.89,0.2,82.32,542.56,1,1
835.48,0.8,104.84,730.64,4,1
656.54,0.2,113.97,542.56,1,1
994.04,0.8,195.32,798.72,4,1
965.13,1.0,133.97,831.15,5,1
631.38,0.0,204.46,426.92,0,1
617.11,0.4,42.11,575.0,2,1
588.41,0.2,53.41,535.0,1,1
674.99,0.4,69.73,605.26,2,1
512.02,0.0,62.41,449.62,0,1
885.57,0.8,109.54,776.03,4,1
803.59,0.6,128.08,675.51,3,1
633.54,0.2,98.54,535.0,1,1
713.02,0.6,75.32,637.69,3,1
1159.26,1.2,220.03,939.23,6,1
809.04,0.6,110.84,698.21,3,1
744.65,0.4,124.27,620.38,2,1
666.86,0.4,76.73,590.13,2,1
837.97,0.4,202.46,635.51,2,1
579.04,0.2,66.73,512.31,1,1
643.78,0.2,93.65,550.13,1,1
939.11,0.8,178.22,760.9,4,1
647.55,0.2,127.68,519.87,1,1
595.09,0.2,90.35,504.74,1,1
1248.4,1.4,216.22,1032.18,7,1
891.59,0.8,115.57,776.03,4,1
700.3,0.4,79.92,620.38,2,1
870.41,0.8,101.95,768.46,4,1
672.96,0.2,115.27,557.69,1,1
775.84,0.4,147.89,627.95,2,1
887.28,0.6,181.51,705.77,3,1
735.71,0.4,107.76,627.95,2,1
869.39,0.8,116.05,753.33,4,1
1080.36,1.0,218.95,861.41,5,1
964.84,0.8,135.86,828.97,4,1
603.53,0.2,53.41,550.13,1,1
686.29,0.4,96.16,590.13,2,1
763.33,0.4,135.38,627.95,2,1
703.58,0.2,145.89,557.69,1,1
647.81,0.2,105.24,542.56,1,1
765.0,0.4,129.49,635.51,2,1
769.91,0.6,86.84,683.08,3,1
698.09,0.4,77.7,620.38,2,1
494.33,0.0,59.84,434.49,0,1
670.12,0.4,72.43,597.69,2,1
880.67,0.8,104.65,776.03,4,1
764.08,0.4,128.57,635.51,2,1
775.35,0.4,132.27,643.08,2,1
462.87,0.0,43.51,419.36,0,1
910.65,1.0,94.62,816.03,5,1
892.15,0.8,146.38,745.77,4,1
932.79,0.6,204.32,728.46,3,1
475.19,0.0,40.7,434.49,0,1
657.5,0.4,59.81,597.69,2,1
625.84,0.4,58.41,567.44,2,1
857.96,0.8,119.76,738.21,4,1
623.64,0.2,73.51,550.13,1,1
804.14,0.6,90.81,713.33,3,1
655.77,0.4,50.51,605.26,2,1
1145.14,1.4,150.78,994.36,7,1
803.64,0.4,153.0,650.64,2,1
1260.37,1.6,188.19,1072.18,8,1
795.23,0.6,97.03,698.21,3,1
761.05,0.6,70.41,690.64,3,1
685.44,0.4,72.62,612.82,2,1
660.89,0.4,78.32,582.56,2,1
555.26,0.0,105.65,449.62,0,1
510.53,0.0,60.92,449.62,0,1
904.87,0.6,176.41,728.46,3,1
609.14,0.2,74.14,535.0,1,1
920.7,0.6,177.11,743.59,3,1
739.2,0.4,126.38,612.82,2,1
523.45,0.0,73.84,449.62,0,1
790.4,0.4,154.89,635.51,2,1
666.07,0.2,115.95,550.13,1,1
991.45,0.8,192.73,798.72,4,1
686.37,0.4,96.24,590.13,2,1
747.4,0.6,64.32,683.08,3,1
596.96,0.2,84.65,512.31,1,1
685.26,0.2,127.57,557.69,1,1
504.01,0.0,84.65,419.36,0,1
939.27,0.8,170.81,768.46,4,1
801.9,0.4,181.51,620.38,2,1
532.4,0.2,35.22,497.18,1,1
993.74,1.0,147.46,846.28,5,1
825.42,0.6,119.65,705.77,3,1
747.38,0.6,79.43,667.95,3,1
726.9,0.4,114.08,612.82,2,1
1091.69,1.4,120.03,971.67,7,1
726.89,0.4,98.95,627.95,2,1
659.95,0.2,140.08,519.87,1,1
515.29,0.0,58.11,457.18,0,1
570.82,0.2,58.51,512.31,1,1
770.43,0.6,94.92,675.51,3,1
813.51,0.6,122.86,690.64,3,1
744.32,0.4,101.24,643.08,2,1
998.23,1.0,167.08,831.15,5,1
854.34,0.8,108.57,745.77,4,1
812.56,0.6,114.35,698.21,3,1
683.23,0.4,70.41,612.82,2,1
796.29,0.6,105.65,690.64,3,1
864.88,0.8,126.68,738.21,4,1
627.6,0.2,100.16,527.44,1,1
1226.22,1.4,216.73,1009.49,7,1
807.94,0.6,124.86,683.08,3,1
588.74,0.2,76.43,512.31,1,1
728.4,0.4,138.27,590.13,2,1
693.63,0.4,126.19,567.44,2,1
765.24,0.6,89.73,675.51,3,1
868.75,0.6,178.11,690.64,3,1
654.36,0.2,134.49,519.87,1,1
