"Total_Cost","Ratio_Reloc_Prod","Horiz_Cost","Vert_Cost","nReloc","non_Optimal"
224572.33,0.4373,34371.53,190201.02,656,375
436.19,0.0,41.7,394.49,0,1
522.96,0.25,58.22,464.74,1,1
522.66,0.25,57.92,464.74,1,1
440.12,0.0,68.32,371.79,0,1
741.14,0.75,120.76,620.38,3,1
451.74,0.0,79.95,371.79,0,1
396.23,0.0,32.0,364.23,0,1
1120.85,2.0,134.05,986.79,8,1
401.04,0.0,36.81,364.23,0,1
528.93,0.25,56.62,472.31,1,1
655.35,0.75,87.92,567.44,3,1
643.64,0.5,85.95,557.69,2,1
872.56,1.25,134.35,738.21,5,1
414.76,0.0,35.41,379.36,0,1
615.93,0.5,96.05,519.87,2,1
563.59,0.25,113.97,449.62,1,1
642.48,0.5,92.35,550.13,2,1
906.45,1.25,122.86,783.59,5,1
633.86,0.5,83.73,550.13,2,1
519.9,0.0,148.11,371.79,0,1
711.93,0.75,91.54,620.38,3,1
448.58,0.0,84.35,364.23,0,1
668.12,0.75,70.43,597.69,3,1
450.06,0.0,63.14,386.92,0,1
624.33,0.5,104.46,519.87,2,1
890.44,1.25,144.68,745.77,5,1
511.71,0.25,92.35,419.36,1,1
656.88,0.5,106.76,550.13,2,1
525.12,0.25,52.81,472.31,1,1
655.57,0.75,88.14,567.44,3,1
523.79,0.25,43.92,479.87,1,1
638.15,0.5,133.41,504.74,2,1
769.72,1.0,71.51,698.21,4,1
640.12,0.5,82.43,557.69,2,1
471.41,0.0,92.05,379.36,0,1
372.24,0.0,30.7,341.54,0,1
672.21,0.75,89.65,582.56,3,1
613.43,0.5,78.43,535.0,2,1
409.31,0.0,37.51,371.79,0,1
492.58,0.25,35.41,457.18,1,1
752.75,0.75,109.68,643.08,3,1
680.93,0.5,168.62,512.31,2,1
556.97,0.25,122.49,434.49,1,1
684.32,0.5,134.19,550.13,2,1
560.15,0.25,87.84,472.31,1,1
345.82,0.0,19.41,326.41,0,1
347.22,0.0,20.81,326.41,0,1
548.89,0.25,99.27,449.62,1,1
631.68,0.5,104.24,527.44,2,1
525.16,0.25,75.54,449.62,1,1
750.18,0.75,99.54,650.64,3,1
459.05,0.0,102.38,356.67,0,1
549.72,0.25,92.54,457.18,1,1
610.25,0.5,97.95,512.31,2,1
721.64,0.5,171.51,550.13,2,1
551.47,0.0,172.11,379.36,0,1
948.03,1.25,187.14,760.9,5,1
1164.23,1.75,217.43,946.79,7,1
713.15,0.5,147.89,565.26,2,1
572.21,0.25,122.59,449.62,1,1
402.45,0.0,38.22,364.23,0,1
466.01,0.0,101.78,364.23,0,1
783.0,0.75,147.49,635.51,3,1
524.55,0.25,59.81,464.74,1,1
660.49,0.5,125.49,535.0,2,1
378.77,0.0,22.11,356.67,0,1
558.63,0.25,86.32,472.31,1,1
700.75,0.75,103.05,597.69,3,1
672.28,0.5,99.46,572.82,2,1
577.35,0.5,49.92,527.44,2,1
686.11,0.75,65.73,620.38,3,1
702.83,0.75,120.27,582.56,3,1
600.18,0.5,110.57,489.62,2,1
708.35,0.75,72.84,635.51,3,1
476.33,0.25,49.41,426.92,1,1
581.63,0.25,101.76,479.87,1,1
832.74,1.0,179.92,652.82,4,1
541.62,0.25,99.57,442.05,1,1
743.08,1.0,75.14,667.95,4,1
571.5,0.25,106.76,464.74,1,1
728.92,0.75,153.92,575.0,3,1
794.15,0.75,128.38,665.77,3,1
506.59,0.25,64.54,442.05,1,1
579.86,0.25,122.68,457.18,1,1
414.9,0.0,43.11,371.79,0,1
597.14,0.5,62.14,535.0,2,1
383.1,0.0,34.0,349.1,0,1
572.75,0.25,115.57,457.18,1,1
820.94,1.0,137.86,683.08,4,1
445.84,0.0,58.92,386.92,0,1
633.6,0.5,106.16,527.44,2,1
543.34,0.25,86.16,457.18,1,1
561.77,0.5,57.03,504.74,2,1
540.02,0.25,82.84,457.18,1,1
458.83,0.0,102.16,356.67,0,1
401.91,0.0,52.81,349.1,0,1
408.99,0.0,52.32,356.67,0,1
379.54,0.0,38.0,341.54,0,1
385.54,0.0,44.0,341.54,0,1
413.79,0.0,42.0,371.79,0,1
415.19,0.0,73.65,341.54,0,1
675.57,0.5,155.7,519.87,2,1
609.1,0.25,151.92,457.18,1,1
393.37,0.0,36.7,356.67,0,1
477.19,0.25,42.7,434.49,1,1
520.94,0.25,71.32,449.62,1,1
576.75,0.25,119.57,457.18,1,1
674.56,0.75,84.43,590.13,3,1
565.91,0.25,101.16,464.74,1,1
521.51,0.25,79.46,442.05,1,1
380.51,0.0,31.41,349.1,0,1
531.66,0.25,66.92,464.74,1,1
612.19,0.5,69.62,542.56,2,1
410.67,0.0,54.0,356.67,0,1
379.1,0.0,30.0,349.1,0,1
496.01,0.0,131.78,364.23,0,1
378.54,0.0,37.0,341.54,0,1
457.74,0.0,85.95,371.79,0,1
521.4,0.25,64.22,457.18,1,1
691.59,0.75,101.46,590.13,3,1
765.61,0.75,114.97,650.64,3,1
538.62,0.25,96.57,442.05,1,1
567.01,0.25,102.27,464.74,1,1
623.49,0.5,96.05,527.44,2,1
954.89,1.25,186.43,768.46,5,1
712.72,0.75,107.46,605.26,3,1
584.17,0.25,111.86,472.31,1,1
666.76,0.75,91.76,575.0,3,1
617.31,0.25,145.0,472.31,1,1
540.47,0.25,75.73,464.74,1,1
417.34,0.0,53.11,364.23,0,1
523.89,0.25,81.84,442.05,1,1
646.22,0.5,118.78,527.44,2,1
801.71,1.0,80.81,720.9,4,1
372.51,0.0,23.41,349.1,0,1
580.04,0.25,122.86,457.18,1,1
667.98,0.75,100.54,567.44,3,1
393.48,0.0,36.81,356.67,0,1
781.7,0.75,146.19,635.51,3,1
560.16,0.5,70.54,489.62,2,1
623.73,0.5,88.73,535.0,2,1
966.09,1.5,165.19,800.9,6,1
722.39,0.75,109.57,612.82,3,1
780.02,1.0,96.95,683.08,4,1
876.83,1.0,178.62,698.21,4,1
580.14,0.25,100.27,479.87,1,1
373.81,0.0,24.7,349.1,0,1
553.74,0.25,81.43,472.31,1,1
459.23,0.0,102.57,356.67,0,1
622.6,0.5,95.16,527.44,2,1
575.39,0.25,110.65,464.74,1,1
527.01,0.25,54.7,472.31,1,1
401.77,0.0,45.11,356.67,0,1
514.55,0.25,49.81,464.74,1,1
495.56,0.25,53.51,442.05,1,1
593.92,0.5,58.92,535.0,2,1
634.6,0.5,107.16,527.44,2,1
387.1,0.0,38.0,349.1,0,1
1019.05,1.5,203.03,816.03,6,1
574.41,0.25,94.54,479.87,1,1
775.16,1.0,99.65,675.51,4,1
471.34,0.0,114.68,356.67,0,1
450.34,0.0,93.68,356.67,0,1
613.08,0.5,85.65,527.44,2,1
692.14,0.5,164.7,527.44,2,1
579.31,0.25,114.57,464.74,1,1
805.08,1.0,129.57,675.51,4,1
415.59,0.0,58.92,356.67,0,1
412.74,0.0,48.51,364.23,0,1
421.64,0.0,72.54,349.1,0,1
452.54,0.0,65.62,386.92,0,1
380.54,0.0,39.0,341.54,0,1
789.89,1.0,114.38,675.51,4,1
702.26,0.75,104.57,597.69,3,1
399.21,0.0,50.11,349.1,0,1
387.54,0.0,46.0,341.54,0,1
725.36,1.0,72.54,652.82,4,1
700.33,0.75,79.95,620.38,3,1
726.43,0.75,90.92,635.51,3,1
720.27,0.75,92.32,627.95,3,1
444.18,0.0,79.95,364.23,0,1
807.73,1.0,139.78,667.95,4,1
482.05,0.25,40.0,442.05,1,1
920.82,1.25,159.92,760.9,5,1
615.59,0.5,73.03,542.56,2,1
477.69,0.0,113.46,364.23,0,1
442.72,0.0,86.05,356.67,0,1
708.58,0.75,95.76,612.82,3,1
643.03,0.5,123.16,519.87,2,1
613.03,0.5,78.03,535.0,2,1
581.93,0.5,69.62,512.31,2,1
388.1,0.0,39.0,349.1,0,1
465.2,0.0,100.97,364.23,0,1
437.42,0.0,80.76,356.67,0,1
496.67,0.25,54.62,442.05,1,1
586.41,0.5,51.41,535.0,2,1
675.19,0.5,140.19,535.0,2,1
651.59,0.75,69.03,582.56,3,1
629.54,0.75,62.11,567.44,3,1
568.24,0.25,126.19,442.05,1,1
487.41,0.25,52.92,434.49,1,1
497.46,0.25,55.41,442.05,1,1
736.92,0.75,108.97,627.95,3,1
523.83,0.25,74.22,449.62,1,1
733.11,0.75,105.16,627.95,3,1
416.15,0.0,51.92,364.23,0,1
595.92,0.5,60.92,535.0,2,1
533.66,0.25,68.92,464.74,1,1
773.26,0.75,183.14,590.13,3,1
614.7,0.5,72.14,542.56,2,1
703.17,0.5,175.73,527.44,2,1
598.83,0.5,101.65,497.18,2,1
679.53,0.75,81.84,597.69,3,1
794.51,0.75,159.0,635.51,3,1
504.46,0.25,62.41,442.05,1,1
638.58,0.5,73.32,565.26,2,1
949.77,1.5,111.05,838.72,6,1
508.24,0.25,58.62,449.62,1,1
411.61,0.0,39.81,371.79,0,1
405.69,0.0,49.03,356.67,0,1
625.63,0.5,105.76,519.87,2,1
423.26,0.0,59.03,364.23,0,1
753.83,0.75,110.76,643.08,3,1
407.69,0.0,51.03,356.67,0,1
508.82,0.25,89.46,419.36,1,1
692.23,0.5,126.97,565.26,2,1
654.18,0.5,104.05,550.13,2,1
517.48,0.25,75.43,442.05,1,1
575.49,0.5,55.62,519.87,2,1
499.62,0.25,50.0,449.62,1,1
391.51,0.0,42.41,349.1,0,1
598.54,0.5,71.11,527.44,2,1
590.02,0.5,107.97,482.05,2,1
568.69,0.25,103.95,464.74,1,1
649.81,0.5,122.38,527.44,2,1
1005.31,1.5,219.54,785.77,6,1
875.8,1.25,137.59,738.21,5,1
893.39,1.0,187.62,705.77,4,1
537.72,0.25,80.54,457.18,1,1
766.14,0.75,138.19,627.95,3,1
513.21,0.25,56.03,457.18,1,1
769.57,0.75,149.19,620.38,3,1
520.89,0.25,78.84,442.05,1,1
899.39,1.0,193.62,705.77,4,1
410.45,0.0,46.22,364.23,0,1
792.87,1.0,132.49,660.38,4,1
438.56,0.0,89.46,349.1,0,1
576.41,0.5,109.49,466.92,2,1
513.3,0.25,93.95,419.36,1,1
490.56,0.25,48.51,442.05,1,1
701.85,0.75,89.03,612.82,3,1
636.26,0.5,86.14,550.13,2,1
872.14,1.25,111.24,760.9,5,1
390.93,0.0,26.7,364.23,0,1
408.85,0.0,44.62,364.23,0,1
444.78,0.0,95.68,349.1,0,1
707.72,0.75,102.46,605.26,3,1
381.62,0.0,32.51,349.1,0,1
519.81,0.25,77.76,442.05,1,1
673.83,0.5,116.14,557.69,2,1
780.37,1.0,89.73,690.64,4,1
649.78,0.5,99.65,550.13,2,1
523.94,0.25,74.32,449.62,1,1
688.56,0.5,146.0,542.56,2,1
392.51,0.0,43.41,349.1,0,1
663.65,0.75,88.65,575.0,3,1
539.34,0.25,82.16,457.18,1,1
418.75,0.0,69.65,349.1,0,1
669.13,0.5,126.57,542.56,2,1
768.97,0.75,133.46,635.51,3,1
844.99,1.0,146.78,698.21,4,1
729.37,0.75,131.68,597.69,3,1
676.84,0.5,149.41,527.44,2,1
872.88,1.0,167.11,705.77,4,1
849.99,1.25,104.22,745.77,5,1
580.57,0.5,60.7,519.87,2,1
450.39,0.0,71.03,379.36,0,1
567.49,0.5,47.62,519.87,2,1
826.95,1.0,106.05,720.9,4,1
758.13,0.75,115.05,643.08,3,1
630.34,0.5,80.22,550.13,2,1
798.36,1.0,85.03,713.33,4,1
1014.63,1.5,160.78,853.85,6,1
423.2,0.0,51.41,371.79,0,1
543.47,0.25,78.73,464.74,1,1
568.26,0.25,118.65,449.62,1,1
894.18,1.25,103.03,791.15,5,1
379.65,0.0,38.11,341.54,0,1
657.51,0.75,74.95,582.56,3,1
1045.38,1.75,143.97,901.41,7,1
769.07,1.0,78.43,690.64,4,1
791.33,1.0,78.0,713.33,4,1
1022.4,1.5,145.86,876.54,6,1
429.68,0.0,50.32,379.36,0,1
752.17,0.75,131.78,620.38,3,1
607.79,0.5,80.35,527.44,2,1
576.96,0.25,119.78,457.18,1,1
448.34,0.0,76.54,371.79,0,1
438.82,0.0,67.03,371.79,0,1
638.41,0.5,110.97,527.44,2,1
580.66,0.5,75.92,504.74,2,1
664.51,0.75,81.95,582.56,3,1
556.79,0.25,76.92,479.87,1,1
713.51,0.75,123.38,590.13,3,1
420.85,0.0,56.62,364.23,0,1
792.04,1.0,93.84,698.21,4,1
505.56,0.25,63.51,442.05,1,1
633.16,0.5,83.03,550.13,2,1
600.01,0.5,80.14,519.87,2,1
438.66,0.0,74.43,364.23,0,1
767.33,0.75,139.38,627.95,3,1
777.14,0.75,149.19,627.95,3,1
390.77,0.0,34.11,356.67,0,1
462.98,0.25,43.62,419.36,1,1
434.56,0.0,85.46,349.1,0,1
743.13,0.75,153.0,590.13,3,1
408.69,0.0,52.03,356.67,0,1
830.46,1.0,162.51,667.95,4,1
551.62,0.25,109.57,442.05,1,1
370.81,0.0,21.7,349.1,0,1
600.73,0.5,65.73,535.0,2,1
582.54,0.5,55.11,527.44,2,1
579.72,0.25,114.97,464.74,1,1
526.75,0.25,77.14,449.62,1,1
591.23,0.25,126.49,464.74,1,1
661.9,0.5,149.59,512.31,2,1
442.93,0.0,71.14,371.79,0,1
488.7,0.25,54.22,434.49,1,1
613.38,0.5,85.95,527.44,2,1
654.16,0.75,64.03,590.13,3,1
373.54,0.0,32.0,341.54,0,1
684.92,0.75,102.35,582.56,3,1
415.23,0.0,51.0,364.23,0,1
374.24,0.0,32.7,341.54,0,1
388.62,0.0,39.51,349.1,0,1
602.57,0.75,42.7,559.87,3,1
526.08,0.25,84.03,442.05,1,1
596.32,0.5,61.32,535.0,2,1
700.59,0.75,110.46,590.13,3,1
448.49,0.0,69.14,379.36,0,1
660.38,0.5,125.38,535.0,2,1
568.39,0.25,103.65,464.74,1,1
609.55,0.25,129.68,479.87,1,1
777.11,0.75,141.59,635.51,3,1
373.1,0.0,24.0,349.1,0,1
938.13,1.25,162.11,776.03,5,1
803.32,1.0,112.68,690.64,4,1
634.4,0.5,91.84,542.56,2,1
587.85,0.5,75.54,512.31,2,1
642.58,0.25,177.84,464.74,1,1
627.7,0.5,85.14,542.56,2,1
410.5,0.0,53.84,356.67,0,1
823.78,1.0,140.7,683.08,4,1
488.11,0.25,53.62,434.49,1,1
769.73,1.0,86.65,683.08,4,1
433.32,0.0,76.65,356.67,0,1
573.44,0.5,61.14,512.31,2,1
710.18,0.75,104.92,605.26,3,1
748.62,0.5,206.05,542.56,2,1
654.34,0.5,96.65,557.69,2,1
735.08,0.75,152.51,582.56,3,1
406.23,0.0,42.0,364.23,0,1
707.32,0.75,71.81,635.51,3,1
592.53,0.5,95.35,497.18,2,1
422.45,0.0,58.22,364.23,0,1
563.36,0.25,144.0,419.36,1,1
480.6,0.0,101.24,379.36,0,1
788.3,0.75,152.78,635.51,3,1
887.62,1.25,119.16,768.46,5,1
415.85,0.0,51.62,364.23,0,1
547.63,0.25,75.32,472.31,1,1
753.12,0.75,140.3,612.82,3,1
532.79,0.25,105.86,426.92,1,1
580.99,0.25,116.24,464.74,1,1
506.44,0.0,127.08,379.36,0,1
