"Total_Cost","Ratio_Reloc_Prod","Horiz_Cost","Vert_Cost","nReloc","non_Optimal"
233625.07,0.4627,41079.48,192545.63,694,135
558.08,0.0,55.51,502.56,0,0
651.58,0.2,86.32,565.26,1,0
651.26,0.2,101.14,550.13,1,0
876.25,0.6,155.35,720.9,3,1
563.09,0.0,98.35,464.74,0,0
787.83,0.6,104.76,683.08,3,1
962.68,1.0,108.84,853.85,5,0
622.88,0.2,57.62,565.26,1,1
776.35,0.6,100.84,675.51,3,0
1223.93,1.4,184.19,1039.74,7,1
487.72,0.0,38.11,449.62,0,0
720.79,0.4,107.97,612.82,2,0
779.9,0.4,159.51,620.38,2,0
858.54,0.6,114.95,743.59,3,0
1060.05,1.0,168.38,891.67,5,0
570.15,0.0,112.97,457.18,0,0
838.44,0.6,132.68,705.77,3,0
661.5,0.2,96.24,565.26,1,1
727.63,0.4,107.24,620.38,2,0
736.69,0.4,123.86,612.82,2,0
1058.44,1.0,204.59,853.85,5,0
756.55,0.4,136.16,620.38,2,0
734.81,0.4,91.73,643.08,2,0
653.37,0.2,103.24,550.13,1,1
732.18,0.4,81.54,650.64,2,0
852.55,0.6,146.78,705.77,3,0
747.62,0.4,104.54,643.08,2,0
787.66,0.4,129.46,658.21,2,0
643.58,0.2,78.32,565.26,1,1
588.66,0.0,116.35,472.31,0,0
655.28,0.2,90.03,565.26,1,0
684.91,0.2,119.65,565.26,1,1
1020.17,0.8,206.32,813.85,4,1
702.27,0.2,174.84,527.44,1,0
649.02,0.2,106.46,542.56,1,1
717.15,0.2,151.89,565.26,1,0
522.64,0.0,73.03,449.62,0,0
561.92,0.0,119.86,442.05,0,1
758.98,0.4,146.16,612.82,2,1
685.99,0.4,80.73,605.26,2,0
850.44,0.6,129.54,720.9,3,1
669.22,0.2,141.78,527.44,1,0
481.74,0.0,69.95,411.79,0,0
1039.62,0.8,271.16,768.46,4,0
912.97,0.6,222.32,690.64,3,0
1183.42,1.0,284.19,899.23,5,1
1091.67,1.0,215.14,876.54,5,0
791.06,0.2,218.24,572.82,1,0
651.99,0.2,101.86,550.13,1,0
889.84,0.6,161.38,728.46,3,1
779.31,0.4,113.54,665.77,2,0
707.01,0.2,134.19,572.82,1,1
490.75,0.0,48.7,442.05,0,0
1012.28,1.2,118.43,893.85,6,1
676.85,0.2,119.16,557.69,1,1
905.04,0.8,106.32,798.72,4,0
813.51,0.6,122.86,690.64,3,1
823.51,0.6,132.86,690.64,3,0
1007.61,1.0,168.89,838.72,5,0
614.17,0.2,86.73,527.44,1,0
1050.27,0.8,266.68,783.59,4,0
1088.23,1.0,241.95,846.28,5,0
884.01,0.8,130.68,753.33,4,1
731.98,0.2,151.59,580.38,1,0
861.71,0.6,148.38,713.33,3,0
828.23,0.4,154.89,673.33,2,0
576.45,0.0,119.27,457.18,0,1
713.31,0.2,148.05,565.26,1,1
644.28,0.2,79.03,565.26,1,0
579.69,0.0,114.95,464.74,0,1
653.16,0.2,103.03,550.13,1,0
816.99,0.6,126.35,690.64,3,1
690.37,0.2,132.68,557.69,1,1
621.69,0.2,64.0,557.69,1,1
838.35,0.6,155.27,683.08,3,0
554.86,0.0,105.24,449.62,0,1
511.97,0.0,69.92,442.05,0,0
454.12,0.0,42.32,411.79,0,1
465.28,0.0,45.92,419.36,0,0
634.21,0.2,76.51,557.69,1,0
667.85,0.2,110.16,557.69,1,1
808.99,0.4,218.86,590.13,2,0
533.7,0.0,91.65,442.05,0,0
466.92,0.0,40.0,426.92,0,1
731.96,0.4,134.27,597.69,2,1
818.74,0.6,97.84,720.9,3,0
714.8,0.2,157.11,557.69,1,0
718.31,0.4,113.05,605.26,2,1
436.9,0.0,25.11,411.79,0,1
745.77,0.6,92.95,652.82,3,1
618.03,0.2,83.03,535.0,1,0
589.9,0.2,70.03,519.87,1,1
695.0,0.2,160.0,535.0,1,0
534.95,0.0,100.46,434.49,0,1
502.75,0.0,60.7,442.05,0,0
1123.64,1.0,239.54,884.1,5,1
1079.84,0.8,250.86,828.97,4,0
611.81,0.2,76.81,535.0,1,1
787.35,0.4,144.27,643.08,2,1
981.54,0.8,197.95,783.59,4,1
826.26,0.6,128.05,698.21,3,0
835.78,0.6,152.7,683.08,3,1
700.59,0.4,110.46,590.13,2,0
866.24,0.6,175.59,690.64,3,1
504.48,0.0,62.43,442.05,0,0
677.54,0.2,150.11,527.44,1,1
1080.39,1.2,141.16,939.23,6,1
477.62,0.0,28.0,449.62,0,0
722.85,0.4,125.16,597.69,2,1
623.48,0.0,166.3,457.18,0,0
795.83,0.6,112.76,683.08,3,1
523.29,0.0,81.24,442.05,0,0
844.83,0.6,154.19,690.64,3,0
1000.58,1.0,161.86,838.72,5,0
872.76,0.6,144.3,728.46,3,0
1222.07,1.2,237.46,984.62,6,0
656.01,0.2,90.76,565.26,1,0
765.52,0.4,137.57,627.95,2,1
660.0,0.2,117.43,542.56,1,0
686.91,0.4,81.65,605.26,2,1
842.18,0.4,183.97,658.21,2,0
850.28,0.6,136.95,713.33,3,1
600.89,0.2,58.32,542.56,1,1
591.56,0.0,134.38,457.18,0,1
518.98,0.0,92.05,426.92,0,1
570.75,0.0,113.57,457.18,0,1
1096.81,0.8,434.24,662.56,4,1
1005.2,0.8,191.35,813.85,4,1
862.87,0.6,141.97,720.9,3,0
600.18,0.0,143.0,457.18,0,0
739.36,0.2,174.11,565.26,1,1
833.46,0.6,150.38,683.08,3,0
891.49,0.6,170.59,720.9,3,1
650.54,0.2,115.54,535.0,1,0
486.6,0.0,67.24,419.36,0,1
527.16,0.2,45.11,482.05,1,1
757.57,0.6,89.62,667.95,3,0
943.27,0.8,159.68,783.59,4,1
482.05,0.0,40.0,442.05,0,1
450.42,0.0,38.62,411.79,0,0
448.45,0.0,44.22,404.23,0,1
766.27,0.6,90.76,675.51,3,0
971.95,0.8,150.54,821.41,4,0
683.58,0.4,78.32,605.26,2,1
672.82,0.2,107.57,565.26,1,1
857.57,0.8,81.54,776.03,4,1
671.2,0.2,105.95,565.26,1,0
964.75,0.8,173.59,791.15,4,1
553.51,0.0,111.46,442.05,0,0
845.29,0.4,202.22,643.08,2,0
1235.99,1.2,311.89,924.1,6,1
763.56,0.4,105.35,658.21,2,1
824.74,0.6,103.84,720.9,3,1
540.8,0.0,83.62,457.18,0,1
615.79,0.4,55.92,559.87,2,1
569.28,0.2,49.41,519.87,1,0
605.73,0.2,70.73,535.0,1,1
855.65,0.4,280.65,575.0,2,1
779.1,0.6,96.03,683.08,3,0
1020.72,1.0,182.0,838.72,5,0
822.88,0.6,117.11,705.77,3,1
1230.35,1.6,173.3,1057.05,8,1
640.92,0.4,65.92,575.0,2,1
1015.72,1.0,177.0,838.72,5,0
567.23,0.2,54.92,512.31,1,1
1060.26,1.2,136.16,924.1,6,1
1551.82,0.6,899.0,652.82,3,1
755.09,0.2,189.84,565.26,1,1
1066.1,0.8,267.38,798.72,4,0
749.39,0.4,136.57,612.82,2,1
1132.15,1.4,160.49,971.67,7,1
755.08,0.4,127.14,627.95,2,0
1042.23,1.0,135.43,906.79,5,1
1029.76,1.0,160.78,868.97,5,0
531.85,0.0,67.11,464.74,0,0
548.42,0.0,91.24,457.18,0,1
682.34,0.2,124.65,557.69,1,0
803.57,0.6,128.05,675.51,3,1
622.7,0.2,80.14,542.56,1,1
533.36,0.2,66.43,466.92,1,0
703.22,0.2,168.22,535.0,1,1
670.29,0.2,120.16,550.13,1,0
732.16,0.6,64.22,667.95,3,1
601.0,0.2,66.0,535.0,1,0
803.27,0.6,127.76,675.51,3,1
775.27,0.6,107.32,667.95,3,1
1039.56,1.0,208.41,831.15,5,1
588.68,0.2,68.81,519.87,1,0
1049.07,1.0,210.35,838.72,5,0
1283.35,1.4,220.92,1062.44,7,1
826.8,0.4,168.59,658.21,2,0
959.48,0.6,208.32,751.15,3,0
744.73,0.4,101.65,643.08,2,1
655.0,0.2,127.57,527.44,1,0
1236.25,1.2,274.32,961.92,6,0
654.91,0.2,89.65,565.26,1,0
807.64,0.6,124.57,683.08,3,0
678.11,0.2,150.68,527.44,1,0
787.03,0.4,159.08,627.95,2,1
551.45,0.0,94.27,457.18,0,0
911.75,0.6,168.16,743.59,3,0
737.21,0.4,94.14,643.08,2,1
874.47,0.8,113.57,760.9,4,0
969.58,1.0,115.73,853.85,5,0
562.75,0.0,105.57,457.18,0,0
648.79,0.4,81.35,567.44,2,1
457.31,0.0,45.51,411.79,0,1
611.54,0.2,76.54,535.0,1,0
903.05,0.8,119.46,783.59,4,0
899.56,0.6,155.97,743.59,3,0
775.12,0.4,162.3,612.82,2,0
614.95,0.4,47.51,567.44,2,0
498.51,0.0,64.03,434.49,0,0
617.85,0.0,153.11,464.74,0,1
592.67,0.2,103.05,489.62,1,1
1134.17,1.2,187.38,946.79,6,0
673.96,0.2,101.14,572.82,1,0
1053.9,1.0,207.62,846.28,5,0
906.03,0.8,137.57,768.46,4,1
862.57,0.6,126.54,736.03,3,0
813.42,0.8,75.22,738.21,4,1
732.4,0.4,89.32,643.08,2,0
793.42,0.4,127.65,665.77,2,0
934.92,0.8,158.89,776.03,4,0
826.22,0.6,105.32,720.9,3,0
967.95,0.8,146.54,821.41,4,1
671.18,0.2,105.92,565.26,1,0
619.37,0.2,76.81,542.56,1,0
802.86,0.4,159.78,643.08,2,0
867.86,0.6,131.84,736.03,3,0
940.38,0.8,171.92,768.46,4,0
1113.75,1.2,182.08,931.67,6,1
910.86,0.8,127.27,783.59,4,0
1058.01,1.2,111.22,946.79,6,0
995.77,1.0,149.49,846.28,5,0
1507.22,0.8,791.7,715.51,4,1
700.38,0.4,72.43,627.95,2,1
865.03,0.8,104.14,760.9,4,1
614.62,0.2,79.62,535.0,1,0
814.64,0.6,131.57,683.08,3,0
884.7,0.8,154.05,730.64,4,1
766.79,0.4,153.97,612.82,2,1
575.1,0.0,125.49,449.62,0,1
707.36,0.6,62.11,645.26,3,1
796.25,0.6,82.92,713.33,3,0
542.26,0.0,77.51,464.74,0,1
703.92,0.6,81.35,622.56,3,1
757.57,0.4,137.19,620.38,2,1
1032.34,0.8,233.62,798.72,4,0
827.61,0.6,136.97,690.64,3,1
654.14,0.2,134.27,519.87,1,1
535.51,0.0,93.46,442.05,0,0
866.4,0.6,183.32,683.08,3,0
852.96,0.8,61.81,791.15,4,1
1002.39,1.0,163.68,838.72,5,0
539.18,0.0,74.43,464.74,0,0
526.86,0.0,77.24,449.62,0,0
682.48,0.4,92.35,590.13,2,0
688.2,0.2,122.95,565.26,1,0
976.43,0.8,200.41,776.03,4,0
948.53,0.8,210.32,738.21,4,0
696.18,0.4,90.92,605.26,2,1
996.63,1.0,142.78,853.85,5,0
666.61,0.2,101.35,565.26,1,1
560.28,0.0,95.54,464.74,0,1
442.61,0.0,30.81,411.79,0,0
549.84,0.2,75.35,474.49,1,0
515.84,0.0,81.35,434.49,0,1
686.6,0.4,119.16,567.44,2,0
577.91,0.0,113.16,464.74,0,0
559.73,0.0,117.68,442.05,0,0
659.59,0.2,109.46,550.13,1,0
1057.64,1.2,178.92,878.72,6,1
1054.92,1.0,178.38,876.54,5,1
802.37,0.4,144.16,658.21,2,1
440.06,0.0,20.7,419.36,0,0
996.32,0.8,212.73,783.59,4,0
746.27,0.4,110.76,635.51,2,0
713.72,0.2,163.59,550.13,1,1
924.98,0.8,156.51,768.46,4,1
1557.95,0.8,850.0,707.95,4,1
746.05,0.4,110.54,635.51,2,1
686.18,0.2,128.49,557.69,1,0
1089.84,1.2,173.3,916.54,6,0
805.48,0.4,162.41,643.08,2,1
1007.64,1.0,176.49,831.15,5,1
1244.34,1.2,297.54,946.79,6,0
713.5,0.2,140.68,572.82,1,0
1120.6,1.2,211.62,908.97,6,1
843.28,0.6,129.95,713.33,3,0
911.65,0.8,143.19,768.46,4,0
717.23,0.4,111.97,605.26,2,0
1024.65,0.8,256.19,768.46,4,0
961.14,0.4,386.14,575.0,2,1
815.85,0.6,117.65,698.21,3,1
590.85,0.2,78.54,512.31,1,1
1108.8,1.2,169.57,939.23,6,1
970.96,0.8,179.81,791.15,4,0
906.71,0.6,193.38,713.33,3,0
862.39,0.6,164.19,698.21,3,1
