"Total_Cost","Ratio_Reloc_Prod","Horiz_Cost","Vert_Cost","nReloc","non_Optimal"
268381.65,0.7747,57244.72,211136.89,1162,181
642.01,0.4,89.7,552.31,2,0
743.78,0.6,128.78,615.0,3,0
982.59,1.0,219.51,763.08,5,0
668.59,0.2,186.54,482.05,1,0
794.62,0.6,179.62,615.0,3,0
651.6,0.4,91.73,559.87,2,0
834.9,0.8,142.08,692.82,4,1
975.43,1.0,166.97,808.46,5,1
986.17,1.0,245.78,740.38,5,1
930.45,1.0,205.19,725.26,5,1
742.16,0.6,127.16,615.0,3,0
766.25,0.6,113.43,652.82,3,0
870.46,0.8,207.89,662.56,4,1
664.15,0.4,126.97,537.18,2,0
991.07,0.8,252.86,738.21,4,1
803.59,0.6,188.59,615.0,3,0
1400.9,1.8,318.97,1081.92,9,1
660.55,0.4,108.24,552.31,2,0
1072.39,1.2,254.19,818.21,6,1
481.44,0.0,69.65,411.79,0,0
744.42,0.6,99.16,645.26,3,1
1077.56,1.2,206.41,871.15,6,1
670.17,0.4,117.86,552.31,2,0
563.73,0.2,89.24,474.49,1,0
1020.52,1.2,187.19,833.33,6,1
574.03,0.2,99.54,474.49,1,0
855.45,0.8,117.24,738.21,4,1
965.83,1.0,195.19,770.64,5,1
1787.56,2.0,642.95,1144.62,10,1
610.79,0.2,159.0,451.79,1,0
502.65,0.0,75.73,426.92,0,0
793.29,0.6,170.73,622.56,3,0
834.87,0.8,142.05,692.82,4,0
681.33,0.4,121.46,559.87,2,0
529.47,0.0,125.24,404.23,0,0
974.06,1.0,165.59,808.46,5,1
627.49,0.2,153.0,474.49,1,1
598.69,0.2,146.89,451.79,1,0
1069.38,1.2,220.92,848.46,6,1
910.56,1.0,132.35,778.21,5,1
1092.39,1.2,259.05,833.33,6,1
1515.0,2.0,377.95,1137.05,10,1
516.6,0.0,97.24,419.36,0,0
794.01,0.8,93.62,700.38,4,1
1547.19,2.4,209.11,1338.08,12,1
456.4,0.0,59.73,396.67,0,0
1074.24,1.0,303.59,770.64,5,1
1120.47,1.0,327.14,793.33,5,1
1211.37,1.6,199.7,1011.67,8,1
736.35,0.6,121.35,615.0,3,0
880.35,0.8,157.27,723.08,4,1
1082.15,1.2,211.0,871.15,6,1
988.44,1.0,202.68,785.77,5,1
1156.12,1.4,237.41,918.72,7,1
915.61,0.8,184.97,730.64,4,1
1178.94,1.4,275.35,903.59,7,1
685.68,0.2,218.76,466.92,1,0
601.16,0.2,126.68,474.49,1,0
623.45,0.4,78.7,544.74,2,0
769.95,0.6,94.43,675.51,3,1
1056.95,1.2,223.62,833.33,6,1
803.15,0.6,157.89,645.26,3,1
932.52,1.0,131.62,800.9,5,1
479.56,0.0,75.32,404.23,0,0
742.16,0.6,112.03,630.13,3,1
569.62,0.2,80.0,489.62,1,0
733.41,0.6,125.97,607.44,3,0
511.98,0.0,92.62,419.36,0,0
1239.18,1.6,219.95,1019.23,8,1
593.72,0.2,96.54,497.18,1,0
496.74,0.0,84.95,411.79,0,0
497.48,0.0,100.81,396.67,0,0
688.78,0.4,98.65,590.13,2,0
691.14,0.4,116.14,575.0,2,0
1049.87,1.2,148.46,901.41,6,1
792.69,0.6,139.86,652.82,3,1
698.32,0.4,115.76,582.56,2,1
1087.79,1.2,239.32,848.46,6,1
1061.16,1.2,212.7,848.46,6,1
727.52,0.4,175.22,552.31,2,0
1159.55,1.4,218.14,941.41,7,1
1416.81,2.0,234.38,1182.44,10,1
1205.36,1.6,163.43,1041.92,8,1
594.83,0.2,97.65,497.18,1,1
704.02,0.4,174.41,529.62,2,0
586.36,0.2,119.43,466.92,1,0
770.66,0.6,117.84,652.82,3,0
1941.18,1.8,768.49,1172.69,9,1
522.24,0.0,87.76,434.49,0,0
494.93,0.0,83.14,411.79,0,0
725.46,0.6,57.51,667.95,3,0
471.3,0.0,36.81,434.49,0,0
1755.81,1.8,605.81,1150.0,9,1
782.6,0.6,175.16,607.44,3,0
1561.86,1.8,457.24,1104.62,9,1
720.26,0.4,175.51,544.74,2,0
1395.66,1.6,376.43,1019.23,8,1
710.73,0.4,128.16,582.56,2,0
1096.58,1.2,210.3,886.28,6,1
714.55,0.4,154.68,559.87,2,1
674.3,0.4,106.86,567.44,2,0
1135.21,1.2,271.62,863.59,6,1
719.84,0.6,104.84,615.0,3,0
871.86,0.8,148.78,723.08,4,0
675.33,0.4,115.46,559.87,2,1
485.52,0.0,73.73,411.79,0,0
954.72,1.0,131.14,823.59,5,1
789.1,0.4,206.54,582.56,2,1
1137.27,1.4,188.3,948.97,7,1
538.84,0.2,71.92,466.92,1,0
480.28,0.0,60.92,419.36,0,0
979.71,1.0,186.38,793.33,5,1
1215.08,1.6,226.11,988.97,8,1
1079.89,1.2,216.3,863.59,6,0
588.57,0.2,121.65,466.92,1,0
872.63,0.8,172.24,700.38,4,0
505.29,0.0,108.62,396.67,0,0
1027.07,1.0,248.86,778.21,5,1
480.05,0.0,38.0,442.05,0,1
1140.55,1.4,214.27,926.28,7,1
833.16,0.6,165.22,667.95,3,1
827.1,0.6,189.41,637.69,3,0
817.42,0.6,164.59,652.82,3,1
859.17,0.8,166.35,692.82,4,1
715.4,0.6,92.84,622.56,3,1
997.06,1.2,95.65,901.41,6,1
1209.91,1.4,238.24,971.67,7,1
813.76,0.6,153.38,660.38,3,0
1142.23,1.4,223.51,918.72,7,1
1033.14,1.2,131.73,901.41,6,1
975.05,1.0,143.89,831.15,5,1
1009.53,0.8,324.27,685.26,4,1
842.55,0.8,157.3,685.26,4,1
1211.68,1.4,262.7,948.97,7,1
784.21,0.6,161.65,622.56,3,1
1075.18,1.2,211.59,863.59,6,1
789.69,0.6,136.86,652.82,3,1
747.58,0.6,102.32,645.26,3,1
1181.66,1.4,187.3,994.36,7,1
1169.9,1.4,243.62,926.28,7,1
479.16,0.0,37.11,442.05,0,0
494.49,0.0,60.0,434.49,0,0
936.92,1.0,128.46,808.46,5,1
967.4,1.0,211.89,755.51,5,1
962.86,1.0,139.27,823.59,5,1
846.99,0.6,209.3,637.69,3,1
1336.36,1.6,302.0,1034.36,8,1
851.95,0.8,151.57,700.38,4,1
996.67,1.0,226.03,770.64,5,1
1499.56,1.8,394.95,1104.62,9,1
645.44,0.4,78.0,567.44,2,0
992.41,1.0,191.51,800.9,5,1
772.66,0.6,119.84,652.82,3,0
835.23,0.8,149.97,685.26,4,1
919.8,1.0,134.03,785.77,5,1
840.01,0.8,154.76,685.26,4,1
956.84,0.8,256.46,700.38,4,1
1016.93,1.2,130.65,886.28,6,1
1050.95,1.2,141.97,908.97,6,1
675.17,0.4,122.86,552.31,2,0
950.82,0.8,265.57,685.26,4,1
965.16,0.8,249.65,715.51,4,1
873.3,0.8,157.78,715.51,4,1
648.9,0.4,89.03,559.87,2,0
715.86,0.4,140.86,575.0,2,1
1730.07,2.0,456.86,1273.21,10,1
488.97,0.0,46.92,442.05,0,0
587.63,0.2,75.32,512.31,1,0
939.49,1.0,183.97,755.51,5,1
900.23,0.8,207.41,692.82,4,1
1003.37,1.0,232.73,770.64,5,1
471.15,0.0,66.92,404.23,0,0
1131.11,1.2,229.7,901.41,6,1
798.65,0.6,191.22,607.44,3,1
817.83,0.8,155.27,662.56,4,1
889.16,0.8,181.22,707.95,4,1
960.1,0.8,229.46,730.64,4,1
1210.61,1.6,191.38,1019.23,8,1
1016.66,1.0,223.32,793.33,5,0
1014.49,1.2,158.46,856.03,6,1
906.52,0.6,238.57,667.95,3,1
1062.36,1.2,176.08,886.28,6,1
560.23,0.0,156.0,404.23,0,0
947.79,0.8,247.41,700.38,4,1
1437.46,1.6,395.54,1041.92,8,1
1104.22,1.2,210.38,893.85,6,1
739.64,0.4,210.03,529.62,2,0
1161.37,1.2,358.3,803.08,6,1
728.36,0.6,83.11,645.26,3,0
481.88,0.0,77.65,404.23,0,0
747.23,0.4,194.92,552.31,2,0
716.91,0.4,172.16,544.74,2,1
564.77,0.0,168.11,396.67,0,0
821.81,0.4,239.24,582.56,2,1
694.15,0.4,156.97,537.18,2,1
508.3,0.0,88.95,419.36,0,0
1335.79,1.4,394.38,941.41,7,1
713.02,0.4,183.41,529.62,2,0
853.0,0.6,245.57,607.44,3,1
818.86,0.6,143.35,675.51,3,1
844.57,0.6,237.14,607.44,3,1
769.6,0.6,101.65,667.95,3,0
671.55,0.4,111.68,559.87,2,0
750.66,0.6,97.84,652.82,3,0
977.27,1.0,161.24,816.03,5,1
487.04,0.0,82.81,404.23,0,0
726.35,0.4,151.35,575.0,2,0
1046.99,1.2,168.27,878.72,6,1
1294.96,1.6,268.16,1026.79,8,1
1252.46,1.2,351.05,901.41,6,1
530.99,0.0,141.89,389.1,0,0
1408.22,1.6,419.24,988.97,8,1
909.11,0.8,208.73,700.38,4,1
859.59,0.8,128.95,730.64,4,0
1017.38,1.2,161.35,856.03,6,1
920.65,1.0,119.76,800.9,5,1
533.12,0.2,81.32,451.79,1,0
651.68,0.2,192.32,459.36,1,0
609.95,0.2,150.59,459.36,1,0
810.71,0.6,142.76,667.95,3,1
1235.49,1.6,193.57,1041.92,8,1
1184.76,1.4,243.35,941.41,7,1
582.51,0.2,100.46,482.05,1,0
857.45,0.8,119.24,738.21,4,1
820.76,0.6,160.38,660.38,3,1
780.6,0.6,127.78,652.82,3,1
1139.86,1.0,316.27,823.59,5,1
1091.89,1.2,182.92,908.97,6,1
1254.05,1.4,282.38,971.67,7,1
881.23,0.8,135.46,745.77,4,1
507.05,0.0,110.38,396.67,0,0
901.72,1.0,115.95,785.77,5,1
1059.23,1.2,188.08,871.15,6,1
3253.48,2.0,2048.35,1205.13,10,1
1023.83,1.2,152.68,871.15,6,1
988.84,1.2,147.95,840.9,6,1
1011.47,1.2,132.76,878.72,6,1
1065.48,1.2,201.89,863.59,6,1
997.54,1.0,189.08,808.46,5,1
457.48,0.0,60.81,396.67,0,0
758.34,0.6,120.65,637.69,3,0
680.34,0.4,90.22,590.13,2,0
611.96,0.2,99.65,512.31,1,0
888.22,1.0,87.32,800.9,5,1
685.16,0.4,110.16,575.0,2,0
673.49,0.4,106.05,567.44,2,0
662.49,0.4,102.62,559.87,2,0
917.73,1.0,154.65,763.08,5,1
1474.86,1.8,438.32,1036.54,9,1
1089.17,1.2,195.32,893.85,6,1
1392.7,1.2,483.73,908.97,6,1
792.44,0.6,185.0,607.44,3,1
700.25,0.6,107.95,592.31,3,0
699.02,0.2,216.97,482.05,1,0
1331.77,1.6,312.54,1019.23,8,1
908.62,0.8,193.11,715.51,4,1
902.69,0.8,217.43,685.26,4,0
972.09,1.0,171.19,800.9,5,1
677.93,0.4,118.05,559.87,2,0
1042.42,1.0,271.78,770.64,5,1
816.9,0.6,164.08,652.82,3,0
762.32,0.6,139.76,622.56,3,1
778.37,0.6,148.24,630.13,3,0
967.44,0.8,267.05,700.38,4,1
2297.16,1.8,1033.7,1263.46,9,1
1515.19,2.0,393.27,1121.92,10,1
469.2,0.0,57.41,411.79,0,0
842.13,0.4,304.95,537.18,2,0
758.48,0.6,128.35,630.13,3,0
1141.03,1.0,385.51,755.51,5,1
567.66,0.2,62.92,504.74,1,0
568.73,0.2,94.24,474.49,1,0
892.44,0.8,184.49,707.95,4,1
1017.89,1.2,161.86,856.03,6,1
670.05,0.4,79.92,590.13,2,0
1156.33,1.4,214.92,941.41,7,1
489.93,0.0,78.14,411.79,0,1
1301.82,1.6,275.03,1026.79,8,1
1073.19,1.2,171.78,901.41,6,1
773.12,0.6,135.43,637.69,3,0
644.0,0.4,121.95,522.05,2,0
975.97,1.0,152.38,823.59,5,1
888.97,0.8,165.89,723.08,4,1
756.71,0.6,149.27,607.44,3,0
658.59,0.4,128.97,529.62,2,0
1017.67,1.2,154.08,863.59,6,1
1028.91,1.2,157.76,871.15,6,1
991.15,1.0,220.51,770.64,5,1
657.92,0.2,183.43,474.49,1,1
833.33,0.8,132.95,700.38,4,0
751.0,0.6,67.92,683.08,3,1
752.76,0.6,137.76,615.0,3,0
489.1,0.0,92.43,396.67,0,0
845.47,0.8,145.08,700.38,4,0
880.55,0.8,195.3,685.26,4,1
3062.6,2.4,1686.7,1375.9,12,1
577.58,0.2,125.78,451.79,1,0
1422.01,1.4,488.16,933.85,7,1
440.91,0.0,51.81,389.1,0,0
550.98,0.0,139.19,411.79,0,1
