"Total_Cost","Ratio_Reloc_Prod","Horiz_Cost","Vert_Cost","nReloc","non_Optimal"
246093.01,0.738,36838.36,209254.62,1107,300
796.34,0.4,198.65,597.69,2,1
600.89,0.4,78.84,522.05,2,1
768.85,0.6,123.59,645.26,3,1
414.21,0.0,25.11,389.1,0,1
824.77,0.6,179.51,645.26,3,1
579.38,0.2,112.46,466.92,1,1
549.38,0.2,67.32,482.05,1,1
632.83,0.4,95.65,537.18,2,1
539.06,0.2,72.14,466.92,1,1
542.71,0.2,90.92,451.79,1,1
461.53,0.0,72.43,389.1,0,1
1019.17,1.2,178.27,840.9,6,1
459.1,0.0,70.0,389.1,0,1
554.05,0.2,64.43,489.62,1,1
716.05,0.4,133.49,582.56,2,1
911.76,0.8,203.81,707.95,4,1
529.25,0.2,62.32,466.92,1,1
711.15,0.4,166.41,544.74,2,1
612.52,0.4,60.22,552.31,2,1
746.83,0.6,124.27,622.56,3,1
805.51,0.6,175.38,630.13,3,1
735.56,0.6,105.43,630.13,3,1
874.99,0.8,189.73,685.26,4,1
596.53,0.2,99.35,497.18,1,1
879.26,0.8,194.0,685.26,4,1
891.97,1.0,121.32,770.64,5,1
666.85,0.4,114.54,552.31,2,1
580.7,0.2,98.65,482.05,1,1
912.42,0.8,181.78,730.64,4,1
936.75,0.8,198.54,738.21,4,1
1180.1,1.6,160.86,1019.23,8,1
782.59,0.6,167.59,615.0,3,1
470.18,0.0,73.51,396.67,0,1
547.76,0.2,80.84,466.92,1,1
1014.82,1.2,128.54,886.28,6,1
1026.49,1.2,185.59,840.9,6,1
467.85,0.0,63.62,404.23,0,1
680.92,0.4,98.35,582.56,2,1
1030.88,1.2,152.16,878.72,6,1
986.4,1.2,115.24,871.15,6,1
569.94,0.2,80.32,489.62,1,1
1276.27,1.6,279.73,996.54,8,1
816.15,0.8,85.51,730.64,4,1
485.14,0.0,58.22,426.92,0,1
872.4,0.8,156.89,715.51,4,1
708.89,0.6,86.32,622.56,3,1
854.51,0.6,179.0,675.51,3,1
788.9,0.6,136.08,652.82,3,1
472.09,0.0,52.73,419.36,0,1
1064.46,1.2,155.49,908.97,6,1
1344.17,2.0,176.86,1167.31,10,1
738.66,0.6,85.84,652.82,3,1
560.38,0.2,78.32,482.05,1,1
544.6,0.2,70.11,474.49,1,1
1179.71,1.4,192.92,986.79,7,1
636.72,0.4,99.54,537.18,2,1
753.97,0.6,123.84,630.13,3,1
1591.73,2.4,200.7,1391.03,12,1
1129.0,1.4,225.41,903.59,7,1
796.97,0.6,174.41,622.56,3,1
930.78,1.0,114.76,816.03,5,1
638.37,0.4,93.62,544.74,2,1
711.0,0.4,143.57,567.44,2,1
1119.2,1.4,139.97,979.23,7,1
878.11,0.8,162.59,715.51,4,1
889.49,1.0,81.03,808.46,5,1
721.13,0.6,98.57,622.56,3,1
761.35,0.6,85.84,675.51,3,1
493.94,0.0,97.27,396.67,0,1
771.86,0.6,96.35,675.51,3,1
805.67,0.6,130.16,675.51,3,1
1005.56,1.2,126.84,878.72,6,1
663.18,0.4,118.43,544.74,2,1
943.75,1.0,120.16,823.59,5,1
869.27,1.0,121.32,747.95,5,1
657.92,0.4,82.92,575.0,2,1
641.46,0.4,74.03,567.44,2,1
783.9,0.6,131.08,652.82,3,1
954.24,1.0,130.65,823.59,5,1
983.02,1.0,151.86,831.15,5,1
963.79,1.0,162.89,800.9,5,1
801.77,0.6,103.57,698.21,3,1
1097.45,1.4,133.35,964.1,7,1
776.48,0.6,85.84,690.64,3,1
639.47,0.4,94.73,544.74,2,1
815.09,0.6,154.7,660.38,3,1
1262.73,1.8,112.73,1150.0,9,1
557.35,0.2,67.73,489.62,1,1
810.16,0.8,94.65,715.51,4,1
844.9,0.8,152.08,692.82,4,1
590.37,0.2,100.76,489.62,1,1
650.06,0.4,97.76,552.31,2,1
719.7,0.6,97.14,622.56,3,1
529.88,0.0,118.08,411.79,0,1
929.35,1.0,105.76,823.59,5,1
816.09,0.8,70.32,745.77,4,1
1037.75,1.2,113.65,924.1,6,1
1276.74,1.6,181.86,1094.87,8,1
591.4,0.2,109.35,482.05,1,1
504.17,0.0,84.81,419.36,0,1
700.8,0.4,95.54,605.26,2,1
668.65,0.4,93.65,575.0,2,1
587.68,0.2,67.81,519.87,1,1
680.92,0.4,98.35,582.56,2,1
501.32,0.0,104.65,396.67,0,1
680.86,0.4,105.86,575.0,2,1
637.5,0.4,39.81,597.69,2,1
629.88,0.4,92.7,537.18,2,1
1046.98,1.2,160.7,886.28,6,1
462.87,0.0,43.51,419.36,0,1
540.03,0.0,105.54,434.49,0,1
1125.11,1.4,168.57,956.54,7,1
667.85,0.4,115.54,552.31,2,1
720.39,0.6,75.14,645.26,3,1
815.63,0.8,130.38,685.26,4,1
757.18,0.6,119.49,637.69,3,1
674.86,0.4,84.73,590.13,2,1
954.97,1.0,191.89,763.08,5,1
460.15,0.0,55.92,404.23,0,1
823.23,0.8,85.03,738.21,4,1
733.09,0.6,72.7,660.38,3,1
846.55,0.8,161.3,685.26,4,1
1092.52,1.4,158.68,933.85,7,1
730.98,0.6,63.03,667.95,3,1
735.88,0.6,90.62,645.26,3,1
563.85,0.2,59.11,504.74,1,1
859.24,0.8,204.24,655.0,4,1
938.01,1.0,144.68,793.33,5,1
1286.64,1.8,166.89,1119.74,9,1
1159.82,1.6,125.46,1034.36,8,1
832.43,0.8,109.35,723.08,4,1
1045.48,1.2,181.89,863.59,6,1
1196.93,1.6,162.57,1034.36,8,1
757.75,0.6,120.05,637.69,3,1
637.42,0.4,100.24,537.18,2,1
1130.87,1.4,181.89,948.97,7,1
920.95,0.8,167.62,753.33,4,1
697.55,0.4,137.68,559.87,2,1
740.24,0.6,125.24,615.0,3,1
828.4,0.8,105.32,723.08,4,1
700.75,0.6,70.62,630.13,3,1
711.99,0.6,66.73,645.26,3,1
725.48,0.6,95.35,630.13,3,1
639.15,0.4,86.84,552.31,2,1
1166.85,1.4,187.62,979.23,7,1
459.87,0.0,40.51,419.36,0,1
710.75,0.6,80.62,630.13,3,1
641.51,0.4,66.51,575.0,2,1
843.55,0.8,143.16,700.38,4,1
800.75,0.6,170.62,630.13,3,1
1098.12,1.4,164.27,933.85,7,1
938.61,1.0,160.41,778.21,5,1
762.1,0.4,164.41,597.69,2,1
621.98,0.4,62.11,559.87,2,1
963.05,1.0,139.46,823.59,5,1
857.78,0.8,142.27,715.51,4,1
1285.92,1.8,204.0,1081.92,9,1
821.42,0.8,83.22,738.21,4,1
929.93,1.0,144.16,785.77,5,1
729.01,0.4,123.76,605.26,2,1
843.78,0.6,160.7,683.08,3,1
504.82,0.0,85.46,419.36,0,1
558.42,0.2,46.11,512.31,1,1
707.51,0.4,124.95,582.56,2,1
831.33,0.6,170.95,660.38,3,1
1283.79,1.8,217.0,1066.79,9,1
857.0,0.8,149.05,707.95,4,1
736.16,0.6,68.22,667.95,3,1
1263.55,1.8,136.24,1127.31,9,1
836.74,0.8,136.35,700.38,4,1
921.51,1.0,150.86,770.64,5,1
566.19,0.2,84.14,482.05,1,1
806.87,0.8,114.05,692.82,4,1
593.78,0.2,104.16,489.62,1,1
763.26,0.6,72.62,690.64,3,1
1062.19,1.0,193.22,868.97,5,1
846.68,0.8,93.35,753.33,4,1
738.29,0.6,108.16,630.13,3,1
795.85,0.8,118.16,677.69,4,1
694.15,0.4,156.97,537.18,2,1
812.84,0.6,144.89,667.95,3,1
552.21,0.2,55.03,497.18,1,1
1183.58,1.4,249.73,933.85,7,1
474.85,0.0,70.62,404.23,0,1
1361.24,2.0,163.68,1197.56,10,1
779.28,0.6,179.41,599.87,3,1
1000.14,1.2,98.73,901.41,6,1
752.48,0.6,122.35,630.13,3,1
1049.3,1.4,100.32,948.97,7,1
838.06,0.6,170.11,667.95,3,1
1411.82,2.0,184.0,1227.82,10,1
559.05,0.2,69.43,489.62,1,1
1302.72,1.8,198.11,1104.62,9,1
484.82,0.0,73.03,411.79,0,1
883.02,1.0,119.95,763.08,5,1
801.36,0.6,209.05,592.31,3,1
852.76,0.8,152.38,700.38,4,1
766.12,0.6,128.43,637.69,3,1
764.81,0.6,96.86,667.95,3,1
529.23,0.2,77.43,451.79,1,1
1007.15,1.2,120.86,886.28,6,1
633.2,0.4,73.32,559.87,2,1
772.11,0.6,157.11,615.0,3,1
824.07,0.6,178.81,645.26,3,1
1032.85,1.2,146.57,886.28,6,1
637.97,0.4,108.35,529.62,2,1
621.35,0.4,53.92,567.44,2,1
1003.51,1.2,132.35,871.15,6,1
744.79,0.6,76.84,667.95,3,1
995.82,1.2,109.54,886.28,6,1
1077.24,1.2,213.65,863.59,6,1
979.56,1.2,100.84,878.72,6,1
946.68,1.0,145.78,800.9,5,1
948.92,0.8,240.97,707.95,4,1
1078.87,1.2,237.97,840.9,6,1
1042.43,1.2,186.41,856.03,6,1
713.2,0.6,52.81,660.38,3,1
474.24,0.0,85.14,389.1,0,1
963.8,1.0,132.65,831.15,5,1
720.74,0.6,67.92,652.82,3,1
642.51,0.4,67.51,575.0,2,1
501.72,0.0,52.11,449.62,0,1
1079.41,1.2,178.0,901.41,6,1
933.55,1.0,132.65,800.9,5,1
747.87,0.6,79.92,667.95,3,1
751.35,0.6,128.78,622.56,3,1
950.78,1.0,187.7,763.08,5,1
682.44,0.4,122.57,559.87,2,1
1127.45,1.4,155.78,971.67,7,1
725.05,0.6,110.05,615.0,3,1
484.66,0.0,80.43,404.23,0,1
779.43,0.6,96.35,683.08,3,1
1062.56,1.2,138.46,924.1,6,1
797.22,0.8,96.84,700.38,4,1
932.41,1.0,139.08,793.33,5,1
1225.15,1.6,205.92,1019.23,8,1
791.93,0.6,146.68,645.26,3,1
464.49,0.0,30.0,434.49,0,1
1011.89,1.0,203.43,808.46,5,1
1578.12,2.4,224.92,1353.21,12,1
726.04,0.6,73.22,652.82,3,1
461.89,0.0,27.41,434.49,0,1
894.88,0.8,149.11,745.77,4,1
749.57,0.6,81.62,667.95,3,1
910.78,0.8,180.14,730.64,4,1
1224.05,1.6,174.57,1049.49,8,1
478.66,0.0,74.43,404.23,0,1
1273.13,1.6,276.59,996.54,8,1
818.63,0.8,118.24,700.38,4,1
539.27,0.2,57.22,482.05,1,1
607.27,0.2,132.78,474.49,1,1
986.24,1.2,122.65,863.59,6,1
1011.73,1.0,263.78,747.95,5,1
1218.85,1.6,184.49,1034.36,8,1
994.31,1.2,160.97,833.33,6,1
638.13,0.4,48.0,590.13,2,1
1078.81,1.2,162.27,916.54,6,1
898.89,1.0,90.43,808.46,5,1
505.02,0.0,55.41,449.62,0,1
1139.16,1.4,190.19,948.97,7,1
921.99,1.0,143.78,778.21,5,1
1096.95,1.2,256.05,840.9,6,1
892.65,1.0,76.62,816.03,5,1
683.37,0.4,93.24,590.13,2,1
754.24,0.6,78.73,675.51,3,1
715.28,0.6,70.03,645.26,3,1
963.1,1.0,131.95,831.15,5,1
486.56,0.0,97.46,389.1,0,1
1112.41,1.2,150.49,961.92,6,1
930.4,1.0,99.24,831.15,5,1
993.28,1.2,99.43,893.85,6,1
594.09,0.2,142.3,451.79,1,1
492.81,0.0,58.32,434.49,0,1
836.11,0.8,128.16,707.95,4,1
630.79,0.4,70.92,559.87,2,1
449.05,0.0,59.95,389.1,0,1
996.36,1.2,94.95,901.41,6,1
1058.64,1.2,187.49,871.15,6,1
1013.78,1.2,150.19,863.59,6,1
903.76,1.0,87.73,816.03,5,1
562.66,0.2,57.92,504.74,1,1
855.38,0.8,86.92,768.46,4,1
803.62,0.8,88.11,715.51,4,1
795.34,0.6,97.14,698.21,3,1
1015.2,1.2,121.35,893.85,6,1
794.17,0.6,186.73,607.44,3,1
763.4,0.6,133.27,630.13,3,1
1308.72,1.8,204.11,1104.62,9,1
780.56,0.6,158.0,622.56,3,1
1164.12,1.6,129.76,1034.36,8,1
579.35,0.2,51.92,527.44,1,1
876.07,1.0,105.43,770.64,5,1
817.51,0.6,126.86,690.64,3,1
825.25,0.8,124.86,700.38,4,1
848.29,0.8,117.65,730.64,4,1
900.16,1.0,84.14,816.03,5,1
1576.28,2.4,200.38,1375.9,12,1
448.07,0.0,51.41,396.67,0,1
1016.73,1.2,168.27,848.46,6,1
880.2,1.0,94.43,785.77,5,1
