"Total_Cost","Ratio_Reloc_Prod","Horiz_Cost","Vert_Cost","nReloc","non_Optimal"
263983.94,0.7593,55045.43,208938.57,1139,180
541.08,0.2,59.03,482.05,1,0
684.87,0.2,210.38,474.49,1,0
547.7,0.2,65.65,482.05,1,0
798.66,0.8,105.84,692.82,4,0
434.43,0.0,45.32,389.1,0,0
791.44,0.8,98.62,692.82,4,0
702.43,0.6,87.43,615.0,3,0
935.88,1.2,125.24,810.64,6,1
1361.93,1.4,443.22,918.72,7,1
998.4,1.2,202.89,795.51,6,1
1129.54,1.4,241.08,888.46,7,1
951.22,1.0,195.7,755.51,5,1
579.24,0.2,104.76,474.49,1,0
715.28,0.6,70.03,645.26,3,0
500.55,0.0,88.76,411.79,0,0
956.09,1.0,155.19,800.9,5,1
610.89,0.2,121.27,489.62,1,0
658.23,0.4,121.05,537.18,2,0
809.34,0.8,124.08,685.26,4,1
543.74,0.2,91.95,451.79,1,0
532.38,0.0,105.46,426.92,0,0
601.72,0.2,104.54,497.18,1,0
861.86,0.8,146.35,715.51,4,1
808.27,0.6,185.7,622.56,3,1
734.25,0.6,141.95,592.31,3,0
848.84,0.8,148.46,700.38,4,1
882.18,0.8,204.49,677.69,4,1
1060.99,1.2,182.27,878.72,6,1
621.66,0.4,76.92,544.74,2,0
812.03,0.8,111.65,700.38,4,1
1085.53,1.2,214.38,871.15,6,1
928.29,1.0,157.65,770.64,5,1
899.73,0.8,191.78,707.95,4,1
1633.19,2.0,443.19,1190.0,10,1
714.26,0.4,169.51,544.74,2,0
460.04,0.0,55.81,404.23,0,0
666.29,0.4,136.68,529.62,2,0
1103.14,1.4,154.16,948.97,7,1
928.23,0.6,282.97,645.26,3,0
865.53,0.8,180.27,685.26,4,1
972.73,1.2,71.32,901.41,6,1
844.87,0.6,176.92,667.95,3,1
699.31,0.4,147.0,552.31,2,0
774.84,0.6,114.46,660.38,3,0
739.7,0.6,109.57,630.13,3,0
1222.38,1.6,180.46,1041.92,8,1
814.48,0.8,136.78,677.69,4,1
1002.78,1.2,146.76,856.03,6,1
824.67,0.6,186.97,637.69,3,0
1554.98,1.8,473.05,1081.92,9,1
727.97,0.4,152.97,575.0,2,0
3205.15,2.0,1931.95,1273.21,10,1
471.69,0.0,75.03,396.67,0,0
531.66,0.0,119.86,411.79,0,0
502.44,0.0,90.65,411.79,0,0
958.1,1.0,126.95,831.15,5,1
726.86,0.4,204.81,522.05,2,0
805.69,0.8,120.43,685.26,4,1
825.91,0.6,188.22,637.69,3,1
1003.96,0.8,318.7,685.26,4,1
1244.52,1.2,396.05,848.46,6,1
1093.34,1.0,322.7,770.64,5,1
942.62,1.0,134.16,808.46,5,1
1137.21,1.4,233.62,903.59,7,1
561.54,0.2,87.05,474.49,1,0
826.49,0.8,118.54,707.95,4,1
1217.97,1.4,269.0,948.97,7,1
740.22,0.6,140.35,599.87,3,1
1056.87,1.0,263.54,793.33,5,1
772.43,0.6,149.86,622.56,3,0
1369.08,1.4,412.54,956.54,7,1
476.72,0.0,27.11,449.62,0,0
782.04,0.6,136.78,645.26,3,0
546.72,0.2,57.11,489.62,1,0
695.79,0.4,135.92,559.87,2,0
652.43,0.4,77.43,575.0,2,0
803.46,0.6,196.03,607.44,3,1
973.97,1.0,210.89,763.08,5,1
742.08,0.6,74.14,667.95,3,0
594.23,0.2,81.92,512.31,1,1
676.97,0.4,147.35,529.62,2,0
894.86,0.8,179.35,715.51,4,1
589.4,0.2,107.35,482.05,1,0
1054.68,1.2,160.84,893.85,6,1
868.55,0.8,183.3,685.26,4,1
1164.85,1.2,346.65,818.21,6,1
591.69,0.2,86.95,504.74,1,1
593.14,0.2,118.65,474.49,1,0
503.51,0.0,69.03,434.49,0,1
1138.99,1.4,167.32,971.67,7,1
943.12,1.0,149.78,793.33,5,1
645.06,0.2,185.7,459.36,1,0
852.69,0.8,106.92,745.77,4,0
754.9,0.4,202.59,552.31,2,1
899.13,0.8,183.62,715.51,4,1
680.64,0.4,135.89,544.74,2,0
1093.34,1.2,222.19,871.15,6,1
1453.86,1.8,356.81,1097.05,9,1
697.38,0.4,122.38,575.0,2,0
1118.56,1.2,247.41,871.15,6,1
1018.79,1.0,270.84,747.95,5,1
665.39,0.4,105.51,559.87,2,0
760.6,0.6,92.65,667.95,3,0
1095.82,1.2,209.54,886.28,6,1
742.88,0.6,112.76,630.13,3,0
937.19,1.0,181.68,755.51,5,1
1295.53,1.6,291.43,1004.1,8,1
678.74,0.4,126.43,552.31,2,0
877.36,0.8,176.97,700.38,4,1
1283.41,1.4,349.57,933.85,7,1
1061.29,1.2,197.7,863.59,6,1
880.62,0.8,172.68,707.95,4,1
822.59,0.6,200.03,622.56,3,0
778.31,0.6,133.05,645.26,3,1
808.42,0.6,155.59,652.82,3,1
933.42,1.0,162.78,770.64,5,1
706.8,0.4,177.19,529.62,2,1
779.27,0.6,164.27,615.0,3,0
1100.14,1.0,291.68,808.46,5,1
561.97,0.2,79.92,482.05,1,0
979.46,1.2,123.43,856.03,6,1
2342.18,1.8,1177.05,1165.13,9,1
953.69,1.0,175.49,778.21,5,1
1061.06,1.2,220.16,840.9,6,1
968.88,1.0,190.68,778.21,5,1
1125.33,1.0,332.0,793.33,5,1
508.47,0.0,96.68,411.79,0,0
468.71,0.0,56.92,411.79,0,0
692.2,0.4,147.46,544.74,2,1
768.66,0.6,115.84,652.82,3,1
760.79,0.6,153.35,607.44,3,1
999.17,0.8,245.84,753.33,4,1
591.76,0.2,117.27,474.49,1,0
971.21,0.8,240.57,730.64,4,1
602.83,0.2,105.65,497.18,1,0
1002.03,1.2,161.14,840.9,6,1
1163.4,1.0,392.76,770.64,5,1
655.23,0.4,118.05,537.18,2,0
731.56,0.6,101.43,630.13,3,0
742.61,0.6,97.35,645.26,3,0
1138.19,1.2,289.73,848.46,6,1
926.04,1.0,147.84,778.21,5,1
939.02,1.0,168.38,770.64,5,1
951.23,1.0,165.46,785.77,5,1
1224.23,1.6,205.0,1019.23,8,1
1186.28,1.4,252.43,933.85,7,1
1210.47,1.4,284.19,926.28,7,1
747.89,0.6,125.32,622.56,3,1
960.53,1.0,189.89,770.64,5,1
1031.76,1.0,276.24,755.51,5,1
1296.82,1.2,395.41,901.41,6,1
1261.65,1.6,272.68,988.97,8,1
489.62,0.0,40.0,449.62,0,0
753.25,0.6,100.43,652.82,3,0
911.19,0.8,203.24,707.95,4,1
947.64,1.0,124.05,823.59,5,1
833.25,0.6,165.3,667.95,3,1
776.36,0.6,176.49,599.87,3,0
620.97,0.2,146.49,474.49,1,0
821.51,0.8,106.0,715.51,4,1
1167.11,1.4,225.7,941.41,7,1
957.87,1.0,156.97,800.9,5,1
863.61,0.8,193.49,670.13,4,1
718.82,0.4,166.51,552.31,2,0
522.78,0.0,133.68,389.1,0,0
496.34,0.0,84.54,411.79,0,0
1022.57,1.2,106.03,916.54,6,1
1326.38,1.4,369.84,956.54,7,1
776.37,0.6,85.73,690.64,3,1
664.15,0.4,126.97,537.18,2,0
945.64,1.0,122.05,823.59,5,1
662.73,0.4,87.73,575.0,2,0
999.1,1.0,220.89,778.21,5,1
744.27,0.6,76.32,667.95,3,1
754.99,0.6,124.86,630.13,3,1
1066.62,1.2,203.03,863.59,6,1
590.56,0.2,100.95,489.62,1,0
484.13,0.0,95.03,389.1,0,0
788.88,0.6,151.19,637.69,3,1
1232.05,1.6,220.38,1011.67,8,1
1163.12,1.4,229.27,933.85,7,1
819.22,0.8,118.84,700.38,4,0
1002.96,1.2,177.19,825.77,6,1
1041.03,1.2,132.05,908.97,6,1
772.7,0.6,142.57,630.13,3,1
1059.99,1.2,181.27,878.72,6,1
1207.85,1.6,181.05,1026.79,8,1
909.95,0.6,242.0,667.95,3,0
710.88,0.4,120.76,590.13,2,1
1037.43,1.2,113.32,924.1,6,1
1260.52,1.6,226.16,1034.36,8,1
950.83,0.8,212.62,738.21,4,1
757.68,0.6,142.68,615.0,3,0
469.99,0.0,73.32,396.67,0,0
490.93,0.0,79.14,411.79,0,0
754.65,0.4,187.22,567.44,2,0
1103.39,1.4,169.54,933.85,7,1
515.68,0.0,88.76,426.92,0,0
485.83,0.0,36.22,449.62,0,0
921.72,1.0,135.95,785.77,5,1
646.48,0.2,149.3,497.18,1,0
821.04,0.6,175.78,645.26,3,0
1113.24,1.4,149.14,964.1,7,1
1041.09,1.0,255.32,785.77,5,1
660.18,0.4,130.57,529.62,2,0
1206.42,1.0,428.22,778.21,5,1
793.42,0.6,201.11,592.31,3,1
909.53,0.6,264.27,645.26,3,1
565.57,0.2,98.65,466.92,1,0
1242.18,1.2,371.03,871.15,6,1
770.06,0.6,117.24,652.82,3,0
501.21,0.0,104.54,396.67,0,0
755.91,0.6,110.65,645.26,3,0
899.8,1.0,129.16,770.64,5,1
813.55,0.8,120.73,692.82,4,1
1347.78,2.0,142.65,1205.13,10,1
773.54,0.6,150.97,622.56,3,1
1274.49,1.4,340.65,933.85,7,1
578.06,0.2,111.14,466.92,1,0
1264.55,1.8,197.76,1066.79,9,1
822.61,0.6,192.49,630.13,3,0
775.95,0.6,176.08,599.87,3,1
685.3,0.4,117.86,567.44,2,0
988.23,1.0,194.89,793.33,5,1
1058.41,1.2,149.43,908.97,6,1
493.34,0.0,89.11,404.23,0,0
757.95,0.6,142.95,615.0,3,1
813.63,0.8,113.24,700.38,4,1
857.65,0.8,157.27,700.38,4,1
902.29,1.0,131.65,770.64,5,1
493.2,0.0,73.84,419.36,0,0
466.49,0.0,32.0,434.49,0,0
697.02,0.4,99.32,597.69,2,1
764.57,0.6,149.57,615.0,3,1
873.14,0.8,165.19,707.95,4,1
597.29,0.2,115.24,482.05,1,0
1022.51,1.2,151.35,871.15,6,1
1111.23,1.2,232.51,878.72,6,1
1226.6,1.4,292.76,933.85,7,1
1339.29,1.8,227.11,1112.18,9,1
857.22,0.8,149.27,707.95,4,1
839.03,0.8,138.65,700.38,4,1
1162.52,1.2,329.19,833.33,6,1
771.5,0.6,126.24,645.26,3,0
931.92,0.8,216.41,715.51,4,1
809.49,0.6,209.62,599.87,3,0
842.85,0.6,190.03,652.82,3,1
708.95,0.4,141.51,567.44,2,0
729.8,0.4,192.62,537.18,2,0
1198.89,1.2,350.43,848.46,6,1
770.8,0.6,140.68,630.13,3,0
668.25,0.4,115.95,552.31,2,0
907.06,0.8,153.73,753.33,4,1
840.86,0.8,125.35,715.51,4,0
708.39,0.4,163.65,544.74,2,0
1376.26,1.6,409.97,966.28,8,1
755.09,0.6,109.84,645.26,3,0
513.57,0.0,86.65,426.92,0,1
634.05,0.4,43.92,590.13,2,0
1121.98,1.2,220.57,901.41,6,1
562.88,0.2,58.14,504.74,1,0
827.47,0.8,127.08,700.38,4,1
687.27,0.4,112.27,575.0,2,0
1078.29,1.2,214.7,863.59,6,1
494.21,0.0,97.54,396.67,0,0
1204.63,1.6,170.27,1034.36,8,1
3027.0,2.0,1776.49,1250.51,10,1
1316.66,1.6,297.43,1019.23,8,1
769.3,0.6,101.35,667.95,3,0
781.55,0.6,121.16,660.38,3,0
1131.5,1.2,245.22,886.28,6,1
1136.88,1.4,210.59,926.28,7,1
1054.99,1.2,183.84,871.15,6,1
606.81,0.2,124.76,482.05,1,1
575.08,0.2,93.03,482.05,1,0
747.52,0.6,147.65,599.87,3,1
544.15,0.2,39.41,504.74,1,0
1261.12,1.4,266.76,994.36,7,1
929.19,1.0,173.68,755.51,5,1
478.66,0.0,74.43,404.23,0,0
792.39,0.8,107.14,685.26,4,0
839.58,0.6,194.32,645.26,3,1
1045.0,1.2,188.97,856.03,6,1
771.34,0.4,234.16,537.18,2,0
679.07,0.4,149.46,529.62,2,0
1031.18,1.2,152.46,878.72,6,1
1410.34,1.8,290.59,1119.74,9,1
893.95,1.0,100.62,793.33,5,1
484.23,0.0,72.43,411.79,0,0
701.16,0.4,126.16,575.0,2,0
727.1,0.4,189.92,537.18,2,0
1901.12,1.8,720.86,1180.26,9,1
1028.06,0.8,320.11,707.95,4,1
537.87,0.0,110.95,426.92,0,0
661.04,0.4,108.73,552.31,2,0
806.59,0.6,191.59,615.0,3,1
538.54,0.2,71.62,466.92,1,0
862.18,0.8,131.54,730.64,4,1
1351.91,1.6,332.68,1019.23,8,1
751.29,0.6,121.16,630.13,3,0
