"Total_Cost","Ratio_Reloc_Prod","Horiz_Cost","Vert_Cost","nReloc","non_Optimal"
237042.59,0.4147,47021.56,190021.11,622,300
799.2,0.4,125.86,673.33,2,1
1096.82,1.0,182.46,914.36,5,1
1103.63,1.0,181.7,921.92,5,1
715.91,0.4,72.84,643.08,2,1
779.42,0.6,81.22,698.21,3,1
644.07,0.2,93.95,550.13,1,1
906.44,0.6,185.54,720.9,3,1
664.75,0.2,107.05,557.69,1,1
737.32,0.4,94.24,643.08,2,1
1105.92,1.0,236.95,868.97,5,1
828.68,0.6,115.35,713.33,3,1
729.79,0.4,101.84,627.95,2,1
675.31,0.4,77.62,597.69,2,1
1070.79,1.0,201.81,868.97,5,1
810.99,0.6,105.22,705.77,3,1
531.26,0.0,66.51,464.74,0,1
900.23,0.6,202.03,698.21,3,1
1034.54,0.8,250.95,783.59,4,1
813.43,0.6,130.35,683.08,3,1
856.92,0.4,228.97,627.95,2,1
1081.95,0.8,260.54,821.41,4,1
967.37,0.6,216.22,751.15,3,1
746.64,0.4,103.57,643.08,2,1
843.55,0.6,137.78,705.77,3,1
787.67,0.4,152.16,635.51,2,1
1007.18,0.6,248.46,758.72,3,1
833.99,0.4,228.73,605.26,2,1
699.56,0.2,157.0,542.56,1,1
781.05,0.4,137.97,643.08,2,1
1083.94,0.6,347.92,736.03,3,1
589.8,0.0,125.05,464.74,0,1
558.69,0.0,101.51,457.18,0,1
861.65,0.4,226.14,635.51,2,1
676.69,0.2,111.43,565.26,1,1
1134.91,0.8,336.19,798.72,4,1
924.03,0.6,188.0,736.03,3,1
979.2,0.8,180.49,798.72,4,1
1010.86,0.6,274.84,736.03,3,1
604.56,0.0,147.38,457.18,0,1
788.07,0.4,129.86,658.21,2,1
805.7,0.4,155.05,650.64,2,1
648.26,0.2,83.0,565.26,1,1
532.58,0.0,67.84,464.74,0,1
899.04,0.6,193.27,705.77,3,1
833.29,0.4,175.08,658.21,2,1
629.81,0.2,94.81,535.0,1,1
943.97,0.8,160.38,783.59,4,1
633.75,0.2,83.62,550.13,1,1
779.38,0.4,143.86,635.51,2,1
726.78,0.4,144.22,582.56,2,1
1277.9,1.2,315.97,961.92,6,1
1201.92,0.8,380.51,821.41,4,1
668.5,0.2,103.24,565.26,1,1
636.66,0.0,171.92,464.74,0,1
563.51,0.0,129.03,434.49,0,1
713.34,0.2,148.08,565.26,1,1
511.51,0.0,77.03,434.49,0,1
662.05,0.2,119.49,542.56,1,1
746.93,0.4,141.68,605.26,2,1
523.48,0.0,81.43,442.05,0,1
622.75,0.0,173.14,449.62,0,1
764.11,0.4,136.16,627.95,2,1
714.29,0.2,164.16,550.13,1,1
536.21,0.0,79.03,457.18,0,1
778.67,0.4,143.16,635.51,2,1
929.31,0.6,223.54,705.77,3,1
730.96,0.2,165.7,565.26,1,1
916.41,0.6,195.51,720.9,3,1
655.75,0.2,105.62,550.13,1,1
717.79,0.4,104.97,612.82,2,1
897.6,0.6,176.7,720.9,3,1
475.36,0.0,56.0,419.36,0,1
800.7,0.6,110.05,690.64,3,1
636.07,0.2,70.81,565.26,1,1
659.07,0.4,53.81,605.26,2,1
437.2,0.0,25.41,411.79,0,1
811.49,0.6,83.03,728.46,3,1
564.4,0.2,82.35,482.05,1,1
810.62,0.4,175.11,635.51,2,1
745.37,0.2,195.24,550.13,1,1
517.94,0.0,68.32,449.62,0,1
743.63,0.4,138.38,605.26,2,1
482.6,0.0,48.11,434.49,0,1
437.2,0.0,25.41,411.79,0,1
1099.81,1.2,183.27,916.54,6,1
1112.7,1.2,143.22,969.49,6,1
518.43,0.0,68.81,449.62,0,1
655.91,0.2,151.16,504.74,1,1
1023.36,0.8,201.95,821.41,4,1
756.16,0.4,128.22,627.95,2,1
1014.69,0.6,263.54,751.15,3,1
1274.13,1.2,289.51,984.62,6,1
670.29,0.2,120.16,550.13,1,1
1277.38,0.8,455.97,821.41,4,1
546.37,0.0,81.62,464.74,0,1
819.85,0.4,154.08,665.77,2,1
558.48,0.0,108.86,449.62,0,1
1284.39,1.0,377.59,906.79,5,1
530.81,0.0,88.76,442.05,0,1
1008.31,0.8,254.97,753.33,4,1
873.97,0.8,97.95,776.03,4,1
639.15,0.2,81.46,557.69,1,1
706.2,0.2,140.95,565.26,1,1
641.41,0.2,106.41,535.0,1,1
813.67,0.6,138.16,675.51,3,1
490.05,0.0,48.0,442.05,0,1
614.56,0.2,72.0,542.56,1,1
703.77,0.2,146.08,557.69,1,1
951.86,0.6,200.7,751.15,3,1
671.37,0.2,121.24,550.13,1,1
657.64,0.2,99.95,557.69,1,1
829.08,0.6,146.0,683.08,3,1
1229.72,1.2,290.49,939.23,6,1
798.33,0.4,170.38,627.95,2,1
1039.94,0.6,296.35,743.59,3,1
696.77,0.2,139.08,557.69,1,1
536.02,0.0,78.84,457.18,0,1
815.0,0.4,179.49,635.51,2,1
606.56,0.2,64.0,542.56,1,1
1210.02,1.2,278.35,931.67,6,1
803.55,0.2,238.3,565.26,1,1
826.81,0.4,191.3,635.51,2,1
848.58,0.4,235.76,612.82,2,1
893.64,0.6,150.05,743.59,3,1
653.81,0.2,111.24,542.56,1,1
878.97,0.6,142.95,736.03,3,1
776.55,0.4,156.16,620.38,2,1
806.14,0.6,92.81,713.33,3,1
634.44,0.2,122.14,512.31,1,1
977.56,0.8,239.35,738.21,4,1
739.36,0.2,174.11,565.26,1,1
1090.25,1.0,228.84,861.41,5,1
832.75,0.6,134.54,698.21,3,1
650.99,0.2,85.73,565.26,1,1
681.2,0.4,60.81,620.38,2,1
884.22,0.4,263.84,620.38,2,1
755.61,0.4,157.92,597.69,2,1
671.01,0.2,105.76,565.26,1,1
716.17,0.4,103.35,612.82,2,1
576.52,0.0,96.65,479.87,0,1
658.84,0.2,138.97,519.87,1,1
599.74,0.2,87.43,512.31,1,1
673.95,0.2,146.51,527.44,1,1
553.45,0.0,96.27,457.18,0,1
768.81,0.4,140.86,627.95,2,1
801.51,0.6,118.43,683.08,3,1
816.91,0.6,126.27,690.64,3,1
823.22,0.6,162.84,660.38,3,1
859.32,0.6,168.68,690.64,3,1
511.51,0.0,77.03,434.49,0,1
1072.3,0.8,250.89,821.41,4,1
954.94,0.6,203.78,751.15,3,1
702.74,0.2,137.49,565.26,1,1
1203.39,1.2,256.59,946.79,6,1
650.44,0.2,130.57,519.87,1,1
575.01,0.2,62.7,512.31,1,1
779.14,0.4,151.19,627.95,2,1
1078.92,1.2,162.38,916.54,6,1
1106.28,1.0,199.49,906.79,5,1
737.74,0.2,172.49,565.26,1,1
904.06,0.6,175.59,728.46,3,1
534.53,0.0,77.35,457.18,0,1
885.8,0.6,180.03,705.77,3,1
709.7,0.4,119.57,590.13,2,1
669.57,0.2,134.57,535.0,1,1
523.61,0.0,66.43,457.18,0,1
613.07,0.0,155.89,457.18,0,1
814.07,0.4,155.86,658.21,2,1
554.91,0.0,97.73,457.18,0,1
1176.47,1.0,262.11,914.36,5,1
832.3,0.4,196.78,635.51,2,1
676.01,0.2,110.76,565.26,1,1
702.01,0.2,136.76,565.26,1,1
747.97,0.2,197.84,550.13,1,1
1130.9,1.0,284.62,846.28,5,1
648.43,0.2,158.81,489.62,1,1
832.51,0.6,141.86,690.64,3,1
1129.17,0.8,315.32,813.85,4,1
951.29,0.6,207.7,743.59,3,1
1013.17,0.8,206.89,806.28,4,1
645.1,0.2,94.97,550.13,1,1
708.26,0.2,150.57,557.69,1,1
706.72,0.2,156.59,550.13,1,1
826.09,0.6,112.76,713.33,3,1
842.39,0.4,229.57,612.82,2,1
842.48,0.6,159.41,683.08,3,1
1008.3,0.8,186.89,821.41,4,1
973.63,0.6,252.73,720.9,3,1
615.1,0.0,157.92,457.18,0,1
1001.52,0.8,187.68,813.85,4,1
856.16,0.4,220.65,635.51,2,1
955.62,0.6,212.03,743.59,3,1
833.21,0.6,142.57,690.64,3,1
700.15,0.2,134.89,565.26,1,1
1010.62,0.8,234.59,776.03,4,1
688.74,0.2,168.86,519.87,1,1
727.0,0.2,184.43,542.56,1,1
817.58,0.4,159.38,658.21,2,1
716.23,0.2,150.97,565.26,1,1
568.51,0.0,126.46,442.05,0,1
546.43,0.0,111.95,434.49,0,1
1143.7,1.0,267.16,876.54,5,1
669.73,0.2,127.16,542.56,1,1
970.18,0.8,171.46,798.72,4,1
668.1,0.2,117.97,550.13,1,1
675.97,0.2,125.84,550.13,1,1
797.19,0.6,129.24,667.95,3,1
1072.98,1.0,211.57,861.41,5,1
720.26,0.2,155.0,565.26,1,1
833.9,0.4,168.14,665.77,2,1
676.19,0.4,108.76,567.44,2,1
866.83,0.4,208.62,658.21,2,1
696.23,0.2,130.97,565.26,1,1
677.1,0.2,126.97,550.13,1,1
969.03,0.6,233.0,736.03,3,1
639.16,0.2,104.16,535.0,1,1
1038.89,0.8,209.92,828.97,4,1
820.72,0.4,170.08,650.64,2,1
918.53,0.4,252.76,665.77,2,1
675.23,0.2,109.97,565.26,1,1
1042.43,0.8,258.84,783.59,4,1
944.48,0.8,160.89,783.59,4,1
1013.9,0.8,200.05,813.85,4,1
1009.92,0.8,173.38,836.54,4,1
1051.69,0.8,245.41,806.28,4,1
766.73,0.4,123.65,643.08,2,1
639.58,0.2,74.32,565.26,1,1
563.23,0.0,106.05,457.18,0,1
1007.3,0.8,238.84,768.46,4,1
587.62,0.0,138.0,449.62,0,1
882.52,0.8,129.19,753.33,4,1
945.5,0.6,239.73,705.77,3,1
673.23,0.2,107.97,565.26,1,1
438.5,0.0,26.7,411.79,0,1
820.76,0.6,152.81,667.95,3,1
747.95,0.4,112.43,635.51,2,1
681.97,0.2,146.97,535.0,1,1
443.2,0.0,31.41,411.79,0,1
606.02,0.2,48.32,557.69,1,1
637.46,0.2,110.03,527.44,1,1
584.1,0.0,134.49,449.62,0,1
834.84,0.6,166.89,667.95,3,1
775.32,0.4,124.68,650.64,2,1
755.0,0.4,127.05,627.95,2,1
691.39,0.2,126.14,565.26,1,1
772.36,0.4,151.97,620.38,2,1
867.08,0.6,138.62,728.46,3,1
946.41,0.8,132.57,813.85,4,1
1140.24,0.8,296.14,844.1,4,1
606.13,0.2,56.0,550.13,1,1
1205.9,1.2,259.11,946.79,6,1
820.04,0.2,254.78,565.26,1,1
755.3,0.4,127.35,627.95,2,1
583.06,0.2,55.62,527.44,1,1
871.62,0.4,243.68,627.95,2,1
807.27,0.6,131.76,675.51,3,1
915.82,0.6,194.92,720.9,3,1
903.6,0.6,190.27,713.33,3,1
941.79,0.6,220.89,720.9,3,1
827.72,0.6,121.95,705.77,3,1
551.78,0.0,102.16,449.62,0,1
798.65,0.4,170.7,627.95,2,1
827.6,0.4,207.22,620.38,2,1
626.1,0.0,168.92,457.18,0,1
599.07,0.0,149.46,449.62,0,1
1046.53,0.8,255.38,791.15,4,1
512.38,0.0,70.32,442.05,0,1
573.12,0.0,108.38,464.74,0,1
884.35,0.6,155.89,728.46,3,1
837.24,0.4,194.16,643.08,2,1
913.29,0.6,154.57,758.72,3,1
1266.9,1.0,360.11,906.79,5,1
1096.06,0.8,282.22,813.85,4,1
480.97,0.0,38.92,442.05,0,1
716.19,0.2,173.62,542.56,1,1
573.45,0.0,116.27,457.18,0,1
635.43,0.2,100.43,535.0,1,1
983.05,0.6,247.03,736.03,3,1
641.0,0.2,98.43,542.56,1,1
778.77,0.4,173.51,605.26,2,1
724.11,0.4,103.73,620.38,2,1
591.93,0.0,127.19,464.74,0,1
1168.29,0.8,377.14,791.15,4,1
733.71,0.2,160.89,572.82,1,1
967.72,0.6,261.95,705.77,3,1
560.57,0.0,133.65,426.92,0,1
447.2,0.0,35.41,411.79,0,1
1055.83,0.8,264.68,791.15,4,1
843.28,0.2,278.03,565.26,1,1
548.66,0.0,83.92,464.74,0,1
774.66,0.6,121.84,652.82,3,1
598.08,0.2,55.51,542.56,1,1
559.78,0.0,110.16,449.62,0,1
642.34,0.2,84.65,557.69,1,1
798.05,0.6,122.54,675.51,3,1
770.97,0.2,235.97,535.0,1,1
757.79,0.4,144.97,612.82,2,1
1052.24,1.0,175.7,876.54,5,1
753.84,0.4,133.46,620.38,2,1
680.23,0.4,82.54,597.69,2,1
