"Total_Cost","Ratio_Reloc_Prod","Horiz_Cost","Vert_Cost","nReloc","non_Optimal"
271662.34,0.8053,57172.61,214489.78,1208,200
698.57,0.6,91.14,607.44,3,1
888.67,1.0,133.16,755.51,5,1
898.4,1.0,180.7,717.69,5,1
790.19,0.6,167.62,622.56,3,1
548.96,0.2,97.16,451.79,1,0
809.12,0.6,156.3,652.82,3,1
866.53,0.6,228.84,637.69,3,1
688.09,0.4,143.35,544.74,2,0
902.06,1.0,169.24,732.82,5,0
737.35,0.4,154.78,582.56,2,0
1109.06,1.4,167.65,941.41,7,1
821.45,0.8,143.76,677.69,4,0
866.03,1.0,118.08,747.95,5,1
989.81,1.0,226.73,763.08,5,1
546.79,0.2,87.43,459.36,1,0
769.65,0.6,147.08,622.56,3,1
670.59,0.4,140.97,529.62,2,0
762.49,0.4,187.49,575.0,2,0
1039.09,1.2,198.19,840.9,6,1
606.25,0.2,93.95,512.31,1,0
1303.1,1.4,399.51,903.59,7,1
1030.27,1.2,174.24,856.03,6,1
976.51,1.0,221.0,755.51,5,1
780.33,0.6,180.46,599.87,3,1
728.74,0.6,75.92,652.82,3,0
789.21,0.8,126.65,662.56,4,1
1037.97,1.2,174.38,863.59,6,1
715.6,0.4,163.3,552.31,2,0
807.09,0.6,214.78,592.31,3,1
942.94,1.0,179.86,763.08,5,1
811.82,0.6,166.57,645.26,3,1
666.25,0.4,113.95,552.31,2,0
828.3,0.8,120.35,707.95,4,1
866.54,0.8,158.59,707.95,4,1
709.17,0.4,149.3,559.87,2,0
1483.72,1.8,432.05,1051.67,9,1
704.68,0.4,137.24,567.44,2,0
787.11,0.6,172.11,615.0,3,1
838.23,0.6,185.41,652.82,3,1
550.95,0.2,84.03,466.92,1,0
1029.72,1.0,243.95,785.77,5,1
768.82,0.6,123.57,645.26,3,1
495.32,0.0,98.65,396.67,0,0
620.7,0.2,138.65,482.05,1,0
987.48,1.0,163.89,823.59,5,1
615.64,0.2,118.46,497.18,1,0
1101.4,1.2,230.24,871.15,6,1
656.82,0.4,96.95,559.87,2,0
736.51,0.6,113.95,622.56,3,0
715.86,0.6,85.73,630.13,3,0
640.08,0.2,165.59,474.49,1,1
992.05,1.2,128.46,863.59,6,1
1441.1,1.6,376.49,1064.62,8,1
763.42,0.6,118.16,645.26,3,0
641.79,0.2,114.35,527.44,1,0
680.96,0.4,128.65,552.31,2,0
1076.34,1.2,205.19,871.15,6,1
920.18,1.0,149.54,770.64,5,1
576.92,0.2,102.43,474.49,1,0
1152.39,1.4,233.68,918.72,7,1
879.93,0.8,187.11,692.82,4,1
582.56,0.2,92.95,489.62,1,0
1066.46,1.2,218.0,848.46,6,1
492.82,0.0,81.03,411.79,0,0
882.02,0.8,151.38,730.64,4,1
842.11,0.8,134.16,707.95,4,1
841.69,0.8,148.86,692.82,4,1
985.07,1.0,199.3,785.77,5,1
750.31,0.6,105.05,645.26,3,0
885.49,0.8,169.97,715.51,4,1
951.93,1.0,166.16,785.77,5,1
931.84,1.0,130.95,800.9,5,1
694.5,0.4,142.19,552.31,2,1
471.3,0.0,36.81,434.49,0,0
934.99,0.8,204.35,730.64,4,1
767.73,0.6,145.16,622.56,3,0
575.97,0.2,93.92,482.05,1,1
949.59,1.0,178.95,770.64,5,1
1089.82,1.0,288.92,800.9,5,1
848.16,0.6,233.16,615.0,3,0
720.1,0.4,190.49,529.62,2,0
774.88,0.6,137.19,637.69,3,1
946.46,0.8,223.38,723.08,4,1
984.29,1.0,213.65,770.64,5,1
1047.98,1.2,207.08,840.9,6,1
824.48,0.6,186.78,637.69,3,1
1165.67,1.6,161.57,1004.1,8,1
1427.25,2.2,159.43,1267.82,11,1
881.44,0.8,135.68,745.77,4,1
957.0,1.0,201.49,755.51,5,1
713.46,0.4,138.46,575.0,2,0
653.65,0.4,86.22,567.44,2,0
979.79,0.8,211.32,768.46,4,1
1032.61,1.0,254.41,778.21,5,1
699.81,0.4,132.38,567.44,2,0
921.84,1.0,120.95,800.9,5,1
937.17,1.0,143.84,793.33,5,1
1535.16,1.6,538.62,996.54,8,1
618.46,0.2,143.97,474.49,1,0
802.36,0.6,202.49,599.87,3,0
713.58,0.4,176.41,537.18,2,1
2662.54,2.0,1412.03,1250.51,10,1
772.94,0.6,150.38,622.56,3,1
686.81,0.4,119.38,567.44,2,0
1032.72,1.2,161.57,871.15,6,1
787.8,0.6,157.68,630.13,3,0
797.7,0.6,182.7,615.0,3,0
1005.1,1.2,133.95,871.15,6,1
1147.04,1.2,268.32,878.72,6,1
844.37,0.6,221.81,622.56,3,0
901.01,0.8,200.62,700.38,4,1
975.16,1.0,166.7,808.46,5,1
3214.93,2.0,1994.68,1220.26,10,1
1075.67,1.0,305.03,770.64,5,1
1050.08,1.2,186.49,863.59,6,1
893.85,0.8,216.16,677.69,4,1
1034.78,1.2,171.19,863.59,6,1
694.84,0.4,119.84,575.0,2,1
1038.75,1.2,114.65,924.1,6,1
484.66,0.0,80.43,404.23,0,0
494.99,0.0,98.32,396.67,0,0
1004.47,1.0,211.14,793.33,5,1
903.92,0.8,195.97,707.95,4,0
458.71,0.0,46.92,411.79,0,0
581.77,0.2,77.03,504.74,1,0
1097.8,1.4,171.51,926.28,7,1
842.68,0.8,134.73,707.95,4,1
650.89,0.4,128.84,522.05,2,0
1023.41,1.0,162.0,861.41,5,1
943.72,1.0,157.95,785.77,5,1
1088.59,1.2,225.0,863.59,6,1
771.4,0.4,173.7,597.69,2,1
502.86,0.0,113.76,389.1,0,0
1113.48,1.4,149.38,964.1,7,1
503.96,0.0,99.73,404.23,0,0
1288.8,1.4,264.19,1024.62,7,1
664.79,0.2,205.43,459.36,1,0
1021.95,1.2,181.05,840.9,6,1
818.85,0.8,126.03,692.82,4,1
1090.15,1.2,219.0,871.15,6,1
1100.37,1.4,196.78,903.59,7,1
755.56,0.6,117.86,637.69,3,1
1276.96,1.4,358.24,918.72,7,1
1348.94,1.6,337.27,1011.67,8,1
1094.36,1.4,168.08,926.28,7,1
1005.98,1.0,197.51,808.46,5,1
1138.12,1.4,204.27,933.85,7,1
845.7,0.8,115.05,730.64,4,1
859.83,0.8,136.76,723.08,4,1
481.59,0.0,84.92,396.67,0,0
1124.07,1.2,252.92,871.15,6,1
915.98,1.0,122.65,793.33,5,1
479.36,0.0,60.0,419.36,0,0
955.4,1.0,139.38,816.03,5,1
1062.83,0.6,425.14,637.69,3,1
645.95,0.2,186.59,459.36,1,0
509.37,0.0,120.27,389.1,0,0
799.54,0.6,192.11,607.44,3,1
686.62,0.4,104.05,582.56,2,1
727.14,0.6,74.32,652.82,3,1
994.12,1.0,200.78,793.33,5,1
1155.47,1.4,229.19,926.28,7,1
725.83,0.4,196.22,529.62,2,0
1267.38,1.6,210.32,1057.05,8,1
1333.84,1.6,276.78,1057.05,8,1
2130.07,2.0,864.43,1265.64,10,1
1231.61,1.6,204.81,1026.79,8,1
808.2,0.8,122.95,685.26,4,0
788.09,0.6,135.27,652.82,3,1
771.36,0.6,118.54,652.82,3,0
1023.12,1.2,129.27,893.85,6,1
806.35,0.6,183.78,622.56,3,1
1295.03,1.8,213.11,1081.92,9,1
1058.59,1.2,187.43,871.15,6,1
703.81,0.4,136.38,567.44,2,0
482.45,0.0,93.35,389.1,0,0
871.16,0.8,148.08,723.08,4,1
895.87,1.0,102.54,793.33,5,1
848.37,0.8,110.16,738.21,4,1
964.63,1.0,118.35,846.28,5,1
789.35,0.6,166.78,622.56,3,1
1070.8,1.2,184.51,886.28,6,1
1032.64,1.2,169.05,863.59,6,1
876.51,0.8,206.38,670.13,4,1
986.24,1.2,122.65,863.59,6,0
777.38,0.6,109.43,667.95,3,0
765.53,0.6,120.27,645.26,3,0
2669.15,1.6,1581.84,1087.31,8,1
725.04,0.6,87.35,637.69,3,0
1222.65,1.6,173.16,1049.49,8,1
830.11,0.6,215.11,615.0,3,1
871.47,0.8,171.08,700.38,4,1
824.03,0.6,216.59,607.44,3,1
914.67,0.8,184.03,730.64,4,0
1156.84,1.4,207.86,948.97,7,1
976.5,1.0,198.3,778.21,5,1
1402.25,1.8,259.81,1142.44,9,1
825.97,0.6,203.41,622.56,3,1
536.05,0.0,101.57,434.49,0,1
660.3,0.4,100.43,559.87,2,1
1950.58,2.4,521.73,1428.85,12,1
502.07,0.0,97.84,404.23,0,0
1105.8,1.2,295.16,810.64,6,1
1648.04,1.8,475.35,1172.69,9,1
601.84,0.2,127.35,474.49,1,0
748.02,0.6,125.46,622.56,3,1
728.58,0.6,83.32,645.26,3,0
1167.47,1.4,248.76,918.72,7,1
841.1,0.8,118.03,723.08,4,0
546.11,0.2,71.62,474.49,1,0
1007.65,1.2,166.76,840.9,6,1
1019.32,1.0,256.24,763.08,5,1
667.96,0.4,115.65,552.31,2,0
618.46,0.2,151.54,466.92,1,1
750.78,0.6,120.65,630.13,3,1
671.49,0.4,104.05,567.44,2,0
1004.77,1.2,126.05,878.72,6,1
631.65,0.4,64.22,567.44,2,0
962.8,1.0,124.08,838.72,5,1
603.27,0.2,128.78,474.49,1,0
940.07,0.8,209.43,730.64,4,1
531.68,0.2,72.32,459.36,1,0
1381.76,2.0,191.76,1190.0,10,1
1032.34,1.2,146.05,886.28,6,1
681.48,0.4,91.35,590.13,2,1
992.72,1.0,214.51,778.21,5,1
1067.68,1.0,266.78,800.9,5,1
959.51,1.0,204.0,755.51,5,1
1049.16,1.2,125.05,924.1,6,1
1205.98,1.6,179.19,1026.79,8,1
560.43,0.2,85.95,474.49,1,0
927.76,1.0,126.86,800.9,5,1
843.52,0.8,135.57,707.95,4,1
458.6,0.0,24.11,434.49,0,0
665.12,0.4,120.38,544.74,2,0
583.9,0.2,116.97,466.92,1,0
1230.11,1.2,328.7,901.41,6,1
669.22,0.4,109.35,559.87,2,0
479.03,0.0,52.11,426.92,0,0
1657.68,2.0,482.81,1174.87,10,1
955.18,1.0,176.97,778.21,5,1
636.58,0.4,91.84,544.74,2,0
713.39,0.4,161.08,552.31,2,0
1073.15,1.4,154.43,918.72,7,1
584.63,0.2,125.27,459.36,1,0
1019.59,1.0,196.0,823.59,5,1
1101.77,1.4,183.05,918.72,7,1
693.81,0.4,126.38,567.44,2,1
781.91,0.6,136.65,645.26,3,0
786.03,0.6,186.16,599.87,3,1
1141.49,1.2,293.03,848.46,6,0
477.68,0.0,58.32,419.36,0,0
507.58,0.0,103.35,404.23,0,0
891.59,0.8,168.51,723.08,4,1
855.49,0.8,147.54,707.95,4,1
1129.44,1.4,203.16,926.28,7,1
607.57,0.2,140.65,466.92,1,0
878.54,0.6,271.11,607.44,3,1
778.91,0.6,148.78,630.13,3,1
1158.0,1.4,216.59,941.41,7,1
878.39,0.8,185.57,692.82,4,1
1191.77,1.4,257.92,933.85,7,1
863.46,0.8,147.95,715.51,4,1
1211.36,1.6,169.43,1041.92,8,1
788.22,0.6,120.27,667.95,3,0
829.91,0.6,192.22,637.69,3,1
1138.72,1.2,267.57,871.15,6,1
809.4,0.8,86.32,723.08,4,1
1210.03,1.4,268.62,941.41,7,1
753.06,0.6,100.24,652.82,3,1
493.85,0.0,89.62,404.23,0,0
438.2,0.0,26.41,411.79,0,0
732.86,0.6,117.86,615.0,3,0
1167.23,1.2,288.51,878.72,6,1
942.7,1.0,134.24,808.46,5,1
711.92,0.6,96.92,615.0,3,0
2448.08,2.2,1044.11,1403.97,11,1
629.53,0.4,92.35,537.18,2,0
1279.05,1.6,282.51,996.54,8,1
1027.81,1.2,224.73,803.08,6,1
976.21,1.0,213.14,763.08,5,1
905.75,0.8,182.68,723.08,4,0
525.99,0.0,121.76,404.23,0,0
1192.07,1.4,212.84,979.23,7,1
572.63,0.2,113.27,459.36,1,0
929.81,1.0,121.35,808.46,5,1
991.61,1.0,205.84,785.77,5,1
598.35,0.2,123.86,474.49,1,0
851.36,0.8,150.97,700.38,4,1
741.43,0.6,65.92,675.51,3,1
849.7,0.6,219.57,630.13,3,1
495.4,0.0,98.73,396.67,0,0
522.39,0.0,103.03,419.36,0,1
852.05,0.6,221.92,630.13,3,1
1561.3,2.2,338.86,1222.44,11,1
1183.45,1.4,279.86,903.59,7,1
515.18,0.0,126.08,389.1,0,0
890.89,0.8,175.38,715.51,4,1
738.7,0.6,116.14,622.56,3,1
2161.33,1.8,958.38,1202.95,9,1
