"Total_Cost","Ratio_Reloc_Prod","Horiz_Cost","Vert_Cost","nReloc","non_Optimal"
241168.46,0.3673,52905.79,188262.79,551,189
806.0,0.4,170.49,635.51,2,1
699.31,0.2,134.05,565.26,1,0
981.48,0.6,230.32,751.15,3,1
762.99,0.4,112.35,650.64,2,0
1775.43,1.0,959.41,816.03,5,1
927.72,0.8,136.57,791.15,4,1
746.22,0.4,125.84,620.38,2,1
1139.34,1.2,147.16,992.18,6,1
891.97,0.6,148.38,743.59,3,1
743.89,0.4,161.32,582.56,2,1
858.06,0.8,104.73,753.33,4,1
631.69,0.2,74.0,557.69,1,0
1218.94,1.0,334.84,884.1,5,1
735.5,0.4,122.68,612.82,2,1
516.15,0.0,51.41,464.74,0,1
972.6,0.8,158.76,813.85,4,1
894.97,0.6,204.32,690.64,3,1
659.72,0.2,94.46,565.26,1,1
853.29,0.6,170.22,683.08,3,1
805.44,0.4,124.54,680.9,2,1
556.21,0.0,99.03,457.18,0,1
809.49,0.4,189.11,620.38,2,1
747.54,0.4,112.03,635.51,2,1
642.92,0.2,100.35,542.56,1,0
958.9,0.6,245.57,713.33,3,1
899.23,0.6,148.08,751.15,3,0
866.94,0.6,123.35,743.59,3,1
1359.85,1.6,219.59,1140.26,8,1
932.75,0.6,189.16,743.59,3,0
814.11,0.4,178.59,635.51,2,1
1105.74,0.6,445.35,660.38,3,1
674.3,0.2,93.92,580.38,1,0
734.82,0.4,129.57,605.26,2,1
1099.54,1.0,223.0,876.54,5,1
655.7,0.2,105.57,550.13,1,1
933.69,0.6,174.97,758.72,3,1
705.11,0.4,84.73,620.38,2,1
1108.77,0.4,511.08,597.69,2,1
887.51,0.6,143.92,743.59,3,0
683.92,0.2,156.49,527.44,1,0
932.32,0.8,141.16,791.15,4,1
671.18,0.2,121.05,550.13,1,0
871.23,0.6,165.46,705.77,3,1
806.07,0.6,115.43,690.64,3,1
638.28,0.2,73.03,565.26,1,1
932.27,0.6,188.68,743.59,3,1
1096.56,0.8,297.84,798.72,4,1
779.79,0.2,191.84,587.95,1,1
676.18,0.2,110.92,565.26,1,0
762.04,0.2,204.35,557.69,1,1
704.42,0.4,99.16,605.26,2,0
527.97,0.0,78.35,449.62,0,1
716.33,0.4,95.95,620.38,2,1
664.28,0.2,99.03,565.26,1,1
1226.7,0.8,511.19,715.51,4,1
1028.11,0.6,307.22,720.9,3,1
559.12,0.0,86.81,472.31,0,1
792.12,0.4,126.35,665.77,2,0
1224.64,1.0,340.54,884.1,5,1
1048.83,1.0,157.16,891.67,5,1
636.27,0.2,108.84,527.44,1,1
886.45,0.6,142.86,743.59,3,1
1357.13,1.6,232.0,1125.13,8,1
896.61,0.4,230.84,665.77,2,1
579.38,0.0,91.95,487.44,0,0
946.42,0.6,187.7,758.72,3,1
764.76,0.4,144.38,620.38,2,1
808.34,0.2,243.08,565.26,1,1
734.07,0.2,168.81,565.26,1,1
748.88,0.2,183.62,565.26,1,1
877.58,0.6,179.38,698.21,3,1
572.31,0.0,107.57,464.74,0,0
1049.31,0.8,243.03,806.28,4,1
905.28,0.6,199.51,705.77,3,1
1081.61,1.0,189.95,891.67,5,1
870.94,0.6,127.35,743.59,3,1
860.99,0.4,195.22,665.77,2,1
514.63,0.0,42.32,472.31,0,1
809.98,0.4,136.65,673.33,2,1
1598.87,0.8,837.97,760.9,4,1
727.33,0.2,146.95,580.38,1,0
809.26,0.2,244.0,565.26,1,0
681.32,0.2,131.19,550.13,1,0
773.13,0.4,130.05,643.08,2,0
878.96,0.4,220.76,658.21,2,0
906.49,0.8,130.46,776.03,4,1
867.69,0.6,116.54,751.15,3,1
593.5,0.0,121.19,472.31,0,1
879.04,0.6,165.7,713.33,3,0
520.24,0.0,70.62,449.62,0,0
872.05,0.6,128.46,743.59,3,1
788.07,0.6,97.43,690.64,3,1
628.99,0.2,63.73,565.26,1,1
974.98,0.8,168.7,806.28,4,1
843.81,0.6,100.22,743.59,3,1
1114.77,0.2,617.59,497.18,1,1
716.09,0.2,143.27,572.82,1,1
1059.34,1.0,152.54,906.79,5,1
659.88,0.2,94.62,565.26,1,1
759.75,0.2,209.62,550.13,1,1
641.98,0.0,162.11,479.87,0,1
547.18,0.0,82.43,464.74,0,1
939.05,0.6,187.89,751.15,3,1
697.14,0.2,116.76,580.38,1,1
764.42,0.4,98.65,665.77,2,0
587.12,0.0,122.38,464.74,0,0
667.88,0.2,102.62,565.26,1,0
652.12,0.2,94.43,557.69,1,0
690.63,0.2,125.38,565.26,1,1
758.7,0.4,115.62,643.08,2,0
814.45,0.4,163.81,650.64,2,1
850.72,0.4,192.51,658.21,2,1
1208.3,1.2,246.38,961.92,6,1
809.6,0.4,136.27,673.33,2,0
595.09,0.0,122.78,472.31,0,1
678.72,0.2,113.46,565.26,1,1
931.87,0.8,118.03,813.85,4,1
524.37,0.0,59.62,464.74,0,1
760.24,0.4,117.16,643.08,2,0
766.9,0.4,101.14,665.77,2,0
715.04,0.2,149.78,565.26,1,1
930.47,0.6,217.14,713.33,3,1
1036.32,0.4,393.24,643.08,2,1
530.74,0.0,66.0,464.74,0,0
1470.52,0.8,709.62,760.9,4,1
750.18,0.2,184.92,565.26,1,1
572.47,0.0,100.16,472.31,0,0
759.77,0.2,194.51,565.26,1,1
657.09,0.2,91.84,565.26,1,0
882.74,0.6,116.46,766.28,3,0
660.36,0.2,95.11,565.26,1,0
583.01,0.0,118.27,464.74,0,0
822.39,0.4,164.19,658.21,2,1
737.99,0.4,72.22,665.77,2,1
554.72,0.0,89.97,464.74,0,0
532.85,0.0,68.11,464.74,0,1
721.96,0.2,156.7,565.26,1,0
637.18,0.2,71.92,565.26,1,0
936.02,0.6,177.3,758.72,3,0
692.53,0.2,127.27,565.26,1,0
690.42,0.2,125.16,565.26,1,0
564.69,0.0,99.95,464.74,0,1
564.66,0.0,99.92,464.74,0,0
736.81,0.4,93.73,643.08,2,1
635.04,0.0,170.3,464.74,0,1
724.82,0.4,104.43,620.38,2,1
825.72,0.6,135.08,690.64,3,1
817.72,0.4,167.08,650.64,2,0
574.68,0.0,94.81,479.87,0,1
574.74,0.0,102.43,472.31,0,1
683.01,0.2,117.76,565.26,1,0
847.14,0.6,126.24,720.9,3,0
506.49,0.0,72.0,434.49,0,0
686.46,0.2,143.89,542.56,1,1
837.76,0.4,209.81,627.95,2,1
928.25,0.4,254.92,673.33,2,0
724.93,0.2,159.68,565.26,1,0
1106.8,0.8,300.51,806.28,4,1
727.81,0.4,84.73,643.08,2,1
728.87,0.2,148.49,580.38,1,0
575.18,0.0,110.43,464.74,0,0
810.77,0.4,152.57,658.21,2,1
549.51,0.0,107.46,442.05,0,1
751.13,0.4,108.05,643.08,2,0
865.03,0.6,136.57,728.46,3,0
682.63,0.2,117.38,565.26,1,1
1841.87,0.8,1073.41,768.46,4,1
565.52,0.0,85.65,479.87,0,0
1206.46,0.8,377.49,828.97,4,1
892.61,0.4,241.97,650.64,2,1
1148.3,0.8,326.89,821.41,4,1
1165.42,1.0,258.62,906.79,5,1
882.05,0.4,231.41,650.64,2,1
957.28,0.4,291.51,665.77,2,1
662.31,0.2,97.05,565.26,1,0
803.44,0.4,137.68,665.77,2,0
687.53,0.2,122.27,565.26,1,0
642.78,0.2,92.65,550.13,1,0
525.66,0.0,60.92,464.74,0,0
1474.88,0.8,736.68,738.21,4,1
884.04,0.4,225.84,658.21,2,1
924.13,0.6,172.97,751.15,3,1
756.72,0.4,90.95,665.77,2,1
752.82,0.2,180.0,572.82,1,1
810.55,0.6,97.22,713.33,3,0
796.21,0.4,145.57,650.64,2,1
687.58,0.2,114.76,572.82,1,1
678.69,0.2,105.86,572.82,1,1
675.23,0.2,109.97,565.26,1,1
742.83,0.4,99.76,643.08,2,0
523.45,0.0,58.7,464.74,0,0
806.71,0.4,133.38,673.33,2,0
829.96,0.4,217.14,612.82,2,1
663.8,0.2,98.54,565.26,1,0
1169.54,0.4,534.03,635.51,2,1
582.57,0.0,95.14,487.44,0,0
544.18,0.0,79.43,464.74,0,0
521.58,0.0,56.84,464.74,0,0
774.42,0.4,108.65,665.77,2,1
650.96,0.2,85.7,565.26,1,0
674.09,0.2,108.84,565.26,1,0
681.61,0.2,116.35,565.26,1,0
556.96,0.0,92.22,464.74,0,0
696.18,0.2,130.92,565.26,1,1
544.66,0.0,79.92,464.74,0,0
528.07,0.0,63.32,464.74,0,0
595.99,0.0,131.24,464.74,0,1
847.62,0.6,172.11,675.51,3,1
774.64,0.4,131.57,643.08,2,1
820.4,0.4,169.76,650.64,2,0
598.2,0.0,125.89,472.31,0,0
867.47,0.4,201.7,665.77,2,0
703.9,0.2,131.08,572.82,1,0
770.91,0.4,120.27,650.64,2,1
1621.82,0.8,876.05,745.77,4,1
825.77,0.2,260.51,565.26,1,1
513.66,0.0,48.92,464.74,0,1
622.66,0.2,57.41,565.26,1,1
1190.0,0.2,655.0,535.0,1,1
879.27,0.6,135.68,743.59,3,1
850.01,0.4,184.24,665.77,2,1
589.01,0.0,124.27,464.74,0,0
1179.47,0.8,365.62,813.85,4,1
660.39,0.2,95.14,565.26,1,1
827.96,0.4,169.76,658.21,2,1
775.12,0.4,109.35,665.77,2,1
886.0,0.6,149.97,736.03,3,1
527.26,0.0,62.51,464.74,0,0
734.47,0.2,154.08,580.38,1,0
565.55,0.0,100.81,464.74,0,0
806.42,0.2,241.16,565.26,1,0
796.48,0.4,145.84,650.64,2,1
844.36,0.4,178.59,665.77,2,0
822.92,0.4,187.41,635.51,2,1
752.15,0.2,186.89,565.26,1,0
547.23,0.0,74.92,472.31,0,1
972.42,0.8,173.7,798.72,4,1
1100.72,0.2,603.54,497.18,1,1
576.41,0.0,96.54,479.87,0,0
837.07,0.4,239.38,597.69,2,1
796.15,0.4,137.95,658.21,2,1
689.42,0.2,124.16,565.26,1,0
783.24,0.4,140.16,643.08,2,0
665.77,0.2,92.95,572.82,1,0
625.36,0.2,60.11,565.26,1,1
669.47,0.2,96.65,572.82,1,0
638.28,0.2,73.03,565.26,1,1
801.58,0.4,143.38,658.21,2,0
822.2,0.4,148.86,673.33,2,1
673.53,0.2,108.27,565.26,1,1
712.96,0.4,100.14,612.82,2,1
975.83,0.6,217.11,758.72,3,1
1068.68,0.8,254.84,813.85,4,1
683.47,0.0,211.16,472.31,0,0
929.26,0.6,178.11,751.15,3,0
602.95,0.0,123.08,479.87,0,0
1651.29,1.0,812.57,838.72,5,1
834.41,0.4,161.08,673.33,2,1
1280.82,1.0,366.46,914.36,5,1
848.79,0.4,167.89,680.9,2,0
1068.59,0.6,317.43,751.15,3,1
590.79,0.0,103.35,487.44,0,1
877.32,0.6,126.16,751.15,3,1
709.87,0.2,129.49,580.38,1,1
627.26,0.2,62.0,565.26,1,0
755.34,0.4,97.14,658.21,2,0
740.52,0.2,167.7,572.82,1,0
550.8,0.0,86.05,464.74,0,0
580.89,0.0,131.27,449.62,0,1
1126.62,1.0,189.57,937.05,5,1
819.31,0.4,145.97,673.33,2,1
1215.57,0.6,555.19,660.38,3,1
727.99,0.2,162.73,565.26,1,0
1028.69,1.0,129.46,899.23,5,1
650.61,0.2,85.35,565.26,1,1
889.37,0.6,130.65,758.72,3,1
807.76,0.2,280.32,527.44,1,1
582.57,0.0,95.14,487.44,0,0
1043.85,0.6,398.59,645.26,3,1
507.71,0.0,35.41,472.31,0,0
744.34,0.4,86.14,658.21,2,1
1818.55,1.2,932.27,886.28,6,1
756.72,0.2,199.03,557.69,1,0
1087.71,0.2,560.27,527.44,1,1
771.47,0.4,98.14,673.33,2,1
675.52,0.2,95.14,580.38,1,0
692.45,0.2,127.19,565.26,1,0
704.85,0.2,139.59,565.26,1,0
946.3,0.6,217.84,728.46,3,0
805.77,0.4,147.57,658.21,2,1
528.28,0.0,63.54,464.74,0,0
555.89,0.0,106.27,449.62,0,0
881.53,0.6,130.38,751.15,3,1
765.01,0.2,199.76,565.26,1,1
680.95,0.2,100.57,580.38,1,0
518.37,0.0,53.62,464.74,0,0
547.28,0.0,82.54,464.74,0,1
646.96,0.2,81.7,565.26,1,0
712.34,0.2,147.08,565.26,1,1
673.31,0.2,108.05,565.26,1,1
