"Total_Cost","Ratio_Reloc_Prod","Horiz_Cost","Vert_Cost","nReloc","non_Optimal"
226640.05,0.3473,39668.07,186972.08,521,300
806.0,0.4,170.49,635.51,2,1
723.93,0.2,158.68,565.26,1,1
905.05,0.6,161.46,743.59,3,1
789.15,0.4,130.95,658.21,2,1
1001.43,1.0,117.32,884.1,5,1
932.53,0.8,141.38,791.15,4,1
676.96,0.4,71.7,605.26,2,1
1188.53,1.2,188.78,999.74,6,1
861.0,0.6,124.97,736.03,3,1
690.73,0.4,108.16,582.56,2,1
892.5,0.8,139.16,753.33,4,1
617.64,0.2,67.51,550.13,1,1
1011.45,0.8,212.73,798.72,4,1
689.58,0.4,84.32,605.26,2,1
558.96,0.0,86.65,472.31,0,1
968.6,0.8,154.76,813.85,4,1
915.18,0.6,224.54,690.64,3,1
660.72,0.2,95.46,565.26,1,1
795.76,0.6,120.24,675.51,3,1
792.74,0.4,111.84,680.9,2,1
549.21,0.0,92.03,457.18,0,1
807.2,0.4,186.81,620.38,2,1
646.61,0.2,88.92,557.69,1,1
655.1,0.2,112.54,542.56,1,1
931.17,0.6,217.84,713.33,3,1
899.53,0.6,148.38,751.15,3,1
899.07,0.6,140.35,758.72,3,1
1206.31,1.4,166.57,1039.74,7,1
903.54,0.6,175.08,728.46,3,1
791.35,0.4,148.27,643.08,2,1
908.29,0.6,157.14,751.15,3,1
647.88,0.2,82.62,565.26,1,1
737.82,0.4,132.57,605.26,2,1
987.94,0.8,196.78,791.15,4,1
656.29,0.2,106.16,550.13,1,1
930.05,0.6,178.89,751.15,3,1
632.56,0.2,82.43,550.13,1,1
738.65,0.4,103.14,635.51,2,1
768.05,0.4,132.54,635.51,2,1
773.99,0.4,176.3,597.69,2,1
1031.16,1.0,162.19,868.97,5,1
683.18,0.2,133.05,550.13,1,1
815.18,0.6,116.97,698.21,3,1
844.96,0.6,146.76,698.21,3,1
633.58,0.2,68.32,565.26,1,1
843.92,0.6,115.46,728.46,3,1
1045.34,0.8,246.62,798.72,4,1
695.65,0.2,115.27,580.38,1,1
683.31,0.2,118.05,565.26,1,1
751.94,0.2,194.24,557.69,1,1
719.82,0.4,114.57,605.26,2,1
531.8,0.0,67.05,464.74,0,1
733.03,0.4,112.65,620.38,2,1
555.77,0.0,91.03,464.74,0,1
973.5,0.8,174.78,798.72,4,1
797.64,0.6,114.57,683.08,3,1
529.45,0.0,64.7,464.74,0,1
802.63,0.4,136.86,665.77,2,1
925.35,0.6,189.32,736.03,3,1
723.71,0.4,95.76,627.95,2,1
552.13,0.0,94.95,457.18,0,1
903.53,0.8,97.24,806.28,4,1
1459.08,1.6,296.14,1162.95,8,1
842.99,0.4,177.22,665.77,2,1
572.49,0.0,85.05,487.44,0,1
967.93,0.6,209.22,758.72,3,1
766.9,0.4,154.08,612.82,2,1
916.42,0.4,265.78,650.64,2,1
864.67,0.6,174.03,690.64,3,1
781.47,0.4,176.22,605.26,2,1
641.79,0.2,114.35,527.44,1,1
674.32,0.2,131.76,542.56,1,1
1087.16,0.8,250.62,836.54,4,1
754.39,0.4,141.57,612.82,2,1
1310.73,1.4,233.16,1077.56,7,1
762.32,0.4,119.24,643.08,2,1
985.18,0.6,226.46,758.72,3,1
642.04,0.2,69.22,572.82,1,1
791.17,0.4,117.84,673.33,2,1
898.59,0.6,155.0,743.59,3,1
724.63,0.2,144.24,580.38,1,1
897.18,0.4,238.97,658.21,2,1
730.71,0.2,157.89,572.82,1,1
773.35,0.4,130.27,643.08,2,1
815.32,0.4,164.68,650.64,2,1
954.76,0.8,133.35,821.41,4,1
918.88,0.6,160.16,758.72,3,1
634.43,0.2,91.86,542.56,1,1
861.82,0.6,148.49,713.33,3,1
586.53,0.0,121.78,464.74,0,1
788.04,0.4,122.27,665.77,2,1
722.66,0.2,157.41,565.26,1,1
643.8,0.2,78.54,565.26,1,1
849.06,0.6,128.16,720.9,3,1
922.26,0.6,155.97,766.28,3,1
630.69,0.2,65.43,565.26,1,1
704.12,0.2,138.86,565.26,1,1
1043.61,1.0,151.95,891.67,5,1
630.66,0.2,65.41,565.26,1,1
710.02,0.2,159.89,550.13,1,1
699.53,0.2,134.27,565.26,1,1
541.07,0.0,76.32,464.74,0,1
904.05,0.6,152.89,751.15,3,1
641.44,0.2,68.62,572.82,1,1
728.58,0.4,62.81,665.77,2,1
581.88,0.0,109.57,472.31,0,1
774.9,0.4,109.14,665.77,2,1
701.37,0.2,143.68,557.69,1,1
721.96,0.2,156.7,565.26,1,1
734.43,0.4,98.92,635.51,2,1
826.53,0.4,168.32,658.21,2,1
824.36,0.4,158.59,665.77,2,1
802.99,0.4,144.78,658.21,2,1
827.21,0.6,83.62,743.59,3,1
552.58,0.0,87.84,464.74,0,1
634.2,0.2,68.95,565.26,1,1
839.02,0.6,95.43,743.59,3,1
633.18,0.2,67.92,565.26,1,1
771.75,0.4,128.68,643.08,2,1
765.69,0.4,99.92,665.77,2,1
668.26,0.2,110.57,557.69,1,1
663.31,0.2,98.05,565.26,1,1
657.28,0.2,92.03,565.26,1,1
515.99,0.0,58.81,457.18,0,1
985.29,0.8,186.57,798.72,4,1
637.07,0.0,172.32,464.74,0,1
476.75,0.0,34.7,442.05,0,1
762.77,0.2,197.51,565.26,1,1
775.04,0.4,116.84,658.21,2,1
727.18,0.2,161.92,565.26,1,1
708.98,0.2,136.16,572.82,1,1
682.01,0.2,116.76,565.26,1,1
755.47,0.4,89.7,665.77,2,1
863.31,0.6,97.03,766.28,3,1
573.93,0.0,109.19,464.74,0,1
654.39,0.2,89.14,565.26,1,1
812.26,0.4,146.49,665.77,2,1
641.69,0.2,76.43,565.26,1,1
1169.84,1.0,232.78,937.05,5,1
760.83,0.4,117.76,643.08,2,1
515.77,0.0,51.03,464.74,0,1
536.96,0.0,72.22,464.74,0,1
548.96,0.0,84.22,464.74,0,1
642.58,0.2,77.32,565.26,1,1
524.74,0.0,60.0,464.74,0,1
747.66,0.2,182.41,565.26,1,1
650.94,0.2,93.24,557.69,1,1
801.19,0.4,158.11,643.08,2,1
676.47,0.2,103.65,572.82,1,1
682.88,0.2,125.19,557.69,1,1
679.42,0.2,114.16,565.26,1,1
845.35,0.6,109.32,736.03,3,1
532.11,0.0,90.05,442.05,0,1
735.25,0.4,114.86,620.38,2,1
858.53,0.4,200.32,658.21,2,1
737.47,0.2,172.22,565.26,1,1
636.47,0.0,171.73,464.74,0,1
870.62,0.6,142.16,728.46,3,1
782.98,0.4,109.65,673.33,2,1
571.12,0.0,91.24,479.87,0,1
540.22,0.0,105.73,434.49,0,1
746.97,0.4,111.46,635.51,2,1
639.48,0.2,89.35,550.13,1,1
714.81,0.4,71.73,643.08,2,1
720.34,0.2,170.22,550.13,1,1
718.26,0.2,153.0,565.26,1,1
902.04,0.4,243.84,658.21,2,1
608.06,0.0,135.76,472.31,0,1
1077.24,0.8,248.27,828.97,4,1
1134.83,1.0,243.16,891.67,5,1
870.2,0.4,204.43,665.77,2,1
1172.28,1.0,257.92,914.36,5,1
1011.0,0.8,227.41,783.59,4,1
712.53,0.2,162.41,550.13,1,1
614.31,0.0,142.0,472.31,0,1
934.07,0.6,167.78,766.28,3,1
728.6,0.2,148.22,580.38,1,1
755.47,0.4,89.7,665.77,2,1
634.8,0.2,69.54,565.26,1,1
747.83,0.4,104.76,643.08,2,1
853.23,0.4,195.03,658.21,2,1
878.86,0.6,135.27,743.59,3,1
958.64,0.8,114.54,844.1,4,1
734.71,0.2,161.89,572.82,1,1
783.18,0.4,124.97,658.21,2,1
879.28,0.4,205.95,673.33,2,1
663.91,0.2,98.65,565.26,1,1
681.8,0.2,116.54,565.26,1,1
569.04,0.0,111.86,457.18,0,1
650.28,0.2,85.03,565.26,1,1
524.26,0.0,59.51,464.74,0,1
873.35,0.6,129.76,743.59,3,1
726.91,0.2,169.22,557.69,1,1
940.18,0.6,181.46,758.72,3,1
695.58,0.2,122.76,572.82,1,1
530.18,0.0,65.43,464.74,0,1
580.64,0.0,123.46,457.18,0,1
567.34,0.0,110.16,457.18,0,1
774.42,0.4,108.65,665.77,2,1
646.36,0.2,81.11,565.26,1,1
578.79,0.2,58.92,519.87,1,1
675.91,0.2,110.65,565.26,1,1
590.5,0.0,125.76,464.74,0,1
546.74,0.0,82.0,464.74,0,1
783.37,0.4,125.16,658.21,2,1
705.55,0.2,140.3,565.26,1,1
615.49,0.2,95.62,519.87,1,1
715.13,0.2,165.0,550.13,1,1
559.09,0.0,94.35,464.74,0,1
912.89,0.6,176.86,736.03,3,1
664.04,0.2,106.35,557.69,1,1
977.66,0.6,211.38,766.28,3,1
737.52,0.2,164.7,572.82,1,1
853.99,0.4,188.22,665.77,2,1
717.66,0.2,152.41,565.26,1,1
695.07,0.2,129.81,565.26,1,1
673.61,0.2,108.35,565.26,1,1
656.77,0.2,91.51,565.26,1,1
760.2,0.2,194.95,565.26,1,1
761.75,0.4,103.54,658.21,2,1
934.91,0.6,176.19,758.72,3,1
1142.81,1.2,218.7,924.1,6,1
827.26,0.4,161.49,665.77,2,1
623.12,0.2,65.43,557.69,1,1
883.15,0.4,224.95,658.21,2,1
772.75,0.4,114.54,658.21,2,1
904.77,0.6,146.05,758.72,3,1
511.4,0.0,54.22,457.18,0,1
684.99,0.2,119.73,565.26,1,1
530.78,0.0,88.73,442.05,0,1
737.29,0.2,179.59,557.69,1,1
696.86,0.4,46.22,650.64,2,1
857.61,0.4,191.84,665.77,2,1
864.77,0.4,199.0,665.77,2,1
758.18,0.2,208.05,550.13,1,1
520.85,0.0,56.11,464.74,0,1
981.8,0.8,175.51,806.28,4,1
786.68,0.4,113.35,673.33,2,1
823.74,0.4,157.97,665.77,2,1
731.6,0.2,151.22,580.38,1,1
824.15,0.4,158.38,665.77,2,1
683.56,0.2,125.86,557.69,1,1
784.83,0.4,141.76,643.08,2,1
653.18,0.2,87.92,565.26,1,1
563.18,0.0,98.43,464.74,0,1
662.31,0.2,97.05,565.26,1,1
750.59,0.4,107.51,643.08,2,1
715.26,0.2,150.0,565.26,1,1
787.15,0.4,121.38,665.77,2,1
651.2,0.2,85.95,565.26,1,1
601.56,0.2,59.0,542.56,1,1
860.53,0.4,194.76,665.77,2,1
751.77,0.2,186.51,565.26,1,1
550.69,0.0,85.95,464.74,0,1
902.37,0.6,158.78,743.59,3,1
721.85,0.2,156.59,565.26,1,1
848.64,0.4,190.43,658.21,2,1
743.14,0.2,155.19,587.95,1,1
829.17,0.4,163.41,665.77,2,1
850.03,0.4,169.14,680.9,2,1
918.5,0.6,159.78,758.72,3,1
544.63,0.0,72.32,472.31,0,1
861.39,0.4,195.62,665.77,2,1
740.47,0.4,74.7,665.77,2,1
506.26,0.0,41.51,464.74,0,1
876.49,0.6,140.46,736.03,3,1
627.66,0.0,162.92,464.74,0,1
563.39,0.0,98.65,464.74,0,1
791.91,0.4,141.27,650.64,2,1
744.63,0.2,171.81,572.82,1,1
786.84,0.4,105.95,680.9,2,1
796.09,0.4,122.76,673.33,2,1
864.35,0.6,120.76,743.59,3,1
1129.0,1.2,151.95,977.05,6,1
640.28,0.2,75.03,565.26,1,1
827.17,0.4,161.41,665.77,2,1
761.04,0.4,102.84,658.21,2,1
597.82,0.0,125.51,472.31,0,1
639.88,0.2,74.62,565.26,1,1
562.34,0.0,105.16,457.18,0,1
668.12,0.2,102.86,565.26,1,1
728.59,0.2,186.03,542.56,1,1
727.53,0.2,162.27,565.26,1,1
568.28,0.0,103.54,464.74,0,1
745.39,0.4,79.62,665.77,2,1
775.34,0.4,109.57,665.77,2,1
706.34,0.2,141.08,565.26,1,1
755.55,0.2,190.3,565.26,1,1
716.17,0.2,135.78,580.38,1,1
650.61,0.2,85.35,565.26,1,1
529.26,0.0,64.51,464.74,0,1
570.01,0.0,105.27,464.74,0,1
784.88,0.4,126.68,658.21,2,1
555.61,0.0,90.86,464.74,0,1
821.44,0.4,155.68,665.77,2,1
524.37,0.0,59.62,464.74,0,1
683.82,0.2,118.57,565.26,1,1
679.5,0.2,114.24,565.26,1,1
701.01,0.2,135.76,565.26,1,1
816.75,0.6,118.54,698.21,3,1
