"Total_Cost","Ratio_Reloc_Prod","Horiz_Cost","Vert_Cost","nReloc","non_Optimal"
247847.68,0.7373,39782.77,208064.92,1106,74
541.08,0.2,59.03,482.05,1,0
687.57,0.2,213.08,474.49,1,1
542.89,0.2,60.84,482.05,1,0
797.96,0.8,105.14,692.82,4,1
437.72,0.0,48.62,389.1,0,0
778.14,0.8,85.32,692.82,4,0
699.32,0.6,84.32,615.0,3,0
935.59,1.2,124.95,810.64,6,1
1173.61,1.4,262.46,911.15,7,0
1006.62,1.2,211.11,795.51,6,0
1104.02,1.4,185.3,918.72,7,1
910.33,1.0,177.51,732.82,5,0
568.24,0.2,93.76,474.49,1,0
699.24,0.6,69.11,630.13,3,0
517.58,0.0,98.22,419.36,0,1
988.27,1.0,179.81,808.46,5,0
569.93,0.2,57.62,512.31,1,0
672.82,0.4,128.08,544.74,2,0
794.88,0.8,124.76,670.13,4,1
545.85,0.2,94.05,451.79,1,0
532.54,0.0,98.05,434.49,0,0
584.92,0.2,102.86,482.05,1,0
924.37,1.0,146.16,778.21,5,1
794.21,0.6,164.08,630.13,3,0
739.07,0.6,108.95,630.13,3,0
814.3,0.8,106.35,707.95,4,0
865.0,0.8,149.49,715.51,4,0
963.97,1.2,107.95,856.03,6,0
563.29,0.2,66.11,497.18,1,0
786.87,0.8,78.92,707.95,4,1
1019.31,1.2,125.46,893.85,6,1
926.21,1.0,155.57,770.64,5,0
790.03,0.6,129.65,660.38,3,0
1433.8,2.0,221.11,1212.69,10,0
684.27,0.4,162.22,522.05,2,0
536.63,0.2,69.7,466.92,1,0
651.39,0.4,91.51,559.87,2,0
919.58,1.0,126.24,793.33,5,1
1087.97,1.0,264.38,823.59,5,0
872.04,0.8,179.22,692.82,4,1
992.53,1.2,106.24,886.28,6,0
803.55,0.6,158.3,645.26,3,1
634.67,0.4,52.11,582.56,2,0
838.18,0.6,192.92,645.26,3,0
770.42,0.6,125.16,645.26,3,0
1221.62,1.6,164.57,1057.05,8,0
836.78,0.8,121.27,715.51,4,0
978.47,1.2,137.57,840.9,6,0
950.87,1.0,149.97,800.9,5,1
1467.46,1.8,325.03,1142.44,9,0
739.27,0.6,71.32,667.95,3,0
1498.03,2.0,262.65,1235.38,10,1
481.28,0.0,61.92,419.36,0,0
786.3,0.6,118.35,667.95,3,0
452.45,0.0,48.22,404.23,0,0
925.38,1.0,109.35,816.03,5,0
698.32,0.4,168.7,529.62,2,0
687.78,0.6,65.22,622.56,3,0
858.25,0.6,197.86,660.38,3,1
813.91,0.4,284.3,529.62,2,0
1018.33,1.0,217.43,800.9,5,0
1101.87,1.2,208.03,893.85,6,0
929.62,1.0,121.16,808.46,5,0
1094.34,1.4,183.19,911.15,7,0
541.6,0.2,82.24,459.36,1,0
930.38,1.0,114.35,816.03,5,0
1095.17,1.4,161.32,933.85,7,1
679.04,0.4,134.3,544.74,2,0
1073.67,1.4,170.08,903.59,7,1
728.35,0.6,113.35,615.0,3,0
1237.18,1.6,172.57,1064.62,8,0
480.79,0.0,61.43,419.36,0,0
728.76,0.6,113.76,615.0,3,0
487.02,0.0,37.41,449.62,0,0
515.79,0.0,96.43,419.36,0,0
635.08,0.4,52.51,582.56,2,0
871.76,0.8,163.81,707.95,4,0
838.84,0.8,138.46,700.38,4,1
572.37,0.2,82.76,489.62,1,0
576.39,0.2,56.51,519.87,1,0
641.67,0.4,112.05,529.62,2,0
728.4,0.6,105.84,622.56,3,0
650.21,0.4,52.51,597.69,2,0
1048.18,1.2,108.95,939.23,6,0
875.99,0.8,190.73,685.26,4,0
919.31,0.8,181.11,738.21,4,0
630.74,0.4,78.43,552.31,2,0
538.93,0.2,87.14,451.79,1,0
468.39,0.0,49.03,419.36,0,0
1348.04,1.8,220.73,1127.31,9,1
932.01,1.0,138.68,793.33,5,0
619.81,0.0,185.32,434.49,0,0
1051.36,1.2,165.08,886.28,6,0
481.14,0.0,54.22,426.92,0,0
1023.48,1.0,192.32,831.15,5,1
673.24,0.4,98.24,575.0,2,0
1110.57,1.4,161.59,948.97,7,0
1278.19,1.6,281.65,996.54,8,0
674.15,0.4,136.97,537.18,2,1
806.12,0.6,206.24,599.87,3,1
901.19,0.8,193.24,707.95,4,1
905.89,1.0,97.43,808.46,5,0
767.44,0.6,107.05,660.38,3,0
1148.92,1.4,207.51,941.41,7,1
790.41,0.6,122.46,667.95,3,0
1295.19,1.8,152.76,1142.44,9,1
1256.88,1.8,190.08,1066.79,9,0
628.93,0.4,76.62,552.31,2,0
761.66,0.6,108.84,652.82,3,0
1029.31,1.2,135.46,893.85,6,1
1092.02,1.4,120.35,971.67,7,0
704.16,0.4,129.16,575.0,2,1
652.51,0.2,178.03,474.49,1,0
762.61,0.6,117.35,645.26,3,1
678.06,0.4,125.76,552.31,2,0
966.93,1.0,188.73,778.21,5,1
1091.23,1.0,244.95,846.28,5,0
644.77,0.4,92.46,552.31,2,0
993.91,1.2,122.76,871.15,6,0
792.56,0.8,61.92,730.64,4,0
909.89,1.0,101.43,808.46,5,1
1349.78,1.8,305.68,1044.1,9,0
837.42,0.8,99.22,738.21,4,0
578.76,0.2,111.84,466.92,1,0
914.98,1.0,121.65,793.33,5,1
967.6,1.0,166.7,800.9,5,0
1093.33,1.2,191.92,901.41,6,0
457.33,0.0,30.41,426.92,0,0
977.08,1.2,121.05,856.03,6,1
568.43,0.2,93.95,474.49,1,0
867.44,0.8,106.54,760.9,4,1
1052.28,1.2,166.0,886.28,6,1
588.38,0.2,121.46,466.92,1,1
1170.74,1.4,191.51,979.23,7,0
807.2,0.8,121.95,685.26,4,0
844.0,0.8,136.05,707.95,4,1
1221.97,1.6,225.43,996.54,8,0
579.45,0.2,74.7,504.74,1,0
577.86,0.2,88.24,489.62,1,0
706.02,0.6,68.32,637.69,3,0
507.7,0.0,118.59,389.1,0,0
1146.89,1.4,182.78,964.1,7,1
1085.87,1.4,144.46,941.41,7,1
759.6,0.8,59.22,700.38,4,0
903.12,1.0,117.35,785.77,5,0
1085.57,1.4,144.16,941.41,7,0
1092.1,1.4,173.38,918.72,7,0
792.14,0.8,99.32,692.82,4,1
1022.83,1.2,204.62,818.21,6,0
1112.14,1.4,178.3,933.85,7,0
1050.34,1.2,179.19,871.15,6,0
741.23,0.6,103.54,637.69,3,0
466.98,0.0,47.62,419.36,0,0
948.88,1.0,110.16,838.72,5,0
1141.43,1.4,131.95,1009.49,7,0
753.82,0.6,108.57,645.26,3,1
625.42,0.2,120.68,504.74,1,1
557.45,0.0,153.22,404.23,0,0
568.71,0.2,109.35,459.36,1,0
732.49,0.6,125.05,607.44,3,1
1026.72,1.0,240.95,785.77,5,1
1221.16,1.6,171.68,1049.49,8,0
607.35,0.4,77.73,529.62,2,0
738.88,0.6,108.76,630.13,3,1
459.61,0.0,47.81,411.79,0,0
856.86,0.8,133.78,723.08,4,0
1002.43,1.2,78.32,924.1,6,1
1103.45,1.2,224.73,878.72,6,0
751.01,0.6,90.62,660.38,3,0
625.77,0.4,81.03,544.74,2,0
767.83,0.6,130.14,637.69,3,0
466.69,0.0,70.03,396.67,0,0
1061.82,1.4,135.54,926.28,7,1
764.77,0.6,111.95,652.82,3,0
521.96,0.0,110.16,411.79,0,0
1136.23,1.2,249.95,886.28,6,1
772.45,0.6,74.24,698.21,3,0
496.18,0.0,91.95,404.23,0,0
825.53,0.8,87.32,738.21,4,0
695.9,0.6,96.03,599.87,3,0
1025.68,1.0,232.35,793.33,5,0
805.78,0.6,130.27,675.51,3,0
688.18,0.4,151.0,537.18,2,0
1160.77,1.4,226.92,933.85,7,0
740.64,0.6,102.95,637.69,3,0
855.78,0.8,140.27,715.51,4,0
1004.66,1.0,158.38,846.28,5,0
781.58,0.4,183.89,597.69,2,0
745.69,0.6,100.43,645.26,3,0
761.91,0.6,116.65,645.26,3,0
1145.22,1.4,203.81,941.41,7,0
1330.7,1.8,241.22,1089.49,9,0
897.26,0.8,227.14,670.13,4,0
484.92,0.0,58.0,426.92,0,0
741.01,0.6,80.62,660.38,3,0
753.84,0.6,78.32,675.51,3,0
824.2,0.8,138.95,685.26,4,0
519.52,0.0,100.16,419.36,0,0
494.72,0.0,45.11,449.62,0,0
613.5,0.4,76.32,537.18,2,0
714.87,0.6,46.92,667.95,3,0
778.18,0.6,140.49,637.69,3,0
998.16,1.2,142.14,856.03,6,1
1207.16,1.4,243.05,964.1,7,0
585.62,0.2,103.57,482.05,1,0
895.57,0.8,187.62,707.95,4,0
784.23,0.6,138.97,645.26,3,0
766.03,0.6,105.65,660.38,3,1
740.62,0.6,65.11,675.51,3,1
994.51,1.0,223.86,770.64,5,1
646.14,0.4,71.14,575.0,2,0
669.05,0.4,94.05,575.0,2,0
891.2,0.8,190.81,700.38,4,0
795.13,0.6,165.0,630.13,3,1
915.55,1.0,114.65,800.9,5,1
1137.7,1.4,173.59,964.1,7,0
694.19,0.6,71.62,622.56,3,0
632.74,0.4,80.43,552.31,2,0
766.88,0.6,136.76,630.13,3,0
831.86,0.8,101.22,730.64,4,0
1037.95,1.2,204.62,833.33,6,0
597.38,0.2,130.46,466.92,1,1
605.95,0.2,131.46,474.49,1,0
918.31,1.0,132.54,785.77,5,0
746.75,0.6,109.05,637.69,3,0
729.86,0.6,99.73,630.13,3,0
941.65,1.0,140.76,800.9,5,1
730.02,0.6,107.46,622.56,3,0
1086.57,1.4,145.16,941.41,7,0
1071.32,1.2,154.78,916.54,6,1
455.36,0.0,36.0,419.36,0,0
467.19,0.0,32.7,434.49,0,0
764.72,0.6,119.46,645.26,3,0
800.18,0.8,114.92,685.26,4,0
859.39,0.8,106.05,753.33,4,0
597.22,0.2,130.3,466.92,1,0
984.0,1.0,236.05,747.95,5,1
900.89,0.8,177.81,723.08,4,1
1123.24,1.2,199.14,924.1,6,0
1226.53,1.6,207.3,1019.23,8,0
659.18,0.4,53.92,605.26,2,0
821.08,0.8,113.14,707.95,4,0
835.43,0.8,165.3,670.13,4,0
499.22,0.0,64.73,434.49,0,0
693.8,0.4,88.54,605.26,2,1
683.59,0.2,148.59,535.0,1,0
1194.92,1.6,137.86,1057.05,8,1
668.06,0.4,115.76,552.31,2,0
737.48,0.6,107.35,630.13,3,0
888.03,0.8,172.51,715.51,4,0
649.85,0.4,97.54,552.31,2,0
550.94,0.2,61.32,489.62,1,0
1057.83,1.2,179.11,878.72,6,1
923.98,1.0,130.65,793.33,5,0
699.94,0.6,69.81,630.13,3,0
1203.85,1.6,169.49,1034.36,8,0
701.77,0.6,56.51,645.26,3,0
508.13,0.0,58.51,449.62,0,0
546.73,0.0,104.68,442.05,0,1
873.93,0.8,128.16,745.77,4,1
652.1,0.4,69.54,582.56,2,0
751.19,0.6,68.11,683.08,3,0
560.83,0.0,171.73,389.1,0,1
1288.05,1.8,191.0,1097.05,9,0
747.25,0.6,94.43,652.82,3,0
1053.24,1.2,197.22,856.03,6,0
1242.26,1.6,223.03,1019.23,8,1
1240.58,1.6,206.22,1034.36,8,0
631.67,0.4,49.11,582.56,2,0
689.53,0.4,91.84,597.69,2,0
988.35,1.0,232.84,755.51,5,0
711.14,0.4,143.7,567.44,2,0
1097.7,1.4,141.16,956.54,7,0
750.01,0.6,104.76,645.26,3,1
614.09,0.2,154.73,459.36,1,0
1665.01,1.2,771.16,893.85,6,1
563.54,0.2,89.05,474.49,1,0
1064.73,1.2,208.7,856.03,6,0
636.83,0.4,107.22,529.62,2,0
620.85,0.4,76.11,544.74,2,1
563.19,0.2,81.14,482.05,1,0
661.13,0.4,71.0,590.13,2,0
810.65,0.6,150.27,660.38,3,0
1290.93,1.8,224.14,1066.79,9,1
682.72,0.4,137.97,544.74,2,0
802.56,0.8,124.86,677.69,4,0
1042.54,1.2,186.51,856.03,6,1
966.28,1.2,132.95,833.33,6,1
629.49,0.4,69.62,559.87,2,0
726.21,0.6,103.65,622.56,3,0
839.38,0.6,179.0,660.38,3,0
1155.81,1.4,191.7,964.1,7,1
597.92,0.2,115.86,482.05,1,1
500.79,0.0,81.43,419.36,0,0
699.64,0.6,69.51,630.13,3,0
842.74,0.8,81.84,760.9,4,1
536.24,0.2,46.62,489.62,1,0
831.18,0.8,100.54,730.64,4,0
1129.76,1.6,95.41,1034.36,8,0
641.34,0.4,51.22,590.13,2,0
