"Total_Cost","Ratio_Reloc_Prod","Horiz_Cost","Vert_Cost","nReloc","non_Optimal"
230143.99,0.4113,40512.04,189631.83,617,300
799.2,0.4,125.86,673.33,2,1
1096.82,1.0,182.46,914.36,5,1
1103.63,1.0,181.7,921.92,5,1
715.91,0.4,72.84,643.08,2,1
779.42,0.6,81.22,698.21,3,1
644.07,0.2,93.95,550.13,1,1
906.44,0.6,185.54,720.9,3,1
664.75,0.2,107.05,557.69,1,1
740.62,0.4,97.54,643.08,2,1
1105.92,1.0,236.95,868.97,5,1
828.68,0.6,115.35,713.33,3,1
729.79,0.4,101.84,627.95,2,1
679.02,0.4,81.32,597.69,2,1
1006.57,1.0,145.16,861.41,5,1
857.31,0.6,143.97,713.33,3,1
534.15,0.0,69.41,464.74,0,1
802.33,0.4,189.51,612.82,2,1
1042.4,0.8,251.24,791.15,4,1
776.84,0.6,101.32,675.51,3,1
860.92,0.4,232.97,627.95,2,1
1016.77,0.8,202.92,813.85,4,1
959.26,0.6,208.11,751.15,3,1
743.94,0.4,100.86,643.08,2,1
840.29,0.6,142.08,698.21,3,1
749.46,0.4,113.95,635.51,2,1
960.56,0.6,201.84,758.72,3,1
719.43,0.4,129.3,590.13,2,1
666.51,0.2,123.95,542.56,1,1
781.05,0.4,137.97,643.08,2,1
973.25,0.6,244.78,728.46,3,1
565.34,0.0,108.16,457.18,0,1
554.69,0.0,97.51,457.18,0,1
897.32,0.4,254.24,643.08,2,1
671.99,0.2,106.73,565.26,1,1
1025.78,0.8,249.76,776.03,4,1
1017.25,0.8,203.41,813.85,4,1
989.17,0.8,182.89,806.28,4,1
925.11,0.6,204.22,720.9,3,1
584.07,0.0,126.89,457.18,0,1
831.85,0.4,166.08,665.77,2,1
786.59,0.4,135.95,650.64,2,1
648.26,0.2,83.0,565.26,1,1
571.01,0.0,91.14,479.87,0,1
856.53,0.6,150.76,705.77,3,1
778.48,0.4,120.27,658.21,2,1
632.94,0.2,82.81,550.13,1,1
954.78,0.8,171.19,783.59,4,1
679.44,0.4,66.62,612.82,2,1
743.11,0.4,115.16,627.95,2,1
734.07,0.4,136.38,597.69,2,1
1245.23,1.0,338.43,906.79,5,1
1044.47,0.8,245.76,798.72,4,1
671.77,0.2,98.95,572.82,1,1
735.7,0.2,193.14,542.56,1,1
496.97,0.0,54.92,442.05,0,1
639.31,0.2,81.62,557.69,1,1
544.31,0.0,87.14,457.18,0,1
764.33,0.4,151.51,612.82,2,1
577.99,0.0,128.38,449.62,0,1
527.26,0.0,77.65,449.62,0,1
660.34,0.0,203.16,457.18,0,1
788.08,0.4,152.57,635.51,2,1
678.29,0.2,128.16,550.13,1,1
536.21,0.0,79.03,457.18,0,1
753.71,0.4,125.76,627.95,2,1
879.67,0.6,189.03,690.64,3,1
746.23,0.2,173.41,572.82,1,1
878.06,0.6,157.16,720.9,3,1
713.53,0.2,148.27,565.26,1,1
706.17,0.4,93.35,612.82,2,1
818.9,0.6,105.57,713.33,3,1
508.11,0.0,73.62,434.49,0,1
806.16,0.6,123.08,683.08,3,1
636.07,0.2,70.81,565.26,1,1
651.91,0.4,54.22,597.69,2,1
438.5,0.0,26.7,411.79,0,1
800.52,0.6,79.62,720.9,3,1
576.97,0.2,87.35,489.62,1,1
769.54,0.4,141.59,627.95,2,1
709.19,0.2,166.62,542.56,1,1
581.91,0.0,117.16,464.74,0,1
609.52,0.2,89.65,519.87,1,1
483.19,0.0,48.7,434.49,0,1
443.31,0.0,31.51,411.79,0,1
841.35,0.8,65.32,776.03,4,1
1171.1,1.4,138.92,1032.18,7,1
610.09,0.2,90.22,519.87,1,1
503.55,0.0,91.76,411.79,0,1
1063.9,0.8,242.49,821.41,4,1
627.67,0.2,85.11,542.56,1,1
1052.06,0.8,230.65,821.41,4,1
1249.45,1.2,249.7,999.74,6,1
756.95,0.4,136.57,620.38,2,1
1095.28,0.8,289.0,806.28,4,1
556.25,0.0,83.95,472.31,0,1
803.34,0.4,137.57,665.77,2,1
553.72,0.0,96.54,457.18,0,1
1089.57,1.0,213.03,876.54,5,1
533.78,0.0,84.16,449.62,0,1
771.36,0.4,166.11,605.26,2,1
1023.55,0.8,209.7,813.85,4,1
514.59,0.0,72.54,442.05,0,1
800.59,0.6,117.51,683.08,3,1
627.89,0.2,85.32,542.56,1,1
886.89,0.4,251.38,635.51,2,1
640.94,0.2,90.81,550.13,1,1
614.56,0.2,72.0,542.56,1,1
672.54,0.2,129.97,542.56,1,1
991.87,1.0,130.46,861.41,5,1
787.43,0.4,144.35,643.08,2,1
662.23,0.2,104.54,557.69,1,1
815.83,0.4,165.19,650.64,2,1
1074.63,1.0,228.35,846.28,5,1
721.98,0.2,149.16,572.82,1,1
1073.5,1.0,227.22,846.28,5,1
702.77,0.2,145.08,557.69,1,1
547.88,0.0,83.14,464.74,0,1
775.08,0.4,139.57,635.51,2,1
673.26,0.4,68.0,605.26,2,1
961.11,1.0,145.08,816.03,5,1
1011.44,0.8,258.11,753.33,4,1
761.36,0.4,140.97,620.38,2,1
716.0,0.2,173.43,542.56,1,1
763.88,0.4,113.24,650.64,2,1
539.86,0.0,90.24,449.62,0,1
869.16,0.6,125.57,743.59,3,1
833.63,0.6,127.86,705.77,3,1
868.46,0.6,132.43,736.03,3,1
529.38,0.0,87.32,442.05,0,1
1081.03,1.0,265.0,816.03,5,1
651.75,0.2,94.05,557.69,1,1
1188.49,1.0,319.51,868.97,5,1
951.32,0.8,175.3,776.03,4,1
703.03,0.4,67.51,635.51,2,1
589.67,0.2,47.11,542.56,1,1
951.08,0.6,222.62,728.46,3,1
799.55,0.4,186.73,612.82,2,1
698.52,0.4,78.14,620.38,2,1
640.83,0.2,83.14,557.69,1,1
784.3,0.4,148.78,635.51,2,1
536.24,0.0,86.62,449.62,0,1
597.13,0.0,155.08,442.05,0,1
845.63,0.6,192.81,652.82,3,1
688.85,0.2,131.16,557.69,1,1
554.26,0.0,104.65,449.62,0,1
683.85,0.4,71.03,612.82,2,1
675.64,0.2,117.95,557.69,1,1
748.2,0.6,87.81,660.38,3,1
811.62,0.6,128.54,683.08,3,1
542.72,0.0,85.54,457.18,0,1
915.01,0.6,194.11,720.9,3,1
808.13,0.4,157.49,650.64,2,1
761.68,0.4,141.3,620.38,2,1
1083.45,1.2,159.35,924.1,6,1
775.73,0.4,147.78,627.95,2,1
514.56,0.0,72.51,442.05,0,1
654.88,0.2,104.76,550.13,1,1
1038.9,1.0,177.49,861.41,5,1
967.44,0.8,161.16,806.28,4,1
700.15,0.2,142.46,557.69,1,1
1000.36,1.0,138.95,861.41,5,1
549.28,0.0,84.54,464.74,0,1
874.97,0.6,184.32,690.64,3,1
699.85,0.4,102.16,597.69,2,1
461.89,0.0,27.41,434.49,0,1
730.71,0.6,70.32,660.38,3,1
561.24,0.0,119.19,442.05,0,1
1003.65,1.0,142.24,861.41,5,1
565.02,0.0,107.84,457.18,0,1
884.03,0.6,155.57,728.46,3,1
639.08,0.2,111.65,527.44,1,1
619.29,0.2,76.73,542.56,1,1
597.06,0.2,69.62,527.44,1,1
673.37,0.2,115.68,557.69,1,1
796.62,0.4,168.68,627.95,2,1
596.43,0.0,154.38,442.05,0,1
836.13,0.6,145.49,690.64,3,1
988.81,0.8,220.35,768.46,4,1
920.73,0.6,184.7,736.03,3,1
832.8,0.4,174.59,658.21,2,1
1012.24,0.8,228.65,783.59,4,1
697.37,0.2,139.68,557.69,1,1
639.05,0.2,88.92,550.13,1,1
841.06,0.6,120.16,720.9,3,1
765.32,0.2,222.76,542.56,1,1
658.94,0.2,116.38,542.56,1,1
1192.72,1.2,192.97,999.74,6,1
1257.96,1.0,358.73,899.23,5,1
690.41,0.2,155.41,535.0,1,1
975.28,0.8,169.0,806.28,4,1
548.32,0.0,106.27,442.05,0,1
826.36,0.6,105.46,720.9,3,1
758.06,0.4,137.68,620.38,2,1
901.76,0.6,173.3,728.46,3,1
898.76,0.8,137.86,760.9,4,1
704.58,0.2,131.76,572.82,1,1
985.35,0.6,241.76,743.59,3,1
923.56,0.6,179.97,743.59,3,1
746.15,0.4,87.95,658.21,2,1
570.47,0.0,105.73,464.74,0,1
902.14,0.8,141.24,760.9,4,1
752.03,0.4,124.08,627.95,2,1
710.69,0.2,153.0,557.69,1,1
784.46,0.4,141.38,643.08,2,1
822.89,0.6,94.43,728.46,3,1
705.15,0.2,147.46,557.69,1,1
945.47,0.8,146.76,798.72,4,1
827.66,0.4,169.46,658.21,2,1
822.4,0.4,179.32,643.08,2,1
782.2,0.4,116.43,665.77,2,1
502.97,0.0,60.92,442.05,0,1
959.86,0.8,168.7,791.15,4,1
712.71,0.2,139.89,572.82,1,1
808.11,0.4,172.59,635.51,2,1
749.88,0.4,99.24,650.64,2,1
629.03,0.2,94.03,535.0,1,1
1098.61,1.2,159.38,939.23,6,1
1007.07,0.8,200.78,806.28,4,1
905.14,0.6,184.24,720.9,3,1
669.63,0.2,104.38,565.26,1,1
970.91,0.8,172.19,798.72,4,1
712.98,0.4,85.03,627.95,2,1
1108.47,1.0,201.68,906.79,5,1
793.29,0.4,135.08,658.21,2,1
868.32,0.6,124.73,743.59,3,1
621.29,0.2,78.73,542.56,1,1
739.65,0.4,104.14,635.51,2,1
536.42,0.0,79.24,457.18,0,1
795.06,0.4,167.11,627.95,2,1
621.27,0.2,93.84,527.44,1,1
1045.31,0.8,231.46,813.85,4,1
652.54,0.2,109.97,542.56,1,1
692.68,0.4,64.73,627.95,2,1
713.89,0.4,85.95,627.95,2,1
689.64,0.4,91.95,597.69,2,1
529.66,0.0,64.92,464.74,0,1
671.75,0.2,114.05,557.69,1,1
444.79,0.0,33.0,411.79,0,1
729.14,0.4,108.76,620.38,2,1
672.17,0.2,152.3,519.87,1,1
742.6,0.4,114.65,627.95,2,1
705.71,0.4,77.76,627.95,2,1
789.42,0.4,138.78,650.64,2,1
833.95,0.6,113.05,720.9,3,1
529.8,0.0,72.62,457.18,0,1
746.95,0.4,126.57,620.38,2,1
563.45,0.2,58.7,504.74,1,1
924.02,0.6,165.3,758.72,3,1
677.39,0.2,112.14,565.26,1,1
677.37,0.2,119.68,557.69,1,1
1042.12,0.8,235.84,806.28,4,1
718.07,0.2,160.38,557.69,1,1
636.83,0.2,79.14,557.69,1,1
545.58,0.0,80.84,464.74,0,1
934.99,0.6,236.78,698.21,3,1
565.18,0.0,100.43,464.74,0,1
1044.18,0.8,200.08,844.1,4,1
771.91,0.4,128.84,643.08,2,1
1076.23,1.0,177.0,899.23,5,1
696.47,0.4,83.65,612.82,2,1
476.95,0.0,50.03,426.92,0,1
643.08,0.2,100.51,542.56,1,1
937.86,0.6,186.7,751.15,3,1
622.41,0.2,102.54,519.87,1,1
609.42,0.0,144.68,464.74,0,1
1029.61,0.8,238.46,791.15,4,1
492.38,0.0,50.32,442.05,0,1
515.83,0.0,66.22,449.62,0,1
905.21,0.8,114.05,791.15,4,1
715.4,0.2,157.7,557.69,1,1
1180.59,1.4,155.97,1024.62,7,1
1153.68,1.2,199.32,954.36,6,1
743.33,0.4,115.38,627.95,2,1
587.03,0.2,52.03,535.0,1,1
867.71,0.6,154.38,713.33,3,1
565.77,0.0,101.03,464.74,0,1
531.48,0.0,89.43,442.05,0,1
1068.65,1.0,192.11,876.54,5,1
657.94,0.2,100.24,557.69,1,1
702.88,0.4,112.76,590.13,2,1
811.29,0.6,120.65,690.64,3,1
511.29,0.0,54.11,457.18,0,1
1116.87,0.8,295.46,821.41,4,1
718.6,0.2,145.78,572.82,1,1
975.43,0.6,231.84,743.59,3,1
549.21,0.0,92.03,457.18,0,1
485.79,0.0,66.43,419.36,0,1
675.32,0.2,132.76,542.56,1,1
867.82,0.6,162.05,705.77,3,1
642.95,0.2,107.95,535.0,1,1
621.23,0.0,156.49,464.74,0,1
554.66,0.2,49.92,504.74,1,1
511.51,0.0,77.03,434.49,0,1
500.22,0.0,65.73,434.49,0,1
715.93,0.4,95.54,620.38,2,1
554.61,0.0,97.43,457.18,0,1
823.64,0.6,125.43,698.21,3,1
992.24,0.8,163.27,828.97,4,1
626.76,0.2,99.32,527.44,1,1
886.95,0.6,158.49,728.46,3,1
