"Total_Cost","Ratio_Reloc_Prod","Horiz_Cost","Vert_Cost","nReloc","non_Optimal"
269682.11,0.7273,61975.11,207706.85,1091,202
530.43,0.2,40.81,489.62,1,0
624.96,0.2,127.78,497.18,1,1
1057.74,1.4,191.97,865.77,7,1
885.14,1.0,144.76,740.38,5,1
482.23,0.0,85.57,396.67,0,0
604.19,0.4,82.14,522.05,2,1
1326.46,1.6,329.92,996.54,8,1
573.09,0.2,106.16,466.92,1,1
668.2,0.4,123.46,544.74,2,1
643.58,0.4,98.84,544.74,2,0
1529.53,2.0,430.3,1099.23,10,1
1515.44,0.8,815.05,700.38,4,1
844.83,0.8,121.76,723.08,4,1
573.03,0.2,98.54,474.49,1,1
1192.62,1.4,296.59,896.03,7,1
868.45,1.0,97.81,770.64,5,1
877.16,1.0,129.22,747.95,5,0
716.59,0.6,94.03,622.56,3,0
479.83,0.0,90.73,389.1,0,0
742.04,0.4,189.73,552.31,2,1
2008.97,1.4,991.92,1017.05,7,1
1042.42,1.2,171.27,871.15,6,1
464.62,0.0,75.51,389.1,0,0
761.54,0.4,186.54,575.0,2,1
1702.7,1.8,552.7,1150.0,9,1
475.43,0.0,86.32,389.1,0,0
916.04,1.0,77.32,838.72,5,1
1567.53,2.0,415.35,1152.18,10,1
859.73,0.8,151.78,707.95,4,1
493.28,0.0,89.05,404.23,0,0
962.36,1.0,176.59,785.77,5,1
565.79,0.2,98.86,466.92,1,0
684.18,0.4,147.0,537.18,2,1
628.44,0.4,76.14,552.31,2,1
646.23,0.4,109.05,537.18,2,1
1170.4,1.0,354.38,816.03,5,1
842.81,0.8,134.86,707.95,4,0
947.1,1.0,168.89,778.21,5,1
807.85,0.8,115.03,692.82,4,1
476.45,0.0,72.22,404.23,0,0
1119.94,1.2,256.35,863.59,6,1
1558.83,0.8,820.62,738.21,4,1
455.99,0.0,59.32,396.67,0,0
565.6,0.2,91.11,474.49,1,0
787.57,0.8,79.62,707.95,4,0
693.22,0.4,133.35,559.87,2,1
484.02,0.0,87.35,396.67,0,0
695.22,0.6,95.35,599.87,3,0
843.84,0.6,168.32,675.51,3,0
781.22,0.6,113.27,667.95,3,1
2188.63,1.8,993.24,1195.38,9,1
829.74,0.6,184.49,645.26,3,0
890.63,0.8,144.86,745.77,4,1
1279.02,1.6,267.35,1011.67,8,1
667.06,0.4,114.76,552.31,2,1
750.86,0.6,135.86,615.0,3,1
780.81,0.6,112.86,667.95,3,1
569.53,0.2,79.92,489.62,1,0
969.7,1.0,153.68,816.03,5,1
470.52,0.0,58.73,411.79,0,1
748.31,0.6,103.05,645.26,3,0
839.55,0.8,139.16,700.38,4,1
1202.07,1.6,175.27,1026.79,8,1
910.77,0.8,165.0,745.77,4,1
474.98,0.0,55.62,419.36,0,0
935.45,1.0,96.73,838.72,5,1
555.21,0.2,58.03,497.18,1,0
866.57,0.8,151.05,715.51,4,1
1709.88,1.2,778.22,931.67,6,1
937.44,1.0,136.54,800.9,5,1
474.89,0.0,40.41,434.49,0,0
668.59,0.4,86.03,582.56,2,0
740.28,0.6,95.03,645.26,3,1
1813.32,1.0,982.16,831.15,5,1
820.49,0.8,112.54,707.95,4,0
929.81,1.0,106.22,823.59,5,1
732.63,0.6,79.81,652.82,3,0
812.63,0.8,112.24,700.38,4,1
560.27,0.2,78.22,482.05,1,0
1206.61,1.6,247.89,958.72,8,1
1228.22,1.4,294.38,933.85,7,1
981.29,1.0,157.7,823.59,5,1
949.14,0.8,195.81,753.33,4,1
801.69,0.6,148.86,652.82,3,1
733.23,0.6,95.54,637.69,3,0
1568.51,1.0,737.35,831.15,5,1
1638.14,0.8,869.68,768.46,4,1
649.92,0.4,127.86,522.05,2,0
767.61,0.8,89.92,677.69,4,0
812.75,0.8,135.05,677.69,4,1
1497.06,2.0,314.62,1182.44,10,1
1561.22,2.4,230.7,1330.51,12,1
769.61,0.6,124.35,645.26,3,1
717.64,0.6,87.51,630.13,3,1
1324.33,1.6,221.89,1102.44,8,1
653.03,0.4,78.03,575.0,2,1
693.34,0.6,63.22,630.13,3,0
777.79,0.6,109.84,667.95,3,1
575.65,0.2,48.22,527.44,1,0
689.62,0.4,107.05,582.56,2,0
665.81,0.4,83.24,582.56,2,0
985.55,1.2,84.14,901.41,6,1
459.4,0.0,62.73,396.67,0,0
923.74,1.0,122.84,800.9,5,1
978.53,1.0,147.38,831.15,5,1
1285.73,0.6,663.16,622.56,3,1
720.01,0.6,59.62,660.38,3,0
721.75,0.4,139.19,582.56,2,1
1271.99,1.6,267.89,1004.1,8,1
1565.72,0.8,767.0,798.72,4,1
589.4,0.2,107.35,482.05,1,0
861.47,0.8,161.08,700.38,4,1
839.66,0.6,194.41,645.26,3,1
1262.28,1.4,336.0,926.28,7,1
815.05,0.8,99.54,715.51,4,0
1525.47,1.0,724.57,800.9,5,1
449.62,0.0,60.51,389.1,0,0
833.37,0.8,102.73,730.64,4,1
1354.59,0.8,571.0,783.59,4,1
586.38,0.2,119.46,466.92,1,1
796.34,0.6,98.14,698.21,3,1
506.39,0.0,102.16,404.23,0,0
650.69,0.4,105.95,544.74,2,1
657.29,0.4,74.73,582.56,2,1
1383.8,1.6,417.51,966.28,8,1
559.85,0.2,55.11,504.74,1,0
840.41,0.8,132.46,707.95,4,0
645.24,0.4,55.11,590.13,2,0
665.98,0.4,98.54,567.44,2,0
969.05,0.8,245.97,723.08,4,1
471.58,0.0,52.22,419.36,0,0
739.57,0.6,71.62,667.95,3,1
483.96,0.0,79.73,404.23,0,0
756.93,0.6,96.54,660.38,3,0
1094.97,1.0,278.95,816.03,5,1
631.24,0.2,149.19,482.05,1,0
1342.8,0.8,597.03,745.77,4,1
637.37,0.4,92.62,544.74,2,1
1188.27,1.4,299.81,888.46,7,1
623.22,0.4,48.22,575.0,2,0
1459.57,0.8,744.05,715.51,4,1
841.27,0.8,125.76,715.51,4,0
798.85,0.8,121.16,677.69,4,0
973.12,1.0,247.86,725.26,5,1
731.99,0.4,194.81,537.18,2,0
618.18,0.2,121.0,497.18,1,1
1058.96,1.0,273.19,785.77,5,1
812.41,0.8,104.46,707.95,4,1
1414.51,0.4,831.95,582.56,2,1
749.68,0.6,81.73,667.95,3,0
873.46,0.8,150.38,723.08,4,1
1197.29,1.2,326.14,871.15,6,1
631.31,0.4,94.14,537.18,2,0
1405.37,0.8,674.73,730.64,4,1
747.78,0.6,117.65,630.13,3,1
902.03,0.8,194.08,707.95,4,1
481.05,0.0,91.95,389.1,0,0
573.73,0.2,99.24,474.49,1,0
971.1,1.0,192.89,778.21,5,1
778.16,0.6,102.65,675.51,3,0
718.06,0.6,125.76,592.31,3,1
811.7,0.8,88.62,723.08,4,1
1148.04,1.4,168.81,979.23,7,1
544.4,0.2,47.22,497.18,1,0
1049.08,1.2,185.49,863.59,6,1
951.93,1.0,158.59,793.33,5,1
1619.56,2.0,414.43,1205.13,10,1
1123.82,1.4,137.03,986.79,7,1
740.11,0.6,79.73,660.38,3,1
459.31,0.0,47.51,411.79,0,0
901.55,1.0,100.65,800.9,5,1
819.21,0.8,96.14,723.08,4,1
1245.74,1.6,218.95,1026.79,8,1
1272.42,1.6,185.11,1087.31,8,1
633.18,0.4,88.43,544.74,2,1
632.0,0.2,165.08,466.92,1,1
826.04,0.6,173.22,652.82,3,1
1479.14,1.0,610.16,868.97,5,1
763.4,0.6,133.27,630.13,3,0
1016.78,1.2,153.19,863.59,6,1
927.22,1.0,118.76,808.46,5,1
671.45,0.4,81.32,590.13,2,1
555.65,0.2,88.73,466.92,1,1
1000.64,1.0,169.49,831.15,5,1
1213.7,1.6,209.59,1004.1,8,1
1941.59,1.4,977.49,964.1,7,1
631.22,0.4,56.22,575.0,2,0
458.79,0.0,47.0,411.79,0,0
1137.15,1.0,298.43,838.72,5,1
785.87,0.6,125.49,660.38,3,1
1784.08,1.0,915.11,868.97,5,1
681.69,0.4,76.43,605.26,2,1
712.77,0.6,67.51,645.26,3,1
757.35,0.6,89.41,667.95,3,1
565.04,0.0,107.86,457.18,0,0
652.96,0.4,47.7,605.26,2,1
936.5,1.0,143.16,793.33,5,1
1053.49,1.2,152.08,901.41,6,1
884.61,0.8,153.97,730.64,4,1
814.62,0.6,131.54,683.08,3,1
1031.88,1.2,153.16,878.72,6,1
630.47,0.4,85.73,544.74,2,0
798.12,0.4,238.24,559.87,2,1
997.36,1.0,204.03,793.33,5,1
744.83,0.6,107.14,637.69,3,1
446.07,0.0,49.41,396.67,0,0
2196.43,1.8,1038.86,1157.56,9,1
943.56,1.0,165.35,778.21,5,1
823.3,0.8,115.35,707.95,4,1
679.32,0.4,157.27,522.05,2,1
574.33,0.2,99.84,474.49,1,0
681.1,0.4,98.54,582.56,2,0
1088.63,1.4,162.35,926.28,7,1
993.34,1.0,215.14,778.21,5,1
679.31,0.4,134.57,544.74,2,0
848.12,0.8,102.35,745.77,4,1
658.7,0.4,76.14,582.56,2,1
938.36,1.0,152.59,785.77,5,1
1333.53,0.6,642.89,690.64,3,1
591.49,0.2,124.57,466.92,1,1
1104.33,1.2,202.92,901.41,6,1
893.73,1.0,130.65,763.08,5,1
944.69,1.0,113.54,831.15,5,1
756.81,0.6,134.24,622.56,3,1
572.91,0.2,75.73,497.18,1,0
1142.8,1.4,163.57,979.23,7,1
615.29,0.2,125.68,489.62,1,0
1028.96,1.2,142.68,886.28,6,1
780.25,0.6,119.86,660.38,3,1
694.78,0.6,72.22,622.56,3,1
1048.42,1.2,169.7,878.72,6,1
1227.67,1.4,324.08,903.59,7,1
898.13,0.8,167.49,730.64,4,1
751.31,0.6,106.05,645.26,3,0
1380.78,0.6,750.65,630.13,3,1
1945.75,1.0,1114.59,831.15,5,1
957.84,1.0,149.38,808.46,5,1
812.96,0.8,120.14,692.82,4,0
468.23,0.0,64.0,404.23,0,0
1057.04,1.4,130.76,926.28,7,1
666.86,0.4,76.73,590.13,2,1
593.81,0.4,79.32,514.49,2,0
1240.51,1.2,316.41,924.1,6,1
962.54,1.0,154.08,808.46,5,1
548.97,0.2,66.92,482.05,1,0
735.03,0.6,59.51,675.51,3,0
2130.19,1.6,1020.19,1110.0,8,1
756.64,0.4,166.51,590.13,2,0
462.17,0.0,42.81,419.36,0,0
650.77,0.4,98.46,552.31,2,1
1288.66,1.8,161.35,1127.31,9,1
801.73,0.6,118.65,683.08,3,1
642.27,0.4,74.84,567.44,2,0
1592.17,1.0,738.32,853.85,5,1
449.85,0.0,45.62,404.23,0,0
1801.46,1.8,651.46,1150.0,9,1
1400.55,1.4,466.7,933.85,7,1
1233.11,0.8,517.59,715.51,4,1
786.15,0.8,108.46,677.69,4,0
609.53,0.4,79.92,529.62,2,0
1553.18,1.0,714.46,838.72,5,1
614.66,0.4,69.92,544.74,2,0
1123.6,1.2,290.27,833.33,6,1
1581.93,1.4,648.08,933.85,7,1
765.85,0.6,128.16,637.69,3,1
905.37,1.0,127.16,778.21,5,1
554.58,0.2,95.22,459.36,1,0
1454.3,0.8,678.27,776.03,4,1
947.77,1.0,162.0,785.77,5,1
897.06,1.0,103.73,793.33,5,1
921.05,1.0,157.97,763.08,5,1
887.07,1.0,116.43,770.64,5,1
753.7,0.6,70.62,683.08,3,1
465.31,0.0,53.51,411.79,0,0
534.95,0.2,68.03,466.92,1,0
999.89,1.0,251.95,747.95,5,0
910.68,0.6,250.3,660.38,3,1
707.91,0.4,102.65,605.26,2,0
641.09,0.4,96.35,544.74,2,0
763.76,0.6,88.24,675.51,3,1
1864.02,0.8,1133.38,730.64,4,1
531.62,0.2,42.0,489.62,1,0
543.16,0.2,61.11,482.05,1,0
633.72,0.4,96.54,537.18,2,0
1428.58,1.6,401.78,1026.79,8,1
829.5,0.6,191.81,637.69,3,1
768.29,0.4,185.73,582.56,2,1
787.98,0.6,135.16,652.82,3,1
577.24,0.2,102.76,474.49,1,0
836.64,0.8,98.43,738.21,4,1
788.01,0.6,142.76,645.26,3,1
493.44,0.0,66.51,426.92,0,0
809.56,0.8,78.92,730.64,4,1
795.52,0.8,95.14,700.38,4,1
850.3,0.8,134.78,715.51,4,1
791.55,0.8,98.73,692.82,4,1
643.34,0.4,106.16,537.18,2,0
1047.74,1.2,161.46,886.28,6,0
1125.96,1.4,214.81,911.15,7,1
685.28,0.4,125.41,559.87,2,0
