"Total_Cost","Ratio_Reloc_Prod","Horiz_Cost","Vert_Cost","nReloc","non_Optimal"
225677.27,0.4413,34426.81,191250.37,662,375
523.79,0.25,43.92,479.87,1,1
454.36,0.0,82.57,371.79,0,1
797.72,1.0,91.95,705.77,4,1
833.17,1.25,79.84,753.33,5,1
740.48,0.75,89.84,650.64,3,1
439.88,0.0,75.65,364.23,0,1
444.92,0.0,58.0,386.92,0,1
698.41,0.75,78.03,620.38,3,1
1004.29,1.25,213.14,791.15,5,1
583.88,0.25,111.57,472.31,1,1
500.17,0.25,73.24,426.92,1,1
614.05,0.5,63.92,550.13,2,1
818.02,1.0,127.38,690.64,4,1
669.61,0.5,119.49,550.13,2,1
633.21,0.5,90.65,542.56,2,1
621.58,0.5,56.32,565.26,2,1
545.53,0.25,88.35,457.18,1,1
805.42,1.0,152.59,652.82,4,1
644.08,0.75,76.65,567.44,3,1
673.14,0.75,60.32,612.82,3,1
762.65,1.0,94.7,667.95,4,1
556.2,0.25,76.32,479.87,1,1
377.24,0.0,35.7,341.54,0,1
431.05,0.0,81.95,349.1,0,1
593.11,0.5,58.11,535.0,2,1
998.51,1.5,129.54,868.97,6,1
927.22,1.25,105.81,821.41,5,1
428.28,0.0,48.92,379.36,0,1
422.99,0.0,66.32,356.67,0,1
596.39,0.25,124.08,472.31,1,1
854.53,1.0,163.89,690.64,4,1
535.35,0.25,85.73,449.62,1,1
419.9,0.0,48.11,371.79,0,1
776.73,1.0,93.65,683.08,4,1
975.06,1.25,214.16,760.9,5,1
602.71,0.25,115.27,487.44,1,1
621.44,0.5,101.57,519.87,2,1
618.1,0.5,75.54,542.56,2,1
500.34,0.0,136.11,364.23,0,1
409.2,0.0,37.41,371.79,0,1
609.97,0.25,167.92,442.05,1,1
554.26,0.5,49.51,504.74,2,1
521.94,0.25,72.32,449.62,1,1
374.07,0.0,17.41,356.67,0,1
782.61,0.75,184.92,597.69,3,1
600.52,0.5,80.65,519.87,2,1
699.13,0.5,149.0,550.13,2,1
525.27,0.25,98.35,426.92,1,1
383.81,0.0,34.7,349.1,0,1
401.37,0.0,44.7,356.67,0,1
655.94,0.5,98.24,557.69,2,1
516.49,0.25,89.57,426.92,1,1
432.45,0.0,83.35,349.1,0,1
506.55,0.0,127.19,379.36,0,1
473.92,0.25,47.0,426.92,1,1
690.09,0.75,84.84,605.26,3,1
384.91,0.0,35.81,349.1,0,1
670.04,0.5,157.73,512.31,2,1
394.67,0.0,38.0,356.67,0,1
532.86,0.25,83.24,449.62,1,1
670.36,0.5,97.54,572.82,2,1
886.5,1.0,180.73,705.77,4,1
956.05,1.5,79.51,876.54,6,1
652.61,0.75,54.92,597.69,3,1
678.92,0.5,151.49,527.44,2,1
802.59,1.0,111.95,690.64,4,1
733.06,0.75,112.68,620.38,3,1
787.04,0.75,189.35,597.69,3,1
463.77,0.25,59.54,404.23,1,1
750.1,0.75,99.46,650.64,3,1
741.41,0.75,113.46,627.95,3,1
376.35,0.0,34.81,341.54,0,1
687.6,0.75,120.16,567.44,3,1
531.45,0.25,81.84,449.62,1,1
409.88,0.0,53.22,356.67,0,1
558.79,0.5,38.92,519.87,2,1
384.88,0.0,28.22,356.67,0,1
644.54,0.75,77.11,567.44,3,1
735.82,0.75,130.57,605.26,3,1
878.04,1.0,164.7,713.33,4,1
378.54,0.0,37.0,341.54,0,1
676.91,0.5,111.65,565.26,2,1
547.13,0.25,89.95,457.18,1,1
559.44,0.25,87.14,472.31,1,1
521.78,0.25,79.73,442.05,1,1
621.7,0.5,79.14,542.56,2,1
588.62,0.5,53.62,535.0,2,1
522.4,0.25,80.35,442.05,1,1
374.62,0.0,25.51,349.1,0,1
558.16,0.5,68.54,489.62,2,1
492.11,0.25,57.62,434.49,1,1
545.78,0.5,63.73,482.05,2,1
537.88,0.25,73.14,464.74,1,1
538.7,0.25,96.65,442.05,1,1
731.51,0.75,88.43,643.08,3,1
611.59,0.5,69.03,542.56,2,1
598.46,0.5,71.03,527.44,2,1
453.01,0.25,41.22,411.79,1,1
602.2,0.5,82.32,519.87,2,1
873.88,1.25,135.68,738.21,5,1
771.53,0.75,173.84,597.69,3,1
680.75,0.75,83.05,597.69,3,1
660.54,0.5,117.97,542.56,2,1
693.48,0.5,150.92,542.56,2,1
755.97,0.75,120.46,635.51,3,1
538.26,0.25,88.65,449.62,1,1
499.4,0.25,42.22,457.18,1,1
569.79,0.5,49.92,519.87,2,1
637.46,0.5,102.46,535.0,2,1
721.14,0.75,100.76,620.38,3,1
526.64,0.25,77.03,449.62,1,1
427.47,0.0,48.11,379.36,0,1
442.93,0.0,71.14,371.79,0,1
802.4,1.0,111.76,690.64,4,1
952.8,1.25,154.08,798.72,5,1
664.31,0.5,99.05,565.26,2,1
632.47,0.5,67.22,565.26,2,1
738.62,0.75,95.54,643.08,3,1
654.08,0.5,119.08,535.0,2,1
500.27,0.25,58.22,442.05,1,1
511.88,0.25,54.7,457.18,1,1
439.28,0.0,59.92,379.36,0,1
706.51,0.75,116.38,590.13,3,1
411.59,0.0,70.05,341.54,0,1
440.28,0.0,76.05,364.23,0,1
444.39,0.0,65.03,379.36,0,1
396.51,0.0,47.41,349.1,0,1
419.4,0.0,62.73,356.67,0,1
440.17,0.0,60.81,379.36,0,1
628.24,0.5,93.24,535.0,2,1
523.07,0.25,58.32,464.74,1,1
552.54,0.25,110.49,442.05,1,1
877.44,1.25,131.68,745.77,5,1
547.13,0.25,89.95,457.18,1,1
540.92,0.25,98.86,442.05,1,1
822.92,1.0,147.41,675.51,4,1
661.47,0.5,96.22,565.26,2,1
621.59,0.5,79.03,542.56,2,1
540.67,0.25,91.05,449.62,1,1
550.99,0.25,86.24,464.74,1,1
687.32,0.5,137.19,550.13,2,1
463.13,0.0,106.46,356.67,0,1
755.3,0.75,119.78,635.51,3,1
543.5,0.25,78.76,464.74,1,1
682.78,0.5,193.16,489.62,2,1
469.7,0.25,35.22,434.49,1,1
675.88,0.75,70.62,605.26,3,1
638.77,0.5,73.51,565.26,2,1
408.13,0.0,59.03,349.1,0,1
511.64,0.0,147.41,364.23,0,1
381.54,0.0,40.0,341.54,0,1
546.11,0.25,119.19,426.92,1,1
419.59,0.0,62.92,356.67,0,1
420.99,0.0,64.32,356.67,0,1
439.52,0.0,67.73,371.79,0,1
725.32,0.75,135.19,590.13,3,1
569.72,0.5,72.54,497.18,2,1
775.75,0.75,132.68,643.08,3,1
547.96,0.5,43.22,504.74,2,1
530.74,0.5,26.0,504.74,2,1
620.59,0.5,78.03,542.56,2,1
932.52,1.0,211.62,720.9,4,1
722.07,0.5,156.81,565.26,2,1
387.21,0.0,38.11,349.1,0,1
599.32,0.5,64.32,535.0,2,1
612.89,0.5,70.32,542.56,2,1
405.59,0.0,48.92,356.67,0,1
642.53,0.5,84.84,557.69,2,1
948.71,1.25,134.86,813.85,5,1
494.98,0.0,123.19,371.79,0,1
560.45,0.5,55.7,504.74,2,1
507.73,0.25,73.24,434.49,1,1
898.34,1.25,167.7,730.64,5,1
461.68,0.25,42.32,419.36,1,1
596.57,0.5,69.14,527.44,2,1
522.09,0.25,95.16,426.92,1,1
554.84,0.25,112.78,442.05,1,1
582.35,0.5,54.92,527.44,2,1
529.24,0.5,39.62,489.62,2,1
675.76,0.5,140.76,535.0,2,1
680.18,0.5,130.05,550.13,2,1
472.3,0.0,92.95,379.36,0,1
599.46,0.25,172.54,426.92,1,1
708.89,0.75,65.81,643.08,3,1
492.57,0.0,105.65,386.92,0,1
388.51,0.0,39.41,349.1,0,1
647.46,0.5,112.46,535.0,2,1
382.75,0.0,41.22,341.54,0,1
486.94,0.0,145.41,341.54,0,1
805.82,0.75,185.43,620.38,3,1
563.59,0.25,113.97,449.62,1,1
840.85,1.0,135.08,705.77,4,1
733.69,0.75,136.0,597.69,3,1
522.65,0.25,88.16,434.49,1,1
484.25,0.0,112.46,371.79,0,1
635.53,0.5,77.84,557.69,2,1
349.22,0.0,22.81,326.41,0,1
598.97,0.5,56.41,542.56,2,1
679.51,0.5,129.38,550.13,2,1
417.15,0.0,52.92,364.23,0,1
411.48,0.0,54.81,356.67,0,1
497.27,0.25,55.22,442.05,1,1
706.41,0.75,86.03,620.38,3,1
826.23,1.0,120.46,705.77,4,1
551.28,0.25,86.54,464.74,1,1
643.7,0.5,101.14,542.56,2,1
812.37,1.0,114.16,698.21,4,1
567.99,0.25,103.24,464.74,1,1
939.82,1.5,146.49,793.33,6,1
884.43,1.0,140.84,743.59,4,1
484.86,0.25,42.81,442.05,1,1
557.01,0.25,77.14,479.87,1,1
391.21,0.0,42.11,349.1,0,1
615.48,0.5,72.92,542.56,2,1
541.02,0.25,83.84,457.18,1,1
640.02,0.5,97.46,542.56,2,1
1158.97,2.0,202.43,956.54,8,1
351.68,0.0,17.7,333.97,0,1
415.15,0.0,50.92,364.23,0,1
775.23,0.75,177.54,597.69,3,1
592.28,0.25,119.97,472.31,1,1
426.19,0.0,84.65,341.54,0,1
810.96,1.0,112.76,698.21,4,1
747.75,0.75,89.54,658.21,3,1
481.2,0.25,61.84,419.36,1,1
403.1,0.0,54.0,349.1,0,1
646.29,0.5,96.16,550.13,2,1
607.22,0.5,87.35,519.87,2,1
805.66,1.0,107.46,698.21,4,1
650.54,0.5,107.97,542.56,2,1
679.48,0.5,129.35,550.13,2,1
625.67,0.5,75.54,550.13,2,1
865.24,1.0,121.65,743.59,4,1
421.58,0.0,42.22,379.36,0,1
396.21,0.0,47.11,349.1,0,1
811.32,1.0,128.24,683.08,4,1
716.82,0.75,111.57,605.26,3,1
446.92,0.0,52.43,394.49,0,1
698.78,0.5,156.22,542.56,2,1
537.72,0.25,80.54,457.18,1,1
372.54,0.0,31.0,341.54,0,1
601.85,0.25,137.11,464.74,1,1
690.5,0.75,85.24,605.26,3,1
591.73,0.5,56.73,535.0,2,1
461.54,0.25,34.62,426.92,1,1
734.6,0.75,121.78,612.82,3,1
736.79,0.75,123.97,612.82,3,1
567.12,0.5,54.81,512.31,2,1
671.91,0.5,106.65,565.26,2,1
592.08,0.25,104.65,487.44,1,1
603.93,0.25,139.19,464.74,1,1
474.46,0.25,32.41,442.05,1,1
517.11,0.25,75.05,442.05,1,1
729.98,0.5,202.54,527.44,2,1
728.53,0.75,123.27,605.26,3,1
538.45,0.25,73.7,464.74,1,1
504.13,0.25,54.51,449.62,1,1
612.94,0.5,62.81,550.13,2,1
1054.49,1.5,185.51,868.97,6,1
775.68,0.75,155.3,620.38,3,1
536.67,0.25,87.05,449.62,1,1
671.53,0.75,73.84,597.69,3,1
431.42,0.0,59.62,371.79,0,1
650.43,0.5,107.86,542.56,2,1
364.89,0.0,30.92,333.97,0,1
698.42,0.75,93.16,605.26,3,1
703.63,0.75,83.24,620.38,3,1
667.76,0.5,147.89,519.87,2,1
385.48,0.0,28.81,356.67,0,1
416.24,0.0,67.14,349.1,0,1
615.84,0.5,95.97,519.87,2,1
595.06,0.5,67.62,527.44,2,1
362.24,0.0,20.7,341.54,0,1
718.56,0.75,136.0,582.56,3,1
456.81,0.0,62.32,394.49,0,1
875.57,1.25,167.62,707.95,5,1
814.54,1.0,146.59,667.95,4,1
966.35,1.25,190.32,776.03,5,1
689.88,0.5,132.19,557.69,2,1
715.52,0.75,95.14,620.38,3,1
435.68,0.0,56.32,379.36,0,1
632.66,0.5,112.78,519.87,2,1
766.13,0.75,176.0,590.13,3,1
442.79,0.0,63.43,379.36,0,1
649.91,0.75,52.22,597.69,3,1
634.14,0.5,114.27,519.87,2,1
525.45,0.25,60.7,464.74,1,1
594.9,0.25,107.46,487.44,1,1
597.44,0.25,117.57,479.87,1,1
458.83,0.0,102.16,356.67,0,1
611.88,0.5,99.57,512.31,2,1
592.88,0.25,120.57,472.31,1,1
356.68,0.0,22.7,333.97,0,1
650.24,0.75,60.11,590.13,3,1
673.06,0.5,100.24,572.82,2,1
523.88,0.25,59.14,464.74,1,1
505.73,0.25,71.24,434.49,1,1
537.23,0.25,64.92,472.31,1,1
616.03,0.5,81.03,535.0,2,1
672.79,0.75,105.35,567.44,3,1
478.54,0.0,84.05,394.49,0,1
430.45,0.0,81.35,349.1,0,1
695.75,0.75,98.05,597.69,3,1
680.25,0.5,152.81,527.44,2,1
572.52,0.25,92.65,479.87,1,1
375.16,0.0,33.62,341.54,0,1
728.91,0.75,85.84,643.08,3,1
701.5,0.75,96.24,605.26,3,1
614.77,0.5,102.46,512.31,2,1
523.79,0.25,96.86,426.92,1,1
453.61,0.25,41.81,411.79,1,1
712.41,0.75,92.03,620.38,3,1
705.36,0.75,92.54,612.82,3,1
426.42,0.0,54.62,371.79,0,1
531.91,0.25,74.73,457.18,1,1
686.37,0.75,96.24,590.13,3,1
531.31,0.25,74.14,457.18,1,1
744.11,0.75,116.16,627.95,3,1
514.67,0.25,72.62,442.05,1,1
925.4,1.0,234.76,690.64,4,1
779.87,0.75,159.49,620.38,3,1
813.14,1.0,92.24,720.9,4,1
716.59,0.75,141.59,575.0,3,1
467.79,0.25,48.43,419.36,1,1
366.94,0.0,25.41,341.54,0,1
584.47,0.5,79.73,504.74,2,1
528.11,0.25,86.05,442.05,1,1
473.39,0.0,109.16,364.23,0,1
761.23,1.0,115.97,645.26,4,1
515.31,0.0,143.51,371.79,0,1
564.96,0.25,92.65,472.31,1,1
608.57,0.5,81.14,527.44,2,1
544.81,0.25,102.76,442.05,1,1
590.41,0.5,55.41,535.0,2,1
696.77,0.5,139.08,557.69,2,1
651.23,0.5,93.54,557.69,2,1
632.87,0.75,65.43,567.44,3,1
484.73,0.25,57.81,426.92,1,1
752.96,0.75,147.7,605.26,3,1
630.97,0.5,95.97,535.0,2,1
485.18,0.25,28.0,457.18,1,1
384.62,0.0,35.51,349.1,0,1
355.82,0.0,29.41,326.41,0,1
734.38,0.75,98.86,635.51,3,1
652.09,0.5,139.78,512.31,2,1
548.58,0.25,83.84,464.74,1,1
696.69,0.5,123.86,572.82,2,1
394.59,0.0,37.92,356.67,0,1
500.56,0.25,58.51,442.05,1,1
595.22,0.5,60.22,535.0,2,1
461.13,0.0,104.46,356.67,0,1
384.1,0.0,35.0,349.1,0,1
462.5,0.25,65.84,396.67,1,1
538.5,0.25,81.32,457.18,1,1
619.98,0.5,92.54,527.44,2,1
630.16,0.5,95.16,535.0,2,1
756.8,0.5,191.54,565.26,2,1
570.41,0.25,135.92,434.49,1,1
722.82,0.75,117.57,605.26,3,1
855.46,1.25,132.38,723.08,5,1
602.04,0.5,104.86,497.18,2,1
529.37,0.25,64.62,464.74,1,1
811.22,1.0,90.32,720.9,4,1
532.99,0.25,68.24,464.74,1,1
373.54,0.0,32.0,341.54,0,1
521.54,0.25,87.05,434.49,1,1
681.14,0.75,68.32,612.82,3,1
510.48,0.25,68.43,442.05,1,1
625.89,0.5,83.32,542.56,2,1
426.74,0.0,62.51,364.23,0,1
370.94,0.0,29.41,341.54,0,1
557.84,0.25,115.78,442.05,1,1
906.56,1.0,215.92,690.64,4,1
705.12,0.75,99.86,605.26,3,1
741.67,0.75,106.16,635.51,3,1
