"Total_Cost","Ratio_Reloc_Prod","Horiz_Cost","Vert_Cost","nReloc","non_Optimal"
244600.42,0.4167,54837.59,189762.91,625,300
638.3,0.2,57.92,580.38,1,1
691.86,0.2,149.3,542.56,1,1
1192.18,1.2,200.0,992.18,6,1
1206.06,1.0,291.7,914.36,5,1
540.83,0.0,83.65,457.18,0,1
599.81,0.2,57.24,542.56,1,1
1384.15,1.4,344.41,1039.74,7,1
661.7,0.2,111.57,550.13,1,1
624.79,0.2,97.35,527.44,1,1
621.91,0.2,64.22,557.69,1,1
1271.03,1.2,309.11,961.92,6,1
747.54,0.4,104.46,643.08,2,1
870.16,0.6,126.57,743.59,3,1
601.55,0.2,89.24,512.31,1,1
1130.57,1.2,214.03,916.54,6,1
808.92,0.6,88.03,720.9,3,1
904.84,0.8,128.81,776.03,4,1
677.82,0.2,97.43,580.38,1,1
522.86,0.0,73.24,449.62,0,1
766.71,0.4,153.89,612.82,2,1
1187.86,1.2,195.68,992.18,6,1
1086.65,1.0,164.73,921.92,5,1
565.28,0.0,100.54,464.74,0,1
706.58,0.2,148.89,557.69,1,1
1239.8,1.0,348.14,891.67,5,1
541.26,0.0,91.65,449.62,0,1
654.69,0.2,89.43,565.26,1,1
1538.59,1.6,421.03,1117.56,8,1
894.27,0.6,150.68,743.59,3,1
594.13,0.0,144.51,449.62,0,1
1006.32,0.6,262.73,743.59,3,1
616.58,0.0,159.41,457.18,0,1
746.03,0.4,125.65,620.38,2,1
623.87,0.4,56.43,567.44,2,1
632.58,0.2,127.84,504.74,1,1
1183.18,0.6,439.59,743.59,3,1
815.59,0.4,180.08,635.51,2,1
909.84,0.4,274.32,635.51,2,1
648.09,0.2,143.35,504.74,1,1
445.5,0.0,33.7,411.79,0,1
963.58,0.4,305.38,658.21,2,1
710.16,0.2,167.59,542.56,1,1
738.88,0.2,181.19,557.69,1,1
528.81,0.0,94.32,434.49,0,1
809.83,0.6,126.76,683.08,3,1
727.05,0.4,91.54,635.51,2,1
525.45,0.0,75.84,449.62,0,1
557.67,0.0,108.05,449.62,0,1
1144.66,0.6,378.38,766.28,3,1
1222.73,1.0,353.76,868.97,5,1
906.94,0.8,70.41,836.54,4,1
792.73,0.4,164.78,627.95,2,1
1132.14,0.8,310.73,821.41,4,1
1315.74,0.8,509.46,806.28,4,1
711.22,0.2,191.35,519.87,1,1
850.76,0.4,222.81,627.95,2,1
785.52,0.6,117.57,667.95,3,1
625.23,0.2,128.05,497.18,1,1
977.74,0.8,224.41,753.33,4,1
439.79,0.0,28.0,411.79,0,1
652.88,0.4,47.62,605.26,2,1
788.86,0.6,98.22,690.64,3,1
1147.05,1.0,331.03,816.03,5,1
983.62,0.6,240.03,743.59,3,1
562.37,0.0,112.76,449.62,0,1
877.55,0.6,156.65,720.9,3,1
464.68,0.0,45.32,419.36,0,1
826.59,0.4,191.08,635.51,2,1
982.88,0.6,216.59,766.28,3,1
791.05,0.4,147.97,643.08,2,1
442.79,0.0,31.0,411.79,0,1
491.7,0.0,57.22,434.49,0,1
646.19,0.2,103.62,542.56,1,1
728.77,0.2,171.08,557.69,1,1
721.85,0.2,156.59,565.26,1,1
703.7,0.2,153.57,550.13,1,1
662.12,0.2,104.43,557.69,1,1
785.65,0.6,125.27,660.38,3,1
539.69,0.2,42.51,497.18,1,1
1203.18,1.0,364.46,838.72,5,1
930.77,0.4,317.95,612.82,2,1
883.18,0.6,139.59,743.59,3,1
1030.96,0.8,239.81,791.15,4,1
947.13,0.6,211.11,736.03,3,1
1186.59,0.8,410.57,776.03,4,1
612.31,0.2,54.62,557.69,1,1
1027.83,0.4,384.76,643.08,2,1
1166.85,0.8,413.51,753.33,4,1
843.1,0.4,184.89,658.21,2,1
566.47,0.0,101.73,464.74,0,1
904.52,0.6,191.19,713.33,3,1
1194.27,1.0,257.22,937.05,5,1
699.48,0.2,141.78,557.69,1,1
661.8,0.2,96.54,565.26,1,1
1056.18,0.6,297.46,758.72,3,1
555.58,0.0,90.84,464.74,0,1
811.18,0.2,245.92,565.26,1,1
527.12,0.0,107.76,419.36,0,1
480.6,0.0,61.24,419.36,0,1
591.18,0.2,86.43,504.74,1,1
638.14,0.2,103.14,535.0,1,1
710.98,0.4,83.03,627.95,2,1
437.04,0.0,32.81,404.23,0,1
1010.8,0.6,305.03,705.77,3,1
733.91,0.2,176.22,557.69,1,1
1131.49,1.0,323.03,808.46,5,1
635.65,0.2,100.65,535.0,1,1
649.5,0.4,51.81,597.69,2,1
1680.82,1.2,673.51,1007.31,6,1
763.03,0.4,142.65,620.38,2,1
939.52,0.6,226.19,713.33,3,1
683.31,0.2,118.05,565.26,1,1
741.15,0.2,175.89,565.26,1,1
803.82,0.2,238.57,565.26,1,1
1097.73,0.8,276.32,821.41,4,1
973.32,0.8,250.24,723.08,4,1
558.31,0.2,46.0,512.31,1,1
994.9,1.0,141.05,853.85,5,1
806.11,0.4,178.16,627.95,2,1
588.05,0.0,153.57,434.49,0,1
602.28,0.2,89.97,512.31,1,1
666.08,0.2,138.65,527.44,1,1
863.62,0.6,195.68,667.95,3,1
868.89,0.6,193.38,675.51,3,1
683.35,0.2,140.78,542.56,1,1
556.04,0.0,98.86,457.18,0,1
1004.03,0.8,175.05,828.97,4,1
597.69,0.2,40.0,557.69,1,1
886.85,0.6,181.08,705.77,3,1
1754.05,1.4,676.49,1077.56,7,1
601.39,0.0,129.08,472.31,0,1
689.91,0.4,84.65,605.26,2,1
460.49,0.0,26.0,434.49,0,1
812.64,0.4,154.43,658.21,2,1
961.38,0.8,139.97,821.41,4,1
1043.41,0.6,314.95,728.46,3,1
602.91,0.0,153.3,449.62,0,1
627.23,0.2,130.05,497.18,1,1
1129.0,1.0,252.46,876.54,5,1
666.17,0.2,93.35,572.82,1,1
938.91,0.2,381.22,557.69,1,1
1309.28,1.0,447.86,861.41,5,1
979.08,0.6,311.14,667.95,3,1
712.39,0.2,192.51,519.87,1,1
885.88,0.2,328.19,557.69,1,1
749.34,0.4,144.08,605.26,2,1
930.29,0.4,279.65,650.64,2,1
822.12,0.4,156.35,665.77,2,1
753.47,0.4,140.65,612.82,2,1
664.51,0.2,129.51,535.0,1,1
804.75,0.2,254.62,550.13,1,1
893.12,0.6,187.35,705.77,3,1
807.81,0.2,265.24,542.56,1,1
1128.42,0.6,369.7,758.72,3,1
695.87,0.2,168.43,527.44,1,1
615.34,0.0,158.16,457.18,0,1
588.04,0.2,90.86,497.18,1,1
455.06,0.0,35.7,419.36,0,1
779.43,0.6,96.35,683.08,3,1
704.04,0.2,138.78,565.26,1,1
684.33,0.2,156.89,527.44,1,1
711.12,0.2,145.86,565.26,1,1
1056.81,0.8,273.22,783.59,4,1
567.56,0.0,117.95,449.62,0,1
1019.32,0.8,182.78,836.54,4,1
927.61,0.6,221.84,705.77,3,1
867.76,0.4,232.24,635.51,2,1
1107.19,0.8,278.22,828.97,4,1
663.09,0.2,97.84,565.26,1,1
568.34,0.0,111.16,457.18,0,1
823.03,0.4,195.08,627.95,2,1
815.71,0.6,94.81,720.9,3,1
772.45,0.4,167.19,605.26,2,1
1510.77,1.2,511.03,999.74,6,1
582.53,0.2,92.92,489.62,1,1
661.37,0.2,103.68,557.69,1,1
1095.69,0.8,304.54,791.15,4,1
877.26,0.4,226.62,650.64,2,1
859.42,0.6,153.65,705.77,3,1
1315.05,1.0,423.38,891.67,5,1
795.37,0.6,97.16,698.21,3,1
510.59,0.0,68.54,442.05,0,1
658.07,0.4,52.81,605.26,2,1
713.61,0.2,148.35,565.26,1,1
972.54,0.8,188.95,783.59,4,1
987.75,0.8,143.65,844.1,4,1
663.69,0.2,98.43,565.26,1,1
433.2,0.0,21.41,411.79,0,1
1307.83,0.8,516.68,791.15,4,1
692.26,0.2,134.57,557.69,1,1
1202.86,1.0,311.19,891.67,5,1
652.19,0.2,124.76,527.44,1,1
449.79,0.0,38.0,411.79,0,1
553.37,0.2,48.62,504.74,1,1
595.92,0.2,60.92,535.0,1,1
551.12,0.2,38.81,512.31,1,1
1117.15,0.8,310.86,806.28,4,1
748.69,0.2,183.43,565.26,1,1
1123.38,0.8,286.84,836.54,4,1
1380.73,0.8,551.76,828.97,4,1
1029.32,0.4,378.68,650.64,2,1
864.12,0.6,150.78,713.33,3,1
658.1,0.4,75.54,582.56,2,1
864.47,0.4,198.7,665.77,2,1
681.51,0.2,131.38,550.13,1,1
674.34,0.2,116.65,557.69,1,1
1552.66,1.2,545.35,1007.31,6,1
1035.04,0.4,361.7,673.33,2,1
970.37,0.6,279.73,690.64,3,1
726.53,0.2,176.41,550.13,1,1
832.92,0.4,204.97,627.95,2,1
545.14,0.0,110.65,434.49,0,1
1113.45,1.0,221.78,891.67,5,1
907.35,0.6,178.89,728.46,3,1
911.0,0.4,267.92,643.08,2,1
537.4,0.0,95.35,442.05,0,1
534.92,0.0,100.43,434.49,0,1
973.68,0.8,159.84,813.85,4,1
826.21,0.6,135.57,690.64,3,1
691.64,0.2,133.95,557.69,1,1
1100.34,1.0,193.54,906.79,5,1
807.06,0.4,179.11,627.95,2,1
1247.09,0.8,425.68,821.41,4,1
844.87,0.6,131.54,713.33,3,1
656.86,0.2,159.68,497.18,1,1
1251.75,1.2,274.7,977.05,6,1
577.07,0.0,119.89,457.18,0,1
803.29,0.4,145.08,658.21,2,1
845.43,0.4,209.92,635.51,2,1
461.06,0.0,41.7,419.36,0,1
1095.2,0.6,381.86,713.33,3,1
675.63,0.2,148.19,527.44,1,1
771.43,0.4,128.35,643.08,2,1
703.53,0.2,145.84,557.69,1,1
711.12,0.2,145.86,565.26,1,1
731.93,0.2,166.68,565.26,1,1
773.23,0.4,160.41,612.82,2,1
741.63,0.2,221.76,519.87,1,1
711.71,0.4,144.27,567.44,2,1
1090.6,0.8,276.76,813.85,4,1
616.78,0.2,74.22,542.56,1,1
523.14,0.0,88.65,434.49,0,1
1524.56,1.0,632.89,891.67,5,1
822.18,0.2,256.92,565.26,1,1
567.35,0.0,117.73,449.62,0,1
453.9,0.0,42.11,411.79,0,1
676.65,0.2,134.08,542.56,1,1
598.37,0.0,141.19,457.18,0,1
509.52,0.0,90.16,419.36,0,1
915.23,0.6,209.46,705.77,3,1
777.5,0.4,164.68,612.82,2,1
910.75,0.6,227.68,683.08,3,1
629.81,0.2,102.38,527.44,1,1
889.89,0.4,246.81,643.08,2,1
510.49,0.2,36.0,474.49,1,1
821.99,0.6,131.35,690.64,3,1
1468.53,1.0,569.3,899.23,5,1
884.05,0.6,140.46,743.59,3,1
886.97,0.4,243.89,643.08,2,1
570.8,0.0,106.05,464.74,0,1
697.88,0.2,140.19,557.69,1,1
592.26,0.0,135.08,457.18,0,1
531.8,0.0,74.62,457.18,0,1
1144.38,0.8,368.35,776.03,4,1
824.7,0.4,189.19,635.51,2,1
770.34,0.2,205.08,565.26,1,1
1133.97,0.8,357.95,776.03,4,1
1033.66,0.8,219.81,813.85,4,1
920.15,0.8,121.43,798.72,4,1
803.49,0.4,167.97,635.51,2,1
912.7,0.6,184.24,728.46,3,1
794.8,0.4,136.59,658.21,2,1
730.0,0.4,102.05,627.95,2,1
440.61,0.0,28.81,411.79,0,1
482.76,0.0,55.84,426.92,0,1
1065.71,0.6,352.38,713.33,3,1
907.61,0.6,156.46,751.15,3,1
649.04,0.2,136.73,512.31,1,1
602.29,0.2,59.73,542.56,1,1
677.39,0.4,72.14,605.26,2,1
897.47,0.4,231.7,665.77,2,1
713.18,0.2,163.05,550.13,1,1
500.27,0.0,73.35,426.92,0,1
638.49,0.2,111.05,527.44,1,1
1122.51,0.8,346.49,776.03,4,1
905.28,0.4,292.46,612.82,2,1
1096.62,0.8,313.03,783.59,4,1
958.05,0.8,174.46,783.59,4,1
464.49,0.0,30.0,434.49,0,1
826.92,0.4,191.41,635.51,2,1
1254.12,1.0,347.32,906.79,5,1
568.92,0.0,134.43,434.49,0,1
680.43,0.2,130.3,550.13,1,1
880.23,0.4,282.54,597.69,2,1
1019.32,0.8,243.3,776.03,4,1
608.72,0.2,51.03,557.69,1,1
543.95,0.0,109.46,434.49,0,1
664.22,0.2,136.78,527.44,1,1
855.37,0.4,212.3,643.08,2,1
881.02,0.6,137.43,743.59,3,1
