"Total_Cost","Ratio_Reloc_Prod","Horiz_Cost","Vert_Cost","nReloc","non_Optimal"
224288.61,0.376,37525.49,186763.09,564,300
540.69,0.0,75.95,464.74,0,1
747.91,0.4,89.7,658.21,2,1
718.0,0.2,122.49,595.51,1,1
648.01,0.2,67.62,580.38,1,1
701.31,0.2,128.49,572.82,1,1
554.82,0.0,82.51,472.31,0,1
714.95,0.4,79.43,635.51,2,1
946.05,0.8,154.89,791.15,4,1
661.06,0.2,141.19,519.87,1,1
796.06,0.4,183.24,612.82,2,1
1135.66,1.2,181.3,954.36,6,1
539.85,0.0,67.54,472.31,0,1
726.2,0.2,145.81,580.38,1,1
921.06,0.8,99.65,821.41,4,1
891.01,0.8,137.68,753.33,4,1
610.28,0.0,137.97,472.31,0,1
524.8,0.0,67.62,457.18,0,1
615.71,0.2,95.84,519.87,1,1
742.45,0.4,137.19,605.26,2,1
592.65,0.2,65.22,527.44,1,1
621.67,0.2,71.54,550.13,1,1
1208.05,1.2,223.43,984.62,6,1
1099.37,1.0,207.7,891.67,5,1
682.77,0.2,109.95,572.82,1,1
545.78,0.0,96.16,449.62,0,1
681.53,0.2,116.27,565.26,1,1
683.43,0.2,140.86,542.56,1,1
702.76,0.4,74.81,627.95,2,1
633.68,0.2,106.24,527.44,1,1
782.42,0.4,116.65,665.77,2,1
701.23,0.4,103.54,597.69,2,1
761.33,0.4,133.38,627.95,2,1
616.35,0.2,88.92,527.44,1,1
743.99,0.2,178.73,565.26,1,1
602.74,0.0,122.86,479.87,0,1
543.19,0.0,101.14,442.05,0,1
942.29,0.8,158.7,783.59,4,1
607.16,0.2,57.03,550.13,1,1
533.31,0.0,76.14,457.18,0,1
711.17,0.4,98.35,612.82,2,1
586.61,0.0,121.86,464.74,0,1
967.43,1.2,103.84,863.59,6,1
752.63,0.4,139.81,612.82,2,1
610.62,0.2,75.62,535.0,1,1
1021.36,0.8,207.51,813.85,4,1
819.95,0.6,152.0,667.95,3,1
792.7,0.4,157.19,635.51,2,1
734.05,0.4,98.54,635.51,2,1
442.5,0.0,30.7,411.79,0,1
647.49,0.2,120.05,527.44,1,1
587.67,0.0,130.49,457.18,0,1
666.61,0.2,116.49,550.13,1,1
651.83,0.2,109.27,542.56,1,1
663.85,0.4,51.03,612.82,2,1
835.34,0.6,129.57,705.77,3,1
855.86,0.6,172.78,683.08,3,1
553.53,0.0,96.35,457.18,0,1
1011.45,1.0,127.35,884.1,5,1
698.47,0.4,93.22,605.26,2,1
791.42,0.4,193.73,597.69,2,1
1048.91,0.8,204.81,844.1,4,1
561.82,0.0,81.95,479.87,0,1
570.77,0.0,106.03,464.74,0,1
615.53,0.2,57.84,557.69,1,1
743.28,0.2,178.03,565.26,1,1
635.46,0.4,68.03,567.44,2,1
885.78,0.8,109.76,776.03,4,1
884.76,0.6,156.3,728.46,3,1
652.78,0.2,117.78,535.0,1,1
492.27,0.0,50.22,442.05,0,1
1192.69,1.6,173.46,1019.23,8,1
811.44,0.6,90.54,720.9,3,1
745.32,0.4,102.24,643.08,2,1
786.66,0.4,173.84,612.82,2,1
936.11,0.8,160.08,776.03,4,1
877.89,0.6,141.86,736.03,3,1
921.13,0.6,185.11,736.03,3,1
1054.39,1.0,155.16,899.23,5,1
674.15,0.2,116.46,557.69,1,1
833.32,0.4,190.24,643.08,2,1
808.13,0.6,72.11,736.03,3,1
860.01,0.4,194.24,665.77,2,1
494.67,0.0,52.62,442.05,0,1
1029.97,1.0,145.86,884.1,5,1
672.06,0.4,44.11,627.95,2,1
750.27,0.4,114.76,635.51,2,1
1039.95,1.0,170.97,868.97,5,1
562.25,0.0,89.95,472.31,0,1
670.72,0.2,105.46,565.26,1,1
1258.45,1.4,218.7,1039.74,7,1
861.96,0.6,163.76,698.21,3,1
661.78,0.2,111.65,550.13,1,1
473.63,0.0,46.7,426.92,0,1
890.15,0.4,231.95,658.21,2,1
534.86,0.0,85.24,449.62,0,1
905.01,0.8,151.68,753.33,4,1
729.81,0.4,86.73,643.08,2,1
677.59,0.2,142.59,535.0,1,1
791.91,0.4,141.27,650.64,2,1
546.72,0.0,89.54,457.18,0,1
731.18,0.2,165.92,565.26,1,1
626.42,0.2,68.73,557.69,1,1
613.59,0.2,71.03,542.56,1,1
762.02,0.4,164.32,597.69,2,1
543.86,0.0,94.24,449.62,0,1
635.31,0.2,77.62,557.69,1,1
863.17,0.6,142.27,720.9,3,1
908.03,0.6,172.0,736.03,3,1
1099.52,1.0,185.16,914.36,5,1
1080.17,1.0,173.38,906.79,5,1
628.1,0.0,170.92,457.18,0,1
640.88,0.2,75.62,565.26,1,1
766.42,0.6,68.22,698.21,3,1
753.91,0.2,188.65,565.26,1,1
532.02,0.0,74.84,457.18,0,1
509.81,0.0,75.32,434.49,0,1
630.25,0.2,102.81,527.44,1,1
613.97,0.2,71.41,542.56,1,1
627.95,0.2,92.95,535.0,1,1
547.35,0.0,112.86,434.49,0,1
681.59,0.2,131.46,550.13,1,1
658.97,0.2,123.97,535.0,1,1
696.99,0.2,139.3,557.69,1,1
670.44,0.4,57.62,612.82,2,1
979.69,0.8,173.41,806.28,4,1
692.73,0.4,57.22,635.51,2,1
545.01,0.2,32.7,512.31,1,1
862.67,0.4,212.03,650.64,2,1
705.01,0.4,99.76,605.26,2,1
526.37,0.0,61.62,464.74,0,1
561.83,0.0,104.65,457.18,0,1
778.34,0.4,120.14,658.21,2,1
925.85,0.6,159.57,766.28,3,1
700.87,0.4,72.92,627.95,2,1
795.94,0.4,152.86,643.08,2,1
848.23,0.4,190.03,658.21,2,1
557.71,0.2,45.41,512.31,1,1
735.52,0.6,75.14,660.38,3,1
667.97,0.2,132.97,535.0,1,1
947.03,0.6,218.57,728.46,3,1
722.4,0.2,179.84,542.56,1,1
680.87,0.2,108.05,572.82,1,1
677.56,0.2,119.86,557.69,1,1
870.8,0.4,205.03,665.77,2,1
703.93,0.2,138.68,565.26,1,1
573.69,0.0,108.95,464.74,0,1
673.65,0.2,131.08,542.56,1,1
760.62,0.4,117.54,643.08,2,1
696.67,0.4,98.97,597.69,2,1
543.67,0.0,94.05,449.62,0,1
681.26,0.2,123.57,557.69,1,1
1077.72,1.0,193.62,884.1,5,1
821.1,0.4,162.89,658.21,2,1
905.42,0.8,99.14,806.28,4,1
870.17,0.4,204.41,665.77,2,1
824.66,0.4,158.89,665.77,2,1
576.56,0.0,119.38,457.18,0,1
824.91,0.6,134.27,690.64,3,1
540.58,0.0,83.41,457.18,0,1
658.26,0.2,100.57,557.69,1,1
768.34,0.4,110.14,658.21,2,1
603.83,0.2,53.7,550.13,1,1
726.1,0.4,83.03,643.08,2,1
1105.56,1.0,213.89,891.67,5,1
764.49,0.4,128.97,635.51,2,1
583.01,0.0,118.27,464.74,0,1
1356.38,1.4,293.95,1062.44,7,1
597.98,0.0,125.68,472.31,0,1
810.9,0.4,145.14,665.77,2,1
704.48,0.2,146.78,557.69,1,1
885.02,0.6,194.38,690.64,3,1
743.57,0.4,108.05,635.51,2,1
894.93,0.6,196.73,698.21,3,1
1136.73,1.0,199.68,937.05,5,1
797.35,0.4,154.27,643.08,2,1
567.28,0.0,87.41,479.87,0,1
538.21,0.0,81.03,457.18,0,1
671.88,0.2,121.76,550.13,1,1
1087.85,1.0,181.05,906.79,5,1
553.07,0.0,103.46,449.62,0,1
717.63,0.2,152.38,565.26,1,1
703.29,0.2,145.59,557.69,1,1
852.07,0.4,201.43,650.64,2,1
741.91,0.4,98.84,643.08,2,1
655.86,0.2,120.86,535.0,1,1
833.35,0.4,197.84,635.51,2,1
1250.16,1.2,265.54,984.62,6,1
932.88,0.6,166.59,766.28,3,1
841.86,0.6,105.84,736.03,3,1
1041.18,0.8,189.51,851.67,4,1
995.9,0.8,189.62,806.28,4,1
856.7,0.6,128.24,728.46,3,1
1110.92,1.0,189.0,921.92,5,1
554.3,0.0,74.43,479.87,0,1
613.95,0.2,78.95,535.0,1,1
932.34,0.6,181.19,751.15,3,1
533.77,0.0,69.03,464.74,0,1
604.93,0.0,140.19,464.74,0,1
807.22,0.4,171.7,635.51,2,1
617.19,0.2,74.62,542.56,1,1
781.49,0.4,161.11,620.38,2,1
1037.89,0.6,309.43,728.46,3,1
816.77,0.6,103.43,713.33,3,1
660.92,0.2,118.35,542.56,1,1
1071.49,0.8,250.08,821.41,4,1
763.43,0.4,120.35,643.08,2,1
994.66,0.8,180.81,813.85,4,1
1210.65,1.2,241.16,969.49,6,1
744.85,0.4,71.51,673.33,2,1
796.68,0.4,123.35,673.33,2,1
1048.72,0.8,204.62,844.1,4,1
886.82,0.8,80.54,806.28,4,1
525.23,0.0,52.92,472.31,0,1
819.75,0.6,121.54,698.21,3,1
554.25,0.0,81.95,472.31,0,1
905.94,0.6,154.78,751.15,3,1
538.37,0.0,73.62,464.74,0,1
761.75,0.4,103.54,658.21,2,1
718.96,0.2,153.7,565.26,1,1
669.61,0.2,104.35,565.26,1,1
915.87,0.6,187.41,728.46,3,1
575.15,0.0,117.97,457.18,0,1
763.44,0.4,135.49,627.95,2,1
789.65,0.4,161.7,627.95,2,1
926.29,0.6,182.7,743.59,3,1
981.45,0.6,222.73,758.72,3,1
845.31,0.4,187.11,658.21,2,1
503.29,0.0,46.11,457.18,0,1
863.31,0.4,197.54,665.77,2,1
828.07,0.4,162.3,665.77,2,1
582.51,0.2,47.51,535.0,1,1
586.36,0.0,114.05,472.31,0,1
509.62,0.0,60.0,449.62,0,1
660.83,0.2,118.27,542.56,1,1
758.59,0.6,75.51,683.08,3,1
612.81,0.2,77.81,535.0,1,1
901.7,0.6,165.68,736.03,3,1
831.97,0.6,148.89,683.08,3,1
671.5,0.2,106.24,565.26,1,1
658.29,0.2,108.16,550.13,1,1
595.69,0.2,38.0,557.69,1,1
801.95,0.6,88.62,713.33,3,1
683.67,0.2,125.97,557.69,1,1
666.12,0.2,108.43,557.69,1,1
807.07,0.6,116.43,690.64,3,1
514.48,0.0,72.43,442.05,0,1
736.72,0.2,179.03,557.69,1,1
1038.17,0.8,224.32,813.85,4,1
670.64,0.2,112.95,557.69,1,1
560.91,0.0,103.73,457.18,0,1
871.37,0.6,127.78,743.59,3,1
645.83,0.2,88.14,557.69,1,1
791.15,0.4,132.95,658.21,2,1
932.69,0.6,173.97,758.72,3,1
914.53,0.6,163.38,751.15,3,1
524.07,0.0,59.32,464.74,0,1
865.43,0.6,121.84,743.59,3,1
647.35,0.2,112.35,535.0,1,1
786.47,0.6,73.14,713.33,3,1
686.46,0.4,58.51,627.95,2,1
456.06,0.0,36.7,419.36,0,1
670.19,0.2,135.19,535.0,1,1
668.35,0.2,125.78,542.56,1,1
804.91,0.6,114.27,690.64,3,1
702.39,0.4,89.57,612.82,2,1
686.85,0.2,129.16,557.69,1,1
818.9,0.4,145.57,673.33,2,1
555.66,0.0,90.92,464.74,0,1
969.67,0.8,178.51,791.15,4,1
552.3,0.0,72.43,479.87,0,1
857.14,0.6,128.68,728.46,3,1
661.75,0.2,104.05,557.69,1,1
661.53,0.2,103.84,557.69,1,1
768.76,0.4,148.38,620.38,2,1
1051.12,1.0,144.32,906.79,5,1
793.36,0.4,172.97,620.38,2,1
604.56,0.2,62.0,542.56,1,1
591.97,0.2,49.41,542.56,1,1
527.88,0.2,30.7,497.18,1,1
831.02,0.4,172.81,658.21,2,1
600.96,0.2,88.65,512.31,1,1
763.59,0.4,128.08,635.51,2,1
901.38,0.6,172.92,728.46,3,1
627.65,0.2,92.65,535.0,1,1
621.78,0.2,71.65,550.13,1,1
501.03,0.0,66.54,434.49,0,1
718.82,0.6,58.43,660.38,3,1
863.15,0.8,117.38,745.77,4,1
900.43,0.6,156.84,743.59,3,1
537.18,0.0,72.43,464.74,0,1
832.82,0.6,111.92,720.9,3,1
1027.25,0.8,258.78,768.46,4,1
896.59,0.6,205.95,690.64,3,1
799.86,0.4,156.78,643.08,2,1
511.66,0.0,46.92,464.74,0,1
742.46,0.4,106.95,635.51,2,1
640.4,0.2,97.84,542.56,1,1
624.03,0.2,89.03,535.0,1,1
609.32,0.2,74.32,535.0,1,1
518.83,0.0,69.22,449.62,0,1
