"Total_Cost","Ratio_Reloc_Prod","Horiz_Cost","Vert_Cost","nReloc","non_Optimal"
219928.12,0.402,32210.29,187717.98,603,250
984.82,0.5,118.03,866.79,3,1
786.23,0.1667,120.46,665.77,1,1
1122.19,0.8333,160.27,961.92,5,1
811.33,0.3333,90.43,720.9,2,1
662.03,0.0,66.51,595.51,0,1
775.4,0.1667,139.89,635.51,1,1
1082.95,0.6667,168.59,914.36,4,1
574.84,0.0,47.41,527.44,0,1
833.67,0.3333,97.65,736.03,2,1
988.02,0.5,151.49,836.54,3,1
1162.88,0.8333,170.7,992.18,5,1
841.25,0.3333,120.35,720.9,2,1
785.47,0.3333,72.14,713.33,2,1
702.95,0.1667,67.43,635.51,1,1
830.55,0.3333,124.78,705.77,2,1
770.25,0.1667,142.3,627.95,1,1
845.32,0.3333,154.68,690.64,2,1
744.59,0.1667,93.95,650.64,1,1
940.92,0.3333,212.46,728.46,2,1
1360.05,1.3333,194.92,1165.13,8,1
775.81,0.1667,140.3,635.51,1,1
1001.97,0.6667,117.86,884.1,4,1
891.47,0.5,77.62,813.85,3,1
729.44,0.1667,116.62,612.82,1,1
922.27,0.5,138.68,783.59,3,1
991.08,0.5,146.97,844.1,3,1
949.76,0.5,173.73,776.03,3,1
556.71,0.0,44.41,512.31,0,1
1114.54,0.8333,145.05,969.49,5,1
1089.39,0.6667,182.59,906.79,4,1
853.02,0.3333,109.43,743.59,2,1
658.36,0.1667,53.11,605.26,1,1
631.51,0.1667,56.51,575.0,1,1
1067.93,0.6667,221.65,846.28,4,1
878.27,0.3333,134.68,743.59,2,1
701.11,0.1667,80.73,620.38,1,1
893.94,0.3333,142.78,751.15,2,1
717.58,0.0,159.89,557.69,0,1
699.46,0.1667,71.51,627.95,1,1
1047.29,0.6667,163.19,884.1,4,1
1163.22,0.8333,193.73,969.49,5,1
863.28,0.3333,142.38,720.9,2,1
1004.8,0.5,213.65,791.15,3,1
801.08,0.3333,72.62,728.46,2,1
666.0,0.1667,83.43,582.56,1,1
1012.4,0.5,168.3,844.1,3,1
1048.91,0.6667,149.68,899.23,4,1
838.0,0.3333,109.54,728.46,2,1
867.47,0.3333,146.57,720.9,2,1
832.44,0.3333,126.68,705.77,2,1
917.43,0.6667,93.84,823.59,4,1
1285.25,1.0,222.81,1062.44,6,1
1181.12,0.8333,226.76,954.36,5,1
1012.79,0.5,183.81,828.97,3,1
1058.67,0.6667,174.57,884.1,4,1
883.28,0.3333,109.43,773.85,2,1
598.57,0.0,71.14,527.44,0,1
826.56,0.3333,143.49,683.08,2,1
1487.21,1.5,229.14,1258.08,9,1
1217.21,0.8333,240.16,977.05,5,1
593.51,0.0,58.51,535.0,0,1
760.72,0.3333,62.51,698.21,2,1
846.52,0.3333,118.05,728.46,2,1
995.21,0.6667,118.68,876.54,4,1
698.85,0.1667,86.03,612.82,1,1
840.12,0.3333,126.78,713.33,2,1
1078.96,0.6667,179.73,899.23,4,1
832.55,0.5,79.22,753.33,3,1
641.76,0.0,106.76,535.0,0,1
728.84,0.1667,93.32,635.51,1,1
1505.5,1.5,277.68,1227.82,9,1
985.94,0.5,134.27,851.67,3,1
773.16,0.3333,97.65,675.51,2,1
659.21,0.0,116.65,542.56,0,1
774.09,0.1667,153.7,620.38,1,1
796.58,0.3333,90.81,705.77,2,1
1055.65,0.6667,179.11,876.54,4,1
914.41,0.5,100.57,813.85,3,1
745.22,0.1667,117.27,627.95,1,1
1105.07,0.8333,173.41,931.67,5,1
811.51,0.1667,176.0,635.51,1,1
1128.56,0.8333,143.95,984.62,5,1
777.13,0.1667,134.05,643.08,1,1
744.8,0.1667,79.03,665.77,1,1
1001.5,0.5,195.22,806.28,3,1
865.0,0.5,96.54,768.46,3,1
694.91,0.0,144.78,550.13,0,1
667.99,0.0,102.73,565.26,0,1
630.89,0.0,88.32,542.56,0,1
607.27,0.0,79.84,527.44,0,1
1047.37,0.6667,155.7,891.67,4,1
873.99,0.3333,115.27,758.72,2,1
804.37,0.1667,161.3,643.08,1,1
816.31,0.3333,110.54,705.77,2,1
749.94,0.1667,106.86,643.08,1,1
1118.2,0.6667,211.41,906.79,4,1
950.23,0.3333,236.89,713.33,2,1
785.93,0.1667,127.73,658.21,1,1
731.73,0.3333,56.22,675.51,2,1
692.76,0.1667,64.81,627.95,1,1
722.84,0.1667,87.32,635.51,1,1
837.65,0.1667,202.14,635.51,1,1
995.63,0.5,174.22,821.41,3,1
808.66,0.3333,95.32,713.33,2,1
1056.66,0.8333,117.43,939.23,5,1
988.12,0.3333,221.84,766.28,2,1
1058.57,0.5,237.16,821.41,3,1
834.86,0.1667,199.35,635.51,1,1
1028.99,0.6667,129.76,899.23,4,1
824.24,0.3333,88.22,736.03,2,1
1230.5,1.0,183.19,1047.31,6,1
943.78,0.3333,192.62,751.15,2,1
734.02,0.1667,90.95,643.08,1,1
1046.24,0.6667,169.7,876.54,4,1
781.74,0.0,208.92,572.82,0,1
1016.59,0.6667,132.49,884.1,4,1
819.06,0.3333,105.73,713.33,2,1
1239.34,0.8333,300.11,939.23,5,1
914.7,0.5,85.73,828.97,3,1
737.89,0.3333,54.81,683.08,2,1
778.66,0.1667,120.46,658.21,1,1
646.12,0.0,88.43,557.69,0,1
692.61,0.1667,87.35,605.26,1,1
777.02,0.3333,93.95,683.08,2,1
1058.88,0.6667,167.22,891.67,4,1
767.29,0.3333,84.22,683.08,2,1
740.18,0.1667,89.54,650.64,1,1
637.61,0.0,79.92,557.69,0,1
884.8,0.3333,133.65,751.15,2,1
607.27,0.0,64.7,542.56,0,1
847.32,0.3333,103.73,743.59,2,1
1035.79,0.5,221.95,813.85,3,1
755.4,0.1667,104.76,650.64,1,1
1152.04,0.8333,159.86,992.18,5,1
844.96,0.3333,146.76,698.21,2,1
790.94,0.1667,147.86,643.08,1,1
1199.14,0.8333,244.78,954.36,5,1
1303.93,1.0,249.05,1054.87,6,1
988.24,0.5,151.7,836.54,3,1
669.51,0.0,119.38,550.13,0,1
794.03,0.3333,73.14,720.9,2,1
920.72,0.3333,177.14,743.59,2,1
985.63,0.6667,131.78,853.85,4,1
729.57,0.1667,94.05,635.51,1,1
578.81,0.0,43.81,535.0,0,1
905.39,0.3333,146.68,758.72,2,1
848.24,0.5,72.22,776.03,3,1
1018.96,0.5,167.3,851.67,3,1
867.57,0.5,91.54,776.03,3,1
862.43,0.3333,133.97,728.46,2,1
1114.33,0.6667,192.41,921.92,4,1
821.03,0.3333,100.14,720.9,2,1
825.45,0.1667,174.81,650.64,1,1
885.58,0.3333,126.86,758.72,2,1
757.13,0.3333,81.62,675.51,2,1
717.58,0.1667,104.76,612.82,1,1
932.64,0.6667,109.05,823.59,4,1
769.29,0.1667,118.65,650.64,1,1
1137.83,1.0,158.59,979.23,6,1
767.0,0.1667,131.49,635.51,1,1
968.58,0.5,162.3,806.28,3,1
1121.24,0.8333,151.76,969.49,5,1
861.97,0.3333,125.95,736.03,2,1
762.95,0.1667,135.0,627.95,1,1
770.0,0.1667,134.49,635.51,1,1
847.84,0.3333,119.38,728.46,2,1
1066.79,0.6667,144.86,921.92,4,1
759.94,0.1667,116.86,643.08,1,1
1015.54,0.6667,146.57,868.97,4,1
827.08,0.3333,98.62,728.46,2,1
832.99,0.1667,167.22,665.77,1,1
839.65,0.3333,118.76,720.9,2,1
908.29,0.5,117.14,791.15,3,1
847.78,0.3333,111.76,736.03,2,1
956.63,0.5,142.78,813.85,3,1
657.8,0.0,92.54,565.26,0,1
868.3,0.3333,147.41,720.9,2,1
1064.31,1.0,77.51,986.79,6,1
795.52,0.3333,74.62,720.9,2,1
905.0,0.5,128.97,776.03,3,1
1078.9,0.8333,124.54,954.36,5,1
1012.45,0.5,168.35,844.1,3,1
1054.58,0.8333,115.35,939.23,5,1
964.67,0.6667,88.14,876.54,4,1
904.8,0.3333,146.08,758.72,2,1
962.92,0.5,133.95,828.97,3,1
1026.47,0.6667,172.62,853.85,4,1
838.57,0.3333,102.54,736.03,2,1
809.66,0.1667,143.89,665.77,1,1
1152.05,0.8333,227.95,924.1,5,1
662.28,0.1667,57.03,605.26,1,1
622.43,0.0,87.43,535.0,0,1
1064.88,0.6667,158.08,906.79,4,1
867.35,0.3333,123.76,743.59,2,1
789.06,0.3333,75.73,713.33,2,1
576.09,0.0,56.22,519.87,0,1
926.69,0.6667,80.41,846.28,4,1
937.59,0.3333,194.0,743.59,2,1
1290.11,1.1667,180.11,1110.0,7,1
843.49,0.3333,107.46,736.03,2,1
551.98,0.0,32.11,519.87,0,1
653.59,0.0,103.46,550.13,0,1
1149.43,0.8333,172.38,977.05,5,1
711.03,0.1667,75.51,635.51,1,1
675.23,0.1667,77.54,597.69,1,1
677.0,0.1667,109.57,567.44,1,1
1042.78,0.6667,158.68,884.1,4,1
808.98,0.3333,95.65,713.33,2,1
612.73,0.0,77.73,535.0,0,1
1107.39,0.8333,160.59,946.79,5,1
940.56,0.6667,101.84,838.72,4,1
944.41,0.5,130.57,813.85,3,1
832.64,0.3333,142.0,690.64,2,1
658.89,0.0,123.89,535.0,0,1
917.24,0.3333,181.22,736.03,2,1
839.22,0.3333,110.76,728.46,2,1
1145.72,1.0,113.54,1032.18,6,1
914.23,0.5,107.95,806.28,3,1
786.9,0.3333,66.0,720.9,2,1
1194.28,1.0,146.97,1047.31,6,1
814.86,0.3333,78.84,736.03,2,1
1022.62,0.6667,146.08,876.54,4,1
890.51,0.3333,154.49,736.03,2,1
1033.58,0.6667,134.35,899.23,4,1
909.27,0.3333,165.68,743.59,2,1
794.39,0.3333,88.62,705.77,2,1
830.63,0.3333,124.86,705.77,2,1
989.35,0.5,145.24,844.1,3,1
869.27,0.3333,125.68,743.59,2,1
705.15,0.0,139.89,565.26,0,1
1041.31,0.6667,195.03,846.28,4,1
567.39,0.0,47.51,519.87,0,1
778.64,0.1667,135.57,643.08,1,1
657.84,0.1667,82.84,575.0,1,1
1038.1,0.8333,106.43,931.67,5,1
879.7,0.5,111.24,768.46,3,1
769.9,0.1667,104.14,665.77,1,1
1009.04,0.5,195.19,813.85,3,1
870.78,0.5,79.62,791.15,3,1
877.74,0.5,79.03,798.72,3,1
610.57,0.0,83.14,527.44,0,1
880.64,0.5,81.92,798.72,3,1
1129.81,0.8333,167.89,961.92,5,1
1000.26,0.6667,116.16,884.1,4,1
851.39,0.1667,193.19,658.21,1,1
707.73,0.1667,72.22,635.51,1,1
704.03,0.1667,68.51,635.51,1,1
720.03,0.1667,84.51,635.51,1,1
820.92,0.3333,145.41,675.51,2,1
713.63,0.1667,93.24,620.38,1,1
