"Total_Cost","Ratio_Reloc_Prod","Horiz_Cost","Vert_Cost","nReloc","non_Optimal"
219622.53,0.4067,31526.19,188096.25,610,250
984.82,0.5,118.03,866.79,3,1
786.23,0.1667,120.46,665.77,1,1
1122.19,0.8333,160.27,961.92,5,1
811.33,0.3333,90.43,720.9,2,1
662.03,0.0,66.51,595.51,0,1
775.4,0.1667,139.89,635.51,1,1
1082.95,0.6667,168.59,914.36,4,1
574.84,0.0,47.41,527.44,0,1
836.38,0.3333,100.35,736.03,2,1
998.18,0.5,154.08,844.1,3,1
1152.13,0.8333,167.51,984.62,5,1
841.25,0.3333,120.35,720.9,2,1
785.47,0.3333,72.14,713.33,2,1
702.95,0.1667,67.43,635.51,1,1
814.18,0.3333,115.97,698.21,2,1
751.76,0.1667,131.38,620.38,1,1
791.84,0.3333,116.32,675.51,2,1
747.39,0.1667,81.62,665.77,1,1
903.68,0.3333,175.22,728.46,2,1
1397.04,1.3333,224.35,1172.69,8,1
764.98,0.1667,144.59,620.38,1,1
1119.89,0.8333,135.27,984.62,5,1
895.47,0.5,81.62,813.85,3,1
726.04,0.1667,113.22,612.82,1,1
941.69,0.5,142.97,798.72,3,1
986.97,0.5,142.86,844.1,3,1
923.16,0.5,154.7,768.46,3,1
599.87,0.0,72.43,527.44,0,1
1122.24,0.8333,152.76,969.49,5,1
982.44,0.5,168.59,813.85,3,1
847.21,0.3333,103.62,743.59,2,1
551.98,0.0,32.11,519.87,0,1
659.05,0.1667,68.92,590.13,1,1
1055.52,0.6667,194.11,861.41,4,1
872.0,0.3333,135.97,736.03,2,1
704.41,0.1667,84.03,620.38,1,1
886.37,0.3333,142.78,743.59,2,1
706.02,0.0,155.89,550.13,0,1
704.65,0.1667,76.7,627.95,1,1
1035.73,0.6667,159.19,876.54,4,1
1233.45,1.0,208.84,1024.62,6,1
863.28,0.3333,142.38,720.9,2,1
1004.8,0.5,213.65,791.15,3,1
860.21,0.5,76.62,783.59,3,1
684.72,0.1667,87.03,597.69,1,1
1012.4,0.5,168.3,844.1,3,1
1027.67,0.6667,143.57,884.1,4,1
845.16,0.3333,109.14,736.03,2,1
1024.56,0.6667,140.46,884.1,4,1
757.78,0.1667,122.27,635.51,1,1
912.02,0.6667,88.43,823.59,4,1
1205.99,0.8333,213.81,992.18,5,1
981.76,0.5,152.78,828.97,3,1
1073.62,0.6667,189.51,884.1,4,1
1153.62,0.8333,176.57,977.05,5,1
875.71,0.3333,109.43,766.28,2,1
598.57,0.0,71.14,527.44,0,1
805.44,0.3333,137.49,667.95,2,1
1332.7,1.1667,215.14,1117.56,7,1
1111.42,0.8333,172.19,939.23,5,1
564.52,0.0,52.22,512.31,0,1
685.41,0.1667,65.03,620.38,1,1
845.27,0.3333,109.24,736.03,2,1
1018.94,0.6667,127.27,891.67,4,1
674.83,0.1667,77.14,597.69,1,1
740.73,0.1667,112.78,627.95,1,1
964.18,0.5,173.03,791.15,3,1
766.51,0.3333,83.43,683.08,2,1
662.53,0.0,104.84,557.69,0,1
820.95,0.3333,100.05,720.9,2,1
1545.68,1.5,310.3,1235.38,9,1
1184.84,0.8333,169.97,1014.87,5,1
749.79,0.3333,81.84,667.95,2,1
679.02,0.0,136.46,542.56,0,1
852.45,0.3333,161.81,690.64,2,1
768.75,0.3333,78.11,690.64,2,1
960.88,0.5,154.59,806.28,3,1
917.12,0.5,103.27,813.85,3,1
696.06,0.1667,83.24,612.82,1,1
1094.17,0.8333,147.38,946.79,5,1
899.3,0.3333,178.41,720.9,2,1
1095.67,0.8333,118.62,977.05,5,1
886.76,0.5,125.86,760.9,3,1
759.56,0.1667,101.35,658.21,1,1
1174.76,0.8333,212.84,961.92,5,1
721.24,0.1667,85.73,635.51,1,1
673.02,0.0,130.46,542.56,0,1
692.3,0.0,111.92,580.38,0,1
670.07,0.0,104.81,565.26,0,1
728.09,0.1667,115.27,612.82,1,1
1188.86,1.0,171.81,1017.05,6,1
936.14,0.5,107.16,828.97,3,1
767.59,0.1667,116.95,650.64,1,1
842.31,0.3333,136.54,705.77,2,1
807.98,0.1667,134.65,673.33,1,1
1132.79,0.8333,186.0,946.79,5,1
1102.31,0.6667,195.51,906.79,4,1
902.53,0.3333,136.24,766.28,2,1
696.87,0.1667,68.92,627.95,1,1
679.9,0.1667,59.51,620.38,1,1
732.4,0.1667,89.32,643.08,1,1
846.05,0.1667,210.54,635.51,1,1
865.04,0.3333,151.7,713.33,2,1
739.13,0.1667,96.05,643.08,1,1
1098.96,0.8333,167.3,931.67,5,1
1017.28,0.5,203.43,813.85,3,1
1172.19,0.6667,250.27,921.92,4,1
929.93,0.3333,224.16,705.77,2,1
1130.92,0.8333,153.86,977.05,5,1
950.49,0.5,121.51,828.97,3,1
1102.91,0.8333,163.68,939.23,5,1
910.35,0.3333,174.32,736.03,2,1
639.42,0.0,81.73,557.69,0,1
1023.52,0.6667,162.11,861.41,4,1
1134.43,0.8333,157.38,977.05,5,1
1148.48,0.8333,156.3,992.18,5,1
661.31,0.0,103.62,557.69,0,1
1265.61,1.0,233.43,1032.18,6,1
971.24,0.6667,87.14,884.1,4,1
776.39,0.3333,70.62,705.77,2,1
668.45,0.0,110.76,557.69,0,1
675.09,0.1667,69.84,605.26,1,1
699.09,0.1667,93.84,605.26,1,1
669.04,0.0,111.35,557.69,0,1
1019.69,0.6667,120.46,899.23,4,1
735.76,0.1667,100.24,635.51,1,1
860.13,0.3333,116.54,743.59,2,1
585.14,0.0,57.7,527.44,0,1
780.85,0.3333,67.51,713.33,2,1
583.7,0.0,48.7,535.0,0,1
805.68,0.3333,77.22,728.46,2,1
934.81,0.3333,191.22,743.59,2,1
811.31,0.3333,105.54,705.77,2,1
1059.43,0.6667,182.89,876.54,4,1
813.31,0.3333,107.54,705.77,2,1
765.92,0.1667,137.97,627.95,1,1
1376.07,1.1667,243.38,1132.69,7,1
1190.09,0.8333,182.78,1007.31,5,1
1057.3,0.6667,135.38,921.92,4,1
754.83,0.1667,111.76,643.08,1,1
737.09,0.1667,71.32,665.77,1,1
825.48,0.1667,174.84,650.64,1,1
894.63,0.5,141.3,753.33,3,1
713.57,0.1667,85.62,627.95,1,1
577.6,0.0,57.73,519.87,0,1
972.95,0.5,143.97,828.97,3,1
690.22,0.1667,54.7,635.51,1,1
998.73,0.5,162.19,836.54,3,1
847.62,0.3333,119.16,728.46,2,1
904.82,0.3333,183.92,720.9,2,1
1228.51,1.1667,110.95,1117.56,7,1
932.85,0.5,126.57,806.28,3,1
1003.55,0.5,189.7,813.85,3,1
876.77,0.3333,118.05,758.72,2,1
735.71,0.3333,75.32,660.38,2,1
787.16,0.1667,144.08,643.08,1,1
1144.77,1.0,173.11,971.67,6,1
763.32,0.1667,120.24,643.08,1,1
933.56,0.5,134.84,798.72,3,1
738.71,0.1667,110.76,627.95,1,1
863.75,0.3333,173.11,690.64,2,1
955.9,0.5,142.05,813.85,3,1
923.66,0.5,124.95,798.72,3,1
988.53,0.6667,157.38,831.15,4,1
637.48,0.0,87.35,550.13,0,1
844.28,0.3333,123.38,720.9,2,1
1117.46,0.8333,147.97,969.49,5,1
684.88,0.1667,79.62,605.26,1,1
973.85,0.6667,127.57,846.28,4,1
636.56,0.0,86.43,550.13,0,1
742.41,0.1667,114.46,627.95,1,1
945.32,0.6667,114.16,831.15,4,1
1021.79,0.6667,107.43,914.36,4,1
917.47,0.5,118.76,798.72,3,1
934.9,0.5,121.05,813.85,3,1
597.68,0.0,70.24,527.44,0,1
855.67,0.3333,119.65,736.03,2,1
847.35,0.5,71.32,776.03,3,1
805.17,0.3333,91.84,713.33,2,1
915.78,0.3333,164.62,751.15,2,1
876.59,0.5,85.43,791.15,3,1
1090.24,0.6667,160.76,929.49,4,1
1065.12,0.6667,165.89,899.23,4,1
1030.63,0.6667,123.84,906.79,4,1
919.65,0.5,98.24,821.41,3,1
1142.72,0.6667,182.97,959.74,4,1
987.35,0.5,150.81,836.54,3,1
672.45,0.0,114.76,557.69,0,1
826.36,0.1667,160.59,665.77,1,1
911.87,0.3333,183.41,728.46,2,1
640.78,0.0,90.65,550.13,0,1
731.03,0.1667,110.65,620.38,1,1
927.75,0.3333,176.59,751.15,2,1
898.54,0.5,114.95,783.59,3,1
793.06,0.3333,79.73,713.33,2,1
640.97,0.1667,58.41,582.56,1,1
792.11,0.3333,71.22,720.9,2,1
918.16,0.3333,189.7,728.46,2,1
1336.15,1.3333,155.89,1180.26,8,1
928.92,0.5,99.95,828.97,3,1
642.43,0.0,99.86,542.56,0,1
569.54,0.0,42.11,527.44,0,1
1132.78,0.8333,148.16,984.62,5,1
868.52,0.5,100.05,768.46,3,1
800.59,0.3333,109.95,690.64,2,1
667.92,0.1667,85.35,582.56,1,1
1046.7,0.6667,162.59,884.1,4,1
885.49,0.5,109.46,776.03,3,1
601.17,0.0,73.73,527.44,0,1
1005.35,0.6667,136.38,868.97,4,1
940.99,0.6667,109.84,831.15,4,1
1142.03,1.0,147.68,994.36,6,1
670.55,0.1667,57.73,612.82,1,1
754.45,0.1667,96.24,658.21,1,1
941.38,0.5,172.92,768.46,3,1
819.09,0.3333,105.76,713.33,2,1
1096.92,1.0,87.43,1009.49,6,1
1044.71,0.6667,130.35,914.36,4,1
796.52,0.3333,75.62,720.9,2,1
1072.09,0.6667,165.3,906.79,4,1
883.27,0.5,107.24,776.03,3,1
936.18,0.5,152.59,783.59,3,1
854.79,0.3333,133.89,720.9,2,1
1023.45,0.6667,124.22,899.23,4,1
1132.08,0.6667,202.59,929.49,4,1
725.45,0.1667,74.81,650.64,1,1
914.79,0.5,153.89,760.9,3,1
890.63,0.3333,124.35,766.28,2,1
852.89,0.5,84.43,768.46,3,1
724.57,0.0,144.19,580.38,0,1
933.35,0.3333,197.32,736.03,2,1
636.32,0.1667,61.32,575.0,1,1
765.88,0.1667,115.24,650.64,1,1
781.81,0.3333,98.73,683.08,2,1
833.86,0.3333,82.7,751.15,2,1
700.19,0.1667,125.19,575.0,1,1
671.93,0.1667,59.11,612.82,1,1
935.01,0.5,121.16,813.85,3,1
792.31,0.3333,86.54,705.77,2,1
995.64,0.6667,111.54,884.1,4,1
646.05,0.0,111.05,535.0,0,1
603.65,0.0,76.22,527.44,0,1
902.27,0.3333,173.81,728.46,2,1
899.7,0.5,123.68,776.03,3,1
890.98,0.1667,217.65,673.33,1,1
791.71,0.3333,70.81,720.9,2,1
625.16,0.0,75.03,550.13,0,1
815.82,0.3333,94.92,720.9,2,1
937.58,0.5,131.3,806.28,3,1
893.0,0.3333,156.97,736.03,2,1
