"Total_Cost","Ratio_Reloc_Prod","Horiz_Cost","Vert_Cost","nReloc","non_Optimal"
270424.99,0.7887,58508.39,211916.43,1183,188
818.93,0.8,118.54,700.38,4,0
430.81,0.0,41.7,389.1,0,0
693.46,0.6,86.03,607.44,3,0
937.97,1.0,174.89,763.08,5,1
832.06,0.8,139.24,692.82,4,1
1051.23,1.2,217.89,833.33,6,1
717.81,0.6,95.24,622.56,3,0
462.56,0.0,58.32,404.23,0,0
685.18,0.4,148.0,537.18,2,0
926.94,1.0,163.86,763.08,5,1
862.71,0.8,154.76,707.95,4,1
571.07,0.2,119.27,451.79,1,0
1074.95,1.2,226.49,848.46,6,1
947.2,1.0,153.86,793.33,5,0
997.6,1.0,196.7,800.9,5,1
570.14,0.2,95.65,474.49,1,0
640.6,0.4,80.73,559.87,2,0
1386.55,1.4,460.27,926.28,7,1
982.05,1.0,211.41,770.64,5,1
778.68,0.6,163.68,615.0,3,0
498.67,0.0,102.0,396.67,0,0
785.1,0.6,154.97,630.13,3,0
796.97,0.6,181.97,615.0,3,0
852.46,0.6,245.03,607.44,3,0
494.94,0.0,105.84,389.1,0,0
809.42,0.8,124.16,685.26,4,0
868.92,0.8,153.41,715.51,4,1
891.86,0.8,168.78,723.08,4,1
580.55,0.2,121.19,459.36,1,0
2937.14,1.6,1902.78,1034.36,8,1
485.79,0.0,74.0,411.79,0,0
797.42,0.6,152.16,645.26,3,0
1020.43,1.2,156.84,863.59,6,1
873.79,0.6,266.35,607.44,3,0
798.03,0.8,82.51,715.51,4,1
880.39,1.0,94.62,785.77,5,1
1342.38,1.6,353.41,988.97,8,1
1527.42,2.0,360.11,1167.31,10,1
682.86,0.4,153.24,529.62,2,0
1748.17,2.0,573.3,1174.87,10,1
959.04,0.8,213.27,745.77,4,1
1160.79,1.2,259.38,901.41,6,1
493.65,0.0,66.73,426.92,0,0
1385.58,2.0,218.27,1167.31,10,1
802.28,0.6,149.46,652.82,3,0
1051.0,1.0,303.05,747.95,5,1
648.33,0.2,128.46,519.87,1,0
950.25,1.0,149.35,800.9,5,1
907.24,1.0,144.16,763.08,5,1
910.14,0.8,217.32,692.82,4,0
690.49,0.4,123.05,567.44,2,0
520.15,0.0,108.35,411.79,0,0
1186.28,1.6,167.05,1019.23,8,1
949.42,1.0,178.78,770.64,5,1
1346.84,1.6,357.86,988.97,8,1
878.82,0.8,193.57,685.26,4,1
482.47,0.0,78.24,404.23,0,0
672.52,0.4,112.65,559.87,2,1
1567.06,1.8,492.7,1074.36,9,1
727.91,0.6,90.22,637.69,3,0
1065.98,1.0,257.51,808.46,5,1
890.4,0.8,174.89,715.51,4,1
1048.03,1.2,192.0,856.03,6,1
777.53,0.6,147.41,630.13,3,1
1427.03,1.6,377.54,1049.49,8,1
933.94,0.8,256.24,677.69,4,0
908.89,1.0,100.43,808.46,5,1
436.23,0.0,32.0,404.23,0,0
773.25,0.6,112.86,660.38,3,1
760.61,0.6,115.35,645.26,3,0
1416.54,1.6,420.0,996.54,8,1
1031.88,0.6,386.62,645.26,3,1
777.47,0.6,124.65,652.82,3,1
935.12,1.0,141.78,793.33,5,1
1468.17,1.8,386.24,1081.92,9,1
1231.23,1.6,212.0,1019.23,8,1
988.6,1.0,187.7,800.9,5,1
708.67,0.4,118.54,590.13,2,1
768.85,0.6,131.16,637.69,3,0
1243.46,1.6,186.41,1057.05,8,1
1110.64,1.2,231.92,878.72,6,1
969.01,1.0,175.68,793.33,5,1
1341.05,1.8,236.43,1104.62,9,1
846.13,0.8,123.05,723.08,4,1
1388.92,1.6,392.38,996.54,8,1
1020.57,1.0,212.11,808.46,5,1
1660.64,2.2,362.57,1298.08,11,1
900.6,1.0,92.14,808.46,5,1
474.01,0.0,62.22,411.79,0,0
575.53,0.2,78.35,497.18,1,0
832.75,0.6,202.62,630.13,3,1
1087.64,1.2,208.92,878.72,6,1
780.09,0.6,127.27,652.82,3,1
781.11,0.6,113.16,667.95,3,1
481.83,0.0,32.22,449.62,0,0
1571.62,1.4,607.51,964.1,7,1
465.74,0.0,61.51,404.23,0,0
590.79,0.2,123.86,466.92,1,0
1016.8,1.0,231.03,785.77,5,1
938.54,1.0,175.46,763.08,5,1
1046.58,1.2,167.86,878.72,6,1
925.03,1.0,124.14,800.9,5,1
787.84,0.6,127.46,660.38,3,1
764.94,0.6,127.24,637.69,3,1
853.42,0.8,107.65,745.77,4,1
906.33,0.8,213.51,692.82,4,0
1147.18,1.2,268.46,878.72,6,1
1010.51,1.0,194.49,816.03,5,1
627.42,0.4,75.11,552.31,2,0
594.83,0.2,97.65,497.18,1,0
1894.11,1.8,683.59,1210.51,9,1
865.33,0.8,157.38,707.95,4,1
763.61,0.6,118.35,645.26,3,0
774.91,0.6,144.78,630.13,3,1
1034.21,1.0,210.62,823.59,5,1
800.94,0.6,170.81,630.13,3,0
883.08,0.6,260.51,622.56,3,1
773.61,0.6,143.49,630.13,3,0
1366.61,1.6,339.81,1026.79,8,1
918.12,0.6,318.24,599.87,3,1
1153.49,0.8,437.97,715.51,4,1
1151.37,1.4,187.27,964.1,7,1
470.13,0.0,81.03,389.1,0,0
851.57,0.8,143.62,707.95,4,1
1362.91,1.4,459.32,903.59,7,1
3376.59,2.2,2086.08,1290.51,11,1
708.28,0.4,155.97,552.31,2,0
468.35,0.0,79.24,389.1,0,0
1082.18,1.4,163.46,918.72,7,1
780.22,0.6,119.84,660.38,3,1
483.13,0.0,94.03,389.1,0,0
685.96,0.4,133.65,552.31,2,0
995.34,1.0,224.7,770.64,5,1
858.12,0.6,265.81,592.31,3,1
815.17,0.6,215.3,599.87,3,0
960.69,1.0,182.49,778.21,5,1
1224.5,1.2,406.3,818.21,6,1
935.55,1.0,149.78,785.77,5,1
755.06,0.6,102.24,652.82,3,0
957.02,1.0,178.81,778.21,5,1
1048.23,1.2,161.95,886.28,6,1
735.8,0.4,198.62,537.18,2,0
685.06,0.4,117.62,567.44,2,0
794.76,0.6,179.76,615.0,3,1
519.73,0.0,85.24,434.49,0,0
790.35,0.6,167.78,622.56,3,1
796.72,0.6,151.46,645.26,3,1
1233.39,1.6,206.59,1026.79,8,1
830.69,0.6,238.38,592.31,3,1
1025.67,1.2,162.08,863.59,6,1
812.18,0.6,166.92,645.26,3,0
781.08,0.6,158.51,622.56,3,1
856.08,0.8,140.57,715.51,4,1
784.21,0.6,154.08,630.13,3,0
622.71,0.2,155.78,466.92,1,0
914.42,1.0,128.65,785.77,5,1
774.05,0.6,151.49,622.56,3,1
1272.67,1.6,268.57,1004.1,8,1
878.14,0.8,185.32,692.82,4,1
1390.53,1.8,278.35,1112.18,9,1
644.44,0.2,185.08,459.36,1,0
663.31,0.4,118.57,544.74,2,0
968.26,1.0,197.62,770.64,5,1
582.48,0.2,92.86,489.62,1,0
936.3,0.8,228.35,707.95,4,1
486.04,0.0,74.24,411.79,0,0
781.03,0.6,173.59,607.44,3,0
919.09,1.0,125.76,793.33,5,1
786.31,0.6,133.49,652.82,3,1
469.41,0.0,34.92,434.49,0,1
916.37,0.8,185.73,730.64,4,1
717.33,0.4,149.89,567.44,2,0
1119.47,1.2,225.62,893.85,6,1
599.41,0.2,132.49,466.92,1,0
981.19,1.0,180.3,800.9,5,1
1195.11,1.2,293.7,901.41,6,1
775.64,0.6,190.89,584.74,3,0
525.63,0.0,113.84,411.79,0,0
760.04,0.6,107.22,652.82,3,0
503.32,0.0,106.65,396.67,0,0
566.02,0.2,68.84,497.18,1,0
467.46,0.0,25.41,442.05,0,0
911.05,0.8,195.54,715.51,4,1
1051.94,1.0,235.92,816.03,5,1
794.63,0.6,149.38,645.26,3,1
908.63,0.8,215.81,692.82,4,1
1310.36,1.6,268.43,1041.92,8,1
715.09,0.4,162.78,552.31,2,1
565.38,0.2,83.32,482.05,1,0
807.92,0.6,139.97,667.95,3,1
780.56,0.6,142.86,637.69,3,0
934.52,1.0,126.05,808.46,5,1
900.91,0.8,162.7,738.21,4,1
830.51,0.6,215.51,615.0,3,1
1234.45,1.4,315.73,918.72,7,1
736.26,0.6,106.14,630.13,3,0
763.76,0.6,95.81,667.95,3,1
807.35,0.6,184.78,622.56,3,0
753.26,0.6,108.0,645.26,3,0
1024.72,1.2,100.62,924.1,6,1
748.97,0.6,58.32,690.64,3,1
1619.07,1.4,632.27,986.79,7,1
513.26,0.0,124.16,389.1,0,0
814.14,0.8,113.76,700.38,4,1
1111.94,1.2,255.92,856.03,6,1
847.91,0.8,124.84,723.08,4,0
749.63,0.6,89.24,660.38,3,1
1047.81,1.2,199.35,848.46,6,1
862.64,0.6,232.51,630.13,3,1
1057.52,1.2,163.68,893.85,6,1
789.51,0.6,159.38,630.13,3,1
972.89,1.0,156.86,816.03,5,1
992.6,1.0,252.22,740.38,5,1
717.37,0.4,180.19,537.18,2,0
602.44,0.2,143.08,459.36,1,0
1031.19,1.2,190.3,840.9,6,1
659.22,0.4,99.35,559.87,2,0
958.1,1.0,187.46,770.64,5,1
1273.99,1.6,262.32,1011.67,8,1
992.15,0.8,314.46,677.69,4,1
866.6,0.8,173.78,692.82,4,1
1220.41,1.4,286.57,933.85,7,1
887.89,0.8,172.38,715.51,4,1
468.13,0.0,79.03,389.1,0,0
665.47,0.4,113.16,552.31,2,0
1327.13,1.8,169.57,1157.56,9,1
799.33,0.6,138.95,660.38,3,1
1037.58,1.2,219.38,818.21,6,1
1062.2,1.2,236.43,825.77,6,1
824.86,0.8,109.35,715.51,4,1
584.6,0.2,125.24,459.36,1,0
1037.4,1.2,181.38,856.03,6,1
725.03,0.6,110.03,615.0,3,1
906.81,1.0,158.86,747.95,5,1
510.24,0.0,60.62,449.62,0,0
674.92,0.4,99.92,575.0,2,0
653.89,0.4,124.27,529.62,2,1
1124.96,1.2,306.76,818.21,6,1
620.41,0.2,153.49,466.92,1,0
1585.21,1.8,488.16,1097.05,9,1
768.96,0.4,231.78,537.18,2,0
1041.39,1.2,208.05,833.33,6,1
577.9,0.2,118.54,459.36,1,0
928.88,0.8,243.62,685.26,4,1
1161.36,1.2,328.03,833.33,6,1
669.61,0.4,124.86,544.74,2,0
1160.97,1.0,284.43,876.54,5,1
818.03,0.6,157.65,660.38,3,1
532.59,0.0,143.49,389.1,0,0
469.45,0.0,80.35,389.1,0,0
925.55,0.8,232.73,692.82,4,1
1053.84,1.2,205.38,848.46,6,1
1057.11,1.2,201.08,856.03,6,1
853.62,0.8,145.68,707.95,4,1
1432.89,1.8,343.41,1089.49,9,1
559.26,0.0,162.59,396.67,0,0
996.87,1.0,188.41,808.46,5,1
978.33,1.0,169.86,808.46,5,1
2014.45,2.2,761.76,1252.69,11,1
706.47,0.4,146.59,559.87,2,0
746.52,0.4,194.22,552.31,2,0
1151.28,1.4,225.0,926.28,7,1
861.17,0.6,253.73,607.44,3,1
1467.87,1.8,378.38,1089.49,9,1
1630.99,2.0,425.86,1205.13,10,1
691.05,0.4,116.05,575.0,2,0
598.84,0.2,124.35,474.49,1,0
531.96,0.0,135.3,396.67,0,0
873.27,0.6,250.7,622.56,3,0
1126.68,1.4,177.7,948.97,7,1
1226.09,1.4,292.24,933.85,7,1
451.05,0.0,61.95,389.1,0,0
1221.89,1.6,164.84,1057.05,8,1
569.13,0.2,79.51,489.62,1,0
553.06,0.2,86.14,466.92,1,0
1050.7,1.2,194.68,856.03,6,1
569.19,0.2,87.14,482.05,1,0
484.83,0.0,88.16,396.67,0,0
1144.65,1.4,195.68,948.97,7,1
983.49,1.0,182.59,800.9,5,1
1081.81,1.2,218.22,863.59,6,1
994.72,1.0,216.51,778.21,5,1
635.94,0.4,45.81,590.13,2,0
912.71,1.0,164.76,747.95,5,1
1172.41,1.4,231.0,941.41,7,1
820.48,0.6,197.92,622.56,3,0
836.12,0.8,150.86,685.26,4,0
475.48,0.0,78.81,396.67,0,0
508.12,0.0,96.32,411.79,0,0
936.15,1.0,150.38,785.77,5,1
969.96,1.0,191.76,778.21,5,1
844.22,0.8,136.27,707.95,4,1
790.34,0.6,152.65,637.69,3,0
518.37,0.0,129.27,389.1,0,0
966.9,1.0,173.57,793.33,5,1
980.68,1.2,147.35,833.33,6,1
760.98,0.6,108.16,652.82,3,1
877.78,0.8,162.27,715.51,4,1
802.16,0.6,179.59,622.56,3,1
639.97,0.4,110.35,529.62,2,0
