"Total_Cost","Ratio_Reloc_Prod","Horiz_Cost","Vert_Cost","nReloc","non_Optimal"
261971.66,0.4447,70672.64,191299.11,667,177
1344.43,1.4,274.43,1070.0,7,0
571.25,0.0,91.38,479.87,0,0
837.37,0.4,194.3,643.08,2,0
501.85,0.0,37.11,464.74,0,0
708.61,0.4,103.35,605.26,2,1
660.12,0.2,94.86,565.26,1,1
522.58,0.0,57.84,464.74,0,0
947.6,0.8,133.76,813.85,4,1
773.0,0.4,137.49,635.51,2,1
731.95,0.4,96.43,635.51,2,1
989.83,0.6,246.24,743.59,3,0
522.21,0.0,65.03,457.18,0,0
765.36,0.4,160.11,605.26,2,0
1270.72,1.2,278.54,992.18,6,0
695.33,0.4,82.51,612.82,2,1
546.96,0.0,82.22,464.74,0,0
890.71,0.6,169.81,720.9,3,0
772.49,0.4,144.54,627.95,2,1
786.12,0.4,120.35,665.77,2,1
891.33,0.6,178.0,713.33,3,0
735.0,0.4,91.92,643.08,2,0
778.7,0.4,143.19,635.51,2,0
877.88,0.4,227.24,650.64,2,1
654.45,0.2,96.76,557.69,1,1
977.9,0.8,217.0,760.9,4,0
607.41,0.2,87.54,519.87,1,1
766.2,0.4,153.38,612.82,2,0
1112.09,1.0,250.68,861.41,5,1
473.63,0.0,61.84,411.79,0,0
1404.15,1.4,356.84,1047.31,7,1
1343.74,1.0,429.38,914.36,5,1
487.36,0.0,68.0,419.36,0,0
1324.53,1.0,485.81,838.72,5,1
1249.76,1.0,441.3,808.46,5,0
775.57,0.4,140.05,635.51,2,1
1001.99,0.4,351.35,650.64,2,1
894.81,0.4,251.73,643.08,2,0
771.85,0.4,174.16,597.69,2,0
737.04,0.4,139.35,597.69,2,0
853.31,0.6,147.54,705.77,3,0
642.13,0.2,92.0,550.13,1,0
903.81,0.6,235.86,667.95,3,0
715.85,0.4,118.16,597.69,2,0
854.53,0.6,163.89,690.64,3,1
1462.1,1.0,562.86,899.23,5,0
637.59,0.2,95.03,542.56,1,1
566.63,0.0,147.27,419.36,0,1
769.38,0.2,241.95,527.44,1,1
652.94,0.2,95.24,557.69,1,1
455.52,0.0,43.73,411.79,0,1
1540.13,1.0,708.97,831.15,5,1
674.78,0.0,225.16,449.62,0,1
1021.92,0.6,353.97,667.95,3,1
440.5,0.0,28.7,411.79,0,1
702.18,0.4,96.92,605.26,2,0
1089.27,0.8,305.68,783.59,4,0
719.9,0.2,200.03,519.87,1,0
1192.31,0.8,378.46,813.85,4,1
563.26,0.0,113.65,449.62,0,0
1352.36,1.0,498.51,853.85,5,1
519.98,0.0,93.05,426.92,0,0
1299.02,1.0,414.92,884.1,5,0
601.86,0.0,144.68,457.18,0,0
661.93,0.4,102.05,559.87,2,1
1336.39,0.6,630.62,705.77,3,0
880.78,0.4,230.14,650.64,2,1
690.07,0.2,132.38,557.69,1,0
559.89,0.0,110.27,449.62,0,0
1386.89,1.0,517.92,868.97,5,1
1117.17,0.4,443.84,673.33,2,1
740.26,0.2,190.14,550.13,1,1
967.96,0.6,262.19,705.77,3,0
706.02,0.2,163.46,542.56,1,0
954.47,0.4,341.65,612.82,2,0
720.76,0.4,92.81,627.95,2,0
790.69,0.2,233.0,557.69,1,1
819.11,0.6,90.65,728.46,3,1
1641.03,1.2,626.16,1014.87,6,1
964.48,0.6,220.89,743.59,3,0
783.3,0.4,155.35,627.95,2,0
1101.15,0.4,442.95,658.21,2,0
720.42,0.2,155.16,565.26,1,1
1144.02,0.6,385.3,758.72,3,1
1180.45,0.6,429.3,751.15,3,1
823.87,0.4,211.05,612.82,2,1
726.51,0.4,136.38,590.13,2,1
623.15,0.0,158.41,464.74,0,0
742.58,0.2,177.32,565.26,1,1
749.04,0.2,191.35,557.69,1,0
445.2,0.0,33.41,411.79,0,1
571.45,0.0,114.27,457.18,0,1
560.88,0.0,96.14,464.74,0,0
522.57,0.0,95.65,426.92,0,1
948.58,0.8,202.81,745.77,4,1
854.91,0.4,196.7,658.21,2,1
1500.82,1.4,461.08,1039.74,7,0
667.75,0.2,125.19,542.56,1,1
811.38,0.4,191.0,620.38,2,1
704.31,0.2,139.05,565.26,1,1
1066.33,0.6,337.86,728.46,3,0
1291.73,1.0,415.19,876.54,5,1
806.18,0.4,208.49,597.69,2,0
716.4,0.2,158.7,557.69,1,1
781.84,0.4,161.46,620.38,2,1
919.88,0.6,161.16,758.72,3,1
747.77,0.2,190.08,557.69,1,1
1685.47,1.0,839.19,846.28,5,0
816.48,0.4,158.27,658.21,2,0
1187.71,0.8,381.43,806.28,4,1
980.62,0.6,237.03,743.59,3,0
539.78,0.0,90.16,449.62,0,0
1368.51,1.0,499.54,868.97,5,0
914.38,0.4,286.43,627.95,2,1
781.52,0.4,153.57,627.95,2,0
1483.02,0.6,799.95,683.08,3,1
1077.85,0.6,372.08,705.77,3,1
779.62,0.4,136.54,643.08,2,1
1424.78,1.0,540.68,884.1,5,1
1042.69,0.6,336.92,705.77,3,0
441.9,0.0,30.11,411.79,0,1
531.35,0.0,96.86,434.49,0,1
756.91,0.4,113.84,643.08,2,1
772.23,0.4,174.54,597.69,2,1
778.07,0.4,180.38,597.69,2,1
996.57,0.8,281.05,715.51,4,1
809.83,0.2,252.14,557.69,1,1
637.86,0.2,140.68,497.18,1,1
1360.15,1.2,473.86,886.28,6,1
557.49,0.0,130.57,426.92,0,1
445.9,0.0,34.11,411.79,0,1
649.05,0.2,114.05,535.0,1,1
504.81,0.0,70.32,434.49,0,1
696.64,0.2,138.95,557.69,1,0
746.71,0.4,118.76,627.95,2,0
701.51,0.4,111.38,590.13,2,1
641.17,0.4,88.86,552.31,2,1
490.49,0.0,56.0,434.49,0,1
1435.3,1.0,566.32,868.97,5,0
1067.12,0.2,494.3,572.82,1,1
971.86,0.6,235.84,736.03,3,0
949.1,0.6,205.51,743.59,3,1
1156.07,1.0,264.41,891.67,5,0
537.62,0.0,88.0,449.62,0,1
447.31,0.0,35.51,411.79,0,0
656.19,0.2,128.76,527.44,1,0
883.97,0.6,200.89,683.08,3,0
712.18,0.2,154.49,557.69,1,1
869.17,0.6,148.27,720.9,3,0
932.77,0.8,187.0,745.77,4,0
556.54,0.0,122.05,434.49,0,1
1005.63,0.6,299.86,705.77,3,0
656.26,0.2,106.14,550.13,1,1
715.98,0.4,103.16,612.82,2,1
786.58,0.2,228.89,557.69,1,0
1223.8,0.6,525.59,698.21,3,0
932.81,0.4,289.73,643.08,2,1
512.06,0.0,92.7,419.36,0,0
593.37,0.0,136.19,457.18,0,1
1339.25,1.0,485.41,853.85,5,1
823.44,0.6,102.54,720.9,3,0
673.75,0.4,83.62,590.13,2,1
487.44,0.0,75.65,411.79,0,1
739.53,0.4,141.84,597.69,2,1
724.77,0.2,167.08,557.69,1,0
1202.1,1.2,270.43,931.67,6,1
768.36,0.4,163.11,605.26,2,0
923.73,0.4,288.22,635.51,2,0
1129.42,1.0,230.19,899.23,5,1
925.95,0.4,298.0,627.95,2,0
562.49,0.0,128.0,434.49,0,0
509.51,0.0,75.03,434.49,0,1
825.16,0.6,149.65,675.51,3,1
731.09,0.2,165.84,565.26,1,0
866.06,0.4,238.11,627.95,2,1
1315.5,0.8,562.16,753.33,4,1
1021.27,0.6,338.19,683.08,3,1
1958.98,1.6,856.54,1102.44,8,0
513.72,0.0,64.11,449.62,0,0
770.92,0.4,135.41,635.51,2,0
1418.22,1.2,456.3,961.92,6,0
937.24,0.4,301.73,635.51,2,0
823.27,0.6,200.7,622.56,3,1
677.35,0.2,134.78,542.56,1,0
888.63,0.6,228.24,660.38,3,1
1017.94,0.2,520.76,497.18,1,1
1163.06,0.6,449.73,713.33,3,1
604.02,0.0,161.97,442.05,0,1
626.55,0.0,214.76,411.79,0,0
871.42,0.2,313.73,557.69,1,0
834.57,0.4,267.14,567.44,2,1
1029.66,0.8,223.38,806.28,4,1
842.9,0.4,222.51,620.38,2,0
701.1,0.2,150.97,550.13,1,0
577.17,0.0,104.86,472.31,0,0
875.65,0.4,255.27,620.38,2,1
1190.82,0.8,429.92,760.9,4,1
804.96,0.2,247.27,557.69,1,1
532.94,0.0,83.32,449.62,0,1
730.67,0.4,132.97,597.69,2,1
707.42,0.4,109.73,597.69,2,1
726.26,0.6,81.0,645.26,3,1
1503.89,0.6,828.38,675.51,3,1
1683.04,1.0,904.84,778.21,5,1
659.52,0.2,132.08,527.44,1,0
1262.56,1.4,290.89,971.67,7,1
799.33,0.2,279.46,519.87,1,1
1041.98,0.8,235.7,806.28,4,0
591.75,0.0,149.7,442.05,0,0
514.12,0.0,94.76,419.36,0,1
1391.03,0.8,562.05,828.97,4,0
737.12,0.2,164.3,572.82,1,1
1053.71,0.8,232.3,821.41,4,0
859.88,0.6,161.68,698.21,3,0
1032.82,0.6,319.49,713.33,3,0
1371.95,0.8,618.62,753.33,4,1
1131.47,0.8,332.76,798.72,4,1
953.75,0.2,456.57,497.18,1,1
649.08,0.2,121.65,527.44,1,1
981.83,0.8,258.76,723.08,4,0
564.05,0.0,129.57,434.49,0,1
1235.43,0.8,398.89,836.54,4,0
565.78,0.0,116.16,449.62,0,0
794.71,0.4,166.76,627.95,2,0
589.7,0.0,140.08,449.62,0,1
1160.42,0.8,369.27,791.15,4,0
1186.1,0.8,394.95,791.15,4,1
923.12,0.6,270.3,652.82,3,1
959.27,0.6,215.68,743.59,3,0
1820.0,1.6,710.0,1110.0,8,0
960.08,0.4,392.65,567.44,2,1
575.12,0.0,110.38,464.74,0,1
1103.19,0.8,327.16,776.03,4,1
560.69,0.0,95.95,464.74,0,1
754.38,0.6,94.0,660.38,3,1
923.62,0.4,295.68,627.95,2,0
823.74,0.6,102.84,720.9,3,1
1119.33,0.6,466.51,652.82,3,1
853.62,0.4,218.11,635.51,2,1
1987.6,1.6,839.78,1147.82,8,0
660.04,0.2,87.22,572.82,1,1
837.0,0.4,201.49,635.51,2,1
1136.3,0.6,400.27,736.03,3,0
657.48,0.2,107.35,550.13,1,1
1229.72,0.6,523.95,705.77,3,0
1005.81,0.6,330.3,675.51,3,0
827.07,0.4,168.86,658.21,2,0
1647.37,0.8,803.27,844.1,4,0
586.69,0.0,121.95,464.74,0,1
793.2,0.4,180.38,612.82,2,0
636.71,0.2,116.84,519.87,1,0
801.79,0.8,93.84,707.95,4,1
1286.24,0.8,502.65,783.59,4,1
545.68,0.0,118.76,426.92,0,1
640.76,0.2,105.76,535.0,1,1
896.12,0.8,97.41,798.72,4,1
519.94,0.0,70.32,449.62,0,1
473.74,0.0,61.95,411.79,0,1
813.34,0.6,183.22,630.13,3,0
1046.42,0.8,300.65,745.77,4,1
705.13,0.2,155.0,550.13,1,0
1467.03,1.4,525.62,941.41,7,1
1080.89,0.6,344.86,736.03,3,1
1718.84,1.4,648.84,1070.0,7,0
609.8,0.0,160.19,449.62,0,1
1127.29,0.6,429.08,698.21,3,1
797.63,0.4,131.86,665.77,2,1
1185.45,0.6,441.86,743.59,3,1
705.82,0.2,140.57,565.26,1,1
722.29,0.2,164.59,557.69,1,0
787.02,0.2,244.46,542.56,1,0
599.0,0.0,164.51,434.49,0,1
831.4,0.4,195.89,635.51,2,0
999.17,0.8,192.89,806.28,4,1
1127.16,0.6,383.57,743.59,3,0
1340.07,0.8,533.78,806.28,4,1
1351.17,1.0,497.32,853.85,5,1
1229.32,1.0,413.3,816.03,5,1
849.44,0.6,128.54,720.9,3,1
658.18,0.2,108.05,550.13,1,0
825.48,0.4,167.27,658.21,2,1
1109.95,0.6,381.49,728.46,3,0
767.1,0.2,209.41,557.69,1,1
795.03,0.4,159.51,635.51,2,0
542.21,0.0,85.03,457.18,0,0
634.7,0.2,92.14,542.56,1,1
682.39,0.4,122.51,559.87,2,1
615.9,0.2,96.03,519.87,1,1
631.44,0.2,111.57,519.87,1,1
518.49,0.0,84.0,434.49,0,1
723.5,0.4,118.24,605.26,2,1
1319.15,1.0,419.92,899.23,5,1
861.72,0.4,195.95,665.77,2,1
841.34,0.2,291.22,550.13,1,1
759.8,0.4,94.03,665.77,2,1
648.19,0.2,120.76,527.44,1,1
650.76,0.2,115.76,535.0,1,1
675.32,0.2,140.32,535.0,1,1
507.4,0.0,50.22,457.18,0,1
471.63,0.0,59.84,411.79,0,1
795.33,0.6,74.43,720.9,3,1
