"Total_Cost","Ratio_Reloc_Prod","Horiz_Cost","Vert_Cost","nReloc","non_Optimal"
223568.15,0.4167,33828.02,189740.22,625,300
541.99,0.0,77.24,464.74,0,1
747.83,0.4,89.62,658.21,2,1
689.86,0.2,94.35,595.51,1,1
638.44,0.2,65.62,572.82,1,1
695.15,0.2,129.89,565.26,1,1
529.85,0.0,65.11,464.74,0,1
708.54,0.4,73.03,635.51,2,1
929.13,0.8,137.97,791.15,4,1
648.9,0.2,136.59,512.31,1,1
790.55,0.4,177.73,612.82,2,1
1143.22,1.2,181.3,961.92,6,1
546.79,0.0,66.92,479.87,0,1
815.93,0.4,142.59,673.33,2,1
906.28,0.8,92.43,813.85,4,1
896.28,0.8,135.38,760.9,4,1
588.72,0.0,123.97,464.74,0,1
512.1,0.0,54.92,457.18,0,1
605.44,0.2,93.14,512.31,1,1
763.61,0.4,165.92,597.69,2,1
630.3,0.2,102.86,527.44,1,1
615.4,0.2,72.84,542.56,1,1
1364.8,1.6,224.54,1140.26,8,1
1094.77,1.0,203.11,891.67,5,1
654.25,0.2,81.43,572.82,1,1
511.72,0.0,62.11,449.62,0,1
735.11,0.4,107.16,627.95,2,1
673.54,0.2,130.97,542.56,1,1
677.63,0.4,64.81,612.82,2,1
635.08,0.2,107.65,527.44,1,1
817.01,0.6,111.24,705.77,3,1
708.8,0.4,103.54,605.26,2,1
709.01,0.4,103.76,605.26,2,1
597.57,0.2,70.14,527.44,1,1
746.25,0.2,173.43,572.82,1,1
649.18,0.2,99.05,550.13,1,1
541.83,0.0,92.22,449.62,0,1
977.78,0.8,186.62,791.15,4,1
640.88,0.2,75.62,565.26,1,1
519.91,0.0,62.73,457.18,0,1
692.96,0.4,80.14,612.82,2,1
567.2,0.0,102.46,464.74,0,1
991.87,1.2,98.03,893.85,6,1
684.56,0.2,142.0,542.56,1,1
557.98,0.2,38.11,519.87,1,1
850.44,0.6,144.68,705.77,3,1
829.22,0.6,153.7,675.51,3,1
766.52,0.4,138.57,627.95,2,1
725.95,0.4,90.43,635.51,2,1
456.47,0.0,37.11,419.36,0,1
636.05,0.2,101.05,535.0,1,1
742.5,0.4,129.68,612.82,2,1
734.9,0.4,122.08,612.82,2,1
658.7,0.2,108.57,550.13,1,1
570.46,0.2,43.03,527.44,1,1
823.07,0.6,124.86,698.21,3,1
828.59,0.6,153.08,675.51,3,1
525.35,0.0,75.73,449.62,0,1
884.93,0.6,118.65,766.28,3,1
680.77,0.4,75.51,605.26,2,1
740.0,0.2,212.57,527.44,1,1
1092.67,1.2,161.0,931.67,6,1
708.95,0.4,73.43,635.51,2,1
598.73,0.2,63.73,535.0,1,1
687.63,0.4,67.24,620.38,2,1
641.52,0.0,169.22,472.31,0,1
713.21,0.6,75.51,637.69,3,1
873.86,0.8,97.84,776.03,4,1
1127.18,1.0,227.95,899.23,5,1
765.0,0.6,97.05,667.95,3,1
471.89,0.0,37.41,434.49,0,1
1045.49,1.0,176.51,868.97,5,1
698.4,0.4,55.32,643.08,2,1
676.58,0.2,103.76,572.82,1,1
798.11,0.4,177.73,620.38,2,1
919.0,0.8,142.97,776.03,4,1
926.39,0.8,127.68,798.72,4,1
880.01,0.6,159.11,720.9,3,1
1011.59,1.0,135.05,876.54,5,1
931.49,0.8,117.65,813.85,4,1
882.95,0.6,169.62,713.33,3,1
779.01,0.6,58.11,720.9,3,1
864.9,0.4,199.14,665.77,2,1
466.6,0.0,32.11,434.49,0,1
955.26,1.0,116.54,838.72,5,1
642.93,0.4,30.11,612.82,2,1
869.52,0.8,101.05,768.46,4,1
1036.52,1.0,175.11,861.41,5,1
552.25,0.0,64.81,487.44,0,1
838.49,0.6,110.03,728.46,3,1
1169.32,1.2,184.7,984.62,6,1
866.15,0.8,127.95,738.21,4,1
630.89,0.2,88.32,542.56,1,1
530.28,0.0,65.54,464.74,0,1
857.5,0.4,191.73,665.77,2,1
557.28,0.0,92.54,464.74,0,1
916.38,0.8,155.49,760.9,4,1
821.58,0.6,108.24,713.33,3,1
707.83,0.2,157.7,550.13,1,1
835.12,0.4,176.92,658.21,2,1
600.71,0.2,80.84,519.87,1,1
754.09,0.2,173.7,580.38,1,1
688.85,0.4,76.03,612.82,2,1
616.05,0.2,65.92,550.13,1,1
883.06,0.6,154.59,728.46,3,1
616.24,0.2,81.24,535.0,1,1
696.85,0.4,84.03,612.82,2,1
1099.6,1.2,145.24,954.36,6,1
855.97,0.6,119.95,736.03,3,1
1049.69,1.0,150.46,899.23,5,1
1009.46,1.0,140.49,868.97,5,1
631.93,0.0,159.62,472.31,0,1
611.22,0.2,76.22,535.0,1,1
747.31,0.6,49.11,698.21,3,1
593.5,0.0,121.19,472.31,0,1
502.38,0.0,60.32,442.05,0,1
708.6,0.4,88.22,620.38,2,1
533.0,0.0,90.95,442.05,0,1
519.32,0.0,69.7,449.62,0,1
718.58,0.4,105.76,612.82,2,1
506.92,0.0,72.43,434.49,0,1
610.74,0.0,146.0,464.74,0,1
817.17,0.4,204.35,612.82,2,1
688.48,0.2,130.78,557.69,1,1
594.32,0.2,59.32,535.0,1,1
984.37,0.8,193.22,791.15,4,1
751.37,0.6,60.73,690.64,3,1
591.37,0.2,48.81,542.56,1,1
746.34,0.2,196.22,550.13,1,1
855.67,0.6,119.65,736.03,3,1
605.8,0.2,48.11,557.69,1,1
495.2,0.0,75.84,419.36,0,1
821.22,0.6,100.32,720.9,3,1
860.97,0.6,124.95,736.03,3,1
722.15,0.4,71.51,650.64,2,1
674.91,0.2,124.78,550.13,1,1
983.29,0.8,192.14,791.15,4,1
585.06,0.2,57.62,527.44,1,1
504.87,0.0,77.95,426.92,0,1
566.64,0.0,109.46,457.18,0,1
953.98,0.8,200.65,753.33,4,1
730.7,0.2,188.14,542.56,1,1
542.83,0.0,93.22,449.62,0,1
632.43,0.2,89.86,542.56,1,1
862.31,0.6,164.11,698.21,3,1
807.94,0.4,157.3,650.64,2,1
478.16,0.0,36.11,442.05,0,1
801.07,0.6,155.81,645.26,3,1
777.83,0.4,134.76,643.08,2,1
797.46,0.4,169.51,627.95,2,1
757.08,0.6,74.0,683.08,3,1
804.87,0.6,91.54,713.33,3,1
929.28,0.8,115.43,813.85,4,1
688.91,0.2,138.78,550.13,1,1
1013.67,1.2,82.0,931.67,6,1
807.21,0.4,156.57,650.64,2,1
905.18,0.6,161.59,743.59,3,1
642.12,0.2,84.43,557.69,1,1
745.55,0.2,172.73,572.82,1,1
595.68,0.0,108.24,487.44,0,1
666.29,0.2,116.16,550.13,1,1
559.18,0.0,94.43,464.74,0,1
643.0,0.4,68.0,575.0,2,1
825.22,0.6,104.32,720.9,3,1
898.09,0.6,177.19,720.9,3,1
705.36,0.4,92.54,612.82,2,1
636.57,0.0,156.7,479.87,0,1
1112.17,1.2,165.38,946.79,6,1
504.59,0.0,62.54,442.05,0,1
904.16,0.6,160.57,743.59,3,1
674.45,0.2,116.76,557.69,1,1
977.13,1.0,145.97,831.15,5,1
655.91,0.2,90.65,565.26,1,1
837.13,0.6,146.49,690.64,3,1
1095.09,1.0,173.16,921.92,5,1
791.85,0.4,133.65,658.21,2,1
615.64,0.2,65.51,550.13,1,1
493.43,0.0,43.81,449.62,0,1
610.51,0.2,75.51,535.0,1,1
815.74,0.4,149.97,665.77,2,1
553.85,0.0,81.54,472.31,0,1
748.62,0.4,105.54,643.08,2,1
801.24,0.6,118.16,683.08,3,1
622.74,0.2,102.86,519.87,1,1
637.1,0.4,39.41,597.69,2,1
723.54,0.4,88.03,635.51,2,1
868.6,0.6,155.27,713.33,3,1
892.04,0.6,178.7,713.33,3,1
954.76,0.8,125.78,828.97,4,1
1116.97,1.2,147.49,969.49,6,1
1140.54,1.2,163.49,977.05,6,1
941.59,0.8,158.0,783.59,4,1
754.02,0.4,110.95,643.08,2,1
824.35,0.6,156.41,667.95,3,1
723.9,0.4,111.08,612.82,2,1
706.11,0.4,85.73,620.38,2,1
976.53,0.8,177.81,798.72,4,1
530.74,0.0,58.43,472.31,0,1
703.96,0.2,138.7,565.26,1,1
722.15,0.2,156.89,565.26,1,1
536.63,0.0,64.32,472.31,0,1
1004.51,1.0,127.97,876.54,5,1
1142.77,1.0,288.92,853.85,5,1
642.18,0.2,92.05,550.13,1,1
989.22,0.8,167.81,821.41,4,1
1095.64,1.0,211.54,884.1,5,1
498.16,0.0,56.11,442.05,0,1
785.97,0.4,142.89,643.08,2,1
1024.04,1.0,170.19,853.85,5,1
710.71,0.2,137.89,572.82,1,1
744.15,0.4,93.51,650.64,2,1
982.72,0.8,184.0,798.72,4,1
732.23,0.4,74.03,658.21,2,1
537.35,0.0,49.92,487.44,0,1
869.05,0.8,93.03,776.03,4,1
650.75,0.2,93.05,557.69,1,1
744.58,0.4,146.89,597.69,2,1
470.75,0.0,28.7,442.05,0,1
790.48,0.6,99.84,690.64,3,1
754.85,0.4,96.65,658.21,2,1
695.16,0.4,67.22,627.95,2,1
906.42,0.8,100.14,806.28,4,1
660.76,0.2,140.89,519.87,1,1
644.07,0.2,93.95,550.13,1,1
679.75,0.2,122.05,557.69,1,1
899.01,0.6,178.11,720.9,3,1
988.62,0.8,152.08,836.54,4,1
1231.34,1.4,191.59,1039.74,7,1
558.73,0.0,63.73,495.0,0,1
762.57,0.4,142.19,620.38,2,1
778.75,0.4,135.68,643.08,2,1
835.26,0.6,84.11,751.15,3,1
513.29,0.0,56.11,457.18,0,1
502.24,0.0,52.62,449.62,0,1
778.09,0.4,112.32,665.77,2,1
603.73,0.2,68.73,535.0,1,1
556.33,0.0,84.03,472.31,0,1
755.41,0.4,127.46,627.95,2,1
730.44,0.4,110.05,620.38,2,1
648.83,0.2,91.14,557.69,1,1
794.56,0.6,96.35,698.21,3,1
693.57,0.4,65.62,627.95,2,1
902.62,0.8,134.16,768.46,4,1
958.52,0.8,144.68,813.85,4,1
712.69,0.2,155.0,557.69,1,1
748.68,0.6,80.73,667.95,3,1
545.98,0.0,58.54,487.44,0,1
615.84,0.2,80.84,535.0,1,1
1057.43,1.0,180.89,876.54,5,1
697.69,0.2,124.86,572.82,1,1
605.87,0.2,78.43,527.44,1,1
1145.17,1.0,223.24,921.92,5,1
651.5,0.2,86.24,565.26,1,1
577.5,0.0,112.76,464.74,0,1
904.84,0.8,136.38,768.46,4,1
1035.43,1.2,126.46,908.97,6,1
612.13,0.2,62.0,550.13,1,1
836.36,0.6,115.46,720.9,3,1
753.3,0.4,125.35,627.95,2,1
584.98,0.0,112.68,472.31,0,1
667.85,0.4,55.03,612.82,2,1
483.56,0.0,41.51,442.05,0,1
637.94,0.2,87.81,550.13,1,1
755.62,0.4,127.68,627.95,2,1
758.86,0.6,68.22,690.64,3,1
738.92,0.4,110.97,627.95,2,1
502.06,0.0,75.14,426.92,0,1
657.0,0.4,74.43,582.56,2,1
460.75,0.0,18.7,442.05,0,1
1107.84,1.4,151.3,956.54,7,1
510.8,0.0,53.62,457.18,0,1
914.51,0.8,123.35,791.15,4,1
789.34,0.6,91.14,698.21,3,1
541.39,0.0,61.51,479.87,0,1
603.54,0.2,76.11,527.44,1,1
826.82,0.6,121.05,705.77,3,1
702.69,0.4,89.86,612.82,2,1
659.77,0.2,86.95,572.82,1,1
726.76,0.4,91.24,635.51,2,1
561.1,0.2,63.92,497.18,1,1
942.57,0.8,174.11,768.46,4,1
507.89,0.0,65.84,442.05,0,1
657.51,0.2,107.38,550.13,1,1
808.42,0.6,102.65,705.77,3,1
736.48,0.4,93.41,643.08,2,1
658.79,0.2,78.41,580.38,1,1
601.41,0.2,81.54,519.87,1,1
648.31,0.4,50.62,597.69,2,1
621.79,0.2,94.35,527.44,1,1
787.21,0.4,136.57,650.64,2,1
819.01,0.6,113.24,705.77,3,1
527.77,0.0,63.03,464.74,0,1
957.36,0.6,236.46,720.9,3,1
1054.96,1.2,183.81,871.15,6,1
954.26,0.8,147.97,806.28,4,1
595.66,0.2,83.35,512.31,1,1
692.32,0.2,142.19,550.13,1,1
654.04,0.2,96.35,557.69,1,1
685.31,0.2,120.05,565.26,1,1
560.1,0.2,62.92,497.18,1,1
480.89,0.0,46.41,434.49,0,1
