"Total_Cost","Ratio_Reloc_Prod","Horiz_Cost","Vert_Cost","nReloc","non_Optimal"
220907.25,0.3967,33516.84,187390.43,595,300
540.69,0.0,75.95,464.74,0,1
747.91,0.4,89.7,658.21,2,1
718.0,0.2,122.49,595.51,1,1
630.44,0.2,57.62,572.82,1,1
704.01,0.2,131.19,572.82,1,1
533.26,0.0,68.51,464.74,0,1
690.57,0.4,62.62,627.95,2,1
934.83,0.8,143.68,791.15,4,1
641.5,0.2,129.19,512.31,1,1
801.11,0.4,180.73,620.38,2,1
1120.53,1.2,181.3,939.23,6,1
518.88,0.0,54.14,464.74,0,1
726.2,0.2,145.81,580.38,1,1
921.36,0.8,99.95,821.41,4,1
897.47,0.8,136.57,760.9,4,1
586.61,0.0,121.86,464.74,0,1
515.69,0.0,58.51,457.18,0,1
585.99,0.2,81.24,504.74,1,1
745.6,0.4,132.78,612.82,2,1
590.95,0.2,63.51,527.44,1,1
621.67,0.2,71.54,550.13,1,1
1259.2,1.4,204.32,1054.87,7,1
1105.04,1.0,205.81,899.23,5,1
676.52,0.2,96.14,580.38,1,1
545.78,0.0,96.16,449.62,0,1
657.96,0.2,100.27,557.69,1,1
646.9,0.2,119.46,527.44,1,1
673.63,0.4,60.81,612.82,2,1
616.52,0.2,96.65,519.87,1,1
810.98,0.6,97.65,713.33,3,1
685.56,0.4,95.43,590.13,2,1
715.69,0.4,102.86,612.82,2,1
587.2,0.2,67.32,519.87,1,1
735.99,0.2,170.73,565.26,1,1
580.47,0.0,108.16,472.31,0,1
523.67,0.0,81.62,442.05,0,1
929.68,0.8,161.22,768.46,4,1
614.72,0.2,57.03,557.69,1,1
505.64,0.0,56.03,449.62,0,1
702.68,0.4,74.73,627.95,2,1
560.09,0.0,95.35,464.74,0,1
1004.44,1.2,103.03,901.41,6,1
684.56,0.2,142.0,542.56,1,1
556.23,0.2,43.92,512.31,1,1
860.17,0.6,139.27,720.9,3,1
984.13,1.0,168.11,816.03,5,1
800.27,0.4,157.19,643.08,2,1
708.68,0.4,80.73,627.95,2,1
451.47,0.0,32.11,419.36,0,1
545.67,0.0,96.05,449.62,0,1
619.72,0.2,114.97,504.74,1,1
617.05,0.2,82.05,535.0,1,1
626.42,0.2,68.73,557.69,1,1
673.25,0.4,60.43,612.82,2,1
790.64,0.6,92.43,698.21,3,1
839.61,0.6,148.97,690.64,3,1
513.59,0.0,71.54,442.05,0,1
868.37,0.6,109.65,758.72,3,1
641.27,0.4,58.7,582.56,2,1
743.71,0.2,216.27,527.44,1,1
1107.5,1.2,160.7,946.79,6,1
544.9,0.0,65.03,479.87,0,1
539.26,0.0,74.51,464.74,0,1
690.33,0.4,69.95,620.38,2,1
708.48,0.2,165.92,542.56,1,1
710.5,0.6,72.81,637.69,3,1
879.27,0.8,103.24,776.03,4,1
899.89,0.6,156.3,743.59,3,1
648.92,0.2,121.49,527.44,1,1
491.97,0.0,49.92,442.05,0,1
1088.27,1.2,179.3,908.97,6,1
626.14,0.2,53.32,572.82,1,1
681.58,0.2,108.76,572.82,1,1
768.09,0.4,162.84,605.26,2,1
756.92,0.4,128.97,627.95,2,1
975.98,0.8,154.57,821.41,4,1
867.19,0.6,146.3,720.9,3,1
1108.24,1.2,138.76,969.49,6,1
741.16,0.4,105.65,635.51,2,1
894.85,0.6,196.65,698.21,3,1
867.09,0.8,60.81,806.28,4,1
830.23,0.4,172.03,658.21,2,1
597.08,0.2,54.51,542.56,1,1
890.35,0.8,106.76,783.59,4,1
678.06,0.4,50.11,627.95,2,1
757.7,0.4,107.05,650.64,2,1
1084.64,1.2,152.97,931.67,6,1
522.23,0.0,49.92,472.31,0,1
746.59,0.4,95.95,650.64,2,1
1212.88,1.4,180.7,1032.18,7,1
707.48,0.4,117.35,590.13,2,1
688.71,0.4,68.32,620.38,2,1
511.99,0.0,54.81,457.18,0,1
857.04,0.4,198.84,658.21,2,1
557.99,0.0,93.24,464.74,0,1
937.25,0.8,168.78,768.46,4,1
698.68,0.4,70.73,627.95,2,1
653.97,0.2,118.97,535.0,1,1
721.95,0.2,141.57,580.38,1,1
630.27,0.2,102.84,527.44,1,1
667.13,0.2,124.57,542.56,1,1
683.96,0.4,71.14,612.82,2,1
678.74,0.4,65.92,612.82,2,1
862.37,0.6,171.73,690.64,3,1
498.22,0.0,63.73,434.49,0,1
682.58,0.4,77.32,605.26,2,1
878.64,0.6,135.05,743.59,3,1
905.8,0.8,114.65,791.15,4,1
1152.65,1.4,143.16,1009.49,7,1
1300.27,1.8,150.27,1150.0,9,1
740.07,0.2,174.81,565.26,1,1
627.36,0.2,62.11,565.26,1,1
665.74,0.4,52.92,612.82,2,1
649.38,0.2,114.38,535.0,1,1
517.29,0.0,75.24,442.05,0,1
516.59,0.0,74.54,442.05,0,1
454.17,0.0,34.81,419.36,0,1
631.69,0.2,74.0,557.69,1,1
688.28,0.2,115.46,572.82,1,1
564.43,0.0,122.38,442.05,0,1
677.67,0.2,119.97,557.69,1,1
834.13,0.6,143.49,690.64,3,1
682.88,0.2,125.19,557.69,1,1
650.72,0.4,53.03,597.69,2,1
767.84,0.4,139.89,627.95,2,1
649.18,0.4,43.92,605.26,2,1
483.75,0.0,41.7,442.05,0,1
682.87,0.0,195.43,487.44,0,1
746.79,0.4,118.84,627.95,2,1
524.55,0.0,59.81,464.74,0,1
601.66,0.2,89.35,512.31,1,1
860.02,0.6,116.43,743.59,3,1
893.78,0.8,117.76,776.03,4,1
593.67,0.2,51.11,542.56,1,1
764.15,0.4,105.95,658.21,2,1
936.37,0.6,185.22,751.15,3,1
585.65,0.2,58.22,527.44,1,1
523.09,0.0,96.16,426.92,0,1
721.5,0.2,163.81,557.69,1,1
1137.64,1.0,245.97,891.67,5,1
698.82,0.2,178.95,519.87,1,1
573.66,0.0,101.35,472.31,0,1
611.59,0.2,69.03,542.56,1,1
815.56,0.4,164.92,650.64,2,1
730.26,0.2,165.0,565.26,1,1
500.22,0.0,65.73,434.49,0,1
866.63,0.8,120.86,745.77,4,1
843.14,0.6,122.24,720.9,3,1
652.27,0.2,117.27,535.0,1,1
733.43,0.4,90.35,643.08,2,1
543.88,0.0,79.14,464.74,0,1
1032.92,1.0,171.51,861.41,5,1
793.86,0.4,150.78,643.08,2,1
876.5,0.8,70.22,806.28,4,1
804.18,0.4,145.97,658.21,2,1
704.34,0.2,154.22,550.13,1,1
619.34,0.2,69.22,550.13,1,1
649.73,0.2,122.3,527.44,1,1
514.58,0.0,57.41,457.18,0,1
860.08,0.6,124.05,736.03,3,1
671.69,0.2,106.43,565.26,1,1
732.32,0.4,96.81,635.51,2,1
868.16,0.8,92.14,776.03,4,1
1007.23,0.8,208.51,798.72,4,1
743.81,0.4,100.73,643.08,2,1
566.29,0.0,116.68,449.62,0,1
1101.59,1.2,169.92,931.67,6,1
627.67,0.2,77.54,550.13,1,1
780.64,0.4,122.43,658.21,2,1
710.85,0.2,145.59,565.26,1,1
766.34,0.4,161.08,605.26,2,1
745.07,0.4,94.43,650.64,2,1
671.47,0.2,151.59,519.87,1,1
1123.93,1.2,169.57,954.36,6,1
797.26,0.4,139.05,658.21,2,1
552.2,0.0,72.32,479.87,0,1
448.06,0.0,28.7,419.36,0,1
540.61,0.0,83.43,457.18,0,1
995.98,1.0,142.14,853.85,5,1
545.1,0.2,47.92,497.18,1,1
644.31,0.2,86.62,557.69,1,1
790.39,0.4,132.19,658.21,2,1
658.62,0.2,116.05,542.56,1,1
643.52,0.4,30.7,612.82,2,1
792.53,0.2,227.27,565.26,1,1
948.7,0.6,220.24,728.46,3,1
1115.36,1.2,213.95,901.41,6,1
924.18,0.8,140.59,783.59,4,1
784.36,0.6,71.03,713.33,3,1
946.23,0.8,147.51,798.72,4,1
971.83,0.8,173.11,798.72,4,1
771.38,0.4,135.86,635.51,2,1
919.21,0.6,175.62,743.59,3,1
629.02,0.2,71.32,557.69,1,1
684.55,0.4,71.73,612.82,2,1
1133.76,1.2,179.41,954.36,6,1
624.56,0.2,74.43,550.13,1,1
591.45,0.0,126.7,464.74,0,1
750.26,0.2,185.0,565.26,1,1
601.89,0.2,59.32,542.56,1,1
700.87,0.4,88.05,612.82,2,1
1094.57,0.8,333.68,760.9,4,1
650.09,0.2,84.84,565.26,1,1
679.53,0.2,114.27,565.26,1,1
1006.4,0.8,230.38,776.03,4,1
552.85,0.0,80.54,472.31,0,1
933.15,0.8,142.0,791.15,4,1
870.69,0.6,164.92,705.77,3,1
505.5,0.0,48.32,457.18,0,1
687.82,0.4,67.43,620.38,2,1
794.03,0.4,158.51,635.51,2,1
831.86,0.6,95.84,736.03,3,1
523.63,0.0,51.32,472.31,0,1
911.17,0.6,197.84,713.33,3,1
574.95,0.0,79.95,495.0,0,1
961.22,0.6,232.76,728.46,3,1
470.75,0.0,28.7,442.05,0,1
717.91,0.4,74.84,643.08,2,1
654.42,0.2,89.16,565.26,1,1
659.74,0.4,46.92,612.82,2,1
858.84,0.6,130.38,728.46,3,1
714.55,0.2,149.3,565.26,1,1
816.66,0.6,118.46,698.21,3,1
605.29,0.0,148.11,457.18,0,1
875.43,0.6,146.97,728.46,3,1
656.94,0.2,114.38,542.56,1,1
1051.57,1.0,182.59,868.97,5,1
573.36,0.0,101.05,472.31,0,1
787.42,0.4,136.78,650.64,2,1
803.56,0.4,160.49,643.08,2,1
632.1,0.2,89.54,542.56,1,1
514.45,0.0,49.7,464.74,0,1
461.36,0.0,42.0,419.36,0,1
686.72,0.2,121.46,565.26,1,1
703.62,0.4,68.11,635.51,2,1
764.39,0.4,98.62,665.77,2,1
919.05,0.8,135.46,783.59,4,1
1028.3,1.0,166.89,861.41,5,1
668.66,0.2,95.84,572.82,1,1
719.0,0.4,91.05,627.95,2,1
541.66,0.2,36.92,504.74,1,1
736.16,0.4,100.65,635.51,2,1
896.7,0.8,120.68,776.03,4,1
732.43,0.4,96.92,635.51,2,1
691.76,0.4,63.81,627.95,2,1
509.35,0.0,59.73,449.62,0,1
712.16,0.2,162.03,550.13,1,1
1182.87,1.2,220.95,961.92,6,1
701.3,0.2,113.35,587.95,1,1
665.25,0.2,92.43,572.82,1,1
984.42,0.8,178.14,806.28,4,1
618.48,0.2,75.92,542.56,1,1
558.74,0.0,86.43,472.31,0,1
909.31,0.8,103.03,806.28,4,1
925.23,0.8,118.95,806.28,4,1
534.01,0.0,61.7,472.31,0,1
948.82,1.0,102.54,846.28,5,1
951.57,0.8,130.16,821.41,4,1
764.77,0.4,91.43,673.33,2,1
730.62,0.6,55.11,675.51,3,1
452.87,0.0,33.51,419.36,0,1
539.13,0.0,81.95,457.18,0,1
951.08,0.8,167.49,783.59,4,1
774.08,0.6,98.57,675.51,3,1
834.76,0.6,113.86,720.9,3,1
697.23,0.4,99.54,597.69,2,1
733.99,0.4,68.22,665.77,2,1
554.2,0.0,74.32,479.87,0,1
1107.42,1.2,168.19,939.23,6,1
538.52,0.0,66.22,472.31,0,1
786.08,0.6,110.57,675.51,3,1
749.54,0.4,106.46,643.08,2,1
670.31,0.2,105.05,565.26,1,1
680.72,0.2,115.46,565.26,1,1
757.35,0.4,114.27,643.08,2,1
553.02,0.0,110.97,442.05,0,1
632.47,0.2,67.22,565.26,1,1
639.46,0.2,104.46,535.0,1,1
745.25,0.4,124.86,620.38,2,1
1011.82,0.8,190.41,821.41,4,1
520.7,0.0,78.65,442.05,0,1
685.8,0.2,135.68,550.13,1,1
794.1,0.6,103.46,690.64,3,1
718.54,0.4,83.03,635.51,2,1
726.38,0.6,58.43,667.95,3,1
534.61,0.0,77.43,457.18,0,1
553.18,0.2,48.43,504.74,1,1
766.49,0.4,130.97,635.51,2,1
886.37,0.8,95.22,791.15,4,1
547.99,0.0,83.24,464.74,0,1
663.96,0.2,91.14,572.82,1,1
1188.76,1.4,194.41,994.36,7,1
948.75,0.8,225.68,723.08,4,1
953.71,0.8,139.86,813.85,4,1
504.8,0.0,47.62,457.18,0,1
633.6,0.2,106.16,527.44,1,1
768.2,0.4,102.43,665.77,2,1
592.01,0.2,72.14,519.87,1,1
527.16,0.0,77.54,449.62,0,1
716.11,0.4,95.73,620.38,2,1
