"Total_Cost","Ratio_Reloc_Prod","Horiz_Cost","Vert_Cost","nReloc","non_Optimal"
218647.27,0.4,31684.65,186962.51,600,300
540.69,0.0,75.95,464.74,0,1
747.91,0.4,89.7,658.21,2,1
718.0,0.2,122.49,595.51,1,1
619.63,0.2,46.81,572.82,1,1
717.52,0.2,144.7,572.82,1,1
534.55,0.0,69.81,464.74,0,1
676.41,0.4,56.03,620.38,2,1
925.13,0.8,133.97,791.15,4,1
646.9,0.2,134.59,512.31,1,1
801.11,0.4,180.73,620.38,2,1
1128.09,1.2,181.3,946.79,6,1
520.47,0.0,55.73,464.74,0,1
729.65,0.2,141.7,587.95,1,1
895.17,0.8,81.32,813.85,4,1
873.14,0.8,112.24,760.9,4,1
566.33,0.0,94.03,472.31,0,1
552.99,0.0,88.24,464.74,0,1
590.58,0.2,85.84,504.74,1,1
692.91,0.4,87.65,605.26,2,1
632.0,0.2,104.57,527.44,1,1
621.67,0.2,71.54,550.13,1,1
1232.8,1.4,200.62,1032.18,7,1
1116.9,1.0,210.11,906.79,5,1
676.52,0.2,96.14,580.38,1,1
539.07,0.0,89.46,449.62,0,1
772.73,0.6,89.65,683.08,3,1
646.9,0.2,119.46,527.44,1,1
673.63,0.4,60.81,612.82,2,1
616.52,0.2,96.65,519.87,1,1
810.98,0.6,97.65,713.33,3,1
685.56,0.4,95.43,590.13,2,1
717.69,0.4,104.86,612.82,2,1
587.2,0.2,67.32,519.87,1,1
651.24,0.2,108.68,542.56,1,1
539.33,0.0,67.03,472.31,0,1
522.43,0.0,72.81,449.62,0,1
949.94,0.8,158.78,791.15,4,1
591.64,0.2,41.51,550.13,1,1
525.21,0.0,68.03,457.18,0,1
664.99,0.4,59.73,605.26,2,1
554.09,0.0,89.35,464.74,0,1
1018.7,1.2,109.73,908.97,6,1
688.56,0.2,146.0,542.56,1,1
550.12,0.2,37.81,512.31,1,1
868.28,0.6,147.38,720.9,3,1
942.14,1.0,133.68,808.46,5,1
765.43,0.4,122.35,643.08,2,1
693.22,0.4,72.84,620.38,2,1
484.75,0.0,42.7,442.05,0,1
538.26,0.0,88.65,449.62,0,1
619.72,0.2,114.97,504.74,1,1
638.88,0.2,88.76,550.13,1,1
697.11,0.4,76.73,620.38,2,1
585.59,0.2,43.03,542.56,1,1
802.9,0.6,97.14,705.77,3,1
830.75,0.6,147.68,683.08,3,1
521.48,0.0,79.43,442.05,0,1
761.15,0.4,102.95,658.21,2,1
620.7,0.4,45.7,575.0,2,1
751.27,0.2,216.27,535.0,1,1
949.72,0.8,151.0,798.72,4,1
640.8,0.2,75.54,565.26,1,1
537.37,0.0,72.62,464.74,0,1
709.46,0.4,73.95,635.51,2,1
711.78,0.2,169.22,542.56,1,1
653.37,0.4,70.81,582.56,2,1
873.86,0.8,97.84,776.03,4,1
899.89,0.6,156.3,743.59,3,1
827.98,0.6,114.65,713.33,3,1
492.27,0.0,50.22,442.05,0,1
1106.1,1.2,182.0,924.1,6,1
707.97,0.4,57.32,650.64,2,1
767.1,0.4,116.46,650.64,2,1
707.91,0.4,117.78,590.13,2,1
905.72,0.6,199.95,705.77,3,1
1000.87,1.0,139.46,861.41,5,1
833.06,0.6,112.16,720.9,3,1
1110.95,1.2,141.46,969.49,6,1
863.08,0.6,127.05,736.03,3,1
903.79,0.6,175.32,728.46,3,1
867.09,0.8,60.81,806.28,4,1
933.32,0.6,189.73,743.59,3,1
459.03,0.0,32.11,426.92,0,1
884.13,0.8,100.54,783.59,4,1
642.93,0.4,30.11,612.82,2,1
891.49,0.8,115.46,776.03,4,1
1111.93,1.2,157.57,954.36,6,1
535.93,0.0,63.62,472.31,0,1
633.72,0.2,76.03,557.69,1,1
1236.09,1.4,181.22,1054.87,7,1
775.63,0.6,115.24,660.38,3,1
773.02,0.6,74.81,698.21,3,1
487.86,0.0,45.81,442.05,0,1
856.75,0.4,198.54,658.21,2,1
554.69,0.0,89.95,464.74,0,1
882.79,0.8,129.46,753.33,4,1
833.65,0.6,112.76,720.9,3,1
753.47,0.4,133.08,620.38,2,1
705.09,0.2,132.27,572.82,1,1
623.52,0.2,103.65,519.87,1,1
673.91,0.2,123.78,550.13,1,1
682.96,0.4,70.14,612.82,2,1
690.3,0.4,69.92,620.38,2,1
754.24,0.4,111.16,643.08,2,1
508.08,0.0,66.03,442.05,0,1
682.58,0.4,77.32,605.26,2,1
971.78,0.8,135.24,836.54,4,1
911.76,1.0,95.73,816.03,5,1
1070.69,1.2,131.46,939.23,6,1
1012.83,1.0,121.16,891.67,5,1
772.77,0.4,167.51,605.26,2,1
506.83,0.0,57.22,449.62,0,1
600.21,0.2,42.51,557.69,1,1
689.83,0.2,139.7,550.13,1,1
525.88,0.0,68.7,457.18,0,1
641.71,0.2,114.27,527.44,1,1
459.58,0.0,40.22,419.36,0,1
779.76,0.6,104.24,675.51,3,1
632.65,0.2,97.65,535.0,1,1
519.08,0.0,77.03,442.05,0,1
693.07,0.2,135.38,557.69,1,1
714.93,0.4,94.54,620.38,2,1
765.64,0.4,122.57,643.08,2,1
666.94,0.4,69.24,597.69,2,1
854.36,0.6,148.59,705.77,3,1
605.91,0.2,48.22,557.69,1,1
618.42,0.2,60.73,557.69,1,1
821.63,0.4,155.86,665.77,2,1
751.86,0.4,116.35,635.51,2,1
523.99,0.0,66.81,457.18,0,1
531.89,0.0,89.84,442.05,0,1
824.74,0.6,103.84,720.9,3,1
736.51,0.4,93.43,643.08,2,1
581.81,0.2,46.81,535.0,1,1
671.36,0.2,98.54,572.82,1,1
909.99,0.6,151.27,758.72,3,1
603.12,0.2,83.24,519.87,1,1
692.99,0.4,87.73,605.26,2,1
526.05,0.0,76.43,449.62,0,1
1026.15,0.8,219.86,806.28,4,1
698.82,0.2,178.95,519.87,1,1
644.67,0.2,94.54,550.13,1,1
634.51,0.2,91.95,542.56,1,1
795.49,0.6,119.97,675.51,3,1
852.5,0.6,139.16,713.33,3,1
481.56,0.0,39.51,442.05,0,1
734.74,0.4,129.49,605.26,2,1
699.66,0.4,86.84,612.82,2,1
715.72,0.4,110.46,605.26,2,1
564.99,0.0,100.24,464.74,0,1
524.21,0.0,67.03,457.18,0,1
1030.2,1.0,130.97,899.23,5,1
892.52,0.6,171.62,720.9,3,1
950.79,1.0,81.81,868.97,5,1
801.02,0.4,150.38,650.64,2,1
900.91,0.8,109.76,791.15,4,1
662.64,0.2,104.95,557.69,1,1
719.72,0.4,129.59,590.13,2,1
515.29,0.0,58.11,457.18,0,1
727.65,0.4,92.14,635.51,2,1
538.12,0.0,65.81,472.31,0,1
639.69,0.4,42.0,597.69,2,1
811.82,0.6,90.92,720.9,3,1
1119.65,1.2,203.11,916.54,6,1
918.56,0.8,119.84,798.72,4,1
561.58,0.0,96.84,464.74,0,1
816.19,0.4,173.11,643.08,2,1
556.31,0.2,44.0,512.31,1,1
694.41,0.2,114.03,580.38,1,1
622.31,0.2,64.62,557.69,1,1
787.09,0.6,134.27,652.82,3,1
663.36,0.2,90.54,572.82,1,1
876.1,0.6,193.03,683.08,3,1
774.74,0.6,114.35,660.38,3,1
775.24,0.4,132.16,643.08,2,1
635.86,0.2,85.73,550.13,1,1
476.75,0.0,34.7,442.05,0,1
622.57,0.2,95.14,527.44,1,1
770.38,0.6,102.43,667.95,3,1
520.31,0.0,63.14,457.18,0,1
657.94,0.2,100.24,557.69,1,1
785.83,0.4,135.19,650.64,2,1
771.18,0.6,80.54,690.64,3,1
665.14,0.4,52.32,612.82,2,1
656.57,0.2,136.7,519.87,1,1
939.69,0.8,140.97,798.72,4,1
1059.06,1.0,205.22,853.85,5,1
1050.51,1.2,133.97,916.54,6,1
823.0,0.6,94.54,728.46,3,1
902.3,0.8,141.41,760.9,4,1
1013.79,0.8,184.81,828.97,4,1
690.28,0.2,117.46,572.82,1,1
972.14,0.8,158.3,813.85,4,1
590.9,0.0,103.46,487.44,0,1
536.52,0.0,64.22,472.31,0,1
646.41,0.2,118.97,527.44,1,1
463.89,0.0,29.41,434.49,0,1
737.36,0.4,116.97,620.38,2,1
822.13,0.4,186.62,635.51,2,1
596.3,0.2,76.43,519.87,1,1
696.17,0.4,83.35,612.82,2,1
1218.92,1.0,342.38,876.54,5,1
660.25,0.2,87.43,572.82,1,1
926.13,0.8,134.97,791.15,4,1
1162.43,1.2,245.89,916.54,6,1
555.85,0.0,83.54,472.31,0,1
784.8,0.4,126.59,658.21,2,1
688.85,0.2,123.59,565.26,1,1
653.83,0.2,96.14,557.69,1,1
710.03,0.4,74.51,635.51,2,1
822.64,0.4,172.0,650.64,2,1
833.91,0.6,90.32,743.59,3,1
513.93,0.0,41.62,472.31,0,1
928.36,0.8,122.08,806.28,4,1
477.36,0.0,50.43,426.92,0,1
841.69,0.6,143.49,698.21,3,1
514.8,0.0,57.62,457.18,0,1
790.06,0.6,76.73,713.33,3,1
611.24,0.2,76.24,535.0,1,1
708.13,0.4,72.62,635.51,2,1
767.03,0.4,139.08,627.95,2,1
566.56,0.0,109.38,457.18,0,1
665.05,0.4,90.05,575.0,2,1
740.06,0.4,119.68,620.38,2,1
875.86,0.6,132.27,743.59,3,1
871.08,0.6,135.05,736.03,3,1
1003.44,0.8,189.59,813.85,4,1
686.14,0.2,105.76,580.38,1,1
851.92,0.6,123.46,728.46,3,1
828.32,0.4,185.24,643.08,2,1
660.25,0.2,87.43,572.82,1,1
581.87,0.0,94.43,487.44,0,1
461.63,0.0,34.7,426.92,0,1
792.18,0.4,133.97,658.21,2,1
693.95,0.4,66.0,627.95,2,1
526.37,0.0,61.62,464.74,0,1
646.59,0.2,96.46,550.13,1,1
1084.21,1.2,160.11,924.1,6,1
630.67,0.2,80.54,550.13,1,1
755.94,0.4,112.86,643.08,2,1
728.75,0.6,38.11,690.64,3,1
728.89,0.4,100.95,627.95,2,1
739.6,0.4,111.65,627.95,2,1
670.39,0.2,105.14,565.26,1,1
726.32,0.4,90.81,635.51,2,1
504.05,0.0,62.0,442.05,0,1
770.99,0.6,65.22,705.77,3,1
959.07,0.8,167.92,791.15,4,1
535.44,0.0,63.14,472.31,0,1
512.55,0.0,47.81,464.74,0,1
1090.21,1.0,198.54,891.67,5,1
675.14,0.4,62.32,612.82,2,1
501.67,0.0,59.62,442.05,0,1
1024.14,1.0,155.16,868.97,5,1
911.82,0.8,105.54,806.28,4,1
570.3,0.0,90.43,479.87,0,1
878.82,0.8,125.49,753.33,4,1
745.86,0.4,110.35,635.51,2,1
682.92,0.4,47.41,635.51,2,1
588.32,0.2,53.32,535.0,1,1
470.33,0.0,43.41,426.92,0,1
549.32,0.0,107.27,442.05,0,1
778.33,0.4,150.38,627.95,2,1
814.48,0.6,116.27,698.21,3,1
870.31,0.8,116.97,753.33,4,1
527.95,0.0,93.46,434.49,0,1
792.88,0.6,102.24,690.64,3,1
593.17,0.2,65.73,527.44,1,1
1251.39,1.4,196.51,1054.87,7,1
564.15,0.0,91.84,472.31,0,1
974.26,1.0,127.97,846.28,5,1
745.64,0.4,87.43,658.21,2,1
665.39,0.2,100.14,565.26,1,1
672.96,0.2,100.14,572.82,1,1
678.64,0.4,80.95,597.69,2,1
691.41,0.4,71.03,620.38,2,1
591.67,0.2,49.11,542.56,1,1
533.72,0.0,76.54,457.18,0,1
547.48,0.0,97.86,449.62,0,1
714.73,0.2,179.73,535.0,1,1
509.62,0.0,60.0,449.62,0,1
820.09,0.6,159.7,660.38,3,1
1041.18,1.2,101.95,939.23,6,1
670.71,0.2,90.32,580.38,1,1
708.51,0.4,73.0,635.51,2,1
471.84,0.0,44.92,426.92,0,1
609.49,0.4,49.62,559.87,2,1
706.93,0.4,86.54,620.38,2,1
840.74,0.6,119.84,720.9,3,1
740.11,0.6,79.73,660.38,3,1
543.18,0.2,46.0,497.18,1,1
807.75,0.4,210.05,597.69,2,1
908.24,0.6,225.16,683.08,3,1
1059.55,1.0,152.76,906.79,5,1
660.61,0.4,62.92,597.69,2,1
672.32,0.4,89.76,582.56,2,1
615.49,0.2,88.05,527.44,1,1
529.51,0.0,87.46,442.05,0,1
525.59,0.0,83.54,442.05,0,1
695.06,0.4,82.24,612.82,2,1
