"Total_Cost","Ratio_Reloc_Prod","Horiz_Cost","Vert_Cost","nReloc","non_Optimal"
225949.78,0.4727,32751.4,193198.51,709,150
1538.21,0.5,151.54,1386.67,5,1
1396.51,0.3,165.49,1231.03,3,1
1503.81,0.5,139.84,1363.97,5,1
1761.97,0.7,249.92,1512.05,7,1
1194.46,0.2,132.03,1062.44,2,1
1818.15,0.7,283.41,1534.74,7,1
1507.85,0.4,214.14,1293.72,4,1
1484.4,0.3,298.76,1185.64,3,1
1108.86,0.1,124.24,984.62,1,1
1829.7,0.8,277.65,1552.05,8,1
1745.72,0.6,326.62,1419.1,6,1
1750.07,0.7,268.27,1481.79,7,1
1096.29,0.1,104.11,992.18,1,1
1272.36,0.3,177.49,1094.87,3,1
1291.58,0.3,143.76,1147.82,3,1
1032.28,0.0,133.05,899.23,0,1
1321.58,0.4,141.32,1180.26,4,1
1351.76,0.3,188.81,1162.95,3,1
1869.79,0.8,272.35,1597.44,8,1
1579.44,0.5,230.59,1348.85,5,1
1372.34,0.3,171.57,1200.77,3,1
1339.95,0.4,129.43,1210.51,4,1
1542.91,0.6,184.32,1358.59,6,1
1942.79,0.9,252.41,1690.38,9,1
1418.21,0.4,192.57,1225.64,4,1
1644.92,0.5,280.95,1363.97,5,1
1571.06,0.5,222.22,1348.85,5,1
1347.46,0.4,136.95,1210.51,4,1
1485.82,0.5,197.49,1288.33,5,1
1363.7,0.3,193.19,1170.51,3,1
1349.09,0.3,193.7,1155.38,3,1
1239.61,0.1,239.86,999.74,1,1
1880.67,0.9,281.05,1599.62,9,1
1438.82,0.4,198.05,1240.77,4,1
1881.97,0.9,289.92,1592.05,9,1
1641.58,0.7,220.3,1421.28,7,1
1831.77,0.8,257.03,1574.74,8,1
1472.87,0.4,330.43,1142.44,4,1
1431.64,0.5,173.57,1258.08,5,1
1360.62,0.4,157.68,1202.95,4,1
1404.27,0.4,186.19,1218.08,4,1
1760.18,0.7,285.95,1474.23,7,1
1387.87,0.4,192.49,1195.38,4,1
1169.47,0.2,129.73,1039.74,2,1
1322.82,0.3,182.57,1140.26,3,1
1315.28,0.4,135.03,1180.26,4,1
1242.45,0.3,109.76,1132.69,3,1
1640.09,0.7,218.81,1421.28,7,1
1954.39,0.7,480.16,1474.23,7,1
1265.72,0.2,165.46,1100.26,2,1
1533.47,0.6,159.76,1373.72,6,1
1132.93,0.2,138.57,994.36,2,1
1139.58,0.1,139.84,999.74,1,1
1040.48,0.0,163.95,876.54,0,1
1444.81,0.4,226.73,1218.08,4,1
1465.59,0.4,247.51,1218.08,4,1
1863.55,0.9,301.76,1561.79,9,1
1827.74,0.8,253.0,1574.74,8,1
1534.4,0.5,215.81,1318.59,5,1
1664.53,0.8,165.43,1499.1,8,1
1832.67,0.8,341.14,1491.54,8,1
1668.21,0.7,209.11,1459.1,7,1
1194.22,0.1,171.78,1022.44,1,1
1847.79,0.7,358.43,1489.36,7,1
1481.19,0.5,223.11,1258.08,5,1
1509.97,0.5,191.38,1318.59,5,1
1975.38,0.7,463.32,1512.05,7,1
2027.48,1.0,319.78,1707.69,10,1
1598.98,0.5,250.14,1348.85,5,1
1393.21,0.4,167.57,1225.64,4,1
1518.32,0.5,192.16,1326.15,5,1
1417.72,0.4,192.08,1225.64,4,1
1529.29,0.5,263.65,1265.64,5,1
1636.31,0.5,302.59,1333.72,5,1
1829.95,0.9,200.08,1629.87,9,1
1656.53,0.5,375.76,1280.77,5,1
1252.42,0.2,205.11,1047.31,2,1
1504.39,0.5,223.62,1280.77,5,1
1578.32,0.6,227.3,1351.03,6,1
1748.85,0.7,274.62,1474.23,7,1
1329.23,0.3,181.41,1147.82,3,1
1150.86,0.1,158.68,992.18,1,1
1607.47,0.7,193.76,1413.72,7,1
1925.2,0.9,302.89,1622.31,9,1
1379.0,0.3,200.92,1178.08,3,1
1348.23,0.2,255.54,1092.69,2,1
1565.74,0.5,232.03,1333.72,5,1
1410.44,0.5,122.11,1288.33,5,1
1349.55,0.3,201.73,1147.82,3,1
1199.07,0.1,199.32,999.74,1,1
1126.02,0.1,133.84,992.18,1,1
1816.6,0.8,234.3,1582.31,8,1
1267.85,0.2,175.16,1092.69,2,1
1566.3,0.4,295.27,1271.03,4,1
1546.77,0.5,205.49,1341.28,5,1
1445.51,0.3,267.43,1178.08,3,1
1969.13,0.9,361.95,1607.18,9,1
1275.54,0.2,258.49,1017.05,2,1
1119.16,0.1,134.54,984.62,1,1
1466.31,0.5,177.97,1288.33,5,1
1757.13,0.8,189.95,1567.18,8,1
1624.5,0.6,243.22,1381.28,6,1
1553.05,0.6,194.46,1358.59,6,1
1529.06,0.5,225.59,1303.46,5,1
1450.41,0.5,146.95,1303.46,5,1
1605.11,0.6,201.14,1403.97,6,1
1936.58,0.9,261.32,1675.26,9,1
1697.14,0.7,207.78,1489.36,7,1
1489.48,0.5,223.84,1265.64,5,1
1579.49,0.5,276.03,1303.46,5,1
1824.04,0.8,249.3,1574.74,8,1
2112.88,1.0,344.68,1768.21,10,1
1311.58,0.3,163.76,1147.82,3,1
1259.82,0.1,260.08,999.74,1,1
1458.43,0.4,240.35,1218.08,4,1
1711.04,0.7,236.81,1474.23,7,1
1363.54,0.3,200.59,1162.95,3,1
1425.83,0.3,232.62,1193.21,3,1
1565.28,0.6,184.0,1381.28,6,1
1463.41,0.4,207.51,1255.9,4,1
1421.08,0.3,243.0,1178.08,3,1
1192.06,0.2,144.76,1047.31,2,1
1502.28,0.5,206.38,1295.9,5,1
1458.61,0.5,185.41,1273.21,5,1
1938.94,0.8,311.24,1627.69,8,1
1805.52,0.6,303.22,1502.31,6,1
1406.56,0.5,140.92,1265.64,5,1
1044.9,0.1,90.54,954.36,1,1
1516.32,0.5,190.16,1326.15,5,1
1492.48,0.4,213.89,1278.59,4,1
1312.36,0.2,212.11,1100.26,2,1
1181.29,0.2,156.68,1024.62,2,1
1725.65,0.5,369.24,1356.41,5,1
1427.0,0.6,144.05,1282.95,6,1
1360.82,0.3,213.0,1147.82,3,1
1590.51,0.4,319.49,1271.03,4,1
1184.51,0.1,215.03,969.49,1,1
1691.16,0.7,239.62,1451.54,7,1
1536.16,0.6,177.57,1358.59,6,1
1466.66,0.5,185.89,1280.77,5,1
1435.43,0.4,171.97,1263.46,4,1
1358.66,0.4,178.41,1180.26,4,1
1543.08,0.5,239.62,1303.46,5,1
1107.13,0.1,122.51,984.62,1,1
1333.03,0.3,170.08,1162.95,3,1
1481.72,0.5,208.51,1273.21,5,1
1791.78,0.8,239.73,1552.05,8,1
1453.51,0.4,235.43,1218.08,4,1
1474.37,0.3,281.16,1193.21,3,1
1811.01,0.8,281.65,1529.36,8,1
