"Total_Cost","Ratio_Reloc_Prod","Horiz_Cost","Vert_Cost","nReloc","non_Optimal"
227375.11,0.49,32077.7,195297.43,735,150
1538.21,0.5,151.54,1386.67,5,1
1394.78,0.3,163.76,1231.03,3,1
1508.19,0.5,136.65,1371.54,5,1
1747.35,0.7,235.3,1512.05,7,1
1194.46,0.2,132.03,1062.44,2,1
1801.99,0.7,274.81,1527.18,7,1
1544.87,0.4,236.03,1308.85,4,1
1468.32,0.3,290.24,1178.08,3,1
1093.69,0.1,101.51,992.18,1,1
1845.67,0.8,286.05,1559.62,8,1
1745.43,0.6,326.32,1419.1,6,1
1751.07,0.7,269.27,1481.79,7,1
1077.78,0.1,100.73,977.05,1,1
1183.39,0.2,143.65,1039.74,2,1
1257.07,0.3,131.95,1125.13,3,1
1050.17,0.0,143.38,906.79,0,1
1329.5,0.4,149.24,1180.26,4,1
1364.81,0.3,194.3,1170.51,3,1
1657.64,0.6,238.54,1419.1,6,1
1642.31,0.6,208.08,1434.23,6,1
1395.41,0.3,187.08,1208.33,3,1
1283.79,0.3,120.84,1162.95,3,1
1484.95,0.6,156.62,1328.33,6,1
1841.0,0.8,236.0,1605.0,8,1
1357.34,0.3,164.14,1193.21,3,1
1551.6,0.4,288.14,1263.46,4,1
1654.43,0.6,235.32,1419.1,6,1
1359.43,0.4,141.35,1218.08,4,1
1548.73,0.6,205.27,1343.46,6,1
1254.51,0.2,169.38,1085.13,2,1
1350.33,0.3,187.38,1162.95,3,1
1377.56,0.3,244.86,1132.69,3,1
1807.3,0.8,277.95,1529.36,8,1
1557.96,0.5,231.81,1326.15,5,1
1700.33,0.8,231.49,1468.85,8,1
1567.15,0.6,201.0,1366.15,6,1
1754.98,0.8,225.62,1529.36,8,1
1638.58,0.7,285.38,1353.21,7,1
1360.74,0.4,180.49,1180.26,4,1
1399.81,0.4,189.3,1210.51,4,1
1392.3,0.4,181.78,1210.51,4,1
1639.44,0.6,243.03,1396.41,6,1
1482.48,0.5,209.27,1273.21,5,1
1119.47,0.1,119.73,999.74,1,1
1372.22,0.4,169.27,1202.95,4,1
1372.41,0.5,137.03,1235.38,5,1
1233.18,0.3,108.05,1125.13,3,1
1735.96,0.8,229.3,1506.67,8,1
1888.74,0.7,399.38,1489.36,7,1
1312.19,0.3,149.24,1162.95,3,1
1538.49,0.6,187.46,1351.03,6,1
1232.35,0.2,162.35,1070.0,2,1
1362.01,0.4,166.62,1195.38,4,1
982.74,0.0,136.46,846.28,0,1
1345.42,0.3,197.59,1147.82,3,1
1469.15,0.4,243.51,1225.64,4,1
1784.86,0.8,285.76,1499.1,8,1
1848.23,0.9,225.92,1622.31,9,1
1561.47,0.5,220.19,1341.28,5,1
1931.38,1.0,246.38,1685.0,10,1
1640.17,0.6,304.27,1335.9,6,1
1771.01,0.8,249.22,1521.79,8,1
1125.65,0.1,156.16,969.49,1,1
1803.43,0.7,344.32,1459.1,7,1
1614.91,0.6,256.32,1358.59,6,1
1418.84,0.4,162.95,1255.9,4,1
1802.99,0.7,275.81,1527.18,7,1
1912.22,0.8,314.78,1597.44,8,1
1625.29,0.6,206.19,1419.1,6,1
1332.78,0.3,162.27,1170.51,3,1
1563.87,0.6,175.03,1388.85,6,1
1662.89,0.7,203.78,1459.1,7,1
1443.65,0.4,233.14,1210.51,4,1
1766.37,0.8,252.14,1514.23,8,1
1660.22,0.6,210.86,1449.36,6,1
1763.39,0.7,274.03,1489.36,7,1
1557.98,0.6,214.51,1343.46,6,1
1199.02,0.1,206.84,992.18,1,1
1697.63,0.7,208.27,1489.36,7,1
1953.9,0.9,316.46,1637.44,9,1
1583.36,0.6,202.08,1381.28,6,1
1398.27,0.4,180.19,1218.08,4,1
1150.48,0.1,165.86,984.62,1,1
2155.97,1.0,402.89,1753.08,10,1
1448.12,0.4,199.78,1248.33,4,1
1539.93,0.4,246.22,1293.72,4,1
1727.24,0.7,215.19,1512.05,7,1
1190.6,0.2,135.73,1054.87,2,1
1545.82,0.6,209.92,1335.9,6,1
1276.97,0.2,199.41,1077.56,2,1
1282.86,0.2,205.3,1077.56,2,1
1777.05,0.8,225.0,1552.05,8,1
1160.8,0.2,128.62,1032.18,2,1
1365.96,0.2,258.14,1107.82,2,1
1463.47,0.4,207.57,1255.9,4,1
1745.13,0.7,286.03,1459.1,7,1
1991.6,1.0,329.3,1662.31,10,1
1455.03,0.4,259.65,1195.38,4,1
1143.21,0.2,111.03,1032.18,2,1
1419.41,0.4,224.03,1195.38,4,1
1693.63,0.7,204.27,1489.36,7,1
1903.38,0.8,305.95,1597.44,8,1
1354.73,0.3,176.65,1178.08,3,1
1514.9,0.5,166.05,1348.85,5,1
1368.78,0.3,190.7,1178.08,3,1
1539.83,0.5,213.68,1326.15,5,1
1514.03,0.5,203.0,1311.03,5,1
1756.38,0.8,211.89,1544.49,8,1
1222.22,0.2,167.35,1054.87,2,1
1335.73,0.2,265.73,1070.0,2,1
1657.87,0.7,213.89,1443.97,7,1
2466.14,1.5,361.78,2104.36,15,1
1431.28,0.4,182.95,1248.33,4,1
1402.75,0.4,177.11,1225.64,4,1
1457.9,0.4,217.14,1240.77,4,1
1449.97,0.4,224.32,1225.64,4,1
1364.5,0.4,176.68,1187.82,4,1
1581.44,0.5,240.16,1341.28,5,1
1560.6,0.6,217.14,1343.46,6,1
1259.16,0.2,181.59,1077.56,2,1
1304.68,0.2,242.24,1062.44,2,1
1337.63,0.3,189.81,1147.82,3,1
1279.53,0.3,146.84,1132.69,3,1
1381.94,0.4,163.86,1218.08,4,1
2130.04,1.2,266.7,1863.33,12,1
1588.18,0.4,249.08,1339.1,4,1
1173.82,0.1,174.08,999.74,1,1
1439.18,0.6,133.54,1305.64,6,1
1655.81,0.6,236.7,1419.1,6,1
1466.21,0.4,195.19,1271.03,4,1
1197.83,0.1,213.22,984.62,1,1
1798.77,0.7,316.97,1481.79,7,1
1359.8,0.2,274.68,1085.13,2,1
1488.72,0.5,162.57,1326.15,5,1
1256.22,0.2,193.78,1062.44,2,1
1723.24,0.7,264.14,1459.1,7,1
1461.39,0.5,188.19,1273.21,5,1
1530.52,0.5,234.62,1295.9,5,1
1734.32,0.7,222.27,1512.05,7,1
1296.43,0.2,226.43,1070.0,2,1
1270.75,0.3,138.05,1132.69,3,1
1278.16,0.3,168.16,1110.0,3,1
1683.99,0.7,224.89,1459.1,7,1
1182.76,0.2,173.27,1009.49,2,1
1255.4,0.3,137.84,1117.56,3,1
1865.37,0.9,258.19,1607.18,9,1
1698.34,0.6,332.19,1366.15,6,1
1735.66,0.7,246.3,1489.36,7,1
1684.12,0.6,249.89,1434.23,6,1
2096.47,0.9,345.57,1750.9,9,1
