"Total_Cost","Ratio_Reloc_Prod","Horiz_Cost","Vert_Cost","nReloc","non_Optimal"
226850.65,0.4107,37417.63,189433.05,616,300
799.2,0.4,125.86,673.33,2,1
1096.82,1.0,182.46,914.36,5,1
1061.03,1.0,146.68,914.36,5,1
742.94,0.4,99.86,643.08,2,1
804.5,0.6,98.73,705.77,3,1
656.29,0.2,106.16,550.13,1,1
906.44,0.6,185.54,720.9,3,1
664.75,0.2,107.05,557.69,1,1
740.62,0.4,97.54,643.08,2,1
1065.92,1.0,204.51,861.41,5,1
793.44,0.6,80.11,713.33,3,1
723.49,0.4,95.54,627.95,2,1
691.28,0.4,86.03,605.26,2,1
1064.03,1.0,202.62,861.41,5,1
847.9,0.6,134.57,713.33,3,1
530.15,0.0,65.41,464.74,0,1
802.33,0.4,189.51,612.82,2,1
984.24,0.8,208.22,776.03,4,1
827.1,0.6,136.46,690.64,3,1
816.11,0.4,195.73,620.38,2,1
989.85,0.8,176.0,813.85,4,1
898.13,0.6,146.97,751.15,3,1
718.51,0.4,75.43,643.08,2,1
820.58,0.6,122.38,698.21,3,1
791.29,0.4,140.65,650.64,2,1
960.45,0.6,201.73,758.72,3,1
703.04,0.4,105.35,597.69,2,1
705.13,0.2,155.0,550.13,1,1
761.27,0.4,125.76,635.51,2,1
992.81,0.6,256.78,736.03,3,1
569.34,0.0,112.16,457.18,0,1
546.58,0.0,89.41,457.18,0,1
795.6,0.4,175.22,620.38,2,1
705.5,0.2,132.68,572.82,1,1
1017.78,0.8,241.76,776.03,4,1
1013.41,0.8,192.0,821.41,4,1
989.17,0.8,182.89,806.28,4,1
930.98,0.6,202.51,728.46,3,1
593.18,0.0,136.0,457.18,0,1
782.96,0.4,124.76,658.21,2,1
806.29,0.4,155.65,650.64,2,1
633.1,0.2,75.41,557.69,1,1
677.25,0.2,104.43,572.82,1,1
806.13,0.6,123.05,683.08,3,1
790.8,0.4,140.16,650.64,2,1
739.9,0.6,79.51,660.38,3,1
988.88,0.8,182.59,806.28,4,1
687.49,0.4,67.11,620.38,2,1
692.11,0.4,71.73,620.38,2,1
758.15,0.4,152.89,605.26,2,1
1214.31,1.0,307.51,906.79,5,1
1044.04,0.8,237.76,806.28,4,1
671.77,0.2,98.95,572.82,1,1
637.37,0.0,172.62,464.74,0,1
547.66,0.0,82.92,464.74,0,1
610.78,0.2,68.22,542.56,1,1
532.31,0.0,75.14,457.18,0,1
748.55,0.4,143.3,605.26,2,1
639.6,0.2,112.16,527.44,1,1
485.89,0.0,51.41,434.49,0,1
629.8,0.0,172.62,457.18,0,1
752.19,0.4,124.24,627.95,2,1
616.84,0.2,81.84,535.0,1,1
524.21,0.0,67.03,457.18,0,1
649.73,0.2,107.16,542.56,1,1
924.08,0.6,195.62,728.46,3,1
731.26,0.2,166.0,565.26,1,1
843.39,0.6,130.05,713.33,3,1
692.28,0.2,119.46,572.82,1,1
690.77,0.4,77.95,612.82,2,1
744.64,0.4,101.57,643.08,2,1
523.19,0.0,81.14,442.05,0,1
780.87,0.4,160.49,620.38,2,1
608.8,0.2,51.11,557.69,1,1
678.04,0.4,65.22,612.82,2,1
437.2,0.0,25.41,411.79,0,1
771.85,0.6,58.51,713.33,3,1
576.97,0.2,87.35,489.62,1,1
805.11,0.4,184.73,620.38,2,1
838.02,0.6,147.38,690.64,3,1
592.06,0.0,119.76,472.31,0,1
615.52,0.2,95.65,519.87,1,1
478.19,0.0,43.7,434.49,0,1
443.31,0.0,31.51,411.79,0,1
857.57,0.8,81.54,776.03,4,1
985.99,1.0,94.32,891.67,5,1
641.64,0.2,83.95,557.69,1,1
650.6,0.2,123.16,527.44,1,1
1034.29,1.0,150.19,884.1,5,1
705.58,0.2,132.76,572.82,1,1
1093.48,1.0,216.95,876.54,5,1
1364.06,1.6,208.68,1155.38,8,1
779.19,0.4,143.68,635.51,2,1
1198.04,1.0,298.81,899.23,5,1
573.15,0.0,100.84,472.31,0,1
795.96,0.4,137.76,658.21,2,1
543.67,0.0,94.05,449.62,0,1
1049.14,1.0,187.73,861.41,5,1
569.04,0.0,96.73,472.31,0,1
741.1,0.4,143.41,597.69,2,1
890.96,0.8,145.19,745.77,4,1
474.52,0.0,62.73,411.79,0,1
660.45,0.2,110.32,550.13,1,1
674.28,0.4,69.03,605.26,2,1
817.63,0.4,197.24,620.38,2,1
472.44,0.0,45.51,426.92,0,1
673.26,0.4,68.0,605.26,2,1
609.03,0.2,89.16,519.87,1,1
1013.43,1.0,144.46,868.97,5,1
805.53,0.4,139.76,665.77,2,1
629.92,0.2,87.35,542.56,1,1
808.29,0.6,125.22,683.08,3,1
1204.64,1.4,232.97,971.67,7,1
704.87,0.2,132.05,572.82,1,1
1022.37,0.8,223.65,798.72,4,1
883.65,0.6,155.19,728.46,3,1
569.12,0.0,96.81,472.31,0,1
774.51,0.4,123.86,650.64,2,1
624.37,0.2,81.81,542.56,1,1
710.93,0.4,90.54,620.38,2,1
1050.02,1.0,218.86,831.15,5,1
699.85,0.4,87.03,612.82,2,1
751.64,0.2,193.95,557.69,1,1
880.08,0.6,144.05,736.03,3,1
782.91,0.6,99.84,683.08,3,1
1098.11,1.0,221.57,876.54,5,1
831.5,0.6,118.16,713.33,3,1
822.11,0.6,101.22,720.9,3,1
516.94,0.0,67.32,449.62,0,1
1035.58,0.8,236.86,798.72,4,1
579.14,0.0,99.27,479.87,0,1
1143.79,1.2,242.38,901.41,6,1
1184.51,1.4,159.89,1024.62,7,1
662.09,0.2,96.84,565.26,1,1
599.89,0.2,57.32,542.56,1,1
851.54,0.4,216.03,635.51,2,1
763.72,0.4,166.03,597.69,2,1
669.39,0.2,104.14,565.26,1,1
629.23,0.2,71.54,557.69,1,1
670.96,0.2,113.27,557.69,1,1
702.11,0.4,81.73,620.38,2,1
675.78,0.4,93.22,582.56,2,1
810.56,0.4,212.86,597.69,2,1
560.8,0.0,96.05,464.74,0,1
515.4,0.0,73.35,442.05,0,1
799.53,0.6,101.32,698.21,3,1
814.4,0.6,123.76,690.64,3,1
720.52,0.6,67.7,652.82,3,1
867.87,0.6,154.54,713.33,3,1
544.42,0.0,87.24,457.18,0,1
887.7,0.8,119.24,768.46,4,1
1101.44,1.2,154.65,946.79,6,1
879.53,0.6,181.32,698.21,3,1
940.85,0.8,134.57,806.28,4,1
567.56,0.0,110.38,457.18,0,1
617.81,0.2,82.81,535.0,1,1
701.88,0.2,144.19,557.69,1,1
1129.31,1.2,190.08,939.23,6,1
982.71,0.8,168.86,813.85,4,1
672.15,0.2,114.46,557.69,1,1
1156.27,1.4,154.35,1001.92,7,1
541.28,0.0,76.54,464.74,0,1
676.56,0.2,118.86,557.69,1,1
613.62,0.2,78.62,535.0,1,1
480.0,0.0,45.51,434.49,0,1
664.26,0.2,106.57,557.69,1,1
615.82,0.2,95.95,519.87,1,1
813.06,0.6,99.73,713.33,3,1
551.18,0.2,54.0,497.18,1,1
676.17,0.0,188.73,487.44,0,1
978.32,1.0,147.16,831.15,5,1
724.4,0.4,81.32,643.08,2,1
657.69,0.2,92.43,565.26,1,1
627.15,0.0,162.41,464.74,0,1
899.34,0.6,201.14,698.21,3,1
575.07,0.2,85.46,489.62,1,1
714.28,0.4,101.46,612.82,2,1
1115.87,1.0,254.46,861.41,5,1
685.59,0.2,150.59,535.0,1,1
746.86,0.4,111.35,635.51,2,1
758.17,0.4,137.78,620.38,2,1
685.21,0.2,135.08,550.13,1,1
646.83,0.2,89.14,557.69,1,1
770.66,0.4,112.46,658.21,2,1
761.38,0.4,125.86,635.51,2,1
835.44,0.6,114.54,720.9,3,1
1163.7,1.2,194.22,969.49,6,1
812.35,0.4,184.41,627.95,2,1
839.35,0.6,171.41,667.95,3,1
779.43,0.6,96.35,683.08,3,1
830.34,0.6,124.57,705.77,3,1
952.7,0.8,116.16,836.54,4,1
754.36,0.4,133.97,620.38,2,1
665.96,0.2,108.27,557.69,1,1
907.76,0.8,146.86,760.9,4,1
540.83,0.0,83.65,457.18,0,1
827.65,0.4,192.14,635.51,2,1
814.37,0.4,156.16,658.21,2,1
839.6,0.6,111.14,728.46,3,1
534.69,0.0,77.51,457.18,0,1
915.3,0.8,146.84,768.46,4,1
679.86,0.2,137.3,542.56,1,1
781.19,0.4,145.68,635.51,2,1
545.83,0.0,88.65,457.18,0,1
757.42,0.4,91.65,665.77,2,1
674.61,0.2,109.35,565.26,1,1
784.4,0.4,133.76,650.64,2,1
944.22,0.8,122.81,821.41,4,1
552.58,0.0,87.84,464.74,0,1
848.03,0.6,127.14,720.9,3,1
662.77,0.4,57.51,605.26,2,1
759.47,0.4,139.08,620.38,2,1
657.39,0.2,92.14,565.26,1,1
588.48,0.0,131.3,457.18,0,1
899.8,0.8,93.51,806.28,4,1
574.49,0.2,54.62,519.87,1,1
777.39,0.4,119.19,658.21,2,1
878.98,0.6,158.08,720.9,3,1
886.98,0.4,213.65,673.33,2,1
771.56,0.4,128.49,643.08,2,1
758.11,0.4,130.16,627.95,2,1
836.87,0.6,123.54,713.33,3,1
1205.21,1.2,228.16,977.05,6,1
778.58,0.4,120.38,658.21,2,1
762.35,0.4,126.84,635.51,2,1
607.7,0.2,65.14,542.56,1,1
740.79,0.4,127.97,612.82,2,1
544.42,0.0,87.24,457.18,0,1
825.75,0.4,175.11,650.64,2,1
786.74,0.4,173.92,612.82,2,1
817.72,0.6,111.95,705.77,3,1
816.21,0.6,125.57,690.64,3,1
860.72,0.8,77.14,783.59,4,1
458.33,0.0,31.41,426.92,0,1
883.32,0.8,99.73,783.59,4,1
512.15,0.0,47.41,464.74,0,1
812.5,0.4,154.3,658.21,2,1
490.49,0.0,56.0,434.49,0,1
692.98,0.4,65.03,627.95,2,1
654.3,0.2,126.86,527.44,1,1
687.99,0.2,137.86,550.13,1,1
551.13,0.0,93.95,457.18,0,1
677.65,0.2,135.08,542.56,1,1
736.34,0.4,78.14,658.21,2,1
544.67,0.0,95.05,449.62,0,1
738.71,0.4,110.76,627.95,2,1
618.95,0.2,83.95,535.0,1,1
911.7,0.8,135.68,776.03,4,1
842.99,0.6,91.84,751.15,3,1
682.82,0.2,117.57,565.26,1,1
1205.39,1.0,298.59,906.79,5,1
834.0,0.6,105.54,728.46,3,1
544.04,0.0,71.73,472.31,0,1
570.01,0.0,90.14,479.87,0,1
869.26,0.4,211.05,658.21,2,1
603.82,0.0,139.08,464.74,0,1
796.31,0.4,130.54,665.77,2,1
782.01,0.4,116.24,665.77,2,1
936.34,0.8,130.05,806.28,4,1
536.45,0.0,86.84,449.62,0,1
538.21,0.0,81.03,457.18,0,1
702.85,0.2,145.16,557.69,1,1
916.98,0.6,203.65,713.33,3,1
518.15,0.0,53.41,464.74,0,1
553.45,0.0,88.7,464.74,0,1
1119.83,1.0,220.59,899.23,5,1
520.27,0.0,78.22,442.05,0,1
533.99,0.0,76.81,457.18,0,1
657.75,0.2,100.05,557.69,1,1
754.19,0.4,118.68,635.51,2,1
1142.87,1.2,173.38,969.49,6,1
1059.61,1.0,160.38,899.23,5,1
762.86,0.4,119.78,643.08,2,1
633.97,0.4,51.41,582.56,2,1
523.26,0.0,73.65,449.62,0,1
643.37,0.2,93.24,550.13,1,1
650.07,0.2,99.95,550.13,1,1
1017.02,1.0,140.49,876.54,5,1
665.5,0.2,100.24,565.26,1,1
570.75,0.0,113.57,457.18,0,1
736.38,0.4,108.43,627.95,2,1
573.93,0.2,61.62,512.31,1,1
1086.59,0.8,295.43,791.15,4,1
681.09,0.2,108.27,572.82,1,1
663.48,0.2,113.35,550.13,1,1
620.03,0.2,85.03,535.0,1,1
561.83,0.0,104.65,457.18,0,1
694.51,0.2,144.38,550.13,1,1
938.99,0.8,147.84,791.15,4,1
665.16,0.4,75.03,590.13,2,1
559.13,0.0,101.95,457.18,0,1
582.82,0.2,70.51,512.31,1,1
506.38,0.0,64.32,442.05,0,1
632.76,0.2,97.76,535.0,1,1
847.35,0.8,71.32,776.03,4,1
733.7,0.4,90.62,643.08,2,1
781.25,0.4,153.3,627.95,2,1
751.27,0.4,115.76,635.51,2,1
671.45,0.4,81.32,590.13,2,1
500.59,0.0,58.54,442.05,0,1
