"Total_Cost","Ratio_Reloc_Prod","Horiz_Cost","Vert_Cost","nReloc","non_Optimal"
239867.0,0.4667,46468.86,193398.14,700,300
841.1,0.6,97.51,743.59,3,1
564.15,0.0,91.84,472.31,0,1
622.19,0.0,119.62,502.56,0,1
714.63,0.2,149.38,565.26,1,1
522.24,0.0,87.76,434.49,0,1
769.57,0.6,94.05,675.51,3,1
683.04,0.4,70.22,612.82,2,1
529.99,0.0,65.24,464.74,0,1
1026.09,1.0,179.81,846.28,5,1
742.63,0.4,122.24,620.38,2,1
831.22,0.6,110.32,720.9,3,1
835.6,0.6,122.27,713.33,3,1
707.08,0.4,64.0,643.08,2,1
894.37,0.6,150.78,743.59,3,1
1218.41,1.4,163.54,1054.87,7,1
634.44,0.2,61.62,572.82,1,1
538.15,0.0,73.41,464.74,0,1
752.06,0.4,131.68,620.38,2,1
916.67,0.8,125.51,791.15,4,1
533.16,0.0,83.54,449.62,0,1
543.18,0.0,86.0,457.18,0,1
1064.37,0.8,265.65,798.72,4,1
981.28,0.8,227.95,753.33,4,1
1231.73,1.0,355.19,876.54,5,1
872.84,0.6,204.89,667.95,3,1
1111.68,1.0,250.27,861.41,5,1
834.74,0.4,221.92,612.82,2,1
846.82,0.8,101.05,745.77,4,1
598.31,0.0,133.57,464.74,0,1
688.23,0.2,130.54,557.69,1,1
710.37,0.2,160.24,550.13,1,1
686.77,0.2,129.08,557.69,1,1
646.42,0.2,88.73,557.69,1,1
875.96,0.4,210.19,665.77,2,1
1007.78,0.8,224.19,783.59,4,1
789.47,0.6,136.65,652.82,3,1
660.91,0.2,103.22,557.69,1,1
488.7,0.0,54.22,434.49,0,1
645.1,0.2,102.54,542.56,1,1
773.59,0.4,122.95,650.64,2,1
561.72,0.0,112.11,449.62,0,1
1575.49,1.8,372.54,1202.95,9,1
550.91,0.0,93.73,457.18,0,1
636.59,0.2,86.46,550.13,1,1
629.94,0.2,72.24,557.69,1,1
518.7,0.0,76.65,442.05,0,1
613.28,0.4,53.41,559.87,2,1
1158.65,1.0,282.11,876.54,5,1
669.02,0.2,111.32,557.69,1,1
814.29,0.6,116.08,698.21,3,1
744.71,0.4,116.76,627.95,2,1
736.93,0.4,116.54,620.38,2,1
730.71,0.4,110.32,620.38,2,1
823.87,0.6,95.41,728.46,3,1
753.39,0.4,140.57,612.82,2,1
779.06,0.4,151.11,627.95,2,1
630.3,0.2,102.86,527.44,1,1
613.97,0.2,63.84,550.13,1,1
1056.12,1.0,202.27,853.85,5,1
444.5,0.0,32.7,411.79,0,1
1174.8,1.0,328.51,846.28,5,1
1149.51,1.0,280.54,868.97,5,1
944.4,0.8,168.38,776.03,4,1
961.67,0.8,178.08,783.59,4,1
880.17,0.6,174.41,705.77,3,1
816.13,0.4,180.62,635.51,2,1
1117.12,1.2,177.89,939.23,6,1
702.37,0.2,197.62,504.74,1,1
630.58,0.2,118.27,512.31,1,1
612.8,0.2,108.05,504.74,1,1
687.23,0.2,129.54,557.69,1,1
614.56,0.2,72.0,542.56,1,1
600.79,0.4,40.92,559.87,2,1
742.95,0.4,122.57,620.38,2,1
602.31,0.2,90.0,512.31,1,1
900.09,0.8,146.76,753.33,4,1
1083.73,1.0,214.76,868.97,5,1
872.55,0.8,126.78,745.77,4,1
929.47,0.4,263.7,665.77,2,1
803.04,0.4,190.22,612.82,2,1
1392.63,1.0,485.84,906.79,5,1
684.26,0.2,126.57,557.69,1,1
924.89,0.6,181.3,743.59,3,1
867.52,0.6,154.19,713.33,3,1
792.32,0.4,149.24,643.08,2,1
555.62,0.0,121.14,434.49,0,1
990.44,1.0,144.16,846.28,5,1
1000.46,0.6,264.43,736.03,3,1
557.39,0.0,92.65,464.74,0,1
860.9,0.6,140.0,720.9,3,1
1053.3,0.8,216.76,836.54,4,1
1082.82,0.8,261.41,821.41,4,1
742.05,0.4,106.54,635.51,2,1
738.53,0.4,133.27,605.26,2,1
642.56,0.2,100.0,542.56,1,1
760.95,0.6,100.57,660.38,3,1
544.96,0.0,80.22,464.74,0,1
970.01,0.8,209.11,760.9,4,1
1144.06,1.0,275.08,868.97,5,1
810.4,0.4,174.89,635.51,2,1
1059.54,1.0,190.57,868.97,5,1
722.22,0.4,101.84,620.38,2,1
555.73,0.0,121.24,434.49,0,1
1015.18,1.0,191.59,823.59,5,1
698.8,0.4,93.54,605.26,2,1
609.0,0.2,74.0,535.0,1,1
714.53,0.2,149.27,565.26,1,1
851.55,0.4,246.3,605.26,2,1
799.48,0.2,249.35,550.13,1,1
586.8,0.2,82.05,504.74,1,1
838.7,0.4,195.62,643.08,2,1
749.17,0.4,128.78,620.38,2,1
578.74,0.2,74.0,504.74,1,1
452.42,0.0,40.62,411.79,0,1
798.71,0.4,178.32,620.38,2,1
685.29,0.2,135.16,550.13,1,1
458.98,0.0,39.62,419.36,0,1
437.9,0.0,26.11,411.79,0,1
1467.43,1.6,357.43,1110.0,8,1
544.29,0.0,102.24,442.05,0,1
793.07,0.4,202.95,590.13,2,1
796.96,0.6,98.76,698.21,3,1
769.88,0.6,79.24,690.64,3,1
441.9,0.0,30.11,411.79,0,1
665.59,0.2,130.59,535.0,1,1
789.8,0.4,192.11,597.69,2,1
668.41,0.2,140.97,527.44,1,1
1499.63,1.8,319.38,1180.26,9,1
917.44,0.6,211.68,705.77,3,1
845.11,0.6,169.59,675.51,3,1
1114.14,1.0,252.73,861.41,5,1
673.5,0.2,115.81,557.69,1,1
573.53,0.0,116.35,457.18,0,1
627.98,0.2,115.68,512.31,1,1
892.55,0.6,179.22,713.33,3,1
1028.24,1.2,119.27,908.97,6,1
1104.55,1.0,243.14,861.41,5,1
525.43,0.0,90.95,434.49,0,1
804.96,0.6,106.76,698.21,3,1
1139.38,1.0,277.97,861.41,5,1
553.57,0.0,119.08,434.49,0,1
567.22,0.0,132.73,434.49,0,1
609.06,0.2,96.76,512.31,1,1
883.38,0.8,107.35,776.03,4,1
734.36,0.4,121.54,612.82,2,1
831.99,0.6,141.35,690.64,3,1
690.29,0.4,100.16,590.13,2,1
755.77,0.4,150.51,605.26,2,1
764.98,0.4,144.59,620.38,2,1
1062.74,0.8,264.03,798.72,4,1
676.88,0.2,111.62,565.26,1,1
809.55,0.6,149.16,660.38,3,1
792.3,0.4,156.78,635.51,2,1
930.9,0.6,210.0,720.9,3,1
836.62,0.4,201.11,635.51,2,1
618.39,0.2,98.51,519.87,1,1
820.92,0.6,152.97,667.95,3,1
881.0,0.8,112.54,768.46,4,1
791.45,0.6,100.81,690.64,3,1
1180.86,1.0,296.76,884.1,5,1
1156.93,1.0,303.08,853.85,5,1
787.92,0.4,159.97,627.95,2,1
923.12,0.6,209.78,713.33,3,1
763.37,0.4,165.68,597.69,2,1
1188.96,1.0,297.3,891.67,5,1
566.83,0.0,109.65,457.18,0,1
996.35,0.8,220.32,776.03,4,1
847.32,0.6,156.68,690.64,3,1
1247.27,1.2,270.22,977.05,6,1
808.35,0.4,165.27,643.08,2,1
643.82,0.2,123.95,519.87,1,1
984.93,0.8,171.08,813.85,4,1
827.49,0.4,191.97,635.51,2,1
833.26,0.4,167.49,665.77,2,1
1285.4,1.2,308.35,977.05,6,1
705.09,0.4,99.84,605.26,2,1
648.88,0.2,98.76,550.13,1,1
582.15,0.2,69.84,512.31,1,1
763.3,0.6,95.35,667.95,3,1
1113.94,1.0,297.92,816.03,5,1
947.1,0.6,188.38,758.72,3,1
702.29,0.2,144.59,557.69,1,1
896.2,0.6,190.43,705.77,3,1
822.49,0.4,202.11,620.38,2,1
577.83,0.0,120.65,457.18,0,1
597.84,0.2,62.84,535.0,1,1
666.0,0.2,123.43,542.56,1,1
980.95,1.0,172.49,808.46,5,1
586.6,0.2,66.73,519.87,1,1
594.1,0.0,144.49,449.62,0,1
786.33,0.6,125.95,660.38,3,1
967.51,0.8,138.54,828.97,4,1
606.12,0.0,141.38,464.74,0,1
968.2,0.8,154.35,813.85,4,1
1201.22,1.2,239.3,961.92,6,1
875.12,0.6,169.35,705.77,3,1
923.51,0.8,132.35,791.15,4,1
708.61,0.2,158.49,550.13,1,1
1078.9,1.0,232.62,846.28,5,1
685.19,0.2,157.76,527.44,1,1
1015.02,0.8,231.43,783.59,4,1
1099.68,1.0,230.7,868.97,5,1
880.68,0.6,220.3,660.38,3,1
754.86,0.4,119.35,635.51,2,1
520.0,0.0,85.51,434.49,0,1
1011.83,0.8,220.68,791.15,4,1
925.45,0.6,234.81,690.64,3,1
636.91,0.2,132.16,504.74,1,1
671.05,0.2,128.49,542.56,1,1
752.38,0.4,132.0,620.38,2,1
577.66,0.2,72.92,504.74,1,1
904.93,0.6,191.59,713.33,3,1
961.44,0.8,155.16,806.28,4,1
654.22,0.2,126.78,527.44,1,1
790.13,0.6,107.05,683.08,3,1
768.68,0.4,148.3,620.38,2,1
1266.94,1.0,443.35,823.59,5,1
684.0,0.2,156.57,527.44,1,1
611.49,0.2,84.05,527.44,1,1
702.37,0.4,112.24,590.13,2,1
865.99,0.6,167.78,698.21,3,1
870.53,0.4,212.32,658.21,2,1
1136.95,1.0,275.54,861.41,5,1
1022.8,0.8,224.08,798.72,4,1
569.0,0.0,126.95,442.05,0,1
447.2,0.0,35.41,411.79,0,1
808.72,0.4,203.46,605.26,2,1
440.61,0.0,28.81,411.79,0,1
990.57,0.6,262.11,728.46,3,1
651.05,0.2,116.05,535.0,1,1
586.29,0.0,136.68,449.62,0,1
883.55,0.6,162.65,720.9,3,1
731.79,0.4,118.97,612.82,2,1
858.35,0.6,122.32,736.03,3,1
570.15,0.2,65.41,504.74,1,1
555.23,0.2,42.92,512.31,1,1
781.86,0.6,106.35,675.51,3,1
847.75,0.6,164.68,683.08,3,1
919.44,0.6,206.11,713.33,3,1
859.48,0.6,161.27,698.21,3,1
863.87,0.6,150.54,713.33,3,1
960.89,0.8,177.3,783.59,4,1
747.58,0.2,189.89,557.69,1,1
989.84,0.8,213.81,776.03,4,1
784.67,0.4,149.16,635.51,2,1
524.8,0.0,67.62,457.18,0,1
633.21,0.2,90.65,542.56,1,1
737.58,0.4,124.76,612.82,2,1
869.95,0.4,234.43,635.51,2,1
655.67,0.2,105.54,550.13,1,1
1104.65,1.2,188.11,916.54,6,1
1005.31,0.6,291.97,713.33,3,1
587.13,0.0,145.08,442.05,0,1
779.34,0.4,174.08,605.26,2,1
950.03,1.0,141.57,808.46,5,1
562.31,0.2,50.0,512.31,1,1
552.04,0.0,94.86,457.18,0,1
669.56,0.4,79.43,590.13,2,1
992.08,0.8,155.54,836.54,4,1
983.21,0.8,199.62,783.59,4,1
492.76,0.0,73.41,419.36,0,1
870.13,0.6,194.62,675.51,3,1
936.27,0.6,207.81,728.46,3,1
1584.41,1.6,474.41,1110.0,8,1
895.73,0.4,267.78,627.95,2,1
814.61,0.6,123.97,690.64,3,1
814.43,0.6,131.35,683.08,3,1
641.7,0.2,99.14,542.56,1,1
637.85,0.2,125.54,512.31,1,1
753.04,0.4,155.35,597.69,2,1
465.39,0.0,46.03,419.36,0,1
791.26,0.4,186.0,605.26,2,1
876.67,0.6,186.03,690.64,3,1
808.2,0.4,202.95,605.26,2,1
610.45,0.2,113.27,497.18,1,1
1031.74,0.8,233.03,798.72,4,1
546.51,0.0,104.46,442.05,0,1
793.06,0.6,79.73,713.33,3,1
824.81,0.6,96.35,728.46,3,1
548.26,0.0,98.65,449.62,0,1
918.18,0.6,159.46,758.72,3,1
514.6,0.0,80.11,434.49,0,1
731.99,0.4,126.73,605.26,2,1
576.75,0.0,119.57,457.18,0,1
770.66,0.4,165.41,605.26,2,1
659.24,0.2,116.68,542.56,1,1
1085.93,1.0,247.22,838.72,5,1
759.26,0.4,154.0,605.26,2,1
687.1,0.2,136.97,550.13,1,1
791.86,0.4,148.78,643.08,2,1
839.16,0.4,196.08,643.08,2,1
1119.92,0.6,391.46,728.46,3,1
793.63,0.4,180.81,612.82,2,1
1172.73,1.0,303.76,868.97,5,1
517.72,0.0,60.54,457.18,0,1
630.23,0.2,125.49,504.74,1,1
1024.68,0.6,303.78,720.9,3,1
725.37,0.2,182.81,542.56,1,1
838.74,0.6,132.97,705.77,3,1
576.16,0.0,141.68,434.49,0,1
