"Total_Cost","Ratio_Reloc_Prod","Horiz_Cost","Vert_Cost","nReloc","non_Optimal"
257255.25,0.4447,67015.12,190240.18,667,78
565.65,0.0,70.65,495.0,0,0
692.77,0.2,135.08,557.69,1,0
1007.63,0.6,286.73,720.9,3,0
737.69,0.4,124.86,612.82,2,0
738.43,0.4,95.35,643.08,2,0
540.37,0.0,75.62,464.74,0,0
677.26,0.2,119.57,557.69,1,0
872.28,0.6,151.38,720.9,3,0
687.45,0.2,122.19,565.26,1,0
642.53,0.0,185.35,457.18,0,0
542.71,0.0,62.84,479.87,0,0
1066.02,1.0,174.35,891.67,5,0
713.19,0.4,85.24,627.95,2,0
550.57,0.0,116.08,434.49,0,0
693.48,0.2,135.78,557.69,1,0
1275.16,1.2,305.68,969.49,6,0
924.77,0.8,110.92,813.85,4,0
946.86,0.6,203.27,743.59,3,0
993.52,0.8,179.68,813.85,4,0
932.56,0.8,148.97,783.59,4,1
864.1,0.6,173.46,690.64,3,0
1093.86,1.0,209.76,884.1,5,1
823.54,0.6,140.46,683.08,3,0
867.89,0.4,232.38,635.51,2,0
765.02,0.4,121.95,643.08,2,0
959.81,0.6,216.22,743.59,3,1
575.8,0.0,111.05,464.74,0,0
969.07,0.6,278.43,690.64,3,1
1526.7,1.2,549.65,977.05,6,0
576.36,0.0,104.05,472.31,0,0
904.19,0.4,261.11,643.08,2,0
815.42,0.4,149.65,665.77,2,0
572.81,0.0,145.89,426.92,0,1
503.36,0.0,91.57,411.79,0,0
596.05,0.0,154.0,442.05,0,1
498.49,0.0,64.0,434.49,0,0
491.62,0.0,57.14,434.49,0,0
496.81,0.0,62.32,434.49,0,1
1602.18,1.4,562.43,1039.74,7,0
1389.01,1.0,489.78,899.23,5,0
619.54,0.2,84.54,535.0,1,0
987.48,0.4,329.27,658.21,2,0
925.56,0.6,242.49,683.08,3,0
617.0,0.2,82.0,535.0,1,0
1055.76,0.8,279.73,776.03,4,0
765.46,0.4,129.95,635.51,2,0
804.4,0.2,254.27,550.13,1,0
562.56,0.0,112.95,449.62,0,1
932.11,0.4,311.73,620.38,2,0
962.86,0.4,327.35,635.51,2,1
1021.06,0.6,307.73,713.33,3,0
588.74,0.2,84.0,504.74,1,1
546.95,0.0,112.46,434.49,0,1
648.56,0.4,66.0,582.56,2,0
669.64,0.2,111.95,557.69,1,0
758.07,0.2,192.81,565.26,1,0
842.97,0.4,199.89,643.08,2,0
825.0,0.2,282.43,542.56,1,0
861.57,0.4,241.19,620.38,2,0
766.18,0.4,168.49,597.69,2,1
1388.29,0.6,705.22,683.08,3,0
1176.03,0.6,508.08,667.95,3,1
996.68,0.6,268.22,728.46,3,0
959.21,0.6,223.19,736.03,3,0
740.0,0.4,112.05,627.95,2,0
699.52,0.4,79.14,620.38,2,0
1186.43,0.8,402.84,783.59,4,1
1416.23,0.8,625.08,791.15,4,0
1016.87,0.6,303.54,713.33,3,1
489.96,0.0,78.16,411.79,0,0
511.28,0.0,99.49,411.79,0,1
897.87,0.6,176.97,720.9,3,1
839.02,0.6,155.95,683.08,3,0
1276.1,1.0,452.51,823.59,5,0
1205.29,0.6,461.7,743.59,3,0
906.19,0.6,170.16,736.03,3,0
649.0,0.2,114.0,535.0,1,0
667.12,0.2,109.43,557.69,1,0
580.51,0.2,45.51,535.0,1,1
517.22,0.0,82.73,434.49,0,0
735.17,0.6,82.35,652.82,3,1
1036.07,0.4,377.86,658.21,2,1
992.31,0.6,294.11,698.21,3,0
682.22,0.2,154.78,527.44,1,0
1476.27,1.4,466.78,1009.49,7,0
580.97,0.0,131.35,449.62,0,1
681.56,0.2,139.0,542.56,1,1
1327.9,0.8,627.51,700.38,4,1
579.67,0.0,122.49,457.18,0,0
553.97,0.0,104.35,449.62,0,0
631.88,0.2,66.62,565.26,1,0
756.86,0.2,206.73,550.13,1,0
791.32,0.4,148.24,643.08,2,0
757.4,0.2,199.7,557.69,1,0
843.76,0.6,175.81,667.95,3,0
591.59,0.0,141.97,449.62,0,1
843.82,0.6,138.05,705.77,3,0
1374.22,1.0,512.81,861.41,5,0
1232.66,1.0,333.43,899.23,5,0
779.85,0.2,275.11,504.74,1,0
2167.76,1.2,1319.3,848.46,6,1
646.87,0.0,167.0,479.87,0,0
634.02,0.0,184.41,449.62,0,0
948.34,0.4,290.14,658.21,2,1
548.43,0.2,73.95,474.49,1,0
873.12,0.8,127.35,745.77,4,1
924.87,0.4,312.05,612.82,2,1
991.97,0.4,416.97,575.0,2,0
645.48,0.2,102.92,542.56,1,1
1265.71,0.8,451.86,813.85,4,0
970.77,0.6,257.43,713.33,3,0
1103.74,0.4,490.92,612.82,2,0
863.37,0.6,165.16,698.21,3,0
793.36,0.4,172.97,620.38,2,1
697.56,0.4,99.86,597.69,2,0
1364.19,0.6,681.11,683.08,3,0
1209.72,0.8,411.0,798.72,4,0
1515.67,1.0,631.57,884.1,5,0
853.57,0.4,225.62,627.95,2,1
872.48,0.4,229.41,643.08,2,0
555.13,0.0,97.95,457.18,0,1
447.42,0.0,35.62,411.79,0,0
1424.58,1.2,477.78,946.79,6,0
1101.26,1.2,177.16,924.1,6,0
1090.36,1.0,244.08,846.28,5,1
948.36,0.6,242.59,705.77,3,0
722.74,0.2,157.49,565.26,1,0
1600.69,1.2,782.49,818.21,6,1
514.42,0.0,42.11,472.31,0,0
1242.78,1.0,358.68,884.1,5,0
577.99,0.0,113.24,464.74,0,0
959.8,0.8,168.65,791.15,4,1
520.33,0.0,85.84,434.49,0,0
780.83,0.6,97.76,683.08,3,0
1183.25,1.0,321.84,861.41,5,0
683.83,0.2,133.7,550.13,1,1
459.82,0.0,48.03,411.79,0,1
786.02,0.4,142.95,643.08,2,0
569.08,0.2,87.03,482.05,1,0
1291.09,0.8,484.81,806.28,4,1
768.05,0.2,217.92,550.13,1,0
884.22,0.4,309.22,575.0,2,1
614.73,0.2,79.73,535.0,1,0
742.76,0.4,114.81,627.95,2,1
446.5,0.0,34.7,411.79,0,1
1202.05,1.0,317.95,884.1,5,0
993.78,0.6,250.19,743.59,3,0
672.39,0.4,67.14,605.26,2,1
665.04,0.2,160.3,504.74,1,0
943.9,0.6,223.0,720.9,3,0
1105.68,0.6,392.35,713.33,3,1
975.19,0.8,214.3,760.9,4,0
518.11,0.0,83.62,434.49,0,0
845.23,0.2,287.54,557.69,1,0
832.13,0.6,149.05,683.08,3,0
755.64,0.4,97.43,658.21,2,0
452.01,0.0,40.22,411.79,0,1
665.37,0.2,168.19,497.18,1,0
610.4,0.2,52.7,557.69,1,0
778.42,0.4,180.73,597.69,2,0
658.77,0.2,146.46,512.31,1,0
612.51,0.2,77.51,535.0,1,0
798.29,0.4,200.59,597.69,2,0
974.28,0.8,160.43,813.85,4,1
852.77,0.2,355.59,497.18,1,0
487.52,0.0,75.73,411.79,0,0
640.03,0.2,105.03,535.0,1,0
863.97,0.6,127.95,736.03,3,0
1529.33,1.0,675.49,853.85,5,0
854.03,0.4,226.08,627.95,2,0
1074.28,0.6,353.38,720.9,3,0
927.15,0.6,221.38,705.77,3,0
871.51,0.4,281.38,590.13,2,0
739.82,0.4,127.0,612.82,2,0
666.62,0.2,124.05,542.56,1,0
808.93,0.2,243.68,565.26,1,0
904.72,0.6,206.51,698.21,3,0
786.6,0.6,118.65,667.95,3,1
901.74,0.4,281.35,620.38,2,0
1433.85,1.2,547.57,886.28,6,1
569.66,0.0,97.35,472.31,0,0
775.01,0.4,154.62,620.38,2,0
821.28,0.6,168.46,652.82,3,0
1065.76,0.8,297.3,768.46,4,0
1713.42,1.0,814.19,899.23,5,0
1092.57,0.6,371.68,720.9,3,0
1106.64,0.8,376.0,730.64,4,1
865.7,0.6,175.05,690.64,3,0
663.21,0.4,65.51,597.69,2,0
850.32,0.6,174.81,675.51,3,0
1345.99,0.8,554.84,791.15,4,1
978.26,0.8,187.11,791.15,4,0
581.66,0.0,109.35,472.31,0,0
513.03,0.0,78.54,434.49,0,0
877.84,0.8,116.95,760.9,4,0
1452.78,0.8,608.68,844.1,4,0
1188.6,0.4,575.78,612.82,2,0
1026.52,0.4,413.7,612.82,2,0
1580.13,1.2,663.59,916.54,6,0
941.32,0.4,290.68,650.64,2,0
689.43,0.2,139.3,550.13,1,0
655.91,0.2,98.22,557.69,1,0
708.25,0.2,188.38,519.87,1,1
585.76,0.0,151.27,434.49,0,0
827.69,0.4,169.49,658.21,2,1
812.13,0.4,169.05,643.08,2,0
1046.65,0.6,310.62,736.03,3,0
531.29,0.0,74.11,457.18,0,0
834.39,0.8,88.62,745.77,4,0
1103.71,0.6,390.38,713.33,3,0
633.68,0.2,106.24,527.44,1,0
1286.86,1.0,470.84,816.03,5,0
1461.36,1.0,668.03,793.33,5,1
702.45,0.2,144.76,557.69,1,0
717.75,0.4,120.05,597.69,2,1
844.16,0.6,161.08,683.08,3,1
859.56,0.2,301.86,557.69,1,0
908.42,0.4,250.22,658.21,2,0
797.84,0.4,230.41,567.44,2,0
928.16,0.4,292.65,635.51,2,0
628.73,0.2,93.73,535.0,1,0
440.74,0.0,36.51,404.23,0,0
786.88,0.2,229.19,557.69,1,0
639.01,0.2,134.27,504.74,1,0
995.5,0.8,242.16,753.33,4,1
528.31,0.0,56.0,472.31,0,0
904.75,0.8,174.11,730.64,4,1
1068.61,0.8,262.32,806.28,4,1
938.52,0.6,225.19,713.33,3,0
957.03,0.8,181.0,776.03,4,0
622.89,0.0,188.41,434.49,0,1
652.41,0.2,117.41,535.0,1,1
587.98,0.2,60.54,527.44,1,0
854.28,0.8,108.51,745.77,4,1
943.28,0.6,290.46,652.82,3,0
859.34,0.4,269.22,590.13,2,0
1076.46,0.8,300.43,776.03,4,0
1049.94,0.8,266.35,783.59,4,0
606.62,0.2,71.62,535.0,1,0
1145.74,1.0,246.51,899.23,5,1
957.57,0.6,229.11,728.46,3,0
1233.99,0.8,435.27,798.72,4,1
653.82,0.2,149.08,504.74,1,0
1218.13,0.8,426.97,791.15,4,0
1848.88,1.4,801.57,1047.31,7,0
499.3,0.0,64.81,434.49,0,0
1243.32,1.0,366.78,876.54,5,0
1320.58,1.2,381.35,939.23,6,0
745.9,0.6,85.51,660.38,3,0
805.68,0.4,245.81,559.87,2,0
823.58,0.4,165.38,658.21,2,0
733.93,0.4,75.73,658.21,2,0
552.43,0.0,117.95,434.49,0,0
1171.55,0.8,365.27,806.28,4,0
474.6,0.0,40.11,434.49,0,0
901.68,0.6,180.78,720.9,3,1
727.69,0.2,162.43,565.26,1,0
477.62,0.0,28.0,449.62,0,0
961.37,0.8,177.78,783.59,4,0
577.32,0.2,42.32,535.0,1,0
438.9,0.0,27.11,411.79,0,1
506.41,0.0,71.92,434.49,0,0
1088.44,0.6,382.68,705.77,3,1
644.75,0.2,87.05,557.69,1,0
729.55,0.2,164.3,565.26,1,0
813.05,0.6,129.97,683.08,3,1
709.53,0.4,111.84,597.69,2,0
607.88,0.2,103.14,504.74,1,1
571.4,0.2,74.22,497.18,1,0
714.94,0.2,157.24,557.69,1,0
494.23,0.0,82.43,411.79,0,1
453.66,0.0,49.43,404.23,0,0
1041.11,0.8,219.7,821.41,4,0
894.15,0.6,188.38,705.77,3,1
565.39,0.0,100.65,464.74,0,0
502.49,0.0,68.0,434.49,0,1
635.0,0.2,100.0,535.0,1,0
598.6,0.0,164.11,434.49,0,1
457.79,0.0,46.0,411.79,0,0
859.35,0.8,136.27,723.08,4,0
766.05,0.6,143.49,622.56,3,0
1025.3,0.4,457.86,567.44,2,1
1018.47,0.6,312.7,705.77,3,0
606.21,0.2,109.03,497.18,1,0
658.21,0.2,115.65,542.56,1,0
1013.03,1.0,151.62,861.41,5,1
1224.12,0.6,518.35,705.77,3,1
1120.95,0.6,453.0,667.95,3,1
713.07,0.2,162.95,550.13,1,0
431.2,0.0,19.41,411.79,0,0
955.52,0.6,234.62,720.9,3,0
757.83,0.2,200.14,557.69,1,0
817.51,0.4,182.0,635.51,2,0
1243.74,0.8,429.89,813.85,4,0
1032.44,0.6,372.05,660.38,3,0
1475.98,1.2,574.57,901.41,6,1
803.99,0.2,246.3,557.69,1,1
1292.05,0.8,516.03,776.03,4,0
764.15,0.2,198.89,565.26,1,0
1015.85,1.0,169.57,846.28,5,1
