"Total_Cost","Ratio_Reloc_Prod","Horiz_Cost","Vert_Cost","nReloc","non_Optimal"
227062.55,0.446,34844.02,192218.71,669,375
664.2,0.5,98.95,565.26,2,1
775.88,0.75,117.68,658.21,3,1
1011.66,1.25,212.95,798.72,5,1
841.92,1.0,113.46,728.46,4,1
421.03,0.0,34.11,386.92,0,1
698.39,0.75,93.14,605.26,3,1
508.4,0.25,51.22,457.18,1,1
439.34,0.0,67.54,371.79,0,1
820.19,0.75,192.24,627.95,3,1
575.5,0.25,110.76,464.74,1,1
639.67,0.5,89.54,550.13,2,1
810.35,1.0,127.27,683.08,4,1
728.77,0.75,115.95,612.82,3,1
492.05,0.25,50.0,442.05,1,1
596.96,0.5,84.65,512.31,2,1
586.52,0.5,74.22,512.31,2,1
777.86,1.0,102.35,675.51,4,1
573.05,0.25,131.0,442.05,1,1
646.34,0.75,56.22,590.13,3,1
430.87,0.0,51.51,379.36,0,1
489.26,0.0,132.59,356.67,0,1
971.09,1.5,185.32,785.77,6,1
598.71,0.5,78.84,519.87,2,1
552.53,0.5,62.92,489.62,2,1
706.19,0.5,163.62,542.56,2,1
733.0,0.75,105.05,627.95,3,1
789.78,0.75,146.7,643.08,3,1
710.4,0.75,67.32,643.08,3,1
369.81,0.0,20.7,349.1,0,1
698.8,0.75,108.68,590.13,3,1
653.23,0.5,95.54,557.69,2,1
612.22,0.25,124.78,487.44,1,1
583.23,0.25,118.49,464.74,1,1
539.1,0.5,41.92,497.18,2,1
590.1,0.25,140.49,449.62,1,1
755.41,0.75,127.46,627.95,3,1
652.57,0.5,132.7,519.87,2,1
523.61,0.25,66.43,457.18,1,1
473.8,0.0,109.57,364.23,0,1
393.32,0.0,44.22,349.1,0,1
613.74,0.25,149.0,464.74,1,1
612.59,0.5,70.03,542.56,2,1
591.18,0.25,134.0,457.18,1,1
810.89,1.0,135.38,675.51,4,1
790.3,0.75,154.78,635.51,3,1
585.31,0.25,120.57,464.74,1,1
816.64,1.0,133.57,683.08,4,1
669.11,0.5,141.68,527.44,2,1
436.82,0.0,65.03,371.79,0,1
649.34,0.5,91.65,557.69,2,1
449.82,0.0,78.03,371.79,0,1
449.3,0.0,54.81,394.49,0,1
630.58,0.5,65.32,565.26,2,1
487.65,0.25,60.73,426.92,1,1
741.3,0.75,113.35,627.95,3,1
419.05,0.0,69.95,349.1,0,1
792.99,1.0,87.22,705.77,4,1
451.73,0.0,64.81,386.92,0,1
762.61,1.0,117.35,645.26,4,1
585.81,0.5,50.81,535.0,2,1
553.74,0.25,81.43,472.31,1,1
528.81,0.25,86.76,442.05,1,1
833.35,1.0,165.41,667.95,4,1
1114.35,1.5,245.38,868.97,6,1
754.26,0.75,149.0,605.26,3,1
672.66,0.5,99.84,572.82,2,1
513.09,0.0,141.3,371.79,0,1
585.15,0.5,72.84,512.31,2,1
383.02,0.0,33.92,349.1,0,1
603.87,0.5,76.43,527.44,2,1
407.2,0.0,35.41,371.79,0,1
669.48,0.75,86.92,582.56,3,1
611.69,0.25,154.51,457.18,1,1
493.36,0.25,66.43,426.92,1,1
374.24,0.0,32.7,341.54,0,1
647.58,0.25,182.84,464.74,1,1
664.73,0.5,122.16,542.56,2,1
550.63,0.25,78.32,472.31,1,1
402.67,0.0,46.0,356.67,0,1
456.44,0.0,84.65,371.79,0,1
570.93,0.5,58.62,512.31,2,1
1079.68,1.75,170.7,908.97,7,1
467.25,0.0,95.46,371.79,0,1
476.27,0.0,89.35,386.92,0,1
687.11,0.5,152.11,535.0,2,1
612.34,0.5,62.22,550.13,2,1
610.57,0.5,83.14,527.44,2,1
579.17,0.5,51.73,527.44,2,1
539.83,0.25,82.65,457.18,1,1
384.75,0.0,43.22,341.54,0,1
527.11,0.25,85.05,442.05,1,1
552.37,0.5,47.62,504.74,2,1
592.06,0.5,64.62,527.44,2,1
500.58,0.25,43.41,457.18,1,1
379.65,0.0,38.11,341.54,0,1
545.45,0.5,40.7,504.74,2,1
716.56,0.75,118.86,597.69,3,1
596.54,0.5,61.54,535.0,2,1
417.45,0.0,53.22,364.23,0,1
554.28,0.25,89.54,464.74,1,1
455.44,0.0,83.65,371.79,0,1
571.75,0.25,129.7,442.05,1,1
385.16,0.0,43.62,341.54,0,1
392.77,0.0,36.11,356.67,0,1
375.94,0.0,34.41,341.54,0,1
624.78,0.75,42.22,582.56,3,1
875.02,1.25,91.43,783.59,5,1
676.77,0.75,71.51,605.26,3,1
377.0,0.0,43.03,333.97,0,1
541.38,0.25,114.46,426.92,1,1
853.82,1.25,108.05,745.77,5,1
724.63,0.75,119.38,605.26,3,1
888.25,1.25,127.35,760.9,5,1
810.8,1.0,120.16,690.64,4,1
996.53,1.5,112.43,884.1,6,1
647.27,0.75,79.84,567.44,3,1
824.82,0.75,219.57,605.26,3,1
557.55,0.25,85.24,472.31,1,1
548.57,0.25,68.7,479.87,1,1
555.09,0.25,90.35,464.74,1,1
457.74,0.0,85.95,371.79,0,1
662.85,0.5,105.16,557.69,2,1
682.43,0.75,99.86,582.56,3,1
389.1,0.0,40.0,349.1,0,1
640.27,0.5,158.22,482.05,2,1
709.91,0.75,104.65,605.26,3,1
464.05,0.0,107.38,356.67,0,1
456.28,0.0,76.92,379.36,0,1
447.85,0.0,83.62,364.23,0,1
367.94,0.0,26.41,341.54,0,1
855.85,1.0,150.08,705.77,4,1
475.3,0.0,95.95,379.36,0,1
355.82,0.0,29.41,326.41,0,1
674.02,0.75,76.32,597.69,3,1
398.46,0.0,56.92,341.54,0,1
711.72,0.5,146.46,565.26,2,1
535.87,0.25,101.38,434.49,1,1
911.14,1.25,142.68,768.46,5,1
372.94,0.0,31.41,341.54,0,1
819.64,1.0,121.43,698.21,4,1
861.98,1.0,141.08,720.9,4,1
595.83,0.25,146.22,449.62,1,1
561.44,0.25,89.14,472.31,1,1
602.22,0.25,167.73,434.49,1,1
480.02,0.25,30.41,449.62,1,1
560.66,0.25,88.35,472.31,1,1
388.51,0.0,39.41,349.1,0,1
546.83,0.25,89.65,457.18,1,1
486.05,0.25,44.0,442.05,1,1
820.43,1.25,97.35,723.08,5,1
865.47,1.0,159.7,705.77,4,1
398.53,0.0,49.43,349.1,0,1
665.24,0.5,122.68,542.56,2,1
490.16,0.25,48.11,442.05,1,1
693.76,0.75,65.81,627.95,3,1
558.96,0.25,101.78,457.18,1,1
1058.4,1.5,242.38,816.03,6,1
805.91,1.0,115.27,690.64,4,1
448.92,0.0,54.43,394.49,0,1
715.43,0.75,79.92,635.51,3,1
403.93,0.0,39.7,364.23,0,1
809.05,1.0,125.97,683.08,4,1
656.76,0.5,121.76,535.0,2,1
592.22,0.25,157.73,434.49,1,1
863.32,1.0,180.24,683.08,4,1
593.85,0.5,81.54,512.31,2,1
511.05,0.25,61.43,449.62,1,1
424.63,0.0,52.84,371.79,0,1
502.24,0.25,52.62,449.62,1,1
660.63,0.5,133.19,527.44,2,1
579.36,0.0,207.57,371.79,0,1
492.46,0.25,65.54,426.92,1,1
607.1,0.5,64.54,542.56,2,1
405.74,0.0,41.51,364.23,0,1
803.98,0.75,176.03,627.95,3,1
535.31,0.25,78.14,457.18,1,1
436.07,0.0,71.84,364.23,0,1
560.4,0.25,118.35,442.05,1,1
794.41,0.75,174.03,620.38,3,1
494.27,0.25,52.22,442.05,1,1
523.15,0.25,58.41,464.74,1,1
689.86,0.75,99.73,590.13,3,1
517.8,0.25,60.62,457.18,1,1
423.85,0.0,59.62,364.23,0,1
646.27,0.75,63.7,582.56,3,1
722.8,0.75,117.54,605.26,3,1
498.78,0.25,56.73,442.05,1,1
379.57,0.0,38.03,341.54,0,1
759.46,1.0,83.95,675.51,4,1
890.94,1.25,107.35,783.59,5,1
485.38,0.0,98.46,386.92,0,1
984.13,1.5,168.11,816.03,6,1
586.54,0.5,59.11,527.44,2,1
596.59,0.5,106.97,489.62,2,1
420.5,0.0,48.7,371.79,0,1
601.22,0.5,81.35,519.87,2,1
808.62,1.0,140.68,667.95,4,1
805.26,1.0,107.05,698.21,4,1
724.38,0.75,96.43,627.95,3,1
569.2,0.25,104.46,464.74,1,1
819.37,1.0,121.16,698.21,4,1
465.39,0.25,46.03,419.36,1,1
689.24,0.75,106.68,582.56,3,1
772.46,1.0,96.95,675.51,4,1
590.9,0.5,71.03,519.87,2,1
560.79,0.5,40.92,519.87,2,1
530.61,0.25,73.43,457.18,1,1
684.67,0.5,142.11,542.56,2,1
707.85,0.75,110.16,597.69,3,1
802.08,1.25,94.14,707.95,5,1
443.37,0.0,79.14,364.23,0,1
810.82,1.0,105.05,705.77,4,1
719.38,0.75,91.43,627.95,3,1
561.89,0.25,112.27,449.62,1,1
521.58,0.25,56.84,464.74,1,1
699.39,0.75,94.14,605.26,3,1
625.72,0.25,168.54,457.18,1,1
788.46,0.75,145.38,643.08,3,1
518.59,0.25,76.54,442.05,1,1
373.24,0.0,31.7,341.54,0,1
618.43,0.5,83.43,535.0,2,1
990.5,1.25,237.16,753.33,5,1
824.7,0.75,181.62,643.08,3,1
473.52,0.0,94.16,379.36,0,1
596.91,0.25,147.3,449.62,1,1
607.04,0.5,109.86,497.18,2,1
459.34,0.0,87.54,371.79,0,1
526.11,0.25,84.05,442.05,1,1
357.63,0.0,31.22,326.41,0,1
801.53,1.0,103.32,698.21,4,1
528.35,0.25,78.73,449.62,1,1
659.45,0.5,101.76,557.69,2,1
1029.43,1.5,152.89,876.54,6,1
705.35,0.75,77.41,627.95,3,1
518.05,0.25,68.43,449.62,1,1
523.7,0.25,81.65,442.05,1,1
662.08,0.5,127.08,535.0,2,1
447.39,0.0,68.03,379.36,0,1
596.93,0.5,77.05,519.87,2,1
549.64,0.25,92.46,457.18,1,1
547.23,0.25,74.92,472.31,1,1
666.05,0.5,123.49,542.56,2,1
656.7,0.5,106.57,550.13,2,1
851.64,1.0,161.0,690.64,4,1
621.49,0.5,94.05,527.44,2,1
637.76,0.5,102.76,535.0,2,1
645.86,0.5,95.73,550.13,2,1
648.02,0.5,90.32,557.69,2,1
388.23,0.0,24.0,364.23,0,1
407.74,0.0,43.51,364.23,0,1
749.7,0.75,106.62,643.08,3,1
680.82,0.5,115.57,565.26,2,1
485.38,0.25,43.32,442.05,1,1
628.64,0.5,123.89,504.74,2,1
635.89,0.5,93.32,542.56,2,1
733.46,0.75,97.95,635.51,3,1
639.16,0.5,89.03,550.13,2,1
429.96,0.0,65.73,364.23,0,1
706.78,0.5,164.22,542.56,2,1
581.35,0.25,93.92,487.44,1,1
403.48,0.0,46.81,356.67,0,1
718.47,0.75,105.65,612.82,3,1
820.34,1.0,114.57,705.77,4,1
555.94,0.25,98.76,457.18,1,1
726.39,0.75,113.57,612.82,3,1
388.67,0.0,32.0,356.67,0,1
802.05,1.0,118.97,683.08,4,1
638.54,0.5,103.54,535.0,2,1
507.45,0.25,42.7,464.74,1,1
479.73,0.25,52.81,426.92,1,1
716.76,0.75,81.24,635.51,3,1
430.32,0.0,73.65,356.67,0,1
723.54,0.5,188.54,535.0,2,1
581.39,0.25,109.08,472.31,1,1
634.48,0.5,84.35,550.13,2,1
784.29,1.0,93.65,690.64,4,1
815.7,1.0,140.19,675.51,4,1
577.79,0.5,57.92,519.87,2,1
698.55,0.5,133.3,565.26,2,1
960.86,1.25,169.7,791.15,5,1
669.5,0.75,71.81,597.69,3,1
556.66,0.5,51.92,504.74,2,1
578.49,0.5,58.62,519.87,2,1
567.61,0.25,102.86,464.74,1,1
381.1,0.0,32.0,349.1,0,1
605.56,0.25,163.51,442.05,1,1
530.21,0.25,73.03,457.18,1,1
439.98,0.0,60.62,379.36,0,1
656.99,0.5,159.81,497.18,2,1
813.82,1.0,108.05,705.77,4,1
641.63,0.5,68.81,572.82,2,1
408.96,0.0,44.73,364.23,0,1
670.61,0.75,72.92,597.69,3,1
661.36,0.75,56.11,605.26,3,1
484.86,0.25,42.81,442.05,1,1
579.33,0.25,99.46,479.87,1,1
353.82,0.0,27.41,326.41,0,1
381.1,0.0,32.0,349.1,0,1
583.32,0.5,48.32,535.0,2,1
554.88,0.25,90.14,464.74,1,1
672.99,0.5,122.86,550.13,2,1
704.51,0.75,114.38,590.13,3,1
556.04,0.25,98.86,457.18,1,1
543.43,0.5,68.95,474.49,2,1
589.9,0.5,70.03,519.87,2,1
439.93,0.0,68.14,371.79,0,1
563.06,0.25,90.76,472.31,1,1
503.56,0.25,61.51,442.05,1,1
435.96,0.0,71.73,364.23,0,1
777.86,0.75,134.78,643.08,3,1
665.56,0.5,107.86,557.69,2,1
650.99,0.5,100.86,550.13,2,1
542.88,0.25,78.14,464.74,1,1
748.11,0.75,120.16,627.95,3,1
764.8,0.75,114.16,650.64,3,1
419.15,0.0,54.92,364.23,0,1
388.46,0.0,46.92,341.54,0,1
577.15,0.25,119.97,457.18,1,1
707.23,0.5,141.97,565.26,2,1
501.32,0.25,51.7,449.62,1,1
585.71,0.25,105.84,479.87,1,1
567.2,0.25,87.32,479.87,1,1
742.65,0.75,107.14,635.51,3,1
508.29,0.25,66.24,442.05,1,1
576.84,0.5,49.41,527.44,2,1
585.08,0.25,97.65,487.44,1,1
665.23,0.5,107.54,557.69,2,1
464.55,0.0,92.76,371.79,0,1
416.5,0.0,59.84,356.67,0,1
481.11,0.25,46.62,434.49,1,1
370.54,0.0,29.0,341.54,0,1
422.94,0.0,73.84,349.1,0,1
646.86,0.5,111.86,535.0,2,1
529.96,0.25,65.22,464.74,1,1
431.2,0.0,59.41,371.79,0,1
561.89,0.25,112.27,449.62,1,1
730.71,0.75,102.76,627.95,3,1
741.6,0.75,113.65,627.95,3,1
683.53,0.75,85.84,597.69,3,1
635.12,0.5,77.43,557.69,2,1
670.7,0.5,120.57,550.13,2,1
604.52,0.5,84.65,519.87,2,1
381.05,0.0,39.51,341.54,0,1
613.12,0.5,93.24,519.87,2,1
425.04,0.0,60.81,364.23,0,1
566.25,0.25,93.95,472.31,1,1
759.29,1.0,76.22,683.08,4,1
418.06,0.0,38.7,379.36,0,1
699.36,0.75,86.54,612.82,3,1
552.37,0.25,102.76,449.62,1,1
422.12,0.0,50.32,371.79,0,1
783.22,1.0,115.27,667.95,4,1
521.78,0.25,79.73,442.05,1,1
494.91,0.0,145.81,349.1,0,1
615.6,0.5,88.16,527.44,2,1
765.67,0.75,130.16,635.51,3,1
571.26,0.5,66.51,504.74,2,1
372.24,0.0,30.7,341.54,0,1
383.86,0.0,42.32,341.54,0,1
667.81,0.5,125.24,542.56,2,1
784.48,1.0,101.41,683.08,4,1
412.2,0.0,40.41,371.79,0,1
536.18,0.25,71.43,464.74,1,1
648.26,0.5,98.14,550.13,2,1
432.17,0.0,52.81,379.36,0,1
698.69,0.5,125.86,572.82,2,1
676.97,0.75,86.84,590.13,3,1
635.79,0.5,123.49,512.31,2,1
466.23,0.0,109.57,356.67,0,1
712.47,1.0,67.22,645.26,4,1
493.79,0.25,74.43,419.36,1,1
777.0,1.0,109.05,667.95,4,1
472.27,0.0,85.35,386.92,0,1
732.65,0.75,112.27,620.38,3,1
576.01,0.25,111.27,464.74,1,1
