"Total_Cost","Ratio_Reloc_Prod","Horiz_Cost","Vert_Cost","nReloc","non_Optimal"
227988.89,0.4507,36609.58,191379.36,676,750
414.27,0.5,120.3,293.97,1,1
218.27,0.0,24.81,193.46,0,1
340.23,0.5,68.95,271.28,1,1
221.03,0.0,20.0,201.03,0,1
419.91,1.0,63.24,356.67,2,1
205.16,0.0,11.7,193.46,0,1
334.34,0.5,63.05,271.28,1,1
482.22,1.0,102.86,379.36,2,1
216.16,0.0,22.7,193.46,0,1
215.46,0.0,22.0,193.46,0,1
615.5,1.5,158.32,457.18,3,1
211.95,0.0,33.62,178.33,0,1
222.06,0.0,43.73,178.33,0,1
239.03,0.0,53.14,185.9,0,1
234.38,0.0,40.92,193.46,0,1
208.9,0.0,23.0,185.9,0,1
334.33,0.5,47.92,286.41,1,1
437.21,1.0,80.54,356.67,2,1
228.38,0.0,34.92,193.46,0,1
199.9,0.0,14.0,185.9,0,1
299.43,0.5,50.84,248.59,1,1
192.6,0.0,6.7,185.9,0,1
314.62,0.5,66.03,248.59,1,1
201.6,0.0,15.7,185.9,0,1
204.99,0.0,34.22,170.77,0,1
228.27,0.0,34.81,193.46,0,1
211.9,0.0,26.0,185.9,0,1
227.31,0.0,56.54,170.77,0,1
534.29,1.5,92.24,442.05,3,1
310.98,0.5,39.7,271.28,1,1
198.33,0.0,20.0,178.33,0,1
177.21,0.0,14.0,163.21,0,1
197.74,0.0,19.41,178.33,0,1
177.21,0.0,14.0,163.21,0,1
194.33,0.0,16.0,178.33,0,1
212.82,0.0,26.92,185.9,0,1
457.25,1.0,85.46,371.79,2,1
419.7,1.0,78.16,341.54,2,1
308.82,0.5,22.41,286.41,1,1
445.69,1.0,81.46,364.23,2,1
201.3,0.0,15.41,185.9,0,1
270.59,0.5,22.0,248.59,1,1
265.36,0.0,79.46,185.9,0,1
193.33,0.0,15.0,178.33,0,1
339.47,0.5,75.76,263.72,1,1
205.9,0.0,20.0,185.9,0,1
210.33,0.0,32.0,178.33,0,1
254.98,0.5,21.51,233.46,1,1
211.85,0.0,33.51,178.33,0,1
485.62,1.0,136.51,349.1,2,1
316.06,0.5,37.22,278.85,1,1
421.29,1.0,64.62,356.67,2,1
216.87,0.0,23.41,193.46,0,1
447.28,1.0,83.05,364.23,2,1
186.33,0.0,8.0,178.33,0,1
348.37,0.5,99.78,248.59,1,1
307.34,0.5,43.62,263.72,1,1
215.95,0.0,37.62,178.33,0,1
316.92,0.5,30.51,286.41,1,1
372.36,0.5,101.08,271.28,1,1
355.75,0.5,107.16,248.59,1,1
403.51,1.0,69.54,333.97,2,1
302.23,0.5,38.51,263.72,1,1
410.85,1.0,46.62,364.23,2,1
195.04,0.0,16.7,178.33,0,1
196.33,0.0,18.0,178.33,0,1
349.07,0.5,85.35,263.72,1,1
190.33,0.0,12.0,178.33,0,1
201.8,0.0,31.03,170.77,0,1
329.03,0.5,42.62,286.41,1,1
318.45,0.5,54.73,263.72,1,1
357.9,0.5,79.05,278.85,1,1
428.82,1.0,57.03,371.79,2,1
339.23,0.5,67.95,271.28,1,1
377.14,0.5,83.16,293.97,1,1
391.59,1.0,34.92,356.67,2,1
480.14,1.5,53.22,426.92,3,1
438.6,1.0,112.19,326.41,2,1
341.26,0.5,77.54,263.72,1,1
282.12,0.5,18.41,263.72,1,1
207.3,0.0,21.41,185.9,0,1
202.85,0.0,24.51,178.33,0,1
197.14,0.0,18.81,178.33,0,1
178.77,0.0,8.0,170.77,0,1
171.91,0.0,8.7,163.21,0,1
351.79,0.5,72.95,278.85,1,1
377.38,1.0,43.41,333.97,2,1
331.28,1.0,20.0,311.28,2,1
416.06,0.5,137.22,278.85,1,1
215.9,0.0,45.14,170.77,0,1
177.31,0.0,14.11,163.21,0,1
196.44,0.0,18.11,178.33,0,1
202.33,0.0,24.0,178.33,0,1
361.06,0.5,74.65,286.41,1,1
210.87,0.0,17.41,193.46,0,1
212.01,0.0,26.11,185.9,0,1
607.64,2.0,110.46,497.18,4,1
406.74,1.0,42.51,364.23,2,1
245.84,0.0,44.81,201.03,0,1
414.3,1.0,72.76,341.54,2,1
326.11,0.5,39.7,286.41,1,1
190.88,0.0,20.11,170.77,0,1
316.55,0.5,37.7,278.85,1,1
256.5,0.0,78.16,178.33,0,1
407.65,1.0,81.24,326.41,2,1
288.96,0.5,32.81,256.15,1,1
214.41,0.0,28.51,185.9,0,1
211.9,0.0,26.0,185.9,0,1
183.21,0.0,20.0,163.21,0,1
365.65,0.5,79.24,286.41,1,1
279.59,0.5,31.0,248.59,1,1
476.88,1.0,105.08,371.79,2,1
224.92,0.0,39.03,185.9,0,1
389.16,1.0,47.62,341.54,2,1
259.41,0.0,65.95,193.46,0,1
414.25,0.5,135.41,278.85,1,1
327.38,0.5,33.41,293.97,1,1
209.9,0.0,24.0,185.9,0,1
294.23,0.5,30.51,263.72,1,1
400.78,1.0,59.24,341.54,2,1
207.9,0.0,22.0,185.9,0,1
371.05,1.0,29.51,341.54,2,1
307.06,0.5,28.22,278.85,1,1
407.59,1.0,66.05,341.54,2,1
342.09,0.5,63.24,278.85,1,1
331.63,0.5,45.22,286.41,1,1
454.45,1.5,50.22,404.23,3,1
410.92,1.0,76.95,333.97,2,1
380.67,1.0,24.0,356.67,2,1
236.33,0.0,50.43,185.9,0,1
211.9,0.0,26.0,185.9,0,1
205.14,0.0,26.81,178.33,0,1
182.77,0.0,12.0,170.77,0,1
335.63,0.5,49.22,286.41,1,1
183.21,0.0,20.0,163.21,0,1
309.13,0.5,60.54,248.59,1,1
526.54,1.5,92.05,434.49,3,1
315.83,0.5,67.24,248.59,1,1
232.33,0.0,46.43,185.9,0,1
200.44,0.0,22.11,178.33,0,1
176.21,0.0,13.0,163.21,0,1
246.93,0.0,76.16,170.77,0,1
528.95,1.5,94.46,434.49,3,1
388.67,1.0,32.0,356.67,2,1
465.68,1.5,46.32,419.36,3,1
448.88,1.0,84.65,364.23,2,1
255.79,0.0,77.46,178.33,0,1
394.54,0.5,100.57,293.97,1,1
217.46,0.0,24.0,193.46,0,1
214.06,0.0,35.73,178.33,0,1
324.92,0.5,38.51,286.41,1,1
236.38,0.0,42.92,193.46,0,1
362.11,1.0,35.7,326.41,2,1
374.73,1.0,48.32,326.41,2,1
183.21,0.0,20.0,163.21,0,1
346.9,1.0,35.62,311.28,2,1
295.14,0.0,101.68,193.46,0,1
209.3,0.0,23.41,185.9,0,1
383.0,1.0,49.03,333.97,2,1
295.52,0.5,62.05,233.46,1,1
185.88,0.0,15.11,170.77,0,1
453.94,1.0,97.27,356.67,2,1
302.91,0.5,54.32,248.59,1,1
463.07,1.5,58.84,404.23,3,1
278.12,0.5,14.41,263.72,1,1
240.53,0.0,69.76,170.77,0,1
204.6,0.0,18.7,185.9,0,1
232.68,0.0,39.22,193.46,0,1
576.07,2.0,86.46,489.62,4,1
222.54,0.0,21.51,201.03,0,1
198.28,0.0,27.51,170.77,0,1
169.21,0.0,6.0,163.21,0,1
177.91,0.0,14.7,163.21,0,1
180.17,0.0,9.41,170.77,0,1
381.03,1.0,54.62,326.41,2,1
175.21,0.0,12.0,163.21,0,1
285.43,0.0,91.97,193.46,0,1
340.14,0.5,53.73,286.41,1,1
375.16,1.0,33.62,341.54,2,1
338.63,0.5,67.35,271.28,1,1
213.9,0.0,28.0,185.9,0,1
312.15,0.5,48.43,263.72,1,1
209.41,0.0,23.51,185.9,0,1
418.5,1.0,61.84,356.67,2,1
452.8,1.5,56.14,396.67,3,1
219.36,0.0,41.03,178.33,0,1
356.81,0.5,62.84,293.97,1,1
213.16,0.0,19.7,193.46,0,1
177.31,0.0,14.11,163.21,0,1
317.8,0.5,61.65,256.15,1,1
232.38,0.0,38.92,193.46,0,1
273.24,0.5,32.22,241.03,1,1
199.04,0.0,20.7,178.33,0,1
223.01,0.0,37.11,185.9,0,1
369.46,0.5,83.05,286.41,1,1
333.28,1.0,22.0,311.28,2,1
352.47,0.5,88.76,263.72,1,1
206.9,0.0,21.0,185.9,0,1
446.81,1.0,105.27,341.54,2,1
317.95,0.5,39.11,278.85,1,1
393.38,1.0,51.84,341.54,2,1
356.04,0.5,84.76,271.28,1,1
234.27,0.0,40.81,193.46,0,1
324.58,0.5,45.73,278.85,1,1
372.46,1.0,30.92,341.54,2,1
218.11,0.0,32.22,185.9,0,1
401.67,1.0,45.0,356.67,2,1
232.17,0.0,53.84,178.33,0,1
400.13,1.0,51.03,349.1,2,1
381.86,1.0,40.32,341.54,2,1
194.33,0.0,16.0,178.33,0,1
305.29,0.5,49.14,256.15,1,1
325.61,0.5,54.32,271.28,1,1
231.63,0.0,45.73,185.9,0,1
432.35,1.0,98.38,333.97,2,1
312.36,0.5,33.51,278.85,1,1
308.82,0.5,22.41,286.41,1,1
469.58,1.5,50.22,419.36,3,1
212.01,0.0,26.11,185.9,0,1
324.11,0.5,37.7,286.41,1,1
255.41,0.0,61.95,193.46,0,1
315.52,0.5,29.11,286.41,1,1
196.33,0.0,18.0,178.33,0,1
442.93,1.0,139.22,303.72,2,1
217.95,0.0,39.62,178.33,0,1
430.07,1.0,65.84,364.23,2,1
207.46,0.0,14.0,193.46,0,1
196.33,0.0,18.0,178.33,0,1
196.44,0.0,18.11,178.33,0,1
339.32,0.5,83.16,256.15,1,1
299.72,0.5,36.0,263.72,1,1
199.04,0.0,20.7,178.33,0,1
255.25,0.0,69.35,185.9,0,1
306.95,0.5,28.11,278.85,1,1
236.61,0.0,80.97,155.64,0,1
202.33,0.0,24.0,178.33,0,1
307.39,0.5,36.11,271.28,1,1
217.46,0.0,24.0,193.46,0,1
398.95,1.0,72.54,326.41,2,1
194.33,0.0,16.0,178.33,0,1
198.44,0.0,20.11,178.33,0,1
589.62,2.0,107.57,482.05,4,1
361.09,0.5,82.24,278.85,1,1
467.52,1.5,55.73,411.79,3,1
467.8,1.5,71.14,396.67,3,1
302.18,0.5,46.03,256.15,1,1
340.09,1.0,28.81,311.28,2,1
193.58,0.0,22.81,170.77,0,1
238.65,0.0,37.62,201.03,0,1
224.87,0.0,31.41,193.46,0,1
217.41,0.0,31.51,185.9,0,1
177.21,0.0,14.0,163.21,0,1
286.44,0.5,60.54,225.9,1,1
225.03,0.0,24.0,201.03,0,1
205.14,0.0,26.81,178.33,0,1
373.05,1.0,31.51,341.54,2,1
232.92,0.0,47.03,185.9,0,1
197.33,0.0,19.0,178.33,0,1
296.07,0.5,39.92,256.15,1,1
197.33,0.0,19.0,178.33,0,1
179.21,0.0,16.0,163.21,0,1
203.55,0.0,25.22,178.33,0,1
345.77,0.5,82.05,263.72,1,1
176.21,0.0,13.0,163.21,0,1
180.21,0.0,17.0,163.21,0,1
206.33,0.0,28.0,178.33,0,1
232.92,0.0,47.03,185.9,0,1
212.33,0.0,34.0,178.33,0,1
230.6,0.0,44.7,185.9,0,1
327.63,0.5,41.22,286.41,1,1
421.48,1.0,79.95,341.54,2,1
231.63,0.0,45.73,185.9,0,1
182.77,0.0,12.0,170.77,0,1
185.21,0.0,22.0,163.21,0,1
187.21,0.0,24.0,163.21,0,1
330.11,0.5,43.7,286.41,1,1
346.2,0.5,67.35,278.85,1,1
466.01,1.5,54.22,411.79,3,1
327.95,0.5,49.11,278.85,1,1
585.24,2.5,55.62,529.62,5,1
227.84,0.0,26.81,201.03,0,1
374.28,1.0,55.43,318.85,2,1
305.23,0.5,41.51,263.72,1,1
329.03,0.5,42.62,286.41,1,1
267.03,0.5,26.0,241.03,1,1
393.67,1.0,52.14,341.54,2,1
365.34,0.5,109.19,256.15,1,1
427.61,1.0,70.95,356.67,2,1
208.3,0.0,22.41,185.9,0,1
189.77,0.0,19.0,170.77,0,1
179.21,0.0,16.0,163.21,0,1
244.6,0.0,51.14,193.46,0,1
323.47,0.5,44.62,278.85,1,1
321.48,0.5,65.32,256.15,1,1
316.98,0.5,45.7,271.28,1,1
248.09,0.0,69.76,178.33,0,1
181.21,0.0,18.0,163.21,0,1
189.31,0.0,26.11,163.21,0,1
194.77,0.0,24.0,170.77,0,1
298.21,0.5,49.62,248.59,1,1
184.33,0.0,6.0,178.33,0,1
263.87,0.5,30.41,233.46,1,1
191.77,0.0,21.0,170.77,0,1
278.31,0.0,99.97,178.33,0,1
293.78,0.5,37.62,256.15,1,1
447.79,1.5,36.0,411.79,3,1
333.29,0.5,77.14,256.15,1,1
196.04,0.0,17.7,178.33,0,1
195.88,0.0,25.11,170.77,0,1
289.48,0.5,33.32,256.15,1,1
171.21,0.0,8.0,163.21,0,1
303.41,0.5,69.95,233.46,1,1
234.22,0.0,48.32,185.9,0,1
188.77,0.0,18.0,170.77,0,1
194.77,0.0,24.0,170.77,0,1
197.42,0.0,34.22,163.21,0,1
440.28,1.0,129.0,311.28,2,1
393.1,1.0,44.0,349.1,2,1
560.89,2.0,78.84,482.05,4,1
374.87,0.5,88.46,286.41,1,1
592.57,2.0,72.7,519.87,4,1
243.98,0.0,65.65,178.33,0,1
285.37,0.5,29.22,256.15,1,1
400.34,1.0,36.11,364.23,2,1
390.33,0.5,111.49,278.85,1,1
379.05,1.0,37.51,341.54,2,1
340.19,0.5,46.22,293.97,1,1
215.68,0.0,22.22,193.46,0,1
328.11,0.5,41.7,286.41,1,1
443.13,1.0,86.46,356.67,2,1
213.14,0.0,34.81,178.33,0,1
427.11,1.0,85.57,341.54,2,1
462.64,1.0,105.97,356.67,2,1
211.41,0.0,25.51,185.9,0,1
183.31,0.0,20.11,163.21,0,1
210.44,0.0,32.11,178.33,0,1
311.85,0.5,48.14,263.72,1,1
622.15,2.0,124.97,497.18,4,1
312.1,0.5,55.95,256.15,1,1
353.56,1.0,49.84,303.72,2,1
393.88,1.0,37.22,356.67,2,1
361.08,0.5,112.49,248.59,1,1
211.36,0.0,33.03,178.33,0,1
455.4,1.5,58.73,396.67,3,1
206.55,0.0,28.22,178.33,0,1
455.08,1.0,105.97,349.1,2,1
212.33,0.0,34.0,178.33,0,1
215.06,0.0,36.73,178.33,0,1
216.6,0.0,30.7,185.9,0,1
194.33,0.0,16.0,178.33,0,1
212.01,0.0,26.11,185.9,0,1
305.88,0.5,49.73,256.15,1,1
177.21,0.0,14.0,163.21,0,1
171.91,0.0,8.7,163.21,0,1
558.24,2.0,68.62,489.62,4,1
240.89,0.0,47.43,193.46,0,1
305.69,0.5,34.41,271.28,1,1
288.67,0.5,32.51,256.15,1,1
196.33,0.0,18.0,178.33,0,1
179.21,0.0,16.0,163.21,0,1
411.53,1.0,62.43,349.1,2,1
470.47,1.5,51.11,419.36,3,1
418.38,1.0,91.97,326.41,2,1
171.21,0.0,8.0,163.21,0,1
200.04,0.0,21.7,178.33,0,1
469.77,1.5,65.54,404.23,3,1
205.3,0.0,19.41,185.9,0,1
192.44,0.0,14.11,178.33,0,1
296.93,0.5,33.22,263.72,1,1
238.54,0.0,37.51,201.03,0,1
239.01,0.0,68.24,170.77,0,1
183.17,0.0,12.41,170.77,0,1
499.1,1.5,94.86,404.23,3,1
259.2,0.0,80.86,178.33,0,1
438.72,1.0,82.05,356.67,2,1
290.23,0.5,26.51,263.72,1,1
371.17,0.5,84.76,286.41,1,1
368.92,1.0,42.51,326.41,2,1
488.85,1.5,77.05,411.79,3,1
330.02,0.5,73.86,256.15,1,1
364.01,0.5,85.16,278.85,1,1
335.28,0.5,56.43,278.85,1,1
180.02,0.0,16.81,163.21,0,1
316.74,0.5,53.03,263.72,1,1
196.44,0.0,18.11,178.33,0,1
409.6,1.0,90.76,318.85,2,1
218.11,0.0,32.22,185.9,0,1
314.9,0.5,43.62,271.28,1,1
219.52,0.0,33.62,185.9,0,1
330.22,0.5,43.81,286.41,1,1
261.9,0.0,83.57,178.33,0,1
238.17,0.0,59.84,178.33,0,1
217.9,0.0,32.0,185.9,0,1
226.82,0.0,40.92,185.9,0,1
318.15,0.5,54.43,263.72,1,1
212.9,0.0,27.0,185.9,0,1
423.38,1.0,96.97,326.41,2,1
216.71,0.0,30.81,185.9,0,1
214.36,0.0,36.03,178.33,0,1
402.11,1.0,68.14,333.97,2,1
274.52,0.0,81.05,193.46,0,1
337.07,0.5,73.35,263.72,1,1
294.62,0.5,46.03,248.59,1,1
297.59,0.5,41.43,256.15,1,1
171.21,0.0,8.0,163.21,0,1
200.04,0.0,21.7,178.33,0,1
185.21,0.0,22.0,163.21,0,1
281.81,0.5,33.22,248.59,1,1
336.11,0.5,49.7,286.41,1,1
236.17,0.0,57.84,178.33,0,1
281.78,0.0,80.76,201.03,0,1
425.0,1.0,83.46,341.54,2,1
214.9,0.0,29.0,185.9,0,1
444.13,1.0,87.46,356.67,2,1
313.55,0.0,135.22,178.33,0,1
295.37,0.5,39.22,256.15,1,1
234.22,0.0,48.32,185.9,0,1
367.54,1.0,26.0,341.54,2,1
215.9,0.0,30.0,185.9,0,1
219.63,0.0,33.73,185.9,0,1
313.74,0.5,50.03,263.72,1,1
323.15,0.5,59.43,263.72,1,1
448.26,1.0,99.16,349.1,2,1
386.04,1.0,74.76,311.28,2,1
533.67,1.5,137.0,396.67,3,1
220.66,0.0,42.32,178.33,0,1
501.2,1.5,81.84,419.36,3,1
396.83,1.0,47.73,349.1,2,1
194.33,0.0,16.0,178.33,0,1
332.11,0.5,45.7,286.41,1,1
318.8,0.5,62.65,256.15,1,1
334.21,0.5,78.05,256.15,1,1
196.33,0.0,18.0,178.33,0,1
267.25,0.0,81.35,185.9,0,1
184.77,0.0,14.0,170.77,0,1
190.77,0.0,20.0,170.77,0,1
380.57,1.0,39.03,341.54,2,1
284.05,0.5,43.03,241.03,1,1
304.59,0.5,48.43,256.15,1,1
441.6,1.0,115.19,326.41,2,1
182.72,0.0,19.51,163.21,0,1
527.53,1.5,77.92,449.62,3,1
285.69,0.5,14.41,271.28,1,1
270.54,0.5,29.51,241.03,1,1
403.8,1.0,100.08,303.72,2,1
321.77,0.5,42.92,278.85,1,1
572.03,1.5,145.11,426.92,3,1
352.95,0.5,66.54,286.41,1,1
694.52,2.5,127.08,567.44,5,1
547.16,1.5,112.68,434.49,3,1
306.77,0.5,27.92,278.85,1,1
390.3,1.0,56.32,333.97,2,1
375.41,0.5,96.57,278.85,1,1
215.16,0.0,21.7,193.46,0,1
231.68,0.0,38.22,193.46,0,1
339.53,0.5,68.24,271.28,1,1
337.75,0.5,89.16,248.59,1,1
209.9,0.0,24.0,185.9,0,1
367.55,0.5,96.27,271.28,1,1
184.33,0.0,6.0,178.33,0,1
304.85,0.5,26.0,278.85,1,1
354.99,0.5,91.27,263.72,1,1
375.05,1.0,33.51,341.54,2,1
402.11,1.0,68.14,333.97,2,1
369.71,0.5,90.86,278.85,1,1
199.9,0.0,14.0,185.9,0,1
285.72,0.5,22.0,263.72,1,1
327.51,0.5,71.35,256.15,1,1
343.93,0.5,72.65,271.28,1,1
236.33,0.0,50.43,185.9,0,1
298.23,0.5,34.51,263.72,1,1
339.66,0.5,75.95,263.72,1,1
213.9,0.0,28.0,185.9,0,1
516.66,1.5,104.86,411.79,3,1
276.26,0.5,20.11,256.15,1,1
303.28,0.5,32.0,271.28,1,1
584.23,2.0,87.05,497.18,4,1
231.63,0.0,45.73,185.9,0,1
229.19,0.0,35.73,193.46,0,1
507.66,1.5,95.86,411.79,3,1
368.26,0.5,96.97,271.28,1,1
315.64,0.0,152.43,163.21,0,1
357.01,0.5,78.16,278.85,1,1
195.14,0.0,16.81,178.33,0,1
214.01,0.0,28.11,185.9,0,1
357.61,1.0,46.32,311.28,2,1
204.39,0.0,33.62,170.77,0,1
580.7,1.5,146.22,434.49,3,1
267.55,0.0,96.78,170.77,0,1
218.11,0.0,32.22,185.9,0,1
336.11,0.5,49.7,286.41,1,1
345.34,0.5,74.05,271.28,1,1
364.9,0.5,86.05,278.85,1,1
235.03,0.0,34.0,201.03,0,1
377.67,1.0,21.0,356.67,2,1
344.85,1.0,26.0,318.85,2,1
384.77,0.5,113.49,271.28,1,1
215.46,0.0,22.0,193.46,0,1
379.33,1.0,52.92,326.41,2,1
285.67,0.5,29.51,256.15,1,1
231.03,0.0,30.0,201.03,0,1
259.79,0.0,81.46,178.33,0,1
206.01,0.0,20.11,185.9,0,1
191.04,0.0,12.7,178.33,0,1
195.04,0.0,16.7,178.33,0,1
434.81,1.0,93.27,341.54,2,1
195.33,0.0,17.0,178.33,0,1
239.84,0.0,38.81,201.03,0,1
300.21,0.5,51.62,248.59,1,1
322.8,0.5,51.51,271.28,1,1
191.04,0.0,12.7,178.33,0,1
415.73,1.0,81.76,333.97,2,1
300.85,0.5,22.0,278.85,1,1
271.84,0.5,30.81,241.03,1,1
251.11,0.0,57.65,193.46,0,1
228.58,0.0,50.24,178.33,0,1
237.03,0.0,36.0,201.03,0,1
181.21,0.0,18.0,163.21,0,1
391.88,0.5,120.59,271.28,1,1
366.76,0.5,80.35,286.41,1,1
225.57,0.0,32.11,193.46,0,1
198.33,0.0,20.0,178.33,0,1
217.36,0.0,39.03,178.33,0,1
199.74,0.0,21.41,178.33,0,1
395.6,1.0,61.62,333.97,2,1
620.05,2.0,138.0,482.05,4,1
237.03,0.0,51.14,185.9,0,1
199.46,0.0,6.0,193.46,0,1
335.93,0.5,64.65,271.28,1,1
295.62,0.5,47.03,248.59,1,1
339.53,0.5,68.24,271.28,1,1
369.81,0.5,75.84,293.97,1,1
350.2,1.0,38.92,311.28,2,1
412.34,1.0,48.11,364.23,2,1
222.82,0.0,36.92,185.9,0,1
321.51,0.5,65.35,256.15,1,1
213.9,0.0,28.0,185.9,0,1
312.67,0.5,71.65,241.03,1,1
328.69,1.0,17.41,311.28,2,1
369.87,0.5,83.46,286.41,1,1
326.33,0.5,39.92,286.41,1,1
209.9,0.0,24.0,185.9,0,1
177.21,0.0,14.0,163.21,0,1
190.77,0.0,20.0,170.77,0,1
200.44,0.0,22.11,178.33,0,1
280.59,0.5,32.0,248.59,1,1
469.25,1.0,97.46,371.79,2,1
344.97,0.5,51.0,293.97,1,1
183.21,0.0,20.0,163.21,0,1
311.41,0.5,25.0,286.41,1,1
198.33,0.0,20.0,178.33,0,1
300.83,0.5,37.11,263.72,1,1
205.9,0.0,20.0,185.9,0,1
206.33,0.0,28.0,178.33,0,1
213.14,0.0,34.81,178.33,0,1
339.93,0.5,68.65,271.28,1,1
321.47,0.5,42.62,278.85,1,1
466.34,1.0,109.68,356.67,2,1
335.21,0.5,79.05,256.15,1,1
193.74,0.0,15.41,178.33,0,1
177.21,0.0,14.0,163.21,0,1
324.61,0.5,53.32,271.28,1,1
202.33,0.0,24.0,178.33,0,1
360.24,1.0,18.7,341.54,2,1
196.28,0.0,25.51,170.77,0,1
296.78,0.5,40.62,256.15,1,1
340.56,0.5,91.97,248.59,1,1
209.9,0.0,24.0,185.9,0,1
211.85,0.0,33.51,178.33,0,1
419.0,1.0,77.46,341.54,2,1
418.14,1.0,84.16,333.97,2,1
337.41,0.5,51.0,286.41,1,1
185.42,0.0,22.22,163.21,0,1
318.56,0.5,54.84,263.72,1,1
214.6,0.0,28.7,185.9,0,1
193.04,0.0,14.7,178.33,0,1
209.01,0.0,23.11,185.9,0,1
175.21,0.0,12.0,163.21,0,1
396.67,1.0,55.14,341.54,2,1
467.04,1.5,62.81,404.23,3,1
370.76,0.5,84.35,286.41,1,1
247.68,0.0,54.22,193.46,0,1
204.9,0.0,19.0,185.9,0,1
292.21,0.5,43.62,248.59,1,1
310.74,0.5,47.03,263.72,1,1
221.66,0.0,43.32,178.33,0,1
266.76,0.0,80.86,185.9,0,1
473.7,1.0,124.59,349.1,2,1
243.03,0.0,42.0,201.03,0,1
366.51,0.5,72.54,293.97,1,1
285.67,0.5,29.51,256.15,1,1
373.57,0.5,87.16,286.41,1,1
213.3,0.0,27.41,185.9,0,1
203.25,0.0,24.92,178.33,0,1
174.61,0.0,11.41,163.21,0,1
357.77,1.0,38.92,318.85,2,1
473.31,1.0,109.08,364.23,2,1
315.12,0.5,51.41,263.72,1,1
415.17,1.0,88.76,326.41,2,1
414.24,1.0,65.14,349.1,2,1
223.03,0.0,22.0,201.03,0,1
231.08,0.0,37.62,193.46,0,1
431.96,1.0,67.73,364.23,2,1
229.68,0.0,36.22,193.46,0,1
199.04,0.0,20.7,178.33,0,1
274.15,0.5,18.0,256.15,1,1
171.21,0.0,8.0,163.21,0,1
266.76,0.0,80.86,185.9,0,1
215.01,0.0,29.11,185.9,0,1
335.17,0.5,56.32,278.85,1,1
434.51,1.0,92.97,341.54,2,1
449.58,1.0,85.35,364.23,2,1
224.87,0.0,31.41,193.46,0,1
381.14,1.0,54.73,326.41,2,1
449.04,1.5,44.81,404.23,3,1
214.27,0.0,20.81,193.46,0,1
198.33,0.0,20.0,178.33,0,1
245.79,0.0,52.32,193.46,0,1
325.51,0.5,69.35,256.15,1,1
514.43,1.5,64.81,449.62,3,1
208.85,0.0,30.51,178.33,0,1
409.04,1.0,44.81,364.23,2,1
186.33,0.0,8.0,178.33,0,1
226.87,0.0,48.54,178.33,0,1
175.21,0.0,12.0,163.21,0,1
437.83,1.0,81.16,356.67,2,1
444.76,1.0,110.78,333.97,2,1
212.87,0.0,19.41,193.46,0,1
203.14,0.0,24.81,178.33,0,1
429.1,1.0,72.43,356.67,2,1
472.64,1.5,83.54,389.1,3,1
335.12,0.5,63.84,271.28,1,1
287.42,0.5,23.7,263.72,1,1
305.99,0.5,49.84,256.15,1,1
585.95,2.0,126.59,459.36,4,1
236.92,0.0,51.03,185.9,0,1
363.09,0.5,84.24,278.85,1,1
229.03,0.0,28.0,201.03,0,1
227.46,0.0,34.0,193.46,0,1
328.96,0.5,65.24,263.72,1,1
427.11,1.0,85.57,341.54,2,1
474.65,1.0,133.11,341.54,2,1
209.95,0.0,31.62,178.33,0,1
318.45,0.5,54.73,263.72,1,1
318.41,0.5,32.0,286.41,1,1
215.9,0.0,30.0,185.9,0,1
230.17,0.0,51.84,178.33,0,1
357.29,0.5,93.57,263.72,1,1
403.59,1.0,46.92,356.67,2,1
338.28,0.5,59.43,278.85,1,1
312.2,0.5,40.92,271.28,1,1
512.68,1.5,85.76,426.92,3,1
235.94,0.0,34.92,201.03,0,1
548.33,2.0,73.84,474.49,4,1
395.62,0.5,147.03,248.59,1,1
234.49,0.0,41.03,193.46,0,1
202.01,0.0,16.11,185.9,0,1
320.11,0.5,33.7,286.41,1,1
400.59,1.0,43.92,356.67,2,1
364.9,0.5,86.05,278.85,1,1
321.82,0.5,35.41,286.41,1,1
219.16,0.0,25.7,193.46,0,1
217.9,0.0,32.0,185.9,0,1
406.29,1.0,49.62,356.67,2,1
347.84,0.5,61.43,286.41,1,1
370.94,1.0,29.41,341.54,2,1
186.33,0.0,8.0,178.33,0,1
221.36,0.0,43.03,178.33,0,1
431.02,1.0,74.35,356.67,2,1
211.9,0.0,26.0,185.9,0,1
225.52,0.0,39.62,185.9,0,1
485.06,1.5,58.14,426.92,3,1
217.13,0.0,16.11,201.03,0,1
382.67,1.0,26.0,356.67,2,1
312.15,0.5,48.43,263.72,1,1
666.47,2.5,114.16,552.31,5,1
207.87,0.0,14.41,193.46,0,1
382.86,1.0,41.32,341.54,2,1
308.97,0.5,67.95,241.03,1,1
291.72,0.5,28.0,263.72,1,1
244.6,0.0,51.14,193.46,0,1
186.33,0.0,8.0,178.33,0,1
178.91,0.0,15.7,163.21,0,1
179.21,0.0,16.0,163.21,0,1
475.61,1.5,78.95,396.67,3,1
367.54,1.0,26.0,341.54,2,1
240.6,0.0,47.14,193.46,0,1
228.17,0.0,49.84,178.33,0,1
444.32,1.0,87.65,356.67,2,1
213.57,0.0,20.11,193.46,0,1
345.55,0.5,59.14,286.41,1,1
200.33,0.0,22.0,178.33,0,1
480.34,1.5,68.54,411.79,3,1
558.07,1.5,108.46,449.62,3,1
427.5,1.0,55.7,371.79,2,1
289.93,0.5,26.22,263.72,1,1
314.22,0.5,27.81,286.41,1,1
215.46,0.0,22.0,193.46,0,1
264.98,0.5,31.51,233.46,1,1
319.47,0.5,40.62,278.85,1,1
203.9,0.0,18.0,185.9,0,1
384.46,1.0,42.92,341.54,2,1
180.02,0.0,16.81,163.21,0,1
356.79,0.5,77.95,278.85,1,1
213.95,0.0,35.62,178.33,0,1
174.61,0.0,11.41,163.21,0,1
442.43,1.5,53.32,389.1,3,1
203.3,0.0,17.41,185.9,0,1
204.44,0.0,26.11,178.33,0,1
285.67,0.5,29.51,256.15,1,1
472.18,1.5,67.95,404.23,3,1
186.33,0.0,8.0,178.33,0,1
332.77,0.5,53.92,278.85,1,1
339.07,0.5,75.35,263.72,1,1
370.33,0.5,76.35,293.97,1,1
481.52,1.5,69.73,411.79,3,1
264.76,0.0,78.86,185.9,0,1
500.25,1.5,88.46,411.79,3,1
319.88,0.5,63.73,256.15,1,1
335.73,0.5,49.32,286.41,1,1
423.0,1.0,81.46,341.54,2,1
441.61,1.5,29.81,411.79,3,1
365.63,1.0,39.22,326.41,2,1
212.55,0.0,34.22,178.33,0,1
491.25,1.5,64.32,426.92,3,1
432.18,1.0,67.95,364.23,2,1
355.11,0.5,61.14,293.97,1,1
209.58,0.0,38.81,170.77,0,1
324.85,0.5,46.0,278.85,1,1
224.52,0.0,38.62,185.9,0,1
204.33,0.0,26.0,178.33,0,1
366.76,0.5,80.35,286.41,1,1
454.57,1.0,120.59,333.97,2,1
209.71,0.0,23.81,185.9,0,1
297.84,0.0,104.38,193.46,0,1
338.33,0.5,51.92,286.41,1,1
242.74,0.0,56.84,185.9,0,1
233.63,0.0,47.73,185.9,0,1
245.14,0.0,59.24,185.9,0,1
219.31,0.0,48.54,170.77,0,1
225.36,0.0,47.03,178.33,0,1
323.66,0.5,59.95,263.72,1,1
217.57,0.0,24.11,193.46,0,1
405.88,1.0,49.22,356.67,2,1
230.27,0.0,36.81,193.46,0,1
596.64,2.0,99.46,497.18,4,1
533.97,2.0,51.92,482.05,4,1
210.27,0.0,16.81,193.46,0,1
315.82,0.5,29.41,286.41,1,1
374.94,1.0,33.41,341.54,2,1
