"Total_Cost","Ratio_Reloc_Prod","Horiz_Cost","Vert_Cost","nReloc","non_Optimal"
225120.28,0.448,32297.51,192822.82,672,250
657.17,0.0,84.35,572.82,0,1
1054.38,0.6667,117.32,937.05,4,1
947.46,0.5,126.05,821.41,3,1
808.58,0.3333,95.24,713.33,2,1
976.57,0.5,155.16,821.41,3,1
770.32,0.1667,119.68,650.64,1,1
745.55,0.1667,125.16,620.38,1,1
926.51,0.3333,190.49,736.03,2,1
1103.14,0.8333,133.65,969.49,5,1
911.42,0.5,105.14,806.28,3,1
706.05,0.1667,70.54,635.51,1,1
820.67,0.1667,170.03,650.64,1,1
1119.74,0.8333,112.43,1007.31,5,1
934.72,0.5,143.57,791.15,3,1
854.64,0.3333,164.0,690.64,2,1
663.96,0.0,106.27,557.69,0,1
864.35,0.3333,135.89,728.46,2,1
722.86,0.1667,72.22,650.64,1,1
838.44,0.3333,185.62,652.82,2,1
1003.61,0.6667,96.81,906.79,4,1
1256.79,1.0,270.0,986.79,6,1
937.84,0.5,108.86,828.97,3,1
1167.47,1.0,180.68,986.79,6,1
678.35,0.1667,50.41,627.95,1,1
732.07,0.1667,81.43,650.64,1,1
811.96,0.1667,146.19,665.77,1,1
1262.67,0.8333,270.49,992.18,5,1
1099.05,0.6667,169.57,929.49,4,1
893.85,0.5,95.14,798.72,3,1
702.6,0.3333,42.22,660.38,2,1
900.36,0.3333,134.08,766.28,2,1
991.51,0.6667,122.54,868.97,4,1
721.89,0.1667,93.95,627.95,1,1
1145.13,1.0,128.08,1017.05,6,1
871.72,0.3333,120.57,751.15,2,1
582.28,0.0,77.54,504.74,0,1
806.68,0.3333,78.22,728.46,2,1
1095.45,0.6667,196.22,899.23,4,1
777.72,0.3333,79.51,698.21,2,1
1085.77,0.6667,178.97,906.79,4,1
876.81,0.5,108.35,768.46,3,1
645.98,0.0,118.54,527.44,0,1
1054.54,0.6667,178.0,876.54,4,1
905.1,0.5,113.95,791.15,3,1
952.94,0.5,161.78,791.15,3,1
934.47,0.6667,80.62,853.85,4,1
810.91,0.1667,152.7,658.21,1,1
1061.15,0.6667,154.35,906.79,4,1
795.69,0.5,49.92,745.77,3,1
795.72,0.1667,145.08,650.64,1,1
548.42,0.0,36.11,512.31,0,1
1196.33,1.0,149.03,1047.31,6,1
1020.99,0.8333,89.32,931.67,5,1
934.99,0.6667,103.84,831.15,4,1
797.15,0.3333,98.95,698.21,2,1
773.38,0.1667,153.0,620.38,1,1
1206.34,1.0,174.16,1032.18,6,1
566.09,0.0,46.22,519.87,0,1
694.72,0.3333,57.03,637.69,2,1
797.17,0.3333,83.84,713.33,2,1
624.11,0.1667,49.11,575.0,1,1
1558.46,1.5,315.51,1242.95,9,1
668.72,0.0,103.46,565.26,0,1
825.08,0.1667,182.0,643.08,1,1
912.87,0.5,99.03,813.85,3,1
770.75,0.1667,112.54,658.21,1,1
1140.25,0.6667,218.32,921.92,4,1
677.03,0.0,149.59,527.44,0,1
676.63,0.1667,63.81,612.82,1,1
914.0,0.5,137.97,776.03,3,1
958.89,0.5,175.3,783.59,3,1
1042.83,0.6667,151.16,891.67,4,1
779.46,0.1667,136.38,643.08,1,1
805.7,0.3333,115.05,690.64,2,1
952.35,0.5,108.24,844.1,3,1
815.6,0.3333,87.14,728.46,2,1
997.35,0.6667,113.24,884.1,4,1
882.83,0.5,99.24,783.59,3,1
1028.18,0.6667,144.08,884.1,4,1
1050.43,0.6667,173.89,876.54,4,1
1182.87,0.6667,253.38,929.49,4,1
1091.73,0.6667,222.76,868.97,4,1
770.69,0.3333,64.92,705.77,2,1
863.95,0.3333,135.49,728.46,2,1
981.64,0.6667,97.54,884.1,4,1
993.46,0.5,164.49,828.97,3,1
1023.36,0.6667,101.43,921.92,4,1
562.84,0.0,35.41,527.44,0,1
940.15,0.3333,189.0,751.15,2,1
658.83,0.0,116.27,542.56,0,1
821.58,0.5,75.81,745.77,3,1
1184.86,0.8333,207.81,977.05,5,1
1068.85,0.8333,122.05,946.79,5,1
893.21,0.3333,142.05,751.15,2,1
950.62,0.5,121.65,828.97,3,1
756.18,0.0,206.05,550.13,0,1
648.37,0.0,98.24,550.13,0,1
680.04,0.0,122.35,557.69,0,1
900.08,0.5,124.05,776.03,3,1
655.05,0.1667,64.92,590.13,1,1
894.16,0.5,118.14,776.03,3,1
890.03,0.5,121.57,768.46,3,1
810.59,0.3333,119.95,690.64,2,1
932.91,0.3333,189.32,743.59,2,1
1143.68,0.8333,174.19,969.49,5,1
1000.71,0.6667,146.86,853.85,4,1
625.17,0.0,97.73,527.44,0,1
830.11,0.3333,169.73,660.38,2,1
1182.97,1.0,158.35,1024.62,6,1
673.77,0.1667,68.51,605.26,1,1
808.61,0.3333,117.97,690.64,2,1
911.98,0.6667,118.65,793.33,4,1
1314.33,0.8333,307.03,1007.31,5,1
715.86,0.1667,80.35,635.51,1,1
831.33,0.5,70.43,760.9,3,1
1091.94,0.8333,160.27,931.67,5,1
733.03,0.1667,112.65,620.38,1,1
617.34,0.0,67.22,550.13,0,1
1129.22,1.0,134.86,994.36,6,1
722.86,0.1667,87.35,635.51,1,1
868.65,0.5,92.62,776.03,3,1
940.46,0.5,119.05,821.41,3,1
983.44,0.5,169.59,813.85,3,1
1058.65,0.8333,149.68,908.97,5,1
744.37,0.1667,93.73,650.64,1,1
734.46,0.1667,98.95,635.51,1,1
894.11,0.3333,158.08,736.03,2,1
1157.49,0.8333,203.14,954.36,5,1
930.96,0.5,124.68,806.28,3,1
979.38,0.6667,102.84,876.54,4,1
874.02,0.5,90.43,783.59,3,1
990.0,0.5,168.59,821.41,3,1
661.97,0.0,111.84,550.13,0,1
796.02,0.1667,145.38,650.64,1,1
1161.05,1.0,151.57,1009.49,6,1
1117.83,0.8333,133.22,984.62,5,1
1093.4,0.8333,116.35,977.05,5,1
1013.02,0.5,229.43,783.59,3,1
982.98,0.6667,121.57,861.41,4,1
636.71,0.0,109.27,527.44,0,1
599.98,0.0,72.54,527.44,0,1
1040.89,0.6667,156.78,884.1,4,1
975.5,0.5,169.22,806.28,3,1
1116.49,0.8333,154.57,961.92,5,1
1036.34,0.6667,144.68,891.67,4,1
1039.02,0.8333,107.35,931.67,5,1
598.46,0.0,71.03,527.44,0,1
678.7,0.0,128.57,550.13,0,1
826.84,0.3333,105.95,720.9,2,1
852.8,0.3333,154.59,698.21,2,1
917.61,0.5,126.46,791.15,3,1
763.33,0.1667,135.38,627.95,1,1
792.96,0.1667,134.76,658.21,1,1
1106.46,0.8333,136.97,969.49,5,1
909.34,0.5,110.62,798.72,3,1
899.59,0.5,108.43,791.15,3,1
737.0,0.3333,53.92,683.08,2,1
595.41,0.0,75.54,519.87,0,1
1290.51,1.0,220.51,1070.0,6,1
816.03,0.3333,95.14,720.9,2,1
893.43,0.5,124.97,768.46,3,1
917.19,0.5,156.3,760.9,3,1
744.72,0.1667,86.51,658.21,1,1
864.05,0.3333,120.46,743.59,2,1
981.3,0.5,159.89,821.41,3,1
685.85,0.1667,73.03,612.82,1,1
1051.7,0.8333,135.16,916.54,5,1
926.93,0.3333,153.08,773.85,2,1
743.43,0.1667,100.35,643.08,1,1
574.88,0.0,70.14,504.74,0,1
758.37,0.1667,107.73,650.64,1,1
1135.02,0.8333,203.35,931.67,5,1
759.76,0.1667,139.38,620.38,1,1
1054.26,0.6667,162.59,891.67,4,1
947.77,0.5,141.49,806.28,3,1
1342.67,1.1667,209.97,1132.69,7,1
967.06,0.5,138.08,828.97,3,1
560.28,0.0,40.41,519.87,0,1
728.41,0.1667,100.46,627.95,1,1
1180.2,1.0,140.46,1039.74,6,1
840.67,0.3333,104.65,736.03,2,1
697.71,0.1667,77.32,620.38,1,1
849.13,0.3333,105.54,743.59,2,1
1118.46,0.8333,148.97,969.49,5,1
901.47,0.5,87.62,813.85,3,1
765.56,0.3333,74.92,690.64,2,1
776.26,0.1667,118.05,658.21,1,1
1154.2,1.0,167.41,986.79,6,1
752.23,0.1667,94.03,658.21,1,1
924.56,0.6667,85.84,838.72,4,1
1024.02,0.6667,147.49,876.54,4,1
1202.45,1.0,162.7,1039.74,6,1
921.98,0.3333,193.51,728.46,2,1
866.26,0.3333,107.54,758.72,2,1
737.19,0.3333,54.11,683.08,2,1
1050.2,0.6667,150.97,899.23,4,1
809.53,0.1667,158.89,650.64,1,1
811.63,0.3333,90.73,720.9,2,1
777.23,0.3333,79.03,698.21,2,1
740.57,0.1667,105.05,635.51,1,1
1136.16,0.8333,166.68,969.49,5,1
900.31,0.5,94.03,806.28,3,1
1402.01,1.1667,246.62,1155.38,7,1
1313.01,1.0,205.19,1107.82,6,1
639.47,0.0,74.22,565.26,0,1
888.42,0.3333,137.27,751.15,2,1
1104.22,0.6667,182.3,921.92,4,1
1098.76,0.6667,184.41,914.36,4,1
1124.46,0.8333,154.97,969.49,5,1
987.6,0.8333,78.62,908.97,5,1
773.99,0.1667,108.22,665.77,1,1
714.95,0.1667,79.43,635.51,1,1
876.54,0.3333,148.08,728.46,2,1
903.24,0.5,119.65,783.59,3,1
760.63,0.1667,147.81,612.82,1,1
1047.82,0.6667,201.54,846.28,4,1
941.14,0.5,112.16,828.97,3,1
937.36,0.5,115.95,821.41,3,1
942.49,0.5,113.51,828.97,3,1
599.37,0.0,56.81,542.56,0,1
542.15,0.0,37.41,504.74,0,1
943.5,0.5,144.78,798.72,3,1
1049.77,0.6667,158.11,891.67,4,1
1382.18,1.3333,201.92,1180.26,8,1
850.89,0.3333,114.86,736.03,2,1
1099.39,0.6667,185.03,914.36,4,1
1241.92,0.8333,211.92,1030.0,5,1
679.89,0.0,91.95,587.95,0,1
1038.83,0.5,194.73,844.1,3,1
736.21,0.1667,93.14,643.08,1,1
1117.57,0.8333,148.08,969.49,5,1
1084.46,0.6667,223.05,861.41,4,1
969.14,0.5,140.16,828.97,3,1
793.11,0.3333,72.22,720.9,2,1
962.54,0.5,133.57,828.97,3,1
776.07,0.3333,85.43,690.64,2,1
1107.74,0.8333,153.38,954.36,5,1
738.48,0.1667,87.84,650.64,1,1
707.77,0.1667,94.95,612.82,1,1
993.0,0.6667,116.46,876.54,4,1
859.23,0.3333,153.46,705.77,2,1
876.17,0.3333,170.41,705.77,2,1
905.85,0.5,107.14,798.72,3,1
676.12,0.0,110.86,565.26,0,1
837.0,0.3333,108.54,728.46,2,1
805.46,0.5,89.95,715.51,3,1
981.16,0.3333,237.57,743.59,2,1
1005.56,0.5,206.84,798.72,3,1
860.28,0.3333,139.38,720.9,2,1
765.4,0.1667,114.76,650.64,1,1
