"Total_Cost","Ratio_Reloc_Prod","Horiz_Cost","Vert_Cost","nReloc","non_Optimal"
220768.18,0.4127,31948.8,188819.35,619,250
1180.53,0.8333,180.78,999.74,5,1
898.29,0.3333,139.57,758.72,2,1
1050.48,0.6667,113.43,937.05,4,1
1138.37,0.8333,153.76,984.62,5,1
923.94,0.5,140.35,783.59,3,1
970.05,0.6667,85.95,884.1,4,1
791.15,0.3333,92.95,698.21,2,1
1103.73,0.8333,134.24,969.49,5,1
720.21,0.1667,77.14,643.08,1,1
641.38,0.0,106.38,535.0,0,1
1065.01,0.6667,150.65,914.36,4,1
1387.86,1.3333,177.35,1210.51,8,1
830.11,0.3333,101.65,728.46,2,1
1216.86,1.0,184.68,1032.18,6,1
1223.44,0.8333,216.14,1007.31,5,1
838.17,0.3333,117.27,720.9,2,1
959.44,0.5,138.03,821.41,3,1
594.27,0.0,51.7,542.56,0,1
553.71,0.0,41.41,512.31,0,1
889.14,0.3333,160.68,728.46,2,1
992.76,0.6667,131.35,861.41,4,1
916.04,0.5,109.76,806.28,3,1
649.73,0.0,107.16,542.56,0,1
756.49,0.1667,120.97,635.51,1,1
1002.81,0.6667,133.84,868.97,4,1
873.13,0.5,89.54,783.59,3,1
699.91,0.1667,94.65,605.26,1,1
769.72,0.3333,71.51,698.21,2,1
1164.18,0.8333,172.0,992.18,5,1
1165.93,0.8333,151.05,1014.87,5,1
801.47,0.1667,120.57,680.9,1,1
734.38,0.1667,106.43,627.95,1,1
702.91,0.1667,97.65,605.26,1,1
823.96,0.3333,72.81,751.15,2,1
772.51,0.1667,121.86,650.64,1,1
1032.55,0.5,211.14,821.41,3,1
869.37,0.5,146.3,723.08,3,1
843.0,0.3333,114.54,728.46,2,1
976.21,0.5,192.62,783.59,3,1
1129.17,0.8333,174.81,954.36,5,1
947.5,0.5,95.84,851.67,3,1
868.21,0.3333,170.0,698.21,2,1
991.57,0.5,162.59,828.97,3,1
955.87,0.5,134.46,821.41,3,1
899.21,0.3333,163.19,736.03,2,1
945.33,0.5,116.35,828.97,3,1
619.64,0.0,69.51,550.13,0,1
899.59,0.3333,156.0,743.59,2,1
1316.72,1.1667,176.46,1140.26,7,1
851.41,0.3333,122.95,728.46,2,1
716.3,0.1667,88.35,627.95,1,1
793.32,0.1667,142.68,650.64,1,1
771.37,0.1667,113.16,658.21,1,1
800.47,0.3333,87.14,713.33,2,1
753.58,0.3333,47.81,705.77,2,1
962.16,0.3333,226.14,736.03,2,1
762.89,0.3333,94.95,667.95,2,1
723.89,0.1667,95.95,627.95,1,1
736.22,0.1667,108.27,627.95,1,1
934.05,0.5,142.89,791.15,3,1
620.57,0.0,93.14,527.44,0,1
737.81,0.1667,94.73,643.08,1,1
988.86,0.6667,157.7,831.15,4,1
1035.68,0.6667,166.7,868.97,4,1
708.05,0.1667,72.54,635.51,1,1
694.73,0.1667,59.22,635.51,1,1
764.2,0.1667,143.81,620.38,1,1
549.15,0.0,44.41,504.74,0,1
870.45,0.3333,111.73,758.72,2,1
1191.65,0.8333,229.73,961.92,5,1
667.82,0.0,102.57,565.26,0,1
833.34,0.3333,142.7,690.64,2,1
1053.28,0.8333,114.05,939.23,5,1
916.96,0.5,118.24,798.72,3,1
1094.29,0.8333,117.24,977.05,5,1
713.24,0.1667,77.73,635.51,1,1
863.66,0.3333,150.32,713.33,2,1
801.21,0.3333,110.57,690.64,2,1
753.96,0.1667,95.76,658.21,1,1
892.72,0.3333,141.57,751.15,2,1
996.23,0.5,189.95,806.28,3,1
908.07,0.5,109.35,798.72,3,1
909.32,0.3333,173.3,736.03,2,1
1005.43,0.6667,136.46,868.97,4,1
925.86,0.3333,189.84,736.03,2,1
683.03,0.0,102.65,580.38,0,1
885.44,0.3333,172.11,713.33,2,1
694.58,0.0,136.89,557.69,0,1
833.56,0.3333,150.49,683.08,2,1
828.9,0.3333,115.57,713.33,2,1
713.29,0.1667,70.22,643.08,1,1
1301.81,1.0,224.24,1077.56,6,1
821.0,0.3333,92.54,728.46,2,1
1292.56,1.3333,127.43,1165.13,8,1
812.55,0.3333,91.65,720.9,2,1
651.59,0.0,101.46,550.13,0,1
697.85,0.1667,85.03,612.82,1,1
584.84,0.0,57.41,527.44,0,1
827.9,0.3333,167.51,660.38,2,1
845.01,0.3333,131.68,713.33,2,1
794.8,0.3333,89.03,705.77,2,1
1201.17,0.8333,186.3,1014.87,5,1
759.4,0.1667,108.76,650.64,1,1
812.34,0.1667,146.57,665.77,1,1
1159.44,0.6667,237.51,921.92,4,1
953.89,0.6667,84.92,868.97,4,1
992.3,0.8333,83.32,908.97,5,1
1008.85,0.6667,155.0,853.85,4,1
1199.25,0.8333,252.46,946.79,5,1
1019.62,0.6667,143.08,876.54,4,1
1200.46,1.1667,150.97,1049.49,7,1
1042.43,0.5,213.46,828.97,3,1
650.88,0.0,85.62,565.26,0,1
858.81,0.3333,130.35,728.46,2,1
1199.34,1.0,159.59,1039.74,6,1
845.4,0.3333,94.24,751.15,2,1
1106.18,0.6667,206.95,899.23,4,1
1128.96,0.6667,161.65,967.31,4,1
1163.63,0.8333,201.7,961.92,5,1
840.52,0.3333,112.05,728.46,2,1
1056.54,0.6667,127.05,929.49,4,1
1357.4,1.1667,224.7,1132.69,7,1
986.95,0.3333,213.11,773.85,2,1
656.39,0.0,91.14,565.26,0,1
895.3,0.5,126.84,768.46,3,1
662.5,0.0,97.24,565.26,0,1
885.35,0.3333,156.89,728.46,2,1
1037.72,0.5,193.62,844.1,3,1
1304.79,1.1667,209.92,1094.87,7,1
720.86,0.1667,70.22,650.64,1,1
610.24,0.0,75.24,535.0,0,1
791.92,0.1667,156.41,635.51,1,1
682.87,0.1667,54.92,627.95,1,1
892.73,0.5,124.27,768.46,3,1
628.29,0.0,85.73,542.56,0,1
1024.84,0.6667,148.3,876.54,4,1
647.78,0.0,97.65,550.13,0,1
817.0,0.3333,73.41,743.59,2,1
593.32,0.0,58.32,535.0,0,1
915.8,0.3333,157.08,758.72,2,1
885.34,0.3333,126.62,758.72,2,1
616.67,0.0,74.11,542.56,0,1
1003.5,0.5,197.22,806.28,3,1
981.29,0.6667,89.62,891.67,4,1
795.37,0.1667,152.3,643.08,1,1
629.81,0.0,87.24,542.56,0,1
852.42,0.5,106.65,745.77,3,1
779.85,0.3333,66.51,713.33,2,1
1089.63,0.6667,167.7,921.92,4,1
863.96,0.5,72.81,791.15,3,1
917.61,0.3333,158.89,758.72,2,1
1012.92,0.6667,136.38,876.54,4,1
856.76,0.3333,120.73,736.03,2,1
822.7,0.3333,94.24,728.46,2,1
938.05,0.3333,202.03,736.03,2,1
594.11,0.0,59.11,535.0,0,1
833.82,0.5,72.92,760.9,3,1
693.9,0.1667,73.51,620.38,1,1
996.06,0.5,167.08,828.97,3,1
856.0,0.3333,127.54,728.46,2,1
981.81,0.6667,112.84,868.97,4,1
1234.53,1.1667,169.92,1064.62,7,1
639.56,0.0,89.43,550.13,0,1
1040.68,0.6667,171.7,868.97,4,1
992.2,0.5,178.35,813.85,3,1
867.24,0.3333,123.65,743.59,2,1
815.53,0.3333,109.76,705.77,2,1
1273.07,1.1667,193.32,1079.74,7,1
888.74,0.3333,122.46,766.28,2,1
731.54,0.1667,96.03,635.51,1,1
818.65,0.3333,82.62,736.03,2,1
586.35,0.0,58.92,527.44,0,1
641.73,0.0,99.16,542.56,0,1
1481.87,1.5,238.92,1242.95,9,1
773.53,0.1667,107.76,665.77,1,1
679.5,0.0,114.24,565.26,0,1
803.42,0.3333,97.65,705.77,2,1
956.52,0.5,142.68,813.85,3,1
908.95,0.5,140.49,768.46,3,1
789.21,0.1667,146.14,643.08,1,1
597.35,0.0,69.92,527.44,0,1
678.52,0.1667,65.7,612.82,1,1
840.7,0.3333,112.24,728.46,2,1
1259.54,0.8333,297.62,961.92,5,1
1265.2,1.0,210.32,1054.87,6,1
1101.69,0.8333,154.89,946.79,5,1
799.82,0.3333,94.05,705.77,2,1
1058.65,0.6667,129.16,929.49,4,1
815.79,0.3333,155.41,660.38,2,1
985.84,0.6667,116.86,868.97,4,1
800.74,0.3333,79.84,720.9,2,1
852.2,0.3333,85.92,766.28,2,1
878.1,0.5,94.51,783.59,3,1
645.07,0.0,94.95,550.13,0,1
1221.48,1.0,204.43,1017.05,6,1
727.19,0.1667,99.24,627.95,1,1
552.71,0.0,40.41,512.31,0,1
720.91,0.1667,115.65,605.26,1,1
927.77,0.5,129.05,798.72,3,1
772.24,0.1667,129.16,643.08,1,1
951.44,0.5,145.16,806.28,3,1
1073.72,0.6667,189.62,884.1,4,1
967.68,0.5,146.27,821.41,3,1
1222.21,1.0,144.65,1077.56,6,1
679.62,0.1667,97.05,582.56,1,1
1056.33,0.6667,141.97,914.36,4,1
702.56,0.1667,104.86,597.69,1,1
652.03,0.0,124.59,527.44,0,1
780.23,0.3333,82.03,698.21,2,1
764.24,0.1667,121.16,643.08,1,1
727.58,0.1667,114.76,612.82,1,1
754.57,0.1667,134.19,620.38,1,1
790.2,0.3333,84.43,705.77,2,1
1054.05,0.6667,162.38,891.67,4,1
752.75,0.3333,62.11,690.64,2,1
833.14,0.3333,112.24,720.9,2,1
780.56,0.1667,122.35,658.21,1,1
673.85,0.0,116.16,557.69,0,1
1009.37,0.5,210.65,798.72,3,1
646.41,0.0,118.97,527.44,0,1
894.17,0.5,133.27,760.9,3,1
1208.5,0.8333,216.32,992.18,5,1
775.56,0.1667,117.35,658.21,1,1
794.99,0.3333,104.35,690.64,2,1
898.78,0.5,122.76,776.03,3,1
826.39,0.3333,113.05,713.33,2,1
1395.06,1.3333,252.62,1142.44,8,1
872.7,0.3333,136.68,736.03,2,1
726.65,0.1667,91.14,635.51,1,1
859.05,0.5,83.03,776.03,3,1
809.94,0.3333,126.86,683.08,2,1
619.14,0.0,84.14,535.0,0,1
680.01,0.1667,59.62,620.38,1,1
1062.79,0.8333,108.43,954.36,5,1
1129.77,0.8333,198.11,931.67,5,1
728.08,0.1667,100.14,627.95,1,1
1021.35,0.6667,152.38,868.97,4,1
1112.52,0.8333,150.59,961.92,5,1
654.43,0.0,111.86,542.56,0,1
947.21,0.6667,116.05,831.15,4,1
976.59,0.5,140.05,836.54,3,1
630.96,0.0,65.7,565.26,0,1
1000.49,0.6667,139.08,861.41,4,1
664.24,0.0,121.68,542.56,0,1
886.79,0.5,133.46,753.33,3,1
868.67,0.3333,132.65,736.03,2,1
1029.53,0.6667,190.81,838.72,4,1
969.09,0.5,147.68,821.41,3,1
616.0,0.0,81.0,535.0,0,1
831.9,0.3333,118.57,713.33,2,1
