"Total_Cost","Ratio_Reloc_Prod","Horiz_Cost","Vert_Cost","nReloc","non_Optimal"
260044.8,0.7987,46023.11,214021.62,1198,300
826.33,0.8,125.95,700.38,4,1
436.02,0.0,46.92,389.1,0,1
687.35,0.6,79.92,607.44,3,1
956.78,1.0,193.7,763.08,5,1
804.25,0.8,111.43,692.82,4,1
1004.44,1.2,178.68,825.77,6,1
737.0,0.6,114.43,622.56,3,1
455.64,0.0,51.41,404.23,0,1
518.47,0.0,106.68,411.79,0,1
956.7,1.0,201.19,755.51,5,1
881.86,0.8,166.35,715.51,4,1
551.23,0.2,99.43,451.79,1,1
1109.86,1.4,206.27,903.59,7,1
1015.04,1.0,221.7,793.33,5,1
1015.08,1.0,206.62,808.46,5,1
596.33,0.2,136.97,459.36,1,1
708.54,0.4,125.97,582.56,2,1
1298.03,1.6,309.05,988.97,8,1
988.15,1.0,217.51,770.64,5,1
791.08,0.6,176.08,615.0,3,1
483.37,0.0,86.7,396.67,0,1
734.56,0.6,104.43,630.13,3,1
827.28,0.6,227.41,599.87,3,1
845.59,0.6,223.03,622.56,3,1
557.96,0.0,161.3,396.67,0,1
831.39,0.8,138.57,692.82,4,1
828.31,0.8,143.05,685.26,4,1
908.08,0.8,185.0,723.08,4,1
695.86,0.4,158.68,537.18,2,1
1279.7,1.6,283.16,996.54,8,1
494.23,0.0,82.43,411.79,0,1
731.4,0.6,108.84,622.56,3,1
1018.34,1.2,132.05,886.28,6,1
884.4,0.6,254.27,630.13,3,1
833.67,0.8,118.16,715.51,4,1
912.25,1.0,111.35,800.9,5,1
1183.24,1.6,186.7,996.54,8,1
1355.86,1.8,258.81,1097.05,9,1
649.04,0.4,111.86,537.18,2,1
1414.44,2.0,247.14,1167.31,10,1
906.95,1.0,106.05,800.9,5,1
1080.98,1.2,194.7,886.28,6,1
580.99,0.2,76.24,504.74,1,1
1166.1,1.4,186.86,979.23,7,1
737.75,0.6,100.05,637.69,3,1
1241.08,1.4,337.49,903.59,7,1
990.85,1.2,112.14,878.72,6,1
899.42,0.8,221.73,677.69,4,1
725.33,0.4,157.89,567.44,2,1
906.11,0.8,205.73,700.38,4,1
704.24,0.4,129.24,575.0,2,1
524.15,0.0,112.35,411.79,0,1
1189.62,1.6,140.14,1049.49,8,1
907.29,1.0,136.65,770.64,5,1
1016.32,1.2,152.73,863.59,6,1
853.71,0.8,145.76,707.95,4,1
535.54,0.2,68.62,466.92,1,1
697.49,0.4,130.05,567.44,2,1
1326.23,1.8,259.43,1066.79,9,1
794.84,0.6,134.46,660.38,3,1
937.51,1.0,182.0,755.51,5,1
1044.59,1.2,181.0,863.59,6,1
1067.89,1.2,151.35,916.54,6,1
835.62,0.8,112.54,723.08,4,1
1093.0,1.4,196.97,896.03,7,1
1084.19,1.2,235.73,848.46,6,1
956.89,1.0,140.86,816.03,5,1
584.54,0.2,110.05,474.49,1,1
753.03,0.6,92.65,660.38,3,1
925.65,1.0,124.76,800.9,5,1
1049.17,1.0,248.27,800.9,5,1
732.73,0.6,110.16,622.56,3,1
777.71,0.6,109.76,667.95,3,1
1017.95,1.0,224.62,793.33,5,1
1133.63,1.4,199.78,933.85,7,1
1147.36,1.4,213.51,933.85,7,1
815.47,0.6,170.22,645.26,3,1
717.1,0.4,126.97,590.13,2,1
511.93,0.0,100.14,411.79,0,1
1186.52,1.6,152.16,1034.36,8,1
788.72,0.6,158.59,630.13,3,1
971.1,1.0,208.03,763.08,5,1
1400.61,2.0,248.43,1152.18,10,1
940.19,1.0,124.16,816.03,5,1
1104.92,1.2,256.46,848.46,6,1
1266.08,1.6,216.59,1049.49,8,1
1055.35,1.2,146.38,908.97,6,1
1107.24,1.4,158.27,948.97,7,1
489.79,0.0,70.43,419.36,0,1
628.91,0.2,139.3,489.62,1,1
847.41,0.8,139.46,707.95,4,1
1039.32,1.0,215.73,823.59,5,1
770.79,0.6,117.97,652.82,3,1
786.64,0.6,103.57,683.08,3,1
456.76,0.0,37.41,419.36,0,1
1278.97,1.6,274.86,1004.1,8,1
522.8,0.0,126.14,396.67,0,1
672.55,0.4,120.24,552.31,2,1
970.72,1.0,139.57,831.15,5,1
1051.74,1.2,165.46,886.28,6,1
791.65,0.6,169.08,622.56,3,1
727.45,0.6,97.32,630.13,3,1
701.47,0.4,149.16,552.31,2,1
752.39,0.6,107.14,645.26,3,1
895.11,0.8,126.65,768.46,4,1
1158.37,1.4,194.27,964.1,7,1
946.76,0.8,231.24,715.51,4,1
1279.23,1.6,252.43,1026.79,8,1
568.16,0.2,78.54,489.62,1,1
750.44,0.6,90.05,660.38,3,1
864.06,0.8,163.68,700.38,4,1
907.54,1.0,91.51,816.03,5,1
793.11,0.6,125.16,667.95,3,1
563.24,0.2,73.62,489.62,1,1
842.99,0.8,112.35,730.64,4,1
1130.13,1.4,173.59,956.54,7,1
847.71,0.8,139.76,707.95,4,1
818.61,0.6,180.92,637.69,3,1
1287.49,1.6,238.0,1049.49,8,1
1020.09,1.2,186.76,833.33,6,1
1102.83,1.2,224.11,878.72,6,1
813.27,0.6,190.7,622.56,3,1
668.17,0.4,115.86,552.31,2,1
554.48,0.2,72.43,482.05,1,1
1185.9,1.4,183.97,1001.92,7,1
1282.15,1.6,255.35,1026.79,8,1
921.43,1.0,97.84,823.59,5,1
487.37,0.0,83.14,404.23,0,1
918.78,1.0,163.27,755.51,5,1
936.69,1.0,105.54,831.15,5,1
743.56,0.6,113.43,630.13,3,1
754.35,0.6,139.35,615.0,3,1
1073.79,1.2,225.32,848.46,6,1
803.32,0.6,188.32,615.0,3,1
887.42,0.8,194.59,692.82,4,1
736.43,0.6,113.86,622.56,3,1
1437.64,2.2,237.89,1199.74,11,1
1043.17,1.2,141.76,901.41,6,1
744.92,0.6,122.35,622.56,3,1
867.76,0.8,167.38,700.38,4,1
987.98,1.0,187.08,800.9,5,1
796.94,0.6,166.81,630.13,3,1
603.87,0.2,144.51,459.36,1,1
652.95,0.4,85.51,567.44,2,1
788.51,0.6,158.38,630.13,3,1
847.64,0.8,124.57,723.08,4,1
916.21,1.0,145.57,770.64,5,1
1194.86,1.6,130.24,1064.62,8,1
687.95,0.2,213.46,474.49,1,1
1301.17,1.8,226.81,1074.36,9,1
564.68,0.2,97.76,466.92,1,1
854.03,0.8,146.08,707.95,4,1
1083.28,1.2,144.05,939.23,6,1
744.67,0.6,114.54,630.13,3,1
489.67,0.0,100.57,389.1,0,1
846.9,0.8,154.08,692.82,4,1
940.63,1.0,154.86,785.77,5,1
930.79,0.8,222.84,707.95,4,1
1263.76,1.6,221.84,1041.92,8,1
1007.74,1.0,214.41,793.33,5,1
1100.99,1.2,229.84,871.15,6,1
653.33,0.4,101.03,552.31,2,1
816.74,0.8,123.92,692.82,4,1
546.05,0.2,64.0,482.05,1,1
891.49,0.8,130.59,760.9,4,1
659.27,0.4,91.84,567.44,2,1
1228.69,1.6,201.89,1026.79,8,1
894.24,1.0,78.22,816.03,5,1
507.2,0.0,102.97,404.23,0,1
486.7,0.0,52.22,434.49,0,1
494.0,0.0,59.51,434.49,0,1
763.58,0.6,110.76,652.82,3,1
1152.81,1.4,188.7,964.1,7,1
632.83,0.4,95.65,537.18,2,1
800.8,0.6,170.68,630.13,3,1
468.45,0.0,79.35,389.1,0,1
760.78,0.6,145.78,615.0,3,1
662.89,0.4,80.32,582.56,2,1
763.0,0.6,79.92,683.08,3,1
659.06,0.4,106.76,552.31,2,1
585.32,0.2,103.27,482.05,1,1
488.02,0.0,38.41,449.62,0,1
955.83,1.2,77.11,878.72,6,1
1001.47,1.0,208.14,793.33,5,1
526.36,0.0,99.43,426.92,0,1
1095.78,1.2,171.68,924.1,6,1
1090.25,1.2,188.84,901.41,6,1
779.73,0.6,157.16,622.56,3,1
484.42,0.0,87.76,396.67,0,1
982.29,1.0,143.57,838.72,5,1
736.01,0.6,90.76,645.26,3,1
576.15,0.0,118.97,457.18,0,1
762.73,0.6,140.16,622.56,3,1
512.89,0.0,123.78,389.1,0,1
918.97,0.8,248.84,670.13,4,1
680.06,0.4,52.11,627.95,2,1
641.39,0.4,81.51,559.87,2,1
837.84,0.8,137.46,700.38,4,1
775.25,0.6,122.43,652.82,3,1
949.45,1.0,125.86,823.59,5,1
757.57,0.6,89.62,667.95,3,1
1800.1,2.6,346.38,1453.72,13,1
689.91,0.4,145.16,544.74,2,1
725.97,0.6,95.84,630.13,3,1
998.88,0.8,321.19,677.69,4,1
1019.5,1.2,140.78,878.72,6,1
882.38,0.8,182.0,700.38,4,1
690.11,0.4,122.68,567.44,2,1
972.28,1.0,186.51,785.77,5,1
592.44,0.2,140.65,451.79,1,1
772.33,0.6,111.95,660.38,3,1
847.52,0.8,139.57,707.95,4,1
1022.1,1.0,198.51,823.59,5,1
627.83,0.4,90.65,537.18,2,1
718.88,0.4,174.14,544.74,2,1
1188.18,1.4,216.51,971.67,7,1
482.88,0.0,86.22,396.67,0,1
935.26,1.0,149.49,785.77,5,1
1191.37,1.6,179.7,1011.67,8,1
1001.69,0.8,324.0,677.69,4,1
905.98,1.0,97.51,808.46,5,1
912.42,1.0,126.65,785.77,5,1
929.54,1.0,166.46,763.08,5,1
646.57,0.4,79.14,567.44,2,1
845.21,0.8,114.57,730.64,4,1
1369.54,1.8,227.11,1142.44,9,1
913.87,0.8,205.92,707.95,4,1
1047.22,1.2,206.32,840.9,6,1
897.21,0.8,227.08,670.13,4,1
645.66,0.4,93.35,552.31,2,1
564.49,0.2,97.57,466.92,1,1
833.65,0.8,118.14,715.51,4,1
600.66,0.2,141.3,459.36,1,1
964.84,1.2,123.95,840.9,6,1
779.55,0.6,119.16,660.38,3,1
644.71,0.4,84.84,559.87,2,1
730.21,0.6,107.65,622.56,3,1
1281.51,1.6,224.46,1057.05,8,1
677.17,0.4,124.86,552.31,2,1
886.24,0.8,216.11,670.13,4,1
689.89,0.2,207.84,482.05,1,1
1337.82,1.8,210.51,1127.31,9,1
744.97,0.6,129.97,615.0,3,1
840.16,0.8,124.65,715.51,4,1
1444.01,1.8,377.22,1066.79,9,1
605.21,0.2,123.16,482.05,1,1
722.33,0.4,154.89,567.44,2,1
1129.55,1.4,195.7,933.85,7,1
479.96,0.0,75.73,404.23,0,1
1058.2,1.2,179.49,878.72,6,1
1101.86,1.2,245.84,856.03,6,1
1052.66,1.2,219.32,833.33,6,1
1001.39,1.0,215.62,785.77,5,1
775.65,0.6,153.08,622.56,3,1
1108.37,1.4,197.22,911.15,7,1
511.24,0.0,122.14,389.1,0,1
905.14,1.0,104.24,800.9,5,1
761.61,0.6,116.35,645.26,3,1
997.09,0.8,296.7,700.38,4,1
620.06,0.2,160.7,459.36,1,1
760.7,0.6,130.57,630.13,3,1
1163.84,1.2,307.81,856.03,6,1
823.04,0.6,170.22,652.82,3,1
1321.49,1.8,247.14,1074.36,9,1
1308.22,1.6,258.73,1049.49,8,1
832.23,0.6,126.46,705.77,3,1
907.94,1.0,144.86,763.08,5,1
756.36,0.6,156.49,599.87,3,1
1342.97,1.8,245.92,1097.05,9,1
1015.42,1.2,144.27,871.15,6,1
1472.33,2.0,236.95,1235.38,10,1
674.74,0.4,114.86,559.87,2,1
747.83,0.6,125.27,622.56,3,1
697.55,0.4,137.68,559.87,2,1
771.54,0.6,148.97,622.56,3,1
1063.91,1.2,200.32,863.59,6,1
606.81,0.2,139.89,466.92,1,1
549.66,0.2,44.92,504.74,1,1
1304.99,1.8,200.38,1104.62,9,1
651.02,0.4,113.84,537.18,2,1
1101.9,1.4,168.05,933.85,7,1
1123.58,1.2,244.86,878.72,6,1
607.12,0.4,54.81,552.31,2,1
1029.62,1.0,266.54,763.08,5,1
1134.85,1.4,201.0,933.85,7,1
964.77,1.0,179.0,785.77,5,1
977.35,1.0,221.84,755.51,5,1
635.55,0.4,83.24,552.31,2,1
525.79,0.0,106.43,419.36,0,1
1065.49,1.4,131.65,933.85,7,1
819.03,0.8,118.65,700.38,4,1
744.53,0.6,106.84,637.69,3,1
677.53,0.4,79.84,597.69,2,1
764.16,0.8,56.22,707.95,4,1
825.42,0.6,134.78,690.64,3,1
954.75,1.0,184.11,770.64,5,1
848.09,0.8,94.76,753.33,4,1
891.38,0.8,115.35,776.03,4,1
474.56,0.0,85.46,389.1,0,1
674.14,0.4,99.14,575.0,2,1
