"Total_Cost","Ratio_Reloc_Prod","Horiz_Cost","Vert_Cost","nReloc","non_Optimal"
222064.75,0.4287,32134.18,189930.65,643,250
859.77,0.3333,101.05,758.72,2,1
1069.24,0.8333,84.62,984.62,5,1
1008.16,0.6667,124.05,884.1,4,1
813.15,0.1667,162.51,650.64,1,1
984.37,0.5,140.27,844.1,3,1
958.86,0.5,114.76,844.1,3,1
940.38,0.5,118.97,821.41,3,1
627.2,0.0,61.95,565.26,0,1
1006.15,0.5,207.43,798.72,3,1
713.81,0.1667,70.73,643.08,1,1
1241.08,1.1667,138.65,1102.44,7,1
696.77,0.1667,83.95,612.82,1,1
589.0,0.0,54.0,535.0,0,1
563.52,0.0,51.22,512.31,0,1
717.17,0.1667,104.35,612.82,1,1
782.23,0.3333,84.03,698.21,2,1
1078.9,0.8333,124.54,954.36,5,1
585.0,0.0,50.0,535.0,0,1
998.21,0.5,207.05,791.15,3,1
1015.23,0.5,208.95,806.28,3,1
1032.76,0.6667,163.78,868.97,4,1
1099.03,0.8333,144.68,954.36,5,1
1048.1,0.6667,148.86,899.23,4,1
737.2,0.1667,124.38,612.82,1,1
1186.75,1.0,154.57,1032.18,6,1
904.31,0.5,98.03,806.28,3,1
833.33,0.3333,112.43,720.9,2,1
1033.12,0.5,226.84,806.28,3,1
1047.66,0.6667,193.81,853.85,4,1
1013.8,0.5,222.65,791.15,3,1
774.78,0.3333,84.14,690.64,2,1
1256.81,1.0,254.89,1001.92,6,1
633.69,0.1667,36.0,597.69,1,1
956.75,0.5,165.59,791.15,3,1
1246.24,0.8333,269.19,977.05,5,1
1130.22,0.6667,200.73,929.49,4,1
829.58,0.3333,116.24,713.33,2,1
693.96,0.1667,81.14,612.82,1,1
542.15,0.0,37.41,504.74,0,1
1186.72,1.0,146.97,1039.74,6,1
952.65,0.5,131.24,821.41,3,1
1118.09,0.6667,211.3,906.79,4,1
676.93,0.1667,64.11,612.82,1,1
716.99,0.1667,126.86,590.13,1,1
1070.46,0.6667,148.54,921.92,4,1
967.75,0.5,123.65,844.1,3,1
837.31,0.3333,123.97,713.33,2,1
647.99,0.0,82.73,565.26,0,1
757.53,0.1667,99.32,658.21,1,1
1109.63,0.8333,155.27,954.36,5,1
938.0,0.5,154.41,783.59,3,1
939.78,0.5,156.19,783.59,3,1
1449.11,1.3333,299.11,1150.0,8,1
835.17,0.3333,114.27,720.9,2,1
962.34,0.5,171.19,791.15,3,1
647.77,0.0,82.51,565.26,0,1
827.81,0.3333,99.35,728.46,2,1
778.28,0.3333,72.51,705.77,2,1
920.06,0.3333,206.73,713.33,2,1
737.62,0.1667,94.54,643.08,1,1
608.35,0.0,80.92,527.44,0,1
662.04,0.0,104.35,557.69,0,1
784.17,0.1667,110.84,673.33,1,1
968.16,0.5,192.14,776.03,3,1
998.35,0.5,169.38,828.97,3,1
924.22,0.5,163.32,760.9,3,1
831.06,0.5,77.73,753.33,3,1
831.13,0.3333,140.49,690.64,2,1
884.54,0.3333,156.08,728.46,2,1
1054.72,0.6667,155.49,899.23,4,1
1087.96,0.8333,156.3,931.67,5,1
796.42,0.3333,90.65,705.77,2,1
804.4,0.1667,153.76,650.64,1,1
1085.09,0.6667,223.68,861.41,4,1
589.37,0.0,46.81,542.56,0,1
968.72,0.5,170.0,798.72,3,1
905.97,0.5,129.95,776.03,3,1
903.53,0.3333,137.24,766.28,2,1
811.4,0.1667,168.32,643.08,1,1
888.91,0.5,150.7,738.21,3,1
969.87,0.5,140.89,828.97,3,1
936.71,0.6667,90.43,846.28,4,1
1009.14,0.6667,140.16,868.97,4,1
820.11,0.5,59.22,760.9,3,1
795.24,0.3333,112.16,683.08,2,1
873.11,0.3333,137.08,736.03,2,1
1147.68,1.0,138.19,1009.49,6,1
1352.75,1.1667,174.68,1178.08,7,1
904.56,0.5,120.97,783.59,3,1
800.46,0.1667,157.38,643.08,1,1
855.7,0.5,87.24,768.46,3,1
555.68,0.0,35.81,519.87,0,1
912.63,0.5,91.22,821.41,3,1
672.15,0.0,114.46,557.69,0,1
717.84,0.1667,82.32,635.51,1,1
1148.9,0.6667,234.54,914.36,4,1
671.88,0.0,106.62,565.26,0,1
901.11,0.3333,180.22,720.9,2,1
861.49,0.3333,140.59,720.9,2,1
833.92,0.3333,113.03,720.9,2,1
642.66,0.0,77.41,565.26,0,1
883.77,0.3333,125.05,758.72,2,1
1017.04,0.8333,77.81,939.23,5,1
565.37,0.0,60.62,504.74,0,1
725.32,0.1667,82.24,643.08,1,1
922.37,0.5,138.78,783.59,3,1
877.59,0.3333,141.57,736.03,2,1
612.14,0.0,77.14,535.0,0,1
644.29,0.0,94.16,550.13,0,1
789.88,0.3333,84.11,705.77,2,1
784.01,0.1667,118.24,665.77,1,1
1011.04,0.6667,111.81,899.23,4,1
897.77,0.3333,139.05,758.72,2,1
625.38,0.0,97.95,527.44,0,1
749.07,0.1667,98.43,650.64,1,1
1004.05,0.6667,119.95,884.1,4,1
647.04,0.0,89.35,557.69,0,1
1023.77,0.6667,177.49,846.28,4,1
754.07,0.1667,103.43,650.64,1,1
1040.8,0.6667,149.14,891.67,4,1
710.88,0.0,153.19,557.69,0,1
628.29,0.0,85.73,542.56,0,1
862.34,0.5,116.57,745.77,3,1
940.9,0.6667,94.62,846.28,4,1
927.06,0.5,113.22,813.85,3,1
949.07,0.5,157.92,791.15,3,1
873.69,0.5,82.54,791.15,3,1
878.59,0.3333,142.57,736.03,2,1
879.45,0.5,80.73,798.72,3,1
863.05,0.5,87.03,776.03,3,1
1309.05,1.0,292.0,1017.05,6,1
736.26,0.0,186.14,550.13,0,1
736.26,0.1667,85.62,650.64,1,1
888.18,0.3333,129.46,758.72,2,1
916.3,0.5,140.27,776.03,3,1
965.58,0.5,159.3,806.28,3,1
554.31,0.0,42.0,512.31,0,1
803.99,0.5,58.22,745.77,3,1
999.59,0.6667,123.05,876.54,4,1
696.71,0.1667,76.32,620.38,1,1
1018.49,0.5,204.65,813.85,3,1
772.01,0.1667,106.24,665.77,1,1
772.5,0.1667,106.73,665.77,1,1
644.78,0.0,102.22,542.56,0,1
1247.23,0.8333,315.57,931.67,5,1
937.29,0.5,138.57,798.72,3,1
1395.26,1.3333,230.14,1165.13,8,1
903.51,0.5,112.35,791.15,3,1
575.76,0.0,48.32,527.44,0,1
759.38,0.1667,123.86,635.51,1,1
906.51,0.5,115.35,791.15,3,1
632.07,0.0,81.95,550.13,0,1
1122.46,0.8333,152.97,969.49,5,1
1032.86,0.5,181.19,851.67,3,1
838.76,0.3333,102.73,736.03,2,1
908.04,0.5,101.76,806.28,3,1
1111.1,0.6667,219.43,891.67,4,1
1054.25,0.6667,147.46,906.79,4,1
846.88,0.3333,95.73,751.15,2,1
792.48,0.3333,101.84,690.64,2,1
700.65,0.1667,72.7,627.95,1,1
802.98,0.3333,89.65,713.33,2,1
667.51,0.1667,84.95,582.56,1,1
1106.85,0.8333,152.49,954.36,5,1
771.72,0.1667,105.95,665.77,1,1
807.37,0.3333,109.16,698.21,2,1
586.01,0.0,66.14,519.87,0,1
571.68,0.0,51.81,519.87,0,1
691.4,0.1667,101.27,590.13,1,1
955.75,0.6667,79.22,876.54,4,1
730.19,0.1667,87.11,643.08,1,1
690.79,0.1667,70.41,620.38,1,1
1014.78,0.8333,98.24,916.54,5,1
919.32,0.5,128.16,791.15,3,1
777.51,0.1667,126.86,650.64,1,1
1178.7,1.0,154.08,1024.62,6,1
758.67,0.1667,123.16,635.51,1,1
900.64,0.5,117.05,783.59,3,1
1410.44,1.3333,222.62,1187.82,8,1
1191.84,0.8333,176.97,1014.87,5,1
629.91,0.0,72.22,557.69,0,1
1087.2,0.8333,147.97,939.23,5,1
683.96,0.1667,71.14,612.82,1,1
834.79,0.5,66.32,768.46,3,1
897.12,0.5,90.84,806.28,3,1
774.44,0.1667,161.62,612.82,1,1
751.73,0.3333,76.22,675.51,2,1
926.01,0.6667,79.73,846.28,4,1
1179.41,0.8333,209.92,969.49,5,1
699.46,0.1667,71.51,627.95,1,1
1338.8,1.1667,259.05,1079.74,7,1
1059.6,0.8333,105.24,954.36,5,1
976.95,0.5,147.97,828.97,3,1
1290.88,1.1667,218.7,1072.18,7,1
944.1,0.5,92.43,851.67,3,1
752.07,0.1667,101.43,650.64,1,1
933.26,0.3333,166.97,766.28,2,1
1077.43,0.6667,200.89,876.54,4,1
700.68,0.1667,72.73,627.95,1,1
837.48,0.3333,154.41,683.08,2,1
1171.02,0.8333,239.35,931.67,5,1
758.48,0.1667,107.84,650.64,1,1
1094.34,0.8333,162.68,931.67,5,1
779.83,0.3333,96.76,683.08,2,1
801.4,0.3333,110.76,690.64,2,1
1122.03,1.0,112.54,1009.49,6,1
1366.1,1.3333,193.41,1172.69,8,1
1342.7,1.1667,225.14,1117.56,7,1
623.48,0.0,73.35,550.13,0,1
613.56,0.0,63.43,550.13,0,1
565.01,0.0,52.7,512.31,0,1
845.82,0.5,100.05,745.77,3,1
781.17,0.3333,67.84,713.33,2,1
1090.57,0.5,329.68,760.9,3,1
845.26,0.3333,139.49,705.77,2,1
723.0,0.1667,95.05,627.95,1,1
1067.28,0.6667,168.05,899.23,4,1
1330.77,1.1667,182.95,1147.82,7,1
786.91,0.1667,136.27,650.64,1,1
698.34,0.1667,100.65,597.69,1,1
880.07,0.5,88.92,791.15,3,1
603.78,0.0,61.22,542.56,0,1
1209.01,0.8333,209.27,999.74,5,1
644.23,0.0,71.41,572.82,0,1
731.35,0.1667,95.84,635.51,1,1
733.51,0.1667,90.43,643.08,1,1
942.46,0.5,105.92,836.54,3,1
787.54,0.1667,144.46,643.08,1,1
675.52,0.1667,62.7,612.82,1,1
823.05,0.3333,87.03,736.03,2,1
962.87,0.5,141.46,821.41,3,1
699.71,0.1667,79.32,620.38,1,1
829.44,0.3333,108.54,720.9,2,1
1392.77,1.1667,305.46,1087.31,7,1
1071.61,0.6667,172.38,899.23,4,1
1282.6,1.1667,127.22,1155.38,7,1
1231.74,0.8333,277.38,954.36,5,1
648.07,0.0,82.81,565.26,0,1
919.47,0.5,105.62,813.85,3,1
1150.85,1.0,156.49,994.36,6,1
785.09,0.3333,79.32,705.77,2,1
735.31,0.0,177.62,557.69,0,1
702.18,0.0,144.49,557.69,0,1
1215.04,1.0,175.3,1039.74,6,1
734.21,0.1667,91.14,643.08,1,1
972.55,0.6667,126.27,846.28,4,1
990.01,0.5,183.73,806.28,3,1
783.11,0.3333,62.22,720.9,2,1
817.72,0.3333,127.08,690.64,2,1
1028.26,0.3333,261.97,766.28,2,1
