"Total_Cost","Ratio_Reloc_Prod","Horiz_Cost","Vert_Cost","nReloc","non_Optimal"
228026.36,0.474,35103.4,192922.95,711,300
543.17,0.0,55.73,487.44,0,1
686.83,0.2,136.7,550.13,1,1
806.56,0.6,108.35,698.21,3,1
752.44,0.4,132.05,620.38,2,1
738.07,0.4,87.43,650.64,2,1
552.25,0.0,64.81,487.44,0,1
638.45,0.2,88.32,550.13,1,1
844.74,0.6,123.84,720.9,3,1
689.34,0.2,124.08,565.26,1,1
659.8,0.0,195.05,464.74,0,1
630.42,0.2,72.73,557.69,1,1
995.11,1.0,126.14,868.97,5,1
705.03,0.4,84.65,620.38,2,1
527.19,0.0,100.27,426.92,0,1
709.69,0.2,152.0,557.69,1,1
1152.52,1.2,205.73,946.79,6,1
890.23,0.8,91.51,798.72,4,1
827.28,0.6,113.95,713.33,3,1
941.75,0.8,158.16,783.59,4,1
953.1,0.8,154.38,798.72,4,1
838.43,0.6,155.35,683.08,3,1
991.7,1.0,122.73,868.97,5,1
798.54,0.6,115.46,683.08,3,1
727.74,0.4,107.35,620.38,2,1
655.09,0.2,89.84,565.26,1,1
877.95,0.6,149.49,728.46,3,1
600.49,0.0,113.05,487.44,0,1
775.62,0.6,92.54,683.08,3,1
1245.12,1.4,197.81,1047.31,7,1
565.44,0.0,93.14,472.31,0,1
795.96,0.4,137.76,658.21,2,1
813.82,0.6,92.92,720.9,3,1
551.67,0.0,102.05,449.62,0,1
476.23,0.0,64.43,411.79,0,1
575.34,0.0,118.16,457.18,0,1
561.66,0.0,96.92,464.74,0,1
482.76,0.0,55.84,426.92,0,1
666.88,0.4,61.62,605.26,2,1
1155.26,1.4,183.59,971.67,7,1
979.79,1.0,125.95,853.85,5,1
626.51,0.2,83.95,542.56,1,1
750.27,0.4,114.76,635.51,2,1
941.75,1.0,118.16,823.59,5,1
672.36,0.2,99.54,572.82,1,1
940.7,0.8,164.68,776.03,4,1
669.07,0.4,63.81,605.26,2,1
610.04,0.0,145.3,464.74,0,1
723.76,0.4,88.24,635.51,2,1
830.51,0.6,139.86,690.64,3,1
648.83,0.2,91.14,557.69,1,1
1001.96,1.0,170.81,831.15,5,1
570.31,0.2,58.0,512.31,1,1
712.77,0.4,99.95,612.82,2,1
648.67,0.4,66.11,582.56,2,1
655.64,0.4,65.51,590.13,2,1
725.84,0.2,190.84,535.0,1,1
749.52,0.4,121.57,627.95,2,1
558.12,0.2,45.81,512.31,1,1
803.14,0.6,89.81,713.33,3,1
713.85,0.4,116.16,597.69,2,1
856.23,0.6,142.89,713.33,3,1
761.92,0.4,133.97,627.95,2,1
630.75,0.2,80.62,550.13,1,1
911.65,0.6,183.19,728.46,3,1
674.17,0.2,101.35,572.82,1,1
675.83,0.4,78.14,597.69,2,1
833.6,0.6,120.27,713.33,3,1
936.38,0.6,200.35,736.03,3,1
886.31,0.8,132.97,753.33,4,1
548.04,0.0,90.86,457.18,0,1
487.86,0.0,45.81,442.05,0,1
740.02,0.4,96.95,643.08,2,1
837.58,0.8,91.81,745.77,4,1
1015.41,1.0,206.95,808.46,5,1
838.97,0.4,203.46,635.51,2,1
869.28,0.6,148.38,720.9,3,1
773.45,0.6,82.81,690.64,3,1
689.21,0.4,106.65,582.56,2,1
647.77,0.4,42.51,605.26,2,1
505.08,0.0,63.03,442.05,0,1
690.22,0.4,122.78,567.44,2,1
814.95,0.4,179.43,635.51,2,1
1160.9,1.2,259.49,901.41,6,1
577.51,0.0,127.89,449.62,0,1
989.53,1.0,158.38,831.15,5,1
610.54,0.2,75.54,535.0,1,1
810.88,0.6,120.24,690.64,3,1
789.17,0.6,83.41,705.77,3,1
603.69,0.0,131.38,472.31,0,1
619.82,0.2,99.95,519.87,1,1
850.26,0.8,112.05,738.21,4,1
769.28,0.4,148.89,620.38,2,1
632.5,0.2,74.81,557.69,1,1
641.48,0.2,91.35,550.13,1,1
744.93,0.4,139.68,605.26,2,1
520.72,0.0,71.11,449.62,0,1
674.4,0.2,124.27,550.13,1,1
1124.93,1.2,170.57,954.36,6,1
1061.94,1.0,170.27,891.67,5,1
655.92,0.2,113.35,542.56,1,1
967.53,0.6,208.81,758.72,3,1
529.51,0.0,87.46,442.05,0,1
531.59,0.0,89.54,442.05,0,1
736.87,0.4,124.05,612.82,2,1
498.6,0.0,79.24,419.36,0,1
703.11,0.4,82.73,620.38,2,1
730.77,0.2,165.51,565.26,1,1
625.79,0.2,98.35,527.44,1,1
587.63,0.2,75.32,512.31,1,1
784.76,0.6,109.24,675.51,3,1
789.46,0.6,113.95,675.51,3,1
936.22,0.8,175.32,760.9,4,1
716.44,0.4,96.05,620.38,2,1
880.55,0.8,119.65,760.9,4,1
767.09,0.4,146.7,620.38,2,1
835.33,0.6,182.51,652.82,3,1
928.49,0.8,167.59,760.9,4,1
801.5,0.6,95.73,705.77,3,1
778.27,0.4,135.19,643.08,2,1
866.08,0.6,130.05,736.03,3,1
540.37,0.0,75.62,464.74,0,1
468.44,0.0,41.51,426.92,0,1
1006.39,1.0,167.68,838.72,5,1
635.71,0.2,108.27,527.44,1,1
994.09,0.8,187.81,806.28,4,1
1001.44,1.0,155.16,846.28,5,1
740.83,0.4,97.76,643.08,2,1
981.92,0.8,221.03,760.9,4,1
540.01,0.2,27.7,512.31,1,1
923.81,0.6,195.35,728.46,3,1
652.91,0.2,87.65,565.26,1,1
977.16,1.0,100.62,876.54,5,1
624.05,0.2,89.05,535.0,1,1
657.8,0.4,60.11,597.69,2,1
982.55,1.0,121.14,861.41,5,1
638.23,0.2,65.41,572.82,1,1
544.48,0.0,94.86,449.62,0,1
701.51,0.2,166.51,535.0,1,1
560.64,0.0,103.46,457.18,0,1
943.49,0.8,129.65,813.85,4,1
607.17,0.2,79.73,527.44,1,1
581.35,0.0,139.3,442.05,0,1
663.86,0.4,73.73,590.13,2,1
677.85,0.2,120.16,557.69,1,1
471.87,0.0,52.51,419.36,0,1
1014.38,1.0,152.97,861.41,5,1
916.59,0.8,125.43,791.15,4,1
705.68,0.4,77.73,627.95,2,1
705.72,0.4,100.46,605.26,2,1
882.83,0.8,99.24,783.59,4,1
1050.69,1.0,219.54,831.15,5,1
1137.61,1.4,158.38,979.23,7,1
644.81,0.2,102.24,542.56,1,1
742.16,0.4,106.65,635.51,2,1
1303.84,1.8,168.97,1134.87,9,1
818.3,0.6,89.84,728.46,3,1
481.41,0.0,46.92,434.49,0,1
607.18,0.0,150.0,457.18,0,1
877.71,1.0,76.81,800.9,5,1
1107.1,1.2,183.0,924.1,6,1
500.16,0.0,58.11,442.05,0,1
557.15,0.0,84.84,472.31,0,1
912.3,1.0,103.84,808.46,5,1
924.95,0.8,103.54,821.41,4,1
962.78,1.0,139.19,823.59,5,1
671.42,0.4,73.73,597.69,2,1
756.0,0.6,72.92,683.08,3,1
1010.48,1.0,118.81,891.67,5,1
957.42,0.8,158.7,798.72,4,1
704.74,0.4,91.92,612.82,2,1
694.72,0.2,144.59,550.13,1,1
858.37,0.8,120.16,738.21,4,1
769.55,0.4,164.3,605.26,2,1
1233.27,1.6,183.78,1049.49,8,1
806.09,0.6,100.32,705.77,3,1
845.51,0.6,170.0,675.51,3,1
726.74,0.4,106.35,620.38,2,1
518.57,0.0,91.65,426.92,0,1
875.65,0.8,99.62,776.03,4,1
1169.58,1.4,129.84,1039.74,7,1
779.44,0.4,151.49,627.95,2,1
947.26,0.8,156.11,791.15,4,1
758.47,0.6,105.65,652.82,3,1
738.2,0.4,125.38,612.82,2,1
1027.87,1.0,166.46,861.41,5,1
513.72,0.0,64.11,449.62,0,1
820.12,0.8,81.92,738.21,4,1
621.68,0.2,94.24,527.44,1,1
470.54,0.0,43.62,426.92,0,1
940.48,0.8,156.89,783.59,4,1
840.55,0.4,167.22,673.33,2,1
1206.95,1.4,205.03,1001.92,7,1
632.6,0.2,52.22,580.38,1,1
472.0,0.0,37.51,434.49,0,1
768.55,0.6,108.16,660.38,3,1
668.99,0.2,118.86,550.13,1,1
882.3,0.6,161.41,720.9,3,1
753.32,0.4,117.81,635.51,2,1
824.42,0.6,118.65,705.77,3,1
1084.06,0.8,255.08,828.97,4,1
918.4,0.8,142.38,776.03,4,1
1111.98,1.2,150.05,961.92,6,1
540.11,0.0,98.05,442.05,0,1
744.57,0.4,109.05,635.51,2,1
785.88,0.6,80.11,705.77,3,1
926.21,1.0,102.62,823.59,5,1
850.5,0.4,184.73,665.77,2,1
810.13,0.6,127.05,683.08,3,1
903.33,0.8,134.86,768.46,4,1
723.63,0.2,158.38,565.26,1,1
741.61,0.2,183.92,557.69,1,1
602.02,0.0,152.41,449.62,0,1
949.08,1.0,133.05,816.03,5,1
772.73,0.6,97.22,675.51,3,1
830.8,0.6,140.16,690.64,3,1
667.38,0.4,47.0,620.38,2,1
853.03,0.8,92.14,760.9,4,1
894.43,0.6,158.41,736.03,3,1
1150.48,1.2,233.95,916.54,6,1
691.25,0.4,78.43,612.82,2,1
696.11,0.4,75.73,620.38,2,1
469.0,0.0,34.51,434.49,0,1
791.29,0.6,100.65,690.64,3,1
780.63,0.4,167.81,612.82,2,1
516.46,0.0,89.54,426.92,0,1
515.24,0.0,65.62,449.62,0,1
692.22,0.2,157.22,535.0,1,1
775.36,0.4,154.97,620.38,2,1
863.79,0.8,95.32,768.46,4,1
625.81,0.2,83.24,542.56,1,1
739.27,0.4,103.76,635.51,2,1
612.0,0.2,69.43,542.56,1,1
727.64,0.6,89.95,637.69,3,1
764.76,0.6,96.81,667.95,3,1
866.78,0.8,143.7,723.08,4,1
1063.44,1.2,169.59,893.85,6,1
902.47,0.6,189.14,713.33,3,1
902.27,0.8,118.68,783.59,4,1
679.69,0.4,74.43,605.26,2,1
560.11,0.2,78.05,482.05,1,1
923.35,0.8,139.76,783.59,4,1
797.78,0.4,154.7,643.08,2,1
701.49,0.4,126.49,575.0,2,1
781.21,0.6,98.14,683.08,3,1
891.22,0.8,122.76,768.46,4,1
494.53,0.0,44.92,449.62,0,1
697.22,0.2,162.22,535.0,1,1
740.21,0.4,97.14,643.08,2,1
513.35,0.0,63.73,449.62,0,1
745.14,0.4,124.76,620.38,2,1
690.21,0.4,107.65,582.56,2,1
605.04,0.2,107.86,497.18,1,1
807.03,0.8,106.65,700.38,4,1
843.37,0.6,160.3,683.08,3,1
490.7,0.0,56.22,434.49,0,1
737.04,0.4,131.78,605.26,2,1
584.72,0.0,119.97,464.74,0,1
735.98,0.4,123.16,612.82,2,1
912.19,0.8,136.16,776.03,4,1
623.81,0.2,81.24,542.56,1,1
481.3,0.0,46.81,434.49,0,1
618.67,0.2,76.11,542.56,1,1
739.12,0.6,101.43,637.69,3,1
695.39,0.4,90.14,605.26,2,1
661.1,0.4,63.41,597.69,2,1
682.59,0.2,147.59,535.0,1,1
607.32,0.2,72.32,535.0,1,1
480.33,0.0,53.41,426.92,0,1
625.43,0.2,90.43,535.0,1,1
612.68,0.2,85.24,527.44,1,1
742.27,0.4,159.7,582.56,2,1
532.7,0.0,90.65,442.05,0,1
835.05,0.6,144.41,690.64,3,1
677.05,0.4,102.05,575.0,2,1
730.63,0.4,110.24,620.38,2,1
499.46,0.0,57.41,442.05,0,1
598.0,0.2,63.0,535.0,1,1
745.21,0.6,122.65,622.56,3,1
480.92,0.0,54.0,426.92,0,1
828.46,0.6,160.51,667.95,3,1
649.43,0.2,159.81,489.62,1,1
890.4,0.8,99.24,791.15,4,1
640.35,0.4,72.92,567.44,2,1
727.47,0.4,114.65,612.82,2,1
708.6,0.4,88.22,620.38,2,1
844.74,0.6,138.97,705.77,3,1
1097.77,1.0,198.54,899.23,5,1
956.11,1.0,147.65,808.46,5,1
904.33,0.8,151.0,753.33,4,1
456.33,0.0,29.41,426.92,0,1
1194.78,1.4,185.3,1009.49,7,1
975.25,0.8,153.84,821.41,4,1
834.79,0.6,121.46,713.33,3,1
675.31,0.4,77.62,597.69,2,1
872.85,0.8,127.08,745.77,4,1
855.5,0.6,157.3,698.21,3,1
550.37,0.0,100.76,449.62,0,1
925.89,0.8,142.3,783.59,4,1
714.29,0.2,171.73,542.56,1,1
637.98,0.2,125.68,512.31,1,1
