"Total_Cost","Ratio_Reloc_Prod","Horiz_Cost","Vert_Cost","nReloc","non_Optimal"
222805.96,0.4427,33147.27,189658.73,664,300
543.17,0.0,55.73,487.44,0,1
686.83,0.2,136.7,550.13,1,1
806.56,0.6,108.35,698.21,3,1
738.52,0.4,118.14,620.38,2,1
738.12,0.4,79.92,658.21,2,1
532.42,0.0,60.11,472.31,0,1
634.26,0.2,84.14,550.13,1,1
863.52,0.6,135.05,728.46,3,1
654.65,0.2,112.08,542.56,1,1
629.31,0.0,172.14,457.18,0,1
599.5,0.2,41.81,557.69,1,1
997.11,1.0,128.14,868.97,5,1
711.49,0.4,83.54,627.95,2,1
538.35,0.0,103.86,434.49,0,1
672.7,0.2,122.57,550.13,1,1
1204.14,1.2,249.78,954.36,6,1
867.1,0.8,83.51,783.59,4,1
826.98,0.6,113.65,713.33,3,1
944.74,0.8,138.46,806.28,4,1
919.61,0.8,128.46,791.15,4,1
823.86,0.6,148.35,675.51,3,1
964.86,1.0,88.32,876.54,5,1
803.43,0.6,120.35,683.08,3,1
708.3,0.4,87.92,620.38,2,1
648.83,0.2,91.14,557.69,1,1
890.92,0.6,154.89,736.03,3,1
587.52,0.0,107.65,479.87,0,1
806.5,0.6,100.73,705.77,3,1
1148.73,1.2,186.81,961.92,6,1
559.74,0.0,87.43,472.31,0,1
768.24,0.4,125.16,643.08,2,1
726.97,0.4,76.32,650.64,2,1
546.61,0.0,89.43,457.18,0,1
536.9,0.0,109.97,426.92,0,1
559.67,0.0,110.05,449.62,0,1
539.13,0.0,81.95,457.18,0,1
471.49,0.0,52.14,419.36,0,1
679.04,0.4,66.22,612.82,2,1
1263.32,1.6,198.7,1064.62,8,1
1003.78,1.0,127.24,876.54,5,1
629.21,0.2,86.65,542.56,1,1
749.67,0.4,114.16,635.51,2,1
890.62,0.8,122.16,768.46,4,1
672.36,0.2,99.54,572.82,1,1
940.7,0.8,164.68,776.03,4,1
678.9,0.4,58.51,620.38,2,1
622.26,0.0,157.51,464.74,0,1
648.37,0.2,98.24,550.13,1,1
728.12,0.4,122.86,605.26,2,1
708.41,0.4,88.03,620.38,2,1
942.84,0.8,166.81,776.03,4,1
564.31,0.2,52.0,512.31,1,1
624.84,0.2,89.84,535.0,1,1
650.67,0.4,68.11,582.56,2,1
682.74,0.4,69.92,612.82,2,1
865.35,0.6,189.84,675.51,3,1
727.49,0.4,99.54,627.95,2,1
611.67,0.2,69.11,542.56,1,1
684.2,0.4,63.81,620.38,2,1
721.69,0.4,108.86,612.82,2,1
721.23,0.4,115.97,605.26,2,1
608.98,0.2,81.54,527.44,1,1
568.39,0.0,103.65,464.74,0,1
882.23,0.6,168.89,713.33,3,1
726.55,0.4,106.16,620.38,2,1
779.51,0.6,96.43,683.08,3,1
807.64,0.6,124.57,683.08,3,1
795.53,0.4,144.89,650.64,2,1
820.53,0.6,129.89,690.64,3,1
526.95,0.0,92.46,434.49,0,1
574.71,0.2,62.41,512.31,1,1
745.34,0.4,87.14,658.21,2,1
856.93,0.8,118.73,738.21,4,1
1004.6,1.0,196.14,808.46,5,1
700.45,0.2,135.19,565.26,1,1
778.91,0.4,128.27,650.64,2,1
509.72,0.0,60.11,449.62,0,1
598.15,0.2,85.84,512.31,1,1
503.85,0.0,39.11,464.74,0,1
505.08,0.0,63.03,442.05,0,1
686.68,0.4,111.68,575.0,2,1
890.81,0.6,154.78,736.03,3,1
1011.54,0.8,243.08,768.46,4,1
503.03,0.0,68.54,434.49,0,1
1224.62,1.4,200.0,1024.62,7,1
582.68,0.2,62.81,519.87,1,1
765.08,0.6,82.0,683.08,3,1
970.16,1.0,93.62,876.54,5,1
539.58,0.0,74.84,464.74,0,1
555.44,0.0,83.14,472.31,0,1
893.47,0.8,132.57,760.9,4,1
774.93,0.4,162.11,612.82,2,1
693.01,0.4,72.62,620.38,2,1
734.0,0.4,106.05,627.95,2,1
754.79,0.4,141.97,612.82,2,1
481.7,0.0,47.22,434.49,0,1
643.19,0.2,115.76,527.44,1,1
1040.28,1.0,194.0,846.28,5,1
1024.28,1.0,162.86,861.41,5,1
512.48,0.0,70.43,442.05,0,1
950.17,0.6,183.89,766.28,3,1
521.56,0.0,79.51,442.05,0,1
455.42,0.0,43.62,411.79,0,1
770.64,0.4,127.57,643.08,2,1
568.53,0.0,111.35,457.18,0,1
758.26,0.6,67.62,690.64,3,1
658.59,0.2,108.46,550.13,1,1
582.79,0.2,62.92,519.87,1,1
527.5,0.0,70.32,457.18,0,1
815.4,0.6,124.76,690.64,3,1
626.35,0.2,91.35,535.0,1,1
756.95,0.4,136.57,620.38,2,1
658.54,0.2,115.97,542.56,1,1
853.01,0.8,107.24,745.77,4,1
793.22,0.4,157.7,635.51,2,1
796.11,0.6,128.16,667.95,3,1
822.88,0.6,124.68,698.21,3,1
956.42,0.8,157.7,798.72,4,1
760.86,0.4,117.78,643.08,2,1
644.07,0.2,93.95,550.13,1,1
520.4,0.0,63.22,457.18,0,1
476.6,0.0,42.11,434.49,0,1
877.01,0.6,163.68,713.33,3,1
642.02,0.2,99.46,542.56,1,1
758.64,0.4,100.43,658.21,2,1
1093.77,1.2,154.54,939.23,6,1
840.31,0.6,126.97,713.33,3,1
868.21,0.8,130.0,738.21,4,1
626.03,0.4,51.03,575.0,2,1
1175.1,1.2,235.86,939.23,6,1
638.28,0.2,73.03,565.26,1,1
793.82,0.6,72.92,720.9,3,1
528.92,0.0,86.86,442.05,0,1
848.03,0.8,87.14,760.9,4,1
856.57,0.8,80.54,776.03,4,1
621.69,0.2,64.0,557.69,1,1
713.98,0.4,101.16,612.82,2,1
930.19,0.8,169.3,760.9,4,1
732.76,0.4,97.24,635.51,2,1
910.51,0.8,119.35,791.15,4,1
503.51,0.0,69.03,434.49,0,1
661.81,0.2,134.38,527.44,1,1
675.18,0.4,69.92,605.26,2,1
638.54,0.2,103.54,535.0,1,1
472.39,0.0,53.03,419.36,0,1
1044.77,1.0,190.92,853.85,5,1
879.45,0.6,135.86,743.59,3,1
676.96,0.4,64.14,612.82,2,1
644.41,0.2,116.97,527.44,1,1
834.36,0.6,113.46,720.9,3,1
913.19,0.8,137.16,776.03,4,1
870.89,0.6,134.86,736.03,3,1
715.36,0.4,102.54,612.82,2,1
620.03,0.2,100.16,519.87,1,1
874.38,0.6,153.49,720.9,3,1
905.9,0.8,99.62,806.28,4,1
492.51,0.0,58.03,434.49,0,1
603.59,0.2,113.97,489.62,1,1
734.33,0.4,113.95,620.38,2,1
1170.44,1.4,176.08,994.36,7,1
474.44,0.0,47.51,426.92,0,1
724.0,0.4,96.05,627.95,2,1
700.4,0.4,117.84,582.56,2,1
900.75,0.8,117.16,783.59,4,1
731.74,0.4,126.49,605.26,2,1
679.82,0.4,67.0,612.82,2,1
740.3,0.4,112.35,627.95,2,1
935.47,0.8,121.62,813.85,4,1
857.34,0.8,111.57,745.77,4,1
791.09,0.4,125.32,665.77,2,1
834.68,0.6,121.35,713.33,3,1
855.7,0.8,87.24,768.46,4,1
869.86,0.6,194.35,675.51,3,1
1155.31,1.4,123.14,1032.18,7,1
903.61,0.8,97.32,806.28,4,1
879.72,0.6,181.51,698.21,3,1
838.15,0.6,132.38,705.77,3,1
503.62,0.0,69.14,434.49,0,1
677.41,0.4,57.03,620.38,2,1
1087.3,1.2,132.95,954.36,6,1
833.55,0.6,112.65,720.9,3,1
750.03,0.4,122.08,627.95,2,1
796.27,0.6,120.76,675.51,3,1
887.75,0.4,244.68,643.08,2,1
1104.48,1.0,227.95,876.54,5,1
649.99,0.2,84.73,565.26,1,1
740.22,0.6,79.84,660.38,3,1
653.27,0.2,118.27,535.0,1,1
611.59,0.2,69.03,542.56,1,1
1033.24,1.2,124.27,908.97,6,1
862.86,0.6,119.27,743.59,3,1
934.92,0.8,158.89,776.03,4,1
684.69,0.2,111.86,572.82,1,1
480.76,0.0,61.41,419.36,0,1
775.75,0.6,85.11,690.64,3,1
782.54,0.4,139.46,643.08,2,1
1013.82,1.0,159.97,853.85,5,1
541.29,0.0,84.11,457.18,0,1
809.15,0.6,110.95,698.21,3,1
1259.38,1.4,189.38,1070.0,7,1
676.17,0.2,103.35,572.82,1,1
919.51,0.8,128.35,791.15,4,1
656.73,0.2,114.16,542.56,1,1
614.77,0.2,102.46,512.31,1,1
740.73,0.4,97.65,643.08,2,1
625.8,0.2,68.11,557.69,1,1
729.77,0.2,164.51,565.26,1,1
801.35,0.6,118.27,683.08,3,1
802.15,0.6,103.95,698.21,3,1
841.32,0.6,150.68,690.64,3,1
524.47,0.0,112.68,411.79,0,1
695.81,0.2,160.81,535.0,1,1
857.6,0.8,89.14,768.46,4,1
887.03,0.8,126.14,760.9,4,1
685.51,0.2,135.38,550.13,1,1
639.8,0.4,42.11,597.69,2,1
756.17,0.6,103.35,652.82,3,1
793.16,0.6,117.65,675.51,3,1
1043.33,1.0,234.86,808.46,5,1
768.99,0.4,118.35,650.64,2,1
486.65,0.0,59.73,426.92,0,1
525.92,0.2,51.43,474.49,1,1
801.59,0.6,110.95,690.64,3,1
508.93,0.0,89.57,419.36,0,1
698.01,0.4,77.62,620.38,2,1
532.45,0.0,82.84,449.62,0,1
639.65,0.2,104.65,535.0,1,1
886.69,0.8,95.54,791.15,4,1
961.43,0.8,185.41,776.03,4,1
791.97,0.6,101.32,690.64,3,1
545.45,0.0,95.84,449.62,0,1
617.54,0.4,50.11,567.44,2,1
722.76,0.6,54.81,667.95,3,1
868.35,0.8,92.32,776.03,4,1
768.25,0.4,140.3,627.95,2,1
749.89,0.4,114.38,635.51,2,1
813.99,0.8,68.22,745.77,4,1
798.76,0.6,138.38,660.38,3,1
576.2,0.2,56.32,519.87,1,1
723.66,0.4,110.84,612.82,2,1
990.44,1.0,144.16,846.28,5,1
604.3,0.2,84.43,519.87,1,1
934.16,0.8,165.7,768.46,4,1
599.58,0.2,94.84,504.74,1,1
925.37,0.8,126.65,798.72,4,1
513.12,0.0,40.81,472.31,0,1
931.08,0.8,155.05,776.03,4,1
672.67,0.2,114.97,557.69,1,1
641.73,0.2,99.16,542.56,1,1
620.03,0.2,100.16,519.87,1,1
737.06,0.4,116.68,620.38,2,1
744.13,0.6,68.62,675.51,3,1
735.99,0.4,138.3,597.69,2,1
826.86,0.6,143.78,683.08,3,1
569.58,0.2,64.84,504.74,1,1
718.44,0.4,98.05,620.38,2,1
810.1,0.6,119.46,690.64,3,1
548.71,0.0,121.78,426.92,0,1
819.02,0.6,128.38,690.64,3,1
661.39,0.2,96.14,565.26,1,1
472.76,0.0,53.41,419.36,0,1
599.44,0.2,72.0,527.44,1,1
753.18,0.6,107.92,645.26,3,1
1050.6,1.2,149.19,901.41,6,1
684.49,0.4,64.11,620.38,2,1
789.07,0.6,98.43,690.64,3,1
471.25,0.0,44.32,426.92,0,1
541.29,0.0,99.24,442.05,0,1
528.53,0.0,78.92,449.62,0,1
595.83,0.2,98.65,497.18,1,1
805.44,0.6,92.11,713.33,3,1
474.03,0.0,47.11,426.92,0,1
1215.32,1.4,190.7,1024.62,7,1
603.93,0.2,84.05,519.87,1,1
680.94,0.4,83.24,597.69,2,1
479.73,0.0,52.81,426.92,0,1
521.57,0.0,94.65,426.92,0,1
726.33,0.4,105.95,620.38,2,1
481.36,0.0,62.0,419.36,0,1
750.65,0.4,130.27,620.38,2,1
697.81,0.4,115.24,582.56,2,1
952.83,1.0,121.68,831.15,5,1
673.14,0.2,145.7,527.44,1,1
687.64,0.4,89.95,597.69,2,1
642.74,0.2,122.86,519.87,1,1
805.88,0.6,115.24,690.64,3,1
1032.05,1.0,147.95,884.1,5,1
714.78,0.2,172.22,542.56,1,1
695.88,0.4,105.76,590.13,2,1
449.31,0.0,37.51,411.79,0,1
775.97,0.4,140.46,635.51,2,1
994.61,0.8,195.89,798.72,4,1
725.39,0.4,120.14,605.26,2,1
720.03,0.4,99.65,620.38,2,1
647.75,0.4,57.62,590.13,2,1
720.82,0.4,115.57,605.26,2,1
545.86,0.0,96.24,449.62,0,1
905.16,0.8,121.57,783.59,4,1
935.6,0.6,207.14,728.46,3,1
778.16,0.6,102.65,675.51,3,1
