"Total_Cost","Ratio_Reloc_Prod","Horiz_Cost","Vert_Cost","nReloc","non_Optimal"
222715.91,0.4493,32914.46,189801.56,674,300
543.17,0.0,55.73,487.44,0,1
686.83,0.2,136.7,550.13,1,1
806.56,0.6,108.35,698.21,3,1
738.52,0.4,118.14,620.38,2,1
738.12,0.4,79.92,658.21,2,1
532.42,0.0,60.11,472.31,0,1
634.26,0.2,84.14,550.13,1,1
863.52,0.6,135.05,728.46,3,1
654.65,0.2,112.08,542.56,1,1
629.31,0.0,172.14,457.18,0,1
599.5,0.2,41.81,557.69,1,1
997.11,1.0,128.14,868.97,5,1
711.49,0.4,83.54,627.95,2,1
538.35,0.0,103.86,434.49,0,1
672.7,0.2,122.57,550.13,1,1
1204.14,1.2,249.78,954.36,6,1
867.1,0.8,83.51,783.59,4,1
826.98,0.6,113.65,713.33,3,1
944.74,0.8,138.46,806.28,4,1
919.61,0.8,128.46,791.15,4,1
823.86,0.6,148.35,675.51,3,1
964.86,1.0,88.32,876.54,5,1
803.43,0.6,120.35,683.08,3,1
708.3,0.4,87.92,620.38,2,1
648.83,0.2,91.14,557.69,1,1
890.92,0.6,154.89,736.03,3,1
587.52,0.0,107.65,479.87,0,1
806.5,0.6,100.73,705.77,3,1
1148.73,1.2,186.81,961.92,6,1
559.74,0.0,87.43,472.31,0,1
768.24,0.4,125.16,643.08,2,1
726.15,0.4,75.51,650.64,2,1
546.61,0.0,89.43,457.18,0,1
514.07,0.0,102.27,411.79,0,1
567.78,0.0,118.16,449.62,0,1
539.42,0.0,82.24,457.18,0,1
471.2,0.0,51.84,419.36,0,1
679.04,0.4,66.22,612.82,2,1
1240.78,1.6,191.3,1049.49,8,1
1003.78,1.0,127.24,876.54,5,1
627.21,0.2,84.65,542.56,1,1
742.71,0.4,114.76,627.95,2,1
957.32,1.0,126.16,831.15,5,1
671.06,0.2,98.24,572.82,1,1
940.7,0.8,164.68,776.03,4,1
691.06,0.4,63.11,627.95,2,1
622.26,0.0,157.51,464.74,0,1
648.37,0.2,98.24,550.13,1,1
817.51,0.6,126.86,690.64,3,1
644.07,0.2,93.95,550.13,1,1
1001.96,1.0,170.81,831.15,5,1
564.31,0.2,52.0,512.31,1,1
624.84,0.2,89.84,535.0,1,1
650.67,0.4,68.11,582.56,2,1
696.6,0.4,76.22,620.38,2,1
791.53,0.4,193.84,597.69,2,1
727.49,0.4,99.54,627.95,2,1
645.23,0.2,87.54,557.69,1,1
703.11,0.4,82.73,620.38,2,1
718.72,0.4,113.46,605.26,2,1
721.23,0.4,115.97,605.26,2,1
608.98,0.2,81.54,527.44,1,1
657.78,0.2,107.65,550.13,1,1
897.49,0.6,176.59,720.9,3,1
726.55,0.4,106.16,620.38,2,1
779.51,0.6,96.43,683.08,3,1
807.64,0.6,124.57,683.08,3,1
795.53,0.4,144.89,650.64,2,1
820.53,0.6,129.89,690.64,3,1
518.65,0.0,84.16,434.49,0,1
574.71,0.2,62.41,512.31,1,1
745.34,0.4,87.14,658.21,2,1
841.37,0.8,110.73,730.64,4,1
1004.6,1.0,196.14,808.46,5,1
696.74,0.2,131.49,565.26,1,1
781.61,0.4,130.97,650.64,2,1
610.51,0.2,75.51,535.0,1,1
598.15,0.2,85.84,512.31,1,1
484.13,0.0,34.51,449.62,0,1
524.21,0.0,67.03,457.18,0,1
671.71,0.4,104.27,567.44,2,1
889.51,0.6,153.49,736.03,3,1
1070.67,1.0,247.08,823.59,5,1
532.11,0.0,90.05,442.05,0,1
1054.2,1.0,207.92,846.28,5,1
504.13,0.0,54.51,449.62,0,1
669.26,0.4,64.0,605.26,2,1
971.16,1.0,94.62,876.54,5,1
553.8,0.0,89.05,464.74,0,1
553.44,0.0,81.14,472.31,0,1
826.77,0.6,128.57,698.21,3,1
774.93,0.4,162.11,612.82,2,1
701.87,0.4,73.92,627.95,2,1
673.37,0.2,115.68,557.69,1,1
817.62,0.6,149.68,667.95,3,1
504.67,0.0,62.62,442.05,0,1
560.07,0.0,110.46,449.62,0,1
1127.51,1.2,203.41,924.1,6,1
1024.28,1.0,162.86,861.41,5,1
514.48,0.0,72.43,442.05,0,1
1043.37,0.8,191.7,851.67,4,1
519.97,0.0,77.92,442.05,0,1
453.31,0.0,41.51,411.79,0,1
785.75,0.4,142.68,643.08,2,1
542.81,0.0,100.76,442.05,0,1
743.89,0.6,60.81,683.08,3,1
676.45,0.2,118.76,557.69,1,1
571.71,0.2,59.41,512.31,1,1
527.5,0.0,70.32,457.18,0,1
814.54,0.6,131.46,683.08,3,1
626.05,0.2,91.05,535.0,1,1
767.62,0.4,139.68,627.95,2,1
729.14,0.4,108.76,620.38,2,1
840.77,0.8,87.43,753.33,4,1
762.68,0.4,142.3,620.38,2,1
735.42,0.4,130.16,605.26,2,1
812.32,0.6,121.68,690.64,3,1
1180.78,1.4,171.3,1009.49,7,1
771.67,0.4,128.59,643.08,2,1
743.46,0.4,107.95,635.51,2,1
499.27,0.0,57.22,442.05,0,1
480.89,0.0,46.41,434.49,0,1
869.44,0.6,163.68,705.77,3,1
662.4,0.2,112.27,550.13,1,1
751.07,0.4,100.43,650.64,2,1
1082.21,1.2,150.54,931.67,6,1
753.78,0.4,118.27,635.51,2,1
872.5,0.8,134.3,738.21,4,1
586.46,0.2,59.03,527.44,1,1
1041.71,0.8,227.86,813.85,4,1
639.39,0.2,74.14,565.26,1,1
793.82,0.6,72.92,720.9,3,1
532.92,0.0,90.86,442.05,0,1
775.64,0.6,77.43,698.21,3,1
856.57,0.8,80.54,776.03,4,1
621.69,0.2,64.0,557.69,1,1
673.26,0.2,115.57,557.69,1,1
843.37,0.6,160.3,683.08,3,1
594.28,0.2,89.54,504.74,1,1
913.91,0.8,122.76,791.15,4,1
517.67,0.0,75.62,442.05,0,1
617.63,0.2,97.76,519.87,1,1
589.76,0.2,62.32,527.44,1,1
746.76,0.4,111.24,635.51,2,1
455.2,0.0,43.41,411.79,0,1
1032.69,1.0,186.41,846.28,5,1
868.19,0.6,132.16,736.03,3,1
685.55,0.4,72.73,612.82,2,1
658.68,0.2,123.68,535.0,1,1
741.73,0.4,98.65,643.08,2,1
1007.57,1.0,146.16,861.41,5,1
835.79,0.6,122.46,713.33,3,1
663.04,0.2,105.35,557.69,1,1
661.21,0.4,78.65,582.56,2,1
839.04,0.6,133.27,705.77,3,1
905.9,0.8,99.62,806.28,4,1
499.97,0.0,57.92,442.05,0,1
545.46,0.0,110.97,434.49,0,1
639.65,0.2,104.65,535.0,1,1
981.06,1.0,172.59,808.46,5,1
520.46,0.2,38.41,482.05,1,1
597.54,0.2,70.11,527.44,1,1
700.92,0.4,118.35,582.56,2,1
871.14,0.6,142.68,728.46,3,1
716.32,0.4,126.19,590.13,2,1
724.79,0.6,64.41,660.38,3,1
705.09,0.4,99.84,605.26,2,1
842.08,0.6,113.62,728.46,3,1
795.4,0.6,104.76,690.64,3,1
712.38,0.4,92.0,620.38,2,1
840.68,0.6,127.35,713.33,3,1
881.54,0.8,97.95,783.59,4,1
805.01,0.4,199.76,605.26,2,1
1153.97,1.4,129.35,1024.62,7,1
694.32,0.4,58.81,635.51,2,1
913.66,0.8,167.89,745.77,4,1
841.15,0.6,135.38,705.77,3,1
507.62,0.0,73.14,434.49,0,1
681.71,0.4,61.32,620.38,2,1
1147.78,1.4,130.73,1017.05,7,1
888.67,0.8,112.65,776.03,4,1
750.03,0.4,122.08,627.95,2,1
804.13,0.6,121.05,683.08,3,1
1141.59,1.0,257.49,884.1,5,1
1320.7,1.6,195.57,1125.13,8,1
631.18,0.2,65.92,565.26,1,1
899.86,0.8,123.84,776.03,4,1
722.09,0.4,109.27,612.82,2,1
694.44,0.4,81.62,612.82,2,1
993.68,1.0,132.27,861.41,5,1
869.16,0.6,125.57,743.59,3,1
1005.64,1.0,174.49,831.15,5,1
670.85,0.2,113.16,557.69,1,1
455.31,0.0,43.51,411.79,0,1
795.02,0.6,111.95,683.08,3,1
770.67,0.4,135.16,635.51,2,1
962.53,1.0,131.38,831.15,5,1
943.44,0.8,137.16,806.28,4,1
901.83,0.8,118.24,783.59,4,1
1146.13,1.2,169.08,977.05,6,1
750.57,0.4,115.05,635.51,2,1
881.11,0.8,112.65,768.46,4,1
662.83,0.2,120.27,542.56,1,1
701.54,0.4,118.97,582.56,2,1
618.73,0.2,83.73,535.0,1,1
613.64,0.2,63.51,550.13,1,1
728.47,0.2,163.22,565.26,1,1
778.22,0.6,110.27,667.95,3,1
802.15,0.6,103.95,698.21,3,1
927.14,0.8,158.68,768.46,4,1
537.09,0.0,110.16,426.92,0,1
793.91,0.4,188.65,605.26,2,1
855.6,0.8,87.14,768.46,4,1
890.19,0.8,121.73,768.46,4,1
767.89,0.4,132.38,635.51,2,1
635.1,0.4,37.41,597.69,2,1
617.95,0.2,82.95,535.0,1,1
719.66,0.4,106.84,612.82,2,1
973.62,1.0,210.54,763.08,5,1
546.58,0.0,81.84,464.74,0,1
517.78,0.0,75.73,442.05,0,1
468.18,0.0,63.95,404.23,0,1
719.22,0.4,98.84,620.38,2,1
525.79,0.0,98.86,426.92,0,1
738.76,0.6,70.81,667.95,3,1
633.73,0.2,98.73,535.0,1,1
826.91,0.6,136.27,690.64,3,1
892.51,0.8,101.35,791.15,4,1
716.72,0.2,166.59,550.13,1,1
703.41,0.4,83.03,620.38,2,1
512.38,0.0,70.32,442.05,0,1
626.44,0.4,59.0,567.44,2,1
711.63,0.6,58.81,652.82,3,1
761.78,0.6,71.14,690.64,3,1
829.27,0.6,146.19,683.08,3,1
718.72,0.4,128.59,590.13,2,1
686.97,0.4,96.84,590.13,2,1
788.54,0.6,105.46,683.08,3,1
483.81,0.0,49.32,434.49,0,1
667.67,0.4,77.54,590.13,2,1
827.93,0.6,122.16,705.77,3,1
568.01,0.2,55.7,512.31,1,1
872.39,0.6,166.62,705.77,3,1
608.33,0.2,96.03,512.31,1,1
1048.43,1.2,139.46,908.97,6,1
529.07,0.0,64.32,464.74,0,1
1043.24,1.2,134.27,908.97,6,1
601.66,0.2,89.35,512.31,1,1
683.55,0.4,70.73,612.82,2,1
566.13,0.2,68.95,497.18,1,1
615.22,0.2,95.35,519.87,1,1
776.95,0.6,63.62,713.33,3,1
641.42,0.2,129.11,512.31,1,1
880.43,0.8,96.84,783.59,4,1
701.9,0.4,81.51,620.38,2,1
858.7,0.6,122.68,736.03,3,1
656.15,0.2,151.41,504.74,1,1
672.11,0.4,104.68,567.44,2,1
918.62,0.8,150.16,768.46,4,1
675.96,0.2,103.14,572.82,1,1
494.49,0.0,60.0,434.49,0,1
596.44,0.2,69.0,527.44,1,1
822.32,0.8,99.24,723.08,4,1
1146.88,1.4,160.08,986.79,7,1
726.46,0.4,90.95,635.51,2,1
810.77,0.6,97.43,713.33,3,1
587.23,0.2,90.05,497.18,1,1
752.46,0.4,116.95,635.51,2,1
649.55,0.4,97.24,552.31,2,1
566.97,0.0,117.35,449.62,0,1
595.25,0.2,67.81,527.44,1,1
467.36,0.0,48.0,419.36,0,1
1171.22,1.4,169.3,1001.92,7,1
739.61,0.6,94.35,645.26,3,1
686.09,0.4,80.84,605.26,2,1
580.09,0.2,60.22,519.87,1,1
689.73,0.4,107.16,582.56,2,1
623.35,0.2,88.35,535.0,1,1
504.92,0.0,78.0,426.92,0,1
826.98,0.6,113.65,713.33,3,1
741.17,0.4,128.35,612.82,2,1
1065.18,1.2,141.08,924.1,6,1
757.85,0.4,152.59,605.26,2,1
747.06,0.6,94.24,652.82,3,1
567.37,0.0,117.76,449.62,0,1
762.06,0.6,109.24,652.82,3,1
823.56,0.6,125.35,698.21,3,1
746.58,0.4,148.89,597.69,2,1
561.33,0.0,134.41,426.92,0,1
452.17,0.0,32.81,419.36,0,1
641.76,0.2,106.76,535.0,1,1
968.64,0.8,177.49,791.15,4,1
704.16,0.4,129.16,575.0,2,1
763.6,0.6,95.65,667.95,3,1
666.38,0.4,98.95,567.44,2,1
792.04,0.6,93.84,698.21,3,1
563.13,0.0,105.95,457.18,0,1
957.15,1.0,110.86,846.28,5,1
805.32,0.6,114.68,690.64,3,1
719.58,0.4,106.76,612.82,2,1
