"Total_Cost","Ratio_Reloc_Prod","Horiz_Cost","Vert_Cost","nReloc","non_Optimal"
251556.59,0.462,58347.64,193208.98,693,300
687.24,0.2,91.73,595.51,1,1
1093.54,0.8,257.0,836.54,4,1
538.09,0.0,58.22,479.87,0,1
904.36,0.4,231.03,673.33,2,1
1600.03,1.0,685.68,914.36,5,1
506.15,0.0,41.41,464.74,0,1
1183.5,1.4,143.76,1039.74,7,1
537.67,0.0,88.05,449.62,0,1
587.72,0.0,122.97,464.74,0,1
691.14,0.4,78.32,612.82,2,1
732.34,0.2,167.08,565.26,1,1
1129.65,1.2,160.16,969.49,6,1
930.1,0.6,186.51,743.59,3,1
704.59,0.4,61.51,643.08,2,1
839.49,0.4,211.54,627.95,2,1
525.72,0.0,76.11,449.62,0,1
564.74,0.0,100.0,464.74,0,1
784.24,0.4,141.16,643.08,2,1
921.61,0.8,130.46,791.15,4,1
1108.1,1.0,216.43,891.67,5,1
948.02,0.6,204.43,743.59,3,1
905.88,0.6,200.11,705.77,3,1
1148.76,0.8,327.35,821.41,4,1
842.76,0.6,174.81,667.95,3,1
595.47,0.0,130.73,464.74,0,1
859.3,0.4,223.78,635.51,2,1
570.75,0.2,81.14,489.62,1,1
686.94,0.2,144.38,542.56,1,1
937.91,0.6,239.7,698.21,3,1
488.05,0.0,46.0,442.05,0,1
441.2,0.0,29.41,411.79,0,1
529.24,0.0,94.76,434.49,0,1
532.49,0.0,98.0,434.49,0,1
959.23,0.8,205.89,753.33,4,1
445.5,0.0,33.7,411.79,0,1
1051.3,0.6,315.27,736.03,3,1
1084.56,0.6,340.97,743.59,3,1
1166.46,0.8,345.05,821.41,4,1
653.16,0.2,103.03,550.13,1,1
799.44,0.4,133.68,665.77,2,1
831.72,0.2,274.03,557.69,1,1
775.41,0.4,147.46,627.95,2,1
693.16,0.4,103.03,590.13,2,1
581.81,0.2,46.81,535.0,1,1
736.16,0.6,68.22,667.95,3,1
944.37,0.6,246.16,698.21,3,1
1419.7,1.2,435.08,984.62,6,1
858.15,0.4,192.38,665.77,2,1
499.36,0.0,80.0,419.36,0,1
804.93,0.4,184.54,620.38,2,1
821.75,0.2,264.05,557.69,1,1
1014.91,0.6,331.84,683.08,3,1
1258.49,0.8,437.08,821.41,4,1
622.35,0.2,87.35,535.0,1,1
1131.04,0.8,385.27,745.77,4,1
731.49,0.2,196.49,535.0,1,1
720.06,0.4,107.24,612.82,2,1
933.56,0.6,235.35,698.21,3,1
608.79,0.2,81.35,527.44,1,1
588.22,0.2,53.22,535.0,1,1
834.89,0.4,199.38,635.51,2,1
741.1,0.2,190.97,550.13,1,1
710.54,0.2,183.11,527.44,1,1
685.95,0.2,158.51,527.44,1,1
1390.73,1.4,381.24,1009.49,7,1
631.69,0.2,74.0,557.69,1,1
726.85,0.2,169.16,557.69,1,1
842.57,0.4,222.19,620.38,2,1
1236.57,1.0,375.16,861.41,5,1
703.8,0.4,98.54,605.26,2,1
695.61,0.4,90.35,605.26,2,1
762.95,0.6,102.57,660.38,3,1
786.73,0.4,158.78,627.95,2,1
1393.29,1.2,461.62,931.67,6,1
706.62,0.2,224.57,482.05,1,1
1333.54,1.2,469.95,863.59,6,1
1180.85,1.0,342.14,838.72,5,1
608.41,0.2,73.41,535.0,1,1
661.66,0.4,56.41,605.26,2,1
704.35,0.4,129.35,575.0,2,1
673.01,0.4,113.14,559.87,2,1
630.24,0.2,95.24,535.0,1,1
910.04,0.6,211.84,698.21,3,1
1131.79,0.8,317.95,813.85,4,1
677.28,0.2,164.97,512.31,1,1
858.62,0.6,130.16,728.46,3,1
431.2,0.0,19.41,411.79,0,1
587.09,0.2,82.35,504.74,1,1
1131.22,0.8,302.24,828.97,4,1
584.7,0.0,135.08,449.62,0,1
474.34,0.0,62.54,411.79,0,1
572.69,0.2,67.95,504.74,1,1
785.99,0.6,95.35,690.64,3,1
500.7,0.0,66.22,434.49,0,1
1060.88,0.8,254.59,806.28,4,1
911.62,0.4,276.11,635.51,2,1
1098.81,0.8,322.78,776.03,4,1
773.57,0.2,238.57,535.0,1,1
751.24,0.2,208.68,542.56,1,1
794.3,0.6,126.35,667.95,3,1
665.31,0.2,100.05,565.26,1,1
771.2,0.4,158.38,612.82,2,1
447.01,0.0,35.22,411.79,0,1
888.18,0.4,282.92,605.26,2,1
672.1,0.2,129.54,542.56,1,1
942.2,0.8,188.86,753.33,4,1
603.29,0.2,60.73,542.56,1,1
440.61,0.0,28.81,411.79,0,1
541.97,0.2,59.92,482.05,1,1
952.53,0.6,254.32,698.21,3,1
1053.21,1.0,237.19,816.03,5,1
672.97,0.2,137.97,535.0,1,1
792.75,0.6,102.11,690.64,3,1
998.67,0.8,207.51,791.15,4,1
815.62,0.6,147.68,667.95,3,1
1404.22,1.2,389.35,1014.87,6,1
707.42,0.2,142.16,565.26,1,1
769.82,0.4,157.0,612.82,2,1
790.52,0.6,130.14,660.38,3,1
1311.78,1.2,395.24,916.54,6,1
1110.85,1.0,257.0,853.85,5,1
1473.37,1.2,473.62,999.74,6,1
1059.67,0.8,283.65,776.03,4,1
770.58,0.4,157.76,612.82,2,1
487.51,0.0,53.03,434.49,0,1
1105.01,0.8,298.73,806.28,4,1
1014.15,0.8,215.43,798.72,4,1
1139.87,0.8,326.03,813.85,4,1
1313.48,1.2,396.95,916.54,6,1
870.0,0.6,186.92,683.08,3,1
824.89,0.4,189.38,635.51,2,1
546.92,0.0,104.86,442.05,0,1
800.33,0.4,172.38,627.95,2,1
1903.06,1.4,840.62,1062.44,7,1
862.32,0.4,219.24,643.08,2,1
1142.66,0.6,436.89,705.77,3,1
1015.23,0.8,216.51,798.72,4,1
822.86,0.2,272.73,550.13,1,1
879.42,0.4,221.22,658.21,2,1
450.01,0.0,38.22,411.79,0,1
972.79,0.8,211.89,760.9,4,1
735.46,0.4,107.51,627.95,2,1
978.29,0.8,255.22,723.08,4,1
992.05,0.4,341.41,650.64,2,1
847.77,0.2,282.51,565.26,1,1
706.37,0.2,148.68,557.69,1,1
1091.17,0.8,277.32,813.85,4,1
670.19,0.2,135.19,535.0,1,1
871.59,0.4,228.51,643.08,2,1
840.36,0.4,219.97,620.38,2,1
1035.89,0.6,352.81,683.08,3,1
806.33,0.4,193.51,612.82,2,1
966.7,0.8,183.11,783.59,4,1
572.59,0.0,122.97,449.62,0,1
1031.41,0.6,310.51,720.9,3,1
668.41,0.2,140.97,527.44,1,1
1002.34,0.8,196.05,806.28,4,1
764.47,0.4,151.65,612.82,2,1
974.75,0.4,331.68,643.08,2,1
1913.52,2.0,625.19,1288.33,10,1
761.67,0.4,111.03,650.64,2,1
872.71,0.4,259.89,612.82,2,1
1002.34,0.6,296.57,705.77,3,1
527.23,0.0,70.05,457.18,0,1
562.69,0.0,97.95,464.74,0,1
764.71,0.4,136.76,627.95,2,1
1213.35,0.8,429.76,783.59,4,1
1288.2,1.0,381.41,906.79,5,1
676.91,0.2,126.78,550.13,1,1
537.55,0.0,72.81,464.74,0,1
1074.18,0.8,283.03,791.15,4,1
593.29,0.0,136.11,457.18,0,1
949.51,0.4,314.0,635.51,2,1
1015.58,0.6,302.24,713.33,3,1
745.25,0.4,132.43,612.82,2,1
678.75,0.2,136.19,542.56,1,1
1118.39,1.0,264.54,853.85,5,1
780.34,0.6,89.7,690.64,3,1
586.25,0.2,73.95,512.31,1,1
613.88,0.2,109.14,504.74,1,1
527.73,0.0,93.24,434.49,0,1
684.6,0.4,64.22,620.38,2,1
517.24,0.0,82.76,434.49,0,1
1574.48,1.4,481.78,1092.69,7,1
499.36,0.0,80.0,419.36,0,1
724.87,0.4,96.92,627.95,2,1
1255.14,1.0,401.3,853.85,5,1
789.13,0.4,146.05,643.08,2,1
761.57,0.4,126.05,635.51,2,1
663.32,0.2,120.76,542.56,1,1
1025.53,0.6,327.32,698.21,3,1
776.65,0.4,141.14,635.51,2,1
1180.76,1.0,311.78,868.97,5,1
998.74,0.8,245.41,753.33,4,1
973.98,0.6,321.16,652.82,3,1
691.42,0.2,126.16,565.26,1,1
685.69,0.4,88.0,597.69,2,1
560.67,0.2,71.05,489.62,1,1
520.49,0.0,86.0,434.49,0,1
1006.05,0.8,214.89,791.15,4,1
836.33,0.4,215.95,620.38,2,1
514.14,0.0,87.22,426.92,0,1
830.02,0.4,186.95,643.08,2,1
790.65,0.4,162.7,627.95,2,1
555.28,0.0,90.54,464.74,0,1
934.17,0.4,268.41,665.77,2,1
562.88,0.2,58.14,504.74,1,1
783.72,0.2,218.46,565.26,1,1
520.25,0.0,93.32,426.92,0,1
765.55,0.4,160.3,605.26,2,1
753.71,0.2,241.41,512.31,1,1
1038.7,0.6,302.68,736.03,3,1
669.65,0.4,94.65,575.0,2,1
1781.57,1.4,719.14,1062.44,7,1
949.8,0.6,251.59,698.21,3,1
784.03,0.4,163.65,620.38,2,1
942.02,0.8,203.81,738.21,4,1
623.93,0.2,119.19,504.74,1,1
1259.94,1.2,328.27,931.67,6,1
943.88,0.4,285.68,658.21,2,1
960.62,0.6,217.03,743.59,3,1
833.19,0.6,157.68,675.51,3,1
1166.04,0.6,452.7,713.33,3,1
913.32,0.6,177.3,736.03,3,1
681.14,0.2,108.32,572.82,1,1
755.58,0.4,142.76,612.82,2,1
927.03,0.4,306.65,620.38,2,1
728.45,0.4,123.19,605.26,2,1
604.63,0.2,92.32,512.31,1,1
777.01,0.4,164.19,612.82,2,1
1247.07,1.0,400.78,846.28,5,1
956.82,0.8,150.54,806.28,4,1
970.81,0.4,342.86,627.95,2,1
677.04,0.2,119.35,557.69,1,1
816.08,0.6,87.62,728.46,3,1
828.21,0.6,137.57,690.64,3,1
1153.44,1.2,199.08,954.36,6,1
680.42,0.2,122.73,557.69,1,1
612.81,0.2,70.24,542.56,1,1
494.46,0.0,67.54,426.92,0,1
764.57,0.2,237.14,527.44,1,1
543.46,0.0,116.54,426.92,0,1
543.35,0.0,108.86,434.49,0,1
457.12,0.0,45.32,411.79,0,1
1344.78,0.8,553.62,791.15,4,1
572.88,0.2,68.14,504.74,1,1
686.96,0.4,74.14,612.82,2,1
712.12,0.4,106.86,605.26,2,1
1265.06,1.2,303.14,961.92,6,1
851.35,0.4,215.84,635.51,2,1
1502.75,1.4,425.19,1077.56,7,1
1190.97,0.8,414.95,776.03,4,1
634.69,0.2,122.38,512.31,1,1
656.56,0.2,98.86,557.69,1,1
694.56,0.4,96.86,597.69,2,1
772.49,0.4,144.54,627.95,2,1
434.5,0.0,22.7,411.79,0,1
989.94,0.6,253.92,736.03,3,1
772.63,0.2,199.81,572.82,1,1
1108.84,1.0,239.86,868.97,5,1
857.51,0.4,214.43,643.08,2,1
661.98,0.4,109.68,552.31,2,1
710.72,0.4,113.03,597.69,2,1
743.63,0.4,123.24,620.38,2,1
724.63,0.4,104.24,620.38,2,1
833.95,0.4,206.0,627.95,2,1
985.56,0.4,327.35,658.21,2,1
680.84,0.4,120.97,559.87,2,1
719.67,0.2,177.11,542.56,1,1
786.91,0.4,189.22,597.69,2,1
992.37,0.6,301.73,690.64,3,1
910.61,0.6,204.84,705.77,3,1
594.86,0.0,137.68,457.18,0,1
1052.42,1.0,213.7,838.72,5,1
1042.43,0.6,306.41,736.03,3,1
659.97,0.2,124.97,535.0,1,1
877.43,0.8,93.84,783.59,4,1
786.56,0.4,188.86,597.69,2,1
514.27,0.0,72.22,442.05,0,1
743.99,0.2,178.73,565.26,1,1
881.57,0.6,145.54,736.03,3,1
536.94,0.0,79.76,457.18,0,1
742.68,0.6,74.73,667.95,3,1
559.26,0.2,54.51,504.74,1,1
599.2,0.2,94.46,504.74,1,1
855.67,0.4,220.16,635.51,2,1
1023.17,0.6,309.84,713.33,3,1
620.85,0.2,108.54,512.31,1,1
591.0,0.2,56.0,535.0,1,1
772.15,0.4,174.46,597.69,2,1
1205.09,1.2,318.81,886.28,6,1
865.84,0.6,144.95,720.9,3,1
1454.67,0.8,610.57,844.1,4,1
651.79,0.2,124.35,527.44,1,1
565.02,0.0,122.97,442.05,0,1
1024.36,0.6,363.97,660.38,3,1
1223.09,1.0,369.24,853.85,5,1
776.11,0.4,148.16,627.95,2,1
931.81,0.6,195.78,736.03,3,1
1145.92,1.0,276.95,868.97,5,1
