"Total_Cost","Ratio_Reloc_Prod","Horiz_Cost","Vert_Cost","nReloc","non_Optimal"
228406.22,0.388,40575.19,187831.06,582,300
896.49,0.6,122.65,773.85,3,1
685.39,0.2,112.57,572.82,1,1
925.88,0.6,167.16,758.72,3,1
844.42,0.6,153.78,690.64,3,1
584.67,0.2,42.11,542.56,1,1
548.46,0.0,61.03,487.44,0,1
696.77,0.2,139.08,557.69,1,1
784.57,0.4,156.62,627.95,2,1
770.49,0.4,134.97,635.51,2,1
532.26,0.0,67.51,464.74,0,1
697.19,0.4,69.24,627.95,2,1
1029.7,0.8,185.59,844.1,4,1
921.42,0.8,130.27,791.15,4,1
922.62,0.6,179.03,743.59,3,1
772.54,0.4,144.59,627.95,2,1
525.18,0.0,68.0,457.18,0,1
598.78,0.2,56.22,542.56,1,1
780.03,0.4,152.08,627.95,2,1
677.7,0.2,142.7,535.0,1,1
676.01,0.2,110.76,565.26,1,1
712.09,0.4,106.84,605.26,2,1
772.94,0.4,129.86,643.08,2,1
740.18,0.2,174.92,565.26,1,1
1372.27,1.6,269.84,1102.44,8,1
698.16,0.2,155.59,542.56,1,1
652.36,0.2,87.11,565.26,1,1
1209.27,1.2,232.22,977.05,6,1
676.5,0.2,111.24,565.26,1,1
971.72,0.8,180.57,791.15,4,1
693.12,0.2,135.43,557.69,1,1
891.27,0.6,147.68,743.59,3,1
655.17,0.2,135.3,519.87,1,1
643.63,0.2,116.19,527.44,1,1
637.81,0.4,62.81,575.0,2,1
1038.25,0.8,224.41,813.85,4,1
891.35,0.6,147.76,743.59,3,1
648.72,0.2,91.03,557.69,1,1
612.73,0.2,77.73,535.0,1,1
457.84,0.0,30.92,426.92,0,1
645.77,0.2,133.46,512.31,1,1
1016.24,0.8,232.65,783.59,4,1
754.27,0.4,118.76,635.51,2,1
618.9,0.2,99.03,519.87,1,1
672.56,0.2,114.86,557.69,1,1
871.37,0.4,228.3,643.08,2,1
644.9,0.2,117.46,527.44,1,1
662.72,0.2,105.03,557.69,1,1
819.23,0.6,113.46,705.77,3,1
880.66,0.6,167.32,713.33,3,1
658.51,0.2,108.38,550.13,1,1
1000.4,0.8,216.81,783.59,4,1
731.02,0.4,87.95,643.08,2,1
667.94,0.2,110.24,557.69,1,1
656.51,0.2,113.95,542.56,1,1
1004.04,0.6,237.76,766.28,3,1
679.65,0.2,144.65,535.0,1,1
913.89,0.8,137.86,776.03,4,1
795.24,0.4,152.16,643.08,2,1
747.36,0.4,126.97,620.38,2,1
826.65,0.4,198.7,627.95,2,1
972.01,1.0,125.73,846.28,5,1
703.61,0.2,153.49,550.13,1,1
941.03,0.6,220.14,720.9,3,1
1054.65,0.8,233.24,821.41,4,1
800.36,0.4,179.97,620.38,2,1
1071.84,0.8,235.3,836.54,4,1
741.37,0.4,90.73,650.64,2,1
534.8,0.0,77.62,457.18,0,1
721.85,0.4,124.16,597.69,2,1
890.14,0.8,121.68,768.46,4,1
935.13,0.8,159.11,776.03,4,1
1064.13,0.8,272.97,791.15,4,1
552.91,0.0,95.73,457.18,0,1
468.49,0.0,34.0,434.49,0,1
675.2,0.4,54.81,620.38,2,1
896.79,0.6,175.89,720.9,3,1
1033.91,0.6,275.19,758.72,3,1
643.28,0.2,130.97,512.31,1,1
746.12,0.4,133.3,612.82,2,1
633.37,0.2,83.24,550.13,1,1
761.7,0.4,126.19,635.51,2,1
922.95,0.8,154.49,768.46,4,1
557.89,0.0,108.27,449.62,0,1
729.81,0.4,101.86,627.95,2,1
1118.15,1.0,287.0,831.15,5,1
914.94,0.6,163.78,751.15,3,1
890.41,0.6,169.51,720.9,3,1
632.06,0.2,119.76,512.31,1,1
554.72,0.0,97.54,457.18,0,1
658.21,0.2,115.65,542.56,1,1
706.5,0.4,101.24,605.26,2,1
831.07,0.6,132.86,698.21,3,1
815.73,0.4,180.22,635.51,2,1
672.2,0.2,106.95,565.26,1,1
663.16,0.2,128.16,535.0,1,1
714.84,0.4,94.46,620.38,2,1
568.59,0.0,118.97,449.62,0,1
662.34,0.2,104.65,557.69,1,1
833.79,0.6,120.46,713.33,3,1
771.43,0.4,128.35,643.08,2,1
680.16,0.4,52.22,627.95,2,1
950.78,0.6,207.19,743.59,3,1
764.57,0.4,129.05,635.51,2,1
660.45,0.2,102.76,557.69,1,1
696.99,0.2,146.86,550.13,1,1
532.16,0.0,82.54,449.62,0,1
569.53,0.0,112.35,457.18,0,1
704.67,0.2,146.97,557.69,1,1
857.17,0.6,136.27,720.9,3,1
799.92,0.6,79.03,720.9,3,1
575.5,0.0,110.76,464.74,0,1
698.33,0.2,170.89,527.44,1,1
781.02,0.6,97.95,683.08,3,1
717.95,0.4,82.43,635.51,2,1
855.02,0.4,196.81,658.21,2,1
670.28,0.2,150.41,519.87,1,1
695.04,0.2,129.78,565.26,1,1
544.5,0.0,87.32,457.18,0,1
640.19,0.2,97.62,542.56,1,1
548.78,0.0,99.16,449.62,0,1
621.39,0.4,61.51,559.87,2,1
1015.39,1.0,222.05,793.33,5,1
665.09,0.2,99.84,565.26,1,1
763.28,0.4,142.89,620.38,2,1
878.13,0.8,94.54,783.59,4,1
715.41,0.4,95.03,620.38,2,1
855.23,0.4,197.03,658.21,2,1
833.41,0.4,213.03,620.38,2,1
976.03,0.6,247.57,728.46,3,1
723.94,0.2,173.81,550.13,1,1
801.04,0.6,102.84,698.21,3,1
981.35,0.8,205.32,776.03,4,1
799.89,0.4,156.81,643.08,2,1
661.28,0.2,96.03,565.26,1,1
813.4,0.4,170.32,643.08,2,1
680.91,0.2,130.78,550.13,1,1
1036.36,1.0,190.08,846.28,5,1
800.95,0.4,173.0,627.95,2,1
652.65,0.2,110.08,542.56,1,1
696.96,0.2,131.7,565.26,1,1
931.54,0.6,248.46,683.08,3,1
942.28,0.8,128.43,813.85,4,1
626.72,0.2,69.03,557.69,1,1
532.81,0.0,90.76,442.05,0,1
867.38,0.6,131.35,736.03,3,1
577.37,0.0,127.76,449.62,0,1
586.09,0.2,81.35,504.74,1,1
486.27,0.0,44.22,442.05,0,1
601.28,0.2,96.54,504.74,1,1
793.98,0.4,166.03,627.95,2,1
581.43,0.2,46.43,535.0,1,1
612.19,0.2,69.62,542.56,1,1
626.14,0.2,91.14,535.0,1,1
530.38,0.0,88.32,442.05,0,1
807.68,0.6,94.35,713.33,3,1
479.81,0.0,45.32,434.49,0,1
664.5,0.4,66.81,597.69,2,1
948.92,0.4,320.97,627.95,2,1
743.2,0.2,162.81,580.38,1,1
744.16,0.4,108.65,635.51,2,1
991.16,0.8,207.57,783.59,4,1
630.21,0.2,72.51,557.69,1,1
691.56,0.2,133.86,557.69,1,1
1012.66,0.6,253.95,758.72,3,1
979.32,0.6,235.73,743.59,3,1
809.41,0.4,189.03,620.38,2,1
854.3,0.6,118.27,736.03,3,1
560.25,0.0,87.95,472.31,0,1
844.58,0.4,178.81,665.77,2,1
678.93,0.2,113.68,565.26,1,1
867.59,0.4,216.95,650.64,2,1
900.23,0.6,149.08,751.15,3,1
627.02,0.2,69.32,557.69,1,1
587.58,0.0,122.84,464.74,0,1
702.27,0.4,74.32,627.95,2,1
621.02,0.2,63.32,557.69,1,1
644.65,0.4,77.22,567.44,2,1
792.88,0.4,134.68,658.21,2,1
683.67,0.2,125.97,557.69,1,1
647.16,0.2,112.16,535.0,1,1
754.04,0.4,141.22,612.82,2,1
880.75,0.6,137.16,743.59,3,1
929.54,0.6,201.08,728.46,3,1
896.79,0.6,175.89,720.9,3,1
688.58,0.2,115.76,572.82,1,1
754.46,0.4,118.95,635.51,2,1
583.8,0.0,119.05,464.74,0,1
527.56,0.0,77.95,449.62,0,1
901.65,0.6,173.19,728.46,3,1
643.75,0.2,93.62,550.13,1,1
822.96,0.4,157.19,665.77,2,1
742.88,0.2,177.62,565.26,1,1
865.97,0.6,175.32,690.64,3,1
785.72,0.4,119.95,665.77,2,1
567.45,0.0,110.27,457.18,0,1
944.93,0.8,138.65,806.28,4,1
846.19,0.6,170.68,675.51,3,1
690.09,0.0,217.78,472.31,0,1
790.44,0.4,124.68,665.77,2,1
904.49,0.8,143.59,760.9,4,1
944.79,0.6,231.46,713.33,3,1
547.64,0.0,90.46,457.18,0,1
770.88,0.2,205.62,565.26,1,1
708.29,0.2,150.59,557.69,1,1
818.04,0.4,152.27,665.77,2,1
989.28,0.8,183.0,806.28,4,1
568.74,0.0,96.43,472.31,0,1
1016.38,1.0,139.84,876.54,5,1
612.08,0.2,69.51,542.56,1,1
821.45,0.4,170.81,650.64,2,1
744.64,0.4,101.57,643.08,2,1
665.81,0.2,138.38,527.44,1,1
756.67,0.4,121.16,635.51,2,1
618.79,0.2,91.35,527.44,1,1
1051.63,1.0,190.22,861.41,5,1
706.44,0.4,86.05,620.38,2,1
770.88,0.6,80.24,690.64,3,1
1258.81,1.4,196.38,1062.44,7,1
773.21,0.4,122.57,650.64,2,1
895.49,0.6,174.59,720.9,3,1
829.96,0.4,164.19,665.77,2,1
1104.77,1.0,197.97,906.79,5,1
934.35,0.8,150.76,783.59,4,1
689.58,0.2,116.76,572.82,1,1
752.21,0.4,109.14,643.08,2,1
645.77,0.2,80.51,565.26,1,1
968.76,0.6,232.73,736.03,3,1
862.29,0.6,164.08,698.21,3,1
548.81,0.0,106.76,442.05,0,1
498.05,0.0,56.0,442.05,0,1
757.67,0.2,207.54,550.13,1,1
878.92,0.6,150.46,728.46,3,1
575.31,0.2,78.14,497.18,1,1
611.0,0.2,68.43,542.56,1,1
440.79,0.0,29.0,411.79,0,1
598.91,0.2,41.22,557.69,1,1
780.94,0.6,97.86,683.08,3,1
826.26,0.4,160.49,665.77,2,1
1074.51,1.0,190.41,884.1,5,1
843.55,0.4,170.22,673.33,2,1
545.88,0.0,81.14,464.74,0,1
567.94,0.0,110.76,457.18,0,1
576.74,0.2,64.43,512.31,1,1
767.92,0.4,139.97,627.95,2,1
709.71,0.4,89.32,620.38,2,1
745.13,0.6,69.62,675.51,3,1
662.67,0.2,104.97,557.69,1,1
674.34,0.2,116.65,557.69,1,1
934.12,0.6,175.41,758.72,3,1
569.5,0.0,104.76,464.74,0,1
536.7,0.0,94.65,442.05,0,1
965.54,0.8,136.57,828.97,4,1
984.35,0.8,155.38,828.97,4,1
1132.45,1.0,233.22,899.23,5,1
960.41,0.8,146.57,813.85,4,1
537.99,0.0,73.24,464.74,0,1
680.2,0.2,160.32,519.87,1,1
918.52,0.6,197.62,720.9,3,1
581.15,0.0,123.97,457.18,0,1
906.41,0.8,153.08,753.33,4,1
830.08,0.6,147.0,683.08,3,1
1066.35,0.8,229.81,836.54,4,1
666.42,0.2,101.16,565.26,1,1
797.1,0.4,138.89,658.21,2,1
732.1,0.4,89.03,643.08,2,1
800.74,0.6,79.84,720.9,3,1
558.0,0.0,115.95,442.05,0,1
1297.82,1.2,298.08,999.74,6,1
1109.81,0.8,280.84,828.97,4,1
908.45,0.6,164.86,743.59,3,1
665.87,0.2,93.05,572.82,1,1
609.55,0.0,144.81,464.74,0,1
1167.73,1.0,291.19,876.54,5,1
569.41,0.0,89.54,479.87,0,1
576.25,0.0,103.95,472.31,0,1
899.31,0.4,233.54,665.77,2,1
1013.6,0.8,192.19,821.41,4,1
480.32,0.0,30.7,449.62,0,1
670.06,0.2,97.24,572.82,1,1
792.96,0.4,134.76,658.21,2,1
540.4,0.0,83.22,457.18,0,1
864.05,0.6,128.03,736.03,3,1
836.23,0.6,130.46,705.77,3,1
752.09,0.2,186.84,565.26,1,1
1032.0,0.8,210.59,821.41,4,1
669.92,0.2,142.49,527.44,1,1
770.39,0.4,104.62,665.77,2,1
847.22,0.6,118.76,728.46,3,1
816.74,0.4,150.97,665.77,2,1
619.4,0.0,162.22,457.18,0,1
529.78,0.0,80.16,449.62,0,1
1214.91,1.4,243.24,971.67,7,1
508.74,0.0,44.0,464.74,0,1
761.59,0.4,110.95,650.64,2,1
644.02,0.2,101.46,542.56,1,1
455.47,0.0,36.11,419.36,0,1
598.54,0.0,156.49,442.05,0,1
826.74,0.6,120.97,705.77,3,1
562.04,0.0,104.86,457.18,0,1
701.02,0.2,150.89,550.13,1,1
