"Total_Cost","Ratio_Reloc_Prod","Horiz_Cost","Vert_Cost","nReloc","non_Optimal"
225142.38,0.4453,34567.23,190575.07,668,300
661.35,0.2,65.84,595.51,1,1
774.46,0.2,231.89,542.56,1,1
660.08,0.2,72.14,587.95,1,1
912.23,0.8,105.95,806.28,4,1
530.13,0.0,72.95,457.18,0,1
921.01,0.8,114.73,806.28,4,1
692.24,0.4,56.73,635.51,2,1
1144.26,1.2,159.65,984.62,6,1
1066.55,0.8,260.27,806.28,4,1
1083.91,1.0,199.81,884.1,5,1
1036.56,1.0,144.89,891.67,5,1
835.24,0.6,144.59,690.64,3,1
568.96,0.0,96.65,472.31,0,1
686.22,0.4,50.7,635.51,2,1
662.53,0.2,97.27,565.26,1,1
889.73,0.6,153.7,736.03,3,1
642.8,0.2,77.54,565.26,1,1
577.67,0.2,88.05,489.62,1,1
703.51,0.4,113.38,590.13,2,1
583.09,0.2,63.22,519.87,1,1
646.97,0.2,96.84,550.13,1,1
647.83,0.2,90.14,557.69,1,1
630.45,0.2,72.76,557.69,1,1
760.23,0.4,154.97,605.26,2,1
699.23,0.4,101.54,597.69,2,1
704.06,0.4,91.24,612.82,2,1
733.06,0.4,112.68,620.38,2,1
881.94,0.8,98.35,783.59,4,1
620.89,0.2,78.32,542.56,1,1
664.58,0.4,59.32,605.26,2,1
1036.05,1.2,111.95,924.1,6,1
782.83,0.6,99.76,683.08,3,1
899.19,0.6,163.16,736.03,3,1
1297.03,1.4,227.03,1070.0,7,1
617.71,0.0,145.41,472.31,0,1
475.3,0.0,40.81,434.49,0,1
606.73,0.2,71.73,535.0,1,1
721.01,0.4,100.62,620.38,2,1
968.98,0.6,248.08,720.9,3,1
707.07,0.2,149.38,557.69,1,1
791.22,0.6,70.32,720.9,3,1
769.95,0.4,142.0,627.95,2,1
517.14,0.0,82.65,434.49,0,1
687.11,0.2,152.11,535.0,1,1
753.54,0.4,110.46,643.08,2,1
1041.0,1.0,164.46,876.54,5,1
598.93,0.2,79.05,519.87,1,1
802.83,0.6,119.76,683.08,3,1
742.6,0.4,114.65,627.95,2,1
1238.84,1.2,276.92,961.92,6,1
511.37,0.0,46.62,464.74,0,1
1178.65,1.2,216.73,961.92,6,1
540.63,0.0,68.32,472.31,0,1
822.31,0.6,108.97,713.33,3,1
737.7,0.6,54.62,683.08,3,1
799.59,0.6,108.95,690.64,3,1
1065.08,1.0,196.11,868.97,5,1
665.05,0.4,74.92,590.13,2,1
867.66,0.6,154.32,713.33,3,1
697.4,0.0,247.78,449.62,0,1
938.19,0.8,169.73,768.46,4,1
911.6,0.6,183.14,728.46,3,1
897.97,0.8,114.38,783.59,4,1
791.53,0.4,140.89,650.64,2,1
526.29,0.0,84.24,442.05,0,1
755.1,0.6,72.03,683.08,3,1
873.62,0.6,145.16,728.46,3,1
567.91,0.0,103.16,464.74,0,1
826.15,0.4,175.51,650.64,2,1
784.46,0.6,108.95,675.51,3,1
713.96,0.4,116.27,597.69,2,1
483.72,0.0,34.11,449.62,0,1
658.85,0.2,101.16,557.69,1,1
478.27,0.0,36.22,442.05,0,1
576.28,0.2,56.41,519.87,1,1
556.21,0.2,59.03,497.18,1,1
861.44,0.6,201.05,660.38,3,1
670.94,0.4,73.24,597.69,2,1
508.59,0.0,66.54,442.05,0,1
469.03,0.0,42.11,426.92,0,1
927.26,0.8,128.54,798.72,4,1
623.27,0.2,95.84,527.44,1,1
661.47,0.4,56.22,605.26,2,1
788.31,0.6,82.54,705.77,3,1
724.61,0.2,166.92,557.69,1,1
827.45,0.4,176.81,650.64,2,1
516.72,0.0,67.11,449.62,0,1
624.0,0.2,81.43,542.56,1,1
463.79,0.0,52.0,411.79,0,1
1054.27,1.2,145.3,908.97,6,1
713.14,0.4,92.76,620.38,2,1
581.11,0.0,154.19,426.92,0,1
768.41,0.6,100.46,667.95,3,1
461.63,0.0,34.7,426.92,0,1
923.41,0.8,170.08,753.33,4,1
645.37,0.2,95.24,550.13,1,1
912.7,0.8,136.68,776.03,4,1
959.3,0.8,198.41,760.9,4,1
549.34,0.0,92.16,457.18,0,1
887.14,0.6,158.68,728.46,3,1
922.09,0.8,176.32,745.77,4,1
827.9,0.8,82.14,745.77,4,1
691.01,0.4,70.62,620.38,2,1
803.37,0.4,160.3,643.08,2,1
767.78,0.4,132.27,635.51,2,1
950.27,0.8,166.68,783.59,4,1
687.92,0.2,145.35,542.56,1,1
528.58,0.0,71.41,457.18,0,1
737.74,0.4,117.35,620.38,2,1
1015.21,1.0,138.68,876.54,5,1
759.59,0.4,124.08,635.51,2,1
788.72,0.4,138.08,650.64,2,1
815.29,0.4,172.22,643.08,2,1
837.95,0.6,117.05,720.9,3,1
685.65,0.2,143.08,542.56,1,1
867.26,0.8,121.49,745.77,4,1
608.82,0.2,88.95,519.87,1,1
859.02,0.8,75.43,783.59,4,1
864.7,0.6,128.68,736.03,3,1
525.61,0.0,68.43,457.18,0,1
537.94,0.0,88.32,449.62,0,1
1169.98,1.2,215.62,954.36,6,1
663.4,0.4,80.84,582.56,2,1
740.28,0.6,95.03,645.26,3,1
753.03,0.4,125.08,627.95,2,1
684.51,0.2,149.51,535.0,1,1
891.28,0.8,145.51,745.77,4,1
452.87,0.0,33.51,419.36,0,1
977.78,1.0,154.19,823.59,5,1
743.86,0.4,108.35,635.51,2,1
910.13,0.8,118.97,791.15,4,1
734.96,0.4,129.7,605.26,2,1
664.85,0.2,107.16,557.69,1,1
785.2,0.4,164.81,620.38,2,1
612.84,0.2,77.84,535.0,1,1
805.89,0.8,97.95,707.95,4,1
807.22,0.4,186.84,620.38,2,1
865.04,0.6,151.7,713.33,3,1
564.31,0.0,99.57,464.74,0,1
685.59,0.4,95.46,590.13,2,1
796.51,0.4,161.0,635.51,2,1
884.09,0.6,178.32,705.77,3,1
931.06,0.8,162.59,768.46,4,1
824.18,0.6,125.97,698.21,3,1
765.68,0.6,97.73,667.95,3,1
586.01,0.0,121.27,464.74,0,1
1171.48,1.4,199.81,971.67,7,1
516.64,0.0,67.03,449.62,0,1
735.29,0.6,105.16,630.13,3,1
850.52,0.6,137.19,713.33,3,1
939.13,0.8,147.97,791.15,4,1
722.77,0.4,109.95,612.82,2,1
524.45,0.0,74.84,449.62,0,1
793.79,0.4,173.41,620.38,2,1
810.34,0.6,112.14,698.21,3,1
576.39,0.2,56.51,519.87,1,1
559.94,0.0,102.76,457.18,0,1
778.33,0.4,150.38,627.95,2,1
728.44,0.4,108.05,620.38,2,1
615.51,0.2,80.51,535.0,1,1
805.36,0.4,192.54,612.82,2,1
799.17,0.6,85.84,713.33,3,1
641.52,0.2,121.65,519.87,1,1
655.8,0.2,90.54,565.26,1,1
548.72,0.2,59.11,489.62,1,1
668.29,0.2,118.16,550.13,1,1
806.28,0.6,92.95,713.33,3,1
1066.46,1.0,258.0,808.46,5,1
846.02,0.6,102.43,743.59,3,1
924.91,0.8,133.76,791.15,4,1
760.99,0.4,110.35,650.64,2,1
590.98,0.2,71.11,519.87,1,1
1096.33,1.2,141.97,954.36,6,1
620.1,0.2,62.41,557.69,1,1
873.02,0.8,89.43,783.59,4,1
848.51,0.6,165.43,683.08,3,1
565.02,0.2,67.84,497.18,1,1
601.48,0.2,58.92,542.56,1,1
704.82,0.4,84.43,620.38,2,1
478.47,0.0,59.11,419.36,0,1
1223.95,1.6,182.03,1041.92,8,1
687.45,0.2,129.76,557.69,1,1
712.98,0.4,85.03,627.95,2,1
836.79,0.6,123.46,713.33,3,1
664.72,0.2,99.46,565.26,1,1
708.62,0.4,73.11,635.51,2,1
1055.02,1.0,178.49,876.54,5,1
866.52,0.6,138.05,728.46,3,1
663.76,0.4,88.76,575.0,2,1
802.14,0.6,81.24,720.9,3,1
979.49,0.8,158.08,821.41,4,1
832.8,0.4,174.59,658.21,2,1
941.73,0.8,165.7,776.03,4,1
474.03,0.0,47.11,426.92,0,1
619.59,0.2,77.03,542.56,1,1
746.55,0.4,141.3,605.26,2,1
900.22,0.8,131.76,768.46,4,1
532.21,0.0,75.03,457.18,0,1
454.06,0.0,34.7,419.36,0,1
629.35,0.2,94.35,535.0,1,1
651.72,0.2,94.03,557.69,1,1
694.4,0.4,104.27,590.13,2,1
881.24,0.8,150.59,730.64,4,1
1205.9,1.4,211.54,994.36,7,1
874.9,0.6,154.0,720.9,3,1
1244.55,1.4,204.81,1039.74,7,1
778.72,0.4,128.08,650.64,2,1
925.01,0.8,118.73,806.28,4,1
678.39,0.4,73.14,605.26,2,1
919.35,0.8,150.89,768.46,4,1
506.53,0.0,56.92,449.62,0,1
511.29,0.0,54.11,457.18,0,1
562.5,0.2,65.32,497.18,1,1
965.78,0.8,174.62,791.15,4,1
713.58,0.2,155.89,557.69,1,1
1097.44,1.2,196.03,901.41,6,1
927.99,0.8,129.27,798.72,4,1
677.09,0.2,111.84,565.26,1,1
856.3,0.6,127.84,728.46,3,1
741.22,0.6,65.7,675.51,3,1
1095.61,1.2,156.38,939.23,6,1
662.56,0.2,104.86,557.69,1,1
602.43,0.2,67.43,535.0,1,1
778.59,0.6,95.51,683.08,3,1
746.32,0.4,103.24,643.08,2,1
464.33,0.0,37.41,426.92,0,1
534.63,0.0,62.32,472.31,0,1
739.06,0.4,118.68,620.38,2,1
816.67,0.6,133.59,683.08,3,1
760.66,0.4,155.41,605.26,2,1
482.0,0.0,47.51,434.49,0,1
522.43,0.0,72.81,449.62,0,1
521.03,0.0,86.54,434.49,0,1
741.46,0.6,73.51,667.95,3,1
681.04,0.4,83.35,597.69,2,1
781.62,0.6,98.54,683.08,3,1
806.03,0.6,138.08,667.95,3,1
1202.54,1.4,200.62,1001.92,7,1
1101.92,1.0,232.95,868.97,5,1
860.7,0.6,177.62,683.08,3,1
547.42,0.0,75.11,472.31,0,1
875.25,0.6,214.86,660.38,3,1
846.26,0.8,108.05,738.21,4,1
621.19,0.2,78.62,542.56,1,1
628.62,0.2,86.05,542.56,1,1
659.49,0.4,92.05,567.44,2,1
1080.39,1.2,141.16,939.23,6,1
701.36,0.4,88.54,612.82,2,1
814.19,0.4,171.11,643.08,2,1
926.41,0.8,165.51,760.9,4,1
614.0,0.2,71.43,542.56,1,1
532.7,0.0,90.65,442.05,0,1
1001.15,0.8,210.0,791.15,4,1
930.69,0.8,131.97,798.72,4,1
675.48,0.4,85.35,590.13,2,1
955.56,0.8,164.41,791.15,4,1
630.33,0.2,57.51,572.82,1,1
484.92,0.0,58.0,426.92,0,1
450.5,0.0,38.7,411.79,0,1
833.5,0.6,120.16,713.33,3,1
643.21,0.4,45.51,597.69,2,1
520.64,0.0,71.03,449.62,0,1
649.63,0.2,76.81,572.82,1,1
945.47,0.8,146.76,798.72,4,1
468.14,0.0,41.22,426.92,0,1
847.97,0.6,111.95,736.03,3,1
818.91,0.6,128.27,690.64,3,1
828.07,0.4,162.3,665.77,2,1
551.02,0.0,93.84,457.18,0,1
660.54,0.2,117.97,542.56,1,1
689.62,0.2,154.62,535.0,1,1
709.94,0.2,159.81,550.13,1,1
657.18,0.2,107.05,550.13,1,1
621.81,0.2,79.24,542.56,1,1
594.3,0.2,74.43,519.87,1,1
748.34,0.4,143.08,605.26,2,1
565.58,0.0,100.84,464.74,0,1
837.24,0.6,154.16,683.08,3,1
901.7,0.8,133.24,768.46,4,1
688.41,0.4,68.03,620.38,2,1
660.51,0.2,110.38,550.13,1,1
850.15,0.6,144.38,705.77,3,1
784.43,0.6,108.92,675.51,3,1
610.64,0.2,113.46,497.18,1,1
939.4,1.0,108.24,831.15,5,1
458.28,0.0,38.92,419.36,0,1
980.23,0.8,181.51,798.72,4,1
1063.65,1.2,101.73,961.92,6,1
470.17,0.0,50.81,419.36,0,1
652.77,0.4,47.51,605.26,2,1
527.25,0.0,107.89,419.36,0,1
764.43,0.4,121.35,643.08,2,1
672.51,0.2,122.38,550.13,1,1
476.75,0.0,34.7,442.05,0,1
670.7,0.2,120.57,550.13,1,1
738.84,0.4,118.46,620.38,2,1
563.1,0.2,65.92,497.18,1,1
577.09,0.2,57.22,519.87,1,1
1120.51,1.2,143.46,977.05,6,1
523.01,0.0,50.7,472.31,0,1
