"Total_Cost","Ratio_Reloc_Prod","Horiz_Cost","Vert_Cost","nReloc","non_Optimal"
225804.18,0.444,34953.48,190850.62,666,119
622.61,0.2,64.92,557.69,1,0
913.68,0.6,185.22,728.46,3,0
769.58,0.4,96.24,673.33,2,0
671.01,0.2,105.76,565.26,1,0
820.08,0.4,192.14,627.95,2,0
987.91,0.8,189.19,798.72,4,1
532.54,0.0,45.11,487.44,0,0
1025.05,0.8,241.46,783.59,4,1
518.8,0.0,61.62,457.18,0,0
840.9,0.6,127.57,713.33,3,1
942.39,0.6,244.19,698.21,3,1
567.96,0.0,95.65,472.31,0,1
699.3,0.4,78.92,620.38,2,0
604.65,0.2,77.22,527.44,1,0
538.07,0.0,73.32,464.74,0,0
832.14,0.6,111.24,720.9,3,1
1049.49,1.0,188.08,861.41,5,1
716.63,0.4,96.24,620.38,2,0
603.76,0.2,76.32,527.44,1,0
702.82,0.4,82.43,620.38,2,0
871.2,0.4,258.38,612.82,2,1
956.86,0.8,165.7,791.15,4,1
636.66,0.2,71.41,565.26,1,0
517.24,0.0,67.62,449.62,0,0
685.12,0.4,87.43,597.69,2,1
1018.46,1.0,149.49,868.97,5,1
1009.28,1.0,110.05,899.23,5,1
740.55,0.4,120.16,620.38,2,0
555.82,0.2,43.51,512.31,1,1
1184.5,1.4,197.7,986.79,7,0
1106.77,1.0,260.49,846.28,5,0
722.98,0.4,110.16,612.82,2,1
629.94,0.2,79.81,550.13,1,0
602.0,0.2,59.43,542.56,1,0
880.31,0.6,182.11,698.21,3,0
605.78,0.2,63.22,542.56,1,0
813.75,0.6,130.68,683.08,3,0
818.86,0.6,135.78,683.08,3,0
951.22,0.6,222.76,728.46,3,0
637.31,0.2,79.62,557.69,1,0
543.12,0.0,70.81,472.31,0,0
588.25,0.2,60.81,527.44,1,0
595.14,0.2,67.7,527.44,1,0
625.35,0.2,90.35,535.0,1,0
784.42,0.6,86.22,698.21,3,0
594.44,0.2,67.0,527.44,1,0
1017.49,0.8,188.51,828.97,4,0
481.36,0.0,54.43,426.92,0,0
811.48,0.6,113.27,698.21,3,0
856.4,0.6,173.32,683.08,3,1
924.18,0.8,125.46,798.72,4,1
636.51,0.2,93.95,542.56,1,0
794.14,0.6,133.76,660.38,3,0
754.27,0.4,118.76,635.51,2,0
792.19,0.6,124.24,667.95,3,0
868.82,0.8,123.05,745.77,4,0
770.22,0.4,142.27,627.95,2,1
1028.58,1.2,134.73,893.85,6,0
700.74,0.4,80.35,620.38,2,0
696.92,0.2,161.92,535.0,1,1
534.42,0.0,62.11,472.31,0,0
974.85,0.8,229.08,745.77,4,0
805.64,0.6,107.43,698.21,3,1
613.24,0.2,63.11,550.13,1,1
966.43,0.8,137.46,828.97,4,1
753.75,0.4,95.54,658.21,2,1
550.74,0.0,78.43,472.31,0,1
1030.44,1.0,176.59,853.85,5,0
710.27,0.4,82.32,627.95,2,1
832.24,0.6,141.59,690.64,3,1
450.76,0.0,31.41,419.36,0,0
748.48,0.4,97.84,650.64,2,0
661.24,0.2,126.24,535.0,1,1
1132.53,1.4,153.3,979.23,7,1
805.42,0.6,114.78,690.64,3,1
467.19,0.0,32.7,434.49,0,0
772.62,0.6,89.54,683.08,3,0
1120.27,1.2,158.35,961.92,6,0
901.98,0.8,141.08,760.9,4,1
517.83,0.0,68.22,449.62,0,0
681.13,0.4,98.57,582.56,2,0
784.68,0.4,111.35,673.33,2,0
618.93,0.2,99.05,519.87,1,0
932.34,0.8,126.05,806.28,4,0
843.14,0.6,122.24,720.9,3,1
742.26,0.4,91.62,650.64,2,0
659.64,0.2,101.95,557.69,1,0
456.06,0.0,36.7,419.36,0,0
608.28,0.4,48.41,559.87,2,1
893.79,0.8,125.32,768.46,4,0
698.66,0.6,53.41,645.26,3,1
798.29,0.4,155.22,643.08,2,0
902.4,0.6,211.76,690.64,3,0
822.78,0.8,92.14,730.64,4,1
697.46,0.2,154.89,542.56,1,0
793.67,0.6,118.16,675.51,3,0
672.01,0.4,51.62,620.38,2,1
565.34,0.0,108.16,457.18,0,0
765.71,0.6,97.76,667.95,3,0
670.4,0.4,87.84,582.56,2,1
990.42,1.0,151.7,838.72,5,1
631.92,0.2,89.35,542.56,1,0
479.56,0.0,37.51,442.05,0,0
889.4,0.6,153.38,736.03,3,0
1014.1,1.2,135.38,878.72,6,0
858.88,0.6,153.11,705.77,3,0
523.72,0.0,66.54,457.18,0,0
683.47,0.4,78.22,605.26,2,0
740.02,0.4,96.95,643.08,2,0
544.23,0.0,71.92,472.31,0,0
497.41,0.0,62.92,434.49,0,1
792.18,0.4,186.92,605.26,2,1
485.56,0.0,43.51,442.05,0,0
948.77,1.0,110.05,838.72,5,0
718.38,0.4,90.43,627.95,2,1
612.24,0.2,77.24,535.0,1,0
731.69,0.4,118.86,612.82,2,1
1110.09,1.0,195.73,914.36,5,1
1027.53,1.0,135.86,891.67,5,0
720.48,0.4,122.78,597.69,2,0
748.66,0.2,175.84,572.82,1,0
662.86,0.4,72.73,590.13,2,1
1090.26,1.0,191.03,899.23,5,0
984.85,1.0,138.57,846.28,5,1
907.89,0.8,131.86,776.03,4,1
817.06,0.6,149.11,667.95,3,1
1304.63,1.8,162.19,1142.44,9,1
1138.8,1.2,154.19,984.62,6,1
848.78,0.6,97.62,751.15,3,0
968.88,0.6,263.11,705.77,3,0
746.65,0.4,111.14,635.51,2,0
713.08,0.4,85.14,627.95,2,0
793.15,0.6,94.95,698.21,3,0
682.44,0.4,69.62,612.82,2,0
774.91,0.4,124.27,650.64,2,0
772.74,0.4,159.92,612.82,2,0
1059.31,1.0,213.03,846.28,5,0
930.31,1.2,104.54,825.77,6,0
645.69,0.2,80.43,565.26,1,1
1101.29,1.2,177.19,924.1,6,0
539.66,0.0,74.92,464.74,0,0
931.82,0.8,170.92,760.9,4,0
731.8,0.2,166.54,565.26,1,0
779.15,0.4,120.95,658.21,2,0
1042.53,1.0,150.86,891.67,5,1
1060.12,1.0,160.89,899.23,5,1
592.77,0.0,135.59,457.18,0,1
863.22,0.8,94.76,768.46,4,0
765.75,0.2,208.05,557.69,1,1
686.97,0.2,144.41,542.56,1,1
735.23,0.2,162.41,572.82,1,1
563.8,0.0,99.05,464.74,0,1
850.09,0.8,96.76,753.33,4,0
894.7,0.6,158.68,736.03,3,0
535.18,0.0,70.43,464.74,0,0
612.0,0.2,69.43,542.56,1,0
849.17,0.6,128.27,720.9,3,1
715.31,0.2,157.62,557.69,1,1
609.82,0.2,89.95,519.87,1,0
949.04,1.0,102.76,846.28,5,1
763.07,0.6,72.43,690.64,3,0
819.53,0.6,113.76,705.77,3,1
758.7,0.4,108.05,650.64,2,0
799.1,0.4,148.46,650.64,2,0
671.34,0.2,113.65,557.69,1,1
673.54,0.2,130.97,542.56,1,1
871.87,0.8,118.54,753.33,4,0
582.28,0.0,109.97,472.31,0,1
860.26,0.6,154.49,705.77,3,1
801.37,0.6,103.16,698.21,3,0
625.08,0.4,42.51,582.56,2,0
759.68,0.4,139.3,620.38,2,0
952.85,1.0,159.51,793.33,5,1
685.26,0.2,127.57,557.69,1,0
982.67,1.0,106.14,876.54,5,0
806.51,0.6,115.86,690.64,3,0
528.1,0.0,70.92,457.18,0,0
875.53,0.8,144.89,730.64,4,0
678.29,0.6,55.73,622.56,3,0
564.77,0.2,60.03,504.74,1,0
828.21,0.4,170.0,658.21,2,0
646.34,0.2,88.65,557.69,1,1
536.97,0.0,87.35,449.62,0,0
593.93,0.0,129.19,464.74,0,0
719.72,0.2,169.59,550.13,1,1
887.32,0.6,151.3,736.03,3,0
592.41,0.2,72.54,519.87,1,0
518.93,0.0,46.62,472.31,0,0
845.51,0.8,114.86,730.64,4,1
932.41,0.6,211.51,720.9,3,1
926.6,0.8,165.7,760.9,4,0
658.61,0.2,93.35,565.26,1,0
546.79,0.0,66.92,479.87,0,0
743.76,0.4,108.24,635.51,2,1
648.65,0.2,113.65,535.0,1,0
977.67,1.0,154.08,823.59,5,1
724.26,0.4,126.57,597.69,2,0
923.07,0.8,124.35,798.72,4,1
598.73,0.2,63.73,535.0,1,0
739.65,0.4,104.14,635.51,2,0
526.96,0.0,62.22,464.74,0,0
627.22,0.2,92.22,535.0,1,1
569.34,0.0,112.16,457.18,0,0
659.6,0.4,92.16,567.44,2,1
830.53,0.4,172.32,658.21,2,1
665.2,0.2,99.95,565.26,1,0
632.88,0.2,135.7,497.18,1,0
960.87,1.0,152.41,808.46,5,1
883.45,0.8,99.86,783.59,4,1
826.24,0.6,135.59,690.64,3,0
718.11,0.4,143.11,575.0,2,1
663.34,0.2,105.65,557.69,1,1
761.71,0.6,93.76,667.95,3,0
615.9,0.0,143.59,472.31,0,1
646.72,0.2,89.03,557.69,1,1
869.9,0.8,116.57,753.33,4,0
554.88,0.0,90.14,464.74,0,1
514.89,0.2,40.41,474.49,1,1
601.71,0.2,81.84,519.87,1,1
669.04,0.2,111.35,557.69,1,1
610.14,0.2,75.14,535.0,1,0
878.47,0.6,119.76,758.72,3,1
687.52,0.4,67.14,620.38,2,0
1448.99,0.8,771.3,677.69,4,1
720.64,0.2,170.51,550.13,1,0
712.51,0.4,69.43,643.08,2,1
645.14,0.2,125.27,519.87,1,1
557.68,0.0,77.81,479.87,0,1
881.03,0.8,112.57,768.46,4,0
867.98,0.8,114.65,753.33,4,0
554.99,0.0,90.24,464.74,0,1
648.47,0.2,83.22,565.26,1,0
712.33,0.2,192.46,519.87,1,0
496.16,0.0,54.11,442.05,0,1
1101.02,1.4,129.35,971.67,7,0
1049.82,0.4,444.57,605.26,2,1
737.77,0.4,72.0,665.77,2,0
666.66,0.4,61.41,605.26,2,1
511.02,0.0,61.41,449.62,0,0
501.62,0.0,52.0,449.62,0,0
500.69,0.0,43.51,457.18,0,1
528.31,0.0,56.0,472.31,0,1
680.34,0.0,223.16,457.18,0,1
506.57,0.0,79.65,426.92,0,0
750.8,0.4,85.03,665.77,2,0
661.91,0.4,64.22,597.69,2,0
764.0,0.6,96.05,667.95,3,1
616.19,0.2,73.62,542.56,1,1
948.74,0.8,134.89,813.85,4,1
824.44,0.6,156.49,667.95,3,0
765.18,0.4,114.54,650.64,2,0
911.8,1.0,65.51,846.28,5,0
908.49,1.0,92.46,816.03,5,1
779.4,0.4,143.89,635.51,2,1
838.13,0.6,162.62,675.51,3,0
533.61,0.0,76.43,457.18,0,0
629.51,0.2,86.95,542.56,1,1
651.14,0.2,78.32,572.82,1,1
552.44,0.0,80.14,472.31,0,0
720.58,0.4,107.76,612.82,2,0
847.22,0.8,86.32,760.9,4,0
572.01,0.0,92.14,479.87,0,1
863.71,0.6,150.38,713.33,3,1
903.99,0.8,112.84,791.15,4,0
676.58,0.2,103.76,572.82,1,0
813.63,0.6,92.73,720.9,3,0
529.86,0.0,80.24,449.62,0,0
463.82,0.0,52.03,411.79,0,1
896.54,0.8,112.95,783.59,4,1
763.49,0.4,127.97,635.51,2,1
1012.35,1.0,128.24,884.1,5,1
907.4,0.8,116.24,791.15,4,0
877.02,0.8,93.43,783.59,4,1
677.14,0.4,64.32,612.82,2,0
988.48,0.8,144.38,844.1,4,0
741.81,0.4,113.86,627.95,2,0
515.89,0.0,73.84,442.05,0,1
524.97,0.2,42.92,482.05,1,0
812.48,0.4,169.41,643.08,2,0
791.07,0.4,132.86,658.21,2,1
1070.89,1.0,201.92,868.97,5,0
534.28,0.0,54.41,479.87,0,0
851.96,0.8,113.76,738.21,4,1
683.2,0.2,117.95,565.26,1,0
869.44,0.6,209.05,660.38,3,0
644.02,0.2,86.32,557.69,1,1
833.74,0.6,112.84,720.9,3,0
727.65,0.4,92.14,635.51,2,0
682.5,0.4,84.81,597.69,2,1
750.05,0.4,114.54,635.51,2,0
622.59,0.2,80.03,542.56,1,1
759.4,0.4,108.76,650.64,2,1
682.55,0.4,69.73,612.82,2,0
569.69,0.0,104.95,464.74,0,1
698.1,0.4,107.97,590.13,2,0
904.1,0.8,112.95,791.15,4,0
532.8,0.0,75.62,457.18,0,0
767.21,0.4,116.57,650.64,2,0
499.41,0.0,64.92,434.49,0,1
705.35,0.4,122.78,582.56,2,0
