"Total_Cost","Ratio_Reloc_Prod","Horiz_Cost","Vert_Cost","nReloc","non_Optimal"
248643.23,0.42,60314.27,188329.07,630,300
727.72,0.4,69.51,658.21,2,1
580.9,0.0,93.46,487.44,0,1
796.29,0.4,145.65,650.64,2,1
695.3,0.2,160.3,535.0,1,1
757.12,0.4,91.35,665.77,2,1
550.79,0.0,70.92,479.87,0,1
1053.55,1.0,192.14,861.41,5,1
503.29,0.0,46.11,457.18,0,1
757.63,0.4,144.81,612.82,2,1
504.96,0.0,40.22,464.74,0,1
908.73,0.6,172.7,736.03,3,1
651.88,0.2,101.76,550.13,1,1
768.33,0.4,140.38,627.95,2,1
627.99,0.2,62.73,565.26,1,1
596.98,0.2,69.54,527.44,1,1
1092.15,1.0,200.49,891.67,5,1
827.2,0.6,121.43,705.77,3,1
1149.35,1.2,179.86,969.49,6,1
649.6,0.2,122.16,527.44,1,1
621.29,0.2,78.73,542.56,1,1
534.74,0.0,70.0,464.74,0,1
798.08,0.4,155.0,643.08,2,1
579.18,0.0,129.57,449.62,0,1
813.41,0.4,185.46,627.95,2,1
900.5,0.6,187.16,713.33,3,1
592.28,0.0,127.54,464.74,0,1
872.74,0.6,166.97,705.77,3,1
990.51,0.6,246.92,743.59,3,1
441.2,0.0,29.41,411.79,0,1
1055.22,1.0,201.38,853.85,5,1
535.8,0.0,78.62,457.18,0,1
954.05,0.6,263.41,690.64,3,1
829.77,0.4,171.57,658.21,2,1
806.4,0.4,223.84,582.56,2,1
630.34,0.2,72.65,557.69,1,1
701.78,0.4,111.65,590.13,2,1
656.3,0.2,128.86,527.44,1,1
827.48,0.4,184.41,643.08,2,1
755.95,0.4,120.43,635.51,2,1
710.04,0.2,152.35,557.69,1,1
669.05,0.2,126.49,542.56,1,1
481.7,0.0,47.22,434.49,0,1
574.51,0.2,39.51,535.0,1,1
638.69,0.2,126.38,512.31,1,1
956.86,1.0,140.84,816.03,5,1
453.36,0.0,34.0,419.36,0,1
753.58,0.4,140.76,612.82,2,1
792.36,0.2,227.11,565.26,1,1
996.71,0.8,182.86,813.85,4,1
717.66,0.2,152.41,565.26,1,1
696.12,0.2,183.81,512.31,1,1
590.26,0.2,85.51,504.74,1,1
1036.82,0.6,323.49,713.33,3,1
1057.92,0.6,329.46,728.46,3,1
759.54,0.2,232.11,527.44,1,1
905.53,0.6,214.89,690.64,3,1
723.48,0.2,165.78,557.69,1,1
1110.94,0.6,420.3,690.64,3,1
703.28,0.2,138.03,565.26,1,1
1038.64,0.8,239.92,798.72,4,1
495.2,0.0,75.84,419.36,0,1
1601.85,1.2,647.49,954.36,6,1
555.02,0.0,97.84,457.18,0,1
1275.35,0.6,539.32,736.03,3,1
696.94,0.4,99.24,597.69,2,1
831.47,0.6,171.08,660.38,3,1
972.16,0.6,236.14,736.03,3,1
562.86,0.0,113.24,449.62,0,1
739.07,0.4,141.38,597.69,2,1
1281.01,0.8,474.73,806.28,4,1
569.67,0.0,120.05,449.62,0,1
644.01,0.4,99.27,544.74,2,1
537.29,0.0,95.24,442.05,0,1
989.31,0.8,190.59,798.72,4,1
860.59,0.4,209.95,650.64,2,1
880.38,0.4,260.0,620.38,2,1
1085.56,0.6,394.92,690.64,3,1
1031.74,0.6,273.03,758.72,3,1
1015.19,0.6,279.16,736.03,3,1
536.53,0.0,86.92,449.62,0,1
840.5,0.6,187.68,652.82,3,1
518.49,0.0,84.0,434.49,0,1
1358.32,0.6,675.24,683.08,3,1
857.29,0.4,259.59,597.69,2,1
559.26,0.0,102.08,457.18,0,1
1167.7,0.8,331.16,836.54,4,1
850.69,0.4,192.49,658.21,2,1
915.67,0.6,172.08,743.59,3,1
869.3,0.4,233.78,635.51,2,1
880.11,0.4,259.73,620.38,2,1
1168.73,0.6,440.27,728.46,3,1
627.02,0.2,69.32,557.69,1,1
971.73,0.4,343.78,627.95,2,1
777.76,0.4,157.38,620.38,2,1
706.6,0.2,194.3,512.31,1,1
793.04,0.6,94.84,698.21,3,1
668.21,0.2,125.65,542.56,1,1
995.52,1.0,141.68,853.85,5,1
479.9,0.0,60.54,419.36,0,1
851.92,0.4,216.41,635.51,2,1
1111.15,0.6,344.86,766.28,3,1
1137.91,0.8,339.19,798.72,4,1
753.29,0.4,110.22,643.08,2,1
689.65,0.2,147.08,542.56,1,1
994.0,0.6,257.97,736.03,3,1
639.6,0.2,112.16,527.44,1,1
678.91,0.4,73.65,605.26,2,1
848.25,0.6,127.35,720.9,3,1
922.19,0.2,379.62,542.56,1,1
975.57,0.6,300.05,675.51,3,1
726.14,0.4,105.76,620.38,2,1
1121.09,0.6,407.76,713.33,3,1
569.51,0.2,34.51,535.0,1,1
784.92,0.6,64.03,720.9,3,1
1082.15,0.6,383.95,698.21,3,1
796.99,0.4,199.3,597.69,2,1
1199.23,1.0,307.57,891.67,5,1
1026.06,0.6,305.16,720.9,3,1
777.48,0.4,126.84,650.64,2,1
1066.98,0.8,313.65,753.33,4,1
1023.11,0.6,287.08,736.03,3,1
532.31,0.0,75.14,457.18,0,1
774.19,0.4,146.24,627.95,2,1
754.33,0.4,126.38,627.95,2,1
436.5,0.0,24.7,411.79,0,1
838.95,0.6,118.05,720.9,3,1
696.61,0.2,146.49,550.13,1,1
755.56,0.4,157.86,597.69,2,1
1482.62,1.0,606.08,876.54,5,1
554.16,0.0,119.68,434.49,0,1
881.94,0.6,191.3,690.64,3,1
1132.6,0.8,379.27,753.33,4,1
546.08,0.0,104.03,442.05,0,1
684.13,0.2,141.57,542.56,1,1
974.3,0.6,253.41,720.9,3,1
778.81,0.6,95.73,683.08,3,1
597.93,0.2,85.62,512.31,1,1
968.04,0.8,222.27,745.77,4,1
813.17,0.2,285.73,527.44,1,1
1143.5,1.0,251.84,891.67,5,1
758.26,0.2,193.0,565.26,1,1
817.07,0.2,251.81,565.26,1,1
1730.57,1.8,527.62,1202.95,9,1
901.46,0.4,273.51,627.95,2,1
596.95,0.2,69.51,527.44,1,1
641.32,0.2,98.76,542.56,1,1
633.39,0.2,68.14,565.26,1,1
1155.89,0.6,427.43,728.46,3,1
719.79,0.2,146.97,572.82,1,1
589.18,0.0,132.0,457.18,0,1
757.97,0.2,222.97,535.0,1,1
744.39,0.2,179.14,565.26,1,1
643.51,0.2,100.95,542.56,1,1
987.34,0.4,382.08,605.26,2,1
961.59,0.8,185.57,776.03,4,1
745.44,0.6,92.62,652.82,3,1
718.77,0.2,161.08,557.69,1,1
545.14,0.0,110.65,434.49,0,1
583.08,0.2,40.51,542.56,1,1
589.13,0.2,91.95,497.18,1,1
750.54,0.2,223.11,527.44,1,1
797.22,0.4,169.27,627.95,2,1
1199.08,1.2,274.97,924.1,6,1
923.83,0.6,240.76,683.08,3,1
684.43,0.2,149.43,535.0,1,1
1221.51,0.8,384.97,836.54,4,1
1048.65,0.4,428.27,620.38,2,1
665.69,0.4,60.43,605.26,2,1
1072.26,0.4,414.05,658.21,2,1
769.75,0.2,219.62,550.13,1,1
1088.57,0.6,352.54,736.03,3,1
1213.1,1.0,313.86,899.23,5,1
577.34,0.0,120.16,457.18,0,1
1746.46,1.4,668.89,1077.56,7,1
869.05,0.6,178.41,690.64,3,1
751.68,0.2,224.24,527.44,1,1
776.46,0.6,108.51,667.95,3,1
444.01,0.0,32.22,411.79,0,1
697.98,0.2,170.54,527.44,1,1
439.79,0.0,28.0,411.79,0,1
731.63,0.4,126.38,605.26,2,1
1001.4,0.8,217.81,783.59,4,1
857.56,0.2,307.43,550.13,1,1
1213.28,0.8,399.43,813.85,4,1
1328.68,0.8,499.7,828.97,4,1
978.55,0.4,358.16,620.38,2,1
607.14,0.2,72.14,535.0,1,1
507.08,0.0,65.03,442.05,0,1
435.2,0.0,23.41,411.79,0,1
771.67,0.4,173.97,597.69,2,1
775.92,0.4,147.97,627.95,2,1
1680.07,1.6,615.46,1064.62,8,1
1411.33,1.0,542.35,868.97,5,1
844.86,0.2,294.73,550.13,1,1
1854.0,1.2,884.51,969.49,6,1
971.94,0.6,220.78,751.15,3,1
900.88,0.6,210.24,690.64,3,1
1086.91,0.6,343.32,743.59,3,1
673.58,0.2,161.27,512.31,1,1
941.8,0.8,143.08,798.72,4,1
618.32,0.0,168.7,449.62,0,1
869.38,0.4,241.43,627.95,2,1
651.58,0.4,46.32,605.26,2,1
555.43,0.0,120.95,434.49,0,1
540.42,0.0,83.24,457.18,0,1
720.37,0.4,122.68,597.69,2,1
545.35,0.0,95.73,449.62,0,1
646.46,0.2,111.46,535.0,1,1
1299.8,1.0,453.51,846.28,5,1
1027.58,0.6,321.81,705.77,3,1
540.13,0.2,50.51,489.62,1,1
1033.22,0.8,219.38,813.85,4,1
1040.67,0.6,304.65,736.03,3,1
706.29,0.2,156.16,550.13,1,1
441.2,0.0,29.41,411.79,0,1
562.04,0.0,104.86,457.18,0,1
866.28,0.4,200.51,665.77,2,1
798.21,0.2,248.08,550.13,1,1
689.54,0.2,146.97,542.56,1,1
637.39,0.2,132.65,504.74,1,1
999.42,0.8,200.7,798.72,4,1
948.77,0.6,243.0,705.77,3,1
675.88,0.4,70.62,605.26,2,1
1355.18,0.8,564.03,791.15,4,1
680.83,0.4,83.14,597.69,2,1
615.66,0.2,110.92,504.74,1,1
799.9,0.2,280.03,519.87,1,1
676.65,0.2,134.08,542.56,1,1
1088.34,0.8,289.62,798.72,4,1
1110.58,0.6,412.38,698.21,3,1
493.67,0.0,51.62,442.05,0,1
757.34,0.2,207.22,550.13,1,1
559.64,0.0,102.46,457.18,0,1
553.72,0.0,104.11,449.62,0,1
658.23,0.2,100.54,557.69,1,1
982.28,0.6,268.95,713.33,3,1
1133.69,0.8,342.54,791.15,4,1
1214.55,1.0,368.27,846.28,5,1
746.28,0.4,141.03,605.26,2,1
452.9,0.0,41.11,411.79,0,1
683.33,0.2,155.89,527.44,1,1
790.95,0.4,170.57,620.38,2,1
732.64,0.2,227.89,504.74,1,1
490.17,0.0,63.24,426.92,0,1
1338.68,1.0,469.7,868.97,5,1
1358.39,0.8,544.54,813.85,4,1
922.84,0.4,287.32,635.51,2,1
684.57,0.4,117.14,567.44,2,1
1408.56,1.4,383.95,1024.62,7,1
912.1,0.6,160.95,751.15,3,1
951.44,0.6,238.11,713.33,3,1
754.47,0.4,141.65,612.82,2,1
719.0,0.2,176.43,542.56,1,1
898.52,0.4,270.57,627.95,2,1
653.31,0.4,55.62,597.69,2,1
884.63,0.6,178.86,705.77,3,1
500.17,0.0,80.81,419.36,0,1
1210.66,0.8,404.38,806.28,4,1
513.3,0.2,38.81,474.49,1,1
1483.69,1.2,544.46,939.23,6,1
1323.65,0.6,595.19,728.46,3,1
703.21,0.2,153.08,550.13,1,1
945.5,0.6,232.16,713.33,3,1
708.65,0.2,166.08,542.56,1,1
1229.0,0.8,445.41,783.59,4,1
475.36,0.0,56.0,419.36,0,1
1049.98,0.8,289.08,760.9,4,1
939.47,0.8,193.7,745.77,4,1
685.31,0.2,180.57,504.74,1,1
942.17,0.2,414.73,527.44,1,1
1068.56,0.8,269.84,798.72,4,1
620.4,0.2,77.84,542.56,1,1
682.93,0.4,62.54,620.38,2,1
908.59,0.6,225.51,683.08,3,1
649.69,0.4,52.0,597.69,2,1
770.68,0.6,102.73,667.95,3,1
1126.83,0.8,343.24,783.59,4,1
1113.89,0.6,377.86,736.03,3,1
1049.8,0.8,243.51,806.28,4,1
1070.93,0.8,272.22,798.72,4,1
809.57,0.4,189.19,620.38,2,1
936.73,0.6,208.27,728.46,3,1
817.9,0.2,290.46,527.44,1,1
482.16,0.0,40.11,442.05,0,1
691.1,0.4,93.41,597.69,2,1
568.15,0.2,63.41,504.74,1,1
827.54,0.6,144.46,683.08,3,1
778.86,0.6,88.22,690.64,3,1
651.98,0.4,99.68,552.31,2,1
850.91,0.2,293.22,557.69,1,1
930.31,0.6,232.11,698.21,3,1
871.44,0.4,258.62,612.82,2,1
570.58,0.0,105.84,464.74,0,1
496.11,0.0,61.62,434.49,0,1
566.76,0.0,132.27,434.49,0,1
797.86,0.4,215.3,582.56,2,1
792.07,0.6,146.81,645.26,3,1
758.79,0.4,130.84,627.95,2,1
690.61,0.4,92.92,597.69,2,1
620.79,0.2,93.35,527.44,1,1
