"Total_Cost","Ratio_Reloc_Prod","Horiz_Cost","Vert_Cost","nReloc","non_Optimal"
221122.79,0.3933,33009.68,188113.19,590,250
852.93,0.3333,94.22,758.72,2,1
847.79,0.1667,159.32,688.46,1,1
1278.26,0.8333,286.08,992.18,5,1
776.77,0.1667,103.43,673.33,1,1
874.67,0.5,98.65,776.03,3,1
1031.26,0.6667,132.03,899.23,4,1
949.59,0.5,173.57,776.03,3,1
1043.03,0.5,221.62,821.41,3,1
839.92,0.3333,119.03,720.9,2,1
646.64,0.0,88.95,557.69,0,1
625.53,0.0,67.84,557.69,0,1
1468.67,1.3333,258.16,1210.51,8,1
800.61,0.3333,94.84,705.77,2,1
1191.55,0.8333,191.81,999.74,5,1
958.98,0.5,137.57,821.41,3,1
778.21,0.1667,127.57,650.64,1,1
817.65,0.1667,182.14,635.51,1,1
1046.33,0.6667,184.92,861.41,4,1
1024.43,0.6667,200.84,823.59,4,1
969.7,0.5,133.16,836.54,3,1
1210.37,0.8333,278.7,931.67,5,1
1206.06,0.8333,191.19,1014.87,5,1
664.77,0.1667,59.51,605.26,1,1
666.4,0.0,116.27,550.13,0,1
608.94,0.0,58.81,550.13,0,1
840.58,0.3333,142.38,698.21,2,1
1236.74,1.0,197.0,1039.74,6,1
723.27,0.1667,95.32,627.95,1,1
1024.95,0.5,203.54,821.41,3,1
609.38,0.0,81.95,527.44,0,1
920.67,0.3333,169.51,751.15,2,1
891.87,0.5,78.03,813.85,3,1
930.16,0.5,146.57,783.59,3,1
1050.39,0.6667,143.59,906.79,4,1
565.44,0.0,38.0,527.44,0,1
1225.85,1.0,186.11,1039.74,6,1
875.4,0.3333,139.38,736.03,2,1
807.63,0.1667,194.81,612.82,1,1
1112.73,0.6667,175.68,937.05,4,1
1182.63,0.8333,160.19,1022.44,5,1
947.66,0.5,141.38,806.28,3,1
840.65,0.1667,205.14,635.51,1,1
993.9,0.5,187.62,806.28,3,1
1481.15,1.5,200.38,1280.77,9,1
657.72,0.0,92.46,565.26,0,1
917.72,0.5,134.14,783.59,3,1
936.11,0.5,107.14,828.97,3,1
958.28,0.5,136.86,821.41,3,1
716.35,0.1667,80.84,635.51,1,1
1105.02,0.8333,127.97,977.05,5,1
653.25,0.0,80.43,572.82,0,1
868.85,0.5,70.14,798.72,3,1
876.19,0.5,100.16,776.03,3,1
945.32,0.3333,201.73,743.59,2,1
1038.4,0.5,186.73,851.67,3,1
1122.42,0.6667,230.76,891.67,4,1
1178.01,0.8333,178.27,999.74,5,1
830.68,0.1667,149.78,680.9,1,1
1049.07,0.8333,109.84,939.23,5,1
621.73,0.0,86.73,535.0,0,1
688.22,0.0,107.84,580.38,0,1
835.74,0.1667,162.41,673.33,1,1
850.28,0.3333,129.38,720.9,2,1
1232.62,0.8333,255.57,977.05,5,1
818.53,0.1667,167.89,650.64,1,1
849.62,0.3333,121.16,728.46,2,1
881.97,0.3333,138.38,743.59,2,1
705.63,0.1667,85.24,620.38,1,1
561.12,0.0,48.81,512.31,0,1
706.93,0.1667,86.54,620.38,1,1
1386.37,1.1667,261.24,1125.13,7,1
1035.59,0.6667,151.49,884.1,4,1
946.9,0.5,133.05,813.85,3,1
972.54,0.5,143.57,828.97,3,1
826.42,0.3333,120.65,705.77,2,1
979.04,0.5,180.32,798.72,3,1
962.28,0.5,208.95,753.33,3,1
870.32,0.3333,119.16,751.15,2,1
722.1,0.1667,79.03,643.08,1,1
1105.07,0.6667,205.84,899.23,4,1
846.88,0.3333,148.68,698.21,2,1
537.55,0.0,32.81,504.74,0,1
970.92,0.6667,101.95,868.97,4,1
836.26,0.3333,85.11,751.15,2,1
1310.41,1.3333,167.97,1142.44,8,1
829.01,0.1667,155.68,673.33,1,1
810.63,0.3333,89.73,720.9,2,1
878.71,0.3333,112.43,766.28,2,1
842.21,0.1667,199.14,643.08,1,1
930.6,0.5,116.76,813.85,3,1
1242.13,1.0,164.57,1077.56,6,1
850.7,0.1667,154.68,696.03,1,1
913.56,0.3333,162.41,751.15,2,1
600.43,0.0,65.43,535.0,0,1
782.28,0.1667,108.95,673.33,1,1
738.62,0.1667,110.68,627.95,1,1
795.77,0.1667,137.57,658.21,1,1
540.85,0.0,36.11,504.74,0,1
860.02,0.3333,161.81,698.21,2,1
660.85,0.0,103.16,557.69,0,1
965.55,0.6667,104.14,861.41,4,1
814.58,0.3333,101.24,713.33,2,1
776.39,0.3333,70.62,705.77,2,1
841.82,0.1667,168.49,673.33,1,1
1141.24,0.6667,211.76,929.49,4,1
848.03,0.3333,119.57,728.46,2,1
767.02,0.1667,108.81,658.21,1,1
923.63,0.5,117.35,806.28,3,1
1250.94,1.0,226.32,1024.62,6,1
657.28,0.1667,52.03,605.26,1,1
756.88,0.1667,106.24,650.64,1,1
793.77,0.3333,80.43,713.33,2,1
889.82,0.6667,88.92,800.9,4,1
852.56,0.3333,161.92,690.64,2,1
751.4,0.3333,68.32,683.08,2,1
756.38,0.1667,120.86,635.51,1,1
1071.61,0.6667,172.38,899.23,4,1
803.66,0.3333,105.46,698.21,2,1
1003.35,0.6667,119.24,884.1,4,1
754.21,0.1667,103.57,650.64,1,1
1066.02,0.6667,181.92,884.1,4,1
812.48,0.3333,114.27,698.21,2,1
969.31,0.6667,123.03,846.28,4,1
715.19,0.1667,87.24,627.95,1,1
1117.2,0.8333,117.46,999.74,5,1
709.25,0.1667,96.43,612.82,1,1
745.9,0.1667,133.08,612.82,1,1
784.27,0.1667,141.19,643.08,1,1
715.95,0.1667,80.43,635.51,1,1
746.45,0.3333,55.81,690.64,2,1
988.22,0.6667,119.24,868.97,4,1
610.08,0.0,67.51,542.56,0,1
907.39,0.5,93.54,813.85,3,1
805.31,0.3333,99.54,705.77,2,1
644.75,0.1667,54.62,590.13,1,1
1149.41,1.0,147.49,1001.92,6,1
1136.58,0.6667,222.22,914.36,4,1
1026.13,0.6667,134.46,891.67,4,1
1004.91,0.5,160.81,844.1,3,1
760.49,0.1667,124.97,635.51,1,1
972.19,0.5,150.78,821.41,3,1
860.11,0.1667,179.22,680.9,1,1
1032.57,0.6667,171.16,861.41,4,1
982.91,0.5,199.32,783.59,3,1
1072.49,0.6667,218.65,853.85,4,1
947.19,0.5,110.65,836.54,3,1
956.03,0.5,127.05,828.97,3,1
620.91,0.0,63.22,557.69,0,1
771.85,0.1667,113.65,658.21,1,1
717.14,0.1667,96.76,620.38,1,1
932.83,0.6667,109.24,823.59,4,1
743.62,0.1667,115.68,627.95,1,1
737.46,0.1667,101.95,635.51,1,1
850.89,0.3333,122.43,728.46,2,1
947.5,0.3333,188.78,758.72,2,1
823.77,0.1667,158.0,665.77,1,1
899.67,0.3333,156.08,743.59,2,1
874.79,0.3333,153.89,720.9,2,1
1045.69,0.5,194.03,851.67,3,1
756.18,0.1667,105.54,650.64,1,1
1086.22,0.8333,131.86,954.36,5,1
824.27,0.3333,88.24,736.03,2,1
819.41,0.3333,90.95,728.46,2,1
956.58,0.5,203.24,753.33,3,1
625.05,0.0,90.05,535.0,0,1
935.15,0.5,144.0,791.15,3,1
894.66,0.5,95.95,798.72,3,1
686.02,0.0,135.89,550.13,0,1
1255.75,0.8333,263.57,992.18,5,1
775.91,0.1667,125.27,650.64,1,1
992.44,0.3333,226.16,766.28,2,1
808.14,0.5,54.81,753.33,3,1
800.08,0.1667,157.0,643.08,1,1
989.0,0.6667,112.46,876.54,4,1
740.26,0.3333,49.62,690.64,2,1
923.41,0.5,94.43,828.97,3,1
1004.28,0.6667,105.05,899.23,4,1
727.97,0.1667,77.32,650.64,1,1
617.64,0.0,67.51,550.13,0,1
814.68,0.3333,101.35,713.33,2,1
715.35,0.1667,79.84,635.51,1,1
1038.83,0.6667,147.16,891.67,4,1
1044.55,0.6667,137.76,906.79,4,1
864.85,0.3333,106.14,758.72,2,1
734.05,0.1667,83.41,650.64,1,1
1041.96,0.6667,150.3,891.67,4,1
1229.19,1.0,166.76,1062.44,6,1
805.44,0.3333,84.54,720.9,2,1
1025.62,0.6667,149.08,876.54,4,1
959.54,0.3333,215.95,743.59,2,1
1099.5,0.5,240.27,859.23,3,1
1327.59,0.8333,297.59,1030.0,5,1
670.85,0.0,98.03,572.82,0,1
968.08,0.3333,232.05,736.03,2,1
759.99,0.1667,109.35,650.64,1,1
541.55,0.0,36.81,504.74,0,1
985.44,0.5,171.59,813.85,3,1
821.57,0.3333,93.11,728.46,2,1
1087.54,0.6667,158.05,929.49,4,1
1013.68,0.6667,99.32,914.36,4,1
729.63,0.0,156.81,572.82,0,1
1242.13,0.8333,249.95,992.18,5,1
926.17,0.3333,159.89,766.28,2,1
875.09,0.3333,154.19,720.9,2,1
889.81,0.5,113.78,776.03,3,1
1029.7,0.5,200.73,828.97,3,1
913.79,0.5,99.95,813.85,3,1
841.2,0.3333,127.86,713.33,2,1
536.85,0.0,32.11,504.74,0,1
925.77,0.5,127.05,798.72,3,1
677.87,0.0,105.05,572.82,0,1
884.56,0.3333,140.97,743.59,2,1
844.72,0.3333,101.14,743.59,2,1
690.12,0.1667,92.43,597.69,1,1
935.73,0.5,159.7,776.03,3,1
953.02,0.5,169.43,783.59,3,1
838.33,0.3333,109.86,728.46,2,1
620.81,0.0,78.24,542.56,0,1
786.82,0.3333,65.92,720.9,2,1
801.36,0.3333,88.03,713.33,2,1
628.05,0.0,93.05,535.0,0,1
876.78,0.5,85.62,791.15,3,1
923.65,0.5,102.24,821.41,3,1
1054.84,0.6667,125.35,929.49,4,1
822.34,0.3333,116.57,705.77,2,1
762.61,0.1667,164.92,597.69,1,1
837.06,0.3333,116.16,720.9,2,1
915.35,0.5,131.76,783.59,3,1
985.62,0.6667,101.51,884.1,4,1
977.39,0.5,178.68,798.72,3,1
776.82,0.1667,111.05,665.77,1,1
793.85,0.1667,120.51,673.33,1,1
978.16,0.5,149.19,828.97,3,1
913.63,0.3333,192.73,720.9,2,1
895.51,0.3333,144.35,751.15,2,1
919.72,0.3333,176.14,743.59,2,1
895.72,0.5,104.57,791.15,3,1
801.94,0.1667,151.3,650.64,1,1
813.12,0.3333,107.35,705.77,2,1
893.56,0.3333,149.97,743.59,2,1
682.16,0.1667,54.22,627.95,1,1
868.48,0.5,77.32,791.15,3,1
998.85,0.5,132.05,866.79,3,1
849.96,0.3333,144.19,705.77,2,1
644.48,0.0,94.35,550.13,0,1
815.03,0.3333,94.14,720.9,2,1
667.09,0.0,101.84,565.26,0,1
598.83,0.0,48.7,550.13,0,1
841.0,0.3333,112.54,728.46,2,1
723.51,0.1667,80.43,643.08,1,1
