"Total_Cost","Ratio_Reloc_Prod","Horiz_Cost","Vert_Cost","nReloc","non_Optimal"
230697.28,0.396,42325.85,188371.56,594,142
1057.41,1.0,143.05,914.36,5,0
1204.38,1.0,335.41,868.97,5,1
870.71,0.6,157.38,713.33,3,0
659.99,0.2,94.73,565.26,1,0
1208.6,1.2,201.3,1007.31,6,0
1443.55,1.8,255.73,1187.82,9,1
748.97,0.4,98.32,650.64,2,0
1122.47,1.0,223.24,899.23,5,0
500.15,0.0,35.41,464.74,0,0
776.69,0.4,163.86,612.82,2,0
554.66,0.0,82.35,472.31,0,1
737.87,0.4,117.49,620.38,2,0
1041.25,1.0,187.41,853.85,5,1
617.07,0.2,51.81,565.26,1,1
614.61,0.2,56.92,557.69,1,1
516.74,0.0,52.0,464.74,0,0
940.68,0.8,172.22,768.46,4,0
884.48,0.6,140.89,743.59,3,1
613.0,0.2,70.43,542.56,1,1
647.58,0.2,82.32,565.26,1,1
665.13,0.2,122.57,542.56,1,1
812.55,0.6,99.22,713.33,3,1
690.53,0.2,132.84,557.69,1,0
771.0,0.4,135.49,635.51,2,0
960.87,0.8,139.46,821.41,4,0
614.62,0.2,79.62,535.0,1,1
843.76,0.6,122.86,720.9,3,0
762.22,0.4,134.27,627.95,2,1
592.8,0.0,143.19,449.62,0,1
784.91,0.6,101.84,683.08,3,1
730.01,0.4,109.62,620.38,2,1
846.12,0.4,172.78,673.33,2,0
948.39,0.8,149.68,798.72,4,1
786.54,0.4,143.46,643.08,2,1
876.1,0.4,233.03,643.08,2,1
996.67,0.8,220.65,776.03,4,1
1217.64,1.4,185.46,1032.18,7,0
743.02,0.2,192.89,550.13,1,1
632.19,0.2,89.62,542.56,1,0
794.14,0.4,166.19,627.95,2,0
685.09,0.2,119.84,565.26,1,1
646.0,0.2,103.43,542.56,1,1
879.42,0.6,188.78,690.64,3,1
717.97,0.2,175.41,542.56,1,0
894.71,0.6,181.38,713.33,3,1
1021.29,0.8,230.14,791.15,4,0
859.85,0.6,207.03,652.82,3,0
560.65,0.0,126.16,434.49,0,1
750.02,0.4,159.89,590.13,2,0
968.63,0.8,222.86,745.77,4,0
1024.67,0.8,241.08,783.59,4,0
1040.24,1.0,171.27,868.97,5,1
752.95,0.4,117.43,635.51,2,1
543.99,0.0,86.81,457.18,0,1
675.53,0.4,77.84,597.69,2,0
1005.43,0.8,221.84,783.59,4,0
781.79,0.4,168.97,612.82,2,0
825.34,0.4,159.57,665.77,2,1
827.0,0.4,183.92,643.08,2,1
932.74,0.6,219.41,713.33,3,1
633.9,0.0,161.59,472.31,0,1
927.83,0.8,144.24,783.59,4,0
1042.53,0.8,236.24,806.28,4,0
1103.05,1.0,211.38,891.67,5,0
614.96,0.2,49.7,565.26,1,0
968.19,0.8,146.78,821.41,4,0
859.43,0.6,115.84,743.59,3,1
529.61,0.0,72.43,457.18,0,0
765.19,0.4,129.68,635.51,2,0
720.55,0.2,155.3,565.26,1,0
726.72,0.2,169.03,557.69,1,1
719.63,0.2,154.38,565.26,1,0
514.27,0.0,72.22,442.05,0,1
545.61,0.0,88.43,457.18,0,1
1203.5,1.4,163.76,1039.74,7,0
646.4,0.2,103.84,542.56,1,1
1156.15,0.8,365.0,791.15,4,0
655.47,0.2,90.22,565.26,1,1
1161.23,1.0,254.43,906.79,5,0
828.09,0.4,154.76,673.33,2,1
689.69,0.2,116.86,572.82,1,1
799.7,0.4,149.05,650.64,2,0
1038.04,0.8,239.32,798.72,4,1
735.36,0.4,122.54,612.82,2,1
672.68,0.2,137.68,535.0,1,0
528.81,0.0,86.76,442.05,0,0
886.33,0.6,173.0,713.33,3,0
737.03,0.4,101.51,635.51,2,1
806.62,0.4,178.68,627.95,2,0
687.07,0.2,129.38,557.69,1,1
496.89,0.0,54.84,442.05,0,1
506.0,0.0,63.95,442.05,0,0
462.58,0.0,43.22,419.36,0,0
929.21,0.8,153.19,776.03,4,1
478.49,0.0,59.14,419.36,0,1
1059.9,0.8,246.05,813.85,4,0
1106.59,1.0,214.92,891.67,5,1
1114.21,1.0,230.11,884.1,5,0
1129.13,1.0,192.08,937.05,5,0
1115.09,1.0,261.24,853.85,5,0
639.79,0.2,112.35,527.44,1,1
892.23,0.6,194.03,698.21,3,1
1337.53,1.4,305.35,1032.18,7,0
690.01,0.2,124.76,565.26,1,1
1015.45,0.8,216.73,798.72,4,0
539.77,0.0,75.03,464.74,0,0
929.99,0.6,224.22,705.77,3,0
677.15,0.2,119.46,557.69,1,0
682.8,0.2,132.68,550.13,1,0
683.83,0.2,141.27,542.56,1,0
892.71,0.6,171.81,720.9,3,0
1003.76,0.8,242.86,760.9,4,0
873.43,0.6,144.97,728.46,3,0
718.1,0.4,75.03,643.08,2,1
722.74,0.2,157.49,565.26,1,0
831.35,0.4,188.27,643.08,2,0
672.61,0.2,122.49,550.13,1,0
936.96,0.6,185.81,751.15,3,0
610.06,0.0,130.19,479.87,0,1
712.85,0.2,147.59,565.26,1,0
820.69,0.4,162.49,658.21,2,0
765.47,0.4,145.08,620.38,2,1
825.66,0.4,159.89,665.77,2,0
554.28,0.0,89.54,464.74,0,0
847.61,0.4,189.41,658.21,2,0
801.68,0.4,128.35,673.33,2,0
545.07,0.0,80.32,464.74,0,1
719.8,0.2,162.11,557.69,1,0
722.04,0.4,124.35,597.69,2,1
1156.25,1.0,302.41,853.85,5,0
645.97,0.2,95.84,550.13,1,1
579.82,0.0,107.51,472.31,0,0
668.91,0.2,103.65,565.26,1,0
671.26,0.2,113.57,557.69,1,1
671.17,0.2,98.35,572.82,1,0
936.0,0.6,192.41,743.59,3,0
557.88,0.0,93.14,464.74,0,1
775.9,0.6,70.14,705.77,3,1
578.26,0.0,121.08,457.18,0,0
1023.5,0.8,217.22,806.28,4,1
719.31,0.2,146.49,572.82,1,1
812.22,0.4,176.7,635.51,2,1
671.59,0.2,121.46,550.13,1,0
547.15,0.0,82.41,464.74,0,1
673.67,0.2,123.54,550.13,1,0
843.79,0.4,170.46,673.33,2,0
693.86,0.2,151.3,542.56,1,0
730.02,0.4,71.81,658.21,2,1
795.58,0.4,122.24,673.33,2,1
579.2,0.0,114.46,464.74,0,1
661.64,0.2,103.95,557.69,1,1
828.26,0.4,162.49,665.77,2,1
689.28,0.2,124.03,565.26,1,0
637.34,0.0,172.59,464.74,0,1
686.57,0.2,151.57,535.0,1,1
925.64,0.8,142.05,783.59,4,1
550.52,0.0,78.22,472.31,0,0
754.99,0.4,89.22,665.77,2,1
703.53,0.2,153.41,550.13,1,1
875.74,0.4,202.41,673.33,2,0
828.39,0.4,155.05,673.33,2,1
560.26,0.0,95.51,464.74,0,0
832.96,0.4,227.7,605.26,2,1
851.42,0.4,193.22,658.21,2,1
811.98,0.4,184.03,627.95,2,0
739.69,0.4,134.43,605.26,2,1
912.26,0.8,113.54,798.72,4,1
647.68,0.0,167.81,479.87,0,0
753.78,0.4,118.27,635.51,2,0
888.78,0.6,145.19,743.59,3,0
714.58,0.4,48.81,665.77,2,1
692.82,0.2,127.57,565.26,1,0
1066.39,0.8,267.68,798.72,4,0
577.34,0.0,120.16,457.18,0,1
840.16,0.6,157.08,683.08,3,1
863.21,0.4,265.51,597.69,2,1
857.8,0.4,192.03,665.77,2,1
561.69,0.0,96.95,464.74,0,0
842.07,0.6,143.86,698.21,3,0
522.84,0.0,88.35,434.49,0,1
941.71,0.8,127.86,813.85,4,1
551.5,0.0,86.76,464.74,0,0
689.45,0.2,131.76,557.69,1,1
991.69,0.8,185.41,806.28,4,1
1065.29,0.8,213.62,851.67,4,0
541.07,0.0,76.32,464.74,0,0
683.04,0.4,85.35,597.69,2,1
1023.95,0.8,210.11,813.85,4,0
804.9,0.4,139.14,665.77,2,1
693.54,0.2,166.11,527.44,1,1
713.48,0.2,155.78,557.69,1,1
643.58,0.2,78.32,565.26,1,0
689.99,0.2,124.73,565.26,1,1
926.3,0.6,190.27,736.03,3,0
774.8,0.4,109.03,665.77,2,0
777.31,0.2,212.05,565.26,1,1
593.62,0.2,58.62,535.0,1,1
532.99,0.0,68.24,464.74,0,0
759.47,0.4,146.65,612.82,2,0
931.34,0.6,180.19,751.15,3,1
1061.18,0.8,217.08,844.1,4,0
523.77,0.0,59.03,464.74,0,0
653.81,0.2,111.24,542.56,1,0
581.87,0.2,62.0,519.87,1,1
1000.96,0.8,194.68,806.28,4,0
492.49,0.0,58.0,434.49,0,0
707.88,0.2,150.19,557.69,1,0
943.47,0.8,144.76,798.72,4,1
650.01,0.4,105.27,544.74,2,1
499.3,0.0,64.81,434.49,0,1
671.27,0.2,136.27,535.0,1,1
636.68,0.2,109.24,527.44,1,0
729.26,0.6,84.0,645.26,3,1
693.45,0.2,128.19,565.26,1,0
535.8,0.0,78.62,457.18,0,1
460.28,0.0,40.92,419.36,0,0
674.45,0.2,116.76,557.69,1,0
442.5,0.0,30.7,411.79,0,1
600.92,0.2,65.92,535.0,1,0
638.86,0.2,141.68,497.18,1,1
1210.35,1.4,193.3,1017.05,7,0
941.08,0.8,172.62,768.46,4,0
631.26,0.0,166.51,464.74,0,0
856.29,0.4,205.65,650.64,2,0
478.41,0.0,43.92,434.49,0,0
714.61,0.4,109.35,605.26,2,1
689.75,0.2,132.05,557.69,1,1
722.55,0.4,102.16,620.38,2,1
686.65,0.2,144.08,542.56,1,0
894.48,0.4,236.27,658.21,2,0
654.72,0.2,97.03,557.69,1,1
782.0,0.4,146.49,635.51,2,0
770.11,0.4,142.16,627.95,2,0
1097.96,0.8,238.73,859.23,4,0
524.71,0.0,52.41,472.31,0,1
827.13,0.6,136.49,690.64,3,0
708.34,0.4,110.65,597.69,2,1
702.23,0.2,136.97,565.26,1,0
669.96,0.2,112.27,557.69,1,0
883.42,0.6,132.27,751.15,3,1
553.74,0.0,81.43,472.31,0,0
813.23,0.6,107.46,705.77,3,1
512.26,0.0,47.51,464.74,0,0
832.69,0.4,174.49,658.21,2,0
781.79,0.4,161.41,620.38,2,1
1005.64,0.8,214.49,791.15,4,1
855.28,0.6,141.95,713.33,3,1
673.91,0.2,108.65,565.26,1,0
525.7,0.0,83.65,442.05,0,0
1079.98,1.2,193.7,886.28,6,0
886.37,0.6,142.78,743.59,3,0
749.05,0.4,113.54,635.51,2,1
748.55,0.2,183.3,565.26,1,1
688.82,0.4,76.0,612.82,2,0
579.83,0.0,122.65,457.18,0,1
577.87,0.2,58.0,519.87,1,1
544.54,0.0,110.05,434.49,0,1
624.56,0.2,74.43,550.13,1,1
516.45,0.0,66.84,449.62,0,0
972.56,1.0,148.97,823.59,5,0
719.81,0.4,76.73,643.08,2,0
551.21,0.0,94.03,457.18,0,0
806.88,0.4,148.68,658.21,2,0
857.15,0.6,166.51,690.64,3,0
636.42,0.2,78.73,557.69,1,1
942.25,0.8,173.78,768.46,4,0
1191.49,1.2,222.0,969.49,6,1
613.61,0.2,108.86,504.74,1,0
534.91,0.0,77.73,457.18,0,0
789.36,0.4,184.11,605.26,2,1
839.74,0.6,118.84,720.9,3,0
759.01,0.4,153.76,605.26,2,0
733.48,0.4,82.84,650.64,2,1
712.88,0.4,107.62,605.26,2,1
548.76,0.0,114.27,434.49,0,1
994.39,1.0,155.68,838.72,5,1
781.75,0.4,138.68,643.08,2,1
810.77,0.4,152.57,658.21,2,0
796.13,0.6,166.0,630.13,3,1
774.45,0.6,129.19,645.26,3,0
533.93,0.0,114.57,419.36,0,0
596.14,0.2,68.7,527.44,1,0
624.73,0.2,89.73,535.0,1,1
609.23,0.0,144.49,464.74,0,0
884.33,0.6,216.38,667.95,3,0
554.99,0.0,90.24,464.74,0,1
696.85,0.4,99.16,597.69,2,1
574.86,0.0,117.68,457.18,0,1
775.91,0.4,132.84,643.08,2,1
741.69,0.2,176.43,565.26,1,1
592.39,0.0,127.65,464.74,0,0
483.41,0.0,48.92,434.49,0,1
876.19,0.6,155.3,720.9,3,0
641.66,0.2,68.84,572.82,1,0
1103.34,0.4,505.65,597.69,2,1
936.05,0.6,252.97,683.08,3,1
677.23,0.2,111.97,565.26,1,0
891.4,0.6,155.38,736.03,3,0
1046.58,1.0,200.3,846.28,5,1
764.41,0.6,104.03,660.38,3,0
