"Total_Cost","Ratio_Reloc_Prod","Horiz_Cost","Vert_Cost","nReloc","non_Optimal"
253079.54,0.4207,63099.55,189980.14,631,300
563.37,0.0,60.81,502.56,0,1
651.58,0.2,86.32,565.26,1,1
651.26,0.2,101.14,550.13,1,1
881.65,0.6,160.76,720.9,3,1
562.09,0.0,97.35,464.74,0,1
787.83,0.6,104.76,683.08,3,1
951.87,1.0,98.03,853.85,5,1
628.28,0.2,63.03,565.26,1,1
783.54,0.6,108.03,675.51,3,1
1237.15,1.4,197.41,1039.74,7,1
488.02,0.0,38.41,449.62,0,1
728.79,0.4,115.97,612.82,2,1
779.9,0.4,159.51,620.38,2,1
859.83,0.6,116.24,743.59,3,1
1060.34,1.0,168.68,891.67,5,1
541.23,0.0,84.05,457.18,0,1
841.26,0.6,135.49,705.77,3,1
655.09,0.2,89.84,565.26,1,1
739.03,0.4,118.65,620.38,2,1
736.87,0.4,124.05,612.82,2,1
1309.44,1.2,362.65,946.79,6,1
758.2,0.4,145.38,612.82,2,1
739.1,0.4,96.03,643.08,2,1
649.86,0.2,99.73,550.13,1,1
733.59,0.4,82.95,650.64,2,1
851.55,0.6,145.78,705.77,3,1
745.13,0.4,102.05,643.08,2,1
754.57,0.2,174.19,580.38,1,1
659.2,0.2,93.95,565.26,1,1
568.99,0.0,104.24,464.74,0,1
657.91,0.2,92.65,565.26,1,1
656.18,0.2,90.92,565.26,1,1
1092.06,0.8,270.65,821.41,4,1
752.46,0.2,217.46,535.0,1,1
737.13,0.2,187.0,550.13,1,1
765.96,0.2,200.7,565.26,1,1
555.89,0.0,106.27,449.62,0,1
536.27,0.0,101.78,434.49,0,1
749.85,0.4,152.16,597.69,2,1
821.41,0.4,193.46,627.95,2,1
854.11,0.6,125.65,728.46,3,1
698.65,0.2,156.08,542.56,1,1
484.44,0.0,72.65,411.79,0,1
1428.12,1.0,574.27,853.85,5,1
990.12,0.4,331.92,658.21,2,1
1210.53,1.0,311.3,899.23,5,1
1438.43,0.8,601.89,836.54,4,1
756.8,0.2,191.54,565.26,1,1
553.66,0.0,88.92,464.74,0,1
1249.94,0.6,506.35,743.59,3,1
1118.02,0.8,273.92,844.1,4,1
871.89,0.4,228.81,643.08,2,1
442.76,0.0,23.41,419.36,0,1
1155.92,1.0,294.51,861.41,5,1
838.72,0.2,281.03,557.69,1,1
887.32,0.8,103.73,783.59,4,1
1001.98,0.8,180.57,821.41,4,1
1023.11,0.8,262.22,760.9,4,1
1144.23,1.0,297.95,846.28,5,1
616.01,0.2,103.7,512.31,1,1
1050.15,0.4,384.38,665.77,2,1
1528.44,1.2,581.65,946.79,6,1
1154.85,0.8,348.57,806.28,4,1
631.07,0.0,166.32,464.74,0,1
1183.88,0.8,385.16,798.72,4,1
1040.34,0.4,374.57,665.77,2,1
648.32,0.0,206.27,442.05,0,1
655.8,0.2,98.11,557.69,1,1
657.64,0.2,99.95,557.69,1,1
496.27,0.0,69.35,426.92,0,1
680.34,0.2,122.65,557.69,1,1
666.69,0.2,101.43,565.26,1,1
738.4,0.2,180.7,557.69,1,1
821.16,0.2,271.03,550.13,1,1
1150.7,0.6,467.62,683.08,3,1
577.18,0.0,127.57,449.62,0,1
555.62,0.0,121.14,434.49,0,1
496.57,0.0,69.65,426.92,0,1
433.9,0.0,22.11,411.79,0,1
501.29,0.0,44.11,457.18,0,1
736.18,0.2,178.49,557.69,1,1
889.58,0.4,291.89,597.69,2,1
593.34,0.0,136.16,457.18,0,1
502.59,0.0,60.54,442.05,0,1
573.56,0.0,116.38,457.18,0,1
1290.6,1.0,429.19,861.41,5,1
1313.87,0.8,500.03,813.85,4,1
735.54,0.2,208.11,527.44,1,1
439.61,0.0,27.81,411.79,0,1
821.99,0.6,131.35,690.64,3,1
645.81,0.2,110.81,535.0,1,1
705.28,0.4,100.03,605.26,2,1
749.81,0.2,207.24,542.56,1,1
591.09,0.0,164.16,426.92,0,1
479.3,0.0,44.81,434.49,0,1
1270.28,1.0,371.05,899.23,5,1
1012.85,0.4,347.08,665.77,2,1
748.13,0.4,105.05,643.08,2,1
739.48,0.2,181.78,557.69,1,1
1309.31,0.8,503.03,806.28,4,1
733.41,0.4,105.46,627.95,2,1
693.48,0.2,135.78,557.69,1,1
559.18,0.2,54.43,504.74,1,1
670.94,0.2,113.24,557.69,1,1
449.9,0.0,38.11,411.79,0,1
630.53,0.2,125.78,504.74,1,1
1231.97,1.2,254.92,977.05,6,1
462.05,0.0,20.0,442.05,0,1
666.94,0.2,109.24,557.69,1,1
721.54,0.2,186.54,535.0,1,1
847.93,0.4,227.54,620.38,2,1
692.37,0.2,134.68,557.69,1,1
919.78,0.6,236.7,683.08,3,1
1340.69,1.2,401.46,939.23,6,1
1035.27,0.6,299.24,736.03,3,1
1812.04,1.2,819.86,992.18,6,1
748.99,0.2,191.3,557.69,1,1
711.5,0.4,106.24,605.26,2,1
557.83,0.0,100.65,457.18,0,1
1163.38,0.6,442.49,720.9,3,1
705.5,0.2,140.24,565.26,1,1
685.61,0.2,120.35,565.26,1,1
639.26,0.2,89.14,550.13,1,1
648.15,0.2,150.97,497.18,1,1
512.92,0.0,78.43,434.49,0,1
687.77,0.2,183.03,504.74,1,1
899.24,0.4,316.68,582.56,2,1
1257.54,0.6,521.51,736.03,3,1
1240.28,1.0,341.05,899.23,5,1
586.67,0.0,129.49,457.18,0,1
670.62,0.2,128.05,542.56,1,1
967.32,0.4,324.24,643.08,2,1
1052.86,0.6,309.27,743.59,3,1
570.58,0.0,105.84,464.74,0,1
525.95,0.0,99.03,426.92,0,1
511.49,0.0,84.57,426.92,0,1
669.02,0.2,111.32,557.69,1,1
1547.34,1.0,648.11,899.23,5,1
677.8,0.2,127.68,550.13,1,1
449.79,0.0,38.0,411.79,0,1
474.68,0.0,55.32,419.36,0,1
1105.36,0.8,291.51,813.85,4,1
1097.58,1.0,198.35,899.23,5,1
824.76,0.4,189.24,635.51,2,1
1081.61,0.6,390.97,690.64,3,1
811.95,0.4,184.0,627.95,2,1
1024.09,1.0,162.68,861.41,5,1
1162.13,0.8,370.97,791.15,4,1
546.81,0.0,104.76,442.05,0,1
850.4,0.2,300.27,550.13,1,1
1221.1,0.8,422.38,798.72,4,1
1014.08,0.8,245.62,768.46,4,1
742.45,0.2,177.19,565.26,1,1
558.62,0.0,124.14,434.49,0,1
652.14,0.4,92.27,559.87,2,1
664.95,0.2,129.95,535.0,1,1
853.51,0.6,162.86,690.64,3,1
676.82,0.2,111.57,565.26,1,1
1385.75,1.0,509.22,876.54,5,1
908.08,0.4,272.57,635.51,2,1
783.19,0.4,147.68,635.51,2,1
1097.86,0.6,354.27,743.59,3,1
834.42,0.6,128.65,705.77,3,1
1420.15,1.2,480.92,939.23,6,1
476.52,0.0,64.73,411.79,0,1
1067.22,1.0,213.38,853.85,5,1
1118.14,1.2,209.16,908.97,6,1
1081.03,0.4,445.51,635.51,2,1
1065.45,0.6,374.81,690.64,3,1
734.21,0.2,184.08,550.13,1,1
872.62,0.6,197.11,675.51,3,1
1268.9,0.8,447.49,821.41,4,1
1012.54,0.6,276.51,736.03,3,1
1622.18,1.2,637.57,984.62,6,1
467.98,0.0,48.62,419.36,0,1
564.77,0.2,60.03,504.74,1,1
714.99,0.2,157.3,557.69,1,1
740.11,0.4,119.73,620.38,2,1
609.97,0.2,67.41,542.56,1,1
682.23,0.2,177.49,504.74,1,1
731.84,0.2,196.84,535.0,1,1
616.51,0.2,81.51,535.0,1,1
1040.26,0.6,342.05,698.21,3,1
664.7,0.2,129.7,535.0,1,1
642.12,0.2,84.43,557.69,1,1
944.59,0.6,261.51,683.08,3,1
1114.9,0.6,394.0,720.9,3,1
553.87,0.0,126.95,426.92,0,1
1638.76,1.4,629.27,1009.49,7,1
1355.03,1.0,433.11,921.92,5,1
928.59,0.4,277.95,650.64,2,1
1125.21,0.6,389.19,736.03,3,1
634.8,0.2,77.11,557.69,1,1
730.19,0.2,187.62,542.56,1,1
1499.13,1.2,506.95,992.18,6,1
571.88,0.0,107.14,464.74,0,1
725.69,0.2,168.0,557.69,1,1
592.56,0.0,150.51,442.05,0,1
610.74,0.0,146.0,464.74,0,1
720.56,0.2,162.86,557.69,1,1
1048.46,0.6,320.0,728.46,3,1
863.47,0.6,142.57,720.9,3,1
758.88,0.4,153.62,605.26,2,1
660.34,0.2,102.65,557.69,1,1
671.45,0.2,166.7,504.74,1,1
858.02,0.4,199.81,658.21,2,1
448.61,0.0,36.81,411.79,0,1
1149.25,0.8,380.78,768.46,4,1
1169.03,1.0,307.62,861.41,5,1
1236.55,0.8,422.7,813.85,4,1
795.25,0.4,167.3,627.95,2,1
616.01,0.2,103.7,512.31,1,1
603.34,0.2,106.16,497.18,1,1
1022.78,0.6,286.76,736.03,3,1
629.46,0.2,94.46,535.0,1,1
1593.92,1.4,523.92,1070.0,7,1
1155.18,0.6,404.03,751.15,3,1
1774.67,1.0,890.57,884.1,5,1
1390.86,1.2,406.24,984.62,6,1
582.18,0.2,92.57,489.62,1,1
899.27,1.0,90.81,808.46,5,1
617.21,0.2,59.51,557.69,1,1
1206.53,1.0,360.24,846.28,5,1
996.24,0.6,260.22,736.03,3,1
853.41,0.6,185.46,667.95,3,1
951.21,0.6,215.19,736.03,3,1
786.99,0.2,236.86,550.13,1,1
678.03,0.2,143.03,535.0,1,1
694.51,0.2,144.38,550.13,1,1
629.37,0.2,139.76,489.62,1,1
933.63,0.6,220.3,713.33,3,1
1444.51,1.0,575.54,868.97,5,1
688.15,0.2,130.46,557.69,1,1
1310.25,1.0,388.32,921.92,5,1
1389.37,0.6,645.78,743.59,3,1
871.71,0.6,158.38,713.33,3,1
733.1,0.2,182.97,550.13,1,1
784.11,0.4,156.16,627.95,2,1
576.54,0.2,49.11,527.44,1,1
679.01,0.2,113.76,565.26,1,1
579.48,0.0,129.86,449.62,0,1
825.15,0.4,166.95,658.21,2,1
1111.72,0.6,421.08,690.64,3,1
461.89,0.0,27.41,434.49,0,1
722.66,0.4,109.84,612.82,2,1
492.44,0.0,65.51,426.92,0,1
609.82,0.2,105.08,504.74,1,1
902.82,0.6,181.92,720.9,3,1
967.81,0.6,231.78,736.03,3,1
792.72,0.4,126.95,665.77,2,1
826.57,0.4,206.19,620.38,2,1
466.01,0.0,54.22,411.79,0,1
1067.77,0.6,369.57,698.21,3,1
916.95,1.0,63.11,853.85,5,1
884.33,0.6,171.0,713.33,3,1
764.1,0.4,166.41,597.69,2,1
524.68,0.0,97.76,426.92,0,1
651.18,0.2,161.57,489.62,1,1
668.32,0.2,125.76,542.56,1,1
869.6,0.6,141.14,728.46,3,1
1152.13,0.8,376.11,776.03,4,1
581.45,0.0,124.27,457.18,0,1
1013.02,0.6,329.95,683.08,3,1
910.86,0.2,360.73,550.13,1,1
644.62,0.2,102.05,542.56,1,1
469.19,0.0,34.7,434.49,0,1
606.2,0.4,46.32,559.87,2,1
645.0,0.2,110.0,535.0,1,1
1126.41,0.8,365.51,760.9,4,1
649.38,0.2,121.95,527.44,1,1
966.95,0.4,346.57,620.38,2,1
682.3,0.2,154.86,527.44,1,1
1003.74,0.6,282.84,720.9,3,1
996.58,0.4,338.38,658.21,2,1
1352.85,1.4,373.62,979.23,7,1
442.76,0.0,23.41,419.36,0,1
944.14,0.6,230.81,713.33,3,1
1192.82,0.8,378.97,813.85,4,1
1452.6,1.4,405.3,1047.31,7,1
1275.89,0.6,539.86,736.03,3,1
622.22,0.2,87.22,535.0,1,1
577.73,0.0,150.81,426.92,0,1
666.68,0.2,131.68,535.0,1,1
1164.34,1.0,265.11,899.23,5,1
560.37,0.0,110.76,449.62,0,1
1121.89,1.0,252.92,868.97,5,1
1140.94,0.6,404.92,736.03,3,1
758.2,0.2,192.95,565.26,1,1
801.22,0.4,165.7,635.51,2,1
528.26,0.0,63.51,464.74,0,1
600.07,0.0,142.89,457.18,0,1
689.15,0.2,131.46,557.69,1,1
1000.93,0.6,242.22,758.72,3,1
1042.22,0.8,220.81,821.41,4,1
676.83,0.2,134.27,542.56,1,1
860.59,0.4,217.51,643.08,2,1
1154.85,0.8,356.14,798.72,4,1
1264.51,0.6,520.92,743.59,3,1
880.64,0.4,222.43,658.21,2,1
708.12,0.2,142.86,565.26,1,1
