"Total_Cost","Ratio_Reloc_Prod","Horiz_Cost","Vert_Cost","nReloc","non_Optimal"
258710.17,0.7193,53797.86,204912.32,1079,119
458.77,0.0,54.54,404.23,0,0
581.0,0.2,114.08,466.92,1,0
698.2,0.6,113.46,584.74,3,1
678.08,0.4,110.65,567.44,2,0
637.49,0.4,77.62,559.87,2,0
487.85,0.0,83.62,404.23,0,0
603.07,0.2,113.46,489.62,1,0
847.96,0.8,170.27,677.69,4,0
666.86,0.2,169.68,497.18,1,0
682.47,0.2,177.73,504.74,1,0
493.95,0.0,67.03,426.92,0,0
910.75,1.0,132.54,778.21,5,0
703.03,0.4,143.16,559.87,2,0
526.48,0.0,137.38,389.1,0,0
688.97,0.4,113.97,575.0,2,0
1540.12,1.6,505.76,1034.36,8,1
845.55,0.8,145.16,700.38,4,0
1221.76,1.4,272.78,948.97,7,1
979.57,1.0,178.68,800.9,5,1
927.73,1.0,179.78,747.95,5,1
859.37,0.8,181.68,677.69,4,0
1019.86,1.2,156.27,863.59,6,1
741.93,0.6,142.05,599.87,3,0
847.24,0.8,131.73,715.51,4,0
673.3,0.4,113.43,559.87,2,0
1043.01,1.2,202.11,840.9,6,1
618.22,0.2,158.86,459.36,1,0
741.01,0.6,95.76,645.26,3,0
1158.36,1.2,317.46,840.9,6,1
574.06,0.2,107.14,466.92,1,0
970.52,1.0,177.19,793.33,5,1
755.01,0.6,109.76,645.26,3,0
552.98,0.2,93.62,459.36,1,0
616.67,0.2,127.05,489.62,1,0
643.72,0.4,106.54,537.18,2,0
575.12,0.2,115.76,459.36,1,0
589.29,0.2,107.24,482.05,1,0
563.09,0.2,103.73,459.36,1,0
1344.37,1.8,232.19,1112.18,9,1
1174.05,1.4,262.89,911.15,7,1
748.62,0.6,126.05,622.56,3,0
804.52,0.6,136.57,667.95,3,0
1000.04,1.0,221.84,778.21,5,1
722.33,0.6,69.51,652.82,3,0
1459.05,2.2,221.49,1237.56,11,1
809.88,0.8,124.62,685.26,4,0
748.79,0.4,188.92,559.87,2,0
568.86,0.2,79.24,489.62,1,0
1107.36,1.4,181.08,926.28,7,1
827.52,0.8,127.14,700.38,4,0
1152.77,1.4,234.05,918.72,7,1
664.96,0.4,112.65,552.31,2,0
657.32,0.4,82.32,575.0,2,0
664.63,0.4,112.32,552.31,2,0
677.03,0.4,102.03,575.0,2,0
1195.09,1.4,261.24,933.85,7,1
934.23,1.0,148.46,785.77,5,1
745.12,0.6,107.43,637.69,3,1
841.24,0.8,118.16,723.08,4,0
886.66,0.8,201.41,685.26,4,1
728.91,0.6,83.65,645.26,3,0
1043.45,1.0,219.86,823.59,5,1
749.25,0.6,96.43,652.82,3,0
761.32,0.4,171.19,590.13,2,0
836.11,0.8,128.16,707.95,4,0
649.87,0.4,135.38,514.49,2,0
829.84,0.8,129.46,700.38,4,1
844.43,0.6,221.86,622.56,3,0
1576.03,1.4,581.68,994.36,7,1
608.99,0.2,119.38,489.62,1,0
722.76,0.6,107.76,615.0,3,0
772.87,0.6,120.05,652.82,3,0
857.27,0.8,141.76,715.51,4,0
1122.99,1.2,251.84,871.15,6,1
960.69,1.0,182.49,778.21,5,1
973.91,1.0,195.7,778.21,5,1
528.59,0.0,86.54,442.05,0,0
778.9,0.6,126.08,652.82,3,1
626.35,0.4,58.92,567.44,2,0
663.16,0.4,73.03,590.13,2,0
764.77,0.6,127.08,637.69,3,0
916.24,0.8,200.73,715.51,4,1
1347.34,1.6,328.11,1019.23,8,1
692.59,0.6,70.03,622.56,3,0
1270.55,1.6,289.14,981.41,8,1
559.94,0.2,70.32,489.62,1,0
923.22,1.0,114.76,808.46,5,1
748.92,0.6,126.35,622.56,3,1
695.05,0.4,120.05,575.0,2,0
561.03,0.2,86.54,474.49,1,0
756.15,0.6,118.46,637.69,3,0
1055.02,1.2,176.3,878.72,6,1
738.45,0.6,108.32,630.13,3,0
848.57,0.8,140.62,707.95,4,0
861.84,0.8,161.46,700.38,4,0
665.84,0.4,98.41,567.44,2,0
461.64,0.0,57.41,404.23,0,0
1124.89,1.2,268.86,856.03,6,1
1981.87,2.0,738.92,1242.95,10,1
872.76,0.8,172.38,700.38,4,0
1653.3,1.8,503.3,1150.0,9,1
589.35,0.2,114.86,474.49,1,0
526.72,0.0,122.49,404.23,0,0
810.34,0.6,165.08,645.26,3,1
642.8,0.2,138.05,504.74,1,0
953.36,1.0,152.46,800.9,5,1
518.99,0.0,129.89,389.1,0,0
679.15,0.4,126.84,552.31,2,0
693.47,0.4,141.16,552.31,2,0
1334.28,1.8,259.92,1074.36,9,1
654.22,0.4,94.35,559.87,2,0
1208.29,1.2,337.14,871.15,6,1
860.21,0.8,129.57,730.64,4,1
860.42,0.8,114.65,745.77,4,1
979.34,1.0,201.14,778.21,5,0
1026.66,1.0,248.46,778.21,5,0
1132.16,1.2,283.7,848.46,6,1
801.52,0.6,194.08,607.44,3,0
760.44,0.6,100.05,660.38,3,0
962.76,1.0,161.86,800.9,5,1
1607.34,1.0,700.54,906.79,5,1
596.26,0.2,106.65,489.62,1,0
1329.4,1.6,332.86,996.54,8,1
491.67,0.0,102.57,389.1,0,0
1552.95,1.2,643.97,908.97,6,1
956.23,1.0,170.46,785.77,5,0
746.86,0.6,131.86,615.0,3,0
1949.98,1.4,948.05,1001.92,7,1
651.48,0.4,68.92,582.56,2,0
2084.43,2.0,833.92,1250.51,10,1
692.08,0.4,124.65,567.44,2,0
1043.67,1.2,187.65,856.03,6,1
537.46,0.2,55.41,482.05,1,0
772.93,0.8,72.54,700.38,4,0
1164.72,1.2,286.0,878.72,6,1
753.55,0.6,100.73,652.82,3,0
656.82,0.4,96.95,559.87,2,0
1048.2,1.2,169.49,878.72,6,1
571.73,0.2,97.24,474.49,1,0
1120.04,1.2,241.32,878.72,6,1
917.06,0.8,209.11,707.95,4,1
728.17,0.4,168.3,559.87,2,0
753.28,0.6,108.03,645.26,3,0
747.58,0.6,102.32,645.26,3,0
469.3,0.0,34.81,434.49,0,0
967.32,1.0,151.3,816.03,5,0
1063.53,1.2,177.24,886.28,6,1
743.01,0.6,97.76,645.26,3,0
633.88,0.2,121.57,512.31,1,0
1128.34,1.4,156.68,971.67,7,1
1161.04,1.2,274.76,886.28,6,1
1027.72,1.2,156.57,871.15,6,1
559.89,0.2,77.84,482.05,1,0
871.44,0.8,163.49,707.95,4,0
1224.71,1.6,190.35,1034.36,8,1
1020.84,1.2,119.43,901.41,6,1
480.11,0.0,45.62,434.49,0,0
580.76,0.2,106.27,474.49,1,0
732.14,0.4,164.7,567.44,2,1
2059.12,1.6,971.81,1087.31,8,1
562.74,0.2,58.0,504.74,1,0
679.6,0.4,112.16,567.44,2,0
760.05,0.4,245.57,514.49,2,0
975.88,1.2,104.73,871.15,6,0
904.27,0.8,181.19,723.08,4,0
779.52,0.6,119.14,660.38,3,0
925.35,0.8,217.41,707.95,4,1
1091.04,1.2,197.19,893.85,6,1
1337.53,1.6,265.35,1072.18,8,1
649.53,0.2,144.78,504.74,1,0
1029.26,1.2,211.05,818.21,6,1
756.92,0.6,149.49,607.44,3,0
1092.83,1.4,181.68,911.15,7,1
834.25,0.8,133.86,700.38,4,0
783.91,0.6,153.78,630.13,3,0
934.31,1.0,201.49,732.82,5,0
574.42,0.0,162.62,411.79,0,0
745.75,0.6,108.05,637.69,3,0
755.43,0.6,79.92,675.51,3,0
1260.6,1.6,271.62,988.97,8,1
990.25,1.0,181.78,808.46,5,1
848.78,0.8,133.27,715.51,4,0
845.16,0.8,129.65,715.51,4,0
1438.12,1.8,310.81,1127.31,9,1
1870.82,2.6,470.05,1400.77,13,1
654.72,0.4,117.54,537.18,2,0
834.91,0.8,111.84,723.08,4,1
586.35,0.2,111.86,474.49,1,0
671.87,0.4,104.43,567.44,2,0
555.75,0.0,166.65,389.1,0,0
836.1,0.6,213.54,622.56,3,1
1627.03,2.6,203.57,1423.46,13,1
561.94,0.2,72.32,489.62,1,0
470.44,0.0,43.51,426.92,0,0
784.13,0.6,161.57,622.56,3,0
925.38,1.0,169.86,755.51,5,0
1068.11,1.2,166.7,901.41,6,1
724.48,0.4,194.86,529.62,2,1
1099.27,1.4,142.73,956.54,7,1
1696.85,2.0,476.59,1220.26,10,1
861.49,0.8,145.97,715.51,4,1
981.82,1.0,180.92,800.9,5,1
688.14,0.4,113.14,575.0,2,0
888.81,0.8,173.3,715.51,4,1
1048.96,1.2,170.24,878.72,6,1
876.83,0.8,153.76,723.08,4,1
636.98,0.2,124.68,512.31,1,0
599.55,0.2,140.19,459.36,1,0
909.25,1.0,108.35,800.9,5,0
920.4,0.8,197.32,723.08,4,1
611.63,0.2,152.27,459.36,1,0
851.36,0.8,158.54,692.82,4,1
1329.66,1.8,202.35,1127.31,9,1
1393.8,1.0,555.08,838.72,5,1
981.9,1.0,181.0,800.9,5,1
767.39,0.6,114.57,652.82,3,0
901.85,1.0,108.51,793.33,5,1
1000.3,1.0,199.41,800.9,5,1
1017.51,0.8,347.38,670.13,4,0
798.7,0.6,168.57,630.13,3,1
567.63,0.2,108.27,459.36,1,0
526.05,0.0,91.57,434.49,0,0
876.92,0.8,168.97,707.95,4,1
839.61,0.6,201.92,637.69,3,1
685.3,0.4,117.86,567.44,2,0
635.07,0.2,183.27,451.79,1,0
829.74,0.8,129.35,700.38,4,0
800.0,0.6,177.43,622.56,3,0
1804.58,1.6,664.32,1140.26,8,1
676.09,0.4,131.35,544.74,2,0
786.38,0.6,118.43,667.95,3,0
449.31,0.0,37.51,411.79,0,0
826.84,0.8,126.46,700.38,4,0
705.36,0.4,145.49,559.87,2,1
688.98,0.4,136.68,552.31,2,0
1017.32,1.0,261.81,755.51,5,1
891.24,0.8,221.11,670.13,4,0
956.17,0.8,263.35,692.82,4,1
589.05,0.2,114.57,474.49,1,0
886.05,0.8,170.54,715.51,4,1
786.63,0.6,126.24,660.38,3,0
866.6,0.8,173.78,692.82,4,0
798.67,0.6,176.11,622.56,3,0
979.08,1.0,223.57,755.51,5,1
749.19,0.4,227.14,522.05,2,0
535.79,0.0,116.43,419.36,0,0
1333.03,1.6,344.05,988.97,8,1
762.87,0.8,54.92,707.95,4,0
575.48,0.2,93.43,482.05,1,0
540.02,0.0,150.92,389.1,0,0
782.34,0.6,144.65,637.69,3,0
941.23,0.8,203.03,738.21,4,1
580.64,0.2,91.03,489.62,1,0
1093.92,1.4,144.95,948.97,7,1
694.55,0.4,134.68,559.87,2,0
913.41,1.0,104.95,808.46,5,0
1048.05,1.2,192.03,856.03,6,1
678.25,0.4,118.38,559.87,2,0
952.97,1.0,189.89,763.08,5,0
499.09,0.0,79.73,419.36,0,0
470.14,0.0,43.22,426.92,0,0
631.95,0.4,64.51,567.44,2,0
1822.48,1.6,757.86,1064.62,8,1
917.98,0.8,210.03,707.95,4,1
693.69,0.4,141.38,552.31,2,1
1084.42,1.2,205.7,878.72,6,1
567.51,0.2,93.03,474.49,1,0
673.04,0.4,135.86,537.18,2,0
729.58,0.4,184.84,544.74,2,0
768.0,0.6,153.0,615.0,3,0
549.0,0.2,74.51,474.49,1,0
485.85,0.0,74.05,411.79,0,0
1910.02,1.0,1071.3,838.72,5,1
1035.23,1.0,249.46,785.77,5,1
630.24,0.2,148.19,482.05,1,0
636.08,0.4,53.51,582.56,2,1
579.84,0.2,105.35,474.49,1,0
578.82,0.2,119.46,459.36,1,0
477.81,0.0,43.32,434.49,0,0
591.91,0.2,94.73,497.18,1,0
1305.19,1.4,356.22,948.97,7,1
890.82,0.8,190.43,700.38,4,1
685.67,0.4,163.62,522.05,2,0
866.46,0.8,150.95,715.51,4,1
719.87,0.4,160.0,559.87,2,0
1018.06,1.2,177.16,840.9,6,1
913.32,0.8,197.81,715.51,4,1
766.24,0.6,151.24,615.0,3,0
500.67,0.0,111.57,389.1,0,0
488.72,0.0,99.62,389.1,0,0
859.02,0.8,181.32,677.69,4,1
987.21,1.0,209.0,778.21,5,1
1021.11,1.2,172.65,848.46,6,0
1322.67,1.6,318.57,1004.1,8,1
868.08,0.6,260.65,607.44,3,1
745.78,0.6,115.65,630.13,3,0
635.92,0.2,153.86,482.05,1,0
1267.11,1.4,265.19,1001.92,7,1
690.64,0.4,145.89,544.74,2,0
800.49,0.6,200.62,599.87,3,0
