"Total_Cost","Ratio_Reloc_Prod","Horiz_Cost","Vert_Cost","nReloc","non_Optimal"
223457.97,0.4207,34166.19,189291.85,631,300
813.79,0.6,85.32,728.46,3,1
986.61,0.8,134.95,851.67,4,1
926.16,0.8,157.7,768.46,4,1
826.97,0.4,176.32,650.64,2,1
660.88,0.2,110.76,550.13,1,1
897.48,0.6,153.89,743.59,3,1
800.29,0.4,157.22,643.08,2,1
628.4,0.2,70.7,557.69,1,1
825.81,0.6,97.35,728.46,3,1
872.28,0.6,151.38,720.9,3,1
1148.75,1.2,156.57,992.18,6,1
818.74,0.6,97.84,720.9,3,1
787.46,0.6,104.38,683.08,3,1
977.29,0.8,193.7,783.59,4,1
666.2,0.2,100.95,565.26,1,1
652.38,0.2,117.38,535.0,1,1
607.5,0.2,102.76,504.74,1,1
769.57,0.4,134.05,635.51,2,1
769.86,0.4,134.35,635.51,2,1
666.96,0.2,94.14,572.82,1,1
1063.82,1.0,217.54,846.28,5,1
926.32,0.8,135.16,791.15,4,1
832.17,0.6,118.84,713.33,3,1
893.85,0.8,95.14,798.72,4,1
673.2,0.4,52.81,620.38,2,1
497.4,0.0,40.22,457.18,0,1
906.66,0.8,107.95,798.72,4,1
734.23,0.4,128.97,605.26,2,1
552.11,0.0,110.05,442.05,0,1
758.97,0.4,123.46,635.51,2,1
840.86,0.6,104.84,736.03,3,1
609.59,0.2,67.03,542.56,1,1
658.21,0.4,60.51,597.69,2,1
646.05,0.2,111.05,535.0,1,1
681.93,0.2,116.68,565.26,1,1
1081.1,1.2,157.0,924.1,6,1
573.91,0.0,109.16,464.74,0,1
801.06,0.4,173.11,627.95,2,1
840.25,0.4,166.92,673.33,2,1
484.16,0.0,42.11,442.05,0,1
1094.1,1.0,202.43,891.67,5,1
754.24,0.4,111.16,643.08,2,1
559.67,0.0,110.05,449.62,0,1
497.25,0.0,85.46,411.79,0,1
730.68,0.4,102.73,627.95,2,1
654.67,0.2,104.54,550.13,1,1
834.4,0.4,191.32,643.08,2,1
476.7,0.0,42.22,434.49,0,1
587.44,0.2,60.0,527.44,1,1
605.08,0.2,62.51,542.56,1,1
730.07,0.4,132.38,597.69,2,1
740.78,0.4,90.14,650.64,2,1
910.87,0.6,197.54,713.33,3,1
710.01,0.4,104.76,605.26,2,1
647.75,0.2,97.62,550.13,1,1
561.37,0.0,111.76,449.62,0,1
778.18,0.6,87.54,690.64,3,1
803.72,0.6,97.95,705.77,3,1
601.35,0.2,73.92,527.44,1,1
878.17,0.6,157.27,720.9,3,1
637.16,0.2,102.16,535.0,1,1
506.13,0.0,56.51,449.62,0,1
1003.35,1.0,187.32,816.03,5,1
493.43,0.0,43.81,449.62,0,1
833.31,0.6,127.54,705.77,3,1
788.18,0.6,97.54,690.64,3,1
711.58,0.4,98.76,612.82,2,1
751.86,0.4,116.35,635.51,2,1
642.96,0.2,70.14,572.82,1,1
538.97,0.0,89.35,449.62,0,1
887.34,0.6,136.19,751.15,3,1
784.95,0.4,157.0,627.95,2,1
622.67,0.2,125.49,497.18,1,1
456.87,0.0,37.51,419.36,0,1
824.46,0.6,141.38,683.08,3,1
651.08,0.4,83.65,567.44,2,1
642.47,0.2,77.22,565.26,1,1
641.0,0.2,98.43,542.56,1,1
735.04,0.4,129.78,605.26,2,1
985.73,0.8,217.27,768.46,4,1
712.55,0.4,99.73,612.82,2,1
654.26,0.2,96.57,557.69,1,1
721.3,0.4,93.35,627.95,2,1
857.91,0.6,159.7,698.21,3,1
1100.95,1.0,186.59,914.36,5,1
783.91,0.4,133.27,650.64,2,1
835.39,0.6,137.19,698.21,3,1
1141.12,1.4,146.76,994.36,7,1
660.17,0.2,87.35,572.82,1,1
856.31,0.6,142.97,713.33,3,1
683.26,0.4,78.0,605.26,2,1
563.23,0.2,50.92,512.31,1,1
773.84,0.4,145.89,627.95,2,1
833.17,0.4,167.41,665.77,2,1
721.16,0.4,85.65,635.51,2,1
619.26,0.2,69.14,550.13,1,1
851.95,0.8,98.62,753.33,4,1
736.32,0.2,201.32,535.0,1,1
529.35,0.0,79.73,449.62,0,1
866.41,0.8,97.95,768.46,4,1
745.7,0.4,95.05,650.64,2,1
1103.73,1.2,202.32,901.41,6,1
746.08,0.4,110.57,635.51,2,1
729.16,0.6,61.22,667.95,3,1
785.07,0.4,126.86,658.21,2,1
686.79,0.4,66.41,620.38,2,1
592.06,0.0,119.76,472.31,0,1
793.39,0.4,120.05,673.33,2,1
678.56,0.2,120.86,557.69,1,1
905.57,0.6,177.11,728.46,3,1
549.02,0.0,91.84,457.18,0,1
737.79,0.4,124.97,612.82,2,1
851.94,0.6,161.3,690.64,3,1
817.74,0.6,111.97,705.77,3,1
706.14,0.2,125.76,580.38,1,1
844.16,0.6,161.08,683.08,3,1
845.7,0.6,117.24,728.46,3,1
723.35,0.6,55.41,667.95,3,1
763.47,0.4,90.14,673.33,2,1
486.56,0.0,44.51,442.05,0,1
573.79,0.2,53.92,519.87,1,1
721.33,0.4,100.95,620.38,2,1
738.22,0.4,117.84,620.38,2,1
609.67,0.2,67.11,542.56,1,1
590.41,0.2,55.41,535.0,1,1
778.3,0.4,142.78,635.51,2,1
608.5,0.2,103.76,504.74,1,1
772.32,0.4,121.68,650.64,2,1
771.19,0.4,135.68,635.51,2,1
758.84,0.4,138.46,620.38,2,1
834.5,0.6,136.3,698.21,3,1
564.85,0.0,92.54,472.31,0,1
620.83,0.2,70.7,550.13,1,1
672.1,0.2,121.97,550.13,1,1
488.05,0.0,46.0,442.05,0,1
876.95,0.6,163.62,713.33,3,1
778.62,0.4,196.05,582.56,2,1
1030.61,1.0,184.32,846.28,5,1
684.29,0.2,134.16,550.13,1,1
761.47,0.6,108.65,652.82,3,1
808.92,0.4,173.41,635.51,2,1
724.52,0.6,64.14,660.38,3,1
690.57,0.4,115.57,575.0,2,1
768.34,0.4,110.14,658.21,2,1
955.43,0.8,179.41,776.03,4,1
664.8,0.2,99.54,565.26,1,1
670.97,0.4,80.84,590.13,2,1
734.1,0.4,91.03,643.08,2,1
852.17,0.8,98.84,753.33,4,1
506.35,0.0,56.73,449.62,0,1
800.37,0.4,142.16,658.21,2,1
625.19,0.2,82.62,542.56,1,1
515.1,0.0,57.92,457.18,0,1
720.85,0.4,108.03,612.82,2,1
606.25,0.2,93.95,512.31,1,1
782.07,0.6,91.43,690.64,3,1
769.08,0.4,133.57,635.51,2,1
568.68,0.2,48.81,519.87,1,1
644.07,0.2,93.95,550.13,1,1
622.34,0.2,72.22,550.13,1,1
830.37,0.6,132.16,698.21,3,1
636.83,0.2,86.7,550.13,1,1
870.58,0.6,164.81,705.77,3,1
856.54,0.6,112.95,743.59,3,1
937.51,0.6,201.49,736.03,3,1
807.69,0.4,149.49,658.21,2,1
783.14,0.4,170.32,612.82,2,1
703.61,0.2,138.35,565.26,1,1
677.88,0.2,127.76,550.13,1,1
590.06,0.2,62.62,527.44,1,1
697.97,0.2,155.41,542.56,1,1
669.94,0.2,112.24,557.69,1,1
802.04,0.6,88.7,713.33,3,1
821.31,0.4,147.97,673.33,2,1
1007.65,0.8,171.11,836.54,4,1
655.69,0.2,90.43,565.26,1,1
739.3,0.4,111.35,627.95,2,1
870.43,0.8,86.84,783.59,4,1
922.66,0.8,108.81,813.85,4,1
894.21,1.0,70.62,823.59,5,1
658.21,0.4,60.51,597.69,2,1
846.03,0.6,117.57,728.46,3,1
888.52,0.6,167.62,720.9,3,1
909.63,0.8,88.22,821.41,4,1
727.79,0.4,114.97,612.82,2,1
492.67,0.0,50.62,442.05,0,1
616.94,0.2,66.81,550.13,1,1
846.15,0.6,140.38,705.77,3,1
672.56,0.4,82.43,590.13,2,1
1164.76,1.2,202.84,961.92,6,1
577.12,0.0,112.38,464.74,0,1
850.08,0.6,114.05,736.03,3,1
818.33,0.6,97.43,720.9,3,1
1001.85,0.8,203.14,798.72,4,1
1045.09,1.0,198.81,846.28,5,1
1095.03,1.0,233.62,861.41,5,1
1031.54,1.0,155.0,876.54,5,1
558.49,0.2,38.62,519.87,1,1
601.59,0.2,59.03,542.56,1,1
618.77,0.2,53.51,565.26,1,1
921.11,0.6,200.22,720.9,3,1
729.27,0.4,101.32,627.95,2,1
983.22,0.8,214.76,768.46,4,1
1198.02,1.0,260.97,937.05,5,1
676.15,0.2,118.46,557.69,1,1
700.66,0.4,87.84,612.82,2,1
753.08,0.6,70.0,683.08,3,1
642.58,0.2,77.32,565.26,1,1
692.84,0.2,112.46,580.38,1,1
609.05,0.2,74.05,535.0,1,1
579.07,0.0,129.46,449.62,0,1
843.84,0.6,122.95,720.9,3,1
584.35,0.2,56.92,527.44,1,1
616.25,0.4,48.81,567.44,2,1
1004.51,1.0,127.97,876.54,5,1
689.69,0.4,84.43,605.26,2,1
751.57,0.4,131.19,620.38,2,1
566.52,0.2,54.22,512.31,1,1
514.99,0.0,57.81,457.18,0,1
645.78,0.2,95.65,550.13,1,1
684.17,0.0,211.86,472.31,0,1
835.88,0.8,105.24,730.64,4,1
661.36,0.2,141.49,519.87,1,1
762.47,0.4,142.08,620.38,2,1
721.69,0.4,116.43,605.26,2,1
682.23,0.4,84.54,597.69,2,1
1120.39,1.4,141.16,979.23,7,1
916.11,0.6,187.65,728.46,3,1
859.64,0.6,116.05,743.59,3,1
1087.1,1.2,163.0,924.1,6,1
520.07,0.0,55.32,464.74,0,1
671.9,0.4,104.46,567.44,2,1
689.09,0.4,83.84,605.26,2,1
450.06,0.0,30.7,419.36,0,1
816.63,0.6,110.86,705.77,3,1
596.46,0.2,69.03,527.44,1,1
687.77,0.2,130.08,557.69,1,1
536.37,0.0,86.76,449.62,0,1
529.07,0.0,64.32,464.74,0,1
918.1,0.6,227.46,690.64,3,1
635.64,0.2,85.51,550.13,1,1
717.93,0.4,97.54,620.38,2,1
880.19,1.0,71.73,808.46,5,1
912.9,0.8,99.05,813.85,4,1
610.1,0.2,52.41,557.69,1,1
643.73,0.2,101.16,542.56,1,1
928.29,0.6,184.7,743.59,3,1
583.63,0.2,71.32,512.31,1,1
616.43,0.2,81.43,535.0,1,1
825.53,0.6,119.76,705.77,3,1
728.77,0.4,115.95,612.82,2,1
432.5,0.0,20.7,411.79,0,1
467.33,0.0,40.41,426.92,0,1
770.24,0.6,94.73,675.51,3,1
677.34,0.2,119.65,557.69,1,1
1079.16,1.4,122.62,956.54,7,1
635.37,0.0,170.62,464.74,0,1
1045.31,0.8,246.59,798.72,4,1
813.46,0.6,130.38,683.08,3,1
827.34,0.8,89.14,738.21,4,1
690.01,0.4,69.62,620.38,2,1
891.98,0.8,131.08,760.9,4,1
634.88,0.2,84.76,550.13,1,1
949.59,0.8,166.0,783.59,4,1
471.19,0.0,36.7,434.49,0,1
664.92,0.2,122.35,542.56,1,1
881.89,0.6,145.86,736.03,3,1
700.76,0.2,105.24,595.51,1,1
763.62,0.4,135.68,627.95,2,1
557.55,0.0,85.24,472.31,0,1
483.3,0.0,48.81,434.49,0,1
499.38,0.0,57.32,442.05,0,1
539.45,0.0,89.84,449.62,0,1
812.53,0.6,106.76,705.77,3,1
639.78,0.2,89.65,550.13,1,1
852.37,0.8,114.16,738.21,4,1
1129.5,1.2,190.27,939.23,6,1
996.31,0.8,190.03,806.28,4,1
969.06,1.0,160.59,808.46,5,1
970.97,0.8,134.43,836.54,4,1
601.12,0.0,136.38,464.74,0,1
836.93,0.6,131.16,705.77,3,1
471.3,0.0,36.81,434.49,0,1
1020.52,1.0,159.11,861.41,5,1
602.84,0.0,122.97,479.87,0,1
757.01,0.4,76.11,680.9,2,1
863.93,0.6,150.59,713.33,3,1
686.53,0.2,121.27,565.26,1,1
596.82,0.0,116.95,479.87,0,1
565.5,0.0,100.76,464.74,0,1
766.52,0.4,153.7,612.82,2,1
489.56,0.0,47.51,442.05,0,1
474.6,0.0,40.11,434.49,0,1
629.01,0.2,124.27,504.74,1,1
969.84,0.8,193.81,776.03,4,1
661.24,0.2,118.68,542.56,1,1
552.57,0.0,72.7,479.87,0,1
933.78,0.8,150.19,783.59,4,1
559.7,0.2,24.7,535.0,1,1
929.67,0.8,146.08,783.59,4,1
