"Total_Cost","Ratio_Reloc_Prod","Horiz_Cost","Vert_Cost","nReloc","non_Optimal"
223008.36,0.4293,32583.84,190424.48,644,300
813.79,0.6,85.32,728.46,3,1
979.66,0.8,120.43,859.23,4,1
871.95,0.8,111.05,760.9,4,1
840.53,0.4,182.32,658.21,2,1
663.59,0.2,113.46,550.13,1,1
893.97,0.6,150.38,743.59,3,1
810.56,0.4,159.92,650.64,2,1
624.4,0.2,66.7,557.69,1,1
829.22,0.6,100.76,728.46,3,1
751.71,0.4,123.76,627.95,2,1
1118.56,1.2,133.95,984.62,6,1
810.84,0.6,89.95,720.9,3,1
788.3,0.6,112.78,675.51,3,1
978.59,0.8,195.0,783.59,4,1
549.41,0.0,69.54,479.87,0,1
633.05,0.2,98.05,535.0,1,1
572.96,0.2,68.22,504.74,1,1
783.13,0.4,140.05,643.08,2,1
740.63,0.4,120.24,620.38,2,1
666.96,0.2,94.14,572.82,1,1
1063.82,1.0,217.54,846.28,5,1
921.32,0.8,130.16,791.15,4,1
805.61,0.6,99.84,705.77,3,1
893.71,0.8,87.43,806.28,4,1
669.63,0.4,56.81,612.82,2,1
504.1,0.0,46.92,457.18,0,1
895.66,0.8,96.95,798.72,4,1
741.14,0.4,120.76,620.38,2,1
565.43,0.0,123.38,442.05,0,1
764.13,0.4,121.05,643.08,2,1
862.29,0.6,111.14,751.15,3,1
586.17,0.2,58.73,527.44,1,1
660.91,0.4,63.22,597.69,2,1
645.92,0.2,103.35,542.56,1,1
654.24,0.2,111.68,542.56,1,1
1147.79,1.4,161.0,986.79,7,1
538.07,0.0,73.32,464.74,0,1
757.47,0.4,137.08,620.38,2,1
826.63,0.4,153.3,673.33,2,1
499.67,0.0,57.62,442.05,0,1
1081.24,1.0,197.14,884.1,5,1
758.13,0.4,115.05,643.08,2,1
574.83,0.0,117.65,457.18,0,1
499.01,0.0,79.65,419.36,0,1
736.05,0.4,100.54,635.51,2,1
662.37,0.2,112.24,550.13,1,1
818.19,0.4,175.11,643.08,2,1
479.41,0.0,44.92,434.49,0,1
599.53,0.2,49.41,550.13,1,1
508.69,0.0,51.51,457.18,0,1
667.65,0.4,92.65,575.0,2,1
775.82,0.4,110.05,665.77,2,1
924.3,0.6,195.84,728.46,3,1
730.55,0.4,110.16,620.38,2,1
657.23,0.2,99.54,557.69,1,1
540.0,0.0,97.95,442.05,0,1
791.7,0.6,101.05,690.64,3,1
815.84,0.6,94.95,720.9,3,1
591.79,0.2,71.92,519.87,1,1
844.68,0.6,131.35,713.33,3,1
614.95,0.2,79.95,535.0,1,1
506.53,0.0,56.92,449.62,0,1
1026.48,1.0,195.32,831.15,5,1
483.16,0.0,41.11,442.05,0,1
732.68,0.4,104.73,627.95,2,1
785.64,0.6,87.43,698.21,3,1
531.02,0.0,73.84,457.18,0,1
740.57,0.4,105.05,635.51,2,1
626.61,0.2,68.92,557.69,1,1
524.11,0.0,82.05,442.05,0,1
833.01,0.6,119.68,713.33,3,1
843.39,0.6,145.19,698.21,3,1
587.53,0.2,90.35,497.18,1,1
445.79,0.0,34.0,411.79,0,1
798.62,0.6,130.68,667.95,3,1
638.98,0.4,71.54,567.44,2,1
502.78,0.0,60.73,442.05,0,1
887.01,0.8,133.68,753.33,4,1
780.56,0.4,137.49,643.08,2,1
852.1,0.6,153.89,698.21,3,1
702.63,0.2,137.38,565.26,1,1
664.67,0.2,106.97,557.69,1,1
824.79,0.6,111.46,713.33,3,1
929.79,0.6,201.32,728.46,3,1
1105.31,1.2,166.08,939.23,6,1
781.94,0.4,138.86,643.08,2,1
872.74,0.6,159.41,713.33,3,1
1121.55,1.4,134.76,986.79,7,1
669.14,0.2,88.76,580.38,1,1
883.07,0.8,144.86,738.21,4,1
656.13,0.4,66.0,590.13,2,1
515.99,0.0,58.81,457.18,0,1
843.58,0.8,90.24,753.33,4,1
852.45,0.4,194.24,658.21,2,1
528.58,0.0,63.84,464.74,0,1
701.68,0.4,73.73,627.95,2,1
787.5,0.6,81.73,705.77,3,1
742.84,0.2,207.84,535.0,1,1
609.84,0.2,74.84,535.0,1,1
618.7,0.2,76.14,542.56,1,1
737.16,0.4,101.65,635.51,2,1
974.31,0.8,220.97,753.33,4,1
737.16,0.4,101.65,635.51,2,1
629.69,0.4,32.0,597.69,2,1
738.36,0.4,117.97,620.38,2,1
698.32,0.4,62.81,635.51,2,1
575.09,0.0,110.35,464.74,0,1
703.79,0.2,130.97,572.82,1,1
673.99,0.2,108.73,565.26,1,1
811.1,0.4,152.89,658.21,2,1
603.95,0.2,76.51,527.44,1,1
759.08,0.4,123.57,635.51,2,1
858.12,0.6,144.78,713.33,3,1
814.15,0.6,108.38,705.77,3,1
668.04,0.2,110.35,557.69,1,1
784.99,0.4,134.35,650.64,2,1
857.94,0.6,114.35,743.59,3,1
727.0,0.4,99.05,627.95,2,1
706.98,0.4,79.03,627.95,2,1
475.73,0.0,48.81,426.92,0,1
727.76,0.6,59.81,667.95,3,1
784.58,0.6,78.81,705.77,3,1
710.06,0.4,97.24,612.82,2,1
506.1,0.0,48.92,457.18,0,1
514.18,0.0,57.0,457.18,0,1
770.94,0.4,127.86,643.08,2,1
644.95,0.2,125.08,519.87,1,1
726.03,0.4,105.65,620.38,2,1
739.71,0.4,111.76,627.95,2,1
731.31,0.4,126.05,605.26,2,1
846.17,0.6,140.41,705.77,3,1
549.47,0.0,84.73,464.74,0,1
468.92,0.0,42.0,426.92,0,1
675.56,0.2,117.86,557.69,1,1
456.06,0.0,36.7,419.36,0,1
756.13,0.4,113.05,643.08,2,1
636.41,0.2,108.97,527.44,1,1
1022.04,1.0,183.32,838.72,5,1
623.43,0.2,88.43,535.0,1,1
735.79,0.4,107.84,627.95,2,1
835.31,0.6,121.97,713.33,3,1
474.11,0.0,39.62,434.49,0,1
694.99,0.4,104.86,590.13,2,1
784.09,0.4,118.32,665.77,2,1
1164.17,1.4,169.81,994.36,7,1
833.43,0.6,89.84,743.59,3,1
713.03,0.4,92.65,620.38,2,1
868.05,0.6,124.46,743.59,3,1
899.19,0.8,123.16,776.03,4,1
460.33,0.0,33.41,426.92,0,1
806.18,0.4,147.97,658.21,2,1
653.39,0.2,88.14,565.26,1,1
489.56,0.0,47.51,442.05,0,1
709.62,0.4,74.11,635.51,2,1
645.67,0.2,95.54,550.13,1,1
784.77,0.4,126.57,658.21,2,1
670.15,0.2,112.46,557.69,1,1
677.09,0.2,111.84,565.26,1,1
651.18,0.2,101.05,550.13,1,1
515.29,0.0,58.11,457.18,0,1
683.32,0.4,100.76,582.56,2,1
770.4,0.6,87.32,683.08,3,1
772.55,0.6,112.16,660.38,3,1
713.33,0.4,92.95,620.38,2,1
747.29,0.4,149.59,597.69,2,1
846.36,0.6,125.46,720.9,3,1
835.32,0.4,192.24,643.08,2,1
651.5,0.2,93.81,557.69,1,1
745.21,0.4,102.14,643.08,2,1
658.39,0.2,93.14,565.26,1,1
718.34,0.2,168.22,550.13,1,1
644.83,0.2,87.14,557.69,1,1
951.52,0.8,137.68,813.85,4,1
1029.34,0.8,177.68,851.67,4,1
885.71,0.6,164.81,720.9,3,1
585.01,0.2,65.14,519.87,1,1
905.26,0.8,106.54,798.72,4,1
901.73,0.8,80.32,821.41,4,1
627.4,0.2,84.84,542.56,1,1
641.83,0.2,84.14,557.69,1,1
583.25,0.2,55.81,527.44,1,1
861.3,0.6,125.27,736.03,3,1
955.91,0.8,172.32,783.59,4,1
975.83,1.0,91.73,884.1,5,1
671.56,0.2,113.86,557.69,1,1
537.61,0.0,80.43,457.18,0,1
496.19,0.0,61.7,434.49,0,1
1008.51,1.0,131.97,876.54,5,1
586.2,0.2,66.32,519.87,1,1
1013.22,1.0,159.38,853.85,5,1
527.16,0.0,77.54,449.62,0,1
836.52,0.6,108.05,728.46,3,1
626.8,0.2,69.11,557.69,1,1
880.8,0.6,175.03,705.77,3,1
813.46,0.4,170.38,643.08,2,1
991.67,0.8,215.65,776.03,4,1
1083.41,1.2,129.05,954.36,6,1
596.7,0.2,61.7,535.0,1,1
649.59,0.4,67.03,582.56,2,1
697.35,0.4,69.41,627.95,2,1
733.26,0.2,168.0,565.26,1,1
743.9,0.4,131.08,612.82,2,1
941.3,1.0,125.27,816.03,5,1
1172.03,1.0,257.68,914.36,5,1
669.72,0.2,104.46,565.26,1,1
636.51,0.2,93.95,542.56,1,1
680.09,0.4,59.7,620.38,2,1
908.31,0.8,102.03,806.28,4,1
747.38,0.4,111.86,635.51,2,1
695.04,0.4,97.35,597.69,2,1
916.34,0.8,117.62,798.72,4,1
1093.75,1.2,162.08,931.67,6,1
552.9,0.0,73.03,479.87,0,1
603.64,0.2,53.51,550.13,1,1
878.49,0.8,102.46,776.03,4,1
613.0,0.2,70.43,542.56,1,1
748.01,0.4,135.19,612.82,2,1
550.45,0.2,45.7,504.74,1,1
826.87,0.8,58.41,768.46,4,1
654.21,0.2,111.65,542.56,1,1
947.68,0.8,126.27,821.41,4,1
792.55,0.6,79.22,713.33,3,1
842.86,0.6,159.78,683.08,3,1
654.73,0.2,112.16,542.56,1,1
686.02,0.4,88.32,597.69,2,1
903.07,0.8,157.3,745.77,4,1
781.43,0.6,98.35,683.08,3,1
799.33,0.4,178.95,620.38,2,1
850.19,0.6,114.16,736.03,3,1
1142.96,1.2,203.73,939.23,6,1
548.85,0.2,44.11,504.74,1,1
707.5,0.4,102.24,605.26,2,1
728.79,0.4,108.41,620.38,2,1
457.36,0.0,38.0,419.36,0,1
828.3,0.6,99.84,728.46,3,1
736.73,0.6,61.22,675.51,3,1
870.7,0.8,102.24,768.46,4,1
499.08,0.0,57.03,442.05,0,1
498.56,0.0,56.51,442.05,0,1
890.28,0.4,285.03,605.26,2,1
560.41,0.0,80.54,479.87,0,1
561.28,0.0,96.54,464.74,0,1
716.2,0.6,55.81,660.38,3,1
792.73,0.6,109.65,683.08,3,1
580.79,0.2,60.92,519.87,1,1
805.15,0.6,106.95,698.21,3,1
1072.91,1.0,188.81,884.1,5,1
719.49,0.4,91.54,627.95,2,1
683.12,0.2,117.86,565.26,1,1
858.37,0.8,120.16,738.21,4,1
765.77,0.4,160.51,605.26,2,1
448.76,0.0,29.41,419.36,0,1
655.94,0.2,98.24,557.69,1,1
858.16,0.8,82.14,776.03,4,1
747.22,0.4,126.84,620.38,2,1
916.18,0.8,117.46,798.72,4,1
748.47,0.6,95.65,652.82,3,1
1163.23,1.0,316.95,846.28,5,1
775.26,0.6,84.62,690.64,3,1
834.57,0.6,98.54,736.03,3,1
524.75,0.0,75.14,449.62,0,1
725.04,0.2,159.78,565.26,1,1
892.67,0.6,149.08,743.59,3,1
916.94,0.8,133.35,783.59,4,1
561.87,0.2,42.0,519.87,1,1
669.04,0.2,111.35,557.69,1,1
975.73,0.8,146.76,828.97,4,1
690.49,0.2,102.54,587.95,1,1
958.07,0.8,151.78,806.28,4,1
571.0,0.2,36.0,535.0,1,1
525.61,0.0,68.43,457.18,0,1
580.65,0.2,53.22,527.44,1,1
637.86,0.2,87.73,550.13,1,1
921.6,0.8,107.76,813.85,4,1
661.47,0.2,88.65,572.82,1,1
758.91,0.4,161.22,597.69,2,1
1218.61,1.6,138.86,1079.74,8,1
709.6,0.4,81.65,627.95,2,1
873.67,0.6,137.65,736.03,3,1
825.25,0.6,111.92,713.33,3,1
789.94,0.4,139.3,650.64,2,1
538.97,0.0,89.35,449.62,0,1
489.62,0.0,40.0,449.62,0,1
819.66,0.6,121.46,698.21,3,1
930.62,1.0,122.16,808.46,5,1
817.95,0.6,97.05,720.9,3,1
598.81,0.2,63.81,535.0,1,1
733.68,0.2,153.3,580.38,1,1
732.55,0.4,112.16,620.38,2,1
551.07,0.0,101.46,449.62,0,1
939.32,0.8,163.3,776.03,4,1
500.05,0.0,58.0,442.05,0,1
468.06,0.0,48.7,419.36,0,1
1127.71,1.4,133.35,994.36,7,1
1016.36,1.0,170.08,846.28,5,1
926.14,0.6,205.24,720.9,3,1
576.25,0.2,48.81,527.44,1,1
716.59,0.4,73.51,643.08,2,1
526.26,0.0,61.51,464.74,0,1
1078.94,1.2,147.27,931.67,6,1
