"Total_Cost","Ratio_Reloc_Prod","Horiz_Cost","Vert_Cost","nReloc","non_Optimal"
230175.72,0.452,37014.48,193161.33,678,750
221.22,0.0,35.32,185.9,0,1
428.52,1.0,56.73,371.79,2,1
221.03,0.0,20.0,201.03,0,1
206.44,0.0,28.11,178.33,0,1
220.92,0.0,35.03,185.9,0,1
223.03,0.0,22.0,201.03,0,1
301.64,0.5,37.92,263.72,1,1
408.25,0.5,129.41,278.85,1,1
200.3,0.0,14.41,185.9,0,1
476.94,1.0,120.27,356.67,2,1
212.98,0.0,19.51,193.46,0,1
325.94,0.5,77.35,248.59,1,1
478.71,1.5,66.92,411.79,3,1
268.81,0.0,75.35,193.46,0,1
360.47,1.0,41.62,318.85,2,1
218.98,0.0,25.51,193.46,0,1
329.44,0.5,43.03,286.41,1,1
310.09,0.5,38.81,271.28,1,1
498.95,1.5,72.03,426.92,3,1
202.6,0.0,16.7,185.9,0,1
270.17,0.0,84.27,185.9,0,1
330.21,0.5,74.05,256.15,1,1
284.42,0.5,20.7,263.72,1,1
286.12,0.5,22.41,263.72,1,1
232.22,0.0,46.32,185.9,0,1
391.33,0.5,112.49,278.85,1,1
289.0,0.5,40.41,248.59,1,1
344.06,0.5,57.65,286.41,1,1
414.78,1.0,73.24,341.54,2,1
350.99,0.5,87.27,263.72,1,1
448.58,1.0,84.35,364.23,2,1
249.14,0.0,63.24,185.9,0,1
298.78,0.5,42.62,256.15,1,1
221.41,0.0,35.51,185.9,0,1
477.14,1.5,50.22,426.92,3,1
417.85,1.0,53.62,364.23,2,1
237.03,0.0,51.14,185.9,0,1
203.9,0.0,18.0,185.9,0,1
171.21,0.0,8.0,163.21,0,1
171.91,0.0,8.7,163.21,0,1
171.91,0.0,8.7,163.21,0,1
261.9,0.0,83.57,178.33,0,1
330.03,0.5,43.62,286.41,1,1
327.42,0.5,56.14,271.28,1,1
293.46,0.5,52.43,241.03,1,1
491.91,1.0,142.81,349.1,2,1
223.46,0.0,30.0,193.46,0,1
332.71,0.5,61.43,271.28,1,1
201.9,0.0,16.0,185.9,0,1
196.33,0.0,18.0,178.33,0,1
191.04,0.0,12.7,178.33,0,1
313.45,0.5,49.73,263.72,1,1
395.3,1.0,61.32,333.97,2,1
409.66,1.0,45.43,364.23,2,1
438.18,1.0,73.95,364.23,2,1
298.74,0.5,35.03,263.72,1,1
410.9,1.0,92.05,318.85,2,1
398.62,1.0,64.65,333.97,2,1
469.52,1.5,57.73,411.79,3,1
474.52,1.5,62.73,411.79,3,1
422.0,1.0,80.46,341.54,2,1
329.73,0.5,43.32,286.41,1,1
195.69,0.0,24.92,170.77,0,1
195.3,0.0,9.41,185.9,0,1
218.16,0.0,24.7,193.46,0,1
310.41,0.5,24.0,286.41,1,1
291.93,0.5,28.22,263.72,1,1
340.86,0.5,92.27,248.59,1,1
187.04,0.0,8.7,178.33,0,1
296.48,0.5,40.32,256.15,1,1
201.9,0.0,16.0,185.9,0,1
547.73,1.5,105.68,442.05,3,1
316.9,0.5,45.62,271.28,1,1
307.9,0.5,36.62,271.28,1,1
335.84,0.5,49.43,286.41,1,1
395.38,1.0,53.84,341.54,2,1
186.47,0.0,15.7,170.77,0,1
405.51,1.0,71.54,333.97,2,1
351.58,0.5,87.86,263.72,1,1
199.9,0.0,14.0,185.9,0,1
318.56,0.5,54.84,263.72,1,1
490.75,1.5,101.65,389.1,3,1
207.41,0.0,21.51,185.9,0,1
442.85,1.5,38.62,404.23,3,1
421.21,1.0,64.54,356.67,2,1
304.23,0.5,40.51,263.72,1,1
177.31,0.0,14.11,163.21,0,1
447.2,1.5,35.41,411.79,3,1
329.77,0.5,50.92,278.85,1,1
220.22,0.0,34.32,185.9,0,1
326.75,0.5,78.16,248.59,1,1
207.25,0.0,28.92,178.33,0,1
227.8,0.0,57.03,170.77,0,1
184.33,0.0,6.0,178.33,0,1
369.87,0.5,83.46,286.41,1,1
231.03,0.0,45.14,185.9,0,1
220.66,0.0,42.32,178.33,0,1
193.04,0.0,14.7,178.33,0,1
645.03,2.5,70.03,575.0,5,1
323.77,0.5,44.92,278.85,1,1
205.41,0.0,19.51,185.9,0,1
498.5,1.0,126.7,371.79,2,1
316.92,0.5,30.51,286.41,1,1
216.71,0.0,30.81,185.9,0,1
435.47,1.0,71.24,364.23,2,1
388.04,0.5,109.19,278.85,1,1
459.2,1.0,94.97,364.23,2,1
419.64,1.0,55.41,364.23,2,1
258.31,0.0,79.97,178.33,0,1
316.64,0.5,52.92,263.72,1,1
224.22,0.0,38.32,185.9,0,1
335.71,0.5,64.43,271.28,1,1
307.4,0.5,51.24,256.15,1,1
451.94,1.0,95.27,356.67,2,1
308.99,0.5,52.84,256.15,1,1
188.33,0.0,10.0,178.33,0,1
196.33,0.0,18.0,178.33,0,1
230.92,0.0,45.03,185.9,0,1
325.85,0.5,62.14,263.72,1,1
249.84,0.0,63.95,185.9,0,1
310.52,0.5,24.11,286.41,1,1
208.71,0.0,22.81,185.9,0,1
472.44,1.5,45.51,426.92,3,1
355.69,0.5,91.97,263.72,1,1
285.1,0.5,36.51,248.59,1,1
257.95,0.0,72.05,185.9,0,1
521.14,1.5,86.65,434.49,3,1
334.19,0.5,40.22,293.97,1,1
237.84,0.0,36.81,201.03,0,1
198.33,0.0,20.0,178.33,0,1
322.06,0.5,43.22,278.85,1,1
486.44,1.5,74.65,411.79,3,1
194.33,0.0,16.0,178.33,0,1
347.84,0.5,61.43,286.41,1,1
226.27,0.0,32.81,193.46,0,1
358.31,0.5,79.46,278.85,1,1
418.19,1.0,76.65,341.54,2,1
198.33,0.0,20.0,178.33,0,1
493.34,1.5,96.68,396.67,3,1
191.04,0.0,12.7,178.33,0,1
276.29,0.5,27.7,248.59,1,1
335.73,0.5,49.32,286.41,1,1
200.6,0.0,14.7,185.9,0,1
215.41,0.0,29.51,185.9,0,1
442.21,1.0,85.54,356.67,2,1
484.66,1.0,112.86,371.79,2,1
197.9,0.0,12.0,185.9,0,1
198.33,0.0,20.0,178.33,0,1
475.73,1.5,48.81,426.92,3,1
181.21,0.0,18.0,163.21,0,1
241.03,0.0,40.0,201.03,0,1
183.21,0.0,20.0,163.21,0,1
177.31,0.0,14.11,163.21,0,1
384.57,1.0,43.03,341.54,2,1
251.89,0.0,58.43,193.46,0,1
253.5,0.0,75.16,178.33,0,1
300.12,0.5,36.41,263.72,1,1
576.45,2.0,71.7,504.74,4,1
253.89,0.0,60.43,193.46,0,1
368.35,1.0,26.81,341.54,2,1
425.45,1.0,76.35,349.1,2,1
205.9,0.0,20.0,185.9,0,1
626.58,2.0,114.27,512.31,4,1
333.49,0.5,39.51,293.97,1,1
385.54,1.0,44.0,341.54,2,1
219.03,0.0,18.0,201.03,0,1
367.05,1.0,25.51,341.54,2,1
186.33,0.0,8.0,178.33,0,1
211.41,0.0,25.51,185.9,0,1
192.33,0.0,14.0,178.33,0,1
225.98,0.0,32.51,193.46,0,1
470.45,1.5,66.22,404.23,3,1
204.33,0.0,26.0,178.33,0,1
328.11,0.5,41.7,286.41,1,1
358.65,0.5,72.24,286.41,1,1
476.58,1.5,72.35,404.23,3,1
338.84,0.5,52.43,286.41,1,1
360.92,0.5,66.95,293.97,1,1
366.26,1.0,62.54,303.72,2,1
308.72,0.5,60.14,248.59,1,1
204.71,0.0,18.81,185.9,0,1
175.21,0.0,12.0,163.21,0,1
177.31,0.0,14.11,163.21,0,1
438.93,1.5,34.7,404.23,3,1
365.57,0.5,79.16,286.41,1,1
350.49,0.5,71.65,278.85,1,1
315.09,0.5,43.81,271.28,1,1
431.16,1.0,82.05,349.1,2,1
412.1,1.0,55.43,356.67,2,1
214.66,0.0,36.32,178.33,0,1
341.25,0.5,54.84,286.41,1,1
342.63,0.5,71.35,271.28,1,1
353.2,0.5,74.35,278.85,1,1
218.27,0.0,24.81,193.46,0,1
285.51,0.5,36.92,248.59,1,1
439.81,1.0,98.27,341.54,2,1
328.22,0.5,41.81,286.41,1,1
209.9,0.0,24.0,185.9,0,1
366.11,1.0,39.7,326.41,2,1
427.01,1.0,55.22,371.79,2,1
316.68,0.5,22.7,293.97,1,1
315.06,0.5,36.22,278.85,1,1
346.01,0.5,74.73,271.28,1,1
237.14,0.0,51.24,185.9,0,1
498.46,1.5,71.54,426.92,3,1
216.27,0.0,22.81,193.46,0,1
676.21,2.5,93.65,582.56,5,1
249.58,0.0,86.38,163.21,0,1
722.18,2.5,124.49,597.69,5,1
221.03,0.0,20.0,201.03,0,1
248.68,0.0,70.35,178.33,0,1
317.69,0.5,61.54,256.15,1,1
312.85,0.5,34.0,278.85,1,1
251.58,0.0,88.38,163.21,0,1
401.87,1.0,75.46,326.41,2,1
188.33,0.0,10.0,178.33,0,1
221.3,0.0,35.41,185.9,0,1
171.91,0.0,8.7,163.21,0,1
220.01,0.0,34.11,185.9,0,1
349.55,0.5,63.14,286.41,1,1
286.53,0.5,22.81,263.72,1,1
203.41,0.0,17.51,185.9,0,1
191.04,0.0,12.7,178.33,0,1
195.3,0.0,9.41,185.9,0,1
208.6,0.0,22.7,185.9,0,1
186.33,0.0,8.0,178.33,0,1
195.04,0.0,16.7,178.33,0,1
234.74,0.0,48.84,185.9,0,1
350.95,0.5,64.54,286.41,1,1
369.46,0.5,83.05,286.41,1,1
296.18,0.5,40.03,256.15,1,1
194.44,0.0,16.11,178.33,0,1
473.39,1.5,54.03,419.36,3,1
331.39,0.5,52.54,278.85,1,1
363.65,0.5,77.24,286.41,1,1
212.55,0.0,34.22,178.33,0,1
195.33,0.0,17.0,178.33,0,1
177.21,0.0,14.0,163.21,0,1
366.24,1.0,24.7,341.54,2,1
237.74,0.0,51.84,185.9,0,1
398.86,1.0,57.32,341.54,2,1
321.03,0.5,34.62,286.41,1,1
228.16,0.0,34.7,193.46,0,1
212.06,0.0,33.73,178.33,0,1
331.75,0.5,83.16,248.59,1,1
189.74,0.0,11.41,178.33,0,1
205.04,0.0,26.7,178.33,0,1
247.55,0.0,61.65,185.9,0,1
192.33,0.0,14.0,178.33,0,1
323.51,0.5,67.35,256.15,1,1
482.15,1.0,125.49,356.67,2,1
483.82,1.0,104.46,379.36,2,1
345.95,0.5,59.54,286.41,1,1
410.55,0.5,131.7,278.85,1,1
299.72,0.5,36.0,263.72,1,1
205.33,0.0,27.0,178.33,0,1
219.3,0.0,33.41,185.9,0,1
169.21,0.0,6.0,163.21,0,1
383.79,1.0,64.95,318.85,2,1
305.69,0.5,49.54,256.15,1,1
327.87,0.5,49.03,278.85,1,1
223.46,0.0,30.0,193.46,0,1
208.33,0.0,30.0,178.33,0,1
242.6,0.0,49.14,193.46,0,1
314.36,0.5,35.51,278.85,1,1
209.3,0.0,23.41,185.9,0,1
228.56,0.0,65.35,163.21,0,1
174.61,0.0,11.41,163.21,0,1
243.14,0.0,57.24,185.9,0,1
194.33,0.0,16.0,178.33,0,1
321.15,0.5,57.43,263.72,1,1
404.94,1.0,55.84,349.1,2,1
194.33,0.0,16.0,178.33,0,1
474.7,1.0,125.59,349.1,2,1
383.27,1.0,41.73,341.54,2,1
186.33,0.0,8.0,178.33,0,1
302.04,0.5,38.32,263.72,1,1
206.01,0.0,20.11,185.9,0,1
306.64,0.5,42.92,263.72,1,1
327.1,0.5,70.95,256.15,1,1
485.58,1.5,81.35,404.23,3,1
308.85,0.5,30.0,278.85,1,1
213.9,0.0,28.0,185.9,0,1
311.06,0.5,32.22,278.85,1,1
368.06,0.5,81.65,286.41,1,1
227.84,0.0,26.81,201.03,0,1
477.73,1.5,50.81,426.92,3,1
219.57,0.0,26.11,193.46,0,1
338.8,0.5,82.65,256.15,1,1
369.46,0.5,83.05,286.41,1,1
478.77,1.5,74.54,404.23,3,1
285.94,0.5,44.92,241.03,1,1
189.58,0.0,18.81,170.77,0,1
171.21,0.0,8.0,163.21,0,1
272.17,0.0,86.27,185.9,0,1
622.68,2.0,95.24,527.44,4,1
344.25,0.5,57.84,286.41,1,1
394.07,1.0,37.41,356.67,2,1
364.95,0.5,78.54,286.41,1,1
287.83,0.5,24.11,263.72,1,1
219.16,0.0,25.7,193.46,0,1
183.21,0.0,20.0,163.21,0,1
225.52,0.0,39.62,185.9,0,1
430.47,1.0,119.19,311.28,2,1
449.88,1.0,85.65,364.23,2,1
314.06,0.5,35.22,278.85,1,1
313.72,0.5,50.0,263.72,1,1
274.22,0.0,80.76,193.46,0,1
323.56,0.5,59.84,263.72,1,1
215.87,0.0,22.41,193.46,0,1
183.21,0.0,20.0,163.21,0,1
443.64,1.5,39.41,404.23,3,1
315.06,0.5,36.22,278.85,1,1
434.4,1.0,92.86,341.54,2,1
229.03,0.0,28.0,201.03,0,1
543.03,2.0,68.54,474.49,4,1
219.46,0.0,26.0,193.46,0,1
326.42,0.5,55.14,271.28,1,1
192.04,0.0,13.7,178.33,0,1
316.19,0.5,75.16,241.03,1,1
318.56,0.5,54.84,263.72,1,1
206.01,0.0,20.11,185.9,0,1
381.15,0.5,109.86,271.28,1,1
206.6,0.0,20.7,185.9,0,1
241.19,0.0,47.73,193.46,0,1
323.28,0.5,44.43,278.85,1,1
384.63,1.0,73.35,311.28,2,1
473.52,1.5,61.73,411.79,3,1
203.9,0.0,18.0,185.9,0,1
401.94,1.0,52.84,349.1,2,1
402.08,1.0,60.54,341.54,2,1
201.9,0.0,16.0,185.9,0,1
461.04,1.5,56.81,404.23,3,1
490.28,1.5,86.05,404.23,3,1
313.99,0.5,57.84,256.15,1,1
251.41,0.0,57.95,193.46,0,1
219.52,0.0,33.62,185.9,0,1
360.8,0.5,97.08,263.72,1,1
210.27,0.0,16.81,193.46,0,1
434.61,1.0,77.95,356.67,2,1
348.25,0.5,61.84,286.41,1,1
399.29,1.0,42.62,356.67,2,1
265.0,0.5,16.41,248.59,1,1
221.46,0.0,28.0,193.46,0,1
184.17,0.0,13.41,170.77,0,1
211.01,0.0,25.11,185.9,0,1
711.1,3.0,73.41,637.69,6,1
217.46,0.0,24.0,193.46,0,1
213.25,0.0,34.92,178.33,0,1
177.21,0.0,14.0,163.21,0,1
327.92,0.5,41.51,286.41,1,1
208.55,0.0,30.22,178.33,0,1
301.42,0.5,37.7,263.72,1,1
182.72,0.0,19.51,163.21,0,1
423.94,1.0,74.84,349.1,2,1
518.9,1.0,147.11,371.79,2,1
367.57,0.5,81.16,286.41,1,1
211.57,0.0,18.11,193.46,0,1
289.48,0.5,33.32,256.15,1,1
423.96,1.0,59.73,364.23,2,1
198.33,0.0,20.0,178.33,0,1
198.33,0.0,20.0,178.33,0,1
324.92,0.5,38.51,286.41,1,1
375.62,0.5,81.65,293.97,1,1
188.12,0.0,24.92,163.21,0,1
343.84,0.5,57.43,286.41,1,1
381.32,1.0,32.22,349.1,2,1
229.46,0.0,36.0,193.46,0,1
214.46,0.0,21.0,193.46,0,1
269.59,0.5,21.0,248.59,1,1
195.04,0.0,16.7,178.33,0,1
512.03,1.5,77.54,434.49,3,1
215.46,0.0,22.0,193.46,0,1
245.68,0.0,67.35,178.33,0,1
191.04,0.0,12.7,178.33,0,1
177.21,0.0,14.0,163.21,0,1
463.2,1.0,98.97,364.23,2,1
242.12,0.0,71.35,170.77,0,1
179.21,0.0,16.0,163.21,0,1
233.03,0.0,47.14,185.9,0,1
363.18,0.5,114.59,248.59,1,1
410.89,1.0,69.35,341.54,2,1
360.39,0.5,96.68,263.72,1,1
393.86,1.0,52.32,341.54,2,1
205.46,0.0,12.0,193.46,0,1
235.33,0.0,49.43,185.9,0,1
569.39,1.5,150.03,419.36,3,1
195.9,0.0,10.0,185.9,0,1
424.16,1.0,75.05,349.1,2,1
232.38,0.0,38.92,193.46,0,1
197.85,0.0,19.51,178.33,0,1
328.66,0.5,64.95,263.72,1,1
288.81,0.5,40.22,248.59,1,1
471.42,1.5,59.62,411.79,3,1
344.2,1.0,32.92,311.28,2,1
252.92,0.0,67.03,185.9,0,1
336.47,0.5,57.62,278.85,1,1
224.77,0.0,46.43,178.33,0,1
196.39,0.0,25.62,170.77,0,1
477.34,1.5,65.54,411.79,3,1
274.31,0.0,95.97,178.33,0,1
505.2,1.5,85.84,419.36,3,1
194.33,0.0,16.0,178.33,0,1
340.14,0.5,53.73,286.41,1,1
303.25,0.5,24.41,278.85,1,1
415.74,1.0,51.51,364.23,2,1
226.11,0.0,40.22,185.9,0,1
341.37,0.5,77.65,263.72,1,1
232.03,0.0,31.0,201.03,0,1
348.84,0.5,62.43,286.41,1,1
212.71,0.0,26.81,185.9,0,1
212.61,0.0,41.84,170.77,0,1
444.58,1.0,80.35,364.23,2,1
194.33,0.0,16.0,178.33,0,1
408.78,1.0,67.24,341.54,2,1
327.28,0.5,48.43,278.85,1,1
383.16,1.0,41.62,341.54,2,1
303.18,0.5,47.03,256.15,1,1
197.44,0.0,19.11,178.33,0,1
343.98,0.5,65.14,278.85,1,1
337.18,0.5,73.46,263.72,1,1
413.57,1.0,87.16,326.41,2,1
361.36,0.5,74.95,286.41,1,1
394.09,0.5,107.68,286.41,1,1
230.03,0.0,29.0,201.03,0,1
315.77,0.5,36.92,278.85,1,1
224.01,0.0,53.24,170.77,0,1
330.22,0.5,43.81,286.41,1,1
295.18,0.5,39.03,256.15,1,1
192.04,0.0,13.7,178.33,0,1
177.31,0.0,14.11,163.21,0,1
340.14,0.5,53.73,286.41,1,1
213.41,0.0,27.51,185.9,0,1
445.88,1.0,81.65,364.23,2,1
219.9,0.0,34.0,185.9,0,1
177.21,0.0,14.0,163.21,0,1
486.62,1.0,137.51,349.1,2,1
199.9,0.0,14.0,185.9,0,1
750.61,3.0,105.35,645.26,6,1
413.1,1.0,56.43,356.67,2,1
212.87,0.0,19.41,193.46,0,1
252.39,0.0,74.05,178.33,0,1
557.43,1.5,115.38,442.05,3,1
357.38,0.5,63.41,293.97,1,1
344.6,0.5,50.62,293.97,1,1
362.31,0.5,83.46,278.85,1,1
338.44,0.5,52.03,286.41,1,1
333.12,0.5,61.84,271.28,1,1
194.33,0.0,16.0,178.33,0,1
177.21,0.0,14.0,163.21,0,1
206.33,0.0,28.0,178.33,0,1
189.58,0.0,18.81,170.77,0,1
295.09,0.0,109.19,185.9,0,1
321.26,0.5,57.54,263.72,1,1
173.21,0.0,10.0,163.21,0,1
358.49,0.5,79.65,278.85,1,1
298.64,0.5,34.92,263.72,1,1
302.95,0.5,24.11,278.85,1,1
233.79,0.0,40.32,193.46,0,1
213.9,0.0,28.0,185.9,0,1
400.62,1.0,66.65,333.97,2,1
267.36,0.0,81.46,185.9,0,1
276.43,0.0,82.97,193.46,0,1
282.42,0.5,18.7,263.72,1,1
203.9,0.0,18.0,185.9,0,1
229.03,0.0,43.14,185.9,0,1
309.66,0.5,30.81,278.85,1,1
199.14,0.0,20.81,178.33,0,1
215.9,0.0,30.0,185.9,0,1
266.86,0.0,65.84,201.03,0,1
290.78,0.5,34.62,256.15,1,1
425.74,1.0,106.89,318.85,2,1
254.76,0.0,68.86,185.9,0,1
169.21,0.0,6.0,163.21,0,1
201.58,0.0,30.81,170.77,0,1
330.7,0.5,89.68,241.03,1,1
383.82,0.5,104.97,278.85,1,1
339.06,0.5,60.22,278.85,1,1
235.46,0.0,42.0,193.46,0,1
511.15,1.5,114.49,396.67,3,1
518.19,1.5,76.14,442.05,3,1
365.1,0.5,101.38,263.72,1,1
345.14,0.5,58.73,286.41,1,1
237.35,0.0,36.32,201.03,0,1
192.44,0.0,14.11,178.33,0,1
234.33,0.0,48.43,185.9,0,1
280.37,0.5,24.22,256.15,1,1
347.58,0.5,83.86,263.72,1,1
202.33,0.0,24.0,178.33,0,1
179.21,0.0,16.0,163.21,0,1
250.65,0.0,49.62,201.03,0,1
342.69,1.0,31.41,311.28,2,1
171.21,0.0,8.0,163.21,0,1
235.63,0.0,49.73,185.9,0,1
370.42,1.0,59.14,311.28,2,1
277.56,0.5,21.41,256.15,1,1
187.21,0.0,24.0,163.21,0,1
531.68,1.5,104.76,426.92,3,1
419.53,1.0,70.43,349.1,2,1
326.32,0.5,70.16,256.15,1,1
514.24,1.5,79.76,434.49,3,1
203.3,0.0,17.41,185.9,0,1
244.44,0.0,58.54,185.9,0,1
229.47,0.0,51.14,178.33,0,1
180.21,0.0,17.0,163.21,0,1
291.72,0.5,28.0,263.72,1,1
218.14,0.0,39.81,178.33,0,1
316.8,0.5,60.65,256.15,1,1
328.41,0.5,42.0,286.41,1,1
527.65,1.5,93.16,434.49,3,1
237.94,0.0,36.92,201.03,0,1
396.97,1.0,55.43,341.54,2,1
195.9,0.0,10.0,185.9,0,1
435.43,1.0,101.46,333.97,2,1
205.46,0.0,12.0,193.46,0,1
179.21,0.0,16.0,163.21,0,1
330.63,0.5,44.22,286.41,1,1
342.55,0.5,56.14,286.41,1,1
196.14,0.0,17.81,178.33,0,1
199.14,0.0,20.81,178.33,0,1
586.23,2.0,89.05,497.18,4,1
467.05,1.0,110.38,356.67,2,1
217.46,0.0,24.0,193.46,0,1
205.9,0.0,20.0,185.9,0,1
512.44,1.5,100.65,411.79,3,1
378.38,0.5,91.97,286.41,1,1
495.23,1.5,83.43,411.79,3,1
211.57,0.0,18.11,193.46,0,1
623.65,2.5,56.22,567.44,5,1
207.46,0.0,14.0,193.46,0,1
343.39,0.5,64.54,278.85,1,1
402.88,1.0,46.22,356.67,2,1
247.55,0.0,61.65,185.9,0,1
220.46,0.0,27.0,193.46,0,1
211.9,0.0,26.0,185.9,0,1
389.97,1.0,48.43,341.54,2,1
205.9,0.0,20.0,185.9,0,1
273.47,0.0,87.57,185.9,0,1
198.33,0.0,20.0,178.33,0,1
180.02,0.0,16.81,163.21,0,1
405.04,1.0,40.81,364.23,2,1
196.14,0.0,17.81,178.33,0,1
241.74,0.0,55.84,185.9,0,1
426.21,1.0,69.54,356.67,2,1
342.15,0.5,78.43,263.72,1,1
253.09,0.0,74.76,178.33,0,1
369.05,1.0,27.51,341.54,2,1
430.37,1.0,66.14,364.23,2,1
311.5,0.5,40.22,271.28,1,1
199.46,0.0,6.0,193.46,0,1
398.43,1.0,49.32,349.1,2,1
313.41,0.5,27.0,286.41,1,1
324.51,0.5,68.35,256.15,1,1
278.56,0.5,22.41,256.15,1,1
395.48,1.0,38.81,356.67,2,1
442.68,1.0,116.27,326.41,2,1
423.85,1.0,59.62,364.23,2,1
207.46,0.0,14.0,193.46,0,1
206.44,0.0,28.11,178.33,0,1
213.9,0.0,28.0,185.9,0,1
426.84,1.0,92.86,333.97,2,1
325.26,0.5,61.54,263.72,1,1
236.49,0.0,43.03,193.46,0,1
349.18,0.5,85.46,263.72,1,1
569.35,2.0,79.73,489.62,4,1
440.32,1.0,83.65,356.67,2,1
491.01,1.0,126.78,364.23,2,1
405.69,1.0,49.03,356.67,2,1
199.14,0.0,20.81,178.33,0,1
290.67,0.5,34.51,256.15,1,1
310.77,0.5,31.92,278.85,1,1
186.33,0.0,8.0,178.33,0,1
399.98,0.5,128.7,271.28,1,1
323.97,0.5,30.0,293.97,1,1
197.85,0.0,19.51,178.33,0,1
321.92,0.0,120.89,201.03,0,1
436.23,1.0,64.43,371.79,2,1
207.3,0.0,21.41,185.9,0,1
554.92,1.5,128.0,426.92,3,1
554.52,1.5,127.59,426.92,3,1
340.53,0.5,69.24,271.28,1,1
247.19,0.0,53.73,193.46,0,1
597.27,1.5,155.22,442.05,3,1
394.08,1.0,52.54,341.54,2,1
374.31,0.5,95.46,278.85,1,1
459.25,1.0,87.46,371.79,2,1
356.6,0.5,62.62,293.97,1,1
204.87,0.0,11.41,193.46,0,1
471.12,1.5,59.32,411.79,3,1
210.01,0.0,24.11,185.9,0,1
223.17,0.0,44.84,178.33,0,1
206.3,0.0,20.41,185.9,0,1
413.0,0.5,126.59,286.41,1,1
323.05,0.5,74.46,248.59,1,1
438.46,1.0,104.49,333.97,2,1
366.36,0.5,95.08,271.28,1,1
209.25,0.0,30.92,178.33,0,1
329.37,0.5,65.65,263.72,1,1
399.88,1.0,43.22,356.67,2,1
291.04,0.0,112.7,178.33,0,1
211.9,0.0,26.0,185.9,0,1
364.35,1.0,22.81,341.54,2,1
437.72,1.0,81.05,356.67,2,1
398.93,1.0,34.7,364.23,2,1
459.21,1.5,62.54,396.67,3,1
198.85,0.0,20.51,178.33,0,1
239.41,0.0,53.51,185.9,0,1
242.05,0.0,41.03,201.03,0,1
326.37,0.5,62.65,263.72,1,1
517.63,2.0,65.84,451.79,4,1
225.03,0.0,24.0,201.03,0,1
209.9,0.0,24.0,185.9,0,1
281.94,0.5,40.92,241.03,1,1
403.18,1.0,46.51,356.67,2,1
180.02,0.0,16.81,163.21,0,1
171.91,0.0,8.7,163.21,0,1
358.65,0.5,72.24,286.41,1,1
197.85,0.0,19.51,178.33,0,1
309.28,0.5,38.0,271.28,1,1
206.9,0.0,21.0,185.9,0,1
208.33,0.0,30.0,178.33,0,1
190.88,0.0,20.11,170.77,0,1
177.91,0.0,14.7,163.21,0,1
360.17,0.5,73.76,286.41,1,1
201.9,0.0,16.0,185.9,0,1
231.24,0.0,30.22,201.03,0,1
393.06,1.0,66.65,326.41,2,1
230.38,0.0,36.92,193.46,0,1
318.11,0.5,31.7,286.41,1,1
214.46,0.0,21.0,193.46,0,1
212.16,0.0,18.7,193.46,0,1
628.65,2.0,146.59,482.05,4,1
323.36,0.5,44.51,278.85,1,1
325.31,0.5,54.03,271.28,1,1
214.57,0.0,21.11,193.46,0,1
471.79,1.5,60.0,411.79,3,1
235.03,0.0,34.0,201.03,0,1
206.33,0.0,28.0,178.33,0,1
338.07,0.5,74.35,263.72,1,1
374.46,1.0,32.92,341.54,2,1
281.05,0.5,40.03,241.03,1,1
312.85,0.5,34.0,278.85,1,1
206.33,0.0,28.0,178.33,0,1
185.21,0.0,22.0,163.21,0,1
537.0,2.0,62.51,474.49,4,1
246.14,0.0,60.24,185.9,0,1
333.47,0.5,69.76,263.72,1,1
255.36,0.0,69.46,185.9,0,1
463.55,1.0,91.76,371.79,2,1
393.88,0.5,122.59,271.28,1,1
344.8,1.0,33.51,311.28,2,1
325.51,0.5,69.35,256.15,1,1
333.87,0.5,55.03,278.85,1,1
346.87,0.5,68.03,278.85,1,1
199.9,0.0,14.0,185.9,0,1
350.58,0.5,86.86,263.72,1,1
217.16,0.0,23.7,193.46,0,1
259.31,0.0,80.97,178.33,0,1
201.9,0.0,16.0,185.9,0,1
204.14,0.0,25.81,178.33,0,1
218.36,0.0,40.03,178.33,0,1
209.25,0.0,30.92,178.33,0,1
169.21,0.0,6.0,163.21,0,1
177.91,0.0,14.7,163.21,0,1
264.16,0.0,63.14,201.03,0,1
400.25,1.0,73.84,326.41,2,1
372.35,1.0,30.81,341.54,2,1
217.71,0.0,31.81,185.9,0,1
251.3,0.0,57.84,193.46,0,1
315.1,0.5,58.95,256.15,1,1
311.85,0.5,48.14,263.72,1,1
395.44,0.5,116.59,278.85,1,1
204.16,0.0,10.7,193.46,0,1
243.58,0.0,65.24,178.33,0,1
342.88,0.5,79.16,263.72,1,1
229.79,0.0,36.32,193.46,0,1
186.33,0.0,8.0,178.33,0,1
367.71,1.0,56.43,311.28,2,1
341.55,0.5,55.14,286.41,1,1
377.03,1.0,50.62,326.41,2,1
439.07,1.0,74.84,364.23,2,1
254.46,0.5,21.0,233.46,1,1
396.67,1.0,55.14,341.54,2,1
228.17,0.0,49.84,178.33,0,1
517.03,1.5,97.68,419.36,3,1
315.41,0.5,29.0,286.41,1,1
541.21,1.5,99.16,442.05,3,1
210.01,0.0,24.11,185.9,0,1
252.6,0.0,74.27,178.33,0,1
243.84,0.0,57.95,185.9,0,1
196.33,0.0,18.0,178.33,0,1
196.33,0.0,18.0,178.33,0,1
182.77,0.0,12.0,170.77,0,1
320.11,0.5,33.7,286.41,1,1
245.74,0.0,59.84,185.9,0,1
199.44,0.0,21.11,178.33,0,1
290.78,0.5,34.62,256.15,1,1
220.41,0.0,34.51,185.9,0,1
196.33,0.0,18.0,178.33,0,1
180.77,0.0,10.0,170.77,0,1
313.22,0.5,26.81,286.41,1,1
213.9,0.0,28.0,185.9,0,1
379.07,1.0,22.41,356.67,2,1
382.32,1.0,86.16,296.15,2,1
306.95,0.0,128.62,178.33,0,1
191.74,0.0,13.41,178.33,0,1
326.22,0.5,39.81,286.41,1,1
188.21,0.0,25.0,163.21,0,1
179.21,0.0,16.0,163.21,0,1
435.56,1.0,86.46,349.1,2,1
200.6,0.0,14.7,185.9,0,1
317.22,0.5,30.81,286.41,1,1
307.41,0.5,21.0,286.41,1,1
331.32,0.5,75.16,256.15,1,1
179.21,0.0,16.0,163.21,0,1
242.98,0.0,64.65,178.33,0,1
379.01,0.5,100.16,278.85,1,1
228.43,0.0,27.41,201.03,0,1
297.04,0.0,118.7,178.33,0,1
317.45,0.5,53.73,263.72,1,1
206.01,0.0,20.11,185.9,0,1
368.35,1.0,26.81,341.54,2,1
194.33,0.0,16.0,178.33,0,1
451.85,1.5,47.62,404.23,3,1
225.33,0.0,39.43,185.9,0,1
242.44,0.0,56.54,185.9,0,1
209.9,0.0,24.0,185.9,0,1
438.02,1.0,81.35,356.67,2,1
215.41,0.0,29.51,185.9,0,1
281.94,0.5,40.92,241.03,1,1
486.7,1.0,152.73,333.97,2,1
215.9,0.0,30.0,185.9,0,1
201.9,0.0,16.0,185.9,0,1
364.17,0.5,77.76,286.41,1,1
218.46,0.0,25.0,193.46,0,1
227.47,0.0,49.14,178.33,0,1
287.21,0.5,38.62,248.59,1,1
191.74,0.0,13.41,178.33,0,1
399.81,1.0,65.84,333.97,2,1
212.11,0.0,26.22,185.9,0,1
192.33,0.0,14.0,178.33,0,1
350.89,0.5,56.92,293.97,1,1
220.66,0.0,42.32,178.33,0,1
545.21,1.5,103.16,442.05,3,1
348.36,0.5,61.95,286.41,1,1
260.16,0.0,59.14,201.03,0,1
216.27,0.0,22.81,193.46,0,1
320.41,0.5,34.0,286.41,1,1
334.56,0.5,70.84,263.72,1,1
391.38,1.0,49.84,341.54,2,1
