"Total_Cost","Ratio_Reloc_Prod","Horiz_Cost","Vert_Cost","nReloc","non_Optimal"
229673.43,0.4907,34547.7,195125.63,736,375
508.85,0.25,44.11,464.74,1,1
602.08,0.5,59.51,542.56,2,1
439.79,0.0,60.43,379.36,0,1
422.36,0.0,43.0,379.36,0,1
548.86,0.25,99.24,449.62,1,1
429.05,0.0,79.95,349.1,0,1
612.08,0.5,69.51,542.56,2,1
449.5,0.25,37.7,411.79,1,1
599.71,0.5,79.84,519.87,2,1
421.14,0.0,34.22,386.92,0,1
786.67,1.0,111.16,675.51,4,1
786.23,0.75,173.41,612.82,3,1
349.11,0.0,22.7,326.41,0,1
678.25,0.75,65.43,612.82,3,1
719.44,0.75,99.05,620.38,3,1
369.81,0.0,20.7,349.1,0,1
979.36,1.5,133.08,846.28,6,1
847.84,1.25,71.81,776.03,5,1
760.21,1.0,77.14,683.08,4,1
544.17,0.25,56.73,487.44,1,1
406.9,0.0,35.11,371.79,0,1
527.07,0.25,77.46,449.62,1,1
680.2,0.75,74.95,605.26,3,1
529.62,0.5,40.0,489.62,2,1
401.59,0.0,44.92,356.67,0,1
401.04,0.0,36.81,364.23,0,1
544.23,0.25,71.92,472.31,1,1
877.67,1.25,154.59,723.08,5,1
536.42,0.25,79.24,457.18,1,1
1009.03,1.25,240.57,768.46,5,1
528.92,0.5,54.43,474.49,2,1
843.44,0.75,223.05,620.38,3,1
758.66,0.75,153.41,605.26,3,1
633.32,0.5,90.76,542.56,2,1
752.84,1.0,92.46,660.38,4,1
442.47,0.0,78.24,364.23,0,1
536.23,0.25,63.92,472.31,1,1
452.54,0.0,65.62,386.92,0,1
394.88,0.0,38.22,356.67,0,1
633.66,0.25,168.92,464.74,1,1
441.36,0.25,22.0,419.36,1,1
645.07,0.5,79.81,565.26,2,1
765.05,0.75,121.97,643.08,3,1
538.18,0.5,41.0,497.18,2,1
638.46,0.75,71.03,567.44,3,1
528.45,0.25,63.7,464.74,1,1
442.39,0.0,63.03,379.36,0,1
620.1,0.5,77.54,542.56,2,1
575.93,0.5,63.62,512.31,2,1
431.68,0.0,52.32,379.36,0,1
420.5,0.0,48.7,371.79,0,1
984.36,1.5,122.95,861.41,6,1
710.66,0.75,97.84,612.82,3,1
405.04,0.0,40.81,364.23,0,1
642.45,0.75,52.32,590.13,3,1
601.43,0.5,66.43,535.0,2,1
379.1,0.0,30.0,349.1,0,1
597.5,0.5,92.76,504.74,2,1
695.44,0.75,82.62,612.82,3,1
653.64,0.5,95.95,557.69,2,1
400.77,0.0,44.11,356.67,0,1
790.94,1.0,107.86,683.08,4,1
614.69,0.5,57.0,557.69,2,1
568.77,0.25,96.46,472.31,1,1
407.48,0.0,50.81,356.67,0,1
626.0,0.5,83.43,542.56,2,1
579.0,0.5,44.0,535.0,2,1
741.97,0.75,91.32,650.64,3,1
488.7,0.25,54.22,434.49,1,1
765.89,0.75,130.38,635.51,3,1
502.33,0.25,67.84,434.49,1,1
608.68,0.5,81.24,527.44,2,1
600.79,0.5,73.35,527.44,2,1
491.44,0.25,79.65,411.79,1,1
365.49,0.0,31.51,333.97,0,1
771.75,0.75,181.62,590.13,3,1
866.68,1.25,113.35,753.33,5,1
592.45,0.5,102.84,489.62,2,1
816.37,1.0,118.16,698.21,4,1
706.88,0.75,116.76,590.13,3,1
681.48,0.75,91.35,590.13,3,1
700.7,0.75,110.57,590.13,3,1
509.5,0.25,52.32,457.18,1,1
765.02,1.0,81.95,683.08,4,1
578.78,0.25,144.3,434.49,1,1
383.48,0.0,26.81,356.67,0,1
698.67,0.5,156.11,542.56,2,1
551.29,0.5,54.11,497.18,2,1
509.13,0.25,59.51,449.62,1,1
501.62,0.25,52.0,449.62,1,1
513.41,0.5,38.92,474.49,2,1
504.45,0.25,39.7,464.74,1,1
524.24,0.25,89.76,434.49,1,1
398.93,0.0,34.7,364.23,0,1
795.99,1.0,105.35,690.64,4,1
763.97,0.75,173.84,590.13,3,1
667.37,0.75,77.24,590.13,3,1
800.64,1.0,102.43,698.21,4,1
828.61,1.0,137.97,690.64,4,1
716.0,0.75,141.0,575.0,3,1
751.97,0.5,216.97,535.0,2,1
784.32,1.0,101.24,683.08,4,1
777.46,0.75,134.38,643.08,3,1
629.67,0.5,79.54,550.13,2,1
650.73,0.5,108.16,542.56,2,1
556.74,0.25,84.43,472.31,1,1
438.07,0.0,73.84,364.23,0,1
433.88,0.0,69.65,364.23,0,1
730.6,0.75,102.65,627.95,3,1
722.77,0.75,109.95,612.82,3,1
371.65,0.0,30.11,341.54,0,1
633.3,0.5,105.86,527.44,2,1
890.85,1.0,177.51,713.33,4,1
781.1,0.75,130.46,650.64,3,1
697.79,0.5,124.97,572.82,2,1
425.45,0.0,61.22,364.23,0,1
610.88,0.5,98.57,512.31,2,1
641.16,0.5,91.03,550.13,2,1
605.32,0.5,70.32,535.0,2,1
697.13,0.75,114.57,582.56,3,1
561.5,0.5,64.32,497.18,2,1
538.35,0.25,88.73,449.62,1,1
982.5,1.5,196.73,785.77,6,1
826.75,1.0,143.68,683.08,4,1
630.6,0.5,103.16,527.44,2,1
612.78,0.5,70.22,542.56,2,1
628.16,0.5,78.03,550.13,2,1
925.21,1.25,134.05,791.15,5,1
413.04,0.0,48.81,364.23,0,1
705.67,0.5,163.11,542.56,2,1
480.92,0.25,54.0,426.92,1,1
585.68,0.5,65.81,519.87,2,1
655.53,0.75,65.41,590.13,3,1
465.47,0.25,46.11,419.36,1,1
654.06,0.75,101.76,552.31,3,1
766.84,0.75,191.84,575.0,3,1
550.75,0.25,93.57,457.18,1,1
596.57,0.5,69.14,527.44,2,1
530.26,0.25,80.65,449.62,1,1
615.89,0.5,73.32,542.56,2,1
374.24,0.0,32.7,341.54,0,1
400.57,0.0,59.03,341.54,0,1
605.55,0.5,93.24,512.31,2,1
632.73,0.75,57.73,575.0,3,1
638.4,0.5,95.84,542.56,2,1
391.65,0.0,50.11,341.54,0,1
394.57,0.0,53.03,341.54,0,1
793.42,1.0,95.22,698.21,4,1
599.8,0.5,95.05,504.74,2,1
444.58,0.0,80.35,364.23,0,1
531.19,0.25,104.27,426.92,1,1
426.89,0.0,85.35,341.54,0,1
700.85,0.75,103.16,597.69,3,1
644.19,0.75,61.62,582.56,3,1
365.38,0.0,31.41,333.97,0,1
615.24,0.25,165.62,449.62,1,1
461.85,0.0,90.05,371.79,0,1
915.08,1.25,139.05,776.03,5,1
513.14,0.25,78.65,434.49,1,1
880.31,1.25,126.97,753.33,5,1
680.46,0.75,105.46,575.0,3,1
707.99,0.5,150.3,557.69,2,1
712.77,0.75,115.08,597.69,3,1
732.89,0.75,150.32,582.56,3,1
628.17,0.5,100.73,527.44,2,1
434.17,0.0,54.81,379.36,0,1
408.18,0.0,51.51,356.67,0,1
506.11,0.25,71.62,434.49,1,1
537.58,0.25,72.84,464.74,1,1
872.04,1.25,126.27,745.77,5,1
764.12,0.75,151.3,612.82,3,1
697.15,0.75,99.46,597.69,3,1
545.05,0.25,110.57,434.49,1,1
656.65,0.75,81.65,575.0,3,1
1009.2,1.25,202.92,806.28,5,1
539.79,0.25,128.0,411.79,1,1
385.65,0.0,44.11,341.54,0,1
389.65,0.0,48.11,341.54,0,1
664.73,0.5,122.16,542.56,2,1
687.36,0.75,82.11,605.26,3,1
737.84,0.75,117.46,620.38,3,1
668.72,0.75,71.03,597.69,3,1
559.59,0.25,109.97,449.62,1,1
611.89,0.5,69.32,542.56,2,1
642.72,0.5,137.97,504.74,2,1
676.99,0.5,126.86,550.13,2,1
476.44,0.25,49.51,426.92,1,1
612.52,0.5,92.65,519.87,2,1
707.51,0.75,117.38,590.13,3,1
706.54,0.75,123.97,582.56,3,1
863.58,1.25,110.24,753.33,5,1
833.0,1.0,157.49,675.51,4,1
694.6,0.75,74.22,620.38,3,1
427.42,0.0,55.62,371.79,0,1
536.04,0.25,63.73,472.31,1,1
404.62,0.0,70.65,333.97,0,1
784.84,1.0,124.46,660.38,4,1
610.27,0.5,67.7,542.56,2,1
822.78,1.25,92.14,730.64,5,1
711.93,0.75,91.54,620.38,3,1
664.22,0.5,136.78,527.44,2,1
624.98,0.5,97.54,527.44,2,1
764.19,0.75,128.68,635.51,3,1
537.37,0.25,72.62,464.74,1,1
620.64,0.25,171.03,449.62,1,1
936.57,1.25,168.11,768.46,5,1
597.34,0.5,100.16,497.18,2,1
504.86,0.25,62.81,442.05,1,1
609.04,0.5,111.86,497.18,2,1
912.05,1.0,228.97,683.08,4,1
840.63,1.0,134.86,705.77,4,1
727.47,0.75,114.65,612.82,3,1
477.27,0.25,35.22,442.05,1,1
546.41,0.25,119.49,426.92,1,1
927.88,1.25,129.16,798.72,5,1
594.2,0.5,74.32,519.87,2,1
735.74,0.75,115.35,620.38,3,1
796.18,1.0,105.54,690.64,4,1
1054.96,1.5,216.24,838.72,6,1
391.04,0.0,26.81,364.23,0,1
643.91,0.5,78.65,565.26,2,1
384.62,0.0,35.51,349.1,0,1
429.05,0.0,79.95,349.1,0,1
510.99,0.25,53.81,457.18,1,1
796.27,0.75,221.27,575.0,3,1
712.89,0.75,69.81,643.08,3,1
709.17,0.5,181.73,527.44,2,1
580.74,0.5,68.43,512.31,2,1
495.06,0.25,68.14,426.92,1,1
699.88,0.75,109.76,590.13,3,1
652.01,0.5,139.7,512.31,2,1
684.5,0.75,86.81,597.69,3,1
420.8,0.0,64.14,356.67,0,1
392.72,0.0,43.62,349.1,0,1
835.15,1.25,96.95,738.21,5,1
403.77,0.0,47.11,356.67,0,1
446.77,0.0,82.54,364.23,0,1
557.64,0.25,100.46,457.18,1,1
558.37,0.25,108.76,449.62,1,1
794.16,0.75,151.08,643.08,3,1
860.31,1.0,146.97,713.33,4,1
514.55,0.25,49.81,464.74,1,1
635.55,0.5,115.68,519.87,2,1
619.08,0.5,91.65,527.44,2,1
462.71,0.0,83.35,379.36,0,1
525.41,0.5,50.92,474.49,2,1
478.54,0.25,51.62,426.92,1,1
749.12,1.0,103.86,645.26,4,1
665.94,0.5,123.38,542.56,2,1
575.29,0.25,125.68,449.62,1,1
614.42,0.5,109.68,504.74,2,1
536.23,0.25,79.05,457.18,1,1
667.61,0.25,202.86,464.74,1,1
982.21,1.5,151.05,831.15,6,1
561.63,0.5,49.32,512.31,2,1
403.61,0.0,31.81,371.79,0,1
417.1,0.0,60.43,356.67,0,1
1124.37,1.5,225.14,899.23,6,1
519.11,0.25,77.05,442.05,1,1
523.14,0.25,88.65,434.49,1,1
548.32,0.25,106.27,442.05,1,1
815.47,1.25,69.7,745.77,5,1
390.1,0.0,41.0,349.1,0,1
560.44,0.25,88.14,472.31,1,1
633.0,0.5,105.57,527.44,2,1
575.81,0.5,40.81,535.0,2,1
548.21,0.25,91.03,457.18,1,1
644.19,0.5,101.62,542.56,2,1
416.23,0.0,52.0,364.23,0,1
652.16,0.5,117.16,535.0,2,1
728.18,0.5,231.0,497.18,2,1
399.67,0.0,58.14,341.54,0,1
480.95,0.25,54.03,426.92,1,1
644.84,0.75,69.84,575.0,3,1
498.01,0.0,133.78,364.23,0,1
507.19,0.25,65.14,442.05,1,1
590.28,0.5,85.54,504.74,2,1
733.5,0.75,135.81,597.69,3,1
645.48,0.5,95.35,550.13,2,1
608.76,0.5,81.32,527.44,2,1
644.78,0.5,94.65,550.13,2,1
375.05,0.0,33.51,341.54,0,1
646.24,0.75,56.11,590.13,3,1
560.18,0.25,110.57,449.62,1,1
365.41,0.0,39.0,326.41,0,1
976.79,1.25,208.32,768.46,5,1
869.34,1.25,123.57,745.77,5,1
430.01,0.0,58.22,371.79,0,1
647.03,0.75,72.03,575.0,3,1
781.06,1.0,120.68,660.38,4,1
535.11,0.25,93.05,442.05,1,1
626.1,0.5,83.54,542.56,2,1
647.94,0.75,57.81,590.13,3,1
384.32,0.0,35.22,349.1,0,1
502.83,0.25,53.22,449.62,1,1
595.15,0.5,82.84,512.31,2,1
543.62,0.25,101.57,442.05,1,1
726.33,0.75,105.95,620.38,3,1
507.99,0.25,50.81,457.18,1,1
672.62,0.75,90.05,582.56,3,1
688.64,0.75,90.95,597.69,3,1
781.21,1.0,98.14,683.08,4,1
668.99,0.5,118.86,550.13,2,1
424.77,0.0,60.54,364.23,0,1
735.75,1.0,98.05,637.69,4,1
875.02,1.25,91.43,783.59,5,1
402.93,0.0,38.7,364.23,0,1
512.68,0.25,85.76,426.92,1,1
722.02,0.75,131.89,590.13,3,1
652.13,0.5,109.57,542.56,2,1
432.77,0.0,68.54,364.23,0,1
704.94,0.75,107.24,597.69,3,1
786.59,1.0,95.95,690.64,4,1
722.63,0.75,102.24,620.38,3,1
562.94,0.25,120.89,442.05,1,1
513.64,0.25,64.03,449.62,1,1
537.97,0.25,88.35,449.62,1,1
536.21,0.25,94.16,442.05,1,1
741.99,1.0,111.86,630.13,4,1
566.79,0.5,46.92,519.87,2,1
516.67,0.25,74.62,442.05,1,1
632.51,0.5,89.95,542.56,2,1
717.53,0.75,112.27,605.26,3,1
566.4,0.25,116.78,449.62,1,1
468.39,0.25,49.03,419.36,1,1
380.24,0.0,38.7,341.54,0,1
458.58,0.0,94.35,364.23,0,1
594.17,0.5,66.73,527.44,2,1
650.93,0.5,146.19,504.74,2,1
880.89,1.25,112.43,768.46,5,1
671.26,0.5,113.57,557.69,2,1
562.07,0.25,112.46,449.62,1,1
626.09,0.5,113.78,512.31,2,1
606.87,0.5,79.43,527.44,2,1
505.46,0.25,63.41,442.05,1,1
534.05,0.25,99.57,434.49,1,1
502.12,0.25,82.76,419.36,1,1
351.11,0.0,24.7,326.41,0,1
512.88,0.25,55.7,457.18,1,1
635.74,0.5,115.86,519.87,2,1
621.68,0.5,94.24,527.44,2,1
789.79,0.75,169.41,620.38,3,1
696.72,0.75,91.46,605.26,3,1
405.72,0.0,56.62,349.1,0,1
908.26,1.25,177.62,730.64,5,1
377.0,0.0,43.03,333.97,0,1
620.0,0.5,77.43,542.56,2,1
839.74,1.25,78.84,760.9,5,1
706.36,0.75,93.54,612.82,3,1
585.33,0.25,105.46,479.87,1,1
758.6,1.0,90.65,667.95,4,1
401.07,0.0,44.41,356.67,0,1
405.59,0.0,48.92,356.67,0,1
384.36,0.0,57.95,326.41,0,1
614.51,0.5,79.51,535.0,2,1
402.67,0.0,46.0,356.67,0,1
786.02,1.0,102.95,683.08,4,1
501.6,0.25,67.11,434.49,1,1
688.99,0.5,138.86,550.13,2,1
587.49,0.5,67.62,519.87,2,1
586.6,0.5,66.73,519.87,2,1
534.0,0.25,91.95,442.05,1,1
856.12,1.0,142.78,713.33,4,1
549.11,0.25,107.05,442.05,1,1
869.85,1.0,164.08,705.77,4,1
697.74,0.5,132.49,565.26,2,1
655.93,0.5,151.19,504.74,2,1
665.53,0.75,75.41,590.13,3,1
691.48,0.75,101.35,590.13,3,1
406.23,0.0,42.0,364.23,0,1
760.57,0.75,125.05,635.51,3,1
759.71,0.75,146.89,612.82,3,1
486.26,0.0,129.59,356.67,0,1
417.35,0.0,68.24,349.1,0,1
345.82,0.0,19.41,326.41,0,1
