"Total_Cost","Ratio_Reloc_Prod","Horiz_Cost","Vert_Cost","nReloc","non_Optimal"
229888.59,0.4687,34358.45,195530.13,703,375
442.74,0.0,70.95,371.79,0,1
711.45,0.75,60.81,650.64,3,1
538.49,0.25,58.62,479.87,1,1
647.37,0.5,97.24,550.13,2,1
549.69,0.25,84.95,464.74,1,1
572.82,0.5,60.51,512.31,2,1
649.65,0.5,114.65,535.0,2,1
536.85,0.25,64.54,472.31,1,1
495.13,0.25,45.51,449.62,1,1
641.07,0.25,176.32,464.74,1,1
513.23,0.0,149.0,364.23,0,1
689.77,0.5,132.08,557.69,2,1
463.98,0.0,77.05,386.92,0,1
896.81,1.25,128.35,768.46,5,1
606.71,0.5,86.84,519.87,2,1
542.3,0.25,62.43,479.87,1,1
442.15,0.0,70.35,371.79,0,1
565.61,0.25,100.86,464.74,1,1
819.03,1.0,98.14,720.9,4,1
525.71,0.25,53.41,472.31,1,1
740.04,0.75,134.78,605.26,3,1
680.87,0.5,161.0,519.87,2,1
428.82,0.0,57.03,371.79,0,1
418.3,0.0,76.76,341.54,0,1
698.29,0.5,155.73,542.56,2,1
449.74,0.0,77.95,371.79,0,1
531.42,0.25,74.24,457.18,1,1
625.45,0.5,128.27,497.18,2,1
634.74,0.5,114.86,519.87,2,1
593.53,0.5,43.41,550.13,2,1
912.61,1.0,206.84,705.77,4,1
835.16,1.0,167.22,667.95,4,1
490.26,0.25,25.51,464.74,1,1
952.87,1.5,151.97,800.9,6,1
523.01,0.25,50.7,472.31,1,1
400.67,0.0,44.0,356.67,0,1
430.07,0.0,65.84,364.23,0,1
539.33,0.25,67.03,472.31,1,1
598.79,0.25,126.49,472.31,1,1
870.43,1.0,141.97,728.46,4,1
808.41,0.75,188.03,620.38,3,1
699.74,0.5,119.35,580.38,2,1
597.87,0.5,70.43,527.44,2,1
413.53,0.0,64.43,349.1,0,1
514.27,0.5,32.22,482.05,2,1
520.96,0.25,56.22,464.74,1,1
656.54,0.5,113.97,542.56,2,1
783.88,1.0,93.24,690.64,4,1
499.62,0.25,65.14,434.49,1,1
487.56,0.25,45.51,442.05,1,1
735.99,0.75,85.35,650.64,3,1
669.82,0.5,104.57,565.26,2,1
446.93,0.0,75.14,371.79,0,1
413.61,0.0,41.81,371.79,0,1
416.85,0.0,52.62,364.23,0,1
873.41,1.25,104.95,768.46,5,1
555.59,0.25,105.97,449.62,1,1
614.59,0.5,72.03,542.56,2,1
586.47,0.25,114.16,472.31,1,1
676.91,0.75,79.22,597.69,3,1
479.56,0.25,37.51,442.05,1,1
463.62,0.0,122.08,341.54,0,1
410.57,0.0,69.03,341.54,0,1
807.54,1.0,124.46,683.08,4,1
501.55,0.25,36.81,464.74,1,1
702.45,0.75,104.76,597.69,3,1
756.25,0.75,135.86,620.38,3,1
592.67,0.5,50.11,542.56,2,1
561.37,0.5,56.62,504.74,2,1
483.71,0.0,96.78,386.92,0,1
661.15,0.5,103.46,557.69,2,1
515.35,0.25,65.73,449.62,1,1
486.11,0.25,51.62,434.49,1,1
440.23,0.0,68.43,371.79,0,1
666.97,0.5,131.97,535.0,2,1
377.21,0.0,28.11,349.1,0,1
673.72,0.75,76.03,597.69,3,1
663.21,0.75,65.51,597.69,3,1
568.65,0.5,41.22,527.44,2,1
648.56,0.5,98.43,550.13,2,1
553.31,0.5,41.0,512.31,2,1
636.84,0.5,116.97,519.87,2,1
434.37,0.0,70.14,364.23,0,1
610.1,0.5,120.49,489.62,2,1
896.88,1.0,191.11,705.77,4,1
577.87,0.5,58.0,519.87,2,1
357.82,0.0,31.41,326.41,0,1
371.24,0.0,29.7,341.54,0,1
715.3,1.0,54.92,660.38,4,1
499.18,0.25,42.0,457.18,1,1
493.49,0.25,74.14,419.36,1,1
601.45,0.5,104.27,497.18,2,1
1133.97,1.75,217.43,916.54,7,1
452.25,0.0,65.32,386.92,0,1
519.1,0.0,162.43,356.67,0,1
467.25,0.0,95.46,371.79,0,1
808.06,1.0,94.73,713.33,4,1
378.75,0.0,37.22,341.54,0,1
636.95,0.5,101.95,535.0,2,1
769.33,0.75,156.51,612.82,3,1
693.85,0.5,136.16,557.69,2,1
382.3,0.0,48.32,333.97,0,1
371.35,0.0,29.81,341.54,0,1
545.85,0.25,73.54,472.31,1,1
743.84,0.75,123.46,620.38,3,1
580.82,0.25,100.95,479.87,1,1
907.28,1.25,146.38,760.9,5,1
618.65,0.5,83.65,535.0,2,1
667.56,0.5,109.86,557.69,2,1
629.54,0.5,94.54,535.0,2,1
593.53,0.25,128.78,464.74,1,1
567.79,0.25,80.35,487.44,1,1
820.28,1.0,106.95,713.33,4,1
424.82,0.0,53.03,371.79,0,1
830.31,1.0,116.97,713.33,4,1
507.29,0.25,50.11,457.18,1,1
883.36,1.25,122.46,760.9,5,1
767.54,0.75,124.46,643.08,3,1
577.44,0.25,97.57,479.87,1,1
444.47,0.0,80.24,364.23,0,1
695.24,0.5,145.11,550.13,2,1
647.2,0.5,134.89,512.31,2,1
511.62,0.25,77.14,434.49,1,1
389.48,0.0,32.81,356.67,0,1
495.99,0.25,38.81,457.18,1,1
777.35,0.75,149.41,627.95,3,1
495.19,0.25,53.14,442.05,1,1
764.97,1.0,74.32,690.64,4,1
595.09,0.25,122.78,472.31,1,1
774.23,1.0,76.03,698.21,4,1
525.64,0.25,76.03,449.62,1,1
380.46,0.0,38.92,341.54,0,1
619.94,0.5,69.81,550.13,2,1
517.39,0.0,145.59,371.79,0,1
381.1,0.0,32.0,349.1,0,1
577.79,0.5,57.92,519.87,2,1
529.15,0.25,64.41,464.74,1,1
848.61,1.0,150.41,698.21,4,1
591.46,0.5,64.03,527.44,2,1
769.51,1.0,86.43,683.08,4,1
713.52,0.75,93.14,620.38,3,1
612.17,0.5,84.73,527.44,2,1
598.93,0.25,134.19,464.74,1,1
748.04,1.0,110.35,637.69,4,1
462.09,0.0,82.73,379.36,0,1
504.27,0.25,62.22,442.05,1,1
527.75,0.25,78.14,449.62,1,1
738.63,0.75,133.38,605.26,3,1
602.35,0.5,74.92,527.44,2,1
466.03,0.25,39.11,426.92,1,1
612.62,0.5,77.62,535.0,2,1
646.64,0.5,88.95,557.69,2,1
363.97,0.0,30.0,333.97,0,1
584.71,0.25,104.84,479.87,1,1
659.09,0.5,93.84,565.26,2,1
707.57,0.75,79.62,627.95,3,1
541.56,0.25,91.95,449.62,1,1
595.06,0.5,82.76,512.31,2,1
817.02,1.0,179.32,637.69,4,1
494.01,0.0,114.65,379.36,0,1
784.49,1.0,108.97,675.51,4,1
496.07,0.0,139.41,356.67,0,1
970.78,1.25,179.62,791.15,5,1
427.96,0.0,63.73,364.23,0,1
564.1,0.5,66.92,497.18,2,1
649.01,0.5,136.7,512.31,2,1
504.06,0.25,77.14,426.92,1,1
398.62,0.0,49.51,349.1,0,1
816.43,0.75,180.92,635.51,3,1
935.47,1.0,214.57,720.9,4,1
391.37,0.0,34.7,356.67,0,1
629.97,0.75,47.41,582.56,3,1
885.09,1.25,131.76,753.33,5,1
517.08,0.25,75.03,442.05,1,1
547.18,0.25,82.43,464.74,1,1
425.69,0.0,69.03,356.67,0,1
409.64,0.0,60.54,349.1,0,1
840.77,1.25,87.43,753.33,5,1
686.9,0.75,66.51,620.38,3,1
417.15,0.0,52.92,364.23,0,1
504.72,0.25,55.11,449.62,1,1
650.95,0.5,115.95,535.0,2,1
636.56,0.5,86.43,550.13,2,1
573.96,0.25,101.65,472.31,1,1
687.89,0.75,105.32,582.56,3,1
756.06,0.75,135.68,620.38,3,1
558.01,0.25,78.14,479.87,1,1
546.18,0.25,81.43,464.74,1,1
498.53,0.25,48.92,449.62,1,1
523.53,0.25,73.92,449.62,1,1
731.13,0.75,141.0,590.13,3,1
846.67,1.0,110.65,736.03,4,1
686.63,0.75,73.81,612.82,3,1
594.87,0.5,67.43,527.44,2,1
618.32,0.5,83.32,535.0,2,1
689.03,0.75,68.65,620.38,3,1
663.1,0.5,112.97,550.13,2,1
751.19,0.75,115.68,635.51,3,1
397.77,0.0,41.11,356.67,0,1
618.41,0.5,83.41,535.0,2,1
544.53,0.25,87.35,457.18,1,1
626.53,0.5,121.78,504.74,2,1
497.43,0.25,47.81,449.62,1,1
623.59,0.5,81.03,542.56,2,1
656.16,0.75,66.03,590.13,3,1
706.93,0.5,187.05,519.87,2,1
476.44,0.0,104.65,371.79,0,1
612.95,0.5,77.95,535.0,2,1
685.39,0.75,80.14,605.26,3,1
546.62,0.25,104.57,442.05,1,1
427.86,0.0,78.76,349.1,0,1
702.01,0.75,81.62,620.38,3,1
546.33,0.25,74.03,472.31,1,1
889.06,1.25,128.16,760.9,5,1
736.55,0.75,116.16,620.38,3,1
793.77,1.0,80.43,713.33,4,1
730.51,0.75,87.43,643.08,3,1
578.47,0.5,73.73,504.74,2,1
571.53,0.25,106.78,464.74,1,1
459.6,0.25,25.11,434.49,1,1
595.6,0.5,75.73,519.87,2,1
453.39,0.0,74.03,379.36,0,1
343.11,0.0,16.7,326.41,0,1
986.78,1.5,163.19,823.59,6,1
862.33,1.0,149.0,713.33,4,1
529.11,0.25,87.05,442.05,1,1
588.08,0.5,45.51,542.56,2,1
566.29,0.25,116.68,449.62,1,1
526.45,0.25,61.7,464.74,1,1
810.34,0.75,159.7,650.64,3,1
744.08,0.75,108.57,635.51,3,1
704.47,0.75,99.22,605.26,3,1
662.85,0.5,90.03,572.82,2,1
726.05,0.75,90.54,635.51,3,1
609.08,0.5,66.51,542.56,2,1
414.99,0.0,58.32,356.67,0,1
624.59,0.5,82.03,542.56,2,1
603.6,0.5,83.73,519.87,2,1
810.41,1.25,102.46,707.95,5,1
622.45,0.5,72.32,550.13,2,1
553.97,0.25,119.49,434.49,1,1
774.97,1.0,99.46,675.51,4,1
498.13,0.25,48.51,449.62,1,1
478.86,0.25,36.81,442.05,1,1
675.47,0.5,102.65,572.82,2,1
597.82,0.25,117.95,479.87,1,1
723.69,0.75,110.86,612.82,3,1
425.42,0.0,53.62,371.79,0,1
550.44,0.25,78.14,472.31,1,1
680.1,0.75,97.54,582.56,3,1
755.82,0.75,143.0,612.82,3,1
539.31,0.25,82.14,457.18,1,1
574.84,0.5,47.41,527.44,2,1
468.55,0.0,96.76,371.79,0,1
471.9,0.25,60.11,411.79,1,1
497.7,0.25,63.22,434.49,1,1
685.82,0.5,120.57,565.26,2,1
973.27,1.5,164.81,808.46,6,1
676.72,0.5,126.59,550.13,2,1
692.3,0.75,71.92,620.38,3,1
798.21,1.0,107.57,690.64,4,1
486.93,0.0,122.7,364.23,0,1
940.57,1.25,172.11,768.46,5,1
578.27,0.25,90.84,487.44,1,1
682.16,0.5,139.59,542.56,2,1
671.48,0.75,81.35,590.13,3,1
362.94,0.0,21.41,341.54,0,1
463.01,0.0,83.65,379.36,0,1
570.06,0.25,97.76,472.31,1,1
958.58,1.5,119.86,838.72,6,1
532.79,0.25,52.92,479.87,1,1
697.51,0.75,107.38,590.13,3,1
471.63,0.25,44.7,426.92,1,1
373.94,0.0,32.41,341.54,0,1
581.17,0.25,108.86,472.31,1,1
737.02,0.75,146.89,590.13,3,1
695.38,0.75,67.43,627.95,3,1
1169.2,1.75,282.92,886.28,7,1
623.21,0.5,80.65,542.56,2,1
572.47,0.25,100.16,472.31,1,1
724.73,0.75,149.73,575.0,3,1
722.77,0.5,157.51,565.26,2,1
563.71,0.5,51.41,512.31,2,1
562.72,0.5,65.54,497.18,2,1
530.74,0.5,26.0,504.74,2,1
739.8,1.0,94.54,645.26,4,1
565.65,0.5,38.22,527.44,2,1
655.83,0.5,113.27,542.56,2,1
726.31,0.5,153.49,572.82,2,1
732.25,0.75,111.86,620.38,3,1
438.68,0.0,59.32,379.36,0,1
520.45,0.25,55.7,464.74,1,1
629.58,0.5,64.32,565.26,2,1
734.19,0.75,106.24,627.95,3,1
581.67,0.25,124.49,457.18,1,1
526.94,0.25,77.32,449.62,1,1
658.5,0.75,60.81,597.69,3,1
504.74,0.25,40.0,464.74,1,1
433.61,0.0,61.81,371.79,0,1
525.8,0.0,169.14,356.67,0,1
714.73,0.5,179.73,535.0,2,1
777.29,1.0,86.65,690.64,4,1
592.57,0.5,65.14,527.44,2,1
707.25,0.75,94.43,612.82,3,1
832.47,1.0,119.14,713.33,4,1
853.36,1.0,132.46,720.9,4,1
543.98,0.25,64.11,479.87,1,1
677.49,0.5,157.62,519.87,2,1
596.85,0.5,84.54,512.31,2,1
607.14,0.5,72.14,535.0,2,1
828.51,1.0,153.0,675.51,4,1
436.49,0.0,57.14,379.36,0,1
413.15,0.0,48.92,364.23,0,1
756.45,1.0,118.76,637.69,4,1
598.98,0.5,71.54,527.44,2,1
595.42,0.25,130.68,464.74,1,1
464.98,0.0,78.05,386.92,0,1
491.67,0.25,49.62,442.05,1,1
552.44,0.25,80.14,472.31,1,1
639.29,0.5,142.11,497.18,2,1
588.99,0.5,84.24,504.74,2,1
536.49,0.25,109.57,426.92,1,1
553.99,0.25,89.24,464.74,1,1
885.93,1.0,187.73,698.21,4,1
602.45,0.5,52.32,550.13,2,1
796.15,0.75,198.46,597.69,3,1
707.68,0.75,79.73,627.95,3,1
621.5,0.5,63.81,557.69,2,1
440.47,0.0,76.24,364.23,0,1
443.52,0.0,71.73,371.79,0,1
356.52,0.0,30.11,326.41,0,1
628.41,0.75,68.54,559.87,3,1
516.45,0.25,51.7,464.74,1,1
946.47,1.5,92.62,853.85,6,1
714.73,0.75,79.22,635.51,3,1
816.25,1.0,102.92,713.33,4,1
659.66,0.5,86.84,572.82,2,1
534.43,0.5,44.81,489.62,2,1
666.14,0.5,138.7,527.44,2,1
685.32,0.5,135.19,550.13,2,1
930.09,1.25,116.24,813.85,5,1
381.21,0.0,32.11,349.1,0,1
739.03,0.75,111.08,627.95,3,1
596.56,0.5,54.0,542.56,2,1
438.23,0.0,66.43,371.79,0,1
655.83,0.5,113.27,542.56,2,1
959.4,1.5,143.38,816.03,6,1
855.33,1.0,126.86,728.46,4,1
454.06,0.0,67.14,386.92,0,1
708.2,0.75,102.95,605.26,3,1
591.97,0.5,49.41,542.56,2,1
526.82,0.25,54.51,472.31,1,1
532.39,0.25,52.51,479.87,1,1
522.37,0.25,57.62,464.74,1,1
651.99,0.5,101.86,550.13,2,1
394.64,0.0,30.41,364.23,0,1
612.95,0.5,77.95,535.0,2,1
649.53,0.5,91.84,557.69,2,1
678.09,0.75,72.84,605.26,3,1
556.63,0.25,129.7,426.92,1,1
615.73,0.5,80.73,535.0,2,1
660.84,0.5,140.97,519.87,2,1
494.48,0.25,52.43,442.05,1,1
433.77,0.0,69.54,364.23,0,1
583.12,0.25,103.24,479.87,1,1
555.13,0.25,97.95,457.18,1,1
397.04,0.0,32.81,364.23,0,1
690.39,0.75,138.08,552.31,3,1
402.23,0.0,38.0,364.23,0,1
848.1,1.0,149.89,698.21,4,1
611.97,0.25,116.97,495.0,1,1
544.48,0.25,94.86,449.62,1,1
598.28,0.25,125.97,472.31,1,1
503.43,0.25,68.95,434.49,1,1
771.49,0.75,151.11,620.38,3,1
