"Total_Cost","Ratio_Reloc_Prod","Horiz_Cost","Vert_Cost","nReloc","non_Optimal"
229318.81,0.4647,34338.67,194980.14,697,375
442.74,0.0,70.95,371.79,0,1
711.45,0.75,60.81,650.64,3,1
538.49,0.25,58.62,479.87,1,1
647.37,0.5,97.24,550.13,2,1
549.69,0.25,84.95,464.74,1,1
572.82,0.5,60.51,512.31,2,1
649.65,0.5,114.65,535.0,2,1
536.85,0.25,64.54,472.31,1,1
495.13,0.25,45.51,449.62,1,1
641.07,0.25,176.32,464.74,1,1
513.23,0.0,149.0,364.23,0,1
689.77,0.5,132.08,557.69,2,1
463.98,0.0,77.05,386.92,0,1
896.81,1.25,128.35,768.46,5,1
606.71,0.5,86.84,519.87,2,1
542.3,0.25,62.43,479.87,1,1
442.15,0.0,70.35,371.79,0,1
565.61,0.25,100.86,464.74,1,1
819.03,1.0,98.14,720.9,4,1
525.71,0.25,53.41,472.31,1,1
740.04,0.75,134.78,605.26,3,1
680.87,0.5,161.0,519.87,2,1
428.82,0.0,57.03,371.79,0,1
418.3,0.0,76.76,341.54,0,1
710.86,0.5,160.73,550.13,2,1
438.88,0.0,74.65,364.23,0,1
528.72,0.25,71.54,457.18,1,1
625.45,0.5,128.27,497.18,2,1
634.74,0.5,114.86,519.87,2,1
612.1,0.5,54.41,557.69,2,1
883.48,1.0,192.84,690.64,4,1
835.16,1.0,167.22,667.95,4,1
490.26,0.25,25.51,464.74,1,1
952.87,1.5,151.97,800.9,6,1
523.01,0.25,50.7,472.31,1,1
400.67,0.0,44.0,356.67,0,1
440.82,0.0,69.03,371.79,0,1
539.33,0.25,67.03,472.31,1,1
587.23,0.25,122.49,464.74,1,1
870.43,1.0,141.97,728.46,4,1
808.41,0.75,188.03,620.38,3,1
699.74,0.5,119.35,580.38,2,1
597.87,0.5,70.43,527.44,2,1
421.1,0.0,64.43,356.67,0,1
514.27,0.5,32.22,482.05,2,1
520.96,0.25,56.22,464.74,1,1
656.54,0.5,113.97,542.56,2,1
783.88,1.0,93.24,690.64,4,1
499.62,0.25,65.14,434.49,1,1
487.56,0.25,45.51,442.05,1,1
810.25,1.0,89.35,720.9,4,1
669.82,0.5,104.57,565.26,2,1
436.66,0.0,72.43,364.23,0,1
412.01,0.0,40.22,371.79,0,1
430.82,0.0,59.03,371.79,0,1
880.97,1.25,104.95,776.03,5,1
555.59,0.25,105.97,449.62,1,1
595.76,0.5,68.32,527.44,2,1
586.47,0.25,114.16,472.31,1,1
676.91,0.75,79.22,597.69,3,1
479.56,0.25,37.51,442.05,1,1
456.06,0.0,122.08,333.97,0,1
410.57,0.0,69.03,341.54,0,1
807.54,1.0,124.46,683.08,4,1
492.69,0.25,35.51,457.18,1,1
702.45,0.75,104.76,597.69,3,1
756.25,0.75,135.86,620.38,3,1
592.67,0.5,50.11,542.56,2,1
561.37,0.5,56.62,504.74,2,1
483.71,0.0,96.78,386.92,0,1
673.72,0.5,108.46,565.26,2,1
515.35,0.25,65.73,449.62,1,1
458.98,0.25,39.62,419.36,1,1
440.23,0.0,68.43,371.79,0,1
571.04,0.25,113.86,457.18,1,1
384.77,0.0,28.11,356.67,0,1
673.21,0.75,75.51,597.69,3,1
663.21,0.75,65.51,597.69,3,1
576.22,0.5,41.22,535.0,2,1
711.82,0.75,91.43,620.38,3,1
576.68,0.5,56.81,519.87,2,1
636.84,0.5,116.97,519.87,2,1
437.96,0.0,73.73,364.23,0,1
610.1,0.5,120.49,489.62,2,1
894.17,1.0,188.41,705.77,4,1
577.87,0.5,58.0,519.87,2,1
378.54,0.0,37.0,341.54,0,1
365.38,0.0,31.41,333.97,0,1
715.3,1.0,54.92,660.38,4,1
499.18,0.25,42.0,457.18,1,1
493.49,0.25,74.14,419.36,1,1
611.01,0.5,106.27,504.74,2,1
1133.97,1.75,217.43,916.54,7,1
452.25,0.0,65.32,386.92,0,1
519.1,0.0,162.43,356.67,0,1
467.25,0.0,95.46,371.79,0,1
793.09,1.0,87.32,705.77,4,1
378.75,0.0,37.22,341.54,0,1
562.69,0.25,97.95,464.74,1,1
769.04,0.75,156.22,612.82,3,1
775.67,0.75,140.16,635.51,3,1
384.3,0.0,50.32,333.97,0,1
371.35,0.0,29.81,341.54,0,1
653.09,0.5,87.84,565.26,2,1
758.71,0.75,130.76,627.95,3,1
580.82,0.25,100.95,479.87,1,1
896.01,1.25,142.68,753.33,5,1
634.21,0.5,91.65,542.56,2,1
667.56,0.5,109.86,557.69,2,1
629.54,0.5,94.54,535.0,2,1
593.82,0.25,129.08,464.74,1,1
567.79,0.25,80.35,487.44,1,1
820.28,1.0,106.95,713.33,4,1
424.82,0.0,53.03,371.79,0,1
885.59,1.25,109.57,776.03,5,1
419.36,0.0,40.0,379.36,0,1
796.85,1.0,98.65,698.21,4,1
679.87,0.5,107.05,572.82,2,1
569.88,0.25,97.57,472.31,1,1
516.43,0.25,81.95,434.49,1,1
780.9,0.75,160.51,620.38,3,1
658.47,0.5,138.59,519.87,2,1
497.17,0.25,70.24,426.92,1,1
399.48,0.0,42.81,356.67,0,1
555.23,0.5,42.92,512.31,2,1
771.95,0.75,144.0,627.95,3,1
495.19,0.25,53.14,442.05,1,1
764.97,1.0,74.32,690.64,4,1
592.28,0.25,119.97,472.31,1,1
777.85,1.0,64.51,713.33,4,1
560.33,0.25,88.03,472.31,1,1
513.41,0.5,38.92,474.49,2,1
626.24,0.5,76.11,550.13,2,1
592.32,0.25,142.7,449.62,1,1
395.67,0.0,39.0,356.67,0,1
501.43,0.25,51.81,449.62,1,1
529.15,0.25,64.41,464.74,1,1
764.09,0.75,143.7,620.38,3,1
593.76,0.5,66.32,527.44,2,1
777.21,1.0,94.14,683.08,4,1
728.89,0.75,100.95,627.95,3,1
613.46,0.5,86.03,527.44,2,1
666.49,0.5,131.49,535.0,2,1
632.36,0.5,120.05,512.31,2,1
453.98,0.0,74.62,379.36,0,1
495.0,0.25,60.51,434.49,1,1
528.05,0.25,78.43,449.62,1,1
662.08,0.5,127.08,535.0,2,1
622.48,0.5,79.92,542.56,2,1
466.03,0.25,39.11,426.92,1,1
536.96,0.25,72.22,464.74,1,1
650.04,0.5,92.35,557.69,2,1
363.97,0.0,30.0,333.97,0,1
574.66,0.25,102.35,472.31,1,1
659.39,0.5,94.14,565.26,2,1
707.57,0.75,79.62,627.95,3,1
539.13,0.25,81.95,457.18,1,1
628.9,0.5,101.46,527.44,2,1
831.88,1.0,186.62,645.26,4,1
584.26,0.25,127.08,457.18,1,1
579.89,0.5,90.27,489.62,2,1
505.04,0.0,140.81,364.23,0,1
973.48,1.25,182.32,791.15,5,1
417.88,0.0,61.22,356.67,0,1
576.52,0.5,64.22,512.31,2,1
657.58,0.75,105.27,552.31,3,1
512.92,0.25,78.43,434.49,1,1
442.42,0.0,70.62,371.79,0,1
737.86,0.5,187.73,550.13,2,1
930.47,1.0,209.57,720.9,4,1
391.37,0.0,34.7,356.67,0,1
622.56,0.75,40.0,582.56,3,1
916.79,1.5,123.46,793.33,6,1
574.1,0.5,76.92,497.18,2,1
544.47,0.25,79.73,464.74,1,1
449.63,0.0,77.84,371.79,0,1
420.45,0.0,71.35,349.1,0,1
845.06,1.25,91.73,753.33,5,1
495.02,0.25,45.41,449.62,1,1
431.37,0.0,67.14,364.23,0,1
515.53,0.25,65.92,449.62,1,1
524.78,0.25,82.73,442.05,1,1
542.04,0.25,69.73,472.31,1,1
667.4,0.5,117.27,550.13,2,1
775.47,1.0,122.65,652.82,4,1
763.62,0.75,135.68,627.95,3,1
577.01,0.25,97.14,479.87,1,1
537.72,0.25,80.54,457.18,1,1
641.48,0.75,58.92,582.56,3,1
522.24,0.25,72.62,449.62,1,1
686.51,0.5,151.51,535.0,2,1
815.28,1.0,101.95,713.33,4,1
638.71,0.5,126.41,512.31,2,1
605.84,0.5,70.84,535.0,2,1
615.22,0.5,80.22,535.0,2,1
696.44,0.75,76.05,620.38,3,1
589.84,0.25,109.97,479.87,1,1
747.49,0.75,111.97,635.51,3,1
397.77,0.0,41.11,356.67,0,1
770.62,1.0,95.11,675.51,4,1
629.76,0.5,94.76,535.0,2,1
527.51,0.25,85.46,442.05,1,1
649.64,0.75,59.51,590.13,3,1
590.55,0.5,78.24,512.31,2,1
521.47,0.25,56.73,464.74,1,1
785.13,0.75,202.57,582.56,3,1
535.94,0.25,86.32,449.62,1,1
616.35,0.5,81.35,535.0,2,1
621.4,0.5,78.84,542.56,2,1
529.7,0.25,87.65,442.05,1,1
457.96,0.0,86.16,371.79,0,1
703.41,0.75,83.03,620.38,3,1
542.33,0.25,70.03,472.31,1,1
632.65,0.5,97.65,535.0,2,1
804.43,1.0,121.35,683.08,4,1
820.3,1.0,91.84,728.46,4,1
747.07,0.75,96.43,650.64,3,1
520.43,0.25,70.81,449.62,1,1
611.65,0.5,76.65,535.0,2,1
457.6,0.25,23.11,434.49,1,1
507.48,0.25,65.43,442.05,1,1
461.39,0.0,82.03,379.36,0,1
364.24,0.0,22.7,341.54,0,1
979.37,1.5,155.78,823.59,6,1
617.03,0.25,129.59,487.44,1,1
456.55,0.0,84.76,371.79,0,1
772.32,1.0,89.24,683.08,4,1
578.8,0.25,129.19,449.62,1,1
534.15,0.25,69.41,464.74,1,1
647.47,0.5,127.59,519.87,2,1
668.82,0.5,103.57,565.26,2,1
637.78,0.5,95.22,542.56,2,1
666.85,0.5,94.03,572.82,2,1
651.8,0.5,86.54,565.26,2,1
594.03,0.5,59.03,535.0,2,1
414.99,0.0,58.32,356.67,0,1
691.47,0.75,86.22,605.26,3,1
490.06,0.25,63.14,426.92,1,1
685.29,0.75,95.16,590.13,3,1
526.31,0.25,69.14,457.18,1,1
545.87,0.25,111.38,434.49,1,1
640.62,0.5,98.05,542.56,2,1
402.67,0.0,46.0,356.67,0,1
489.27,0.25,47.22,442.05,1,1
555.99,0.25,91.24,464.74,1,1
544.42,0.25,72.11,472.31,1,1
807.05,1.0,123.97,683.08,4,1
395.48,0.0,38.81,356.67,0,1
584.2,0.5,64.32,519.87,2,1
675.92,0.75,93.35,582.56,3,1
730.34,0.75,125.08,605.26,3,1
573.36,0.25,101.05,472.31,1,1
552.15,0.5,47.41,504.74,2,1
445.32,0.0,88.65,356.67,0,1
477.28,0.25,57.92,419.36,1,1
502.16,0.25,60.11,442.05,1,1
534.26,0.25,84.65,449.62,1,1
999.81,1.5,176.22,823.59,6,1
649.36,0.5,129.49,519.87,2,1
798.09,1.0,92.32,705.77,4,1
794.7,1.0,104.05,690.64,4,1
482.93,0.0,118.7,364.23,0,1
948.43,1.25,172.41,776.03,5,1
571.12,0.25,91.24,479.87,1,1
925.99,1.25,180.22,745.77,5,1
693.93,0.75,73.54,620.38,3,1
385.32,0.0,36.22,349.1,0,1
463.57,0.0,76.65,386.92,0,1
526.19,0.25,99.27,426.92,1,1
962.88,1.5,124.16,838.72,6,1
493.24,0.25,43.62,449.62,1,1
649.65,0.5,107.08,542.56,2,1
483.19,0.25,48.7,434.49,1,1
410.34,0.0,46.11,364.23,0,1
746.65,0.75,126.27,620.38,3,1
697.81,0.5,162.81,535.0,2,1
574.51,0.5,39.51,535.0,2,1
779.38,0.5,244.38,535.0,2,1
643.45,0.5,85.76,557.69,2,1
537.51,0.25,95.46,442.05,1,1
827.06,1.0,174.24,652.82,4,1
795.76,0.75,167.81,627.95,3,1
471.19,0.25,36.7,434.49,1,1
505.19,0.25,63.14,442.05,1,1
534.15,0.5,29.41,504.74,2,1
787.6,1.0,134.78,652.82,4,1
574.25,0.5,46.81,527.44,2,1
604.25,0.25,124.38,479.87,1,1
807.58,0.75,149.38,658.21,3,1
572.36,0.25,100.05,472.31,1,1
447.98,0.0,68.62,379.36,0,1
601.0,0.5,66.0,535.0,2,1
699.98,0.75,72.03,627.95,3,1
851.5,1.0,138.16,713.33,4,1
544.32,0.25,102.27,442.05,1,1
534.5,0.25,77.32,457.18,1,1
668.5,0.75,70.81,597.69,3,1
506.74,0.25,42.0,464.74,1,1
560.82,0.5,48.51,512.31,2,1
598.72,0.25,149.11,449.62,1,1
697.65,0.5,170.22,527.44,2,1
663.58,0.75,58.32,605.26,3,1
602.84,0.5,67.84,535.0,2,1
739.44,0.75,119.05,620.38,3,1
746.95,0.75,111.43,635.51,3,1
936.77,1.25,138.05,798.72,5,1
484.6,0.25,50.11,434.49,1,1
711.64,0.5,161.51,550.13,2,1
520.11,0.25,78.05,442.05,1,1
603.43,0.5,68.43,535.0,2,1
593.18,0.25,136.0,457.18,1,1
402.29,0.0,45.62,356.67,0,1
494.86,0.25,52.81,442.05,1,1
903.87,1.25,142.97,760.9,5,1
683.23,0.75,85.54,597.69,3,1
666.24,0.5,123.68,542.56,2,1
613.68,0.5,86.24,527.44,2,1
508.99,0.25,51.81,457.18,1,1
557.55,0.25,85.24,472.31,1,1
762.33,0.75,149.51,612.82,3,1
658.84,0.75,83.84,575.0,3,1
748.01,1.0,102.76,645.26,4,1
665.2,0.5,99.95,565.26,2,1
859.56,1.0,168.92,690.64,4,1
587.48,0.5,44.92,542.56,2,1
755.56,0.75,165.43,590.13,3,1
808.61,1.0,102.84,705.77,4,1
641.28,0.5,76.03,565.26,2,1
536.45,0.25,86.84,449.62,1,1
545.15,0.25,72.84,472.31,1,1
370.24,0.0,28.7,341.54,0,1
634.57,0.75,67.14,567.44,3,1
486.67,0.25,44.62,442.05,1,1
861.33,1.25,100.43,760.9,5,1
767.62,1.0,84.54,683.08,4,1
968.98,1.5,115.14,853.85,6,1
537.28,0.25,72.54,464.74,1,1
473.3,0.25,38.81,434.49,1,1
632.19,0.5,104.76,527.44,2,1
796.62,0.75,161.11,635.51,3,1
934.49,1.25,120.65,813.85,5,1
382.07,0.0,25.41,356.67,0,1
616.05,0.5,81.05,535.0,2,1
771.1,0.75,120.46,650.64,3,1
507.89,0.25,65.84,442.05,1,1
623.98,0.5,96.54,527.44,2,1
787.48,0.75,129.27,658.21,3,1
904.73,1.0,168.7,736.03,4,1
599.24,0.5,49.11,550.13,2,1
558.99,0.25,94.24,464.74,1,1
615.45,0.5,65.32,550.13,2,1
443.84,0.0,56.92,386.92,0,1
508.12,0.25,35.81,472.31,1,1
527.12,0.25,54.81,472.31,1,1
650.43,0.5,107.86,542.56,2,1
428.06,0.0,48.7,379.36,0,1
599.98,0.5,72.54,527.44,2,1
374.35,0.0,32.81,341.54,0,1
752.24,1.0,76.73,675.51,4,1
500.04,0.0,135.81,364.23,0,1
591.66,0.5,86.92,504.74,2,1
661.84,0.5,141.97,519.87,2,1
406.43,0.0,57.32,349.1,0,1
550.91,0.25,93.73,457.18,1,1
676.61,0.5,111.35,565.26,2,1
506.84,0.25,72.35,434.49,1,1
418.01,0.0,46.22,371.79,0,1
593.27,0.5,118.78,474.49,2,1
519.85,0.25,55.11,464.74,1,1
700.03,0.5,165.03,535.0,2,1
606.0,0.25,118.57,487.44,1,1
558.34,0.25,101.16,457.18,1,1
571.72,0.25,106.97,464.74,1,1
596.52,0.5,76.65,519.87,2,1
731.21,0.5,173.51,557.69,2,1
