"Total_Cost","Ratio_Reloc_Prod","Horiz_Cost","Vert_Cost","nReloc","non_Optimal"
250786.36,0.4553,59119.65,191666.78,683,300
841.1,0.6,97.51,743.59,3,1
564.15,0.0,91.84,472.31,0,1
622.19,0.0,119.62,502.56,0,1
717.34,0.2,152.08,565.26,1,1
526.54,0.0,92.05,434.49,0,1
772.27,0.6,96.76,675.51,3,1
683.04,0.4,70.22,612.82,2,1
529.99,0.0,65.24,464.74,0,1
1026.09,1.0,179.81,846.28,5,1
738.44,0.4,118.05,620.38,2,1
831.11,0.6,110.22,720.9,3,1
835.6,0.6,122.27,713.33,3,1
703.08,0.4,60.0,643.08,2,1
894.37,0.6,150.78,743.59,3,1
1214.41,1.4,159.54,1054.87,7,1
635.14,0.2,62.32,572.82,1,1
538.15,0.0,73.41,464.74,0,1
757.47,0.4,137.08,620.38,2,1
916.67,0.8,125.51,791.15,4,1
526.35,0.0,76.73,449.62,0,1
605.5,0.0,140.76,464.74,0,1
1318.4,0.8,527.24,791.15,4,1
1185.4,0.6,502.32,683.08,3,1
1393.48,1.0,516.95,876.54,5,1
942.3,0.6,281.92,660.38,3,1
1122.15,0.8,331.0,791.15,4,1
834.74,0.4,221.92,612.82,2,1
899.63,0.8,146.3,753.33,4,1
603.72,0.0,138.97,464.74,0,1
688.23,0.2,130.54,557.69,1,1
664.73,0.2,129.73,535.0,1,1
669.59,0.2,119.46,550.13,1,1
662.64,0.2,104.95,557.69,1,1
803.07,0.4,144.86,658.21,2,1
1007.78,0.8,224.19,783.59,4,1
874.2,0.6,221.38,652.82,3,1
660.91,0.2,103.22,557.69,1,1
488.7,0.0,54.22,434.49,0,1
645.1,0.2,102.54,542.56,1,1
765.0,0.4,137.05,627.95,2,1
530.6,0.0,96.11,434.49,0,1
1871.18,1.8,645.54,1225.64,9,1
765.46,0.4,190.46,575.0,2,1
583.19,0.2,40.62,542.56,1,1
746.41,0.4,118.46,627.95,2,1
518.7,0.0,76.65,442.05,0,1
620.84,0.4,53.41,567.44,2,1
1158.65,1.0,282.11,876.54,5,1
758.07,0.2,192.81,565.26,1,1
789.62,0.4,161.68,627.95,2,1
747.41,0.4,119.46,627.95,2,1
741.19,0.4,113.24,627.95,2,1
713.36,0.4,100.54,612.82,2,1
823.87,0.6,95.41,728.46,3,1
745.82,0.4,140.57,605.26,2,1
1141.84,0.6,405.81,736.03,3,1
563.15,0.0,105.97,457.18,0,1
629.94,0.2,79.81,550.13,1,1
1029.09,1.0,175.24,853.85,5,1
444.5,0.0,32.7,411.79,0,1
1174.8,1.0,328.51,846.28,5,1
1490.16,1.0,606.05,884.1,5,1
754.25,0.4,133.86,620.38,2,1
1123.29,0.8,332.14,791.15,4,1
924.8,0.6,226.59,698.21,3,1
1114.99,0.6,416.78,698.21,3,1
1241.0,1.0,364.46,876.54,5,1
660.69,0.2,163.51,497.18,1,1
625.17,0.2,112.86,512.31,1,1
616.5,0.2,111.76,504.74,1,1
866.71,0.4,238.76,627.95,2,1
614.56,0.2,72.0,542.56,1,1
600.79,0.4,40.92,559.87,2,1
934.61,0.6,236.41,698.21,3,1
702.68,0.2,182.81,519.87,1,1
1033.69,0.8,287.92,745.77,4,1
1062.12,1.0,215.84,846.28,5,1
1043.35,1.0,227.32,816.03,5,1
936.01,0.4,270.24,665.77,2,1
777.47,0.4,172.22,605.26,2,1
1212.12,0.6,445.84,766.28,3,1
778.08,0.4,142.57,635.51,2,1
924.89,0.6,181.3,743.59,3,1
867.52,0.6,154.19,713.33,3,1
919.24,0.6,175.65,743.59,3,1
560.43,0.0,125.95,434.49,0,1
841.65,0.6,105.62,736.03,3,1
883.99,0.4,218.22,665.77,2,1
579.02,0.0,136.97,442.05,0,1
1044.32,0.8,260.73,783.59,4,1
1208.9,1.0,302.11,906.79,5,1
1082.82,0.8,261.41,821.41,4,1
610.55,0.2,98.24,512.31,1,1
664.27,0.2,129.27,535.0,1,1
642.56,0.2,100.0,542.56,1,1
865.46,0.6,197.51,667.95,3,1
533.4,0.0,76.22,457.18,0,1
787.09,0.4,166.7,620.38,2,1
1525.51,1.4,508.46,1017.05,7,1
826.4,0.4,190.89,635.51,2,1
1093.6,1.0,232.19,861.41,5,1
935.9,0.6,215.0,720.9,3,1
520.76,0.0,93.84,426.92,0,1
826.18,0.6,135.54,690.64,3,1
545.59,0.0,103.54,442.05,0,1
609.0,0.2,74.0,535.0,1,1
772.27,0.4,144.32,627.95,2,1
823.99,0.4,226.3,597.69,2,1
990.52,0.4,377.7,612.82,2,1
590.5,0.2,85.76,504.74,1,1
915.84,0.4,295.46,620.38,2,1
702.06,0.4,89.24,612.82,2,1
648.25,0.4,80.81,567.44,2,1
444.5,0.0,32.7,411.79,0,1
901.41,0.4,273.46,627.95,2,1
723.01,0.4,117.76,605.26,2,1
441.31,0.0,29.51,411.79,0,1
453.2,0.0,41.41,411.79,0,1
1182.24,0.8,353.27,828.97,4,1
558.72,0.0,101.54,457.18,0,1
645.76,0.2,125.89,519.87,1,1
555.45,0.0,98.27,457.18,0,1
917.5,0.6,219.3,698.21,3,1
465.47,0.0,46.11,419.36,0,1
662.89,0.2,127.89,535.0,1,1
789.8,0.4,192.11,597.69,2,1
692.63,0.2,165.19,527.44,1,1
1353.91,1.2,369.3,984.62,6,1
1060.27,0.8,276.68,783.59,4,1
1085.49,0.4,457.54,627.95,2,1
1300.5,1.2,353.7,946.79,6,1
866.31,0.2,301.05,565.26,1,1
592.43,0.0,157.95,434.49,0,1
617.17,0.2,104.86,512.31,1,1
1233.93,1.0,380.08,853.85,5,1
1090.61,1.0,244.32,846.28,5,1
1189.24,1.0,320.27,868.97,5,1
520.6,0.0,101.24,419.36,0,1
997.83,0.6,299.62,698.21,3,1
1274.19,1.0,405.22,868.97,5,1
888.87,0.4,276.05,612.82,2,1
444.5,0.0,32.7,411.79,0,1
546.35,0.2,56.73,489.62,1,1
1081.37,0.8,290.22,791.15,4,1
748.82,0.4,143.57,605.26,2,1
1135.64,0.8,352.05,783.59,4,1
1023.1,0.6,340.03,683.08,3,1
768.26,0.4,178.14,590.13,2,1
804.28,0.2,239.03,565.26,1,1
822.58,0.4,164.38,658.21,2,1
1080.38,0.8,319.49,760.9,4,1
728.26,0.4,130.57,597.69,2,1
859.51,0.4,216.43,643.08,2,1
1056.69,0.8,257.97,798.72,4,1
724.07,0.2,166.38,557.69,1,1
669.06,0.2,156.76,512.31,1,1
867.12,0.6,214.3,652.82,3,1
789.33,0.6,76.0,713.33,3,1
1126.2,0.8,372.86,753.33,4,1
997.47,0.8,191.19,806.28,4,1
1116.13,0.6,380.11,736.03,3,1
742.53,0.4,137.27,605.26,2,1
773.1,0.2,230.54,542.56,1,1
617.4,0.0,160.22,457.18,0,1
1019.48,0.8,228.32,791.15,4,1
676.68,0.2,141.68,535.0,1,1
1259.74,1.4,265.38,994.36,7,1
877.18,0.4,226.54,650.64,2,1
966.7,0.6,223.11,743.59,3,1
895.55,0.6,189.78,705.77,3,1
1150.11,0.8,374.08,776.03,4,1
1229.16,0.8,385.05,844.1,4,1
1133.76,0.8,372.86,760.9,4,1
994.57,0.6,258.54,736.03,3,1
1247.05,1.0,355.38,891.67,5,1
689.26,0.4,99.14,590.13,2,1
761.0,0.6,93.05,667.95,3,1
573.93,0.2,61.62,512.31,1,1
778.11,0.6,110.16,667.95,3,1
1173.98,0.8,420.65,753.33,4,1
918.61,0.6,167.46,751.15,3,1
677.84,0.2,150.41,527.44,1,1
783.61,0.2,225.92,557.69,1,1
744.94,0.4,147.24,597.69,2,1
662.69,0.2,157.95,504.74,1,1
537.18,0.2,40.0,497.18,1,1
736.39,0.4,131.14,605.26,2,1
997.93,0.6,292.16,705.77,3,1
490.06,0.0,63.14,426.92,0,1
1248.53,1.2,324.43,924.1,6,1
750.69,0.4,137.86,612.82,2,1
1207.47,1.0,308.24,899.23,5,1
730.28,0.4,125.03,605.26,2,1
1112.36,0.8,298.51,813.85,4,1
1009.36,0.6,288.46,720.9,3,1
648.59,0.2,106.03,542.56,1,1
1101.74,1.0,247.89,853.85,5,1
667.47,0.4,62.22,605.26,2,1
1054.86,0.8,278.84,776.03,4,1
866.91,0.4,269.22,597.69,2,1
907.23,0.6,193.89,713.33,3,1
887.57,0.4,259.62,627.95,2,1
897.92,0.6,222.41,675.51,3,1
906.55,0.6,185.65,720.9,3,1
437.2,0.0,25.41,411.79,0,1
1058.94,0.6,368.3,690.64,3,1
1388.06,1.2,479.08,908.97,6,1
556.43,0.0,121.95,434.49,0,1
932.65,0.6,264.7,667.95,3,1
531.92,0.0,97.43,434.49,0,1
573.18,0.2,76.0,497.18,1,1
1360.72,1.4,328.54,1032.18,7,1
979.15,0.8,172.86,806.28,4,1
679.54,0.2,152.11,527.44,1,1
784.92,0.4,156.97,627.95,2,1
1044.28,0.8,290.95,753.33,4,1
539.59,0.0,97.54,442.05,0,1
713.95,0.2,186.51,527.44,1,1
777.72,0.4,187.59,590.13,2,1
564.31,0.0,107.14,457.18,0,1
861.1,0.4,202.89,658.21,2,1
878.09,0.4,212.32,665.77,2,1
1417.17,1.2,462.81,954.36,6,1
849.51,0.4,214.0,635.51,2,1
837.34,0.4,232.08,605.26,2,1
447.2,0.0,35.41,411.79,0,1
690.15,0.2,132.46,557.69,1,1
453.9,0.0,42.11,411.79,0,1
1077.4,0.6,326.24,751.15,3,1
652.19,0.2,124.76,527.44,1,1
1255.28,0.8,449.0,806.28,4,1
904.55,0.6,198.78,705.77,3,1
806.44,0.4,193.62,612.82,2,1
711.21,0.4,53.0,658.21,2,1
571.15,0.2,66.41,504.74,1,1
640.5,0.4,42.81,597.69,2,1
943.82,0.4,338.57,605.26,2,1
1209.44,1.2,308.03,901.41,6,1
1239.45,0.8,440.73,798.72,4,1
760.6,0.4,147.78,612.82,2,1
826.62,0.4,198.68,627.95,2,1
820.82,0.4,208.0,612.82,2,1
678.68,0.2,143.68,535.0,1,1
954.11,0.4,318.59,635.51,2,1
713.0,0.4,138.0,575.0,2,1
497.3,0.0,77.95,419.36,0,1
522.46,0.0,87.97,434.49,0,1
1040.33,0.6,319.43,720.9,3,1
920.3,0.4,292.35,627.95,2,1
944.68,0.6,223.78,720.9,3,1
1096.48,0.8,305.32,791.15,4,1
940.3,0.6,219.41,720.9,3,1
794.91,0.2,237.22,557.69,1,1
1187.94,0.8,411.92,776.03,4,1
1132.51,1.0,308.92,823.59,5,1
485.73,0.0,58.81,426.92,0,1
734.75,0.4,137.05,597.69,2,1
741.04,0.4,143.35,597.69,2,1
1174.31,0.8,375.59,798.72,4,1
697.11,0.2,162.11,535.0,1,1
442.5,0.0,30.7,411.79,0,1
615.75,0.0,166.14,449.62,0,1
613.18,0.2,123.57,489.62,1,1
1728.92,1.2,698.92,1030.0,6,1
742.72,0.2,185.03,557.69,1,1
811.11,0.4,175.59,635.51,2,1
759.86,0.4,124.35,635.51,2,1
469.58,0.0,50.22,419.36,0,1
660.21,0.4,77.65,582.56,2,1
562.37,0.2,57.62,504.74,1,1
438.5,0.0,26.7,411.79,0,1
608.86,0.0,151.68,457.18,0,1
748.72,0.4,158.59,590.13,2,1
1208.13,1.0,324.03,884.1,5,1
512.89,0.0,70.84,442.05,0,1
1035.97,0.6,299.95,736.03,3,1
528.06,0.0,101.14,426.92,0,1
970.72,0.8,179.57,791.15,4,1
863.88,0.6,165.68,698.21,3,1
879.04,0.6,226.22,652.82,3,1
834.23,0.6,128.46,705.77,3,1
489.36,0.0,70.0,419.36,0,1
725.16,0.4,135.03,590.13,2,1
636.15,0.2,138.97,497.18,1,1
578.8,0.0,114.05,464.74,0,1
851.25,0.4,238.43,612.82,2,1
903.19,0.2,360.62,542.56,1,1
829.65,0.6,161.7,667.95,3,1
656.11,0.2,128.68,527.44,1,1
788.55,0.4,183.3,605.26,2,1
778.76,0.4,158.38,620.38,2,1
1399.85,0.8,601.14,798.72,4,1
1072.61,0.8,281.46,791.15,4,1
1104.02,0.8,320.43,783.59,4,1
554.75,0.0,97.57,457.18,0,1
579.35,0.0,144.86,434.49,0,1
1369.93,1.0,470.7,899.23,5,1
777.6,0.4,164.78,612.82,2,1
861.87,0.4,233.92,627.95,2,1
499.36,0.0,80.0,419.36,0,1
