"Total_Cost","Ratio_Reloc_Prod","Horiz_Cost","Vert_Cost","nReloc","non_Optimal"
252773.79,0.7833,38257.59,214516.16,1175,300
626.62,0.4,104.57,522.05,2,1
576.35,0.2,101.86,474.49,1,1
733.02,0.6,110.46,622.56,3,1
671.33,0.4,111.46,559.87,2,1
940.92,1.2,100.03,840.9,6,1
927.19,1.0,171.68,755.51,5,1
611.13,0.4,81.51,529.62,2,1
1053.42,1.4,142.27,911.15,7,1
784.22,0.6,116.27,667.95,3,1
634.76,0.4,120.27,514.49,2,1
849.31,1.0,124.05,725.26,5,1
647.41,0.4,72.41,575.0,2,1
927.0,0.8,203.92,723.08,4,1
682.78,0.6,60.22,622.56,3,1
595.31,0.4,58.14,537.18,2,1
1041.34,1.2,170.19,871.15,6,1
1024.48,1.2,213.84,810.64,6,1
744.29,0.6,114.16,630.13,3,1
886.86,1.0,131.35,755.51,5,1
673.89,0.4,91.32,582.56,2,1
535.54,0.2,68.62,466.92,1,1
883.93,0.8,191.11,692.82,4,1
801.82,0.8,101.43,700.38,4,1
661.12,0.4,101.24,559.87,2,1
966.82,0.8,221.05,745.77,4,1
849.54,0.8,126.46,723.08,4,1
834.16,0.8,118.65,715.51,4,1
1285.6,1.8,203.68,1081.92,9,1
998.81,1.0,182.78,816.03,5,1
852.09,0.8,159.27,692.82,4,1
1003.36,1.2,109.51,893.85,6,1
625.49,0.4,65.62,559.87,2,1
838.32,0.8,168.19,670.13,4,1
1007.63,1.0,214.3,793.33,5,1
683.43,0.4,100.86,582.56,2,1
1317.14,1.8,182.27,1134.87,9,1
529.44,0.2,62.51,466.92,1,1
899.82,1.0,98.92,800.9,5,1
968.06,1.0,167.16,800.9,5,1
969.89,1.0,206.81,763.08,5,1
818.74,0.8,118.35,700.38,4,1
693.93,0.4,134.05,559.87,2,1
1095.42,1.4,123.76,971.67,7,1
771.91,0.6,88.84,683.08,3,1
535.8,0.0,71.05,464.74,0,1
818.08,0.8,110.14,707.95,4,1
1483.08,2.2,245.51,1237.56,11,1
756.35,0.6,141.35,615.0,3,1
566.97,0.2,77.35,489.62,1,1
1141.84,1.4,185.3,956.54,7,1
734.57,0.6,119.57,615.0,3,1
664.96,0.4,112.65,552.31,2,1
900.74,1.0,99.84,800.9,5,1
479.12,0.0,67.32,411.79,0,1
947.41,1.0,154.08,793.33,5,1
747.97,0.6,132.97,615.0,3,1
479.04,0.0,74.81,404.23,0,1
843.95,0.8,128.43,715.51,4,1
980.08,1.0,171.62,808.46,5,1
1115.23,1.4,143.57,971.67,7,1
808.81,0.8,85.73,723.08,4,1
1236.21,1.6,118.65,1117.56,8,1
1659.08,2.6,235.62,1423.46,13,1
1034.5,1.0,188.22,846.28,5,1
519.19,0.2,44.7,474.49,1,1
871.4,0.8,155.89,715.51,4,1
683.74,0.4,123.86,559.87,2,1
959.36,0.8,258.97,700.38,4,1
1133.49,1.4,184.51,948.97,7,1
868.33,0.8,175.51,692.82,4,1
913.44,1.0,112.54,800.9,5,1
787.11,0.6,119.16,667.95,3,1
819.33,0.4,206.51,612.82,2,1
677.46,0.4,102.46,575.0,2,1
1085.11,1.2,183.7,901.41,6,1
743.67,0.6,113.54,630.13,3,1
1538.58,2.2,270.76,1267.82,11,1
520.27,0.2,38.22,482.05,1,1
718.18,0.6,72.92,645.26,3,1
1485.06,2.2,202.11,1282.95,11,1
937.43,1.0,113.84,823.59,5,1
1001.43,0.8,232.97,768.46,4,1
999.45,1.0,168.3,831.15,5,1
846.56,0.8,108.35,738.21,4,1
965.51,0.8,234.86,730.64,4,1
977.53,1.2,98.81,878.72,6,1
635.12,0.2,130.38,504.74,1,1
491.97,0.0,102.86,389.1,0,1
834.23,0.8,148.97,685.26,4,1
514.54,0.0,87.62,426.92,0,1
979.82,1.2,93.54,886.28,6,1
965.12,1.0,186.92,778.21,5,1
745.31,0.6,100.05,645.26,3,1
1032.96,1.2,146.68,886.28,6,1
743.92,0.6,121.35,622.56,3,1
612.51,0.4,37.51,575.0,2,1
773.53,0.6,128.27,645.26,3,1
1011.28,1.2,117.43,893.85,6,1
475.72,0.0,26.11,449.62,0,1
759.57,0.4,192.14,567.44,2,1
964.84,1.0,156.38,808.46,5,1
569.98,0.2,103.05,466.92,1,1
1184.61,1.6,165.38,1019.23,8,1
510.6,0.2,36.11,474.49,1,1
837.52,0.8,76.62,760.9,4,1
567.22,0.2,92.73,474.49,1,1
577.24,0.2,87.62,489.62,1,1
869.26,1.0,98.62,770.64,5,1
765.53,0.6,120.27,645.26,3,1
755.68,0.6,87.73,667.95,3,1
1027.42,1.2,141.14,886.28,6,1
699.28,0.4,94.03,605.26,2,1
1019.28,1.2,178.38,840.9,6,1
751.1,0.6,120.97,630.13,3,1
500.08,0.0,110.97,389.1,0,1
577.78,0.2,95.73,482.05,1,1
888.36,1.0,95.03,793.33,5,1
517.12,0.2,65.32,451.79,1,1
769.09,0.6,116.27,652.82,3,1
792.38,0.6,116.86,675.51,3,1
865.28,0.8,111.95,753.33,4,1
1027.1,1.2,148.38,878.72,6,1
885.43,1.0,122.35,763.08,5,1
495.55,0.0,30.81,464.74,0,1
1062.93,1.2,184.22,878.72,6,1
880.94,0.8,203.24,677.69,4,1
613.11,0.4,38.11,575.0,2,1
915.33,0.8,222.51,692.82,4,1
622.69,0.4,77.95,544.74,2,1
843.67,0.8,181.11,662.56,4,1
568.38,0.2,101.46,466.92,1,1
1007.11,1.2,98.14,908.97,6,1
1269.8,1.8,97.11,1172.69,9,1
1030.5,1.2,151.78,878.72,6,1
785.31,0.6,132.49,652.82,3,1
706.75,0.6,76.62,630.13,3,1
774.78,0.6,152.22,622.56,3,1
1051.51,1.2,187.92,863.59,6,1
1281.72,1.8,161.97,1119.74,9,1
890.49,1.0,134.97,755.51,5,1
767.58,0.6,114.76,652.82,3,1
646.09,0.4,101.35,544.74,2,1
645.71,0.4,85.84,559.87,2,1
667.56,0.4,77.43,590.13,2,1
817.27,0.8,109.32,707.95,4,1
720.84,0.4,153.41,567.44,2,1
947.93,1.0,101.65,846.28,5,1
1175.09,1.4,241.24,933.85,7,1
888.17,1.0,94.84,793.33,5,1
925.31,1.0,79.03,846.28,5,1
651.71,0.4,91.84,559.87,2,1
570.82,0.2,111.46,459.36,1,1
472.19,0.0,37.7,434.49,0,1
693.98,0.4,134.11,559.87,2,1
877.83,0.8,147.19,730.64,4,1
1113.38,1.4,171.97,941.41,7,1
916.95,1.0,116.05,800.9,5,1
1060.74,1.2,174.46,886.28,6,1
857.12,0.8,111.35,745.77,4,1
1013.95,1.2,112.54,901.41,6,1
514.35,0.0,64.73,449.62,0,1
673.3,0.4,105.86,567.44,2,1
678.19,0.4,110.76,567.44,2,1
1086.12,1.4,99.32,986.79,7,1
1087.53,1.2,201.24,886.28,6,1
1119.11,1.4,177.7,941.41,7,1
1154.16,1.4,197.62,956.54,7,1
729.2,0.4,169.32,559.87,2,1
1243.46,1.8,153.97,1089.49,9,1
1143.95,1.4,210.11,933.85,7,1
838.57,0.6,170.62,667.95,3,1
1048.42,1.2,177.27,871.15,6,1
865.18,0.8,187.49,677.69,4,1
1082.17,1.2,188.32,893.85,6,1
586.79,0.2,135.0,451.79,1,1
1001.04,1.0,147.19,853.85,5,1
592.18,0.2,102.57,489.62,1,1
874.48,0.8,151.41,723.08,4,1
557.13,0.2,67.51,489.62,1,1
839.85,0.8,154.59,685.26,4,1
727.76,0.4,160.32,567.44,2,1
1176.76,1.6,127.27,1049.49,8,1
764.3,0.6,96.35,667.95,3,1
662.55,0.4,110.24,552.31,2,1
735.8,0.6,90.54,645.26,3,1
1026.87,1.2,185.97,840.9,6,1
619.2,0.2,114.46,504.74,1,1
459.74,0.0,55.51,404.23,0,1
839.8,0.8,109.16,730.64,4,1
864.7,0.8,96.24,768.46,4,1
480.05,0.0,38.0,442.05,0,1
1137.67,1.4,166.0,971.67,7,1
864.23,0.8,171.41,692.82,4,1
1298.97,1.8,201.92,1097.05,9,1
1042.96,1.2,156.68,886.28,6,1
725.31,0.6,87.62,637.69,3,1
655.39,0.2,143.08,512.31,1,1
520.86,0.2,38.81,482.05,1,1
1197.91,1.6,178.68,1019.23,8,1
850.53,0.8,180.41,670.13,4,1
479.42,0.0,82.76,396.67,0,1
747.88,0.6,117.76,630.13,3,1
682.44,0.4,122.57,559.87,2,1
514.9,0.0,95.54,419.36,0,1
863.56,0.8,140.49,723.08,4,1
962.51,1.0,131.35,831.15,5,1
633.19,0.4,50.62,582.56,2,1
924.13,1.0,100.54,823.59,5,1
858.43,0.8,135.35,723.08,4,1
793.78,0.6,178.78,615.0,3,1
1095.42,1.4,123.76,971.67,7,1
890.83,0.8,213.14,677.69,4,1
852.3,0.8,136.78,715.51,4,1
807.98,0.8,100.03,707.95,4,1
845.86,0.8,175.73,670.13,4,1
760.81,0.6,92.86,667.95,3,1
701.8,0.6,64.11,637.69,3,1
743.19,0.6,60.11,683.08,3,1
961.6,1.0,160.7,800.9,5,1
786.22,0.6,118.27,667.95,3,1
921.55,1.0,135.78,785.77,5,1
863.27,0.8,140.19,723.08,4,1
771.26,0.6,133.57,637.69,3,1
736.91,0.6,91.65,645.26,3,1
833.25,0.6,180.43,652.82,3,1
754.03,0.6,93.65,660.38,3,1
820.65,0.8,105.14,715.51,4,1
473.19,0.0,38.7,434.49,0,1
1168.11,1.4,166.19,1001.92,7,1
470.01,0.0,58.22,411.79,0,1
846.31,0.8,108.11,738.21,4,1
772.48,0.6,81.84,690.64,3,1
948.39,1.0,170.19,778.21,5,1
1187.31,1.4,200.51,986.79,7,1
1160.94,1.4,196.84,964.1,7,1
630.2,0.4,70.32,559.87,2,1
1279.0,1.8,136.57,1142.44,9,1
515.03,0.0,95.68,419.36,0,1
703.87,0.6,96.43,607.44,3,1
705.83,0.4,123.27,582.56,2,1
1134.07,1.4,147.27,986.79,7,1
750.88,0.6,120.76,630.13,3,1
928.53,1.0,157.89,770.64,5,1
627.88,0.4,83.14,544.74,2,1
800.29,0.8,77.22,723.08,4,1
565.48,0.2,83.43,482.05,1,1
637.61,0.4,100.43,537.18,2,1
1152.81,1.4,188.7,964.1,7,1
709.73,0.6,94.73,615.0,3,1
1152.72,1.6,141.05,1011.67,8,1
645.05,0.4,54.92,590.13,2,1
1353.33,1.8,226.03,1127.31,9,1
949.31,1.0,171.11,778.21,5,1
1090.14,1.4,216.81,873.33,7,1
1287.86,1.8,190.81,1097.05,9,1
571.35,0.2,96.86,474.49,1,1
920.34,1.0,134.57,785.77,5,1
1060.94,1.4,149.78,911.15,7,1
1393.21,2.0,188.08,1205.13,10,1
979.04,1.2,100.32,878.72,6,1
677.97,0.4,87.84,590.13,2,1
658.45,0.4,68.32,590.13,2,1
1358.62,1.8,208.62,1150.0,9,1
811.66,0.6,113.46,698.21,3,1
700.59,0.4,110.46,590.13,2,1
968.36,1.2,127.46,840.9,6,1
851.85,0.6,146.08,705.77,3,1
673.34,0.4,75.65,597.69,2,1
658.36,0.4,106.05,552.31,2,1
1219.44,1.6,185.08,1034.36,8,1
642.91,0.4,98.16,544.74,2,1
734.51,0.6,111.95,622.56,3,1
1189.82,1.4,203.03,986.79,7,1
943.78,1.0,127.76,816.03,5,1
581.88,0.2,77.14,504.74,1,1
916.52,1.0,108.05,808.46,5,1
795.52,0.6,127.57,667.95,3,1
915.67,1.0,99.65,816.03,5,1
653.81,0.4,78.81,575.0,2,1
598.3,0.2,78.43,519.87,1,1
541.53,0.2,51.92,489.62,1,1
1005.87,1.0,212.54,793.33,5,1
926.25,0.8,157.78,768.46,4,1
824.86,0.8,109.35,715.51,4,1
1174.42,1.6,87.11,1087.31,8,1
568.8,0.2,71.62,497.18,1,1
948.91,1.0,170.7,778.21,5,1
1005.76,1.0,197.3,808.46,5,1
973.71,1.0,180.38,793.33,5,1
996.1,1.2,124.95,871.15,6,1
476.14,0.0,49.22,426.92,0,1
1137.82,1.4,211.54,926.28,7,1
1091.85,1.4,158.0,933.85,7,1
854.85,0.8,116.65,738.21,4,1
800.07,0.6,154.81,645.26,3,1
494.56,0.0,52.51,442.05,0,1
598.25,0.2,85.95,512.31,1,1
465.74,0.0,61.51,404.23,0,1
831.54,0.8,108.46,723.08,4,1
722.82,0.6,62.43,660.38,3,1
