"Total_Cost","Ratio_Reloc_Prod","Horiz_Cost","Vert_Cost","nReloc","non_Optimal"
224639.9,0.4553,32594.96,192045.02,683,150
1147.1,0.1,94.41,1052.69,1,1
1508.46,0.4,245.0,1263.46,4,1
1305.74,0.3,165.49,1140.26,3,1
1573.53,0.6,154.43,1419.1,6,1
1958.24,1.0,258.11,1700.13,10,1
1227.22,0.2,164.78,1062.44,2,1
1652.59,0.5,281.05,1371.54,5,1
1592.14,0.5,243.3,1348.85,5,1
1475.87,0.4,212.41,1263.46,4,1
1419.53,0.4,193.89,1225.64,4,1
1734.51,0.7,290.54,1443.97,7,1
1417.62,0.4,154.16,1263.46,4,1
1626.75,0.6,215.22,1411.54,6,1
1510.72,0.4,217.0,1293.72,4,1
1214.24,0.2,144.24,1070.0,2,1
1228.58,0.2,120.76,1107.82,2,1
1674.75,0.5,356.16,1318.59,5,1
1354.82,0.3,207.0,1147.82,3,1
958.11,0.0,89.14,868.97,0,1
1472.74,0.4,224.41,1248.33,4,1
1396.24,0.3,210.59,1185.64,3,1
1508.54,0.4,290.46,1218.08,4,1
2014.96,0.8,447.78,1567.18,8,1
1746.56,0.5,367.46,1379.1,5,1
1534.92,0.4,218.51,1316.41,4,1
1380.12,0.3,179.35,1200.77,3,1
1380.5,0.4,139.73,1240.77,4,1
1515.22,0.4,206.38,1308.85,4,1
1726.17,0.7,236.81,1489.36,7,1
1534.21,0.6,183.19,1351.03,6,1
1885.73,0.8,333.68,1552.05,8,1
1628.18,0.6,201.51,1426.67,6,1
1657.87,0.5,293.89,1363.97,5,1
1330.02,0.2,237.32,1092.69,2,1
1342.6,0.4,139.65,1202.95,4,1
1322.9,0.3,175.08,1147.82,3,1
1181.03,0.2,126.16,1054.87,2,1
1340.5,0.3,207.81,1132.69,3,1
962.03,0.0,100.62,861.41,0,1
1002.77,0.1,71.11,931.67,1,1
1501.03,0.3,330.51,1170.51,3,1
1020.99,0.0,121.76,899.23,0,1
1379.86,0.3,201.78,1178.08,3,1
1278.42,0.2,178.16,1100.26,2,1
1109.94,0.2,85.32,1024.62,2,1
1229.12,0.2,136.43,1092.69,2,1
1314.1,0.2,236.54,1077.56,2,1
1538.29,0.5,219.7,1318.59,5,1
1742.67,0.7,230.62,1512.05,7,1
1736.13,0.6,324.59,1411.54,6,1
1647.43,0.5,283.46,1363.97,5,1
1513.61,0.5,232.84,1280.77,5,1
1155.59,0.1,170.97,984.62,1,1
1545.49,0.6,156.65,1388.85,6,1
1514.39,0.4,266.05,1248.33,4,1
1359.26,0.3,219.0,1140.26,3,1
1590.48,0.5,264.32,1326.15,5,1
2126.96,1.1,311.19,1815.77,11,1
1240.47,0.2,132.65,1107.82,2,1
1314.61,0.3,174.35,1140.26,3,1
1427.57,0.3,211.68,1215.9,3,1
1305.6,0.3,142.65,1162.95,3,1
1225.87,0.1,211.0,1014.87,1,1
1401.96,0.3,254.14,1147.82,3,1
1452.25,0.3,296.86,1155.38,3,1
1461.78,0.4,251.27,1210.51,4,1
1427.54,0.4,217.03,1210.51,4,1
1116.86,0.2,99.81,1017.05,2,1
1535.42,0.5,209.27,1326.15,5,1
1093.67,0.2,76.62,1017.05,2,1
1433.96,0.5,160.76,1273.21,5,1
1879.97,0.9,219.84,1660.13,9,1
1471.3,0.4,215.41,1255.9,4,1
1882.04,0.9,259.73,1622.31,9,1
1599.16,0.4,335.7,1263.46,4,1
1793.37,0.7,326.7,1466.67,7,1
1171.79,0.2,116.92,1054.87,2,1
1056.74,0.1,109.95,946.79,1,1
1297.02,0.3,179.46,1117.56,3,1
1623.33,0.7,179.35,1443.97,7,1
1861.92,0.8,256.92,1605.0,8,1
1825.07,0.9,217.89,1607.18,9,1
1625.69,0.7,151.46,1474.23,7,1
1788.2,0.7,306.41,1481.79,7,1
1748.45,0.6,314.22,1434.23,6,1
1774.11,0.8,222.05,1552.05,8,1
1887.22,0.9,242.22,1645.0,9,1
979.59,0.0,87.92,891.67,0,1
1718.67,0.8,227.14,1491.54,8,1
981.6,0.0,127.76,853.85,0,1
1457.77,0.3,249.43,1208.33,3,1
1378.23,0.4,145.03,1233.21,4,1
1015.66,0.0,116.43,899.23,0,1
1221.8,0.1,229.62,992.18,1,1
2343.1,1.3,409.51,1933.59,13,1
1663.16,0.6,251.62,1411.54,6,1
1455.86,0.4,184.84,1271.03,4,1
1790.84,0.7,286.35,1504.49,7,1
1663.33,0.5,314.49,1348.85,5,1
1312.81,0.3,202.81,1110.0,3,1
1603.72,0.5,209.49,1394.23,5,1
1546.51,0.5,227.92,1318.59,5,1
1320.93,0.3,180.68,1140.26,3,1
1744.74,0.8,215.38,1529.36,8,1
1939.27,0.9,286.7,1652.56,9,1
1533.48,0.5,207.32,1326.15,5,1
1573.52,0.5,270.05,1303.46,5,1
1757.36,0.7,260.43,1496.92,7,1
1526.56,0.5,253.35,1273.21,5,1
1757.49,0.7,268.14,1489.36,7,1
1303.64,0.4,130.95,1172.69,4,1
1771.31,0.7,297.08,1474.23,7,1
1759.46,0.8,214.97,1544.49,8,1
1231.72,0.2,139.03,1092.69,2,1
1550.67,0.5,232.08,1318.59,5,1
1693.6,0.7,264.76,1428.85,7,1
1865.7,0.9,205.57,1660.13,9,1
1685.97,0.5,322.0,1363.97,5,1
1440.97,0.6,150.46,1290.51,6,1
1315.74,0.3,175.49,1140.26,3,1
1505.58,0.4,211.86,1293.72,4,1
1216.15,0.3,143.97,1072.18,3,1
1317.55,0.4,129.73,1187.82,4,1
1618.6,0.6,214.62,1403.97,6,1
1542.6,0.4,279.14,1263.46,4,1
1427.22,0.4,231.84,1195.38,4,1
1703.92,0.7,259.95,1443.97,7,1
1388.64,0.2,303.51,1085.13,2,1
1554.87,0.7,126.03,1428.85,7,1
1615.15,0.5,273.86,1341.28,5,1
2026.08,1.0,341.08,1685.0,10,1
1469.01,0.4,213.11,1255.9,4,1
1219.73,0.3,109.73,1110.0,3,1
958.63,0.0,97.22,861.41,0,1
1535.23,0.5,262.03,1273.21,5,1
1592.9,0.5,236.49,1356.41,5,1
1427.0,0.4,216.49,1210.51,4,1
1356.93,0.3,156.16,1200.77,3,1
1623.04,0.5,274.19,1348.85,5,1
1702.59,0.6,291.05,1411.54,6,1
1723.05,0.7,218.57,1504.49,7,1
1921.84,0.9,276.84,1645.0,9,1
1423.61,0.3,230.41,1193.21,3,1
1827.91,0.7,368.81,1459.1,7,1
1486.82,0.5,198.49,1288.33,5,1
1501.99,0.4,268.78,1233.21,4,1
1650.41,0.5,301.57,1348.85,5,1
1176.85,0.2,129.54,1047.31,2,1
1592.11,0.5,235.7,1356.41,5,1
1158.08,0.1,188.59,969.49,1,1
