"Total_Cost","Ratio_Reloc_Prod","Horiz_Cost","Vert_Cost","nReloc","non_Optimal"
222911.45,0.458,30615.73,192295.8,687,150
1159.36,0.1,99.11,1060.26,1,1
1498.3,0.4,242.41,1255.9,4,1
1308.15,0.3,167.89,1140.26,3,1
1586.21,0.6,159.54,1426.67,6,1
1944.96,1.0,237.27,1707.69,10,1
1203.68,0.2,141.24,1062.44,2,1
1652.59,0.5,281.05,1371.54,5,1
1579.06,0.5,230.22,1348.85,5,1
1415.2,0.4,166.86,1248.33,4,1
1431.8,0.4,198.59,1233.21,4,1
1670.53,0.7,256.81,1413.72,7,1
1450.7,0.4,179.68,1271.03,4,1
1683.4,0.7,216.73,1466.67,7,1
1482.77,0.4,189.05,1293.72,4,1
1231.92,0.2,154.35,1077.56,2,1
1149.46,0.1,119.46,1030.0,1,1
1547.44,0.5,251.54,1295.9,5,1
1425.72,0.3,232.51,1193.21,3,1
1040.88,0.1,101.65,939.23,1,1
1429.18,0.4,195.97,1233.21,4,1
1404.21,0.3,211.0,1193.21,3,1
1539.88,0.4,314.24,1225.64,4,1
1881.09,0.7,391.73,1489.36,7,1
1707.35,0.5,335.81,1371.54,5,1
1414.09,0.3,198.19,1215.9,3,1
1249.09,0.2,148.84,1100.26,2,1
1425.65,0.4,169.76,1255.9,4,1
1435.67,0.4,164.65,1271.03,4,1
1627.38,0.6,223.41,1403.97,6,1
1540.32,0.6,189.3,1351.03,6,1
1731.16,0.7,279.62,1451.54,7,1
1574.7,0.5,195.59,1379.1,5,1
1735.55,0.6,286.19,1449.36,6,1
1327.12,0.2,234.43,1092.69,2,1
1211.1,0.2,133.54,1077.56,2,1
1464.84,0.5,168.95,1295.9,5,1
1118.94,0.1,126.76,992.18,1,1
1440.44,0.5,197.49,1242.95,5,1
985.87,0.0,124.46,861.41,0,1
1050.54,0.1,88.62,961.92,1,1
1398.39,0.3,258.14,1140.26,3,1
1097.24,0.1,127.76,969.49,1,1
1454.81,0.4,191.35,1263.46,4,1
1342.06,0.3,186.68,1155.38,3,1
1128.64,0.2,104.03,1024.62,2,1
1212.07,0.2,126.95,1085.13,2,1
1334.61,0.2,241.92,1092.69,2,1
1737.65,0.7,225.59,1512.05,7,1
1482.0,0.4,203.41,1278.59,4,1
1744.23,0.7,262.43,1481.79,7,1
1515.69,0.5,181.97,1333.72,5,1
1401.83,0.4,176.19,1225.64,4,1
1309.77,0.3,161.95,1147.82,3,1
1654.64,0.7,187.97,1466.67,7,1
1380.4,0.3,209.89,1170.51,3,1
1237.64,0.2,197.89,1039.74,2,1
1693.38,0.6,296.97,1396.41,6,1
1810.59,0.7,290.97,1519.62,7,1
1281.73,0.2,143.65,1138.08,2,1
1553.29,0.5,234.7,1318.59,5,1
1626.95,0.5,270.54,1356.41,5,1
1237.12,0.2,144.43,1092.69,2,1
1222.14,0.2,152.14,1070.0,2,1
1576.18,0.6,202.46,1373.72,6,1
1431.63,0.3,291.38,1140.26,3,1
1297.17,0.2,234.73,1062.44,2,1
1565.37,0.6,191.65,1373.72,6,1
1255.4,0.3,137.84,1117.56,3,1
1616.24,0.6,212.27,1403.97,6,1
1040.28,0.1,85.92,954.36,1,1
1557.32,0.7,158.73,1398.59,7,1
1594.03,0.6,190.05,1403.97,6,1
1428.29,0.4,210.22,1218.08,4,1
1662.91,0.7,188.68,1474.23,7,1
1760.87,0.7,271.51,1489.36,7,1
1634.16,0.5,262.62,1371.54,5,1
984.81,0.0,100.7,884.1,0,1
1312.39,0.3,164.57,1147.82,3,1
1567.17,0.5,218.32,1348.85,5,1
1524.8,0.6,158.65,1366.15,6,1
1781.66,0.8,191.78,1589.87,8,1
1590.84,0.5,219.3,1371.54,5,1
1523.86,0.6,165.27,1358.59,6,1
1867.64,0.9,252.89,1614.74,9,1
1571.43,0.5,267.97,1303.46,5,1
1602.05,0.5,283.46,1318.59,5,1
1668.89,0.6,196.84,1472.05,6,1
1165.06,0.2,102.62,1062.44,2,1
1570.35,0.5,251.76,1318.59,5,1
953.17,0.0,99.32,853.85,0,1
1317.09,0.3,169.27,1147.82,3,1
1399.68,0.4,136.22,1263.46,4,1
1301.8,0.3,161.54,1140.26,3,1
1463.48,0.4,237.84,1225.64,4,1
2329.09,1.3,372.81,1956.28,13,1
2055.74,1.0,272.41,1783.33,10,1
1350.12,0.3,156.92,1193.21,3,1
1758.27,0.6,286.22,1472.05,6,1
1389.66,0.2,289.41,1100.26,2,1
1418.47,0.3,217.7,1200.77,3,1
1504.38,0.4,240.92,1263.46,4,1
1371.11,0.4,168.16,1202.95,4,1
1397.52,0.5,154.57,1242.95,5,1
1470.23,0.6,149.46,1320.77,6,1
1876.04,0.9,208.35,1667.69,9,1
1409.95,0.5,167.0,1242.95,5,1
1256.28,0.2,201.41,1054.87,2,1
1654.46,0.7,210.49,1443.97,7,1
1530.36,0.5,242.03,1288.33,5,1
1854.99,0.8,280.24,1574.74,8,1
1244.73,0.2,167.16,1077.56,2,1
1652.84,0.7,201.3,1451.54,7,1
1638.16,0.7,179.05,1459.1,7,1
1294.6,0.3,139.22,1155.38,3,1
1326.63,0.3,186.38,1140.26,3,1
1390.93,0.3,235.54,1155.38,3,1
1740.51,0.8,188.46,1552.05,8,1
1528.14,0.4,264.68,1263.46,4,1
1401.33,0.4,198.38,1202.95,4,1
1403.56,0.4,185.49,1218.08,4,1
1848.67,0.8,289.05,1559.62,8,1
997.73,0.0,128.76,868.97,0,1
1600.76,0.7,164.35,1436.41,7,1
1502.19,0.5,206.3,1295.9,5,1
1717.51,0.7,258.41,1459.1,7,1
1201.04,0.3,128.86,1072.18,3,1
1627.52,0.6,231.11,1396.41,6,1
1335.55,0.2,280.68,1054.87,2,1
1224.86,0.2,139.73,1085.13,2,1
1689.34,0.7,215.11,1474.23,7,1
1586.88,0.5,260.73,1326.15,5,1
1492.14,0.5,203.81,1288.33,5,1
1074.48,0.1,97.43,977.05,1,1
1005.81,0.1,96.84,908.97,1,1
1755.35,0.8,263.81,1491.54,8,1
1348.5,0.3,215.81,1132.69,3,1
2019.87,1.0,281.92,1737.95,10,1
1378.5,0.4,137.73,1240.77,4,1
1953.07,1.0,237.81,1715.26,10,1
1331.95,0.3,176.57,1155.38,3,1
1425.07,0.4,184.3,1240.77,4,1
1725.3,0.6,275.95,1449.36,6,1
1835.18,0.8,268.0,1567.18,8,1
2058.5,1.0,350.81,1707.69,10,1
1940.13,0.8,274.62,1665.51,8,1
1730.94,0.7,264.27,1466.67,7,1
1735.3,0.7,283.76,1451.54,7,1
1201.35,0.2,131.35,1070.0,2,1
1519.25,0.5,230.92,1288.33,5,1
1601.42,0.6,174.76,1426.67,6,1
