"Total_Cost","Ratio_Reloc_Prod","Horiz_Cost","Vert_Cost","nReloc","non_Optimal"
256055.15,0.3813,69486.43,186568.79,572,205
540.69,0.0,75.95,464.74,0,0
747.12,0.4,88.92,658.21,2,0
738.51,0.2,143.0,595.51,1,0
674.6,0.2,94.22,580.38,1,1
699.31,0.2,126.49,572.82,1,0
544.93,0.0,72.62,472.31,0,0
973.75,0.4,315.54,658.21,2,1
911.86,0.8,128.27,783.59,4,1
635.34,0.2,130.59,504.74,1,0
881.14,0.4,268.32,612.82,2,1
1407.49,1.2,438.0,969.49,6,1
573.96,0.0,101.65,472.31,0,1
711.28,0.2,130.89,580.38,1,0
970.6,0.8,149.19,821.41,4,1
880.01,0.8,126.68,753.33,4,1
600.66,0.0,128.35,472.31,0,1
521.4,0.0,64.22,457.18,0,0
589.44,0.2,77.14,512.31,1,0
779.58,0.4,174.32,605.26,2,1
630.19,0.2,102.76,527.44,1,0
625.67,0.2,75.54,550.13,1,0
1316.19,1.2,354.27,961.92,6,1
1527.92,1.0,711.89,816.03,5,1
706.3,0.2,118.35,587.95,1,0
543.89,0.0,94.27,449.62,0,1
675.93,0.2,110.68,565.26,1,1
691.43,0.2,148.86,542.56,1,1
704.76,0.4,76.81,627.95,2,0
629.68,0.2,102.24,527.44,1,0
785.23,0.4,119.46,665.77,2,1
732.31,0.4,127.05,605.26,2,1
750.33,0.4,122.38,627.95,2,1
633.46,0.2,106.03,527.44,1,1
757.09,0.2,191.84,565.26,1,1
579.03,0.0,99.16,479.87,0,1
512.75,0.0,70.7,442.05,0,1
1019.09,0.8,212.81,806.28,4,1
638.94,0.2,81.24,557.69,1,1
547.5,0.0,90.32,457.18,0,1
701.82,0.2,136.57,565.26,1,1
590.91,0.0,126.16,464.74,0,1
1438.19,1.2,529.22,908.97,6,1
591.62,0.0,142.0,449.62,0,0
629.49,0.2,102.05,527.44,1,0
1094.9,0.8,288.62,806.28,4,1
1158.12,0.6,459.92,698.21,3,1
864.96,0.4,259.7,605.26,2,1
1005.73,0.4,377.78,627.95,2,1
436.34,0.0,32.11,404.23,0,1
564.54,0.2,90.05,474.49,1,0
595.67,0.0,138.49,457.18,0,1
767.89,0.2,225.32,542.56,1,1
651.83,0.2,109.27,542.56,1,0
1415.59,0.6,785.46,630.13,3,1
865.66,0.4,199.89,665.77,2,1
1057.87,0.8,289.41,768.46,4,1
873.06,0.4,260.24,612.82,2,1
1156.91,0.6,413.32,743.59,3,1
826.29,0.4,228.59,597.69,2,1
1092.89,0.8,369.81,723.08,4,1
1036.9,0.6,270.62,766.28,3,1
961.17,0.6,247.84,713.33,3,1
588.97,0.0,139.35,449.62,0,1
619.23,0.2,61.54,557.69,1,1
970.69,0.2,405.43,565.26,1,1
773.54,0.4,190.97,582.56,2,1
1094.4,0.8,363.76,730.64,4,1
1061.07,0.6,302.35,758.72,3,1
890.31,0.6,184.54,705.77,3,0
547.34,0.0,90.16,457.18,0,0
852.39,0.4,194.19,658.21,2,0
645.25,0.2,72.43,572.82,1,1
668.8,0.2,103.54,565.26,1,1
627.28,0.0,162.54,464.74,0,1
924.7,0.4,281.62,643.08,2,0
1008.81,0.6,272.78,736.03,3,1
970.91,0.6,227.32,743.59,3,1
1234.49,1.0,320.14,914.36,5,1
953.18,0.4,363.05,590.13,2,1
909.32,0.4,258.68,650.64,2,0
851.72,0.6,108.14,743.59,3,1
1263.99,0.8,419.89,844.1,4,1
565.18,0.0,100.43,464.74,0,0
1259.97,0.8,415.86,844.1,4,1
683.14,0.4,70.32,612.82,2,1
803.14,0.4,175.19,627.95,2,1
1033.32,0.8,196.78,836.54,4,1
750.01,0.4,129.62,620.38,2,1
1170.52,0.6,517.7,652.82,3,1
1457.17,1.2,434.73,1022.44,6,1
841.25,0.4,213.3,627.95,2,1
679.5,0.2,114.24,565.26,1,1
546.91,0.0,89.73,457.18,0,1
696.18,0.2,138.49,557.69,1,1
693.96,0.2,196.78,497.18,1,1
1418.43,0.8,702.92,715.51,4,1
973.34,0.6,222.19,751.15,3,1
775.49,0.2,255.62,519.87,1,0
1044.36,0.4,378.59,665.77,2,1
708.68,0.2,188.81,519.87,1,0
1186.24,0.6,495.59,690.64,3,1
599.43,0.2,64.43,535.0,1,1
786.69,0.2,229.0,557.69,1,1
1037.11,0.6,361.59,675.51,3,1
588.05,0.0,146.0,442.05,0,1
911.86,0.8,135.84,776.03,4,0
1230.88,1.0,392.16,838.72,5,1
962.67,0.6,219.08,743.59,3,1
1146.88,0.8,295.22,851.67,4,1
1892.36,1.2,1006.08,886.28,6,1
707.75,0.2,165.19,542.56,1,0
521.88,0.0,57.14,464.74,0,0
672.72,0.2,107.46,565.26,1,1
702.63,0.2,137.38,565.26,1,0
549.18,0.0,84.43,464.74,0,0
546.88,0.0,82.14,464.74,0,0
555.77,0.0,91.03,464.74,0,1
624.04,0.0,159.3,464.74,0,1
687.91,0.2,122.65,565.26,1,0
571.62,0.0,129.57,442.05,0,0
1537.13,0.6,861.62,675.51,3,1
796.7,0.2,261.7,535.0,1,1
1162.98,0.6,449.65,713.33,3,1
824.7,0.4,174.05,650.64,2,0
1202.7,0.8,419.11,783.59,4,1
1065.16,0.6,321.57,743.59,3,1
617.13,0.0,167.51,449.62,0,0
858.78,0.4,215.7,643.08,2,0
1886.07,1.4,914.41,971.67,7,1
579.55,0.0,107.24,472.31,0,1
723.0,0.2,195.57,527.44,1,0
1104.86,0.8,313.7,791.15,4,1
1071.66,0.6,312.95,758.72,3,1
785.75,0.6,95.11,690.64,3,1
1023.34,0.4,357.57,665.77,2,0
1160.58,0.6,394.3,766.28,3,1
673.0,0.2,145.57,527.44,1,0
609.65,0.2,74.65,535.0,1,1
575.8,0.0,111.05,464.74,0,0
1179.64,0.6,436.05,743.59,3,0
786.03,0.4,158.08,627.95,2,1
561.2,0.0,96.46,464.74,0,1
866.81,0.4,223.73,643.08,2,1
757.8,0.2,192.54,565.26,1,0
1058.92,0.6,330.46,728.46,3,1
499.36,0.0,80.0,419.36,0,0
1469.27,1.2,552.73,916.54,6,1
596.91,0.0,147.3,449.62,0,0
1036.44,0.6,315.54,720.9,3,1
460.0,0.0,25.51,434.49,0,1
641.08,0.2,113.65,527.44,1,1
1812.63,1.0,966.35,846.28,5,1
1006.27,0.6,277.81,728.46,3,1
799.6,0.4,126.27,673.33,2,1
693.12,0.2,135.43,557.69,1,1
1137.72,0.8,286.05,851.67,4,1
522.31,0.0,65.14,457.18,0,1
689.91,0.2,139.78,550.13,1,1
632.96,0.2,67.7,565.26,1,1
676.82,0.2,111.57,565.26,1,0
847.07,0.4,181.3,665.77,2,1
652.21,0.2,94.51,557.69,1,1
739.47,0.2,174.22,565.26,1,1
1040.36,0.8,234.08,806.28,4,1
728.47,0.2,163.22,565.26,1,0
795.23,0.4,182.41,612.82,2,1
1160.11,0.6,439.22,720.9,3,1
544.47,0.0,79.73,464.74,0,0
1045.26,0.4,455.14,590.13,2,1
728.82,0.2,163.57,565.26,1,0
935.62,0.6,199.59,736.03,3,0
656.38,0.2,121.38,535.0,1,1
792.44,0.4,164.49,627.95,2,0
1651.51,1.4,581.51,1070.0,7,1
962.22,0.6,233.76,728.46,3,1
551.58,0.0,86.84,464.74,0,1
597.47,0.0,132.73,464.74,0,0
880.48,0.4,297.92,582.56,2,1
1308.09,0.8,554.76,753.33,4,1
646.04,0.2,88.35,557.69,1,0
780.69,0.4,114.92,665.77,2,1
1481.09,1.0,559.16,921.92,5,1
924.59,0.4,281.51,643.08,2,1
721.95,0.4,86.43,635.51,2,1
1558.86,0.8,888.73,670.13,4,1
1026.17,0.4,405.78,620.38,2,1
1177.46,1.0,316.05,861.41,5,0
1478.13,0.8,747.49,730.64,4,1
980.6,0.4,307.27,673.33,2,1
928.13,0.6,192.11,736.03,3,1
1671.4,1.0,840.24,831.15,5,1
907.54,0.6,179.08,728.46,3,1
1043.21,0.6,345.0,698.21,3,0
592.82,0.0,128.08,464.74,0,1
641.07,0.2,75.81,565.26,1,0
948.82,0.6,227.92,720.9,3,0
669.09,0.2,103.84,565.26,1,1
545.61,0.0,80.86,464.74,0,0
955.35,0.6,219.32,736.03,3,1
535.5,0.0,78.32,457.18,0,1
669.52,0.2,142.08,527.44,1,1
1083.24,0.6,347.22,736.03,3,0
979.89,0.6,236.3,743.59,3,1
520.75,0.0,71.14,449.62,0,0
1087.13,0.6,343.54,743.59,3,1
916.15,0.2,411.41,504.74,1,1
879.47,0.4,206.14,673.33,2,1
1231.46,1.2,254.41,977.05,6,1
839.17,0.4,173.41,665.77,2,1
656.12,0.2,98.43,557.69,1,1
799.12,0.4,133.35,665.77,2,0
1195.4,1.0,303.73,891.67,5,1
534.04,0.0,61.73,472.31,0,0
1121.21,0.6,385.19,736.03,3,1
781.62,0.2,239.05,542.56,1,1
637.02,0.0,179.84,457.18,0,0
580.16,0.0,130.54,449.62,0,0
762.45,0.4,104.24,658.21,2,0
1013.05,0.6,277.03,736.03,3,1
949.09,0.4,283.32,665.77,2,1
897.59,0.6,161.57,736.03,3,1
762.88,0.2,197.62,565.26,1,0
750.89,0.4,107.81,643.08,2,1
580.48,0.0,123.3,457.18,0,0
926.18,0.4,275.54,650.64,2,1
887.66,0.4,221.89,665.77,2,0
1025.69,0.6,259.41,766.28,3,0
724.45,0.2,159.19,565.26,1,0
1114.69,0.6,348.41,766.28,3,1
973.75,0.4,315.54,658.21,2,1
730.47,0.4,117.65,612.82,2,1
600.23,0.0,143.05,457.18,0,0
439.31,0.0,27.51,411.79,0,1
914.75,0.6,224.11,690.64,3,1
535.18,0.0,70.43,464.74,0,1
1323.28,0.6,670.46,652.82,3,1
991.66,0.4,378.84,612.82,2,1
975.2,0.6,269.43,705.77,3,0
729.15,0.2,163.89,565.26,1,0
701.15,0.2,143.46,557.69,1,1
560.84,0.2,33.41,527.44,1,1
1705.95,0.8,990.43,715.51,4,1
963.82,0.6,242.92,720.9,3,1
657.04,0.2,84.22,572.82,1,0
538.85,0.0,74.11,464.74,0,1
573.56,0.0,116.38,457.18,0,0
805.8,0.2,248.11,557.69,1,0
1136.49,1.2,227.51,908.97,6,1
1099.86,0.4,456.78,643.08,2,1
882.49,0.4,262.11,620.38,2,0
1356.03,0.6,635.14,720.9,3,1
730.87,0.2,150.49,580.38,1,0
765.96,0.2,200.7,565.26,1,0
703.67,0.2,145.97,557.69,1,1
1036.7,0.6,300.68,736.03,3,1
603.31,0.0,138.57,464.74,0,1
705.45,0.2,147.76,557.69,1,0
1142.88,0.4,492.24,650.64,2,1
725.9,0.2,153.08,572.82,1,0
1093.79,0.6,425.84,667.95,3,1
437.2,0.0,25.41,411.79,0,1
657.4,0.2,99.7,557.69,1,0
893.97,0.4,258.46,635.51,2,0
692.82,0.2,127.57,565.26,1,1
730.85,0.2,173.16,557.69,1,0
935.86,0.2,385.73,550.13,1,1
690.41,0.2,155.41,535.0,1,1
571.98,0.2,52.11,519.87,1,1
1235.57,1.0,366.59,868.97,5,0
557.87,0.0,70.43,487.44,0,1
1038.74,0.6,272.46,766.28,3,1
803.62,0.4,160.54,643.08,2,1
827.37,0.2,284.81,542.56,1,1
991.7,0.2,456.7,535.0,1,1
1443.16,1.0,627.14,816.03,5,1
832.11,0.2,244.16,587.95,1,1
681.96,0.2,109.14,572.82,1,0
795.74,0.2,230.49,565.26,1,1
588.05,0.0,138.43,449.62,0,1
952.46,0.6,269.38,683.08,3,1
575.11,0.2,40.11,535.0,1,0
639.66,0.0,174.92,464.74,0,0
972.02,0.6,288.95,683.08,3,1
569.07,0.0,119.46,449.62,0,1
711.4,0.2,161.27,550.13,1,1
665.82,0.4,105.95,559.87,2,1
613.91,0.2,109.16,504.74,1,1
1164.44,0.8,403.54,760.9,4,1
871.72,0.4,221.08,650.64,2,0
735.63,0.4,115.24,620.38,2,1
511.07,0.0,46.32,464.74,0,1
1015.2,0.6,301.86,713.33,3,0
793.69,0.4,188.43,605.26,2,0
1187.04,0.8,320.24,866.79,4,1
567.47,0.0,95.16,472.31,0,0
864.23,0.4,198.46,665.77,2,0
706.34,0.2,141.08,565.26,1,0
571.01,0.0,106.27,464.74,0,0
1052.19,0.6,384.24,667.95,3,1
517.41,0.2,42.92,474.49,1,1
