"Total_Cost","Ratio_Reloc_Prod","Horiz_Cost","Vert_Cost","nReloc","non_Optimal"
252347.07,0.4047,62116.73,190230.47,607,105
757.77,0.4,84.43,673.33,2,0
920.66,0.4,262.46,658.21,2,0
983.64,0.6,232.49,751.15,3,0
575.03,0.0,95.16,479.87,0,0
611.22,0.0,131.35,479.87,0,0
1029.69,1.0,183.41,846.28,5,1
759.25,0.4,131.3,627.95,2,1
1020.71,0.8,199.3,821.41,4,1
819.79,0.6,91.32,728.46,3,0
1032.94,0.6,349.86,683.08,3,0
712.96,0.2,147.7,565.26,1,1
542.57,0.0,62.7,479.87,0,0
678.13,0.2,135.57,542.56,1,0
670.56,0.2,112.86,557.69,1,0
692.63,0.2,127.38,565.26,1,1
968.23,0.6,254.89,713.33,3,1
516.85,0.0,52.11,464.74,0,0
620.86,0.2,70.73,550.13,1,0
820.06,0.6,106.73,713.33,3,1
792.63,0.4,126.86,665.77,2,0
848.95,0.6,128.05,720.9,3,0
846.9,0.6,186.51,660.38,3,0
836.58,0.6,123.24,713.33,3,0
941.41,0.8,180.51,760.9,4,1
536.91,0.0,79.73,457.18,0,0
694.23,0.2,136.54,557.69,1,0
560.74,0.0,96.0,464.74,0,0
800.9,0.4,135.14,665.77,2,0
647.37,0.2,97.24,550.13,1,0
878.56,0.4,288.43,590.13,2,0
1017.85,0.6,304.51,713.33,3,1
1417.47,0.8,611.19,806.28,4,1
919.03,0.4,283.51,635.51,2,1
916.53,0.6,210.76,705.77,3,1
844.44,0.4,216.49,627.95,2,0
680.94,0.2,123.24,557.69,1,1
445.2,0.0,33.41,411.79,0,1
693.42,0.2,135.73,557.69,1,0
1230.5,0.6,464.22,766.28,3,0
1754.46,1.6,644.46,1110.0,8,0
543.65,0.0,56.22,487.44,0,0
1053.55,0.8,239.7,813.85,4,0
545.93,0.0,73.62,472.31,0,0
844.31,0.4,186.11,658.21,2,0
1305.76,0.6,569.73,736.03,3,1
937.94,0.6,194.35,743.59,3,1
909.0,0.6,241.05,667.95,3,0
681.13,0.2,138.57,542.56,1,0
809.62,0.4,181.68,627.95,2,0
1158.41,0.8,344.57,813.85,4,1
1017.7,0.6,274.11,743.59,3,0
658.18,0.2,92.92,565.26,1,0
494.22,0.0,59.73,434.49,0,0
1235.92,1.0,306.43,929.49,5,1
631.82,0.2,59.0,572.82,1,0
939.89,0.6,256.81,683.08,3,1
965.47,0.4,345.08,620.38,2,0
635.0,0.2,100.0,535.0,1,1
696.0,0.4,128.57,567.44,2,1
998.12,0.4,332.35,665.77,2,0
1049.75,0.6,351.54,698.21,3,1
643.94,0.2,86.24,557.69,1,0
739.77,0.4,142.08,597.69,2,1
692.4,0.4,109.84,582.56,2,0
669.91,0.4,72.22,597.69,2,0
870.16,0.4,242.22,627.95,2,1
921.09,0.6,215.32,705.77,3,1
974.8,0.4,369.54,605.26,2,1
563.13,0.0,105.95,457.18,0,0
653.33,0.4,93.46,559.87,2,1
842.36,0.6,121.46,720.9,3,1
752.97,0.2,210.41,542.56,1,1
1101.88,0.6,403.68,698.21,3,1
580.16,0.0,145.68,434.49,0,0
595.18,0.2,98.0,497.18,1,1
1362.93,1.0,516.65,846.28,5,1
838.01,0.6,124.68,713.33,3,0
761.91,0.2,204.22,557.69,1,0
682.18,0.2,132.05,550.13,1,0
727.93,0.2,162.68,565.26,1,0
1383.86,1.2,406.81,977.05,6,1
530.96,0.0,66.22,464.74,0,0
829.03,0.4,193.51,635.51,2,1
875.7,0.6,132.11,743.59,3,0
1161.13,1.0,284.59,876.54,5,1
1058.77,1.0,159.54,899.23,5,1
846.72,0.4,188.51,658.21,2,0
742.37,0.4,144.68,597.69,2,1
1439.68,0.8,618.27,821.41,4,0
1118.57,0.8,357.68,760.9,4,1
1207.25,0.8,385.84,821.41,4,1
679.54,0.2,136.97,542.56,1,0
1015.59,0.8,224.43,791.15,4,1
1141.32,0.8,350.16,791.15,4,1
1636.11,1.0,706.62,929.49,5,0
673.61,0.2,108.35,565.26,1,0
920.79,0.2,408.49,512.31,1,0
646.34,0.2,149.16,497.18,1,1
633.71,0.2,106.27,527.44,1,1
728.53,0.2,163.27,565.26,1,0
793.57,0.4,173.19,620.38,2,0
1154.41,0.8,401.08,753.33,4,1
925.07,0.4,259.3,665.77,2,0
791.25,0.4,170.86,620.38,2,0
657.04,0.2,99.35,557.69,1,1
730.26,0.4,79.62,650.64,2,0
985.97,0.4,350.46,635.51,2,0
439.2,0.0,27.41,411.79,0,1
504.0,0.0,69.51,434.49,0,1
585.62,0.2,50.62,535.0,1,1
1518.08,1.0,755.0,763.08,5,1
814.2,0.4,193.81,620.38,2,0
1793.25,1.2,846.46,946.79,6,1
779.44,0.4,159.05,620.38,2,1
1461.12,1.2,514.32,946.79,6,0
803.55,0.4,137.78,665.77,2,0
977.5,0.6,264.16,713.33,3,1
674.16,0.2,139.16,535.0,1,0
594.38,0.2,66.95,527.44,1,0
755.12,0.4,157.43,597.69,2,0
573.42,0.2,76.24,497.18,1,0
437.2,0.0,25.41,411.79,0,1
1062.42,1.0,231.27,831.15,5,1
1824.14,1.2,930.3,893.85,6,1
839.83,0.4,181.62,658.21,2,0
783.85,0.4,178.59,605.26,2,0
830.96,0.2,273.27,557.69,1,0
1299.53,1.0,400.3,899.23,5,1
938.37,0.6,194.78,743.59,3,0
771.61,0.2,206.35,565.26,1,1
1163.34,0.6,465.14,698.21,3,1
723.53,0.2,158.27,565.26,1,0
939.46,0.6,211.0,728.46,3,0
727.34,0.2,162.08,565.26,1,0
1050.24,0.6,314.22,736.03,3,1
1135.73,0.6,407.27,728.46,3,1
634.57,0.4,74.7,559.87,2,1
902.36,0.4,236.59,665.77,2,0
1027.73,0.8,251.7,776.03,4,1
603.18,0.0,146.0,457.18,0,0
732.91,0.4,89.84,643.08,2,0
831.12,0.6,72.41,758.72,3,0
636.72,0.2,79.03,557.69,1,0
654.12,0.2,96.43,557.69,1,0
571.23,0.0,114.05,457.18,0,0
695.57,0.4,67.62,627.95,2,0
702.46,0.2,175.03,527.44,1,0
816.58,0.4,158.38,658.21,2,0
1045.9,0.6,279.62,766.28,3,0
559.31,0.0,94.57,464.74,0,0
996.01,0.6,290.24,705.77,3,1
631.4,0.0,174.22,457.18,0,0
686.22,0.4,65.84,620.38,2,0
705.34,0.2,140.08,565.26,1,0
542.11,0.0,100.05,442.05,0,0
561.0,0.2,26.0,535.0,1,0
723.29,0.4,133.16,590.13,2,0
1092.78,0.4,442.14,650.64,2,0
1326.93,0.6,560.65,766.28,3,0
906.24,0.6,230.73,675.51,3,0
885.43,0.4,242.35,643.08,2,0
1125.72,1.0,226.49,899.23,5,0
801.58,0.4,128.24,673.33,2,0
771.6,0.4,158.78,612.82,2,0
751.72,0.4,85.95,665.77,2,1
699.02,0.2,148.89,550.13,1,0
677.8,0.2,127.68,550.13,1,0
675.12,0.2,109.86,565.26,1,0
736.01,0.4,130.76,605.26,2,0
1046.16,0.6,317.7,728.46,3,1
541.91,0.0,84.73,457.18,0,0
641.92,0.2,106.92,535.0,1,0
1210.07,0.6,519.43,690.64,3,1
1035.04,0.6,276.32,758.72,3,0
831.01,0.4,157.68,673.33,2,0
523.77,0.0,59.03,464.74,0,0
817.34,0.4,151.57,665.77,2,1
782.07,0.2,216.81,565.26,1,0
1183.94,0.8,347.41,836.54,4,0
1252.88,1.0,346.08,906.79,5,1
1597.17,1.4,534.73,1062.44,7,0
730.12,0.4,132.43,597.69,2,0
598.09,0.0,133.35,464.74,0,0
893.28,0.4,227.51,665.77,2,0
916.99,0.4,251.22,665.77,2,0
1421.38,0.8,660.49,760.9,4,1
1198.84,0.8,362.3,836.54,4,0
659.07,0.2,108.95,550.13,1,0
569.28,0.0,104.54,464.74,0,0
976.97,0.6,233.38,743.59,3,0
714.23,0.2,148.97,565.26,1,0
728.15,0.2,162.89,565.26,1,0
547.99,0.0,83.24,464.74,0,0
1247.73,0.6,511.7,736.03,3,1
939.87,0.4,327.05,612.82,2,1
956.42,0.4,290.65,665.77,2,0
697.12,0.2,131.86,565.26,1,0
732.32,0.2,189.76,542.56,1,0
672.5,0.2,107.24,565.26,1,0
741.06,0.2,228.76,512.31,1,1
805.85,0.4,147.65,658.21,2,1
698.18,0.2,132.92,565.26,1,0
724.72,0.2,159.46,565.26,1,1
772.41,0.4,144.46,627.95,2,0
726.23,0.2,160.97,565.26,1,0
1330.52,0.8,562.05,768.46,4,1
483.19,0.0,48.7,434.49,0,0
894.28,0.6,233.89,660.38,3,1
507.27,0.0,80.35,426.92,0,1
1173.61,0.8,367.32,806.28,4,1
1076.17,1.0,229.89,846.28,5,1
1005.28,0.6,239.0,766.28,3,0
728.55,0.2,163.3,565.26,1,0
1121.0,0.6,384.97,736.03,3,1
562.43,0.0,112.81,449.62,0,0
646.86,0.2,111.86,535.0,1,0
575.45,0.0,118.27,457.18,0,0
838.15,0.4,172.38,665.77,2,0
475.36,0.0,56.0,419.36,0,0
521.62,0.0,87.14,434.49,0,1
1023.59,0.6,272.43,751.15,3,0
925.49,0.6,204.59,720.9,3,1
1258.04,0.6,491.76,766.28,3,1
1046.74,0.6,325.84,720.9,3,0
857.84,0.6,136.95,720.9,3,0
666.31,0.2,101.05,565.26,1,0
656.39,0.2,91.14,565.26,1,0
1276.72,1.2,276.97,999.74,6,1
1545.79,1.2,538.49,1007.31,6,1
670.17,0.2,97.35,572.82,1,0
531.18,0.0,66.43,464.74,0,0
1146.66,0.6,380.38,766.28,3,0
511.51,0.0,77.03,434.49,0,0
880.46,0.4,252.51,627.95,2,0
553.72,0.0,96.54,457.18,0,1
632.83,0.2,75.14,557.69,1,0
437.2,0.0,25.41,411.79,0,1
633.31,0.2,136.14,497.18,1,1
763.95,0.4,143.57,620.38,2,1
554.8,0.0,97.62,457.18,0,0
922.91,0.4,264.7,658.21,2,0
829.01,0.2,263.76,565.26,1,0
547.79,0.0,120.86,426.92,0,1
579.13,0.0,121.95,457.18,0,0
1021.72,0.4,363.51,658.21,2,0
480.49,0.0,46.0,434.49,0,1
574.96,0.0,117.78,457.18,0,0
624.51,0.2,89.51,535.0,1,0
608.32,0.2,73.32,535.0,1,0
765.93,0.4,107.73,658.21,2,1
520.21,0.0,63.03,457.18,0,0
901.85,0.4,289.03,612.82,2,1
1255.02,0.8,456.3,798.72,4,1
920.44,0.4,247.11,673.33,2,0
584.61,0.0,127.43,457.18,0,0
610.78,0.2,68.22,542.56,1,1
1116.26,0.8,264.59,851.67,4,0
1110.37,0.8,258.7,851.67,4,0
808.86,0.4,165.78,643.08,2,0
1062.39,0.6,356.62,705.77,3,0
642.82,0.0,170.51,472.31,0,0
526.85,0.0,62.11,464.74,0,0
663.2,0.2,97.95,565.26,1,0
564.88,0.0,100.14,464.74,0,0
849.23,0.4,183.46,665.77,2,1
808.1,0.4,149.89,658.21,2,0
776.24,0.4,133.16,643.08,2,0
806.74,0.4,140.97,665.77,2,0
932.42,0.4,266.65,665.77,2,0
508.97,0.0,66.92,442.05,0,0
645.8,0.4,48.11,597.69,2,0
1191.64,1.0,292.41,899.23,5,1
1033.16,0.6,304.7,728.46,3,0
825.22,0.4,189.7,635.51,2,0
540.78,0.0,91.16,449.62,0,0
608.76,0.2,73.76,535.0,1,1
1401.52,1.0,540.11,861.41,5,1
817.57,0.4,136.68,680.9,2,0
709.21,0.2,159.08,550.13,1,0
695.52,0.2,168.08,527.44,1,0
777.02,0.4,118.81,658.21,2,0
598.22,0.2,63.22,535.0,1,1
1112.15,0.8,321.0,791.15,4,0
745.33,0.2,225.46,519.87,1,0
1283.53,1.2,298.92,984.62,6,1
792.34,0.4,126.57,665.77,2,0
1260.04,0.8,446.19,813.85,4,1
745.77,0.2,188.08,557.69,1,0
863.97,0.4,228.46,635.51,2,0
1203.4,0.8,366.86,836.54,4,0
557.25,0.0,84.95,472.31,0,0
983.65,0.8,207.62,776.03,4,0
982.07,0.6,291.43,690.64,3,1
833.15,0.4,167.38,665.77,2,1
1028.08,0.4,400.14,627.95,2,0
573.41,0.2,38.41,535.0,1,1
815.97,0.6,132.89,683.08,3,0
642.32,0.2,99.76,542.56,1,0
678.39,0.2,113.14,565.26,1,0
891.5,0.4,233.3,658.21,2,0
