"Total_Cost","Ratio_Reloc_Prod","Horiz_Cost","Vert_Cost","nReloc","non_Optimal"
247108.3,0.3673,61719.9,185388.4,551,192
540.69,0.0,75.95,464.74,0,0
747.12,0.4,88.92,658.21,2,0
738.51,0.2,143.0,595.51,1,0
674.6,0.2,94.22,580.38,1,1
699.31,0.2,126.49,572.82,1,0
544.93,0.0,72.62,472.31,0,0
973.75,0.4,315.54,658.21,2,1
911.86,0.8,128.27,783.59,4,1
635.34,0.2,130.59,504.74,1,0
883.44,0.4,270.62,612.82,2,1
1489.37,1.2,557.7,931.67,6,1
607.36,0.0,127.49,479.87,0,1
681.44,0.2,101.05,580.38,1,0
923.76,0.8,102.35,821.41,4,1
882.01,0.8,128.68,753.33,4,1
600.66,0.0,128.35,472.31,0,1
516.1,0.0,58.92,457.18,0,0
592.63,0.2,80.32,512.31,1,0
740.85,0.4,135.59,605.26,2,1
592.54,0.2,65.11,527.44,1,0
622.37,0.2,72.24,550.13,1,0
1328.02,1.2,350.97,977.05,6,1
1194.72,1.0,310.62,884.1,5,1
657.09,0.2,91.84,565.26,1,0
499.02,0.0,49.41,449.62,0,1
778.77,0.2,213.51,565.26,1,1
683.43,0.2,140.86,542.56,1,0
702.76,0.4,74.81,627.95,2,0
633.08,0.2,105.65,527.44,1,0
810.66,0.4,144.89,665.77,2,1
748.8,0.4,143.54,605.26,2,1
740.89,0.4,112.95,627.95,2,0
633.79,0.2,106.35,527.44,1,0
713.45,0.2,148.19,565.26,1,1
611.44,0.0,131.57,479.87,0,1
539.48,0.0,97.43,442.05,0,1
1145.26,0.8,354.11,791.15,4,1
644.5,0.2,79.24,565.26,1,1
575.26,0.0,118.08,457.18,0,1
711.51,0.2,161.38,550.13,1,1
592.75,0.0,135.57,457.18,0,1
1135.39,1.2,249.11,886.28,6,1
591.07,0.0,133.89,457.18,0,0
629.65,0.2,94.65,535.0,1,0
1094.9,0.8,288.62,806.28,4,1
1128.4,0.6,437.76,690.64,3,1
953.68,0.4,325.73,627.95,2,1
704.06,0.4,91.24,612.82,2,1
436.34,0.0,32.11,404.23,0,1
534.54,0.0,100.05,434.49,0,0
716.46,0.4,133.89,582.56,2,1
748.56,0.2,206.0,542.56,1,1
651.83,0.2,109.27,542.56,1,0
1336.34,0.6,706.22,630.13,3,1
863.77,0.4,198.0,665.77,2,1
940.83,0.6,250.19,690.64,3,1
554.91,0.0,97.73,457.18,0,0
1065.47,0.6,306.76,758.72,3,1
1063.93,0.4,519.19,544.74,2,1
736.24,0.2,186.11,550.13,1,0
1028.64,0.6,269.92,758.72,3,1
892.62,0.4,264.68,627.95,2,1
562.09,0.0,97.35,464.74,0,1
645.09,0.2,79.84,565.26,1,1
825.45,0.2,260.19,565.26,1,1
618.06,0.2,105.76,512.31,1,1
1123.83,0.8,325.11,798.72,4,1
1122.81,0.6,386.78,736.03,3,1
969.48,0.6,278.84,690.64,3,1
451.58,0.0,32.22,419.36,0,0
975.21,0.8,199.19,776.03,4,1
650.11,0.2,69.73,580.38,1,0
709.34,0.2,144.08,565.26,1,1
581.34,0.0,116.59,464.74,0,1
1027.33,0.6,306.43,720.9,3,0
897.0,0.6,160.97,736.03,3,1
986.62,0.6,243.03,743.59,3,1
1216.31,1.0,309.51,906.79,5,1
739.55,0.2,174.3,565.26,1,1
833.08,0.4,190.0,643.08,2,0
851.72,0.6,108.14,743.59,3,1
1087.13,0.8,295.97,791.15,4,1
697.35,0.2,154.78,542.56,1,0
1379.06,1.0,510.08,868.97,5,1
839.51,0.4,196.43,643.08,2,1
803.14,0.4,175.19,627.95,2,1
955.8,0.6,197.08,758.72,3,1
600.25,0.0,127.95,472.31,0,1
1299.84,0.6,639.46,660.38,3,1
1549.31,1.4,502.0,1047.31,7,1
1004.04,0.6,305.84,698.21,3,1
558.74,0.0,86.43,472.31,0,1
556.23,0.0,99.05,457.18,0,1
736.61,0.2,178.92,557.69,1,0
547.83,0.0,90.65,457.18,0,1
1556.4,0.8,840.89,715.51,4,1
863.9,0.4,190.57,673.33,2,0
1285.67,0.6,610.16,675.51,3,1
980.2,0.4,314.43,665.77,2,0
703.12,0.2,183.24,519.87,1,0
1058.8,0.4,400.59,658.21,2,1
603.43,0.2,68.43,535.0,1,1
782.0,0.4,154.05,627.95,2,1
1061.36,0.8,247.51,813.85,4,1
666.83,0.0,209.65,457.18,0,1
844.31,0.4,186.11,658.21,2,0
837.3,0.6,108.84,728.46,3,1
1334.18,0.8,595.97,738.21,4,1
1181.94,0.8,330.27,851.67,4,1
1325.61,1.0,418.81,906.79,5,1
788.95,0.4,161.0,627.95,2,0
532.58,0.0,67.84,464.74,0,1
898.56,0.6,154.97,743.59,3,1
920.85,0.6,207.51,713.33,3,0
564.18,0.0,99.43,464.74,0,0
475.03,0.0,48.11,426.92,0,0
522.92,0.0,88.43,434.49,0,1
843.61,0.6,137.84,705.77,3,1
792.67,0.2,234.97,557.69,1,0
512.17,0.0,100.38,411.79,0,1
880.16,0.2,330.03,550.13,1,0
627.85,0.0,163.11,464.74,0,0
763.5,0.2,198.24,565.26,1,1
860.73,0.4,225.22,635.51,2,0
1026.79,0.6,313.46,713.33,3,0
1148.3,1.0,271.76,876.54,5,1
600.31,0.2,88.0,512.31,1,0
869.83,0.4,211.62,658.21,2,1
1450.84,1.4,395.97,1054.87,7,1
543.83,0.0,86.65,457.18,0,1
749.44,0.4,189.57,559.87,2,0
760.07,0.2,202.38,557.69,1,1
1329.81,1.0,521.35,808.46,5,1
641.38,0.2,61.0,580.38,1,0
708.77,0.2,151.08,557.69,1,0
1081.21,0.6,345.19,736.03,3,1
567.94,0.0,110.76,457.18,0,0
487.04,0.0,75.24,411.79,0,1
637.63,0.2,117.76,519.87,1,1
1333.71,1.0,487.43,846.28,5,1
746.29,0.2,188.59,557.69,1,0
822.58,0.4,164.38,658.21,2,1
659.63,0.2,86.81,572.82,1,0
882.96,0.4,217.19,665.77,2,1
845.09,0.6,139.32,705.77,3,1
571.48,0.0,121.86,449.62,0,0
1034.77,0.6,268.49,766.28,3,0
768.21,0.2,210.51,557.69,1,0
1008.54,0.4,373.03,635.51,2,1
457.3,0.0,22.81,434.49,0,1
905.32,0.4,322.76,582.56,2,1
985.07,0.8,186.35,798.72,4,1
689.77,0.2,132.08,557.69,1,0
766.2,0.4,100.43,665.77,2,1
717.53,0.2,159.84,557.69,1,1
815.12,0.4,149.35,665.77,2,0
697.07,0.2,139.38,557.69,1,1
733.55,0.2,168.3,565.26,1,1
597.5,0.0,132.76,464.74,0,1
882.41,0.4,307.41,575.0,2,0
765.53,0.4,107.32,658.21,2,1
567.7,0.2,32.7,535.0,1,1
780.04,0.4,121.84,658.21,2,1
1489.82,1.4,442.51,1047.31,7,1
715.5,0.2,157.81,557.69,1,0
1397.83,0.6,767.7,630.13,3,1
907.94,0.4,257.3,650.64,2,1
549.42,0.0,77.11,472.31,0,0
1408.13,0.8,677.49,730.64,4,1
998.13,0.8,206.97,791.15,4,1
820.06,0.4,192.11,627.95,2,0
781.4,0.4,130.76,650.64,2,1
1064.74,0.6,343.84,720.9,3,0
1412.49,1.0,498.14,914.36,5,1
791.1,0.4,140.46,650.64,2,0
538.88,0.0,74.14,464.74,0,1
568.26,0.0,103.51,464.74,0,0
852.03,0.4,216.51,635.51,2,1
963.05,0.6,227.03,736.03,3,1
657.72,0.2,100.03,557.69,1,0
693.85,0.2,136.16,557.69,1,1
827.63,0.4,161.86,665.77,2,0
668.79,0.2,141.35,527.44,1,1
835.73,0.4,200.22,635.51,2,1
565.72,0.0,100.97,464.74,0,0
845.42,0.2,280.16,565.26,1,1
1001.92,0.6,265.89,736.03,3,0
900.93,0.6,134.65,766.28,3,1
802.77,0.4,144.57,658.21,2,0
805.31,0.4,139.54,665.77,2,1
1668.53,1.0,837.38,831.15,5,1
728.5,0.2,155.68,572.82,1,0
1238.03,0.8,416.62,821.41,4,0
529.77,0.0,65.03,464.74,0,1
700.55,0.4,87.73,612.82,2,1
716.07,0.2,150.81,565.26,1,0
534.55,0.0,69.81,464.74,0,1
718.18,0.2,152.92,565.26,1,1
830.97,0.6,140.32,690.64,3,1
547.24,0.0,97.62,449.62,0,1
659.14,0.2,131.7,527.44,1,1
1344.64,0.8,545.92,798.72,4,1
717.98,0.2,145.16,572.82,1,1
851.8,0.4,193.59,658.21,2,1
1029.62,0.6,286.03,743.59,3,1
658.02,0.2,100.32,557.69,1,1
694.34,0.2,129.08,565.26,1,1
1242.0,1.0,365.46,876.54,5,1
679.77,0.2,106.95,572.82,1,0
1021.03,0.4,453.59,567.44,2,1
1197.06,1.0,275.14,921.92,5,1
1137.09,0.8,315.68,821.41,4,1
527.07,0.0,62.32,464.74,0,0
809.94,0.4,166.86,643.08,2,1
567.6,0.0,87.73,479.87,0,0
920.73,0.6,237.65,683.08,3,1
591.06,0.0,118.76,472.31,0,0
1004.59,0.6,313.95,690.64,3,1
1315.35,0.6,632.27,683.08,3,1
759.22,0.4,131.27,627.95,2,1
1183.96,0.6,485.76,698.21,3,1
729.52,0.2,156.7,572.82,1,0
831.08,0.4,188.0,643.08,2,1
616.29,0.0,159.11,457.18,0,0
1151.15,0.6,400.0,751.15,3,1
843.8,0.4,185.59,658.21,2,1
781.52,0.2,201.14,580.38,1,0
709.9,0.2,137.08,572.82,1,0
870.5,0.4,204.73,665.77,2,1
984.8,0.6,218.51,766.28,3,0
657.07,0.2,91.81,565.26,1,0
574.74,0.0,110.0,464.74,0,0
614.97,0.0,165.35,449.62,0,0
631.53,0.2,73.84,557.69,1,1
547.88,0.0,83.14,464.74,0,1
650.39,0.2,85.14,565.26,1,1
825.57,0.4,197.62,627.95,2,1
826.81,0.4,183.73,643.08,2,0
690.39,0.2,125.14,565.26,1,0
696.34,0.2,138.65,557.69,1,1
725.61,0.2,160.35,565.26,1,1
765.15,0.2,199.89,565.26,1,1
844.87,0.6,184.49,660.38,3,1
1069.5,1.0,170.27,899.23,5,1
512.05,0.0,62.43,449.62,0,1
569.07,0.0,119.46,449.62,0,0
697.81,0.4,115.24,582.56,2,1
1374.22,1.4,379.86,994.36,7,1
945.3,0.4,256.84,688.46,2,1
539.96,0.0,75.22,464.74,0,0
1181.88,0.6,476.11,705.77,3,1
733.98,0.2,153.59,580.38,1,0
798.43,0.4,155.35,643.08,2,0
996.05,0.6,252.46,743.59,3,1
1211.14,0.8,442.68,768.46,4,1
606.65,0.0,111.65,495.0,0,0
887.66,0.4,214.32,673.33,2,1
733.15,0.2,167.89,565.26,1,1
664.8,0.2,99.54,565.26,1,0
651.47,0.2,86.22,565.26,1,0
585.61,0.0,120.86,464.74,0,0
652.53,0.2,155.35,497.18,1,0
750.74,0.4,130.35,620.38,2,0
619.36,0.2,54.11,565.26,1,1
923.02,0.6,232.38,690.64,3,0
708.02,0.2,157.89,550.13,1,1
553.99,0.0,89.24,464.74,0,0
473.58,0.0,69.35,404.23,0,1
1827.94,1.2,903.84,924.1,6,1
628.46,0.0,133.46,495.0,0,1
880.42,0.6,114.14,766.28,3,1
989.39,0.6,223.11,766.28,3,1
668.8,0.2,103.54,565.26,1,1
1025.14,0.4,412.32,612.82,2,1
1413.05,1.2,443.57,969.49,6,1
906.58,0.6,200.81,705.77,3,1
560.37,0.0,110.76,449.62,0,0
646.24,0.2,111.24,535.0,1,1
482.7,0.0,48.22,434.49,0,1
953.56,0.4,295.35,658.21,2,1
766.24,0.4,176.11,590.13,2,0
639.66,0.0,174.92,464.74,0,0
1027.26,0.4,429.57,597.69,2,1
557.45,0.0,100.27,457.18,0,1
687.46,0.2,152.46,535.0,1,1
634.46,0.2,99.46,535.0,1,1
670.48,0.2,112.78,557.69,1,0
707.31,0.2,142.05,565.26,1,0
929.24,0.6,185.65,743.59,3,0
1207.94,0.4,617.81,590.13,2,1
553.99,0.0,89.24,464.74,0,1
1228.44,0.8,422.16,806.28,4,1
961.81,0.6,233.35,728.46,3,0
839.32,0.4,188.68,650.64,2,0
666.77,0.2,101.51,565.26,1,0
916.04,0.4,250.27,665.77,2,0
821.78,0.4,178.7,643.08,2,0
610.45,0.0,145.7,464.74,0,0
639.62,0.0,190.0,449.62,0,0
603.95,0.2,68.95,535.0,1,1
