"Total_Cost","Ratio_Reloc_Prod","Horiz_Cost","Vert_Cost","nReloc","non_Optimal"
224944.71,0.406,34755.39,190189.43,609,300
782.92,0.4,102.03,680.9,2,1
734.95,0.2,147.0,587.95,1,1
897.77,0.6,184.43,713.33,3,1
876.88,0.4,211.11,665.77,2,1
516.71,0.0,44.41,472.31,0,1
792.13,0.6,109.05,683.08,3,1
922.39,0.8,108.54,813.85,4,1
543.38,0.0,116.46,426.92,0,1
913.97,0.6,223.32,690.64,3,1
958.8,0.8,160.08,798.72,4,1
676.42,0.2,111.16,565.26,1,1
545.53,0.0,88.35,457.18,0,1
533.42,0.0,61.11,472.31,0,1
1018.8,1.0,172.51,846.28,5,1
885.3,0.6,149.27,736.03,3,1
861.36,0.6,155.59,705.77,3,1
981.06,0.8,152.08,828.97,4,1
843.9,0.6,130.57,713.33,3,1
758.54,0.4,115.46,643.08,2,1
642.86,0.2,107.86,535.0,1,1
1019.0,0.8,242.97,776.03,4,1
823.01,0.6,117.24,705.77,3,1
733.6,0.4,120.78,612.82,2,1
893.71,0.6,172.81,720.9,3,1
973.35,0.8,197.32,776.03,4,1
1164.08,1.2,194.59,969.49,6,1
602.78,0.2,60.22,542.56,1,1
564.47,0.0,92.16,472.31,0,1
512.43,0.0,77.95,434.49,0,1
482.16,0.0,40.11,442.05,0,1
743.2,0.4,130.38,612.82,2,1
881.52,0.8,113.05,768.46,4,1
881.93,0.8,136.16,745.77,4,1
834.02,0.4,190.95,643.08,2,1
667.87,0.2,95.05,572.82,1,1
561.54,0.0,119.49,442.05,0,1
711.6,0.4,83.65,627.95,2,1
830.0,0.6,101.54,728.46,3,1
913.66,0.8,114.95,798.72,4,1
763.46,0.4,120.38,643.08,2,1
723.02,0.4,79.95,643.08,2,1
468.16,0.0,26.11,442.05,0,1
1134.99,1.0,250.89,884.1,5,1
822.19,0.6,93.73,728.46,3,1
743.86,0.2,208.86,535.0,1,1
888.25,0.6,167.35,720.9,3,1
769.15,0.4,110.95,658.21,2,1
934.31,0.8,120.46,813.85,4,1
917.56,0.8,133.97,783.59,4,1
709.53,0.2,159.41,550.13,1,1
797.2,0.4,176.81,620.38,2,1
882.83,0.8,99.24,783.59,4,1
1141.41,1.2,179.49,961.92,6,1
530.97,0.0,81.35,449.62,0,1
876.17,0.8,122.84,753.33,4,1
612.77,0.2,47.51,565.26,1,1
848.1,0.6,104.51,743.59,3,1
691.24,0.2,141.11,550.13,1,1
662.04,0.4,49.22,612.82,2,1
952.86,0.8,161.7,791.15,4,1
618.93,0.2,46.11,572.82,1,1
890.1,0.8,98.95,791.15,4,1
462.49,0.0,28.0,434.49,0,1
899.78,0.6,224.27,675.51,3,1
801.69,0.4,143.49,658.21,2,1
892.38,0.6,163.92,728.46,3,1
944.46,0.6,208.43,736.03,3,1
1048.29,1.0,164.19,884.1,5,1
682.98,0.2,110.16,572.82,1,1
718.08,0.4,90.14,627.95,2,1
886.46,0.8,110.43,776.03,4,1
541.72,0.0,84.54,457.18,0,1
540.77,0.0,76.03,464.74,0,1
597.84,0.0,117.97,479.87,0,1
743.86,0.4,93.22,650.64,2,1
926.57,0.8,158.11,768.46,4,1
944.32,0.6,200.73,743.59,3,1
756.1,0.4,113.03,643.08,2,1
881.92,0.6,145.89,736.03,3,1
482.51,0.0,48.03,434.49,0,1
813.48,0.4,170.41,643.08,2,1
515.55,0.0,50.81,464.74,0,1
649.83,0.2,92.14,557.69,1,1
480.05,0.0,38.0,442.05,0,1
1100.98,1.0,239.57,861.41,5,1
734.17,0.4,68.41,665.77,2,1
1111.14,1.2,156.78,954.36,6,1
459.92,0.0,33.0,426.92,0,1
967.19,0.8,130.65,836.54,4,1
626.71,0.0,154.41,472.31,0,1
919.91,0.8,128.76,791.15,4,1
944.89,0.6,261.81,683.08,3,1
550.33,0.0,78.03,472.31,0,1
677.42,0.2,112.16,565.26,1,1
851.62,0.6,123.16,728.46,3,1
973.09,0.8,166.81,806.28,4,1
729.12,0.4,123.86,605.26,2,1
472.86,0.0,30.81,442.05,0,1
687.14,0.4,74.32,612.82,2,1
793.9,0.4,128.14,665.77,2,1
541.2,0.0,61.32,479.87,0,1
1060.65,1.2,151.68,908.97,6,1
606.5,0.0,134.19,472.31,0,1
592.24,0.0,97.24,495.0,0,1
972.76,1.0,111.35,861.41,5,1
790.38,0.4,162.43,627.95,2,1
807.97,0.4,164.89,643.08,2,1
733.99,0.4,68.22,665.77,2,1
946.78,0.8,110.24,836.54,4,1
902.34,0.6,151.19,751.15,3,1
854.88,0.6,103.73,751.15,3,1
587.41,0.2,67.54,519.87,1,1
453.92,0.0,27.0,426.92,0,1
629.08,0.2,101.65,527.44,1,1
745.99,0.4,95.35,650.64,2,1
732.23,0.4,126.97,605.26,2,1
650.49,0.2,70.11,580.38,1,1
722.23,0.4,116.97,605.26,2,1
511.71,0.0,39.41,472.31,0,1
539.66,0.0,74.92,464.74,0,1
735.33,0.4,114.95,620.38,2,1
593.6,0.2,73.73,519.87,1,1
619.86,0.2,69.73,550.13,1,1
610.27,0.2,82.84,527.44,1,1
990.8,0.8,184.51,806.28,4,1
941.71,0.8,127.86,813.85,4,1
1003.22,1.0,149.38,853.85,5,1
791.17,0.4,117.84,673.33,2,1
534.86,0.0,85.24,449.62,0,1
1277.71,1.4,222.84,1054.87,7,1
884.7,0.6,148.68,736.03,3,1
565.79,0.2,45.92,519.87,1,1
638.23,0.2,80.54,557.69,1,1
617.37,0.4,34.81,582.56,2,1
681.31,0.2,116.05,565.26,1,1
667.8,0.2,102.54,565.26,1,1
590.87,0.2,63.43,527.44,1,1
675.17,0.2,102.35,572.82,1,1
853.34,0.4,195.14,658.21,2,1
665.99,0.2,115.86,550.13,1,1
666.65,0.4,38.7,627.95,2,1
692.71,0.4,72.32,620.38,2,1
708.74,0.4,88.35,620.38,2,1
762.1,0.4,111.46,650.64,2,1
777.85,0.4,165.03,612.82,2,1
535.88,0.0,71.14,464.74,0,1
675.09,0.2,109.84,565.26,1,1
573.94,0.0,116.76,457.18,0,1
837.85,0.6,132.08,705.77,3,1
1006.69,1.2,75.03,931.67,6,1
562.15,0.0,89.84,472.31,0,1
1014.83,1.0,123.16,891.67,5,1
897.73,0.6,161.7,736.03,3,1
693.69,0.2,120.86,572.82,1,1
521.37,0.0,56.62,464.74,0,1
598.73,0.2,63.73,535.0,1,1
772.54,0.4,144.59,627.95,2,1
472.19,0.0,37.7,434.49,0,1
810.47,0.8,64.7,745.77,4,1
491.13,0.0,41.51,449.62,0,1
943.38,1.0,142.49,800.9,5,1
453.63,0.0,26.7,426.92,0,1
972.98,0.8,151.57,821.41,4,1
849.53,0.6,158.89,690.64,3,1
985.73,0.8,149.19,836.54,4,1
1164.52,1.4,162.59,1001.92,7,1
761.96,0.4,103.76,658.21,2,1
811.03,0.6,90.14,720.9,3,1
648.18,0.2,98.05,550.13,1,1
733.61,0.2,175.92,557.69,1,1
773.77,0.2,200.95,572.82,1,1
791.33,0.4,163.38,627.95,2,1
623.76,0.0,143.89,479.87,0,1
807.58,0.4,194.76,612.82,2,1
814.86,0.6,78.84,736.03,3,1
752.64,0.4,94.43,658.21,2,1
674.48,0.2,116.78,557.69,1,1
628.07,0.2,62.81,565.26,1,1
691.64,0.4,93.95,597.69,2,1
774.99,0.4,124.35,650.64,2,1
564.96,0.0,92.65,472.31,0,1
846.73,0.6,118.27,728.46,3,1
792.56,0.4,149.49,643.08,2,1
693.8,0.4,88.54,605.26,2,1
821.54,0.6,85.51,736.03,3,1
930.78,0.6,187.19,743.59,3,1
908.86,0.6,157.7,751.15,3,1
926.26,0.8,127.54,798.72,4,1
726.54,0.2,138.59,587.95,1,1
639.38,0.2,104.38,535.0,1,1
806.82,0.4,133.49,673.33,2,1
638.28,0.2,73.03,565.26,1,1
922.2,1.0,75.92,846.28,5,1
966.28,0.8,160.0,806.28,4,1
815.23,0.4,141.89,673.33,2,1
787.31,0.4,113.97,673.33,2,1
600.96,0.0,143.78,457.18,0,1
511.24,0.0,61.62,449.62,0,1
531.82,0.0,59.51,472.31,0,1
633.06,0.2,113.19,519.87,1,1
635.53,0.2,145.92,489.62,1,1
608.08,0.2,80.65,527.44,1,1
782.16,0.2,239.59,542.56,1,1
851.68,0.8,98.35,753.33,4,1
632.1,0.2,89.54,542.56,1,1
693.17,0.4,80.35,612.82,2,1
611.1,0.2,53.41,557.69,1,1
1056.33,1.0,194.92,861.41,5,1
671.67,0.2,113.97,557.69,1,1
662.38,0.4,42.0,620.38,2,1
885.8,0.8,94.65,791.15,4,1
642.88,0.2,92.76,550.13,1,1
511.84,0.0,77.35,434.49,0,1
612.43,0.2,77.43,535.0,1,1
621.26,0.2,71.14,550.13,1,1
932.94,1.0,109.35,823.59,5,1
551.91,0.0,87.16,464.74,0,1
814.93,0.6,109.16,705.77,3,1
674.53,0.2,109.27,565.26,1,1
1115.01,1.2,175.78,939.23,6,1
628.93,0.2,56.11,572.82,1,1
643.75,0.2,86.05,557.69,1,1
748.28,0.2,183.03,565.26,1,1
686.67,0.2,128.97,557.69,1,1
890.2,0.8,83.92,806.28,4,1
537.94,0.0,80.76,457.18,0,1
1165.28,1.4,178.49,986.79,7,1
796.44,0.4,130.68,665.77,2,1
793.78,0.4,150.7,643.08,2,1
646.42,0.0,174.11,472.31,0,1
742.4,0.4,144.7,597.69,2,1
675.26,0.4,85.14,590.13,2,1
706.2,0.2,133.38,572.82,1,1
682.86,0.2,140.3,542.56,1,1
513.96,0.0,49.22,464.74,0,1
847.33,0.6,118.86,728.46,3,1
610.81,0.2,75.81,535.0,1,1
855.52,0.6,142.19,713.33,3,1
876.86,0.6,133.27,743.59,3,1
1190.0,1.2,212.95,977.05,6,1
536.09,0.0,56.22,479.87,0,1
803.11,0.4,167.59,635.51,2,1
921.79,0.6,193.32,728.46,3,1
869.62,0.6,133.59,736.03,3,1
652.38,0.2,117.38,535.0,1,1
622.36,0.2,57.11,565.26,1,1
826.45,0.4,175.81,650.64,2,1
906.26,0.8,107.54,798.72,4,1
639.46,0.2,104.46,535.0,1,1
541.67,0.0,92.05,449.62,0,1
446.06,0.0,26.7,419.36,0,1
1145.65,1.2,176.16,969.49,6,1
916.26,0.6,165.11,751.15,3,1
778.58,0.6,72.81,705.77,3,1
877.54,0.8,93.95,783.59,4,1
674.98,0.2,87.03,587.95,1,1
604.48,0.2,61.92,542.56,1,1
676.99,0.2,119.3,557.69,1,1
794.91,0.4,136.7,658.21,2,1
771.75,0.4,128.68,643.08,2,1
558.64,0.0,101.46,457.18,0,1
613.67,0.2,71.11,542.56,1,1
491.22,0.0,56.73,434.49,0,1
658.09,0.2,92.84,565.26,1,1
603.5,0.2,45.81,557.69,1,1
647.67,0.4,65.11,582.56,2,1
635.12,0.2,77.43,557.69,1,1
889.9,0.8,83.62,806.28,4,1
695.6,0.2,122.78,572.82,1,1
554.8,0.0,90.05,464.74,0,1
594.54,0.2,59.54,535.0,1,1
837.87,0.8,84.54,753.33,4,1
869.83,0.6,171.62,698.21,3,1
706.98,0.4,79.03,627.95,2,1
987.07,1.0,140.78,846.28,5,1
826.0,0.4,182.92,643.08,2,1
521.69,0.0,64.51,457.18,0,1
812.83,0.4,162.19,650.64,2,1
536.04,0.0,63.73,472.31,0,1
1086.48,1.0,209.95,876.54,5,1
813.15,0.4,147.38,665.77,2,1
825.94,0.4,175.3,650.64,2,1
732.52,0.2,144.57,587.95,1,1
646.55,0.2,73.73,572.82,1,1
581.28,0.0,108.97,472.31,0,1
748.23,0.2,190.54,557.69,1,1
975.44,0.8,161.59,813.85,4,1
532.0,0.0,89.95,442.05,0,1
526.21,0.0,69.03,457.18,0,1
515.84,0.0,81.35,434.49,0,1
1009.93,0.8,203.65,806.28,4,1
662.36,0.2,89.54,572.82,1,1
748.59,0.4,97.95,650.64,2,1
739.51,0.4,96.43,643.08,2,1
654.25,0.2,81.43,572.82,1,1
569.28,0.0,96.97,472.31,0,1
559.71,0.0,79.84,479.87,0,1
528.8,0.0,71.62,457.18,0,1
1050.88,1.0,144.08,906.79,5,1
795.93,0.4,130.16,665.77,2,1
