"Total_Cost","Ratio_Reloc_Prod","Horiz_Cost","Vert_Cost","nReloc","non_Optimal"
222542.02,0.398,33944.53,188597.45,597,300
782.92,0.4,102.03,680.9,2,1
737.06,0.2,149.11,587.95,1,1
897.77,0.6,184.43,713.33,3,1
876.88,0.4,211.11,665.77,2,1
516.71,0.0,44.41,472.31,0,1
792.13,0.6,109.05,683.08,3,1
922.39,0.8,108.54,813.85,4,1
543.38,0.0,116.46,426.92,0,1
913.97,0.6,223.32,690.64,3,1
958.8,0.8,160.08,798.72,4,1
676.42,0.2,111.16,565.26,1,1
545.53,0.0,88.35,457.18,0,1
518.85,0.0,54.11,464.74,0,1
1018.8,1.0,172.51,846.28,5,1
885.3,0.6,149.27,736.03,3,1
873.23,0.6,159.89,713.33,3,1
966.9,0.8,145.49,821.41,4,1
830.39,0.6,117.05,713.33,3,1
772.8,0.4,122.16,650.64,2,1
636.86,0.2,101.86,535.0,1,1
1013.59,0.8,237.57,776.03,4,1
774.51,0.6,91.43,683.08,3,1
646.92,0.2,119.49,527.44,1,1
815.29,0.4,172.22,643.08,2,1
965.79,0.8,197.32,768.46,4,1
1164.08,1.2,194.59,969.49,6,1
603.67,0.2,61.11,542.56,1,1
562.36,0.0,90.05,472.31,0,1
512.43,0.0,77.95,434.49,0,1
482.86,0.0,40.81,442.05,0,1
752.06,0.4,131.68,620.38,2,1
875.41,0.8,106.95,768.46,4,1
877.23,0.8,131.46,745.77,4,1
797.34,0.4,146.7,650.64,2,1
620.91,0.2,63.22,557.69,1,1
540.62,0.0,98.57,442.05,0,1
745.43,0.4,102.35,643.08,2,1
844.27,0.6,108.24,736.03,3,1
909.66,0.8,110.95,798.72,4,1
763.16,0.4,120.08,643.08,2,1
723.02,0.4,79.95,643.08,2,1
468.16,0.0,26.11,442.05,0,1
1034.43,1.0,157.89,876.54,5,1
822.19,0.6,93.73,728.46,3,1
666.07,0.2,161.32,504.74,1,1
908.87,0.6,187.97,720.9,3,1
762.45,0.4,104.24,658.21,2,1
1023.1,1.0,123.86,899.23,5,1
981.26,1.0,134.97,846.28,5,1
702.83,0.2,152.7,550.13,1,1
759.76,0.4,139.38,620.38,2,1
895.66,0.8,96.95,798.72,4,1
1222.93,1.4,183.19,1039.74,7,1
552.09,0.0,87.35,464.74,0,1
907.57,0.8,131.54,776.03,4,1
612.77,0.2,47.51,565.26,1,1
848.1,0.6,104.51,743.59,3,1
692.24,0.2,142.11,550.13,1,1
683.9,0.4,63.51,620.38,2,1
854.07,0.6,148.3,705.77,3,1
633.44,0.2,60.62,572.82,1,1
882.59,0.8,91.43,791.15,4,1
494.69,0.0,37.51,457.18,0,1
816.35,0.6,148.41,667.95,3,1
801.58,0.4,143.38,658.21,2,1
905.65,0.6,169.62,736.03,3,1
944.46,0.6,208.43,736.03,3,1
1062.96,1.0,171.3,891.67,5,1
690.55,0.2,110.16,580.38,1,1
718.08,0.4,90.14,627.95,2,1
894.02,0.8,110.43,783.59,4,1
541.72,0.0,84.54,457.18,0,1
536.77,0.0,72.03,464.74,0,1
630.97,0.0,135.97,495.0,0,1
691.6,0.4,71.22,620.38,2,1
856.52,0.6,143.19,713.33,3,1
926.76,0.6,190.73,736.03,3,1
761.51,0.4,118.43,643.08,2,1
783.91,0.4,133.27,650.64,2,1
628.26,0.2,78.14,550.13,1,1
825.8,0.4,167.59,658.21,2,1
503.99,0.0,46.81,457.18,0,1
619.29,0.2,76.73,542.56,1,1
519.69,0.0,62.51,457.18,0,1
1185.5,1.2,246.27,939.23,6,1
730.05,0.4,94.54,635.51,2,1
1129.36,1.2,175.0,954.36,6,1
552.71,0.0,72.84,479.87,0,1
849.65,0.6,113.62,736.03,3,1
792.87,0.4,164.92,627.95,2,1
838.81,0.6,110.35,728.46,3,1
761.22,0.2,233.78,527.44,1,1
566.49,0.0,86.62,479.87,0,1
511.03,0.0,76.54,434.49,0,1
831.3,0.6,102.84,728.46,3,1
1009.69,1.0,163.41,846.28,5,1
812.13,0.6,129.05,683.08,3,1
463.89,0.0,29.41,434.49,0,1
696.79,0.4,68.84,627.95,2,1
868.16,0.6,132.14,736.03,3,1
611.21,0.2,53.51,557.69,1,1
1076.17,1.4,134.76,941.41,7,1
620.01,0.0,147.7,472.31,0,1
585.93,0.0,106.05,479.87,0,1
954.71,1.0,108.43,846.28,5,1
759.65,0.4,131.7,627.95,2,1
770.47,0.4,150.08,620.38,2,1
530.39,0.0,50.51,479.87,0,1
953.03,0.8,124.05,828.97,4,1
727.44,0.2,139.49,587.95,1,1
834.37,0.6,83.22,751.15,3,1
593.12,0.2,73.24,519.87,1,1
467.19,0.0,32.7,434.49,0,1
585.77,0.0,113.46,472.31,0,1
723.41,0.4,95.46,627.95,2,1
552.15,0.0,94.97,457.18,0,1
533.98,0.0,54.11,479.87,0,1
692.94,0.4,95.24,597.69,2,1
642.69,0.2,77.43,565.26,1,1
615.73,0.2,80.73,535.0,1,1
645.21,0.2,102.65,542.56,1,1
747.95,0.6,72.43,675.51,3,1
550.85,0.0,78.54,472.31,0,1
661.86,0.4,71.73,590.13,2,1
915.75,0.6,164.59,751.15,3,1
952.68,0.8,131.27,821.41,4,1
1003.14,1.0,134.16,868.97,5,1
870.21,0.6,119.05,751.15,3,1
581.96,0.0,109.65,472.31,0,1
1240.56,1.4,215.95,1024.62,7,1
973.79,0.8,152.38,821.41,4,1
585.35,0.2,57.92,527.44,1,1
667.87,0.2,95.05,572.82,1,1
559.98,0.2,40.11,519.87,1,1
633.05,0.2,98.05,535.0,1,1
834.23,0.6,128.46,705.77,3,1
639.99,0.2,89.86,550.13,1,1
645.23,0.2,87.54,557.69,1,1
959.12,0.8,145.27,813.85,4,1
594.22,0.0,114.35,479.87,0,1
710.89,0.4,67.81,643.08,2,1
668.72,0.4,71.03,597.69,2,1
681.75,0.4,84.05,597.69,2,1
732.05,0.4,96.54,635.51,2,1
869.07,0.6,178.43,690.64,3,1
535.88,0.0,71.14,464.74,0,1
704.09,0.4,98.84,605.26,2,1
484.54,0.0,57.62,426.92,0,1
848.82,0.6,135.49,713.33,3,1
922.12,1.0,75.84,846.28,5,1
537.86,0.0,88.24,449.62,0,1
798.63,0.4,132.86,665.77,2,1
821.1,0.4,178.03,643.08,2,1
734.12,0.2,176.43,557.69,1,1
476.86,0.0,34.81,442.05,0,1
598.73,0.2,63.73,535.0,1,1
806.4,0.6,115.76,690.64,3,1
456.06,0.0,36.7,419.36,0,1
821.11,0.6,92.65,728.46,3,1
537.23,0.0,64.92,472.31,0,1
748.4,0.4,150.7,597.69,2,1
483.75,0.0,41.7,442.05,0,1
772.13,0.4,129.05,643.08,2,1
1083.57,1.0,207.03,876.54,5,1
889.39,0.6,130.68,758.72,3,1
1123.76,1.2,169.41,954.36,6,1
761.96,0.4,103.76,658.21,2,1
623.96,0.2,58.7,565.26,1,1
749.43,0.4,106.35,643.08,2,1
778.09,0.4,157.7,620.38,2,1
974.07,0.6,222.92,751.15,3,1
589.61,0.0,124.86,464.74,0,1
731.42,0.4,126.16,605.26,2,1
984.71,0.6,263.81,720.9,3,1
815.76,0.6,79.73,736.03,3,1
848.35,0.8,72.32,776.03,4,1
700.12,0.2,127.3,572.82,1,1
529.71,0.0,57.41,472.31,0,1
682.18,0.4,92.05,590.13,2,1
603.38,0.0,115.95,487.44,0,1
553.94,0.0,96.76,457.18,0,1
730.25,0.4,109.86,620.38,2,1
754.14,0.4,126.19,627.95,2,1
835.26,0.6,137.05,698.21,3,1
738.45,0.4,87.81,650.64,2,1
737.2,0.2,164.38,572.82,1,1
736.14,0.4,115.76,620.38,2,1
839.61,0.6,133.84,705.77,3,1
626.41,0.0,131.41,495.0,0,1
642.41,0.2,114.97,527.44,1,1
800.9,0.4,127.57,673.33,2,1
583.67,0.2,41.11,542.56,1,1
940.29,1.0,101.57,838.72,5,1
920.23,0.8,129.08,791.15,4,1
793.15,0.4,127.38,665.77,2,1
928.1,0.8,129.38,798.72,4,1
880.51,0.6,197.43,683.08,3,1
549.04,0.0,76.73,472.31,0,1
535.4,0.2,38.22,497.18,1,1
637.81,0.2,110.38,527.44,1,1
532.58,0.0,75.41,457.18,0,1
599.87,0.2,72.43,527.44,1,1
1017.25,0.8,248.78,768.46,4,1
606.29,0.0,149.11,457.18,0,1
733.33,0.2,160.51,572.82,1,1
643.1,0.4,45.41,597.69,2,1
646.83,0.2,89.14,557.69,1,1
1017.12,1.0,178.41,838.72,5,1
598.92,0.2,63.92,535.0,1,1
600.02,0.2,42.32,557.69,1,1
1046.72,1.2,115.05,931.67,6,1
648.13,0.2,105.57,542.56,1,1
552.75,0.0,95.57,457.18,0,1
906.21,0.8,115.05,791.15,4,1
649.15,0.2,91.46,557.69,1,1
745.65,0.4,125.27,620.38,2,1
604.84,0.2,69.84,535.0,1,1
827.06,0.6,106.16,720.9,3,1
823.92,0.6,95.46,728.46,3,1
978.65,0.8,149.68,828.97,4,1
666.49,0.4,46.11,620.38,2,1
637.51,0.2,94.95,542.56,1,1
817.5,0.4,159.3,658.21,2,1
696.53,0.2,131.27,565.26,1,1
921.8,1.0,75.51,846.28,5,1
532.92,0.0,90.86,442.05,0,1
982.12,0.8,168.27,813.85,4,1
700.82,0.2,135.57,565.26,1,1
815.46,0.4,179.95,635.51,2,1
733.5,0.2,175.81,557.69,1,1
926.1,0.8,134.95,791.15,4,1
588.35,0.2,60.92,527.44,1,1
692.69,0.2,119.86,572.82,1,1
736.49,0.4,108.54,627.95,2,1
507.85,0.0,43.11,464.74,0,1
956.57,0.8,135.16,821.41,4,1
522.21,0.0,65.03,457.18,0,1
836.8,0.6,138.59,698.21,3,1
770.77,0.4,112.57,658.21,2,1
1224.67,1.4,207.62,1017.05,7,1
589.33,0.0,109.46,479.87,0,1
758.2,0.4,145.38,612.82,2,1
1009.44,0.8,188.03,821.41,4,1
875.38,0.8,99.35,776.03,4,1
669.04,0.2,111.35,557.69,1,1
666.28,0.4,61.03,605.26,2,1
1018.02,0.8,226.86,791.15,4,1
664.74,0.2,91.92,572.82,1,1
537.56,0.0,87.95,449.62,0,1
545.64,0.0,88.46,457.18,0,1
450.06,0.0,30.7,419.36,0,1
827.07,0.4,168.86,658.21,2,1
741.86,0.4,106.35,635.51,2,1
758.59,0.4,107.95,650.64,2,1
612.82,0.2,92.95,519.87,1,1
634.12,0.2,76.43,557.69,1,1
712.36,0.4,99.54,612.82,2,1
510.1,0.0,52.92,457.18,0,1
817.5,0.6,104.16,713.33,3,1
799.33,0.6,86.0,713.33,3,1
682.96,0.4,70.14,612.82,2,1
724.11,0.4,96.16,627.95,2,1
490.86,0.0,48.81,442.05,0,1
744.28,0.4,78.51,665.77,2,1
606.94,0.2,56.81,550.13,1,1
735.16,0.4,99.65,635.51,2,1
669.01,0.2,88.62,580.38,1,1
629.1,0.2,71.41,557.69,1,1
661.26,0.2,103.57,557.69,1,1
689.64,0.4,91.95,597.69,2,1
622.77,0.2,57.51,565.26,1,1
767.2,0.4,101.43,665.77,2,1
715.05,0.2,164.92,550.13,1,1
874.78,0.8,98.76,776.03,4,1
616.15,0.0,151.41,464.74,0,1
801.95,0.4,174.0,627.95,2,1
761.75,0.6,71.11,690.64,3,1
1045.81,1.0,161.7,884.1,5,1
692.88,0.2,135.19,557.69,1,1
888.47,0.6,175.14,713.33,3,1
868.43,0.6,124.84,743.59,3,1
613.31,0.0,141.0,472.31,0,1
554.15,0.0,96.97,457.18,0,1
663.82,0.2,83.43,580.38,1,1
668.56,0.2,110.86,557.69,1,1
780.22,0.2,199.84,580.38,1,1
889.87,0.6,161.41,728.46,3,1
532.7,0.0,90.65,442.05,0,1
497.83,0.0,48.22,449.62,0,1
662.64,0.2,104.95,557.69,1,1
1169.76,1.2,207.84,961.92,6,1
544.96,0.0,72.65,472.31,0,1
594.6,0.2,74.73,519.87,1,1
563.77,0.2,59.03,504.74,1,1
739.58,0.4,73.81,665.77,2,1
549.45,0.0,92.27,457.18,0,1
503.18,0.0,46.0,457.18,0,1
611.44,0.4,44.0,567.44,2,1
776.4,0.4,140.89,635.51,2,1
691.23,0.2,125.97,565.26,1,1
