"Total_Cost","Ratio_Reloc_Prod","Horiz_Cost","Vert_Cost","nReloc","non_Optimal"
220840.75,0.3893,33565.14,187275.69,584,300
782.92,0.4,102.03,680.9,2,1
737.06,0.2,149.11,587.95,1,1
897.77,0.6,184.43,713.33,3,1
876.88,0.4,211.11,665.77,2,1
516.71,0.0,44.41,472.31,0,1
792.13,0.6,109.05,683.08,3,1
922.39,0.8,108.54,813.85,4,1
543.38,0.0,116.46,426.92,0,1
913.97,0.6,223.32,690.64,3,1
958.8,0.8,160.08,798.72,4,1
676.42,0.2,111.16,565.26,1,1
545.53,0.0,88.35,457.18,0,1
533.42,0.0,61.11,472.31,0,1
1018.8,1.0,172.51,846.28,5,1
885.3,0.6,149.27,736.03,3,1
873.23,0.6,159.89,713.33,3,1
950.68,0.8,129.27,821.41,4,1
843.9,0.6,130.57,713.33,3,1
772.21,0.4,121.57,650.64,2,1
636.86,0.2,101.86,535.0,1,1
977.24,0.8,201.22,776.03,4,1
803.34,0.6,105.14,698.21,3,1
644.22,0.2,116.78,527.44,1,1
857.62,0.6,129.16,728.46,3,1
1013.95,0.8,245.49,768.46,4,1
1164.08,1.2,194.59,969.49,6,1
607.37,0.2,64.81,542.56,1,1
562.36,0.0,90.05,472.31,0,1
512.43,0.0,77.95,434.49,0,1
480.27,0.0,38.22,442.05,0,1
752.06,0.4,131.68,620.38,2,1
875.41,0.8,106.95,768.46,4,1
877.23,0.8,131.46,745.77,4,1
797.34,0.4,146.7,650.64,2,1
620.91,0.2,63.22,557.69,1,1
542.62,0.0,100.57,442.05,0,1
715.3,0.4,87.35,627.95,2,1
838.86,0.6,102.84,736.03,3,1
980.06,1.0,118.65,861.41,5,1
712.49,0.4,84.54,627.95,2,1
758.05,0.4,114.97,643.08,2,1
468.19,0.0,33.7,434.49,0,1
980.33,0.8,166.49,813.85,4,1
825.89,0.6,97.43,728.46,3,1
688.6,0.2,168.73,519.87,1,1
926.09,0.6,205.19,720.9,3,1
778.01,0.4,112.24,665.77,2,1
941.28,0.8,119.86,821.41,4,1
901.08,0.8,125.05,776.03,4,1
672.35,0.2,129.78,542.56,1,1
859.52,0.6,146.19,713.33,3,1
901.07,0.8,102.35,798.72,4,1
1141.41,1.2,179.49,961.92,6,1
552.09,0.0,87.35,464.74,0,1
910.57,0.8,134.54,776.03,4,1
589.64,0.2,39.51,550.13,1,1
850.81,0.6,107.22,743.59,3,1
678.67,0.2,136.11,542.56,1,1
662.04,0.4,49.22,612.82,2,1
863.93,0.6,150.59,713.33,3,1
622.18,0.2,56.92,565.26,1,1
886.66,0.8,87.95,798.72,4,1
488.32,0.0,38.7,449.62,0,1
855.0,0.6,171.92,683.08,3,1
796.69,0.4,138.49,658.21,2,1
812.97,0.4,162.32,650.64,2,1
950.76,0.6,214.73,736.03,3,1
1159.05,1.2,182.0,977.05,6,1
682.98,0.2,110.16,572.82,1,1
705.93,0.4,85.54,620.38,2,1
905.29,0.8,114.14,791.15,4,1
541.72,0.0,84.54,457.18,0,1
539.18,0.0,74.43,464.74,0,1
589.74,0.0,109.86,479.87,0,1
733.1,0.4,90.03,643.08,2,1
894.35,0.8,110.76,783.59,4,1
887.56,0.6,143.97,743.59,3,1
756.1,0.4,113.03,643.08,2,1
853.73,0.6,125.27,728.46,3,1
661.15,0.2,103.46,557.69,1,1
799.97,0.4,156.89,643.08,2,1
482.05,0.0,40.0,442.05,0,1
618.91,0.2,61.22,557.69,1,1
495.62,0.0,46.0,449.62,0,1
911.82,0.6,206.05,705.77,3,1
878.27,0.8,102.24,776.03,4,1
1173.46,1.2,196.41,977.05,6,1
569.57,0.0,82.14,487.44,0,1
823.92,0.6,103.03,720.9,3,1
612.15,0.0,147.41,464.74,0,1
894.94,0.8,111.35,783.59,4,1
852.02,0.4,208.95,643.08,2,1
568.3,0.0,88.43,479.87,0,1
572.96,0.0,100.65,472.31,0,1
836.65,0.6,100.62,736.03,3,1
1132.76,1.2,178.41,954.36,6,1
800.78,0.6,125.27,675.51,3,1
442.76,0.0,23.41,419.36,0,1
686.57,0.4,58.62,627.95,2,1
877.02,0.6,133.43,743.59,3,1
533.82,0.0,61.51,472.31,0,1
1093.09,1.4,151.68,941.41,7,1
611.2,0.0,138.89,472.31,0,1
666.88,0.2,116.76,550.13,1,1
809.47,0.6,96.14,713.33,3,1
742.44,0.4,114.49,627.95,2,1
758.89,0.4,130.95,627.95,2,1
565.82,0.0,85.95,479.87,0,1
851.24,0.6,107.65,743.59,3,1
829.38,0.4,148.49,680.9,2,1
825.91,0.6,82.32,743.59,3,1
591.3,0.2,71.43,519.87,1,1
485.06,0.0,58.14,426.92,0,1
659.88,0.2,109.76,550.13,1,1
801.98,0.6,88.65,713.33,3,1
553.18,0.0,103.57,449.62,0,1
613.13,0.2,63.0,550.13,1,1
706.66,0.4,93.84,612.82,2,1
501.03,0.0,66.54,434.49,0,1
539.88,0.0,75.14,464.74,0,1
625.14,0.2,90.14,535.0,1,1
617.58,0.2,105.27,512.31,1,1
635.83,0.2,78.14,557.69,1,1
576.04,0.2,63.73,512.31,1,1
1009.84,0.8,173.3,836.54,4,1
880.72,0.6,129.57,751.15,3,1
1015.25,1.0,161.41,853.85,5,1
785.58,0.4,112.24,673.33,2,1
608.3,0.0,120.86,487.44,0,1
1054.99,1.0,216.27,838.72,5,1
851.44,0.6,145.68,705.77,3,1
637.97,0.2,87.84,550.13,1,1
487.02,0.0,37.41,449.62,0,1
497.4,0.0,40.22,457.18,0,1
638.07,0.2,87.95,550.13,1,1
1021.81,1.0,145.27,876.54,5,1
649.19,0.4,66.62,582.56,2,1
645.23,0.2,87.54,557.69,1,1
689.75,0.2,132.05,557.69,1,1
575.5,0.0,110.76,464.74,0,1
884.29,0.8,93.14,791.15,4,1
633.16,0.2,98.16,535.0,1,1
786.59,0.6,95.95,690.64,3,1
700.44,0.4,80.05,620.38,2,1
921.6,0.8,160.7,760.9,4,1
520.85,0.0,56.11,464.74,0,1
725.22,0.4,104.84,620.38,2,1
516.53,0.0,66.92,449.62,0,1
933.78,0.8,150.19,783.59,4,1
1002.11,1.2,93.14,908.97,6,1
547.42,0.0,90.24,457.18,0,1
921.29,0.8,122.57,798.72,4,1
707.85,0.2,142.59,565.26,1,1
671.99,0.2,121.86,550.13,1,1
580.71,0.0,100.84,479.87,0,1
672.28,0.4,67.03,605.26,2,1
665.99,0.2,115.86,550.13,1,1
481.3,0.0,46.81,434.49,0,1
817.16,0.6,81.14,736.03,3,1
492.67,0.0,50.62,442.05,0,1
757.02,0.4,159.32,597.69,2,1
476.16,0.0,34.11,442.05,0,1
807.15,0.6,108.95,698.21,3,1
865.07,0.6,174.43,690.64,3,1
941.5,0.8,142.78,798.72,4,1
975.96,1.0,129.68,846.28,5,1
783.87,0.4,110.54,673.33,2,1
629.96,0.2,64.7,565.26,1,1
630.62,0.2,88.05,542.56,1,1
851.69,0.4,185.92,665.77,2,1
844.45,0.4,193.81,650.64,2,1
875.23,0.6,161.89,713.33,3,1
661.46,0.2,126.46,535.0,1,1
865.76,0.4,245.38,620.38,2,1
808.19,0.6,79.73,728.46,3,1
589.22,0.2,54.22,535.0,1,1
679.99,0.2,122.3,557.69,1,1
631.77,0.2,66.51,565.26,1,1
665.84,0.4,90.84,575.0,2,1
628.02,0.0,170.84,457.18,0,1
740.52,0.4,112.57,627.95,2,1
928.75,0.8,145.16,783.59,4,1
563.5,0.0,98.76,464.74,0,1
705.03,0.4,84.65,620.38,2,1
865.41,0.6,136.95,728.46,3,1
820.23,0.4,154.46,665.77,2,1
676.96,0.2,119.27,557.69,1,1
747.96,0.2,182.7,565.26,1,1
730.95,0.2,143.0,587.95,1,1
693.85,0.4,96.16,597.69,2,1
784.74,0.4,118.97,665.77,2,1
585.93,0.0,106.05,479.87,0,1
886.32,1.0,62.73,823.59,5,1
1039.7,1.0,155.59,884.1,5,1
638.99,0.2,73.73,565.26,1,1
687.09,0.2,114.27,572.82,1,1
821.19,0.6,145.68,675.51,3,1
540.42,0.0,83.24,457.18,0,1
569.25,0.0,96.95,472.31,0,1
650.3,0.2,115.3,535.0,1,1
482.6,0.0,63.24,419.36,0,1
536.42,0.0,64.11,472.31,0,1
832.11,0.4,204.16,627.95,2,1
588.23,0.0,123.49,464.74,0,1
601.76,0.0,121.89,479.87,0,1
660.07,0.4,54.81,605.26,2,1
568.01,0.0,88.14,479.87,0,1
1111.67,1.2,195.14,916.54,6,1
542.99,0.0,78.24,464.74,0,1
588.64,0.2,38.51,550.13,1,1
866.13,0.8,82.54,783.59,4,1
847.34,0.8,101.57,745.77,4,1
547.32,0.0,105.27,442.05,0,1
877.94,0.8,94.35,783.59,4,1
714.65,0.4,79.14,635.51,2,1
561.4,0.0,111.78,449.62,0,1
512.05,0.0,62.43,449.62,0,1
738.7,0.4,95.62,643.08,2,1
708.98,0.4,96.16,612.82,2,1
1019.42,0.8,160.19,859.23,4,1
666.49,0.4,46.11,620.38,2,1
624.95,0.2,89.95,535.0,1,1
804.84,0.6,136.89,667.95,3,1
674.37,0.2,116.68,557.69,1,1
831.98,0.8,63.51,768.46,4,1
522.05,0.0,87.57,434.49,0,1
794.14,0.4,166.19,627.95,2,1
675.17,0.2,102.35,572.82,1,1
693.59,0.4,103.46,590.13,2,1
669.42,0.2,157.11,512.31,1,1
815.16,0.6,132.08,683.08,3,1
601.27,0.2,58.7,542.56,1,1
829.88,0.4,164.11,665.77,2,1
579.58,0.2,74.84,504.74,1,1
472.49,0.0,38.0,434.49,0,1
977.33,1.0,108.35,868.97,5,1
742.49,0.4,114.54,627.95,2,1
1043.27,1.0,174.3,868.97,5,1
873.7,0.6,137.68,736.03,3,1
1025.41,0.8,196.43,828.97,4,1
593.44,0.0,113.57,479.87,0,1
958.17,0.8,136.76,821.41,4,1
1180.19,1.2,203.14,977.05,6,1
865.1,0.6,113.95,751.15,3,1
912.81,0.8,136.78,776.03,4,1
606.5,0.2,48.81,557.69,1,1
887.61,0.4,221.84,665.77,2,1
655.96,0.2,83.14,572.82,1,1
530.35,0.0,80.73,449.62,0,1
495.67,0.0,53.62,442.05,0,1
536.66,0.0,71.92,464.74,0,1
774.49,0.4,138.97,635.51,2,1
812.79,0.6,99.46,713.33,3,1
788.88,0.6,98.24,690.64,3,1
597.89,0.2,55.32,542.56,1,1
648.09,0.2,82.84,565.26,1,1
693.33,0.4,80.51,612.82,2,1
754.54,0.4,111.46,643.08,2,1
820.81,0.4,177.73,643.08,2,1
805.37,0.4,162.3,643.08,2,1
742.33,0.6,81.95,660.38,3,1
653.2,0.2,87.95,565.26,1,1
508.88,0.0,51.7,457.18,0,1
703.34,0.4,105.65,597.69,2,1
531.56,0.0,81.95,449.62,0,1
542.02,0.0,84.84,457.18,0,1
638.07,0.2,87.95,550.13,1,1
616.12,0.2,96.24,519.87,1,1
660.26,0.2,102.57,557.69,1,1
654.65,0.4,79.65,575.0,2,1
694.04,0.2,128.78,565.26,1,1
795.71,0.6,74.81,720.9,3,1
660.45,0.2,102.76,557.69,1,1
754.2,0.4,88.43,665.77,2,1
787.32,0.4,151.81,635.51,2,1
712.18,0.2,154.49,557.69,1,1
524.66,0.0,59.92,464.74,0,1
873.54,0.6,145.08,728.46,3,1
519.37,0.0,54.62,464.74,0,1
876.71,0.6,155.81,720.9,3,1
952.99,0.8,154.27,798.72,4,1
776.95,0.4,149.0,627.95,2,1
799.04,0.4,133.27,665.77,2,1
676.69,0.4,71.43,605.26,2,1
631.27,0.2,96.27,535.0,1,1
853.75,0.4,195.54,658.21,2,1
862.49,0.6,126.46,736.03,3,1
665.47,0.4,60.22,605.26,2,1
491.72,0.0,42.11,449.62,0,1
552.99,0.0,88.24,464.74,0,1
1088.08,1.0,211.54,876.54,5,1
612.22,0.2,77.22,535.0,1,1
531.12,0.0,58.81,472.31,0,1
520.37,0.0,55.62,464.74,0,1
667.71,0.2,87.32,580.38,1,1
793.4,0.6,102.76,690.64,3,1
640.21,0.2,82.51,557.69,1,1
520.91,0.0,63.73,457.18,0,1
805.44,0.4,139.68,665.77,2,1
818.42,0.6,112.65,705.77,3,1
