"Total_Cost","Ratio_Reloc_Prod","Horiz_Cost","Vert_Cost","nReloc","non_Optimal"
223160.29,0.4067,33467.95,189692.38,610,300
782.92,0.4,102.03,680.9,2,1
734.95,0.2,147.0,587.95,1,1
826.63,0.6,120.86,705.77,3,1
808.01,0.4,142.24,665.77,2,1
533.63,0.0,61.32,472.31,0,1
788.13,0.6,105.05,683.08,3,1
929.95,0.8,108.54,821.41,4,1
543.38,0.0,116.46,426.92,0,1
913.97,0.6,223.32,690.64,3,1
958.8,0.8,160.08,798.72,4,1
676.42,0.2,111.16,565.26,1,1
545.53,0.0,88.35,457.18,0,1
533.42,0.0,61.11,472.31,0,1
989.36,1.0,143.08,846.28,5,1
911.98,0.6,183.51,728.46,3,1
857.71,0.6,144.38,713.33,3,1
937.71,0.8,123.86,813.85,4,1
851.47,0.6,130.57,720.9,3,1
789.56,0.4,131.35,658.21,2,1
636.86,0.2,101.86,535.0,1,1
977.24,0.8,201.22,776.03,4,1
791.78,0.6,101.14,690.64,3,1
638.81,0.2,111.38,527.44,1,1
764.54,0.4,121.46,643.08,2,1
1025.51,0.8,249.49,776.03,4,1
1164.08,1.2,194.59,969.49,6,1
607.37,0.2,64.81,542.56,1,1
562.36,0.0,90.05,472.31,0,1
512.43,0.0,77.95,434.49,0,1
477.46,0.0,35.41,442.05,0,1
745.2,0.4,132.38,612.82,2,1
875.41,0.8,106.95,768.46,4,1
886.79,0.8,133.46,753.33,4,1
805.45,0.4,154.81,650.64,2,1
620.91,0.2,63.22,557.69,1,1
541.32,0.0,99.27,442.05,0,1
712.89,0.4,84.95,627.95,2,1
838.86,0.6,102.84,736.03,3,1
980.06,1.0,118.65,861.41,5,1
712.49,0.4,84.54,627.95,2,1
755.94,0.4,112.86,643.08,2,1
468.19,0.0,33.7,434.49,0,1
938.99,0.8,140.27,798.72,4,1
854.33,0.6,125.86,728.46,3,1
688.6,0.2,168.73,519.87,1,1
926.09,0.6,205.19,720.9,3,1
771.31,0.4,105.54,665.77,2,1
1023.1,1.0,123.86,899.23,5,1
828.42,0.6,122.65,705.77,3,1
681.21,0.2,131.08,550.13,1,1
831.37,0.6,133.16,698.21,3,1
882.74,0.8,84.03,798.72,4,1
1141.41,1.2,179.49,961.92,6,1
536.53,0.0,79.35,457.18,0,1
935.4,0.8,144.24,791.15,4,1
656.33,0.4,43.51,612.82,2,1
848.1,0.6,104.51,743.59,3,1
767.28,0.4,146.89,620.38,2,1
662.04,0.4,49.22,612.82,2,1
921.92,0.8,145.89,776.03,4,1
629.74,0.2,56.92,572.82,1,1
764.45,0.6,66.24,698.21,3,1
514.01,0.0,41.7,472.31,0,1
834.32,0.6,158.81,675.51,3,1
797.69,0.4,139.49,658.21,2,1
918.21,0.6,174.62,743.59,3,1
1049.41,0.8,220.43,828.97,4,1
1087.74,1.0,188.51,899.23,5,1
690.55,0.2,110.16,580.38,1,1
738.24,0.4,102.73,635.51,2,1
994.48,1.0,117.95,876.54,5,1
541.72,0.0,84.54,457.18,0,1
540.07,0.0,75.32,464.74,0,1
602.3,0.0,114.86,487.44,0,1
729.4,0.4,86.32,643.08,2,1
873.92,0.8,105.46,768.46,4,1
870.0,0.6,133.97,736.03,3,1
761.51,0.4,118.43,643.08,2,1
839.65,0.6,118.76,720.9,3,1
659.45,0.2,101.76,557.69,1,1
807.83,0.4,157.19,650.64,2,1
482.05,0.0,40.0,442.05,0,1
620.91,0.2,63.22,557.69,1,1
488.05,0.0,46.0,442.05,0,1
919.93,0.6,214.16,705.77,3,1
859.35,0.8,83.32,776.03,4,1
1145.43,1.2,168.38,977.05,6,1
552.71,0.0,72.84,479.87,0,1
844.65,0.6,108.62,736.03,3,1
712.24,0.2,162.11,550.13,1,1
923.91,0.8,132.76,791.15,4,1
847.41,0.4,219.46,627.95,2,1
572.3,0.0,92.43,479.87,0,1
570.96,0.0,98.65,472.31,0,1
747.42,0.4,89.22,658.21,2,1
874.3,0.6,153.41,720.9,3,1
797.38,0.6,121.86,675.51,3,1
461.89,0.0,27.41,434.49,0,1
686.57,0.4,58.62,627.95,2,1
999.37,0.8,140.14,859.23,4,1
625.36,0.2,60.11,565.26,1,1
1019.15,1.2,132.86,886.28,6,1
611.2,0.0,138.89,472.31,0,1
664.5,0.2,99.24,565.26,1,1
973.41,1.0,104.43,868.97,5,1
742.44,0.4,114.49,627.95,2,1
812.29,0.6,121.65,690.64,3,1
548.69,0.0,83.95,464.74,0,1
858.64,0.6,115.05,743.59,3,1
727.44,0.2,139.49,587.95,1,1
750.95,0.4,77.62,673.33,2,1
608.38,0.2,80.95,527.44,1,1
513.16,0.0,63.54,449.62,0,1
569.09,0.0,104.35,464.74,0,1
801.98,0.6,88.65,713.33,3,1
649.38,0.2,114.38,535.0,1,1
593.27,0.2,50.7,542.56,1,1
741.57,0.4,106.05,635.51,2,1
663.56,0.4,73.43,590.13,2,1
557.49,0.0,77.62,479.87,0,1
614.03,0.2,79.03,535.0,1,1
752.24,0.6,76.73,675.51,3,1
484.53,0.0,34.92,449.62,0,1
583.65,0.2,56.22,527.44,1,1
1168.56,1.2,191.51,977.05,6,1
923.79,0.8,109.95,813.85,4,1
883.15,0.6,184.95,698.21,3,1
667.11,0.2,86.73,580.38,1,1
575.06,0.0,102.76,472.31,0,1
1025.26,1.0,186.54,838.72,5,1
885.7,0.6,149.68,736.03,3,1
637.97,0.2,87.84,550.13,1,1
637.21,0.4,39.51,597.69,2,1
492.1,0.0,34.92,457.18,0,1
811.01,0.6,105.24,705.77,3,1
806.09,0.4,132.76,673.33,2,1
612.73,0.2,77.73,535.0,1,1
649.64,0.2,91.95,557.69,1,1
788.2,0.6,82.43,705.77,3,1
609.68,0.0,122.24,487.44,0,1
841.38,0.6,105.35,736.03,3,1
647.73,0.2,105.16,542.56,1,1
607.68,0.2,80.24,527.44,1,1
695.25,0.4,82.43,612.82,2,1
771.57,0.4,151.19,620.38,2,1
590.92,0.2,55.92,535.0,1,1
657.83,0.2,100.14,557.69,1,1
636.84,0.2,101.84,535.0,1,1
834.13,0.6,143.49,690.64,3,1
925.15,1.0,86.43,838.72,5,1
640.92,0.2,98.35,542.56,1,1
993.75,1.0,109.65,884.1,5,1
737.68,0.2,157.3,580.38,1,1
665.7,0.2,115.57,550.13,1,1
573.85,0.0,101.54,472.31,0,1
615.86,0.2,65.73,550.13,1,1
676.91,0.2,126.78,550.13,1,1
466.92,0.0,40.0,426.92,0,1
755.72,0.4,89.95,665.77,2,1
492.67,0.0,50.62,442.05,0,1
762.91,0.4,165.22,597.69,2,1
479.46,0.0,37.41,442.05,0,1
698.77,0.4,85.95,612.82,2,1
935.38,0.8,166.92,768.46,4,1
948.09,0.8,126.68,821.41,4,1
933.1,0.8,134.38,798.72,4,1
667.93,0.2,87.54,580.38,1,1
631.52,0.2,58.7,572.82,1,1
732.3,0.4,104.35,627.95,2,1
1001.59,0.8,210.43,791.15,4,1
859.13,0.6,183.62,675.51,3,1
786.3,0.6,118.35,667.95,3,1
600.74,0.0,136.0,464.74,0,1
879.38,0.4,259.0,620.38,2,1
778.74,0.4,97.84,680.9,2,1
589.22,0.2,54.22,535.0,1,1
623.16,0.2,88.16,535.0,1,1
644.43,0.2,101.86,542.56,1,1
541.02,0.0,83.84,457.18,0,1
719.6,0.2,192.16,527.44,1,1
575.45,0.0,118.27,457.18,0,1
768.31,0.6,115.49,652.82,3,1
585.77,0.0,128.59,457.18,0,1
658.16,0.4,68.03,590.13,2,1
747.97,0.4,97.32,650.64,2,1
844.55,0.4,178.78,665.77,2,1
682.21,0.2,132.08,550.13,1,1
1014.85,0.8,201.0,813.85,4,1
726.25,0.2,138.3,587.95,1,1
735.65,0.4,115.27,620.38,2,1
774.18,0.4,115.97,658.21,2,1
625.56,0.2,75.43,550.13,1,1
819.08,0.8,50.62,768.46,4,1
852.47,0.6,131.57,720.9,3,1
672.77,0.2,99.95,572.82,1,1
808.76,0.4,127.86,680.9,2,1
768.57,0.4,148.19,620.38,2,1
552.44,0.0,80.14,472.31,0,1
693.92,0.2,158.92,535.0,1,1
678.61,0.2,128.49,550.13,1,1
508.97,0.0,66.92,442.05,0,1
583.12,0.0,103.24,479.87,0,1
962.79,0.8,209.46,753.33,4,1
536.37,0.0,71.62,464.74,0,1
798.78,0.4,155.7,643.08,2,1
672.04,0.4,59.22,612.82,2,1
642.53,0.2,84.84,557.69,1,1
997.88,1.0,151.59,846.28,5,1
620.45,0.2,70.32,550.13,1,1
657.04,0.4,44.22,612.82,2,1
968.39,1.0,114.54,853.85,5,1
729.11,0.4,101.16,627.95,2,1
543.62,0.0,101.57,442.05,0,1
825.0,0.6,96.54,728.46,3,1
711.52,0.4,91.14,620.38,2,1
620.14,0.2,100.27,519.87,1,1
533.61,0.0,76.43,457.18,0,1
796.31,0.6,90.54,705.77,3,1
953.6,1.0,99.76,853.85,5,1
1058.57,1.0,136.65,921.92,5,1
707.89,0.4,79.95,627.95,2,1
645.83,0.2,88.14,557.69,1,1
821.36,0.6,100.46,720.9,3,1
725.84,0.4,90.32,635.51,2,1
879.54,0.8,95.95,783.59,4,1
689.8,0.4,84.54,605.26,2,1
920.08,0.8,144.05,776.03,4,1
833.84,0.6,112.95,720.9,3,1
873.52,0.8,105.05,768.46,4,1
889.64,0.6,191.43,698.21,3,1
863.49,0.6,142.59,720.9,3,1
603.97,0.2,61.41,542.56,1,1
822.21,0.4,164.0,658.21,2,1
601.36,0.2,89.05,512.31,1,1
450.06,0.0,30.7,419.36,0,1
953.39,1.0,99.54,853.85,5,1
752.33,0.4,124.38,627.95,2,1
971.9,0.8,150.49,821.41,4,1
889.64,0.6,138.49,751.15,3,1
994.58,0.8,180.73,813.85,4,1
635.36,0.2,70.11,565.26,1,1
992.36,0.8,186.08,806.28,4,1
1023.27,0.8,186.73,836.54,4,1
906.77,0.8,108.05,798.72,4,1
589.79,0.0,102.35,487.44,0,1
701.78,0.4,58.7,643.08,2,1
752.42,0.2,194.73,557.69,1,1
869.37,0.8,78.22,791.15,4,1
771.82,0.4,159.0,612.82,2,1
521.97,0.0,72.35,449.62,0,1
501.72,0.0,52.11,449.62,0,1
698.81,0.2,163.81,535.0,1,1
781.82,0.4,116.05,665.77,2,1
718.49,0.4,90.54,627.95,2,1
883.99,0.8,92.84,791.15,4,1
643.53,0.2,85.84,557.69,1,1
713.46,0.4,85.51,627.95,2,1
833.71,0.6,120.38,713.33,3,1
772.23,0.4,106.46,665.77,2,1
673.24,0.2,130.68,542.56,1,1
528.26,0.0,78.65,449.62,0,1
632.14,0.2,112.27,519.87,1,1
494.08,0.0,52.03,442.05,0,1
672.21,0.2,122.08,550.13,1,1
535.77,0.0,71.03,464.74,0,1
510.75,0.0,61.14,449.62,0,1
614.13,0.2,64.0,550.13,1,1
587.5,0.2,82.76,504.74,1,1
690.48,0.2,132.78,557.69,1,1
681.77,0.2,108.95,572.82,1,1
802.11,0.6,126.59,675.51,3,1
707.48,0.4,64.41,643.08,2,1
673.24,0.2,130.68,542.56,1,1
887.31,0.8,81.03,806.28,4,1
784.97,0.4,141.89,643.08,2,1
697.61,0.2,147.49,550.13,1,1
746.19,0.6,63.11,683.08,3,1
894.64,0.6,151.05,743.59,3,1
620.05,0.2,69.92,550.13,1,1
935.75,0.8,144.59,791.15,4,1
955.69,0.8,156.97,798.72,4,1
861.47,0.6,155.7,705.77,3,1
853.33,0.6,124.86,728.46,3,1
697.89,0.4,69.95,627.95,2,1
590.3,0.0,102.86,487.44,0,1
708.43,0.2,173.43,535.0,1,1
940.36,0.8,118.95,821.41,4,1
692.39,0.4,87.14,605.26,2,1
497.83,0.0,48.22,449.62,0,1
672.45,0.2,114.76,557.69,1,1
1166.34,1.2,219.54,946.79,6,1
632.88,0.2,67.62,565.26,1,1
593.64,0.0,128.89,464.74,0,1
624.1,0.2,81.54,542.56,1,1
624.12,0.2,66.43,557.69,1,1
627.0,0.2,99.57,527.44,1,1
645.02,0.2,87.32,557.69,1,1
523.29,0.0,66.11,457.18,0,1
1053.31,1.0,154.08,899.23,5,1
779.4,0.4,143.89,635.51,2,1
