"Total_Cost","Ratio_Reloc_Prod","Horiz_Cost","Vert_Cost","nReloc","non_Optimal"
221358.37,0.3907,33601.73,187756.63,586,300
782.92,0.4,102.03,680.9,2,1
734.95,0.2,147.0,587.95,1,1
897.77,0.6,184.43,713.33,3,1
876.88,0.4,211.11,665.77,2,1
516.71,0.0,44.41,472.31,0,1
792.13,0.6,109.05,683.08,3,1
922.39,0.8,108.54,813.85,4,1
543.38,0.0,116.46,426.92,0,1
913.97,0.6,223.32,690.64,3,1
958.8,0.8,160.08,798.72,4,1
676.42,0.2,111.16,565.26,1,1
545.53,0.0,88.35,457.18,0,1
533.42,0.0,61.11,472.31,0,1
1018.8,1.0,172.51,846.28,5,1
885.3,0.6,149.27,736.03,3,1
873.23,0.6,159.89,713.33,3,1
966.9,0.8,145.49,821.41,4,1
830.39,0.6,117.05,713.33,3,1
772.8,0.4,122.16,650.64,2,1
636.86,0.2,101.86,535.0,1,1
1013.59,0.8,237.57,776.03,4,1
774.51,0.6,91.43,683.08,3,1
646.92,0.2,119.49,527.44,1,1
815.29,0.4,172.22,643.08,2,1
965.79,0.8,197.32,768.46,4,1
1164.08,1.2,194.59,969.49,6,1
603.67,0.2,61.11,542.56,1,1
562.36,0.0,90.05,472.31,0,1
512.43,0.0,77.95,434.49,0,1
480.27,0.0,38.22,442.05,0,1
752.06,0.4,131.68,620.38,2,1
875.41,0.8,106.95,768.46,4,1
879.23,0.8,133.46,745.77,4,1
805.45,0.4,154.81,650.64,2,1
620.91,0.2,63.22,557.69,1,1
540.62,0.0,98.57,442.05,0,1
730.16,0.4,94.65,635.51,2,1
841.57,0.6,105.54,736.03,3,1
909.66,0.8,110.95,798.72,4,1
763.16,0.4,120.08,643.08,2,1
723.02,0.4,79.95,643.08,2,1
468.16,0.0,26.11,442.05,0,1
1038.13,1.0,161.59,876.54,5,1
822.19,0.6,93.73,728.46,3,1
666.07,0.2,161.32,504.74,1,1
912.57,0.6,191.68,720.9,3,1
764.56,0.4,106.35,658.21,2,1
1015.53,1.0,123.86,891.67,5,1
997.82,1.0,143.97,853.85,5,1
702.83,0.2,152.7,550.13,1,1
759.76,0.4,139.38,620.38,2,1
903.23,0.8,96.95,806.28,4,1
1141.41,1.2,179.49,961.92,6,1
536.53,0.0,79.35,457.18,0,1
907.57,0.8,131.54,776.03,4,1
679.46,0.4,51.51,627.95,2,1
848.1,0.6,104.51,743.59,3,1
692.24,0.2,142.11,550.13,1,1
683.9,0.4,63.51,620.38,2,1
863.93,0.6,150.59,713.33,3,1
629.74,0.2,56.92,572.82,1,1
908.01,0.8,101.73,806.28,4,1
494.69,0.0,37.51,457.18,0,1
820.35,0.6,152.41,667.95,3,1
802.99,0.4,144.78,658.21,2,1
905.65,0.6,169.62,736.03,3,1
944.46,0.6,208.43,736.03,3,1
1050.24,1.0,173.7,876.54,5,1
690.55,0.2,110.16,580.38,1,1
725.65,0.4,90.14,635.51,2,1
894.02,0.8,110.43,783.59,4,1
541.72,0.0,84.54,457.18,0,1
536.77,0.0,72.03,464.74,0,1
630.97,0.0,135.97,495.0,0,1
695.3,0.4,74.92,620.38,2,1
857.82,0.6,144.49,713.33,3,1
926.76,0.6,190.73,736.03,3,1
835.77,0.6,122.43,713.33,3,1
877.3,0.6,141.27,736.03,3,1
628.26,0.2,78.14,550.13,1,1
825.8,0.4,167.59,658.21,2,1
504.69,0.0,47.51,457.18,0,1
632.02,0.2,74.32,557.69,1,1
493.62,0.0,44.0,449.62,0,1
1041.85,0.8,235.57,806.28,4,1
734.05,0.4,98.54,635.51,2,1
1148.33,1.2,186.41,961.92,6,1
552.71,0.0,72.84,479.87,0,1
849.65,0.6,113.62,736.03,3,1
612.15,0.0,147.41,464.74,0,1
910.4,0.8,119.24,791.15,4,1
912.01,0.6,206.24,705.77,3,1
566.9,0.0,87.03,479.87,0,1
567.55,0.0,95.24,472.31,0,1
825.52,0.6,104.62,720.9,3,1
1009.69,1.0,163.41,846.28,5,1
812.13,0.6,129.05,683.08,3,1
463.89,0.0,29.41,434.49,0,1
682.41,0.4,62.03,620.38,2,1
868.16,0.6,132.14,736.03,3,1
525.52,0.0,53.22,472.31,0,1
1087.79,1.4,146.38,941.41,7,1
594.12,0.0,129.38,464.74,0,1
682.06,0.2,109.24,572.82,1,1
966.28,1.0,112.43,853.85,5,1
758.35,0.4,130.41,627.95,2,1
770.47,0.4,150.08,620.38,2,1
617.91,0.2,60.22,557.69,1,1
953.03,0.8,124.05,828.97,4,1
820.82,0.4,147.49,673.33,2,1
753.25,0.4,79.92,673.33,2,1
575.74,0.2,63.43,512.31,1,1
461.92,0.0,35.0,426.92,0,1
577.61,0.0,112.86,464.74,0,1
723.41,0.4,95.46,627.95,2,1
552.15,0.0,94.97,457.18,0,1
638.93,0.2,66.11,572.82,1,1
696.64,0.4,98.95,597.69,2,1
684.09,0.4,78.84,605.26,2,1
543.63,0.0,71.32,472.31,0,1
632.08,0.2,104.65,527.44,1,1
732.51,0.6,57.0,675.51,3,1
640.91,0.2,83.22,557.69,1,1
576.04,0.2,63.73,512.31,1,1
976.04,0.8,162.19,813.85,4,1
989.43,1.0,120.46,868.97,5,1
986.26,1.0,139.97,846.28,5,1
777.12,0.4,111.35,665.77,2,1
583.88,0.0,111.57,472.31,0,1
1237.0,1.4,219.95,1017.05,7,1
916.8,0.6,158.08,758.72,3,1
603.03,0.2,68.03,535.0,1,1
673.28,0.2,100.46,572.82,1,1
559.39,0.2,39.51,519.87,1,1
690.94,0.4,93.24,597.69,2,1
811.74,0.4,145.97,665.77,2,1
592.01,0.2,72.14,519.87,1,1
569.36,0.0,97.05,472.31,0,1
887.13,0.6,135.97,751.15,3,1
702.77,0.2,129.95,572.82,1,1
685.76,0.4,57.81,627.95,2,1
668.72,0.4,71.03,597.69,2,1
708.63,0.4,88.24,620.38,2,1
850.14,0.8,89.24,760.9,4,1
864.72,0.6,166.51,698.21,3,1
529.88,0.0,65.14,464.74,0,1
796.88,0.6,106.24,690.64,3,1
569.96,0.2,65.22,504.74,1,1
830.34,0.6,124.57,705.77,3,1
943.55,1.0,82.14,861.41,5,1
610.76,0.2,83.32,527.44,1,1
948.52,0.8,134.68,813.85,4,1
832.02,0.4,173.81,658.21,2,1
630.68,0.0,150.81,479.87,0,1
604.48,0.2,61.92,542.56,1,1
511.94,0.0,62.32,449.62,0,1
715.45,0.2,165.32,550.13,1,1
450.06,0.0,30.7,419.36,0,1
756.96,0.4,98.76,658.21,2,1
526.37,0.0,61.62,464.74,0,1
995.13,1.0,179.11,816.03,5,1
498.13,0.0,48.51,449.62,0,1
938.88,0.8,140.16,798.72,4,1
1040.47,1.0,186.62,853.85,5,1
951.49,0.8,130.08,821.41,4,1
1179.49,1.4,170.0,1009.49,7,1
681.44,0.2,101.05,580.38,1,1
627.96,0.2,62.7,565.26,1,1
723.44,0.4,103.05,620.38,2,1
641.93,0.0,169.62,472.31,0,1
723.61,0.2,165.92,557.69,1,1
771.87,0.4,151.49,620.38,2,1
724.42,0.4,119.16,605.26,2,1
892.27,0.4,249.19,643.08,2,1
821.97,0.6,85.95,736.03,3,1
600.48,0.2,57.92,542.56,1,1
692.85,0.2,127.59,565.26,1,1
510.85,0.0,46.11,464.74,0,1
544.42,0.0,87.24,457.18,0,1
649.94,0.2,92.24,557.69,1,1
612.47,0.2,100.16,512.31,1,1
951.56,1.0,112.84,838.72,5,1
760.19,0.4,124.68,635.51,2,1
530.65,0.0,96.16,434.49,0,1
936.42,0.8,130.14,806.28,4,1
843.26,0.4,177.49,665.77,2,1
750.41,0.4,122.46,627.95,2,1
794.59,0.4,143.95,650.64,2,1
737.65,0.2,149.7,587.95,1,1
643.16,0.2,108.16,535.0,1,1
789.44,0.4,123.68,665.77,2,1
605.8,0.2,48.11,557.69,1,1
873.59,0.8,97.57,776.03,4,1
880.57,0.8,119.68,760.9,4,1
795.85,0.4,130.08,665.77,2,1
857.7,0.6,121.68,736.03,3,1
636.55,0.0,171.81,464.74,0,1
489.75,0.0,47.7,442.05,0,1
552.04,0.0,79.73,472.31,0,1
643.22,0.2,115.78,527.44,1,1
653.1,0.4,55.41,597.69,2,1
652.67,0.2,102.54,550.13,1,1
821.18,0.4,223.49,597.69,2,1
853.59,0.6,170.51,683.08,3,1
735.57,0.2,155.19,580.38,1,1
618.33,0.2,45.51,572.82,1,1
667.61,0.2,102.35,565.26,1,1
1029.58,1.0,183.3,846.28,5,1
629.26,0.2,79.14,550.13,1,1
569.51,0.2,34.51,535.0,1,1
841.81,0.6,113.35,728.46,3,1
732.05,0.4,96.54,635.51,2,1
645.94,0.2,88.24,557.69,1,1
675.2,0.4,54.81,620.38,2,1
497.67,0.0,55.62,442.05,0,1
843.47,0.6,137.7,705.77,3,1
710.76,0.4,75.24,635.51,2,1
975.71,1.0,121.86,853.85,5,1
776.08,0.6,100.57,675.51,3,1
971.17,0.8,149.76,821.41,4,1
612.36,0.2,47.11,565.26,1,1
544.99,0.0,80.24,464.74,0,1
730.42,0.2,157.59,572.82,1,1
768.16,0.4,125.08,643.08,2,1
804.68,0.6,76.22,728.46,3,1
673.39,0.4,68.14,605.26,2,1
952.78,0.8,169.19,783.59,4,1
715.09,0.2,142.27,572.82,1,1
575.41,0.0,95.54,479.87,0,1
811.03,0.4,175.51,635.51,2,1
684.46,0.2,141.89,542.56,1,1
610.56,0.2,68.0,542.56,1,1
787.77,0.4,129.57,658.21,2,1
624.82,0.2,104.95,519.87,1,1
493.13,0.0,43.51,449.62,0,1
824.11,0.6,95.65,728.46,3,1
626.98,0.2,99.54,527.44,1,1
934.21,0.8,158.19,776.03,4,1
953.98,0.8,132.57,821.41,4,1
957.49,0.8,136.08,821.41,4,1
677.04,0.4,64.22,612.82,2,1
781.65,0.4,153.7,627.95,2,1
914.6,0.6,186.14,728.46,3,1
677.69,0.2,104.86,572.82,1,1
571.88,0.0,99.57,472.31,0,1
621.33,0.2,48.51,572.82,1,1
809.07,0.4,150.86,658.21,2,1
756.83,0.4,98.62,658.21,2,1
558.39,0.0,93.65,464.74,0,1
567.17,0.0,94.86,472.31,0,1
460.76,0.0,41.41,419.36,0,1
800.05,0.4,156.97,643.08,2,1
750.08,0.4,114.57,635.51,2,1
760.45,0.4,102.24,658.21,2,1
553.69,0.0,88.95,464.74,0,1
631.26,0.2,81.14,550.13,1,1
635.81,0.2,93.24,542.56,1,1
713.03,0.4,77.51,635.51,2,1
749.27,0.4,113.76,635.51,2,1
553.29,0.0,103.68,449.62,0,1
718.16,0.4,82.65,635.51,2,1
560.96,0.0,103.78,457.18,0,1
476.3,0.0,41.81,434.49,0,1
711.43,0.4,75.92,635.51,2,1
550.31,0.2,38.0,512.31,1,1
584.76,0.2,57.32,527.44,1,1
836.44,0.8,75.54,760.9,4,1
570.69,0.0,105.95,464.74,0,1
716.77,0.2,151.51,565.26,1,1
752.43,0.4,109.35,643.08,2,1
499.4,0.0,42.22,457.18,0,1
760.8,0.4,95.03,665.77,2,1
637.39,0.2,125.08,512.31,1,1
783.22,0.6,62.32,720.9,3,1
670.25,0.2,142.81,527.44,1,1
684.11,0.2,149.11,535.0,1,1
685.76,0.4,57.81,627.95,2,1
1044.56,1.0,152.89,891.67,5,1
687.48,0.2,129.78,557.69,1,1
816.51,0.4,173.43,643.08,2,1
867.87,0.6,146.97,720.9,3,1
840.26,0.6,134.49,705.77,3,1
789.66,0.4,131.46,658.21,2,1
656.06,0.2,83.24,572.82,1,1
707.25,0.2,126.86,580.38,1,1
745.53,0.2,187.84,557.69,1,1
847.28,0.6,126.38,720.9,3,1
532.0,0.0,89.95,442.05,0,1
444.06,0.0,24.7,419.36,0,1
519.16,0.0,69.54,449.62,0,1
1179.15,1.2,247.49,931.67,6,1
559.2,0.0,79.32,479.87,0,1
607.78,0.2,65.22,542.56,1,1
720.21,0.4,62.0,658.21,2,1
674.96,0.2,117.27,557.69,1,1
550.2,0.0,85.46,464.74,0,1
628.66,0.2,63.41,565.26,1,1
493.13,0.0,43.51,449.62,0,1
842.57,0.6,121.68,720.9,3,1
748.81,0.4,120.86,627.95,2,1
