"Total_Cost","Ratio_Reloc_Prod","Horiz_Cost","Vert_Cost","nReloc","non_Optimal"
265166.63,0.4333,75651.68,189514.83,650,224
657.95,0.2,62.43,595.51,1,0
777.16,0.2,234.59,542.56,1,0
677.65,0.2,82.14,595.51,1,0
1178.75,0.8,327.08,851.67,4,1
605.98,0.0,133.68,472.31,0,1
960.31,0.8,146.46,813.85,4,1
700.81,0.4,57.73,643.08,2,1
1449.09,1.2,562.81,886.28,6,1
1288.3,0.8,459.32,828.97,4,0
1053.95,1.0,192.54,861.41,5,1
1569.13,1.0,737.97,831.15,5,1
855.5,0.6,157.3,698.21,3,1
541.34,0.0,84.16,457.18,0,1
690.19,0.4,47.11,643.08,2,1
578.14,0.0,98.27,479.87,0,1
968.29,0.6,224.7,743.59,3,1
671.82,0.2,106.57,565.26,1,1
652.95,0.2,133.08,519.87,1,0
685.45,0.4,87.76,597.69,2,1
617.46,0.2,90.03,527.44,1,1
655.07,0.2,104.95,550.13,1,0
573.6,0.0,93.73,479.87,0,0
650.01,0.2,84.76,565.26,1,1
791.04,0.4,185.78,605.26,2,1
740.5,0.4,135.24,605.26,2,1
720.57,0.4,92.62,627.95,2,0
784.3,0.4,148.78,635.51,2,1
1078.95,0.8,265.11,813.85,4,0
640.41,0.2,105.41,535.0,1,1
646.56,0.4,56.43,590.13,2,1
1676.62,1.2,828.16,848.46,6,1
874.48,0.6,183.84,690.64,3,1
1089.89,0.8,245.78,844.1,4,1
1744.65,1.4,667.08,1077.56,7,1
610.26,0.0,145.51,464.74,0,1
643.49,0.2,116.05,527.44,1,1
785.01,0.2,272.7,512.31,1,1
841.9,0.4,221.51,620.38,2,1
1006.88,0.4,341.11,665.77,2,0
886.23,0.2,373.92,512.31,1,1
766.77,0.4,93.43,673.33,2,1
884.46,0.4,241.38,643.08,2,1
593.77,0.0,121.46,472.31,0,0
719.27,0.2,176.7,542.56,1,1
793.14,0.4,165.19,627.95,2,1
1267.48,1.0,390.95,876.54,5,1
527.37,0.0,77.76,449.62,0,0
856.07,0.8,117.86,738.21,4,1
1092.95,0.4,517.95,575.0,2,1
1387.56,0.8,535.89,851.67,4,1
788.42,0.4,122.65,665.77,2,1
1195.06,0.8,366.08,828.97,4,1
576.72,0.0,111.97,464.74,0,1
776.5,0.4,110.73,665.77,2,0
665.45,0.2,107.76,557.69,1,1
820.73,0.4,192.78,627.95,2,1
1203.19,0.8,381.78,821.41,4,1
767.68,0.4,192.68,575.0,2,1
816.42,0.2,251.16,565.26,1,1
706.21,0.0,256.59,449.62,0,0
1394.62,1.0,510.51,884.1,5,1
1140.76,0.6,404.73,736.03,3,1
1288.04,1.0,434.19,853.85,5,1
911.76,0.4,276.24,635.51,2,1
543.14,0.0,108.65,434.49,0,1
721.77,0.2,164.08,557.69,1,0
1350.77,1.0,512.05,838.72,5,1
518.19,0.0,76.14,442.05,0,0
1013.84,0.6,277.81,736.03,3,1
1052.73,0.6,384.78,667.95,3,1
833.46,0.4,205.51,627.95,2,1
541.8,0.0,84.62,457.18,0,0
749.06,0.4,121.11,627.95,2,1
1238.74,0.4,686.43,552.31,2,1
858.8,0.4,268.68,590.13,2,0
581.18,0.2,84.0,497.18,1,0
732.04,0.2,174.35,557.69,1,0
919.6,0.4,291.65,627.95,2,1
667.87,0.4,100.43,567.44,2,0
450.01,0.0,38.22,411.79,0,1
1035.6,0.8,267.14,768.46,4,1
575.5,0.2,78.32,497.18,1,1
699.64,0.4,101.95,597.69,2,1
1167.41,1.2,266.0,901.41,6,1
1099.91,0.6,416.84,683.08,3,1
1138.8,0.4,480.59,658.21,2,1
605.82,0.0,141.08,464.74,0,1
441.2,0.0,29.41,411.79,0,0
437.2,0.0,25.41,411.79,0,1
1862.89,1.2,938.78,924.1,6,1
713.17,0.2,132.78,580.38,1,0
593.17,0.0,173.81,419.36,0,0
1006.21,0.4,363.14,643.08,2,1
572.75,0.0,123.14,449.62,0,1
875.86,0.8,152.78,723.08,4,1
660.61,0.2,102.92,557.69,1,1
908.5,0.4,242.73,665.77,2,0
1280.16,0.8,511.7,768.46,4,0
658.82,0.0,186.51,472.31,0,1
798.56,0.2,256.0,542.56,1,1
1218.63,0.8,457.73,760.9,4,1
815.85,0.4,210.59,605.26,2,0
729.6,0.6,69.22,660.38,3,1
777.47,0.6,124.65,652.82,3,1
944.78,0.6,201.19,743.59,3,1
1423.7,0.6,733.05,690.64,3,1
880.54,0.4,252.59,627.95,2,0
540.74,0.0,76.0,464.74,0,1
663.7,0.2,121.14,542.56,1,0
945.85,0.6,179.57,766.28,3,0
780.63,0.4,114.86,665.77,2,1
564.1,0.0,114.49,449.62,0,1
1102.18,0.6,358.59,743.59,3,1
1802.38,0.8,1086.86,715.51,4,1
680.54,0.2,137.97,542.56,1,1
724.17,0.4,111.35,612.82,2,1
844.75,0.4,254.62,590.13,2,1
1249.13,0.6,558.49,690.64,3,1
823.76,0.4,142.86,680.9,2,0
621.0,0.2,78.43,542.56,1,0
647.47,0.2,82.22,565.26,1,1
1408.66,1.0,501.86,906.79,5,1
1264.89,0.8,549.38,715.51,4,1
667.56,0.2,117.43,550.13,1,0
1046.0,1.0,184.59,861.41,5,1
745.04,0.2,179.78,565.26,1,0
1613.41,0.8,852.51,760.9,4,1
556.6,0.0,76.73,479.87,0,0
700.93,0.2,188.62,512.31,1,1
890.21,0.6,192.0,698.21,3,1
1021.57,0.4,401.19,620.38,2,1
1071.49,0.6,335.46,736.03,3,1
463.63,0.0,51.84,411.79,0,1
1099.39,0.6,386.05,713.33,3,1
639.05,0.2,104.05,535.0,1,0
1244.67,0.8,529.16,715.51,4,1
1088.25,0.4,414.92,673.33,2,0
636.99,0.2,71.73,565.26,1,0
528.64,0.0,79.03,449.62,0,0
945.71,0.6,277.76,667.95,3,1
883.0,0.6,146.97,736.03,3,1
921.92,0.6,201.03,720.9,3,1
1030.73,0.4,387.65,643.08,2,1
743.99,0.2,178.73,565.26,1,1
866.21,0.6,175.57,690.64,3,1
831.67,0.4,196.16,635.51,2,1
1327.91,1.4,295.73,1032.18,7,1
521.56,0.0,71.95,449.62,0,1
975.75,0.8,237.54,738.21,4,1
1552.33,0.8,730.92,821.41,4,1
1251.03,1.0,389.62,861.41,5,1
741.1,0.2,183.41,557.69,1,0
499.36,0.0,80.0,419.36,0,0
720.18,0.4,183.0,537.18,2,1
652.7,0.2,110.14,542.56,1,0
664.08,0.4,81.51,582.56,2,1
607.67,0.0,150.49,457.18,0,1
768.3,0.4,140.35,627.95,2,1
674.03,0.2,146.59,527.44,1,1
628.08,0.2,100.65,527.44,1,1
865.74,0.4,245.35,620.38,2,1
1858.62,1.4,902.08,956.54,7,1
776.96,0.2,211.7,565.26,1,1
976.67,0.6,225.51,751.15,3,1
698.23,0.2,132.97,565.26,1,1
555.89,0.0,106.27,449.62,0,0
1400.67,0.8,677.59,723.08,4,1
1094.45,0.8,303.3,791.15,4,0
959.07,0.8,160.35,798.72,4,1
848.07,0.4,242.81,605.26,2,1
1004.15,0.6,305.95,698.21,3,1
593.85,0.0,121.54,472.31,0,1
855.72,0.4,189.95,665.77,2,1
862.79,0.4,249.97,612.82,2,1
592.87,0.2,65.43,527.44,1,0
729.09,0.2,163.84,565.26,1,0
537.07,0.0,87.46,449.62,0,0
644.7,0.2,109.7,535.0,1,1
657.42,0.2,99.73,557.69,1,1
760.73,0.4,117.65,643.08,2,0
1150.85,0.8,344.57,806.28,4,1
1318.98,1.0,465.14,853.85,5,1
761.26,0.4,156.0,605.26,2,1
939.42,0.4,281.22,658.21,2,1
727.26,0.2,169.57,557.69,1,0
845.25,0.4,224.86,620.38,2,1
1574.44,1.6,419.05,1155.38,8,1
1059.1,0.6,307.95,751.15,3,1
550.02,0.0,107.97,442.05,0,0
799.48,0.4,141.27,658.21,2,1
892.52,0.4,272.14,620.38,2,1
720.37,0.2,162.68,557.69,1,0
752.77,0.2,187.51,565.26,1,1
546.21,0.0,89.03,457.18,0,1
781.63,0.4,168.81,612.82,2,0
896.51,0.6,213.43,683.08,3,1
979.4,0.8,195.81,783.59,4,1
563.76,0.0,129.27,434.49,0,0
439.2,0.0,27.41,411.79,0,1
947.04,0.2,449.86,497.18,1,1
754.6,0.2,181.78,572.82,1,1
855.98,0.4,228.03,627.95,2,0
1472.4,1.2,601.24,871.15,6,1
1040.03,1.0,171.05,868.97,5,1
852.14,0.4,224.19,627.95,2,1
1375.62,0.6,700.11,675.51,3,1
911.86,0.6,168.27,743.59,3,1
538.97,0.0,89.35,449.62,0,1
527.26,0.0,62.51,464.74,0,1
798.77,0.4,193.51,605.26,2,1
578.47,0.0,106.16,472.31,0,1
524.43,0.0,74.81,449.62,0,1
698.47,0.4,138.59,559.87,2,1
1193.86,0.4,558.35,635.51,2,1
759.05,0.2,208.92,550.13,1,1
1337.69,1.4,366.03,971.67,7,1
1070.65,0.6,410.27,660.38,3,1
1143.75,1.0,252.08,891.67,5,1
1273.75,1.2,357.22,916.54,6,1
1591.48,1.0,767.89,823.59,5,1
826.57,0.4,198.62,627.95,2,1
698.69,0.2,125.86,572.82,1,1
622.03,0.2,87.03,535.0,1,0
618.43,0.2,83.43,535.0,1,0
739.14,0.4,118.76,620.38,2,0
581.45,0.0,124.27,457.18,0,1
557.99,0.2,60.81,497.18,1,1
707.53,0.2,157.41,550.13,1,1
1233.51,0.8,442.35,791.15,4,1
814.16,0.4,171.08,643.08,2,0
513.2,0.0,93.84,419.36,0,0
441.9,0.0,30.11,411.79,0,1
468.93,0.0,57.14,411.79,0,0
620.1,0.2,77.54,542.56,1,0
634.79,0.2,107.35,527.44,1,0
529.4,0.0,87.35,442.05,0,1
1441.66,0.8,748.84,692.82,4,1
1165.05,1.0,280.95,884.1,5,1
1150.95,1.0,236.59,914.36,5,1
877.53,0.2,312.27,565.26,1,0
630.72,0.2,73.03,557.69,1,1
883.22,0.4,255.27,627.95,2,1
1020.3,0.4,445.3,575.0,2,1
720.56,0.2,162.86,557.69,1,0
774.23,0.2,216.54,557.69,1,1
677.84,0.0,243.35,434.49,0,0
628.16,0.2,138.54,489.62,1,0
1005.55,0.8,259.78,745.77,4,1
1532.43,1.0,776.92,755.51,5,1
774.04,0.2,201.22,572.82,1,0
788.75,0.4,145.68,643.08,2,0
687.73,0.2,145.16,542.56,1,0
1907.25,0.8,1153.92,753.33,4,1
796.26,0.2,231.0,565.26,1,1
1067.81,0.8,291.78,776.03,4,1
1297.6,1.0,496.7,800.9,5,1
675.93,0.2,95.54,580.38,1,1
533.73,0.0,99.24,434.49,0,0
508.51,0.0,74.03,434.49,0,1
1032.19,0.6,303.73,728.46,3,1
585.5,0.2,88.32,497.18,1,0
799.65,0.4,217.08,582.56,2,1
748.2,0.6,102.95,645.26,3,1
1555.12,1.2,608.32,946.79,6,1
841.39,0.4,168.05,673.33,2,1
848.09,0.4,182.32,665.77,2,0
1239.23,0.6,601.54,637.69,3,1
1433.04,0.8,634.32,798.72,4,1
790.69,0.4,177.86,612.82,2,0
912.09,0.4,291.7,620.38,2,1
1618.84,1.2,702.3,916.54,6,1
1521.31,0.6,815.54,705.77,3,1
1433.97,1.2,456.92,977.05,6,1
582.42,0.0,117.68,464.74,0,1
534.46,0.2,67.54,466.92,1,1
1067.67,0.4,477.54,590.13,2,1
525.72,0.0,68.54,457.18,0,1
1695.34,0.8,957.14,738.21,4,1
793.89,0.2,258.89,535.0,1,1
677.72,0.2,112.46,565.26,1,1
1032.62,0.6,289.03,743.59,3,1
955.72,0.6,257.51,698.21,3,1
1102.48,0.8,318.89,783.59,4,1
1122.65,0.8,354.19,768.46,4,1
825.7,0.6,135.05,690.64,3,1
814.32,0.4,224.19,590.13,2,0
1646.73,1.0,838.27,808.46,5,1
999.53,0.6,293.76,705.77,3,1
971.42,0.6,273.22,698.21,3,1
712.53,0.2,147.27,565.26,1,1
742.61,0.2,184.92,557.69,1,0
1473.45,1.2,541.78,931.67,6,1
844.4,0.2,286.7,557.69,1,1
595.35,0.0,160.86,434.49,0,0
596.87,0.0,162.38,434.49,0,1
589.18,0.2,92.0,497.18,1,1
505.19,0.2,30.7,474.49,1,1
467.87,0.0,48.51,419.36,0,1
1598.41,1.2,697.0,901.41,6,1
620.9,0.0,133.46,487.44,0,1
