"Total_Cost","Ratio_Reloc_Prod","Horiz_Cost","Vert_Cost","nReloc","non_Optimal"
224939.65,0.436,33835.25,191104.45,654,300
777.53,0.4,111.76,665.77,2,1
1105.85,1.0,206.62,899.23,5,1
1060.95,1.0,146.59,914.36,5,1
771.37,0.4,113.16,658.21,2,1
792.64,0.6,94.43,698.21,3,1
644.07,0.2,93.95,550.13,1,1
905.63,0.6,184.73,720.9,3,1
664.75,0.2,107.05,557.69,1,1
740.62,0.4,97.54,643.08,2,1
1053.82,1.0,192.41,861.41,5,1
797.85,0.6,84.51,713.33,3,1
730.79,0.4,102.84,627.95,2,1
668.16,0.4,78.03,590.13,2,1
966.63,1.0,120.35,846.28,5,1
815.48,0.6,117.27,698.21,3,1
452.06,0.0,32.7,419.36,0,1
831.0,0.6,155.49,675.51,3,1
929.44,0.8,176.11,753.33,4,1
791.43,0.6,108.35,683.08,3,1
843.41,0.4,215.46,627.95,2,1
966.85,0.8,153.0,813.85,4,1
898.13,0.6,146.97,751.15,3,1
682.11,0.4,61.73,620.38,2,1
794.35,0.6,111.27,683.08,3,1
748.62,0.4,105.54,643.08,2,1
872.77,0.4,199.43,673.33,2,1
682.29,0.4,92.16,590.13,2,1
686.49,0.2,151.49,535.0,1,1
764.05,0.4,120.97,643.08,2,1
959.14,0.6,230.68,728.46,3,1
547.34,0.0,90.16,457.18,0,1
492.6,0.0,58.11,434.49,0,1
922.94,0.6,186.92,736.03,3,1
534.96,0.0,70.22,464.74,0,1
992.7,0.8,224.24,768.46,4,1
957.61,0.8,158.89,798.72,4,1
1053.15,1.0,161.49,891.67,5,1
904.06,0.6,175.59,728.46,3,1
546.48,0.0,96.86,449.62,0,1
763.4,0.4,112.76,650.64,2,1
641.86,0.2,91.73,550.13,1,1
652.23,0.2,79.41,572.82,1,1
605.71,0.2,85.84,519.87,1,1
846.5,0.6,133.16,713.33,3,1
667.45,0.2,109.76,557.69,1,1
744.03,0.6,68.51,675.51,3,1
821.91,0.6,131.27,690.64,3,1
658.36,0.4,53.11,605.26,2,1
742.7,0.4,99.62,643.08,2,1
746.36,0.4,141.11,605.26,2,1
1245.48,1.2,260.86,984.62,6,1
1070.25,1.0,208.84,861.41,5,1
653.36,0.2,80.54,572.82,1,1
742.97,0.2,192.84,550.13,1,1
456.06,0.0,36.7,419.36,0,1
677.63,0.4,64.81,612.82,2,1
508.83,0.0,59.22,449.62,0,1
854.15,0.6,163.51,690.64,3,1
596.86,0.0,139.68,457.18,0,1
463.98,0.0,44.62,419.36,0,1
792.41,0.4,172.03,620.38,2,1
736.35,0.4,100.84,635.51,2,1
654.43,0.2,111.86,542.56,1,1
597.76,0.2,70.32,527.44,1,1
740.79,0.4,112.84,627.95,2,1
849.75,0.6,159.11,690.64,3,1
718.28,0.2,137.89,580.38,1,1
802.62,0.4,167.11,635.51,2,1
616.21,0.2,58.51,557.69,1,1
693.36,0.4,80.54,612.82,2,1
847.68,0.6,126.78,720.9,3,1
502.56,0.0,60.51,442.05,0,1
750.33,0.4,122.38,627.95,2,1
618.96,0.2,53.7,565.26,1,1
643.21,0.4,45.51,597.69,2,1
490.05,0.0,48.0,442.05,0,1
764.28,0.6,58.51,705.77,3,1
589.53,0.2,92.35,497.18,1,1
908.58,0.8,162.81,745.77,4,1
731.82,0.4,126.57,605.26,2,1
637.82,0.2,65.0,572.82,1,1
614.52,0.2,94.65,519.87,1,1
469.19,0.0,34.7,434.49,0,1
493.05,0.0,51.0,442.05,0,1
844.11,0.8,83.22,760.9,4,1
967.79,1.0,113.95,853.85,5,1
543.85,0.0,71.54,472.31,0,1
570.29,0.0,120.68,449.62,0,1
1095.19,1.2,186.22,908.97,6,1
536.68,0.0,56.81,479.87,0,1
1131.61,1.2,199.95,931.67,6,1
1136.24,1.2,166.76,969.49,6,1
716.45,0.4,118.76,597.69,2,1
1126.48,1.0,242.38,884.1,5,1
478.97,0.0,36.92,442.05,0,1
954.82,0.8,140.97,813.85,4,1
636.92,0.2,94.35,542.56,1,1
1032.77,1.0,178.92,853.85,5,1
506.18,0.0,49.0,457.18,0,1
804.46,0.4,176.51,627.95,2,1
905.63,0.8,152.3,753.33,4,1
496.25,0.0,69.32,426.92,0,1
731.65,0.4,96.14,635.51,2,1
642.02,0.2,99.46,542.56,1,1
861.0,0.6,177.92,683.08,3,1
505.02,0.0,55.41,449.62,0,1
591.0,0.2,56.0,535.0,1,1
684.59,0.4,94.46,590.13,2,1
956.77,0.8,150.49,806.28,4,1
878.08,0.6,142.05,736.03,3,1
805.56,0.6,107.35,698.21,3,1
569.66,0.2,64.92,504.74,1,1
972.94,0.8,196.92,776.03,4,1
843.62,0.6,115.16,728.46,3,1
904.01,0.6,183.11,720.9,3,1
686.53,0.2,121.27,565.26,1,1
659.75,0.2,102.05,557.69,1,1
707.36,0.4,94.54,612.82,2,1
593.56,0.2,51.0,542.56,1,1
898.14,0.8,129.68,768.46,4,1
1042.82,1.0,181.41,861.41,5,1
519.99,0.0,62.81,457.18,0,1
765.36,0.2,192.54,572.82,1,1
914.26,0.8,115.54,798.72,4,1
884.69,0.6,178.92,705.77,3,1
917.37,0.8,133.78,783.59,4,1
792.51,0.6,101.86,690.64,3,1
792.85,0.6,79.51,713.33,3,1
478.11,0.0,43.62,434.49,0,1
988.45,0.6,244.86,743.59,3,1
631.36,0.2,66.11,565.26,1,1
993.94,1.0,177.92,816.03,5,1
948.23,1.0,101.95,846.28,5,1
760.04,0.4,101.84,658.21,2,1
667.93,0.4,55.11,612.82,2,1
866.19,0.4,230.68,635.51,2,1
753.81,0.2,226.38,527.44,1,1
506.53,0.0,56.92,449.62,0,1
813.88,0.6,115.68,698.21,3,1
537.16,0.0,102.68,434.49,0,1
627.03,0.2,92.03,535.0,1,1
683.18,0.2,133.05,550.13,1,1
1058.35,1.0,181.81,876.54,5,1
541.53,0.0,84.35,457.18,0,1
520.35,0.0,70.73,449.62,0,1
766.67,0.6,76.03,690.64,3,1
721.79,0.4,93.84,627.95,2,1
742.09,0.6,81.7,660.38,3,1
834.15,0.6,135.95,698.21,3,1
558.85,0.2,54.11,504.74,1,1
961.12,1.0,114.84,846.28,5,1
807.01,0.6,101.24,705.77,3,1
891.3,0.6,170.41,720.9,3,1
742.3,0.4,114.35,627.95,2,1
586.34,0.0,129.16,457.18,0,1
492.46,0.0,50.41,442.05,0,1
730.2,0.4,117.38,612.82,2,1
1014.83,1.0,123.16,891.67,5,1
1074.88,1.2,135.65,939.23,6,1
574.33,0.0,94.46,479.87,0,1
974.76,1.0,113.35,861.41,5,1
664.38,0.4,44.0,620.38,2,1
769.7,0.4,134.19,635.51,2,1
627.81,0.2,85.24,542.56,1,1
448.58,0.0,29.22,419.36,0,1
582.01,0.2,62.14,519.87,1,1
626.08,0.2,98.65,527.44,1,1
885.97,0.8,109.95,776.03,4,1
534.37,0.0,69.62,464.74,0,1
846.2,0.6,132.86,713.33,3,1
781.86,0.4,206.86,575.0,2,1
610.4,0.2,67.84,542.56,1,1
812.36,0.6,99.03,713.33,3,1
711.24,0.2,161.11,550.13,1,1
561.68,0.0,127.19,434.49,0,1
516.19,0.0,74.14,442.05,0,1
698.8,0.4,93.54,605.26,2,1
892.02,0.6,193.81,698.21,3,1
649.86,0.2,114.86,535.0,1,1
662.8,0.2,97.54,565.26,1,1
746.96,0.4,141.7,605.26,2,1
667.75,0.2,110.05,557.69,1,1
725.62,0.4,90.11,635.51,2,1
842.41,0.6,113.95,728.46,3,1
830.76,0.4,195.24,635.51,2,1
824.23,0.6,118.46,705.77,3,1
1010.57,1.0,141.59,868.97,5,1
738.74,0.4,133.49,605.26,2,1
755.85,0.4,150.59,605.26,2,1
886.37,0.6,142.78,743.59,3,1
665.11,0.2,84.73,580.38,1,1
886.08,0.8,110.05,776.03,4,1
798.56,0.6,100.35,698.21,3,1
837.15,0.6,131.38,705.77,3,1
1019.4,1.0,142.86,876.54,5,1
672.31,0.2,107.05,565.26,1,1
907.11,0.6,186.22,720.9,3,1
883.33,0.6,154.86,728.46,3,1
867.18,0.8,76.03,791.15,4,1
495.83,0.0,46.22,449.62,0,1
633.34,0.2,83.22,550.13,1,1
801.35,0.6,118.27,683.08,3,1
802.27,0.4,174.32,627.95,2,1
905.58,0.8,106.86,798.72,4,1
697.0,0.4,53.92,643.08,2,1
883.13,0.8,99.54,783.59,4,1
899.76,0.8,138.86,760.9,4,1
895.45,0.6,151.86,743.59,3,1
628.4,0.2,70.7,557.69,1,1
846.84,0.6,110.81,736.03,3,1
584.81,0.2,49.81,535.0,1,1
936.59,0.8,145.43,791.15,4,1
783.72,0.4,117.95,665.77,2,1
695.13,0.2,145.0,550.13,1,1
789.31,0.6,91.11,698.21,3,1
554.42,0.2,42.11,512.31,1,1
779.06,0.6,65.73,713.33,3,1
671.23,0.4,73.54,597.69,2,1
1003.37,0.8,204.65,798.72,4,1
760.66,0.4,102.46,658.21,2,1
827.32,0.6,136.68,690.64,3,1
719.14,0.4,98.76,620.38,2,1
1052.66,1.2,113.43,939.23,6,1
986.58,0.8,172.73,813.85,4,1
746.62,0.4,103.54,643.08,2,1
540.23,0.0,67.92,472.31,0,1
918.83,0.8,127.68,791.15,4,1
684.38,0.4,64.0,620.38,2,1
879.11,0.6,143.08,736.03,3,1
775.23,0.6,77.03,698.21,3,1
633.9,0.2,106.46,527.44,1,1
805.4,0.6,114.76,690.64,3,1
858.07,0.8,66.92,791.15,4,1
499.4,0.0,42.22,457.18,0,1
698.5,0.4,93.24,605.26,2,1
656.49,0.4,36.11,620.38,2,1
742.27,0.4,106.76,635.51,2,1
456.76,0.0,37.41,419.36,0,1
613.31,0.2,55.62,557.69,1,1
810.01,0.6,104.24,705.77,3,1
679.39,0.2,114.14,565.26,1,1
764.29,0.4,113.65,650.64,2,1
899.26,0.8,168.62,730.64,4,1
594.08,0.2,51.51,542.56,1,1
538.37,0.0,88.76,449.62,0,1
814.75,0.6,131.68,683.08,3,1
720.76,0.4,85.24,635.51,2,1
913.85,0.8,115.14,798.72,4,1
669.61,0.2,104.35,565.26,1,1
743.11,0.4,115.16,627.95,2,1
882.07,0.6,191.43,690.64,3,1
820.72,0.6,114.95,705.77,3,1
532.4,0.0,75.22,457.18,0,1
472.73,0.0,45.81,426.92,0,1
764.98,0.4,144.59,620.38,2,1
601.46,0.2,74.03,527.44,1,1
844.39,0.6,131.05,713.33,3,1
701.76,0.4,73.81,627.95,2,1
950.67,0.8,114.14,836.54,4,1
685.91,0.4,80.65,605.26,2,1
554.2,0.0,74.32,479.87,0,1
645.92,0.2,103.35,542.56,1,1
915.37,0.4,272.3,643.08,2,1
628.56,0.2,78.43,550.13,1,1
533.13,0.2,43.51,489.62,1,1
980.37,0.6,221.65,758.72,3,1
513.18,0.0,56.0,457.18,0,1
728.42,0.4,123.16,605.26,2,1
559.8,0.0,95.05,464.74,0,1
556.18,0.0,106.57,449.62,0,1
977.89,1.0,108.92,868.97,5,1
975.08,1.0,98.54,876.54,5,1
666.13,0.2,123.57,542.56,1,1
541.15,0.2,36.41,504.74,1,1
605.46,0.2,78.03,527.44,1,1
582.25,0.2,54.81,527.44,1,1
655.94,0.2,98.24,557.69,1,1
1271.62,1.6,154.05,1117.56,8,1
775.97,0.6,100.46,675.51,3,1
676.62,0.4,94.05,582.56,2,1
790.34,0.6,92.14,698.21,3,1
482.65,0.0,55.73,426.92,0,1
1264.7,1.4,247.65,1017.05,7,1
645.15,0.2,87.46,557.69,1,1
693.05,0.2,150.49,542.56,1,1
626.7,0.2,84.14,542.56,1,1
477.49,0.0,43.0,434.49,0,1
795.02,0.4,144.38,650.64,2,1
589.2,0.0,124.46,464.74,0,1
539.77,0.0,75.03,464.74,0,1
820.98,0.6,107.65,713.33,3,1
521.29,0.0,64.11,457.18,0,1
847.66,0.8,94.32,753.33,4,1
675.31,0.2,110.05,565.26,1,1
497.95,0.0,71.03,426.92,0,1
817.63,0.6,111.86,705.77,3,1
938.94,0.8,147.78,791.15,4,1
911.81,0.8,135.78,776.03,4,1
704.96,0.4,92.14,612.82,2,1
733.3,0.4,105.35,627.95,2,1
