"Total_Cost","Ratio_Reloc_Prod","Horiz_Cost","Vert_Cost","nReloc","non_Optimal"
224195.32,0.4367,33414.1,190781.31,655,300
776.23,0.4,110.46,665.77,2,1
1045.18,1.0,145.95,899.23,5,1
1057.14,1.0,142.78,914.36,5,1
746.51,0.4,95.86,650.64,2,1
777.12,0.6,78.92,698.21,3,1
633.86,0.2,83.73,550.13,1,1
901.92,0.6,165.89,736.03,3,1
664.75,0.2,107.05,557.69,1,1
740.62,0.4,97.54,643.08,2,1
1041.25,1.0,187.41,853.85,5,1
797.85,0.6,84.51,713.33,3,1
730.79,0.4,102.84,627.95,2,1
680.91,0.4,83.22,597.69,2,1
1011.02,1.0,172.3,838.72,5,1
812.88,0.6,114.68,698.21,3,1
471.89,0.0,37.41,434.49,0,1
835.81,0.6,160.3,675.51,3,1
922.58,0.8,176.81,745.77,4,1
797.24,0.6,114.16,683.08,3,1
805.52,0.4,185.14,620.38,2,1
944.07,0.8,137.78,806.28,4,1
889.13,0.6,137.97,751.15,3,1
691.68,0.4,63.73,627.95,2,1
927.14,1.0,118.68,808.46,5,1
737.05,0.4,101.54,635.51,2,1
871.47,0.4,198.14,673.33,2,1
682.29,0.4,92.16,590.13,2,1
685.59,0.2,150.59,535.0,1,1
755.89,0.4,120.38,635.51,2,1
956.43,0.6,227.97,728.46,3,1
612.03,0.2,92.16,519.87,1,1
500.7,0.0,66.22,434.49,0,1
911.68,0.6,183.22,728.46,3,1
520.91,0.0,63.73,457.18,0,1
960.22,0.8,199.32,760.9,4,1
1002.76,0.8,173.78,828.97,4,1
993.49,0.8,172.08,821.41,4,1
907.3,0.6,186.41,720.9,3,1
513.79,0.0,86.86,426.92,0,1
677.28,0.2,104.46,572.82,1,1
645.97,0.2,95.84,550.13,1,1
642.04,0.2,69.22,572.82,1,1
581.93,0.2,69.62,512.31,1,1
818.72,0.6,112.95,705.77,3,1
741.71,0.4,113.76,627.95,2,1
744.03,0.6,68.51,675.51,3,1
821.91,0.6,131.27,690.64,3,1
658.36,0.4,53.11,605.26,2,1
702.57,0.4,74.62,627.95,2,1
723.82,0.4,118.57,605.26,2,1
1221.39,1.0,307.03,914.36,5,1
1005.96,0.8,207.24,798.72,4,1
653.36,0.2,80.54,572.82,1,1
716.94,0.2,166.81,550.13,1,1
509.69,0.0,52.51,457.18,0,1
683.52,0.4,70.7,612.82,2,1
519.69,0.0,62.51,457.18,0,1
817.02,0.6,126.38,690.64,3,1
577.45,0.0,120.27,457.18,0,1
476.41,0.0,41.92,434.49,0,1
631.61,0.0,174.43,457.18,0,1
740.35,0.4,104.84,635.51,2,1
619.45,0.2,69.32,550.13,1,1
523.5,0.0,66.32,457.18,0,1
707.58,0.4,94.76,612.82,2,1
995.29,1.0,171.7,823.59,5,1
681.72,0.2,116.46,565.26,1,1
754.16,0.4,118.65,635.51,2,1
688.28,0.2,115.46,572.82,1,1
699.36,0.4,86.54,612.82,2,1
898.16,0.8,114.57,783.59,4,1
490.7,0.0,56.22,434.49,0,1
789.85,0.6,91.65,698.21,3,1
606.1,0.2,48.41,557.69,1,1
651.07,0.4,45.81,605.26,2,1
490.16,0.0,48.11,442.05,0,1
765.74,0.6,52.41,713.33,3,1
593.53,0.2,96.35,497.18,1,1
881.99,0.6,176.22,705.77,3,1
650.23,0.2,92.54,557.69,1,1
528.4,0.0,86.35,442.05,0,1
527.11,0.0,85.05,442.05,0,1
469.49,0.0,35.0,434.49,0,1
482.92,0.0,56.0,426.92,0,1
871.91,0.8,88.32,783.59,4,1
1111.76,1.4,109.84,1001.92,7,1
710.49,0.4,82.54,627.95,2,1
668.31,0.2,103.05,565.26,1,1
1113.24,1.2,189.14,924.1,6,1
609.16,0.0,114.16,495.0,0,1
1040.49,1.0,171.51,868.97,5,1
1176.4,1.4,159.35,1017.05,7,1
707.85,0.4,110.16,597.69,2,1
1043.64,0.8,252.49,791.15,4,1
491.94,0.0,42.32,449.62,0,1
738.74,0.2,165.92,572.82,1,1
633.05,0.2,98.05,535.0,1,1
1050.7,1.0,181.73,868.97,5,1
471.6,0.0,37.11,434.49,0,1
776.71,0.6,108.76,667.95,3,1
902.63,0.8,149.3,753.33,4,1
488.68,0.0,69.32,419.36,0,1
651.21,0.2,93.51,557.69,1,1
482.6,0.0,48.11,434.49,0,1
854.39,0.6,156.19,698.21,3,1
625.44,0.2,105.57,519.87,1,1
672.33,0.4,59.51,612.82,2,1
656.84,0.4,81.84,575.0,2,1
1087.14,1.0,172.78,914.36,5,1
818.42,0.6,112.65,705.77,3,1
758.29,0.4,107.65,650.64,2,1
610.01,0.2,90.14,519.87,1,1
1155.35,1.2,246.38,908.97,6,1
747.43,0.4,104.35,643.08,2,1
1028.17,0.8,214.32,813.85,4,1
679.93,0.2,114.68,565.26,1,1
762.59,0.4,111.95,650.64,2,1
633.86,0.2,83.73,550.13,1,1
598.56,0.2,56.0,542.56,1,1
679.41,0.4,111.97,567.44,2,1
846.29,0.6,163.22,683.08,3,1
605.08,0.2,62.51,542.56,1,1
898.06,0.6,184.73,713.33,3,1
902.99,0.8,111.84,791.15,4,1
906.8,0.8,115.65,791.15,4,1
915.16,0.6,179.14,736.03,3,1
799.37,0.6,101.16,698.21,3,1
901.5,0.8,95.22,806.28,4,1
507.72,0.0,58.11,449.62,0,1
853.5,0.4,255.81,597.69,2,1
551.91,0.0,87.16,464.74,0,1
1195.32,1.4,238.78,956.54,7,1
891.43,0.8,107.84,783.59,4,1
830.0,0.6,101.54,728.46,3,1
703.06,0.4,75.11,627.95,2,1
710.02,0.2,159.89,550.13,1,1
827.37,0.6,144.3,683.08,3,1
520.32,0.0,70.7,449.62,0,1
697.52,0.4,77.14,620.38,2,1
766.59,0.6,83.51,683.08,3,1
714.87,0.4,86.92,627.95,2,1
539.21,0.0,82.03,457.18,0,1
877.26,0.6,186.62,690.64,3,1
557.39,0.0,92.65,464.74,0,1
627.03,0.2,92.03,535.0,1,1
768.86,0.6,78.22,690.64,3,1
704.25,0.4,91.43,612.82,2,1
739.49,0.6,79.11,660.38,3,1
823.18,0.6,132.54,690.64,3,1
574.77,0.2,70.03,504.74,1,1
1083.91,1.4,112.24,971.67,7,1
893.56,0.8,94.84,798.72,4,1
796.94,0.4,146.3,650.64,2,1
885.35,0.8,101.76,783.59,4,1
589.42,0.0,124.68,464.74,0,1
501.72,0.0,52.11,449.62,0,1
731.5,0.4,118.68,612.82,2,1
1021.06,1.0,152.08,868.97,5,1
969.34,1.0,123.05,846.28,5,1
662.91,0.2,97.65,565.26,1,1
908.51,0.8,117.35,791.15,4,1
583.32,0.2,48.32,535.0,1,1
815.18,0.6,116.97,698.21,3,1
689.71,0.4,69.32,620.38,2,1
669.58,0.4,64.32,605.26,2,1
767.06,0.6,106.68,660.38,3,1
662.54,0.2,135.11,527.44,1,1
1149.76,1.4,140.27,1009.49,7,1
579.82,0.2,67.51,512.31,1,1
923.05,0.6,187.03,736.03,3,1
709.24,0.2,174.24,535.0,1,1
610.5,0.2,52.81,557.69,1,1
766.01,0.4,100.24,665.77,2,1
608.5,0.0,136.19,472.31,0,1
601.1,0.2,111.49,489.62,1,1
606.57,0.2,79.14,527.44,1,1
848.87,0.8,95.54,753.33,4,1
1021.02,0.8,229.86,791.15,4,1
891.95,0.6,178.62,713.33,3,1
695.77,0.2,138.08,557.69,1,1
628.88,0.2,116.57,512.31,1,1
696.77,0.2,139.08,557.69,1,1
453.76,0.0,34.41,419.36,0,1
765.97,0.6,75.32,690.64,3,1
841.24,0.6,150.59,690.64,3,1
773.81,0.4,138.3,635.51,2,1
1011.64,1.0,119.97,891.67,5,1
848.69,0.4,182.92,665.77,2,1
663.75,0.2,121.19,542.56,1,1
944.07,0.8,145.35,798.72,4,1
783.91,0.4,133.27,650.64,2,1
795.01,0.6,89.24,705.77,3,1
873.06,0.8,112.16,760.9,4,1
778.02,0.4,127.38,650.64,2,1
823.66,0.6,125.46,698.21,3,1
629.16,0.2,79.03,550.13,1,1
951.89,0.8,168.3,783.59,4,1
770.67,0.4,120.03,650.64,2,1
848.24,0.8,72.22,776.03,4,1
483.56,0.0,41.51,442.05,0,1
950.41,0.8,121.43,828.97,4,1
740.06,0.4,119.68,620.38,2,1
894.87,0.6,166.41,728.46,3,1
710.37,0.4,112.68,597.69,2,1
762.26,0.6,71.62,690.64,3,1
845.38,0.6,109.35,736.03,3,1
729.54,0.4,94.03,635.51,2,1
803.48,0.4,145.27,658.21,2,1
663.36,0.4,58.11,605.26,2,1
768.09,0.4,102.32,665.77,2,1
679.74,0.4,66.92,612.82,2,1
894.65,0.6,166.19,728.46,3,1
663.74,0.2,90.92,572.82,1,1
598.34,0.0,133.59,464.74,0,1
769.78,0.6,86.7,683.08,3,1
716.16,0.6,48.22,667.95,3,1
878.89,0.8,102.86,776.03,4,1
816.18,0.6,117.97,698.21,3,1
854.13,0.4,211.05,643.08,2,1
863.75,0.6,120.16,743.59,3,1
997.41,1.0,143.57,853.85,5,1
819.11,0.4,130.65,688.46,2,1
1054.4,1.2,137.86,916.54,6,1
877.23,0.6,126.08,751.15,3,1
920.42,0.8,114.14,806.28,4,1
500.83,0.0,51.22,449.62,0,1
931.55,0.8,125.27,806.28,4,1
523.61,0.0,66.43,457.18,0,1
751.33,0.4,123.38,627.95,2,1
627.96,0.0,163.22,464.74,0,1
777.89,0.6,109.95,667.95,3,1
738.65,0.4,118.27,620.38,2,1
790.92,0.6,70.03,720.9,3,1
512.26,0.0,47.51,464.74,0,1
761.95,0.6,86.43,675.51,3,1
624.77,0.2,59.51,565.26,1,1
658.83,0.2,101.14,557.69,1,1
452.06,0.0,32.7,419.36,0,1
885.42,0.8,79.14,806.28,4,1
798.45,0.6,100.24,698.21,3,1
804.96,0.6,106.76,698.21,3,1
750.83,0.4,107.76,643.08,2,1
955.49,0.8,187.03,768.46,4,1
629.24,0.2,94.24,535.0,1,1
487.78,0.0,45.73,442.05,0,1
864.23,0.6,150.89,713.33,3,1
596.62,0.2,61.62,535.0,1,1
943.91,0.8,145.19,798.72,4,1
643.23,0.2,85.54,557.69,1,1
554.8,0.0,90.05,464.74,0,1
890.18,0.6,199.54,690.64,3,1
955.58,1.0,101.73,853.85,5,1
678.91,0.4,81.22,597.69,2,1
530.66,0.0,65.92,464.74,0,1
838.0,0.4,210.05,627.95,2,1
602.72,0.2,97.97,504.74,1,1
881.34,0.8,135.57,745.77,4,1
530.29,0.0,73.11,457.18,0,1
684.85,0.4,72.03,612.82,2,1
664.84,0.4,89.84,575.0,2,1
500.27,0.0,58.22,442.05,0,1
603.54,0.2,76.11,527.44,1,1
865.09,0.6,144.19,720.9,3,1
691.2,0.4,85.95,605.26,2,1
559.01,0.2,46.7,512.31,1,1
823.56,0.6,140.49,683.08,3,1
514.8,0.0,57.62,457.18,0,1
729.02,0.2,171.32,557.69,1,1
632.79,0.2,120.49,512.31,1,1
647.13,0.2,104.57,542.56,1,1
938.04,1.0,99.32,838.72,5,1
819.03,0.6,98.14,720.9,3,1
791.32,0.4,155.81,635.51,2,1
597.44,0.4,30.0,567.44,2,1
652.53,0.2,94.84,557.69,1,1
522.88,0.0,65.7,457.18,0,1
631.26,0.2,81.14,550.13,1,1
964.91,0.8,166.19,798.72,4,1
730.62,0.4,87.54,643.08,2,1
721.01,0.4,115.76,605.26,2,1
559.33,0.0,87.03,472.31,0,1
608.68,0.4,48.81,559.87,2,1
1143.08,1.0,274.11,868.97,5,1
660.22,0.2,79.84,580.38,1,1
760.73,0.4,132.78,627.95,2,1
636.02,0.2,78.32,557.69,1,1
488.49,0.0,54.0,434.49,0,1
1012.45,1.0,128.35,884.1,5,1
643.66,0.2,123.78,519.87,1,1
519.66,0.0,54.92,464.74,0,1
723.38,0.4,95.43,627.95,2,1
496.46,0.0,54.41,442.05,0,1
500.81,0.0,66.32,434.49,0,1
613.27,0.2,85.84,527.44,1,1
587.18,0.2,82.43,504.74,1,1
725.92,0.4,90.41,635.51,2,1
782.7,0.4,147.19,635.51,2,1
772.05,0.4,128.97,643.08,2,1
675.55,0.2,102.73,572.82,1,1
657.21,0.4,59.51,597.69,2,1
