"Total_Cost","Ratio_Reloc_Prod","Horiz_Cost","Vert_Cost","nReloc","non_Optimal"
225411.48,0.446,33495.4,191916.2,669,300
745.75,0.4,87.54,658.21,2,1
1095.09,1.0,188.3,906.79,5,1
1057.14,1.0,142.78,914.36,5,1
751.51,0.4,100.86,650.64,2,1
786.88,0.6,81.11,705.77,3,1
646.07,0.2,95.95,550.13,1,1
869.11,0.6,133.08,736.03,3,1
697.77,0.2,140.08,557.69,1,1
740.62,0.4,97.54,643.08,2,1
1026.53,1.0,187.81,838.72,5,1
793.44,0.6,80.11,713.33,3,1
702.3,0.4,81.92,620.38,2,1
694.58,0.4,89.32,605.26,2,1
1011.02,1.0,172.3,838.72,5,1
821.74,0.6,115.97,705.77,3,1
472.89,0.0,38.41,434.49,0,1
835.81,0.6,160.3,675.51,3,1
989.27,1.0,180.81,808.46,5,1
785.43,0.6,102.35,683.08,3,1
804.52,0.4,184.14,620.38,2,1
957.52,0.8,143.68,813.85,4,1
844.13,0.6,100.54,743.59,3,1
701.08,0.4,73.14,627.95,2,1
752.6,0.6,84.65,667.95,3,1
794.88,0.4,136.68,658.21,2,1
870.92,0.4,190.03,680.9,2,1
682.29,0.4,92.16,590.13,2,1
674.49,0.2,139.49,535.0,1,1
890.95,0.6,177.62,713.33,3,1
933.6,0.6,220.27,713.33,3,1
526.21,0.0,84.16,442.05,0,1
498.0,0.0,63.51,434.49,0,1
911.68,0.6,183.22,728.46,3,1
538.26,0.0,73.51,464.74,0,1
1041.2,1.0,194.92,846.28,5,1
894.92,0.6,158.89,736.03,3,1
958.69,0.8,159.97,798.72,4,1
912.01,0.6,191.11,720.9,3,1
517.09,0.0,90.16,426.92,0,1
766.66,0.4,108.46,658.21,2,1
664.42,0.2,106.73,557.69,1,1
762.9,0.4,82.0,680.9,2,1
603.6,0.2,83.73,519.87,1,1
837.53,0.6,131.76,705.77,3,1
743.73,0.4,100.65,643.08,2,1
744.03,0.6,68.51,675.51,3,1
900.03,0.8,131.57,768.46,4,1
658.36,0.4,53.11,605.26,2,1
722.7,0.4,79.62,643.08,2,1
713.12,0.4,107.86,605.26,2,1
1266.54,1.2,304.62,961.92,6,1
1006.26,0.8,207.54,798.72,4,1
645.39,0.2,80.14,565.26,1,1
858.27,0.6,190.32,667.95,3,1
475.3,0.0,40.81,434.49,0,1
657.99,0.2,92.73,565.26,1,1
475.19,0.0,40.7,434.49,0,1
817.02,0.6,126.38,690.64,3,1
582.15,0.0,124.97,457.18,0,1
480.3,0.0,45.81,434.49,0,1
650.42,0.0,193.24,457.18,0,1
744.35,0.4,108.84,635.51,2,1
611.03,0.2,76.03,535.0,1,1
528.4,0.0,71.22,457.18,0,1
696.31,0.4,91.05,605.26,2,1
936.16,0.8,167.7,768.46,4,1
588.93,0.0,109.05,479.87,0,1
746.6,0.4,118.65,627.95,2,1
688.28,0.2,115.46,572.82,1,1
693.36,0.4,80.54,612.82,2,1
831.47,0.6,110.57,720.9,3,1
487.0,0.0,52.51,434.49,0,1
725.41,0.4,97.46,627.95,2,1
612.1,0.2,54.41,557.69,1,1
635.64,0.4,45.51,590.13,2,1
448.06,0.0,28.7,419.36,0,1
776.71,0.6,55.81,720.9,3,1
614.66,0.2,102.35,512.31,1,1
920.14,0.8,166.81,753.33,4,1
734.33,0.4,113.95,620.38,2,1
523.0,0.0,80.95,442.05,0,1
593.3,0.2,73.43,519.87,1,1
567.63,0.2,55.32,512.31,1,1
482.92,0.0,56.0,426.92,0,1
858.68,0.8,90.22,768.46,4,1
1145.18,1.4,105.43,1039.74,7,1
635.31,0.2,77.62,557.69,1,1
558.53,0.0,101.35,457.18,0,1
1106.55,1.2,152.19,954.36,6,1
580.63,0.0,100.76,479.87,0,1
1233.59,1.4,216.54,1017.05,7,1
1222.06,1.4,174.76,1047.31,7,1
724.01,0.4,118.76,605.26,2,1
1083.19,0.8,261.78,821.41,4,1
478.97,0.0,36.92,442.05,0,1
854.87,0.6,133.97,720.9,3,1
670.91,0.2,105.65,565.26,1,1
1075.57,1.0,199.03,876.54,5,1
491.46,0.0,49.41,442.05,0,1
616.03,0.2,96.16,519.87,1,1
965.74,1.0,119.46,846.28,5,1
469.42,0.0,57.62,411.79,0,1
621.22,0.2,86.22,535.0,1,1
589.95,0.2,62.51,527.44,1,1
825.75,0.6,142.68,683.08,3,1
536.11,0.0,94.05,442.05,0,1
606.34,0.2,56.22,550.13,1,1
663.9,0.4,96.46,567.44,2,1
1075.26,1.2,151.16,924.1,6,1
698.18,0.2,140.49,557.69,1,1
660.17,0.2,87.35,572.82,1,1
582.77,0.2,78.03,504.74,1,1
956.36,0.8,195.46,760.9,4,1
722.44,0.4,102.05,620.38,2,1
1125.56,1.0,226.32,899.23,5,1
691.93,0.2,126.68,565.26,1,1
677.52,0.2,97.14,580.38,1,1
725.05,0.4,89.54,635.51,2,1
604.48,0.2,61.92,542.56,1,1
663.59,0.2,128.59,535.0,1,1
915.58,0.8,169.81,745.77,4,1
614.75,0.2,64.62,550.13,1,1
921.19,0.6,192.73,728.46,3,1
658.78,0.2,108.65,550.13,1,1
675.83,0.2,133.27,542.56,1,1
1078.08,1.0,201.54,876.54,5,1
783.29,0.6,92.65,690.64,3,1
798.41,0.6,77.51,720.9,3,1
716.63,0.4,96.24,620.38,2,1
1043.26,1.0,204.54,838.72,5,1
571.58,0.0,99.27,472.31,0,1
986.45,0.8,255.81,730.64,4,1
904.13,0.8,120.54,783.59,4,1
783.07,0.4,124.86,658.21,2,1
712.3,0.6,51.92,660.38,3,1
820.78,0.4,177.7,643.08,2,1
948.11,0.8,187.22,760.9,4,1
508.43,0.0,58.81,449.62,0,1
608.29,0.2,65.73,542.56,1,1
764.95,0.6,89.43,675.51,3,1
616.62,0.2,81.62,535.0,1,1
733.32,0.4,97.81,635.51,2,1
949.03,0.8,188.14,760.9,4,1
536.61,0.0,79.43,457.18,0,1
553.09,0.0,88.35,464.74,0,1
703.22,0.4,82.84,620.38,2,1
605.01,0.2,85.14,519.87,1,1
720.77,0.6,75.51,645.26,3,1
878.06,0.6,157.16,720.9,3,1
514.35,0.0,64.73,449.62,0,1
994.11,1.0,125.14,868.97,5,1
1081.54,1.2,119.62,961.92,6,1
783.7,0.4,148.19,635.51,2,1
787.45,0.6,89.24,698.21,3,1
665.24,0.2,122.68,542.56,1,1
493.72,0.0,44.11,449.62,0,1
703.75,0.4,106.05,597.69,2,1
949.74,1.0,103.46,846.28,5,1
960.22,0.8,146.38,813.85,4,1
654.45,0.2,96.76,557.69,1,1
959.26,1.0,120.54,838.72,5,1
529.28,0.0,64.54,464.74,0,1
783.35,0.4,155.41,627.95,2,1
608.54,0.2,73.54,535.0,1,1
577.44,0.2,65.14,512.31,1,1
768.57,0.6,93.05,675.51,3,1
552.92,0.0,126.0,426.92,0,1
1188.91,1.4,164.3,1024.62,7,1
534.15,0.0,69.41,464.74,0,1
1010.44,1.0,156.59,853.85,5,1
641.21,0.0,199.16,442.05,0,1
684.63,0.4,71.81,612.82,2,1
766.9,0.4,101.14,665.77,2,1
660.02,0.2,117.46,542.56,1,1
691.06,0.4,78.24,612.82,2,1
502.22,0.0,67.73,434.49,0,1
861.38,0.6,125.35,736.03,3,1
990.15,0.8,199.0,791.15,4,1
723.71,0.2,150.89,572.82,1,1
607.49,0.0,120.05,487.44,0,1
616.54,0.2,81.54,535.0,1,1
658.18,0.2,108.05,550.13,1,1
696.14,0.4,83.32,612.82,2,1
732.83,0.4,74.62,658.21,2,1
859.45,0.6,168.81,690.64,3,1
827.03,0.6,106.14,720.9,3,1
1254.45,1.6,174.7,1079.74,8,1
723.94,0.2,173.81,550.13,1,1
901.28,0.8,140.38,760.9,4,1
1091.89,1.2,114.84,977.05,6,1
734.06,0.4,113.68,620.38,2,1
914.23,0.8,107.95,806.28,4,1
912.51,0.8,121.35,791.15,4,1
756.1,0.4,105.46,650.64,2,1
770.93,0.6,110.54,660.38,3,1
695.66,0.4,82.84,612.82,2,1
1017.58,1.2,138.86,878.72,6,1
744.21,0.4,101.14,643.08,2,1
720.1,0.4,77.03,643.08,2,1
510.94,0.0,61.32,449.62,0,1
869.95,0.8,109.05,760.9,4,1
900.51,0.8,109.35,791.15,4,1
917.83,0.8,126.68,791.15,4,1
783.51,0.6,100.43,683.08,3,1
759.66,0.4,101.46,658.21,2,1
732.05,0.4,96.54,635.51,2,1
777.8,0.4,127.16,650.64,2,1
675.48,0.2,125.35,550.13,1,1
520.45,0.0,70.84,449.62,0,1
680.07,0.4,74.81,605.26,2,1
609.92,0.2,74.92,535.0,1,1
950.56,0.8,159.41,791.15,4,1
652.8,0.2,87.54,565.26,1,1
549.67,0.0,100.05,449.62,0,1
776.26,0.4,118.05,658.21,2,1
661.36,0.4,56.11,605.26,2,1
954.17,0.8,147.89,806.28,4,1
835.45,0.8,97.24,738.21,4,1
784.07,0.2,226.38,557.69,1,1
824.95,0.6,104.05,720.9,3,1
833.48,0.6,135.27,698.21,3,1
895.53,0.6,129.24,766.28,3,1
1005.32,1.0,113.65,891.67,5,1
909.82,0.8,103.54,806.28,4,1
747.97,0.4,112.46,635.51,2,1
503.83,0.0,54.22,449.62,0,1
1047.61,1.0,148.38,899.23,5,1
616.29,0.2,73.73,542.56,1,1
672.47,0.2,152.59,519.87,1,1
666.45,0.2,108.76,557.69,1,1
865.15,0.8,119.38,745.77,4,1
849.0,0.6,120.54,728.46,3,1
874.74,0.8,76.03,798.72,4,1
640.78,0.4,58.22,582.56,2,1
1011.06,1.2,109.65,901.41,6,1
509.24,0.0,59.62,449.62,0,1
823.07,0.4,157.3,665.77,2,1
456.06,0.0,36.7,419.36,0,1
753.81,0.6,70.73,683.08,3,1
615.57,0.2,88.14,527.44,1,1
828.53,0.6,122.76,705.77,3,1
624.24,0.2,89.24,535.0,1,1
965.5,1.0,126.78,838.72,5,1
747.15,0.4,96.51,650.64,2,1
680.16,0.4,52.22,627.95,2,1
674.72,0.2,109.46,565.26,1,1
668.86,0.4,78.73,590.13,2,1
837.14,0.6,116.24,720.9,3,1
758.27,0.4,122.76,635.51,2,1
670.77,0.2,113.08,557.69,1,1
984.29,0.8,193.14,791.15,4,1
762.02,0.4,164.32,597.69,2,1
584.57,0.2,64.7,519.87,1,1
524.07,0.0,59.32,464.74,0,1
959.95,0.8,199.05,760.9,4,1
522.26,0.0,57.51,464.74,0,1
781.75,0.4,138.68,643.08,2,1
719.84,0.4,84.32,635.51,2,1
749.84,0.6,74.32,675.51,3,1
596.22,0.2,61.22,535.0,1,1
787.97,0.6,112.46,675.51,3,1
529.4,0.0,72.22,457.18,0,1
953.0,0.8,169.41,783.59,4,1
590.02,0.0,140.41,449.62,0,1
475.19,0.0,40.7,434.49,0,1
1152.23,1.2,160.05,992.18,6,1
463.92,0.0,37.0,426.92,0,1
858.86,0.6,168.22,690.64,3,1
735.39,0.4,122.57,612.82,2,1
473.14,0.0,46.22,426.92,0,1
763.31,0.4,105.11,658.21,2,1
1172.03,1.4,170.11,1001.92,7,1
768.44,0.4,140.49,627.95,2,1
543.31,0.2,31.0,512.31,1,1
717.68,0.4,89.73,627.95,2,1
651.04,0.2,78.22,572.82,1,1
635.5,0.2,77.81,557.69,1,1
893.87,0.8,132.97,760.9,4,1
574.8,0.0,125.19,449.62,0,1
731.95,0.4,111.57,620.38,2,1
616.48,0.2,73.92,542.56,1,1
499.92,0.0,65.43,434.49,0,1
1092.2,1.0,253.49,838.72,5,1
637.1,0.4,39.41,597.69,2,1
948.25,0.8,126.84,821.41,4,1
647.88,0.2,82.62,565.26,1,1
500.0,0.0,65.51,434.49,0,1
863.83,0.6,105.11,758.72,3,1
839.86,0.6,156.78,683.08,3,1
531.77,0.0,67.03,464.74,0,1
642.1,0.2,99.54,542.56,1,1
486.16,0.0,44.11,442.05,0,1
626.98,0.2,99.54,527.44,1,1
622.56,0.2,72.43,550.13,1,1
744.54,0.4,109.03,635.51,2,1
486.75,0.0,44.7,442.05,0,1
763.89,0.4,128.38,635.51,2,1
1018.54,1.0,149.57,868.97,5,1
749.32,0.6,73.81,675.51,3,1
747.84,0.4,127.46,620.38,2,1
