"Total_Cost","Ratio_Reloc_Prod","Horiz_Cost","Vert_Cost","nReloc","non_Optimal"
225026.1,0.4407,33634.2,191392.04,661,300
776.23,0.4,110.46,665.77,2,1
1045.18,1.0,145.95,899.23,5,1
1057.14,1.0,142.78,914.36,5,1
746.51,0.4,95.86,650.64,2,1
777.12,0.6,78.92,698.21,3,1
633.86,0.2,83.73,550.13,1,1
901.92,0.6,165.89,736.03,3,1
664.75,0.2,107.05,557.69,1,1
740.62,0.4,97.54,643.08,2,1
1041.25,1.0,187.41,853.85,5,1
797.85,0.6,84.51,713.33,3,1
730.79,0.4,102.84,627.95,2,1
680.91,0.4,83.22,597.69,2,1
1011.02,1.0,172.3,838.72,5,1
820.99,0.6,122.78,698.21,3,1
471.89,0.0,37.41,434.49,0,1
835.81,0.6,160.3,675.51,3,1
921.88,0.8,176.11,745.77,4,1
789.13,0.6,106.05,683.08,3,1
805.52,0.4,185.14,620.38,2,1
944.07,0.8,137.78,806.28,4,1
889.13,0.6,137.97,751.15,3,1
691.68,0.4,63.73,627.95,2,1
927.14,1.0,118.68,808.46,5,1
737.05,0.4,101.54,635.51,2,1
871.47,0.4,198.14,673.33,2,1
682.29,0.4,92.16,590.13,2,1
685.59,0.2,150.59,535.0,1,1
755.89,0.4,120.38,635.51,2,1
956.43,0.6,227.97,728.46,3,1
612.03,0.2,92.16,519.87,1,1
500.7,0.0,66.22,434.49,0,1
911.68,0.6,183.22,728.46,3,1
520.91,0.0,63.73,457.18,0,1
960.22,0.8,199.32,760.9,4,1
1002.76,0.8,173.78,828.97,4,1
993.49,0.8,172.08,821.41,4,1
907.3,0.6,186.41,720.9,3,1
513.79,0.0,86.86,426.92,0,1
677.28,0.2,104.46,572.82,1,1
645.97,0.2,95.84,550.13,1,1
642.04,0.2,69.22,572.82,1,1
581.93,0.2,69.62,512.31,1,1
818.72,0.6,112.95,705.77,3,1
741.71,0.4,113.76,627.95,2,1
744.03,0.6,68.51,675.51,3,1
821.91,0.6,131.27,690.64,3,1
658.36,0.4,53.11,605.26,2,1
702.57,0.4,74.62,627.95,2,1
723.82,0.4,118.57,605.26,2,1
1221.39,1.0,307.03,914.36,5,1
1005.96,0.8,207.24,798.72,4,1
653.36,0.2,80.54,572.82,1,1
716.94,0.2,166.81,550.13,1,1
509.69,0.0,52.51,457.18,0,1
683.52,0.4,70.7,612.82,2,1
519.69,0.0,62.51,457.18,0,1
817.02,0.6,126.38,690.64,3,1
577.45,0.0,120.27,457.18,0,1
476.41,0.0,41.92,434.49,0,1
631.61,0.0,174.43,457.18,0,1
740.35,0.4,104.84,635.51,2,1
619.45,0.2,69.32,550.13,1,1
523.5,0.0,66.32,457.18,0,1
707.58,0.4,94.76,612.82,2,1
995.29,1.0,171.7,823.59,5,1
681.72,0.2,116.46,565.26,1,1
754.16,0.4,118.65,635.51,2,1
688.28,0.2,115.46,572.82,1,1
699.36,0.4,86.54,612.82,2,1
898.16,0.8,114.57,783.59,4,1
490.7,0.0,56.22,434.49,0,1
789.85,0.6,91.65,698.21,3,1
606.1,0.2,48.41,557.69,1,1
643.5,0.4,45.81,597.69,2,1
471.19,0.0,36.7,434.49,0,1
776.71,0.6,55.81,720.9,3,1
593.53,0.2,96.35,497.18,1,1
881.99,0.6,176.22,705.77,3,1
650.23,0.2,92.54,557.69,1,1
528.4,0.0,86.35,442.05,0,1
527.11,0.0,85.05,442.05,0,1
473.19,0.0,38.7,434.49,0,1
482.92,0.0,56.0,426.92,0,1
864.35,0.8,88.32,776.03,4,1
1111.76,1.4,109.84,1001.92,7,1
710.49,0.4,82.54,627.95,2,1
521.27,0.0,94.35,426.92,0,1
1113.24,1.2,189.14,924.1,6,1
588.19,0.0,100.76,487.44,0,1
1102.32,1.2,178.22,924.1,6,1
1475.04,2.0,194.27,1280.77,10,1
707.85,0.4,110.16,597.69,2,1
1057.66,0.8,251.38,806.28,4,1
499.5,0.0,42.32,457.18,0,1
747.04,0.2,174.22,572.82,1,1
633.05,0.2,98.05,535.0,1,1
1147.63,1.2,200.84,946.79,6,1
471.6,0.0,37.11,434.49,0,1
776.71,0.6,108.76,667.95,3,1
904.33,0.8,151.0,753.33,4,1
488.68,0.0,69.32,419.36,0,1
651.21,0.2,93.51,557.69,1,1
482.6,0.0,48.11,434.49,0,1
854.39,0.6,156.19,698.21,3,1
633.44,0.2,113.57,519.87,1,1
703.06,0.4,75.11,627.95,2,1
837.29,0.8,106.65,730.64,4,1
1080.53,1.0,181.3,899.23,5,1
818.42,0.6,112.65,705.77,3,1
708.87,0.4,80.92,627.95,2,1
719.66,0.4,106.84,612.82,2,1
1079.71,1.0,225.86,853.85,5,1
836.81,0.6,108.35,728.46,3,1
1083.6,1.0,214.62,868.97,5,1
679.93,0.2,114.68,565.26,1,1
821.72,0.6,115.95,705.77,3,1
633.86,0.2,83.73,550.13,1,1
591.0,0.2,56.0,535.0,1,1
679.41,0.4,111.97,567.44,2,1
846.29,0.6,163.22,683.08,3,1
503.56,0.0,61.51,442.05,0,1
881.25,0.6,167.92,713.33,3,1
895.43,0.8,111.84,783.59,4,1
889.67,0.8,113.65,776.03,4,1
908.76,0.6,172.73,736.03,3,1
818.2,0.6,104.86,713.33,3,1
893.93,0.8,95.22,798.72,4,1
459.76,0.0,40.41,419.36,0,1
895.92,0.4,260.41,635.51,2,1
562.72,0.0,97.97,464.74,0,1
1161.46,1.2,252.49,908.97,6,1
891.43,0.8,107.84,783.59,4,1
830.0,0.6,101.54,728.46,3,1
702.46,0.4,74.51,627.95,2,1
715.43,0.2,165.3,550.13,1,1
845.43,0.6,169.92,675.51,3,1
510.75,0.0,68.7,442.05,0,1
767.91,0.6,84.84,683.08,3,1
789.72,0.6,91.51,698.21,3,1
643.48,0.4,60.92,582.56,2,1
516.43,0.0,66.81,449.62,0,1
861.4,0.6,178.32,683.08,3,1
620.49,0.2,93.05,527.44,1,1
687.83,0.4,90.14,597.69,2,1
780.12,0.6,81.92,698.21,3,1
686.69,0.4,81.43,605.26,2,1
722.52,0.6,69.7,652.82,3,1
823.18,0.6,132.54,690.64,3,1
508.08,0.0,66.03,442.05,0,1
984.95,1.0,123.54,861.41,5,1
794.12,0.6,88.35,705.77,3,1
783.72,0.4,133.08,650.64,2,1
921.02,0.8,129.86,791.15,4,1
678.21,0.2,128.08,550.13,1,1
508.83,0.0,59.22,449.62,0,1
751.71,0.4,138.89,612.82,2,1
1075.97,1.2,151.86,924.1,6,1
939.79,0.8,125.95,813.85,4,1
648.59,0.2,98.46,550.13,1,1
1001.73,1.0,132.76,868.97,5,1
575.76,0.2,48.32,527.44,1,1
918.67,0.8,135.08,783.59,4,1
712.38,0.4,84.43,627.95,2,1
509.5,0.0,52.32,457.18,0,1
556.64,0.0,99.46,457.18,0,1
670.54,0.2,143.11,527.44,1,1
1071.8,1.2,132.57,939.23,6,1
513.13,0.0,63.51,449.62,0,1
989.74,0.8,191.03,798.72,4,1
804.98,0.4,192.16,612.82,2,1
590.78,0.2,48.22,542.56,1,1
679.41,0.2,99.03,580.38,1,1
680.46,0.2,137.89,542.56,1,1
786.4,0.4,150.89,635.51,2,1
519.48,0.0,77.43,442.05,0,1
771.65,0.6,96.14,675.51,3,1
1007.72,0.8,224.14,783.59,4,1
817.26,0.4,166.62,650.64,2,1
708.74,0.2,143.49,565.26,1,1
554.32,0.0,112.27,442.05,0,1
703.99,0.2,146.3,557.69,1,1
695.49,0.4,75.11,620.38,2,1
781.53,0.6,83.32,698.21,3,1
856.8,0.6,158.59,698.21,3,1
773.81,0.4,138.3,635.51,2,1
1031.77,1.0,124.97,906.79,5,1
845.28,0.4,179.51,665.77,2,1
752.73,0.4,124.78,627.95,2,1
935.61,0.8,144.46,791.15,4,1
694.09,0.2,121.27,572.82,1,1
795.01,0.6,89.24,705.77,3,1
880.33,0.8,111.86,768.46,4,1
789.88,0.4,131.68,658.21,2,1
921.45,0.8,137.86,783.59,4,1
607.57,0.2,80.14,527.44,1,1
1024.19,1.0,162.78,861.41,5,1
684.44,0.2,111.62,572.82,1,1
745.95,0.4,72.62,673.33,2,1
509.8,0.0,52.62,457.18,0,1
771.48,0.4,120.84,650.64,2,1
737.95,0.4,117.57,620.38,2,1
1024.66,1.0,170.81,853.85,5,1
665.33,0.2,137.89,527.44,1,1
861.46,0.8,85.43,776.03,4,1
723.65,0.4,88.14,635.51,2,1
846.19,0.6,117.73,728.46,3,1
889.05,0.6,145.46,743.59,3,1
580.76,0.2,53.32,527.44,1,1
616.45,0.2,66.32,550.13,1,1
667.77,0.4,62.51,605.26,2,1
941.21,0.8,165.19,776.03,4,1
625.75,0.2,75.62,550.13,1,1
653.6,0.2,141.3,512.31,1,1
710.65,0.4,82.7,627.95,2,1
703.49,0.4,83.11,620.38,2,1
986.47,1.2,92.62,893.85,6,1
721.98,0.4,109.16,612.82,2,1
862.85,0.4,204.65,658.21,2,1
776.23,0.4,110.46,665.77,2,1
1017.46,1.0,148.49,868.97,5,1
811.11,0.4,122.65,688.46,2,1
993.27,1.0,116.73,876.54,5,1
1206.39,1.4,159.08,1047.31,7,1
802.55,0.6,89.22,713.33,3,1
515.5,0.0,58.32,457.18,0,1
726.41,0.4,98.46,627.95,2,1
521.61,0.0,64.43,457.18,0,1
859.54,0.6,131.08,728.46,3,1
649.33,0.0,177.03,472.31,0,1
785.0,0.6,117.05,667.95,3,1
876.65,0.8,115.76,760.9,4,1
777.41,0.6,56.51,720.9,3,1
601.75,0.2,51.62,550.13,1,1
734.77,0.6,89.51,645.26,3,1
656.2,0.4,35.81,620.38,2,1
648.72,0.2,91.03,557.69,1,1
478.6,0.0,44.11,434.49,0,1
673.57,0.4,45.62,627.95,2,1
872.84,0.8,111.95,760.9,4,1
653.15,0.2,95.46,557.69,1,1
643.62,0.2,101.05,542.56,1,1
900.58,0.8,154.81,745.77,4,1
657.58,0.2,92.32,565.26,1,1
472.54,0.0,45.62,426.92,0,1
795.99,0.4,137.78,658.21,2,1
584.95,0.2,57.51,527.44,1,1
902.28,0.8,141.38,760.9,4,1
839.14,0.6,118.24,720.9,3,1
644.23,0.2,86.54,557.69,1,1
927.63,0.6,206.73,720.9,3,1
989.97,1.0,113.43,876.54,5,1
704.14,0.4,91.32,612.82,2,1
523.1,0.0,65.92,457.18,0,1
727.19,0.2,199.76,527.44,1,1
598.45,0.2,101.27,497.18,1,1
823.37,0.6,125.16,698.21,3,1
536.37,0.0,71.62,464.74,0,1
807.55,0.4,126.65,680.9,2,1
582.28,0.2,77.54,504.74,1,1
782.64,0.6,84.43,698.21,3,1
606.81,0.2,71.81,535.0,1,1
887.0,0.6,150.97,736.03,3,1
670.62,0.4,88.05,582.56,2,1
546.12,0.2,33.81,512.31,1,1
900.11,0.6,164.08,736.03,3,1
494.05,0.0,52.0,442.05,0,1
663.03,0.2,135.59,527.44,1,1
659.76,0.2,139.89,519.87,1,1
856.33,0.6,127.86,728.46,3,1
839.65,0.6,103.62,736.03,3,1
979.79,1.0,125.95,853.85,5,1
608.36,0.0,128.49,479.87,0,1
607.44,0.4,40.0,567.44,2,1
649.28,0.2,84.03,565.26,1,1
505.56,0.0,63.51,442.05,0,1
641.83,0.2,84.14,557.69,1,1
1060.35,1.2,151.38,908.97,6,1
679.79,0.2,91.84,587.95,1,1
692.83,0.4,110.27,582.56,2,1
822.76,0.6,86.73,736.03,3,1
620.61,0.2,62.92,557.69,1,1
1323.19,1.4,306.14,1017.05,7,1
650.96,0.2,78.14,572.82,1,1
707.93,0.4,102.68,605.26,2,1
616.05,0.2,65.92,550.13,1,1
514.64,0.0,65.03,449.62,0,1
972.48,0.8,135.95,836.54,4,1
602.96,0.0,145.78,457.18,0,1
483.41,0.0,48.92,434.49,0,1
703.82,0.4,83.43,620.38,2,1
534.74,0.0,70.0,464.74,0,1
554.07,0.0,104.46,449.62,0,1
516.54,0.0,82.05,434.49,0,1
502.0,0.0,67.51,434.49,0,1
775.4,0.6,92.32,683.08,3,1
728.44,0.4,108.05,620.38,2,1
846.96,0.6,141.19,705.77,3,1
660.83,0.2,103.14,557.69,1,1
564.31,0.2,52.0,512.31,1,1
