"Total_Cost","Ratio_Reloc_Prod","Horiz_Cost","Vert_Cost","nReloc","non_Optimal"
254576.18,0.3867,64321.38,190254.79,580,193
795.19,0.4,159.68,635.51,2,1
699.31,0.2,134.05,565.26,1,0
1147.58,0.6,388.86,758.72,3,1
764.64,0.4,121.57,643.08,2,0
967.98,1.0,114.14,853.85,5,1
922.02,0.8,130.86,791.15,4,1
679.66,0.4,74.41,605.26,2,1
1608.57,1.2,707.16,901.41,6,1
976.12,0.6,217.41,758.72,3,1
750.78,0.4,168.22,582.56,2,1
856.58,0.8,103.24,753.33,4,1
623.91,0.2,66.22,557.69,1,0
1370.24,0.8,654.73,715.51,4,1
770.09,0.4,149.7,620.38,2,1
501.66,0.0,36.92,464.74,0,1
988.98,0.8,167.57,821.41,4,1
896.78,0.6,206.14,690.64,3,1
668.01,0.2,102.76,565.26,1,1
826.24,0.6,143.16,683.08,3,1
709.76,0.2,114.24,595.51,1,0
545.5,0.0,88.32,457.18,0,1
841.57,0.4,213.62,627.95,2,1
645.61,0.2,87.92,557.69,1,0
631.21,0.2,88.65,542.56,1,0
966.76,0.6,245.86,720.9,3,0
806.15,0.4,140.38,665.77,2,0
1369.0,1.0,605.92,763.08,5,1
2000.08,1.4,937.65,1062.44,7,1
1080.87,0.8,267.03,813.85,4,0
849.61,0.6,158.97,690.64,3,1
1277.82,0.8,532.05,745.77,4,1
700.95,0.2,120.57,580.38,1,0
1038.27,0.4,470.84,567.44,2,1
1199.89,1.0,330.92,868.97,5,1
652.29,0.2,102.16,550.13,1,1
1090.19,0.8,261.22,828.97,4,0
542.99,0.0,78.24,464.74,0,1
1256.51,0.4,673.95,582.56,2,1
855.26,0.4,197.05,658.21,2,0
696.84,0.2,169.41,527.44,1,0
978.16,1.0,101.62,876.54,5,1
645.26,0.2,95.14,550.13,1,0
1219.89,0.8,511.95,707.95,4,1
836.44,0.6,115.54,720.9,3,1
758.71,0.2,178.32,580.38,1,1
1086.15,1.0,194.49,891.67,5,1
1433.86,1.0,557.32,876.54,5,1
890.82,0.2,325.57,565.26,1,1
636.77,0.2,71.51,565.26,1,0
739.02,0.2,181.32,557.69,1,0
746.2,0.4,133.38,612.82,2,0
701.1,0.2,150.97,550.13,1,1
793.46,0.4,150.38,643.08,2,1
546.96,0.0,82.22,464.74,0,1
1335.38,0.6,667.43,667.95,3,1
917.33,0.6,188.86,728.46,3,1
567.15,0.0,94.84,472.31,0,1
928.55,0.6,162.27,766.28,3,1
958.94,0.6,215.35,743.59,3,1
849.24,0.4,206.16,643.08,2,1
524.5,0.0,67.32,457.18,0,1
1020.61,1.0,128.95,891.67,5,1
1167.35,1.0,283.24,884.1,5,1
793.49,0.2,205.54,587.95,1,1
605.71,0.0,118.27,487.44,0,1
1059.79,0.4,378.89,680.9,2,0
734.39,0.4,129.14,605.26,2,1
782.42,0.2,217.16,565.26,1,0
1236.8,0.6,546.16,690.64,3,1
733.07,0.2,175.38,557.69,1,0
652.21,0.2,109.65,542.56,1,1
567.01,0.0,102.27,464.74,0,1
1338.12,1.0,438.89,899.23,5,1
1010.5,0.6,312.3,698.21,3,1
1053.11,0.8,216.57,836.54,4,0
1169.99,0.8,318.32,851.67,4,1
1689.14,1.0,835.3,853.85,5,1
600.81,0.0,113.38,487.44,0,0
826.04,0.4,160.27,665.77,2,1
992.68,0.6,271.78,720.9,3,1
853.58,0.4,180.24,673.33,2,1
720.91,0.2,163.22,557.69,1,0
606.5,0.0,134.19,472.31,0,0
906.0,0.6,169.97,736.03,3,1
772.0,0.4,144.05,627.95,2,0
1031.49,1.0,170.08,861.41,5,1
832.87,0.4,151.97,680.9,2,0
879.77,0.4,214.0,665.77,2,1
1103.77,1.0,212.11,891.67,5,1
526.99,0.0,69.81,457.18,0,0
767.28,0.4,101.51,665.77,2,1
595.93,0.0,131.19,464.74,0,0
643.09,0.2,77.84,565.26,1,1
1000.92,0.6,280.03,720.9,3,1
712.85,0.2,147.59,565.26,1,1
1087.95,0.2,560.51,527.44,1,1
1026.53,0.4,368.32,658.21,2,1
1167.11,1.2,190.05,977.05,6,1
658.31,0.2,93.05,565.26,1,1
603.04,0.0,138.3,464.74,0,0
1004.78,0.4,369.27,635.51,2,1
601.27,0.0,113.84,487.44,0,1
1342.75,0.8,604.54,738.21,4,1
571.01,0.0,91.14,479.87,0,1
727.69,0.4,61.92,665.77,2,0
564.71,0.0,84.84,479.87,0,1
741.4,0.4,98.32,643.08,2,1
634.72,0.2,77.03,557.69,1,0
810.66,0.6,97.32,713.33,3,1
739.02,0.4,95.95,643.08,2,0
794.93,0.4,129.16,665.77,2,1
821.66,0.4,155.89,665.77,2,1
1258.66,1.0,351.86,906.79,5,1
720.45,0.2,155.19,565.26,1,0
537.5,0.0,80.32,457.18,0,0
1242.43,0.8,519.35,723.08,4,1
1514.53,0.8,708.24,806.28,4,1
682.48,0.2,124.78,557.69,1,0
765.24,0.4,122.16,643.08,2,1
713.95,0.2,133.57,580.38,1,0
705.55,0.2,140.3,565.26,1,0
889.88,0.4,224.11,665.77,2,1
843.15,0.6,144.95,698.21,3,1
550.47,0.0,85.73,464.74,0,0
1336.73,1.0,460.19,876.54,5,1
724.33,0.2,151.51,572.82,1,1
522.85,0.0,58.11,464.74,0,0
982.94,0.6,239.35,743.59,3,1
713.8,0.2,156.11,557.69,1,1
684.63,0.2,104.24,580.38,1,0
686.99,0.2,121.73,565.26,1,0
623.8,0.0,159.05,464.74,0,1
753.47,0.4,87.7,665.77,2,1
753.39,0.4,87.62,665.77,2,1
622.69,0.2,57.43,565.26,1,1
522.58,0.0,65.41,457.18,0,1
588.67,0.0,139.05,449.62,0,0
838.2,0.6,124.86,713.33,3,1
1266.66,0.8,399.86,866.79,4,0
651.64,0.2,93.95,557.69,1,0
669.62,0.2,127.05,542.56,1,0
551.66,0.0,86.92,464.74,0,1
566.07,0.0,101.32,464.74,0,0
850.96,0.4,185.19,665.77,2,1
661.69,0.2,96.43,565.26,1,1
683.72,0.2,118.46,565.26,1,1
672.61,0.2,107.35,565.26,1,0
847.58,0.4,181.81,665.77,2,0
985.78,0.2,503.73,482.05,1,1
727.93,0.2,155.11,572.82,1,1
682.34,0.2,117.08,565.26,1,0
690.09,0.2,124.84,565.26,1,0
569.26,0.0,104.51,464.74,0,0
873.42,0.2,308.16,565.26,1,1
1086.27,0.4,443.19,643.08,2,1
786.5,0.2,221.24,565.26,1,0
679.2,0.2,113.95,565.26,1,0
1280.79,1.0,366.43,914.36,5,1
839.29,0.4,181.08,658.21,2,1
806.09,0.4,132.76,673.33,2,0
561.67,0.0,112.05,449.62,0,0
716.41,0.2,181.41,535.0,1,1
596.73,0.2,61.73,535.0,1,1
970.38,0.4,334.86,635.51,2,1
901.85,0.4,289.03,612.82,2,1
766.2,0.2,200.95,565.26,1,1
1074.51,0.4,439.0,635.51,2,1
831.77,0.4,173.57,658.21,2,1
2142.83,1.4,1118.22,1024.62,7,1
1097.82,0.8,276.41,821.41,4,1
1085.92,0.4,397.46,688.46,2,1
1327.98,0.8,461.19,866.79,4,1
645.26,0.2,80.0,565.26,1,0
1277.95,0.8,524.62,753.33,4,1
586.82,0.0,106.95,479.87,0,0
831.47,0.4,165.7,665.77,2,0
893.98,0.6,180.65,713.33,3,0
1019.96,0.4,475.22,544.74,2,1
628.77,0.2,63.51,565.26,1,0
810.39,0.4,152.19,658.21,2,1
1321.9,0.6,661.51,660.38,3,1
877.91,0.6,126.76,751.15,3,1
1440.87,0.6,772.92,667.95,3,1
815.62,0.2,220.11,595.51,1,1
805.0,0.2,217.05,587.95,1,0
811.55,0.4,145.78,665.77,2,1
800.77,0.6,87.43,713.33,3,1
629.36,0.2,64.11,565.26,1,1
615.66,0.0,150.92,464.74,0,1
727.98,0.4,115.16,612.82,2,0
521.55,0.0,56.81,464.74,0,0
1023.35,0.6,279.76,743.59,3,0
774.44,0.4,146.49,627.95,2,0
810.2,0.2,237.38,572.82,1,0
652.45,0.2,94.76,557.69,1,1
512.26,0.0,47.51,464.74,0,1
795.93,0.4,130.16,665.77,2,1
554.2,0.0,89.46,464.74,0,0
853.66,0.4,187.89,665.77,2,1
715.55,0.2,150.3,565.26,1,0
533.18,0.0,68.43,464.74,0,0
594.44,0.0,114.57,479.87,0,0
634.89,0.2,92.32,542.56,1,0
655.58,0.2,90.32,565.26,1,1
606.64,0.0,141.89,464.74,0,1
691.34,0.2,126.08,565.26,1,1
546.74,0.0,82.0,464.74,0,0
1274.66,0.8,536.46,738.21,4,1
1163.81,1.0,294.84,868.97,5,1
1121.92,0.8,285.38,836.54,4,1
789.36,0.2,216.54,572.82,1,0
915.69,0.4,249.92,665.77,2,0
849.07,0.4,190.86,658.21,2,0
866.32,0.6,122.73,743.59,3,1
856.61,0.4,198.41,658.21,2,1
971.28,0.2,466.54,504.74,1,1
741.73,0.2,153.78,587.95,1,1
644.99,0.2,79.73,565.26,1,1
1245.92,0.4,617.97,627.95,2,1
911.76,0.4,230.86,680.9,2,1
1054.17,0.8,240.32,813.85,4,1
1014.44,0.6,248.16,766.28,3,1
695.37,0.2,137.68,557.69,1,1
653.58,0.2,88.32,565.26,1,1
932.58,0.4,266.81,665.77,2,0
1241.2,0.6,580.81,660.38,3,1
1055.56,0.8,256.84,798.72,4,1
530.58,0.0,65.84,464.74,0,0
870.31,0.6,156.97,713.33,3,1
572.74,0.0,108.0,464.74,0,0
890.33,0.6,177.0,713.33,3,1
835.75,0.4,192.68,643.08,2,1
892.25,0.6,163.78,728.46,3,1
919.26,0.4,261.05,658.21,2,1
1513.51,1.2,544.03,969.49,6,1
554.8,0.0,90.05,464.74,0,1
1169.63,0.8,355.78,813.85,4,1
745.32,0.4,109.81,635.51,2,1
667.71,0.0,187.84,479.87,0,0
560.12,0.0,95.38,464.74,0,0
1043.66,0.8,229.81,813.85,4,1
926.44,0.6,160.16,766.28,3,1
690.93,0.2,125.68,565.26,1,0
666.39,0.2,101.14,565.26,1,0
545.07,0.0,80.32,464.74,0,1
620.16,0.2,70.03,550.13,1,0
667.36,0.2,102.11,565.26,1,1
1105.53,0.8,299.24,806.28,4,1
833.12,0.2,260.3,572.82,1,1
852.09,0.2,286.84,565.26,1,1
546.37,0.0,81.62,464.74,0,0
1031.66,0.6,265.38,766.28,3,0
901.52,0.6,188.19,713.33,3,0
894.39,0.4,228.62,665.77,2,0
1034.31,0.6,268.03,766.28,3,0
763.01,0.4,97.24,665.77,2,0
1776.04,0.8,1022.7,753.33,4,1
752.38,0.2,172.0,580.38,1,0
869.96,0.4,204.19,665.77,2,0
677.39,0.2,112.14,565.26,1,0
1464.57,1.0,595.59,868.97,5,1
568.73,0.0,73.73,495.0,0,0
1175.07,0.6,416.35,758.72,3,1
684.6,0.2,111.78,572.82,1,1
681.72,0.2,116.46,565.26,1,0
549.39,0.0,69.51,479.87,0,0
681.31,0.2,116.05,565.26,1,0
611.19,0.2,68.62,542.56,1,0
752.69,0.2,187.43,565.26,1,1
757.21,0.2,199.51,557.69,1,0
759.94,0.2,202.24,557.69,1,1
1372.24,0.8,641.59,730.64,4,1
918.85,0.4,245.51,673.33,2,0
799.56,0.4,156.49,643.08,2,0
626.26,0.2,61.0,565.26,1,1
820.03,0.2,239.65,580.38,1,1
771.61,0.4,105.84,665.77,2,1
639.36,0.2,74.11,565.26,1,1
641.47,0.2,76.22,565.26,1,1
518.96,0.0,54.22,464.74,0,0
894.45,0.6,150.86,743.59,3,1
1185.65,0.6,457.19,728.46,3,1
864.82,0.4,191.49,673.33,2,0
772.02,0.2,221.89,550.13,1,1
808.15,0.4,142.38,665.77,2,1
573.12,0.0,93.24,479.87,0,1
1015.15,0.6,248.86,766.28,3,1
635.99,0.2,70.73,565.26,1,0
1255.89,1.4,246.41,1009.49,7,1
777.61,0.4,111.84,665.77,2,1
512.66,0.0,47.92,464.74,0,0
1047.9,0.6,334.57,713.33,3,1
927.72,0.4,261.95,665.77,2,1
596.96,0.0,132.22,464.74,0,1
703.36,0.2,122.97,580.38,1,0
527.18,0.0,62.43,464.74,0,0
977.58,0.2,480.41,497.18,1,1
587.87,0.0,100.43,487.44,0,0
825.47,0.4,159.7,665.77,2,1
521.45,0.0,56.7,464.74,0,1
