"Total_Cost","Ratio_Reloc_Prod","Horiz_Cost","Vert_Cost","nReloc","non_Optimal"
219666.01,0.406,32108.99,187557.14,609,300
799.18,0.4,140.97,658.21,2,1
1057.91,1.0,158.68,899.23,5,1
824.56,0.6,73.41,751.15,3,1
661.36,0.2,88.54,572.82,1,1
1046.67,1.0,162.57,884.1,5,1
843.37,0.6,160.3,683.08,3,1
623.8,0.2,66.11,557.69,1,1
864.89,0.8,96.43,768.46,4,1
805.96,0.6,107.76,698.21,3,1
805.51,0.6,114.86,690.64,3,1
596.94,0.2,46.81,550.13,1,1
596.24,0.0,146.62,449.62,0,1
912.23,0.6,161.08,751.15,3,1
1433.74,1.8,245.92,1187.82,9,1
815.3,0.6,86.84,728.46,3,1
868.39,0.6,170.19,698.21,3,1
1005.35,1.0,121.24,884.1,5,1
888.21,0.6,152.19,736.03,3,1
562.57,0.2,42.7,519.87,1,1
888.3,0.6,152.27,736.03,3,1
650.47,0.2,85.22,565.26,1,1
527.82,0.0,55.51,472.31,0,1
592.06,0.2,64.62,527.44,1,1
661.72,0.2,104.03,557.69,1,1
768.1,0.6,85.03,683.08,3,1
753.86,0.4,118.35,635.51,2,1
775.73,0.6,92.65,683.08,3,1
694.94,0.2,144.81,550.13,1,1
540.92,0.0,98.86,442.05,0,1
985.41,1.0,116.43,868.97,5,1
715.95,0.4,80.43,635.51,2,1
576.48,0.0,119.3,457.18,0,1
758.22,0.6,97.84,660.38,3,1
699.79,0.4,71.84,627.95,2,1
815.23,0.6,109.46,705.77,3,1
1078.84,1.0,149.35,929.49,5,1
656.23,0.2,98.54,557.69,1,1
604.46,0.2,77.03,527.44,1,1
654.51,0.2,111.95,542.56,1,1
565.44,0.2,38.0,527.44,1,1
631.36,0.2,66.11,565.26,1,1
668.59,0.2,118.46,550.13,1,1
947.41,0.6,218.95,728.46,3,1
782.76,0.6,122.38,660.38,3,1
538.21,0.0,81.03,457.18,0,1
802.22,0.4,166.7,635.51,2,1
749.64,0.4,106.57,643.08,2,1
994.79,1.0,133.38,861.41,5,1
813.21,0.6,69.62,743.59,3,1
731.53,0.4,126.27,605.26,2,1
664.01,0.2,98.76,565.26,1,1
755.21,0.4,112.14,643.08,2,1
857.33,0.6,128.86,728.46,3,1
779.14,0.4,151.19,627.95,2,1
853.22,0.6,124.76,728.46,3,1
681.96,0.4,76.7,605.26,2,1
852.99,0.6,101.84,751.15,3,1
547.94,0.0,90.76,457.18,0,1
826.39,0.6,113.05,713.33,3,1
732.55,0.4,112.16,620.38,2,1
599.92,0.2,64.92,535.0,1,1
669.12,0.2,103.86,565.26,1,1
674.45,0.2,116.76,557.69,1,1
671.72,0.2,106.46,565.26,1,1
671.21,0.2,121.08,550.13,1,1
692.47,0.4,79.65,612.82,2,1
748.6,0.2,221.16,527.44,1,1
786.86,0.8,56.22,730.64,4,1
579.15,0.0,121.97,457.18,0,1
618.76,0.2,83.76,535.0,1,1
662.99,0.2,97.73,565.26,1,1
824.29,0.6,126.08,698.21,3,1
498.49,0.0,79.14,419.36,0,1
439.61,0.0,27.81,411.79,0,1
721.81,0.4,146.81,575.0,2,1
666.06,0.2,93.24,572.82,1,1
974.74,0.8,160.89,813.85,4,1
466.49,0.0,32.0,434.49,0,1
593.78,0.2,51.22,542.56,1,1
657.18,0.2,107.05,550.13,1,1
494.27,0.0,52.22,442.05,0,1
707.27,0.4,79.32,627.95,2,1
632.91,0.2,75.22,557.69,1,1
910.75,0.8,127.16,783.59,4,1
565.2,0.0,100.46,464.74,0,1
544.26,0.0,94.65,449.62,0,1
816.51,0.6,141.0,675.51,3,1
972.55,0.8,158.7,813.85,4,1
933.37,0.8,134.65,798.72,4,1
771.74,0.6,58.41,713.33,3,1
491.13,0.0,41.51,449.62,0,1
853.39,0.8,100.05,753.33,4,1
649.33,0.2,121.89,527.44,1,1
760.17,0.6,107.35,652.82,3,1
672.74,0.2,92.35,580.38,1,1
818.34,0.4,152.57,665.77,2,1
774.06,0.4,146.11,627.95,2,1
782.49,0.6,106.97,675.51,3,1
748.49,0.4,120.54,627.95,2,1
724.65,0.4,89.14,635.51,2,1
1127.98,1.2,173.62,954.36,6,1
735.41,0.4,107.46,627.95,2,1
523.8,0.0,66.62,457.18,0,1
713.41,0.4,93.03,620.38,2,1
643.07,0.2,92.95,550.13,1,1
714.13,0.4,78.62,635.51,2,1
802.61,0.6,111.97,690.64,3,1
642.46,0.2,107.46,535.0,1,1
809.63,0.6,88.73,720.9,3,1
1048.31,1.0,149.08,899.23,5,1
582.63,0.0,102.76,479.87,0,1
674.44,0.4,61.62,612.82,2,1
606.98,0.2,79.54,527.44,1,1
617.0,0.2,89.57,527.44,1,1
547.58,0.0,82.84,464.74,0,1
568.09,0.2,48.22,519.87,1,1
476.89,0.0,42.41,434.49,0,1
681.64,0.2,123.95,557.69,1,1
595.72,0.0,146.11,449.62,0,1
665.31,0.2,100.05,565.26,1,1
743.32,0.6,67.81,675.51,3,1
917.11,0.8,141.08,776.03,4,1
1021.53,1.0,129.86,891.67,5,1
480.6,0.0,46.11,434.49,0,1
697.77,0.2,140.08,557.69,1,1
1099.6,1.0,245.76,853.85,5,1
583.71,0.2,63.84,519.87,1,1
807.63,0.6,86.73,720.9,3,1
887.87,0.8,126.97,760.9,4,1
833.9,0.6,120.57,713.33,3,1
917.36,0.6,204.03,713.33,3,1
790.72,0.6,84.95,705.77,3,1
789.27,0.6,113.76,675.51,3,1
916.56,0.6,233.49,683.08,3,1
839.04,0.6,133.27,705.77,3,1
598.41,0.2,63.41,535.0,1,1
847.45,0.6,88.73,758.72,3,1
817.68,0.6,104.35,713.33,3,1
661.09,0.2,95.84,565.26,1,1
990.52,0.8,169.11,821.41,4,1
754.39,0.4,88.62,665.77,2,1
950.61,0.6,191.89,758.72,3,1
1141.11,1.2,179.19,961.92,6,1
550.79,0.0,70.92,479.87,0,1
846.36,0.6,125.46,720.9,3,1
997.54,0.8,229.08,768.46,4,1
769.8,0.4,119.16,650.64,2,1
814.94,0.6,131.86,683.08,3,1
546.52,0.0,74.22,472.31,0,1
699.72,0.2,134.46,565.26,1,1
649.02,0.2,91.32,557.69,1,1
750.02,0.4,106.95,643.08,2,1
781.7,0.4,146.19,635.51,2,1
759.64,0.4,101.43,658.21,2,1
884.23,0.6,117.95,766.28,3,1
606.4,0.2,48.7,557.69,1,1
557.96,0.0,85.65,472.31,0,1
693.99,0.2,136.3,557.69,1,1
659.54,0.2,116.97,542.56,1,1
806.96,0.6,108.76,698.21,3,1
862.74,0.8,116.97,745.77,4,1
773.61,0.6,67.84,705.77,3,1
602.65,0.2,120.59,482.05,1,1
617.84,0.0,137.97,479.87,0,1
498.51,0.0,64.03,434.49,0,1
480.49,0.0,46.0,434.49,0,1
555.73,0.0,113.68,442.05,0,1
767.85,0.4,109.65,658.21,2,1
809.38,0.6,80.92,728.46,3,1
461.36,0.0,42.0,419.36,0,1
634.08,0.2,106.65,527.44,1,1
971.09,0.8,149.68,821.41,4,1
460.89,0.0,26.41,434.49,0,1
781.88,0.4,123.68,658.21,2,1
537.11,0.0,95.05,442.05,0,1
731.11,0.4,103.16,627.95,2,1
455.47,0.0,36.11,419.36,0,1
913.33,1.0,104.86,808.46,5,1
697.47,0.4,84.65,612.82,2,1
860.97,0.8,84.95,776.03,4,1
559.99,0.0,110.38,449.62,0,1
586.11,0.2,51.11,535.0,1,1
541.93,0.0,69.62,472.31,0,1
702.23,0.4,104.54,597.69,2,1
650.23,0.2,92.54,557.69,1,1
935.01,0.8,174.11,760.9,4,1
489.56,0.0,47.51,442.05,0,1
591.7,0.2,56.7,535.0,1,1
590.03,0.2,55.03,535.0,1,1
535.29,0.0,78.11,457.18,0,1
847.12,0.6,133.78,713.33,3,1
537.72,0.0,80.54,457.18,0,1
734.11,0.4,106.16,627.95,2,1
893.96,1.0,115.76,778.21,5,1
821.06,0.8,67.73,753.33,4,1
820.48,0.4,177.41,643.08,2,1
761.4,0.4,110.76,650.64,2,1
830.89,0.6,155.38,675.51,3,1
627.4,0.2,69.7,557.69,1,1
677.38,0.4,57.0,620.38,2,1
694.14,0.2,113.76,580.38,1,1
874.32,0.6,191.24,683.08,3,1
667.26,0.2,109.57,557.69,1,1
647.58,0.2,82.32,565.26,1,1
631.68,0.2,104.24,527.44,1,1
574.82,0.2,62.51,512.31,1,1
583.47,0.0,111.16,472.31,0,1
689.73,0.4,107.16,582.56,2,1
999.06,1.0,137.65,861.41,5,1
710.59,0.4,67.51,643.08,2,1
847.62,0.6,119.16,728.46,3,1
526.89,0.0,84.84,442.05,0,1
718.74,0.4,98.35,620.38,2,1
864.87,0.6,143.97,720.9,3,1
1075.52,1.0,214.11,861.41,5,1
885.07,0.6,179.3,705.77,3,1
492.97,0.0,50.92,442.05,0,1
804.23,0.6,106.03,698.21,3,1
703.04,0.4,105.35,597.69,2,1
1143.54,1.2,166.49,977.05,6,1
866.96,0.6,161.19,705.77,3,1
707.84,0.2,127.46,580.38,1,1
772.64,0.4,129.57,643.08,2,1
625.8,0.2,68.11,557.69,1,1
672.09,0.4,51.7,620.38,2,1
853.96,0.6,148.19,705.77,3,1
552.74,0.0,80.43,472.31,0,1
960.32,1.0,129.16,831.15,5,1
624.51,0.2,81.95,542.56,1,1
645.23,0.2,87.54,557.69,1,1
580.35,0.2,52.92,527.44,1,1
616.57,0.4,56.7,559.87,2,1
990.5,0.8,184.22,806.28,4,1
1057.02,1.2,140.49,916.54,6,1
533.04,0.0,60.73,472.31,0,1
484.7,0.0,50.22,434.49,0,1
593.44,0.2,66.0,527.44,1,1
606.06,0.2,78.62,527.44,1,1
916.91,0.8,125.76,791.15,4,1
778.7,0.4,143.19,635.51,2,1
708.79,0.4,80.84,627.95,2,1
864.51,0.8,80.92,783.59,4,1
722.56,0.4,140.0,582.56,2,1
688.03,0.2,160.59,527.44,1,1
968.34,1.0,122.05,846.28,5,1
596.09,0.0,123.78,472.31,0,1
786.41,0.6,65.51,720.9,3,1
793.97,0.4,150.89,643.08,2,1
668.36,0.2,95.54,572.82,1,1
494.86,0.0,52.81,442.05,0,1
730.13,0.6,54.62,675.51,3,1
660.08,0.2,125.08,535.0,1,1
811.42,0.6,105.65,705.77,3,1
585.01,0.0,120.27,464.74,0,1
595.17,0.2,67.73,527.44,1,1
1036.56,1.2,97.32,939.23,6,1
677.71,0.4,110.27,567.44,2,1
584.97,0.2,42.41,542.56,1,1
772.64,0.6,74.43,698.21,3,1
753.29,0.6,70.22,683.08,3,1
762.89,0.6,94.95,667.95,3,1
716.25,0.4,148.81,567.44,2,1
716.33,0.4,95.95,620.38,2,1
639.07,0.2,88.95,550.13,1,1
1127.9,1.2,165.97,961.92,6,1
905.83,0.6,154.68,751.15,3,1
645.69,0.2,80.43,565.26,1,1
609.0,0.2,74.0,535.0,1,1
685.25,0.4,72.43,612.82,2,1
851.66,0.6,145.89,705.77,3,1
816.61,0.4,150.84,665.77,2,1
911.41,0.6,190.51,720.9,3,1
608.6,0.0,136.3,472.31,0,1
726.52,0.4,106.14,620.38,2,1
591.3,0.2,71.43,519.87,1,1
769.29,0.4,118.65,650.64,2,1
738.56,0.4,156.0,582.56,2,1
568.86,0.0,111.68,457.18,0,1
599.67,0.2,57.11,542.56,1,1
956.76,0.8,135.35,821.41,4,1
600.08,0.2,57.51,542.56,1,1
627.35,0.2,92.35,535.0,1,1
803.1,0.6,112.46,690.64,3,1
1173.62,1.2,204.14,969.49,6,1
786.26,0.6,88.05,698.21,3,1
999.77,0.8,185.92,813.85,4,1
847.66,0.8,109.46,738.21,4,1
686.48,0.4,96.35,590.13,2,1
858.19,0.6,190.24,667.95,3,1
635.7,0.2,93.14,542.56,1,1
686.34,0.4,88.65,597.69,2,1
627.86,0.2,77.73,550.13,1,1
539.24,0.0,89.62,449.62,0,1
527.27,0.2,45.22,482.05,1,1
698.09,0.4,77.7,620.38,2,1
714.72,0.4,109.46,605.26,2,1
798.32,0.6,115.24,683.08,3,1
532.11,0.0,90.05,442.05,0,1
496.05,0.0,54.0,442.05,0,1
531.86,0.0,82.24,449.62,0,1
