"Total_Cost","Ratio_Reloc_Prod","Horiz_Cost","Vert_Cost","nReloc","non_Optimal"
220013.77,0.4047,32514.01,187499.83,607,300
799.18,0.4,140.97,658.21,2,1
1057.91,1.0,158.68,899.23,5,1
824.56,0.6,73.41,751.15,3,1
661.36,0.2,88.54,572.82,1,1
1046.67,1.0,162.57,884.1,5,1
843.37,0.6,160.3,683.08,3,1
601.45,0.2,51.32,550.13,1,1
864.89,0.8,96.43,768.46,4,1
838.5,0.6,140.3,698.21,3,1
767.97,0.6,77.32,690.64,3,1
636.93,0.2,64.11,572.82,1,1
609.75,0.0,160.14,449.62,0,1
912.53,0.6,161.38,751.15,3,1
1428.74,1.8,240.92,1187.82,9,1
850.35,0.6,106.76,743.59,3,1
874.26,0.6,183.62,690.64,3,1
993.38,1.0,116.84,876.54,5,1
926.81,0.6,183.22,743.59,3,1
650.02,0.2,107.46,542.56,1,1
873.68,0.6,152.78,720.9,3,1
650.96,0.2,85.7,565.26,1,1
469.6,0.0,35.11,434.49,0,1
592.65,0.2,65.22,527.44,1,1
661.72,0.2,104.03,557.69,1,1
768.1,0.6,85.03,683.08,3,1
744.0,0.4,116.05,627.95,2,1
745.84,0.6,70.32,675.51,3,1
680.86,0.2,138.3,542.56,1,1
539.62,0.0,97.57,442.05,0,1
1020.89,1.0,144.35,876.54,5,1
680.71,0.4,60.32,620.38,2,1
564.96,0.0,107.78,457.18,0,1
823.51,0.8,100.43,723.08,4,1
696.27,0.4,68.32,627.95,2,1
761.1,0.4,110.46,650.64,2,1
1066.27,1.0,144.35,921.92,5,1
688.58,0.2,115.76,572.82,1,1
584.84,0.2,57.41,527.44,1,1
648.35,0.2,113.35,535.0,1,1
613.64,0.2,63.51,550.13,1,1
619.8,0.2,62.11,557.69,1,1
726.8,0.2,169.11,557.69,1,1
878.63,0.6,165.3,713.33,3,1
812.25,0.6,144.3,667.95,3,1
506.11,0.0,71.62,434.49,0,1
770.13,0.4,127.05,643.08,2,1
894.08,0.6,165.62,728.46,3,1
933.69,0.8,134.97,798.72,4,1
813.21,0.6,69.62,743.59,3,1
802.35,0.4,174.41,627.95,2,1
792.97,0.4,149.89,643.08,2,1
772.78,0.4,122.14,650.64,2,1
810.07,0.6,111.86,698.21,3,1
789.11,0.4,153.59,635.51,2,1
750.24,0.4,107.16,643.08,2,1
626.97,0.2,84.41,542.56,1,1
981.22,1.0,112.24,868.97,5,1
675.26,0.2,117.57,557.69,1,1
817.93,0.6,112.16,705.77,3,1
741.71,0.4,113.76,627.95,2,1
599.92,0.2,64.92,535.0,1,1
669.12,0.2,103.86,565.26,1,1
659.48,0.2,109.35,550.13,1,1
672.72,0.2,107.46,565.26,1,1
656.08,0.2,121.08,535.0,1,1
625.78,0.2,75.65,550.13,1,1
837.98,0.4,225.16,612.82,2,1
625.54,0.4,58.11,567.44,2,1
580.99,0.0,131.38,449.62,0,1
617.95,0.2,82.95,535.0,1,1
640.56,0.2,90.43,550.13,1,1
799.46,0.6,116.38,683.08,3,1
513.62,0.0,79.14,434.49,0,1
480.7,0.0,46.22,434.49,0,1
729.56,0.4,147.0,582.56,2,1
749.38,0.4,113.86,635.51,2,1
1061.32,1.0,177.22,884.1,5,1
509.42,0.0,37.11,472.31,0,1
587.51,0.2,52.51,535.0,1,1
653.22,0.2,125.78,527.44,1,1
498.97,0.0,56.92,442.05,0,1
619.75,0.2,69.62,550.13,1,1
637.77,0.2,72.51,565.26,1,1
908.92,0.8,140.46,768.46,4,1
645.73,0.2,103.16,542.56,1,1
546.67,0.0,97.05,449.62,0,1
903.58,0.8,157.81,745.77,4,1
929.05,0.8,137.89,791.15,4,1
922.1,0.8,130.95,791.15,4,1
779.14,0.6,65.81,713.33,3,1
595.87,0.2,68.43,527.44,1,1
697.79,0.4,69.84,627.95,2,1
659.36,0.2,94.11,565.26,1,1
691.4,0.4,108.84,582.56,2,1
645.5,0.2,80.24,565.26,1,1
818.34,0.4,152.57,665.77,2,1
726.65,0.4,106.27,620.38,2,1
717.5,0.4,104.68,612.82,2,1
725.77,0.4,112.95,612.82,2,1
743.52,0.6,83.14,660.38,3,1
943.88,0.8,137.59,806.28,4,1
862.78,0.6,126.76,736.03,3,1
539.07,0.0,74.32,464.74,0,1
936.63,0.8,115.22,821.41,4,1
682.18,0.4,76.92,605.26,2,1
644.8,0.2,79.54,565.26,1,1
772.95,0.6,112.57,660.38,3,1
631.6,0.2,104.16,527.44,1,1
703.52,0.4,83.14,620.38,2,1
1134.84,1.2,157.78,977.05,6,1
707.06,0.2,126.68,580.38,1,1
627.97,0.2,77.84,550.13,1,1
891.1,0.8,99.95,791.15,4,1
638.97,0.2,103.97,535.0,1,1
621.29,0.2,78.73,542.56,1,1
542.4,0.2,45.22,497.18,1,1
495.16,0.0,53.11,442.05,0,1
675.43,0.2,132.86,542.56,1,1
710.59,0.4,135.59,575.0,2,1
773.45,0.4,115.24,658.21,2,1
709.57,0.4,81.62,627.95,2,1
771.43,0.4,128.35,643.08,2,1
940.57,0.8,119.16,821.41,4,1
509.99,0.0,52.81,457.18,0,1
730.36,0.2,165.11,565.26,1,1
953.6,0.6,225.14,728.46,3,1
663.72,0.4,66.03,597.69,2,1
831.11,0.6,102.65,728.46,3,1
775.52,0.6,107.57,667.95,3,1
958.38,0.8,136.97,821.41,4,1
927.22,0.6,206.32,720.9,3,1
519.02,0.0,61.84,457.18,0,1
820.82,0.6,115.05,705.77,3,1
859.37,0.6,168.73,690.64,3,1
667.36,0.2,94.54,572.82,1,1
701.95,0.4,74.0,627.95,2,1
894.58,0.8,80.73,813.85,4,1
862.65,0.8,101.76,760.9,4,1
655.31,0.2,97.62,557.69,1,1
1222.89,1.4,205.84,1017.05,7,1
755.39,0.4,89.62,665.77,2,1
1030.8,0.8,171.57,859.23,4,1
1035.03,1.0,173.62,861.41,5,1
573.62,0.0,78.62,495.0,0,1
815.98,0.6,102.65,713.33,3,1
922.79,0.6,209.46,713.33,3,1
796.68,0.4,123.35,673.33,2,1
810.8,0.6,120.16,690.64,3,1
531.66,0.0,66.92,464.74,0,1
683.45,0.2,125.76,557.69,1,1
571.06,0.0,83.62,487.44,0,1
841.3,0.6,112.84,728.46,3,1
798.56,0.4,155.49,643.08,2,1
760.04,0.4,101.84,658.21,2,1
841.57,0.6,105.54,736.03,3,1
598.34,0.2,48.22,550.13,1,1
493.62,0.0,44.0,449.62,0,1
645.23,0.2,87.54,557.69,1,1
726.79,0.4,113.97,612.82,2,1
733.46,0.4,97.95,635.51,2,1
807.18,0.6,108.97,698.21,3,1
991.16,1.0,107.05,884.1,5,1
659.23,0.2,146.92,512.31,1,1
704.5,0.2,146.81,557.69,1,1
553.94,0.0,96.76,457.18,0,1
489.27,0.0,47.22,442.05,0,1
543.62,0.0,101.57,442.05,0,1
845.81,0.6,117.35,728.46,3,1
869.2,0.6,102.92,766.28,3,1
464.17,0.0,44.81,419.36,0,1
685.75,0.2,143.19,542.56,1,1
922.01,0.8,115.73,806.28,4,1
588.22,0.2,53.22,535.0,1,1
692.53,0.2,127.27,565.26,1,1
631.56,0.2,81.43,550.13,1,1
868.95,0.8,108.05,760.9,4,1
484.05,0.0,42.0,442.05,0,1
861.88,0.8,123.68,738.21,4,1
938.64,0.8,147.49,791.15,4,1
984.63,1.0,130.78,853.85,5,1
560.13,0.0,118.08,442.05,0,1
695.61,0.4,90.35,605.26,2,1
523.55,0.0,58.81,464.74,0,1
765.86,0.4,130.35,635.51,2,1
620.14,0.2,85.14,535.0,1,1
744.3,0.2,216.86,527.44,1,1
483.51,0.0,49.03,434.49,0,1
492.02,0.0,42.41,449.62,0,1
642.94,0.4,52.81,590.13,2,1
540.85,0.0,76.11,464.74,0,1
911.59,0.8,135.57,776.03,4,1
498.22,0.0,63.73,434.49,0,1
714.59,0.4,71.51,643.08,2,1
880.8,0.8,142.59,738.21,4,1
605.59,0.2,63.03,542.56,1,1
825.19,0.4,182.11,643.08,2,1
659.99,0.2,94.73,565.26,1,1
743.29,0.4,145.59,597.69,2,1
649.99,0.2,84.73,565.26,1,1
681.2,0.4,60.81,620.38,2,1
545.07,0.0,95.46,449.62,0,1
971.48,0.8,180.32,791.15,4,1
976.19,0.8,154.78,821.41,4,1
800.93,0.6,102.73,698.21,3,1
673.99,0.2,108.73,565.26,1,1
491.67,0.0,49.62,442.05,0,1
614.7,0.2,72.14,542.56,1,1
833.27,0.6,150.19,683.08,3,1
1077.39,1.2,123.03,954.36,6,1
764.02,0.6,65.81,698.21,3,1
685.28,0.2,112.46,572.82,1,1
515.89,0.0,73.84,442.05,0,1
856.51,0.8,72.92,783.59,4,1
787.17,0.6,126.78,660.38,3,1
1015.4,1.0,191.81,823.59,5,1
945.68,0.8,131.84,813.85,4,1
505.35,0.0,55.73,449.62,0,1
759.89,0.6,91.95,667.95,3,1
577.18,0.2,72.43,504.74,1,1
902.1,0.8,110.95,791.15,4,1
803.37,0.4,160.3,643.08,2,1
845.04,0.6,139.27,705.77,3,1
693.39,0.4,88.14,605.26,2,1
836.41,0.6,107.95,728.46,3,1
585.92,0.2,50.92,535.0,1,1
1107.79,1.2,213.95,893.85,6,1
516.86,0.0,67.24,449.62,0,1
907.11,0.8,131.08,776.03,4,1
776.22,0.6,108.27,667.95,3,1
798.47,0.6,85.14,713.33,3,1
580.51,0.2,45.51,535.0,1,1
615.84,0.2,80.84,535.0,1,1
730.69,0.4,117.86,612.82,2,1
899.47,0.6,186.14,713.33,3,1
602.76,0.2,75.32,527.44,1,1
466.44,0.0,39.51,426.92,0,1
626.34,0.2,76.22,550.13,1,1
513.56,0.0,71.51,442.05,0,1
662.29,0.2,112.16,550.13,1,1
815.77,0.6,102.43,713.33,3,1
614.69,0.2,57.0,557.69,1,1
641.64,0.4,51.51,590.13,2,1
628.61,0.0,171.43,457.18,0,1
1136.97,1.2,220.43,916.54,6,1
831.72,0.6,141.08,690.64,3,1
643.88,0.2,78.62,565.26,1,1
819.95,0.6,99.05,720.9,3,1
870.67,0.6,180.03,690.64,3,1
553.18,0.0,88.43,464.74,0,1
713.95,0.4,78.43,635.51,2,1
467.58,0.0,48.22,419.36,0,1
576.7,0.0,127.08,449.62,0,1
685.41,0.2,150.41,535.0,1,1
603.88,0.0,131.57,472.31,0,1
767.35,0.6,91.84,675.51,3,1
884.86,0.8,108.84,776.03,4,1
611.08,0.2,83.65,527.44,1,1
703.87,0.4,75.92,627.95,2,1
714.79,0.4,86.84,627.95,2,1
606.11,0.2,71.11,535.0,1,1
638.05,0.2,103.05,535.0,1,1
715.21,0.4,125.08,590.13,2,1
659.05,0.2,124.05,535.0,1,1
742.27,0.4,106.76,635.51,2,1
949.93,0.6,191.22,758.72,3,1
950.59,0.6,199.43,751.15,3,1
774.76,0.6,99.24,675.51,3,1
586.95,0.2,59.51,527.44,1,1
653.1,0.4,55.41,597.69,2,1
888.2,0.6,182.43,705.77,3,1
787.96,0.4,129.76,658.21,2,1
866.0,0.6,182.92,683.08,3,1
698.91,0.2,148.78,550.13,1,1
845.62,0.6,102.03,743.59,3,1
513.29,0.0,56.11,457.18,0,1
763.07,0.4,112.43,650.64,2,1
779.98,0.4,159.59,620.38,2,1
544.81,0.0,102.76,442.05,0,1
698.68,0.4,70.73,627.95,2,1
1193.29,1.4,168.68,1024.62,7,1
543.93,0.0,71.62,472.31,0,1
668.24,0.4,93.24,575.0,2,1
789.97,0.6,114.46,675.51,3,1
1021.16,1.0,152.19,868.97,5,1
894.02,0.8,110.43,783.59,4,1
667.39,0.2,147.51,519.87,1,1
741.03,0.6,65.51,675.51,3,1
584.17,0.2,56.73,527.44,1,1
678.68,0.2,143.68,535.0,1,1
503.58,0.0,46.41,457.18,0,1
690.66,0.4,77.84,612.82,2,1
541.86,0.0,92.24,449.62,0,1
746.64,0.4,156.51,590.13,2,1
469.44,0.0,42.51,426.92,0,1
607.78,0.2,65.22,542.56,1,1
530.63,0.0,111.27,419.36,0,1
720.3,0.4,99.92,620.38,2,1
641.7,0.2,99.14,542.56,1,1
649.26,0.2,84.0,565.26,1,1
746.61,0.6,101.35,645.26,3,1
