"Total_Cost","Ratio_Reloc_Prod","Horiz_Cost","Vert_Cost","nReloc","non_Optimal"
244669.86,0.3927,56543.86,188126.19,589,300
848.02,0.6,104.43,743.59,3,1
1008.69,0.8,149.46,859.23,4,1
1055.42,0.8,256.7,798.72,4,1
1008.8,0.4,350.59,658.21,2,1
645.86,0.2,110.86,535.0,1,1
902.37,0.6,158.78,743.59,3,1
834.23,0.4,176.03,658.21,2,1
629.69,0.2,72.0,557.69,1,1
809.95,0.6,89.05,720.9,3,1
805.27,0.4,162.19,643.08,2,1
1137.83,1.2,145.65,992.18,6,1
798.82,0.6,93.05,705.77,3,1
792.75,0.6,109.68,683.08,3,1
969.73,0.8,193.7,776.03,4,1
582.95,0.0,87.95,495.0,0,1
635.76,0.2,100.76,535.0,1,1
563.55,0.2,58.81,504.74,1,1
850.05,0.4,199.41,650.64,2,1
792.68,0.4,172.3,620.38,2,1
679.11,0.2,98.73,580.38,1,1
1263.99,1.0,379.89,884.1,5,1
963.41,0.8,149.57,813.85,4,1
824.42,0.6,118.65,705.77,3,1
819.6,0.6,91.14,728.46,3,1
741.08,0.4,98.0,643.08,2,1
507.4,0.0,50.22,457.18,0,1
987.57,0.8,166.16,821.41,4,1
778.22,0.4,150.27,627.95,2,1
581.24,0.0,139.19,442.05,0,1
951.56,0.6,207.97,743.59,3,1
889.54,0.6,145.95,743.59,3,1
636.1,0.2,93.54,542.56,1,1
771.3,0.4,143.35,627.95,2,1
883.05,0.2,340.49,542.56,1,1
805.61,0.2,247.92,557.69,1,1
1189.26,1.0,290.03,899.23,5,1
530.5,0.0,73.32,457.18,0,1
1134.79,0.6,413.89,720.9,3,1
1020.01,0.6,253.73,766.28,3,1
534.0,0.0,91.95,442.05,0,1
1063.65,1.0,202.24,861.41,5,1
849.52,0.4,236.7,612.82,2,1
670.34,0.2,112.65,557.69,1,1
464.82,0.0,53.03,411.79,0,1
972.6,0.6,251.7,720.9,3,1
683.32,0.2,140.76,542.56,1,1
993.91,0.4,343.27,650.64,2,1
587.82,0.0,123.08,464.74,0,1
662.99,0.2,112.86,550.13,1,1
499.94,0.0,50.32,449.62,0,1
623.02,0.2,125.84,497.18,1,1
1132.72,0.8,349.14,783.59,4,1
1045.07,0.8,246.35,798.72,4,1
715.4,0.2,165.27,550.13,1,1
806.29,0.4,148.08,658.21,2,1
500.41,0.0,81.05,419.36,0,1
879.38,0.6,158.49,720.9,3,1
944.32,0.6,208.3,736.03,3,1
596.64,0.2,107.03,489.62,1,1
774.08,0.4,146.14,627.95,2,1
695.54,0.2,152.97,542.56,1,1
594.16,0.0,144.54,449.62,0,1
1244.57,1.0,383.16,861.41,5,1
475.36,0.0,56.0,419.36,0,1
925.2,0.4,304.81,620.38,2,1
832.18,0.6,133.97,698.21,3,1
703.35,0.2,160.78,542.56,1,1
877.7,0.6,187.05,690.64,3,1
835.64,0.2,277.95,557.69,1,1
709.76,0.2,189.89,519.87,1,1
1077.02,0.8,293.43,783.59,4,1
796.01,0.4,175.62,620.38,2,1
559.29,0.2,77.24,482.05,1,1
435.2,0.0,23.41,411.79,0,1
817.49,0.6,157.11,660.38,3,1
659.53,0.4,69.41,590.13,2,1
522.65,0.0,88.16,434.49,0,1
1093.52,0.8,325.05,768.46,4,1
848.49,0.4,220.54,627.95,2,1
1161.29,0.8,362.57,798.72,4,1
726.04,0.2,168.35,557.69,1,1
659.05,0.2,116.49,542.56,1,1
803.32,0.4,152.68,650.64,2,1
936.45,0.6,192.86,743.59,3,1
1264.06,1.0,342.14,921.92,5,1
879.92,0.4,244.41,635.51,2,1
1088.56,0.8,304.97,783.59,4,1
890.63,0.6,169.73,720.9,3,1
734.33,0.2,146.38,587.95,1,1
824.8,0.4,219.54,605.26,2,1
673.95,0.2,154.08,519.87,1,1
582.19,0.2,39.62,542.56,1,1
864.13,0.4,228.62,635.51,2,1
894.28,0.4,228.51,665.77,2,1
714.09,0.2,148.84,565.26,1,1
713.34,0.2,148.08,565.26,1,1
681.56,0.2,123.86,557.69,1,1
794.89,0.2,259.89,535.0,1,1
584.72,0.0,119.97,464.74,0,1
878.36,0.6,157.46,720.9,3,1
710.04,0.2,144.78,565.26,1,1
1452.27,1.0,575.73,876.54,5,1
841.42,0.4,190.78,650.64,2,1
821.69,0.4,208.86,612.82,2,1
660.13,0.2,117.57,542.56,1,1
894.86,0.6,158.84,736.03,3,1
575.45,0.0,118.27,457.18,0,1
822.66,0.2,257.41,565.26,1,1
1041.13,0.6,305.11,736.03,3,1
947.03,0.6,226.14,720.9,3,1
849.61,0.2,291.92,557.69,1,1
814.54,0.4,186.59,627.95,2,1
1112.04,0.8,313.32,798.72,4,1
719.33,0.2,146.51,572.82,1,1
710.82,0.2,145.57,565.26,1,1
899.28,0.6,178.38,720.9,3,1
770.61,0.4,104.84,665.77,2,1
903.36,0.6,197.59,705.77,3,1
801.72,0.4,135.95,665.77,2,1
578.43,0.0,143.95,434.49,0,1
636.46,0.2,101.46,535.0,1,1
720.45,0.4,69.81,650.64,2,1
800.06,0.4,179.68,620.38,2,1
514.53,0.0,64.92,449.62,0,1
475.19,0.0,40.7,434.49,0,1
1253.34,0.8,454.62,798.72,4,1
547.07,0.0,97.46,449.62,0,1
704.23,0.2,138.97,565.26,1,1
650.07,0.2,84.81,565.26,1,1
815.9,0.4,203.08,612.82,2,1
797.94,0.4,147.3,650.64,2,1
728.18,0.2,178.05,550.13,1,1
491.89,0.0,57.41,434.49,0,1
876.48,0.2,318.78,557.69,1,1
447.2,0.0,35.41,411.79,0,1
696.61,0.2,146.49,550.13,1,1
649.1,0.2,106.54,542.56,1,1
1115.94,0.8,332.35,783.59,4,1
616.34,0.2,66.22,550.13,1,1
931.03,0.6,210.14,720.9,3,1
963.23,0.6,249.89,713.33,3,1
900.35,0.4,272.41,627.95,2,1
738.5,0.4,140.81,597.69,2,1
798.74,0.4,125.41,673.33,2,1
1345.03,1.0,423.11,921.92,5,1
748.39,0.4,82.62,665.77,2,1
564.53,0.0,107.35,457.18,0,1
658.04,0.2,100.35,557.69,1,1
769.27,0.4,133.76,635.51,2,1
436.61,0.0,24.81,411.79,0,1
720.93,0.2,155.68,565.26,1,1
1083.88,0.6,385.68,698.21,3,1
446.5,0.0,34.7,411.79,0,1
864.65,0.4,244.27,620.38,2,1
834.1,0.4,183.46,650.64,2,1
743.26,0.2,178.0,565.26,1,1
713.65,0.2,171.08,542.56,1,1
892.7,0.4,257.19,635.51,2,1
614.75,0.2,117.57,497.18,1,1
649.1,0.2,106.54,542.56,1,1
1040.47,0.8,287.14,753.33,4,1
1793.89,1.2,816.84,977.05,6,1
884.5,0.4,279.24,605.26,2,1
782.62,0.4,154.68,627.95,2,1
872.44,0.4,252.05,620.38,2,1
1482.75,1.0,538.14,944.62,5,1
829.0,0.4,185.92,643.08,2,1
898.45,0.4,240.24,658.21,2,1
547.07,0.0,82.32,464.74,0,1
704.26,0.2,146.57,557.69,1,1
912.99,0.6,207.22,705.77,3,1
730.02,0.2,179.89,550.13,1,1
910.0,0.6,173.97,736.03,3,1
927.2,0.6,153.35,773.85,3,1
795.84,0.4,167.89,627.95,2,1
686.2,0.2,120.95,565.26,1,1
656.02,0.2,113.46,542.56,1,1
793.6,0.6,65.14,728.46,3,1
839.11,0.4,211.16,627.95,2,1
689.34,0.2,131.65,557.69,1,1
512.1,0.0,54.92,457.18,0,1
1144.32,0.8,353.16,791.15,4,1
844.13,0.4,208.62,635.51,2,1
748.72,0.2,198.59,550.13,1,1
885.56,0.4,242.49,643.08,2,1
447.31,0.0,35.51,411.79,0,1
459.76,0.0,40.41,419.36,0,1
1156.22,0.8,327.24,828.97,4,1
665.04,0.2,92.22,572.82,1,1
1451.53,1.4,411.78,1039.74,7,1
795.33,0.2,275.46,519.87,1,1
1019.98,0.6,291.51,728.46,3,1
965.5,0.4,299.73,665.77,2,1
1442.35,0.8,605.81,836.54,4,1
792.09,0.2,226.84,565.26,1,1
1102.53,1.0,210.86,891.67,5,1
1095.91,1.0,211.81,884.1,5,1
659.51,0.2,116.95,542.56,1,1
594.42,0.0,129.68,464.74,0,1
762.85,0.2,197.59,565.26,1,1
1397.7,0.6,661.68,736.03,3,1
700.07,0.2,142.38,557.69,1,1
730.92,0.2,188.35,542.56,1,1
1043.45,0.6,292.3,751.15,3,1
673.51,0.2,130.95,542.56,1,1
718.77,0.2,161.08,557.69,1,1
579.0,0.2,44.0,535.0,1,1
901.85,0.4,243.65,658.21,2,1
652.0,0.2,124.57,527.44,1,1
507.95,0.0,73.46,434.49,0,1
738.16,0.2,203.16,535.0,1,1
838.26,0.4,187.62,650.64,2,1
561.02,0.0,103.84,457.18,0,1
491.78,0.0,49.73,442.05,0,1
760.4,0.2,202.7,557.69,1,1
795.67,0.6,105.03,690.64,3,1
1045.85,0.6,347.65,698.21,3,1
533.35,0.0,83.73,449.62,0,1
1048.49,1.0,194.65,853.85,5,1
591.45,0.0,134.27,457.18,0,1
924.61,0.2,374.49,550.13,1,1
811.85,0.6,113.65,698.21,3,1
1015.36,0.8,209.08,806.28,4,1
1151.44,0.6,438.11,713.33,3,1
758.85,0.2,193.59,565.26,1,1
756.26,0.2,198.57,557.69,1,1
1069.83,0.8,278.68,791.15,4,1
1025.17,0.8,211.32,813.85,4,1
1153.05,0.8,308.95,844.1,4,1
1484.02,0.8,700.43,783.59,4,1
556.45,0.2,66.84,489.62,1,1
801.93,0.6,141.54,660.38,3,1
577.78,0.0,143.3,434.49,0,1
443.79,0.0,32.0,411.79,0,1
1186.48,0.8,349.95,836.54,4,1
633.26,0.2,83.14,550.13,1,1
668.42,0.2,110.73,557.69,1,1
642.46,0.2,115.03,527.44,1,1
448.2,0.0,36.41,411.79,0,1
1404.33,1.0,474.84,929.49,5,1
817.71,0.4,144.38,673.33,2,1
541.4,0.0,84.22,457.18,0,1
806.53,0.4,140.76,665.77,2,1
694.01,0.2,128.76,565.26,1,1
659.25,0.2,139.38,519.87,1,1
1197.81,0.8,361.27,836.54,4,1
967.46,0.4,331.95,635.51,2,1
650.78,0.2,108.22,542.56,1,1
510.95,0.0,76.46,434.49,0,1
953.82,0.8,200.49,753.33,4,1
798.83,0.4,155.76,643.08,2,1
553.94,0.0,96.76,457.18,0,1
764.63,0.6,104.24,660.38,3,1
649.15,0.2,91.46,557.69,1,1
971.81,0.4,328.73,643.08,2,1
705.79,0.4,77.84,627.95,2,1
861.58,0.4,203.38,658.21,2,1
1324.16,1.0,440.05,884.1,5,1
793.24,0.4,150.16,643.08,2,1
971.08,0.8,187.49,783.59,4,1
719.07,0.2,161.38,557.69,1,1
898.0,0.4,254.92,643.08,2,1
684.74,0.2,119.49,565.26,1,1
1421.95,1.0,507.59,914.36,5,1
449.2,0.0,37.41,411.79,0,1
1035.47,0.6,322.14,713.33,3,1
1087.91,0.8,304.32,783.59,4,1
704.06,0.2,131.24,572.82,1,1
849.99,0.2,299.86,550.13,1,1
677.96,0.2,120.27,557.69,1,1
728.1,0.2,177.97,550.13,1,1
673.43,0.2,130.86,542.56,1,1
905.19,0.4,277.24,627.95,2,1
882.67,0.6,146.65,736.03,3,1
709.82,0.2,144.57,565.26,1,1
755.84,0.4,120.32,635.51,2,1
1129.52,1.0,222.73,906.79,5,1
1028.03,1.0,159.05,868.97,5,1
976.39,0.6,270.62,705.77,3,1
813.31,0.2,255.62,557.69,1,1
673.31,0.2,108.05,565.26,1,1
751.98,0.4,139.16,612.82,2,1
542.05,0.0,92.43,449.62,0,1
597.14,0.2,62.14,535.0,1,1
1016.99,0.6,311.22,705.77,3,1
796.22,0.6,75.32,720.9,3,1
974.54,0.6,291.46,683.08,3,1
1143.65,0.6,415.19,728.46,3,1
527.76,0.0,93.27,434.49,0,1
466.79,0.0,47.43,419.36,0,1
1127.28,0.8,313.43,813.85,4,1
520.6,0.0,86.11,434.49,0,1
442.5,0.0,30.7,411.79,0,1
800.96,0.4,195.7,605.26,2,1
1759.87,1.6,612.05,1147.82,8,1
933.38,0.6,197.35,736.03,3,1
673.76,0.2,153.89,519.87,1,1
574.74,0.2,62.43,512.31,1,1
554.43,0.0,119.95,434.49,0,1
759.53,0.4,101.32,658.21,2,1
