"Total_Cost","Ratio_Reloc_Prod","Horiz_Cost","Vert_Cost","nReloc","non_Optimal"
241993.63,0.3607,56687.48,185306.08,541,300
540.69,0.0,75.95,464.74,0,1
747.91,0.4,89.7,658.21,2,1
718.0,0.2,122.49,595.51,1,1
648.01,0.2,67.62,580.38,1,1
701.31,0.2,128.49,572.82,1,1
554.82,0.0,82.51,472.31,0,1
872.02,0.4,213.81,658.21,2,1
958.91,0.8,175.32,783.59,4,1
639.04,0.2,134.3,504.74,1,1
786.96,0.4,174.14,612.82,2,1
1246.48,1.2,269.43,977.05,6,1
531.99,0.0,67.24,464.74,0,1
722.09,0.2,141.7,580.38,1,1
921.06,0.8,99.65,821.41,4,1
892.01,0.8,138.68,753.33,4,1
607.58,0.0,135.27,472.31,0,1
522.21,0.0,65.03,457.18,0,1
590.74,0.2,78.43,512.31,1,1
743.45,0.4,138.19,605.26,2,1
594.54,0.2,67.11,527.44,1,1
625.67,0.2,75.54,550.13,1,1
1354.67,1.2,362.49,992.18,6,1
1141.85,1.0,242.62,899.23,5,1
660.61,0.2,95.35,565.26,1,1
500.43,0.0,50.81,449.62,0,1
677.82,0.2,112.57,565.26,1,1
684.43,0.2,141.86,542.56,1,1
705.35,0.4,77.41,627.95,2,1
648.49,0.2,121.05,527.44,1,1
802.15,0.4,136.38,665.77,2,1
741.72,0.4,136.46,605.26,2,1
761.33,0.4,133.38,627.95,2,1
625.76,0.2,98.32,527.44,1,1
777.91,0.2,212.65,565.26,1,1
606.44,0.0,126.57,479.87,0,1
550.0,0.0,107.95,442.05,0,1
1142.55,0.8,336.27,806.28,4,1
628.12,0.2,70.43,557.69,1,1
512.54,0.0,85.62,426.92,0,1
607.7,0.2,65.14,542.56,1,1
576.75,0.0,119.57,457.18,0,1
1155.74,1.2,261.89,893.85,6,1
734.92,0.2,199.92,535.0,1,1
638.79,0.2,111.35,527.44,1,1
1026.74,0.8,212.89,813.85,4,1
1063.53,0.6,372.89,690.64,3,1
884.08,0.4,256.14,627.95,2,1
834.57,0.4,214.19,620.38,2,1
442.5,0.0,30.7,411.79,0,1
590.65,0.0,156.16,434.49,0,1
586.26,0.0,129.08,457.18,0,1
780.31,0.2,222.62,557.69,1,1
638.68,0.2,103.68,535.0,1,1
736.87,0.4,124.05,612.82,2,1
837.53,0.4,186.89,650.64,2,1
1017.53,0.6,319.32,698.21,3,1
581.94,0.0,124.76,457.18,0,1
1162.86,0.8,326.32,836.54,4,1
802.89,0.4,227.89,575.0,2,1
1055.08,0.4,427.14,627.95,2,1
1022.04,0.6,255.76,766.28,3,1
828.15,0.4,162.38,665.77,2,1
567.69,0.0,102.95,464.74,0,1
843.4,0.4,207.89,635.51,2,1
912.74,0.2,347.49,565.26,1,1
622.91,0.2,118.16,504.74,1,1
1131.29,0.8,340.14,791.15,4,1
1122.81,0.6,386.78,736.03,3,1
718.56,0.2,176.0,542.56,1,1
529.78,0.0,80.16,449.62,0,1
1004.39,0.8,205.68,798.72,4,1
866.65,0.6,145.76,720.9,3,1
678.26,0.2,120.57,557.69,1,1
620.42,0.0,163.24,457.18,0,1
1008.36,0.6,295.03,713.33,3,1
904.7,0.6,168.68,736.03,3,1
1000.32,0.6,256.73,743.59,3,1
1371.16,1.2,386.54,984.62,6,1
751.76,0.4,116.24,635.51,2,1
914.46,0.4,271.38,643.08,2,1
845.62,0.6,102.03,743.59,3,1
961.13,0.6,225.11,736.03,3,1
562.11,0.0,120.05,442.05,0,1
1308.59,0.8,472.05,836.54,4,1
683.14,0.4,70.32,612.82,2,1
803.14,0.4,175.19,627.95,2,1
927.97,0.6,184.38,743.59,3,1
867.46,0.4,224.38,643.08,2,1
693.61,0.2,128.35,565.26,1,1
1599.3,1.2,584.43,1014.87,6,1
765.03,0.4,144.65,620.38,2,1
550.61,0.0,93.43,457.18,0,1
553.38,0.0,126.46,426.92,0,1
810.51,0.4,175.0,635.51,2,1
535.24,0.0,85.62,449.62,0,1
930.31,0.8,192.11,738.21,4,1
862.55,0.4,196.78,665.77,2,1
1228.3,1.0,419.84,808.46,5,1
1367.06,0.8,553.22,813.85,4,1
599.78,0.2,110.16,489.62,1,1
735.42,0.2,177.73,557.69,1,1
603.43,0.2,68.43,535.0,1,1
770.0,0.4,142.05,627.95,2,1
964.68,0.6,236.22,728.46,3,1
541.45,0.0,91.84,449.62,0,1
724.55,0.4,104.16,620.38,2,1
906.36,0.6,185.46,720.9,3,1
938.81,0.6,195.22,743.59,3,1
1295.54,1.0,373.62,921.92,5,1
1378.87,1.0,464.51,914.36,5,1
612.69,0.0,155.51,457.18,0,1
549.18,0.0,84.43,464.74,0,1
1133.27,0.8,357.24,776.03,4,1
713.69,0.2,156.0,557.69,1,1
513.4,0.0,56.22,457.18,0,1
562.96,0.2,58.22,504.74,1,1
487.51,0.0,53.03,434.49,0,1
624.35,0.2,89.35,535.0,1,1
846.39,0.2,281.14,565.26,1,1
487.85,0.0,76.05,411.79,0,1
697.43,0.2,154.86,542.56,1,1
719.53,0.2,154.27,565.26,1,1
984.21,0.6,240.62,743.59,3,1
850.87,0.4,222.92,627.95,2,1
1201.0,0.8,379.59,821.41,4,1
938.24,0.6,194.65,743.59,3,1
593.59,0.0,151.54,442.05,0,1
887.66,0.2,322.41,565.26,1,1
935.27,0.6,206.81,728.46,3,1
575.15,0.0,102.84,472.31,0,1
636.48,0.0,194.43,442.05,0,1
753.37,0.2,195.68,557.69,1,1
998.72,0.6,240.0,758.72,3,1
701.57,0.4,73.62,627.95,2,1
938.09,0.4,272.32,665.77,2,1
1031.82,0.8,225.54,806.28,4,1
574.04,0.0,116.86,457.18,0,1
646.86,0.2,149.68,497.18,1,1
563.73,0.0,121.68,442.05,0,1
1127.35,0.6,391.32,736.03,3,1
735.81,0.2,193.24,542.56,1,1
557.72,0.0,100.54,457.18,0,1
876.7,0.4,233.62,643.08,2,1
909.37,0.2,351.68,557.69,1,1
1032.92,0.4,404.97,627.95,2,1
445.2,0.0,33.41,411.79,0,1
1083.56,0.6,339.97,743.59,3,1
589.04,0.0,124.3,464.74,0,1
929.63,0.4,309.24,620.38,2,1
533.55,0.2,28.81,504.74,1,1
554.7,0.0,112.65,442.05,0,1
928.94,0.6,177.78,751.15,3,1
903.62,0.4,260.54,643.08,2,1
855.91,0.6,112.32,743.59,3,1
654.21,0.2,96.51,557.69,1,1
799.21,0.4,148.57,650.64,2,1
638.72,0.2,81.03,557.69,1,1
728.56,0.2,170.86,557.69,1,1
565.66,0.0,100.92,464.74,0,1
1072.22,0.4,436.7,635.51,2,1
826.57,0.6,98.11,728.46,3,1
572.67,0.2,30.11,542.56,1,1
780.04,0.4,121.84,658.21,2,1
1736.58,1.8,495.81,1240.77,9,1
803.15,0.2,245.46,557.69,1,1
652.57,0.2,117.57,535.0,1,1
1120.77,0.8,306.92,813.85,4,1
587.61,0.0,122.86,464.74,0,1
951.11,0.6,215.08,736.03,3,1
609.32,0.0,159.7,449.62,0,1
1197.07,1.0,297.84,899.23,5,1
687.09,0.2,121.84,565.26,1,1
902.94,0.6,212.3,690.64,3,1
1151.34,0.8,292.11,859.23,4,1
899.37,0.4,248.73,650.64,2,1
538.85,0.0,74.11,464.74,0,1
593.23,0.0,136.05,457.18,0,1
797.76,0.6,137.38,660.38,3,1
1223.87,0.8,402.46,821.41,4,1
588.04,0.0,130.86,457.18,0,1
833.49,0.6,105.03,728.46,3,1
769.08,0.4,133.57,635.51,2,1
1001.42,0.2,436.16,565.26,1,1
795.84,0.4,167.89,627.95,2,1
671.96,0.2,167.22,504.74,1,1
1132.61,0.8,326.32,806.28,4,1
1416.35,1.2,439.3,977.05,6,1
936.67,0.6,185.51,751.15,3,1
827.66,0.4,161.89,665.77,2,1
719.88,0.2,162.19,557.69,1,1
1279.64,1.2,287.46,992.18,6,1
1054.37,0.8,263.22,791.15,4,1
974.53,0.6,268.76,705.77,3,1
621.55,0.0,156.81,464.74,0,1
555.23,0.0,98.05,457.18,0,1
1219.57,1.0,297.65,921.92,5,1
553.96,0.0,89.22,464.74,0,1
615.07,0.0,150.32,464.74,0,1
894.56,0.6,135.84,758.72,3,1
559.88,0.0,102.7,457.18,0,1
639.52,0.2,112.08,527.44,1,1
1006.73,0.6,278.27,728.46,3,1
991.45,0.6,240.3,751.15,3,1
663.78,0.2,128.78,535.0,1,1
1062.03,0.6,326.0,736.03,3,1
853.08,0.4,210.0,643.08,2,1
1169.26,0.8,362.97,806.28,4,1
954.53,0.4,288.76,665.77,2,1
623.77,0.2,58.51,565.26,1,1
586.23,0.0,121.49,464.74,0,1
1503.86,1.0,559.24,944.62,5,1
968.98,0.8,147.57,821.41,4,1
521.4,0.0,64.22,457.18,0,1
1135.99,0.8,284.32,851.67,4,1
560.04,0.0,87.73,472.31,0,1
740.78,0.2,198.22,542.56,1,1
590.26,0.0,133.08,457.18,0,1
823.69,0.4,165.49,658.21,2,1
809.18,0.2,243.92,565.26,1,1
663.01,0.2,97.76,565.26,1,1
912.11,0.6,176.08,736.03,3,1
1026.03,0.6,290.0,736.03,3,1
838.02,0.4,194.95,643.08,2,1
660.34,0.0,203.16,457.18,0,1
1429.21,0.8,592.68,836.54,4,1
594.14,0.0,114.27,479.87,0,1
1136.62,0.6,400.59,736.03,3,1
572.2,0.0,107.46,464.74,0,1
820.5,0.4,162.3,658.21,2,1
694.34,0.2,129.08,565.26,1,1
748.39,0.2,183.14,565.26,1,1
592.34,0.0,135.16,457.18,0,1
447.2,0.0,35.41,411.79,0,1
759.53,0.4,101.32,658.21,2,1
719.85,0.2,154.59,565.26,1,1
643.88,0.2,78.62,565.26,1,1
1182.67,0.6,439.08,743.59,3,1
959.32,0.4,308.68,650.64,2,1
740.85,0.2,175.59,565.26,1,1
698.45,0.2,140.76,557.69,1,1
598.78,0.2,56.22,542.56,1,1
696.83,0.4,99.14,597.69,2,1
812.82,0.4,147.05,665.77,2,1
792.64,0.4,149.57,643.08,2,1
553.37,0.0,88.62,464.74,0,1
511.36,0.0,92.0,419.36,0,1
730.96,0.2,173.27,557.69,1,1
1073.54,0.6,329.95,743.59,3,1
1081.42,0.8,282.7,798.72,4,1
694.1,0.2,143.97,550.13,1,1
1070.58,0.6,311.86,758.72,3,1
742.58,0.2,184.89,557.69,1,1
667.81,0.2,125.24,542.56,1,1
779.4,0.2,221.7,557.69,1,1
803.83,0.4,153.19,650.64,2,1
642.46,0.2,107.46,535.0,1,1
792.18,0.4,133.97,658.21,2,1
852.03,0.4,216.51,635.51,2,1
784.38,0.4,148.86,635.51,2,1
589.0,0.2,54.0,535.0,1,1
438.5,0.0,26.7,411.79,0,1
650.19,0.2,122.76,527.44,1,1
932.89,0.6,249.81,683.08,3,1
1286.0,1.0,409.46,876.54,5,1
683.87,0.2,156.43,527.44,1,1
735.95,0.4,100.43,635.51,2,1
1448.69,0.8,649.97,798.72,4,1
515.78,0.0,73.73,442.05,0,1
1063.19,0.6,327.16,736.03,3,1
820.6,0.4,207.78,612.82,2,1
863.48,0.4,205.27,658.21,2,1
738.96,0.2,173.7,565.26,1,1
733.31,0.2,168.05,565.26,1,1
1400.24,1.0,516.14,884.1,5,1
1276.64,0.8,424.97,851.67,4,1
866.69,0.4,200.92,665.77,2,1
766.91,0.2,216.78,550.13,1,1
487.01,0.0,67.65,419.36,0,1
453.58,0.0,34.22,419.36,0,1
837.03,0.4,201.51,635.51,2,1
616.48,0.0,166.86,449.62,0,1
886.97,0.6,150.95,736.03,3,1
950.79,0.4,337.97,612.82,2,1
612.08,0.2,69.51,542.56,1,1
666.85,0.4,54.03,612.82,2,1
651.22,0.2,116.22,535.0,1,1
725.1,0.2,167.41,557.69,1,1
706.72,0.2,141.46,565.26,1,1
765.1,0.2,207.41,557.69,1,1
690.12,0.2,124.86,565.26,1,1
568.28,0.0,103.54,464.74,0,1
842.81,0.4,199.73,643.08,2,1
818.96,0.4,206.14,612.82,2,1
900.91,0.4,250.27,650.64,2,1
635.7,0.2,93.14,542.56,1,1
946.5,0.4,280.73,665.77,2,1
596.72,0.0,131.97,464.74,0,1
767.12,0.2,201.86,565.26,1,1
648.9,0.2,121.46,527.44,1,1
570.99,0.2,66.24,504.74,1,1
