"Total_Cost","Ratio_Reloc_Prod","Horiz_Cost","Vert_Cost","nReloc","non_Optimal"
246195.72,0.7387,37430.47,208765.19,1108,79
582.16,0.4,60.11,522.05,2,0
481.21,0.0,84.54,396.67,0,0
674.52,0.4,114.65,559.87,2,0
585.98,0.2,134.19,451.79,1,0
674.14,0.4,99.14,575.0,2,0
605.55,0.2,93.24,512.31,1,0
977.56,1.2,174.49,803.08,6,0
526.33,0.2,59.41,466.92,1,0
688.64,0.4,143.89,544.74,2,1
453.37,0.0,56.7,396.67,0,0
916.46,1.0,153.38,763.08,5,1
601.13,0.2,103.95,497.18,1,1
839.21,0.8,169.08,670.13,4,0
575.85,0.2,63.54,512.31,1,0
633.83,0.4,96.65,537.18,2,0
1174.51,1.6,177.97,996.54,8,0
776.88,0.8,91.62,685.26,4,1
1201.18,1.6,197.08,1004.1,8,0
640.32,0.4,118.27,522.05,2,0
676.41,0.4,116.54,559.87,2,0
457.5,0.0,45.7,411.79,0,0
661.52,0.4,101.65,559.87,2,0
487.42,0.0,90.76,396.67,0,0
902.81,1.0,154.86,747.95,5,0
1013.81,1.2,165.35,848.46,6,0
497.8,0.0,101.14,396.67,0,0
981.07,1.2,162.86,818.21,6,0
881.06,0.8,120.16,760.9,4,1
451.06,0.0,31.7,419.36,0,0
1140.33,1.4,145.97,994.36,7,1
867.97,1.0,97.32,770.64,5,0
817.51,0.8,94.43,723.08,4,1
742.55,0.6,89.73,652.82,3,1
742.68,0.6,127.68,615.0,3,0
764.81,0.6,96.86,667.95,3,0
801.42,0.8,116.16,685.26,4,1
642.94,0.4,105.76,537.18,2,0
807.13,0.6,124.05,683.08,3,1
687.02,0.4,89.32,597.69,2,0
766.49,0.6,98.54,667.95,3,0
858.12,0.8,165.3,692.82,4,1
616.2,0.4,56.32,559.87,2,1
686.08,0.6,63.51,622.56,3,1
767.75,0.6,145.19,622.56,3,0
940.05,1.0,124.03,816.03,5,1
541.45,0.2,36.7,504.74,1,0
884.75,1.0,106.54,778.21,5,0
778.5,0.6,125.68,652.82,3,1
1159.35,1.6,155.24,1004.1,8,0
873.75,0.8,150.68,723.08,4,0
662.5,0.4,117.76,544.74,2,0
739.85,0.6,87.03,652.82,3,0
1101.32,1.4,197.73,903.59,7,0
813.51,0.6,122.86,690.64,3,1
683.84,0.4,123.97,559.87,2,0
917.22,1.0,108.76,808.46,5,0
810.53,0.6,165.27,645.26,3,0
1347.54,1.8,258.05,1089.49,9,0
492.6,0.0,73.24,419.36,0,0
979.28,1.0,193.51,785.77,5,1
492.56,0.0,50.51,442.05,0,0
1182.11,1.4,233.14,948.97,7,0
930.49,1.0,122.03,808.46,5,0
989.12,1.2,155.78,833.33,6,0
751.08,0.6,83.14,667.95,3,0
931.07,1.0,152.86,778.21,5,0
1039.39,1.2,160.68,878.72,6,0
446.62,0.0,57.51,389.1,0,0
747.44,0.6,94.62,652.82,3,0
978.21,1.0,162.19,816.03,5,1
735.86,0.6,120.86,615.0,3,0
676.18,0.4,139.0,537.18,2,1
448.77,0.0,52.11,396.67,0,0
833.85,0.8,95.65,738.21,4,0
1267.52,1.8,185.59,1081.92,9,0
749.43,0.4,174.43,575.0,2,0
1007.78,1.2,144.19,863.59,6,0
808.56,0.8,130.86,677.69,4,0
1293.79,1.8,211.86,1081.92,9,0
495.18,0.0,90.95,404.23,0,0
736.18,0.6,106.05,630.13,3,0
695.97,0.4,120.97,575.0,2,0
897.26,1.0,119.05,778.21,5,0
610.78,0.2,121.16,489.62,1,0
851.6,0.8,158.78,692.82,4,1
1316.31,1.6,244.14,1072.18,8,0
954.5,1.0,176.3,778.21,5,1
1039.81,1.2,123.27,916.54,6,0
850.68,0.8,97.35,753.33,4,1
856.26,0.6,218.57,637.69,3,1
709.92,0.4,142.49,567.44,2,0
732.89,0.6,110.32,622.56,3,1
813.25,0.6,145.3,667.95,3,1
995.48,1.0,171.89,823.59,5,0
729.79,0.4,116.97,612.82,2,0
666.53,0.4,76.41,590.13,2,1
644.79,0.4,84.92,559.87,2,0
604.23,0.2,107.05,497.18,1,0
678.92,0.4,96.35,582.56,2,0
1155.76,1.4,146.27,1009.49,7,1
767.82,0.6,107.43,660.38,3,0
1143.98,1.4,210.14,933.85,7,1
1090.18,1.4,118.51,971.67,7,0
764.12,0.6,118.86,645.26,3,1
877.5,1.0,91.73,785.77,5,0
925.11,1.0,116.65,808.46,5,0
986.55,1.0,193.22,793.33,5,0
1014.65,1.2,113.24,901.41,6,1
1088.54,1.4,139.57,948.97,7,1
793.71,0.6,193.84,599.87,3,0
855.04,0.8,169.78,685.26,4,0
871.8,0.8,141.16,730.64,4,0
718.18,0.6,72.92,645.26,3,0
780.66,0.6,67.32,713.33,3,0
942.87,1.0,141.97,800.9,5,0
839.03,0.8,131.08,707.95,4,0
1202.56,1.6,190.89,1011.67,8,0
731.79,0.6,124.35,607.44,3,0
1055.12,1.2,161.27,893.85,6,1
1172.87,1.4,239.03,933.85,7,0
641.36,0.4,89.05,552.31,2,0
594.98,0.4,35.11,559.87,2,0
729.88,0.6,99.76,630.13,3,1
788.24,0.8,72.73,715.51,4,0
457.06,0.0,37.7,419.36,0,0
1094.21,1.4,122.54,971.67,7,1
905.31,0.8,159.54,745.77,4,0
948.99,1.0,117.84,831.15,5,0
1232.26,1.6,213.03,1019.23,8,0
844.5,0.8,98.73,745.77,4,1
764.58,0.6,111.76,652.82,3,0
637.68,0.4,70.24,567.44,2,0
716.19,0.6,93.62,622.56,3,0
943.89,1.0,127.86,816.03,5,1
801.03,0.8,85.51,715.51,4,0
621.44,0.4,69.14,552.31,2,0
977.23,1.0,199.03,778.21,5,1
928.29,1.0,150.08,778.21,5,1
631.12,0.4,78.81,552.31,2,0
1151.83,1.6,140.16,1011.67,8,0
940.75,1.0,117.16,823.59,5,1
726.16,0.6,111.16,615.0,3,1
1315.36,1.8,241.0,1074.36,9,0
446.45,0.0,42.22,404.23,0,0
568.4,0.2,86.35,482.05,1,0
992.36,1.2,151.46,840.9,6,0
727.16,0.6,59.22,667.95,3,1
1356.09,1.8,236.35,1119.74,9,1
610.5,0.4,73.32,537.18,2,0
598.87,0.2,124.38,474.49,1,0
1058.56,1.2,247.92,810.64,6,0
1039.3,1.2,198.41,840.9,6,0
647.17,0.4,79.73,567.44,2,0
835.71,0.8,142.89,692.82,4,0
746.64,0.6,108.95,637.69,3,0
907.58,1.0,114.24,793.33,5,0
789.55,0.6,76.22,713.33,3,0
570.05,0.2,80.43,489.62,1,0
540.97,0.2,58.92,482.05,1,0
836.88,0.8,106.24,730.64,4,0
704.34,0.4,106.65,597.69,2,0
682.09,0.4,129.78,552.31,2,0
1243.56,1.6,224.32,1019.23,8,0
840.08,0.8,124.57,715.51,4,1
758.44,0.6,98.05,660.38,3,0
1267.41,1.8,132.54,1134.87,9,1
1032.42,1.2,161.27,871.15,6,1
790.97,0.6,100.32,690.64,3,1
1062.86,1.2,206.84,856.03,6,0
574.42,0.2,77.24,497.18,1,0
1052.13,1.2,120.46,931.67,6,0
1272.54,1.6,230.62,1041.92,8,0
676.84,0.4,101.84,575.0,2,0
1224.45,1.4,260.35,964.1,7,0
754.25,0.4,201.95,552.31,2,1
888.55,0.8,195.73,692.82,4,0
724.88,0.6,79.62,645.26,3,0
470.49,0.0,36.0,434.49,0,0
863.18,0.8,124.97,738.21,4,0
489.98,0.0,70.62,419.36,0,0
683.98,0.4,116.54,567.44,2,0
1063.85,1.2,177.57,886.28,6,0
906.97,1.0,151.46,755.51,5,0
1240.27,1.6,243.73,996.54,8,0
1193.9,1.6,151.97,1041.92,8,0
728.53,0.4,191.35,537.18,2,1
776.84,0.6,116.46,660.38,3,0
775.02,0.4,192.46,582.56,2,1
465.46,0.0,23.41,442.05,0,0
586.54,0.2,59.11,527.44,1,0
959.67,1.0,136.08,823.59,5,1
1070.78,1.2,199.62,871.15,6,0
1351.49,1.8,216.62,1134.87,9,0
730.92,0.6,55.41,675.51,3,0
1034.9,1.0,241.57,793.33,5,1
877.05,0.8,153.97,723.08,4,0
985.05,1.0,229.54,755.51,5,0
765.06,0.6,112.24,652.82,3,1
700.83,0.6,70.7,630.13,3,0
847.97,0.8,117.32,730.64,4,0
667.47,0.4,115.16,552.31,2,0
808.93,0.6,156.11,652.82,3,0
760.42,0.6,62.22,698.21,3,1
792.59,0.8,69.51,723.08,4,0
1221.02,1.6,163.97,1057.05,8,1
803.17,0.8,110.35,692.82,4,1
738.72,0.6,101.03,637.69,3,0
582.99,0.2,78.24,504.74,1,0
1265.06,1.6,223.14,1041.92,8,1
486.08,0.0,96.97,389.1,0,0
728.58,0.6,83.32,645.26,3,0
1070.46,1.4,129.05,941.41,7,0
1082.25,1.4,140.84,941.41,7,0
940.94,1.0,117.35,823.59,5,0
494.87,0.0,75.51,419.36,0,0
753.85,0.6,116.16,637.69,3,1
705.66,0.6,113.35,592.31,3,0
442.02,0.0,52.92,389.1,0,0
857.44,0.8,149.49,707.95,4,0
557.29,0.2,75.24,482.05,1,0
705.67,0.6,83.11,622.56,3,0
1012.53,1.0,173.81,838.72,5,1
594.07,0.2,104.46,489.62,1,0
764.51,0.6,134.38,630.13,3,1
793.98,0.6,126.03,667.95,3,1
508.73,0.2,41.81,466.92,1,0
880.21,0.8,142.0,738.21,4,0
722.45,0.6,92.32,630.13,3,0
965.81,1.2,117.35,848.46,6,1
854.98,0.8,154.59,700.38,4,0
744.16,0.6,76.22,667.95,3,1
1027.13,1.2,155.97,871.15,6,1
763.34,0.6,125.65,637.69,3,0
671.12,0.4,111.24,559.87,2,0
836.57,0.8,121.05,715.51,4,0
866.47,0.8,113.14,753.33,4,0
723.27,0.6,115.84,607.44,3,0
928.11,1.0,119.65,808.46,5,0
773.02,0.6,142.89,630.13,3,0
449.03,0.0,22.11,426.92,0,0
871.36,0.8,110.46,760.9,4,0
983.1,0.8,252.46,730.64,4,1
560.31,0.2,63.14,497.18,1,0
659.26,0.4,69.14,590.13,2,0
1230.64,1.6,218.97,1011.67,8,1
797.15,0.6,151.89,645.26,3,0
1034.45,1.2,110.35,924.1,6,1
675.59,0.4,93.03,582.56,2,0
1417.86,2.0,265.68,1152.18,10,0
653.12,0.4,93.24,559.87,2,1
643.83,0.4,53.7,590.13,2,0
626.81,0.4,51.81,575.0,2,0
916.27,1.0,100.24,816.03,5,0
903.9,1.0,110.57,793.33,5,0
735.5,0.6,90.24,645.26,3,0
888.5,1.0,102.73,785.77,5,0
563.47,0.2,58.73,504.74,1,0
589.4,0.2,107.35,482.05,1,0
995.03,1.2,93.62,901.41,6,1
1235.98,1.6,201.62,1034.36,8,0
1250.01,1.6,223.22,1026.79,8,0
896.57,0.8,135.68,760.9,4,1
1283.4,1.8,178.78,1104.62,9,0
867.12,0.8,121.35,745.77,4,1
1050.78,1.0,234.76,816.03,5,0
459.36,0.0,40.0,419.36,0,0
757.13,0.6,134.57,622.56,3,1
898.53,1.0,120.32,778.21,5,0
718.45,0.6,88.32,630.13,3,0
635.37,0.2,138.19,497.18,1,1
649.49,0.4,89.62,559.87,2,1
653.55,0.4,101.24,552.31,2,0
576.64,0.2,87.03,489.62,1,0
980.01,1.2,154.24,825.77,6,0
771.34,0.6,133.65,637.69,3,1
1029.2,1.2,150.49,878.72,6,0
793.31,0.6,140.49,652.82,3,0
1037.2,1.2,143.35,893.85,6,1
953.35,1.0,129.76,823.59,5,0
1128.82,1.4,134.46,994.36,7,0
894.61,1.0,108.84,785.77,5,0
692.3,0.6,92.43,599.87,3,0
595.53,0.2,98.35,497.18,1,0
478.06,0.0,51.14,426.92,0,0
733.82,0.6,73.43,660.38,3,0
742.62,0.6,120.05,622.56,3,0
832.37,0.6,134.16,698.21,3,1
750.67,0.6,112.97,637.69,3,0
468.35,0.0,79.24,389.1,0,0
826.15,0.6,180.89,645.26,3,0
1024.18,1.2,145.46,878.72,6,1
1161.56,1.6,142.32,1019.23,8,0
564.95,0.0,145.59,419.36,0,1
689.7,0.4,107.14,582.56,2,0
611.19,0.2,136.7,474.49,1,0
845.43,0.8,122.35,723.08,4,0
875.25,0.8,167.3,707.95,4,0
743.56,0.6,105.86,637.69,3,0
582.9,0.2,63.03,519.87,1,0
560.52,0.2,101.16,459.36,1,1
