"Total_Cost","Ratio_Reloc_Prod","Horiz_Cost","Vert_Cost","nReloc","non_Optimal"
289102.82,0.78,76866.7,212236.01,1170,227
698.57,0.6,91.14,607.44,3,1
875.67,1.0,120.16,755.51,5,1
863.34,1.0,145.65,717.69,5,1
783.67,0.6,161.11,622.56,3,1
549.07,0.2,97.27,451.79,1,0
787.58,0.6,134.76,652.82,3,1
835.1,0.6,197.41,637.69,3,1
650.07,0.4,105.32,544.74,2,0
1621.73,1.0,805.7,816.03,5,1
741.52,0.4,174.08,567.44,2,0
1152.88,1.4,226.59,926.28,7,1
838.45,0.8,160.76,677.69,4,1
903.52,1.0,170.7,732.82,5,1
1034.4,1.0,271.32,763.08,5,1
490.35,0.0,101.24,389.1,0,0
756.1,0.6,125.97,630.13,3,1
615.78,0.4,93.73,522.05,2,0
764.97,0.4,189.97,575.0,2,0
1015.03,1.2,166.57,848.46,6,1
596.74,0.2,84.43,512.31,1,0
1518.23,1.8,466.57,1051.67,9,1
1098.47,1.4,179.76,918.72,7,1
1771.96,1.0,940.81,831.15,5,1
725.22,0.6,125.35,599.87,3,1
758.47,0.6,113.22,645.26,3,1
693.07,0.6,108.32,584.74,3,0
1031.56,1.2,167.97,863.59,6,1
884.66,0.8,199.41,685.26,4,1
746.9,0.6,139.46,607.44,3,1
921.69,1.0,188.86,732.82,5,0
826.93,0.6,181.68,645.26,3,1
700.61,0.4,155.86,544.74,2,0
781.58,0.8,96.32,685.26,4,1
1447.64,0.8,717.0,730.64,4,1
680.14,0.4,120.27,559.87,2,0
1347.54,1.6,351.0,996.54,8,1
710.94,0.4,173.76,537.18,2,1
913.32,0.6,298.32,615.0,3,1
949.74,0.6,296.92,652.82,3,1
562.67,0.2,80.62,482.05,1,0
1052.06,1.0,251.16,800.9,5,1
772.43,0.6,149.86,622.56,3,1
583.75,0.2,94.14,489.62,1,1
580.73,0.2,106.24,474.49,1,0
764.63,0.6,104.24,660.38,3,0
629.33,0.2,109.46,519.87,1,0
1171.7,1.4,222.73,948.97,7,1
689.11,0.4,121.68,567.44,2,0
1614.5,0.8,808.22,806.28,4,1
728.98,0.6,136.68,592.31,3,1
675.22,0.4,115.35,559.87,2,0
789.36,0.6,136.54,652.82,3,1
1536.59,1.6,479.54,1057.05,8,1
785.82,0.6,140.57,645.26,3,1
612.92,0.2,130.86,482.05,1,0
645.2,0.4,85.32,559.87,2,1
1023.38,1.2,167.35,856.03,6,1
1629.54,1.0,821.08,808.46,5,1
607.4,0.2,125.35,482.05,1,1
1067.04,1.2,233.7,833.33,6,1
838.98,0.8,146.16,692.82,4,1
613.62,0.2,131.57,482.05,1,0
1108.91,1.4,190.19,918.72,7,1
514.87,0.0,87.95,426.92,0,0
1702.04,1.0,848.19,853.85,5,1
837.69,0.8,144.86,692.82,4,1
1681.78,0.8,966.27,715.51,4,1
1639.72,1.0,755.62,884.1,5,1
736.7,0.6,114.14,622.56,3,1
850.79,0.8,157.97,692.82,4,1
749.24,0.6,126.68,622.56,3,1
835.71,0.8,127.76,707.95,4,1
689.86,0.4,114.86,575.0,2,1
457.42,0.0,45.62,411.79,0,0
966.3,0.8,250.78,715.51,4,1
890.36,0.8,189.97,700.38,4,1
581.19,0.2,99.14,482.05,1,0
1218.43,1.6,221.89,996.54,8,1
1912.19,1.0,1050.78,861.41,5,1
975.48,1.0,212.41,763.08,5,1
665.56,0.4,135.95,529.62,2,1
527.28,0.0,115.49,411.79,0,1
876.58,0.8,123.24,753.33,4,1
1114.4,1.4,203.24,911.15,7,1
1288.24,1.6,299.27,988.97,8,1
845.48,0.6,207.78,637.69,3,1
1357.92,1.4,416.51,941.41,7,1
1007.98,1.2,167.08,840.9,6,0
774.89,0.6,106.95,667.95,3,1
1110.81,1.2,262.35,848.46,6,1
700.83,0.4,118.27,582.56,2,1
699.3,0.4,131.86,567.44,2,1
836.02,0.6,213.46,622.56,3,1
1015.33,1.0,214.43,800.9,5,1
1153.09,0.4,540.27,612.82,2,1
803.63,0.6,158.38,645.26,3,1
1092.12,1.4,158.27,933.85,7,1
976.42,1.2,158.22,818.21,6,1
590.51,0.2,108.46,482.05,1,0
965.19,1.0,202.11,763.08,5,1
602.14,0.2,142.78,459.36,1,0
1248.91,1.4,330.19,918.72,7,1
759.92,0.6,152.49,607.44,3,1
680.05,0.4,105.05,575.0,2,1
1084.05,1.2,228.03,856.03,6,1
826.55,0.8,126.16,700.38,4,0
984.99,1.0,206.78,778.21,5,1
849.78,0.6,227.22,622.56,3,1
1000.25,1.0,206.92,793.33,5,1
2263.38,1.8,999.92,1263.46,9,1
544.56,0.0,147.89,396.67,0,1
910.2,1.0,124.43,785.77,5,1
1941.24,1.4,916.62,1024.62,7,1
1692.37,1.0,868.78,823.59,5,1
1293.52,1.4,352.11,941.41,7,1
1046.64,1.0,268.43,778.21,5,1
1030.8,1.2,159.65,871.15,6,1
721.0,0.6,98.43,622.56,3,1
1035.04,1.2,148.76,886.28,6,1
484.82,0.0,73.03,411.79,0,0
424.51,0.0,35.41,389.1,0,0
1702.67,1.0,811.0,891.67,5,1
745.31,0.6,100.05,645.26,3,1
544.02,0.2,54.41,489.62,1,1
700.72,0.4,155.97,544.74,2,1
982.23,1.0,188.89,793.33,5,1
1612.36,1.0,758.51,853.85,5,1
1260.67,0.4,678.11,582.56,2,1
979.62,1.0,216.54,763.08,5,1
884.68,1.0,136.73,747.95,5,1
1653.34,1.6,634.11,1019.23,8,1
780.52,0.6,120.14,660.38,3,1
480.66,0.0,76.43,404.23,0,0
639.26,0.2,142.08,497.18,1,0
491.47,0.0,72.11,419.36,0,0
1050.82,1.0,265.05,785.77,5,1
1846.4,1.4,821.78,1024.62,7,1
1037.14,1.2,188.68,848.46,6,1
728.85,0.6,136.54,592.31,3,0
1584.19,1.2,667.65,916.54,6,1
653.21,0.4,116.03,537.18,2,0
636.7,0.4,114.65,522.05,2,0
1606.9,1.4,680.62,926.28,7,1
1878.95,1.6,784.08,1094.87,8,1
1204.97,1.6,216.0,988.97,8,1
859.28,0.8,166.46,692.82,4,1
1356.42,0.8,618.22,738.21,4,1
1011.91,1.0,233.7,778.21,5,1
905.31,1.0,119.54,785.77,5,1
466.44,0.0,39.51,426.92,0,0
1107.22,1.4,173.38,933.85,7,1
1043.06,1.2,149.22,893.85,6,1
475.79,0.0,64.0,411.79,0,0
1403.53,0.8,672.89,730.64,4,1
483.42,0.0,86.76,396.67,0,0
1017.48,1.0,239.27,778.21,5,1
870.22,0.6,255.22,615.0,3,1
665.92,0.4,83.35,582.56,2,1
534.9,0.0,115.54,419.36,0,0
733.09,0.6,87.84,645.26,3,1
1249.62,1.4,285.51,964.1,7,1
1149.57,1.4,200.59,948.97,7,1
780.5,0.6,188.19,592.31,3,1
1833.36,1.2,931.95,901.41,6,1
981.37,0.8,311.24,670.13,4,1
1399.97,1.8,242.41,1157.56,9,1
1179.47,1.4,260.76,918.72,7,1
843.93,0.8,158.68,685.26,4,0
782.75,0.6,145.05,637.69,3,1
722.47,0.6,77.22,645.26,3,1
1020.97,1.2,157.38,863.59,6,1
557.66,0.2,105.86,451.79,1,1
1147.44,1.4,221.16,926.28,7,1
1016.03,1.2,175.14,840.9,6,1
676.04,0.4,138.86,537.18,2,1
741.71,0.6,81.32,660.38,3,1
893.14,0.8,200.32,692.82,4,1
833.61,0.6,195.92,637.69,3,1
935.39,1.0,142.05,793.33,5,1
925.24,1.0,101.65,823.59,5,1
1107.25,0.4,486.86,620.38,2,1
1104.63,1.2,218.35,886.28,6,1
1001.51,1.0,230.86,770.64,5,1
2388.74,1.4,1333.86,1054.87,7,1
910.85,1.0,132.65,778.21,5,1
747.12,0.6,109.43,637.69,3,0
478.77,0.0,82.11,396.67,0,0
1356.22,1.6,306.73,1049.49,8,1
852.19,0.8,144.24,707.95,4,1
1964.56,1.2,979.95,984.62,6,1
872.87,0.8,172.49,700.38,4,1
838.79,0.8,145.97,692.82,4,1
1460.26,0.8,661.54,798.72,4,1
868.45,0.6,238.32,630.13,3,1
1188.76,1.2,347.86,840.9,6,1
595.73,0.2,121.24,474.49,1,0
2119.04,2.4,705.32,1413.72,12,1
1403.63,0.8,650.3,753.33,4,1
599.44,0.2,140.08,459.36,1,1
773.13,0.6,150.57,622.56,3,1
1301.02,1.6,289.35,1011.67,8,1
659.8,0.4,115.05,544.74,2,1
852.23,0.8,166.97,685.26,4,1
1548.81,1.8,459.32,1089.49,9,1
634.28,0.2,182.49,451.79,1,0
632.96,0.4,80.65,552.31,2,0
733.91,0.6,88.65,645.26,3,0
831.52,0.8,131.14,700.38,4,1
864.86,0.8,141.78,723.08,4,1
775.39,0.6,122.57,652.82,3,1
1687.35,1.8,529.78,1157.56,9,1
1249.16,1.2,393.14,856.03,6,1
582.54,0.2,108.05,474.49,1,1
750.03,0.4,182.59,567.44,2,1
938.69,1.0,160.49,778.21,5,1
663.37,0.2,158.62,504.74,1,1
825.84,0.8,125.46,700.38,4,1
470.66,0.0,66.43,404.23,0,0
678.34,0.4,88.22,590.13,2,1
715.53,0.4,170.78,544.74,2,0
2078.43,1.6,953.3,1125.13,8,1
453.32,0.0,64.22,389.1,0,0
1260.64,1.6,256.54,1004.1,8,1
995.11,1.0,239.59,755.51,5,1
602.09,0.2,135.16,466.92,1,0
1405.12,1.6,378.32,1026.79,8,1
1184.98,1.6,203.57,981.41,8,1
1186.37,1.2,368.16,818.21,6,1
1188.96,1.2,302.68,886.28,6,1
1332.19,1.6,335.65,996.54,8,1
663.2,0.4,118.46,544.74,2,1
1091.36,1.2,197.51,893.85,6,1
837.21,0.8,114.14,723.08,4,0
513.09,0.0,93.73,419.36,0,0
1728.03,1.2,826.62,901.41,6,1
504.3,0.0,84.95,419.36,0,0
1867.6,1.4,865.68,1001.92,7,1
509.75,0.0,113.08,396.67,0,0
463.98,0.0,44.62,419.36,0,0
1171.28,1.4,245.0,926.28,7,1
1043.66,1.2,164.95,878.72,6,1
694.93,0.6,95.05,599.87,3,0
756.8,0.6,111.54,645.26,3,1
2024.77,1.4,985.03,1039.74,7,1
785.56,0.6,147.86,637.69,3,0
619.57,0.2,145.08,474.49,1,0
1129.34,1.4,218.19,911.15,7,1
922.62,1.0,114.16,808.46,5,1
600.9,0.2,133.97,466.92,1,0
631.04,0.4,78.73,552.31,2,1
934.72,1.0,209.46,725.26,5,0
503.49,0.0,84.14,419.36,0,0
681.82,0.4,137.08,544.74,2,0
664.23,0.4,111.92,552.31,2,1
1082.18,1.2,218.59,863.59,6,1
1456.6,1.2,555.19,901.41,6,1
734.21,0.6,111.65,622.56,3,1
826.72,0.8,141.46,685.26,4,0
1590.44,1.0,729.03,861.41,5,1
1612.49,1.2,711.08,901.41,6,1
694.44,0.4,134.57,559.87,2,1
857.65,0.8,157.27,700.38,4,1
631.36,0.2,119.05,512.31,1,0
1047.06,1.2,198.59,848.46,6,1
675.47,0.4,123.16,552.31,2,1
941.63,1.0,155.86,785.77,5,1
1928.12,1.2,981.32,946.79,6,1
1575.35,0.8,867.41,707.95,4,1
1686.68,1.2,777.7,908.97,6,1
1174.03,0.8,466.08,707.95,4,1
611.25,0.2,151.89,459.36,1,0
484.26,0.0,80.03,404.23,0,0
934.33,0.8,233.95,700.38,4,1
635.65,0.2,153.59,482.05,1,0
801.09,0.6,148.27,652.82,3,1
726.37,0.4,189.19,537.18,2,1
1527.44,2.0,345.0,1182.44,10,1
1126.62,1.4,170.08,956.54,7,1
1718.75,1.2,787.08,931.67,6,1
829.64,0.6,252.46,577.18,3,1
680.14,0.2,205.65,474.49,1,1
969.64,1.0,199.0,770.64,5,1
463.04,0.0,58.81,404.23,0,0
918.55,0.8,218.16,700.38,4,1
897.51,1.0,134.43,763.08,5,1
765.39,0.6,120.14,645.26,3,0
933.91,0.8,195.7,738.21,4,1
615.76,0.2,141.27,474.49,1,0
695.58,0.4,143.27,552.31,2,1
807.69,0.6,154.86,652.82,3,1
1152.09,1.2,250.68,901.41,6,1
456.71,0.0,44.92,411.79,0,0
484.39,0.0,65.03,419.36,0,0
1428.28,2.0,200.46,1227.82,10,1
1087.55,1.0,286.65,800.9,5,0
1172.11,1.6,175.57,996.54,8,1
493.04,0.0,88.81,404.23,0,0
589.82,0.2,130.46,459.36,1,1
652.48,0.4,69.92,582.56,2,1
1347.58,1.2,453.73,893.85,6,1
