"Total_Cost","Ratio_Reloc_Prod","Horiz_Cost","Vert_Cost","nReloc","non_Optimal"
237772.46,0.4633,46541.02,191231.61,695,208
635.25,0.2,62.43,572.82,1,0
588.24,0.0,93.24,495.0,0,0
755.03,0.4,134.65,620.38,2,1
692.59,0.4,49.51,643.08,2,1
601.6,0.0,114.16,487.44,0,0
717.76,0.4,89.81,627.95,2,1
613.88,0.2,48.62,565.26,1,0
806.87,0.6,93.54,713.33,3,1
1164.83,1.4,132.65,1032.18,7,1
1042.42,0.6,351.78,690.64,3,1
1276.79,1.4,274.86,1001.92,7,1
1106.26,1.2,182.16,924.1,6,1
514.55,0.0,49.81,464.74,0,0
868.76,0.4,233.24,635.51,2,1
721.38,0.4,93.43,627.95,2,1
521.52,0.0,49.22,472.31,0,0
1303.64,0.8,580.57,723.08,4,1
1377.19,0.8,616.3,760.9,4,1
783.47,0.6,77.7,705.77,3,1
978.65,0.8,217.76,760.9,4,1
799.95,0.4,172.0,627.95,2,1
776.39,0.6,123.57,652.82,3,1
815.76,0.6,79.73,736.03,3,1
547.99,0.0,83.24,464.74,0,0
786.32,0.4,135.68,650.64,2,1
1004.48,1.0,127.95,876.54,5,1
903.75,0.6,205.54,698.21,3,1
779.41,0.4,159.03,620.38,2,0
650.54,0.2,107.97,542.56,1,0
618.46,0.2,91.03,527.44,1,1
530.37,0.0,65.62,464.74,0,0
802.7,0.6,112.05,690.64,3,1
1688.93,0.6,1028.54,660.38,3,1
1217.62,0.8,441.59,776.03,4,1
544.25,0.0,71.95,472.31,0,0
1431.42,0.8,693.22,738.21,4,1
543.61,0.0,86.43,457.18,0,0
813.03,0.6,145.08,667.95,3,1
674.54,0.2,147.11,527.44,1,0
691.73,0.4,109.16,582.56,2,1
584.81,0.2,49.81,535.0,1,0
686.14,0.2,158.7,527.44,1,1
474.75,0.0,32.7,442.05,0,0
910.7,0.6,174.68,736.03,3,1
763.65,0.4,143.27,620.38,2,1
727.91,0.4,84.84,643.08,2,1
1050.3,1.0,135.95,914.36,5,1
685.76,0.4,57.81,627.95,2,0
517.1,0.0,59.92,457.18,0,0
681.39,0.2,161.51,519.87,1,1
998.97,0.4,355.89,643.08,2,1
613.81,0.2,71.24,542.56,1,0
807.75,0.6,109.54,698.21,3,1
708.0,0.4,80.05,627.95,2,1
682.05,0.2,139.49,542.56,1,1
988.98,0.8,182.7,806.28,4,0
515.03,0.0,95.68,419.36,0,1
577.47,0.2,72.73,504.74,1,0
887.32,0.8,103.73,783.59,4,1
693.99,0.4,88.73,605.26,2,1
790.89,0.6,115.38,675.51,3,1
925.49,0.8,111.65,813.85,4,1
653.99,0.2,103.86,550.13,1,1
674.55,0.2,101.73,572.82,1,1
699.53,0.2,134.27,565.26,1,0
905.1,0.6,153.95,751.15,3,1
718.2,0.6,57.81,660.38,3,1
781.23,0.6,83.03,698.21,3,1
505.89,0.0,63.84,442.05,0,1
758.71,0.4,130.76,627.95,2,1
669.16,0.4,94.16,575.0,2,0
878.37,0.6,187.73,690.64,3,1
952.51,0.8,168.92,783.59,4,1
641.81,0.2,99.24,542.56,1,0
575.92,0.0,133.86,442.05,0,0
484.86,0.0,42.81,442.05,0,0
728.28,0.4,115.46,612.82,2,0
845.81,0.4,263.24,582.56,2,1
709.09,0.4,103.84,605.26,2,0
753.65,0.4,133.27,620.38,2,1
1725.69,1.0,886.97,838.72,5,1
735.93,0.6,75.54,660.38,3,0
490.53,0.0,40.92,449.62,0,0
580.88,0.0,108.57,472.31,0,0
978.25,0.8,270.3,707.95,4,0
631.77,0.2,119.46,512.31,1,1
1010.06,1.0,148.65,861.41,5,1
585.46,0.2,58.03,527.44,1,1
601.14,0.2,73.7,527.44,1,0
1250.21,1.0,426.62,823.59,5,1
999.4,1.0,122.86,876.54,5,1
627.05,0.2,76.92,550.13,1,0
821.24,0.6,85.22,736.03,3,1
1077.75,1.0,201.22,876.54,5,1
635.36,0.2,70.11,565.26,1,0
860.89,0.6,124.86,736.03,3,1
585.22,0.2,50.22,535.0,1,1
1264.02,1.4,246.97,1017.05,7,1
557.13,0.0,99.95,457.18,0,0
575.63,0.0,95.76,479.87,0,1
520.16,0.0,70.54,449.62,0,0
816.58,0.8,70.81,745.77,4,1
619.99,0.2,54.73,565.26,1,1
606.22,0.2,71.22,535.0,1,1
759.67,0.4,109.03,650.64,2,0
734.95,0.4,114.57,620.38,2,1
669.64,0.4,71.95,597.69,2,0
1112.41,0.8,351.51,760.9,4,1
616.41,0.4,41.41,575.0,2,0
678.6,0.4,58.22,620.38,2,0
940.26,0.6,189.11,751.15,3,1
624.77,0.2,59.51,565.26,1,1
677.01,0.2,111.76,565.26,1,1
671.5,0.2,106.24,565.26,1,1
634.47,0.2,69.22,565.26,1,0
796.64,0.6,113.57,683.08,3,1
532.72,0.0,75.54,457.18,0,1
824.76,0.6,156.81,667.95,3,0
1268.91,0.6,638.78,630.13,3,1
1036.9,0.4,477.03,559.87,2,1
707.35,0.4,71.84,635.51,2,0
514.29,0.0,72.24,442.05,0,1
750.68,0.4,130.3,620.38,2,1
935.3,0.8,159.27,776.03,4,1
888.13,0.8,157.49,730.64,4,1
1050.21,1.0,173.68,876.54,5,1
667.58,0.4,62.32,605.26,2,1
565.09,0.0,100.35,464.74,0,1
485.84,0.0,58.92,426.92,0,1
862.12,0.6,148.78,713.33,3,1
892.89,1.0,84.43,808.46,5,1
572.36,0.0,100.05,472.31,0,1
659.09,0.2,93.84,565.26,1,1
661.7,0.2,111.57,550.13,1,1
815.96,0.6,117.76,698.21,3,1
909.69,0.8,118.54,791.15,4,1
1369.92,0.8,661.97,707.95,4,1
1491.31,1.6,419.14,1072.18,8,1
628.11,0.4,53.11,575.0,2,0
1267.63,1.4,273.27,994.36,7,1
990.28,0.8,184.0,806.28,4,0
610.73,0.2,75.73,535.0,1,1
702.26,0.2,144.57,557.69,1,1
584.17,0.0,96.73,487.44,0,1
515.52,0.0,96.16,419.36,0,0
810.62,0.6,142.68,667.95,3,0
1046.82,1.0,185.41,861.41,5,1
591.49,0.2,71.62,519.87,1,0
744.62,0.4,101.54,643.08,2,1
486.86,0.0,44.81,442.05,0,0
651.1,0.4,53.41,597.69,2,1
729.81,0.2,141.86,587.95,1,1
694.88,0.2,137.19,557.69,1,0
908.21,1.0,137.57,770.64,5,1
664.25,0.2,91.43,572.82,1,0
536.75,0.2,54.7,482.05,1,1
508.3,0.2,33.81,474.49,1,0
720.03,0.4,99.65,620.38,2,1
837.48,0.6,154.41,683.08,3,1
678.34,0.4,80.65,597.69,2,0
757.31,0.4,91.54,665.77,2,0
612.09,0.0,139.78,472.31,0,0
581.82,0.2,69.51,512.31,1,1
545.13,0.0,87.95,457.18,0,0
736.31,0.4,78.11,658.21,2,1
766.82,0.4,101.05,665.77,2,1
689.42,0.2,124.16,565.26,1,0
761.43,0.4,118.35,643.08,2,1
813.57,0.6,153.19,660.38,3,1
458.06,0.0,38.7,419.36,0,0
598.57,0.4,38.7,559.87,2,1
874.61,0.6,176.41,698.21,3,1
485.25,0.0,58.32,426.92,0,1
517.35,0.0,67.73,449.62,0,1
968.13,0.8,192.11,776.03,4,1
747.88,0.4,97.24,650.64,2,1
510.75,0.0,61.14,449.62,0,0
620.8,0.2,63.11,557.69,1,0
524.1,0.0,66.92,457.18,0,1
1061.27,0.8,292.81,768.46,4,1
892.15,0.8,146.38,745.77,4,1
776.79,0.6,108.84,667.95,3,1
472.89,0.0,38.41,434.49,0,0
768.6,0.6,100.65,667.95,3,1
652.8,0.2,87.54,565.26,1,0
522.62,0.0,88.14,434.49,0,1
779.56,0.4,121.35,658.21,2,0
687.16,0.4,97.03,590.13,2,0
845.72,0.8,99.95,745.77,4,1
873.71,0.6,160.38,713.33,3,1
578.77,0.2,74.03,504.74,1,1
988.74,1.0,142.46,846.28,5,1
760.78,0.6,77.7,683.08,3,0
572.83,0.0,115.65,457.18,0,0
1406.91,1.0,628.7,778.21,5,1
525.96,0.0,61.22,464.74,0,1
847.32,0.6,103.73,743.59,3,1
728.7,0.4,153.7,575.0,2,0
735.16,0.6,67.22,667.95,3,1
1097.46,1.0,236.05,861.41,5,1
798.2,0.4,177.81,620.38,2,1
816.91,0.4,158.7,658.21,2,1
804.61,0.4,153.97,650.64,2,1
765.29,0.6,82.22,683.08,3,1
1509.32,1.0,693.3,816.03,5,1
527.57,0.0,47.7,479.87,0,0
940.83,0.8,149.68,791.15,4,1
1312.82,0.8,612.43,700.38,4,1
804.75,0.6,106.54,698.21,3,0
678.45,0.4,88.32,590.13,2,1
516.45,0.0,66.84,449.62,0,0
650.04,0.4,37.22,612.82,2,1
795.89,0.4,160.38,635.51,2,0
804.11,0.6,83.22,720.9,3,1
987.04,1.0,140.76,846.28,5,0
675.12,0.4,77.43,597.69,2,1
721.04,0.4,115.78,605.26,2,0
504.43,0.0,69.95,434.49,0,1
842.48,0.6,144.27,698.21,3,1
1133.07,1.0,301.92,831.15,5,1
818.53,0.6,112.76,705.77,3,1
611.43,0.2,76.43,535.0,1,1
812.35,0.6,144.41,667.95,3,1
1301.79,1.2,339.86,961.92,6,1
764.66,0.2,191.84,572.82,1,1
834.11,0.6,158.59,675.51,3,1
756.38,0.4,120.86,635.51,2,0
515.95,0.0,81.46,434.49,0,1
456.76,0.0,37.41,419.36,0,0
437.9,0.0,26.11,411.79,0,0
618.35,0.4,50.92,567.44,2,0
604.06,0.2,76.62,527.44,1,1
480.58,0.0,61.22,419.36,0,0
638.58,0.2,126.27,512.31,1,1
522.03,0.0,87.54,434.49,0,0
505.92,0.0,71.43,434.49,0,1
738.52,0.4,118.14,620.38,2,1
753.09,0.6,107.84,645.26,3,1
780.66,0.8,87.84,692.82,4,1
859.19,0.6,176.11,683.08,3,0
577.45,0.2,72.7,504.74,1,1
1552.46,1.0,744.0,808.46,5,1
808.01,0.6,102.24,705.77,3,1
846.85,0.8,93.51,753.33,4,1
855.93,0.4,182.59,673.33,2,1
1132.85,1.2,246.57,886.28,6,1
1018.9,1.0,157.49,861.41,5,1
897.65,0.6,237.27,660.38,3,1
704.69,0.2,147.0,557.69,1,1
683.15,0.2,125.46,557.69,1,0
1004.82,0.4,452.51,552.31,2,1
1150.68,1.0,281.7,868.97,5,1
1142.74,1.4,148.38,994.36,7,1
730.56,0.4,79.92,650.64,2,0
786.94,0.4,136.3,650.64,2,0
1315.58,1.6,288.78,1026.79,8,1
824.39,0.6,111.05,713.33,3,1
982.46,1.0,121.05,861.41,5,1
905.33,0.6,192.0,713.33,3,1
1197.54,0.8,542.54,655.0,4,1
641.83,0.2,99.27,542.56,1,1
883.38,0.8,107.35,776.03,4,1
650.19,0.2,107.62,542.56,1,0
751.07,0.4,100.43,650.64,2,1
829.97,0.6,146.89,683.08,3,1
1721.65,1.2,805.11,916.54,6,1
860.74,0.6,154.97,705.77,3,0
838.01,0.6,124.68,713.33,3,1
682.14,0.2,101.76,580.38,1,0
1040.68,0.2,513.24,527.44,1,1
813.42,0.6,107.65,705.77,3,1
702.11,0.4,81.73,620.38,2,1
2386.88,1.6,1428.16,958.72,8,1
1211.1,1.2,271.86,939.23,6,1
873.24,0.4,222.59,650.64,2,1
737.98,0.4,110.03,627.95,2,1
587.14,0.2,59.7,527.44,1,0
907.26,0.8,161.49,745.77,4,1
509.15,0.0,44.41,464.74,0,0
1158.31,1.4,179.08,979.23,7,1
620.2,0.4,60.32,559.87,2,1
1059.85,1.0,153.05,906.79,5,1
561.85,0.0,89.54,472.31,0,0
761.3,0.6,93.35,667.95,3,1
500.97,0.0,58.92,442.05,0,1
831.29,0.4,188.22,643.08,2,1
656.5,0.2,144.19,512.31,1,1
757.59,0.4,106.95,650.64,2,1
958.87,0.6,237.97,720.9,3,1
683.51,0.4,100.95,582.56,2,1
666.64,0.4,76.51,590.13,2,1
877.73,0.8,162.22,715.51,4,1
721.75,0.4,139.19,582.56,2,1
991.56,1.0,167.97,823.59,5,1
466.7,0.0,32.22,434.49,0,0
743.36,0.6,90.54,652.82,3,1
918.3,0.8,142.27,776.03,4,1
576.06,0.0,103.76,472.31,0,1
838.34,0.6,140.14,698.21,3,0
785.5,0.6,132.68,652.82,3,0
