"Total_Cost","Ratio_Reloc_Prod","Horiz_Cost","Vert_Cost","nReloc","non_Optimal"
228456.24,0.3947,40535.37,187920.85,592,126
1057.41,1.0,143.05,914.36,5,0
1154.19,1.0,292.78,861.41,5,1
870.71,0.6,157.38,713.33,3,0
659.99,0.2,94.73,565.26,1,0
1212.6,1.2,205.3,1007.31,6,0
1406.18,1.8,225.92,1180.26,9,1
756.37,0.4,105.73,650.64,2,0
1132.52,1.0,225.73,906.79,5,0
503.45,0.0,38.7,464.74,0,0
776.69,0.4,163.86,612.82,2,0
577.33,0.0,97.46,479.87,0,1
737.87,0.4,117.49,620.38,2,0
1043.85,1.0,190.0,853.85,5,1
609.96,0.2,44.7,565.26,1,1
614.61,0.2,56.92,557.69,1,1
512.74,0.0,48.0,464.74,0,0
951.08,0.8,182.62,768.46,4,0
884.48,0.6,140.89,743.59,3,1
608.89,0.2,66.32,542.56,1,1
647.58,0.2,82.32,565.26,1,1
657.02,0.2,114.46,542.56,1,1
819.77,0.6,106.43,713.33,3,1
690.53,0.2,132.84,557.69,1,0
772.0,0.4,136.49,635.51,2,0
969.38,0.8,147.97,821.41,4,0
602.22,0.2,67.22,535.0,1,1
859.36,0.6,138.46,720.9,3,1
758.81,0.4,130.86,627.95,2,0
596.51,0.0,146.89,449.62,0,1
759.79,0.6,91.84,667.95,3,1
717.49,0.4,97.11,620.38,2,1
811.63,0.4,145.86,665.77,2,0
964.2,0.8,150.35,813.85,4,1
881.03,0.6,152.57,728.46,3,1
883.68,0.6,170.35,713.33,3,1
952.72,0.8,161.57,791.15,4,0
1190.32,1.4,173.27,1017.05,7,0
660.07,0.2,94.81,565.26,1,1
621.97,0.2,79.41,542.56,1,0
809.54,0.4,181.59,627.95,2,0
656.1,0.2,113.54,542.56,1,1
588.51,0.2,53.51,535.0,1,1
838.34,0.6,140.14,698.21,3,1
716.37,0.2,173.81,542.56,1,0
856.99,0.6,158.78,698.21,3,1
1004.02,0.8,220.43,783.59,4,0
864.71,0.6,204.32,660.38,3,1
586.28,0.0,121.54,464.74,0,1
690.54,0.2,163.11,527.44,1,0
1044.16,0.8,260.57,783.59,4,0
1025.97,0.8,242.38,783.59,4,0
865.0,0.6,136.54,728.46,3,0
729.22,0.4,108.84,620.38,2,1
623.69,0.2,66.0,557.69,1,1
726.98,0.4,114.16,612.82,2,0
852.48,0.4,201.84,650.64,2,0
775.0,0.4,147.05,627.95,2,0
764.64,0.4,106.43,658.21,2,1
767.1,0.4,116.46,650.64,2,0
838.21,0.4,180.0,658.21,2,1
595.4,0.0,138.22,457.18,0,1
918.13,0.8,134.54,783.59,4,0
1161.61,1.2,229.95,931.67,6,0
1141.46,1.2,179.54,961.92,6,0
652.63,0.2,79.81,572.82,1,0
937.51,0.8,108.54,828.97,4,0
889.69,0.6,138.54,751.15,3,1
548.26,0.0,83.51,464.74,0,0
679.67,0.2,121.97,557.69,1,0
672.15,0.2,114.46,557.69,1,0
590.28,0.0,125.54,464.74,0,1
706.04,0.2,140.78,565.26,1,0
534.8,0.0,77.62,457.18,0,0
605.28,0.2,100.54,504.74,1,1
937.83,0.8,146.68,791.15,4,0
599.97,0.2,57.41,542.56,1,1
947.98,0.6,234.65,713.33,3,0
681.82,0.2,109.0,572.82,1,1
1167.58,1.0,268.35,899.23,5,0
689.63,0.2,109.24,580.38,1,0
678.47,0.2,105.65,572.82,1,1
688.2,0.2,122.95,565.26,1,0
835.89,0.6,152.81,683.08,3,1
764.9,0.4,152.08,612.82,2,1
668.33,0.2,140.89,527.44,1,0
615.17,0.2,102.86,512.31,1,0
838.31,0.6,124.97,713.33,3,0
728.13,0.4,92.62,635.51,2,1
554.86,0.0,105.24,449.62,0,0
672.82,0.2,107.57,565.26,1,0
501.48,0.0,59.43,442.05,0,1
660.24,0.4,85.24,575.0,2,0
507.27,0.0,65.22,442.05,0,0
559.5,0.2,62.32,497.18,1,1
437.2,0.0,25.41,411.79,0,0
966.02,0.8,167.3,798.72,4,0
856.33,0.6,127.86,728.46,3,0
970.42,0.6,211.7,758.72,3,0
1247.71,1.4,185.27,1062.44,7,0
1129.05,1.0,244.95,884.1,5,0
537.77,0.0,73.03,464.74,0,0
930.52,0.6,209.62,720.9,3,1
1220.82,1.0,306.46,914.36,5,0
634.5,0.2,76.81,557.69,1,0
828.59,0.4,185.51,643.08,2,0
595.49,0.2,75.62,519.87,1,0
856.18,0.6,157.97,698.21,3,0
661.59,0.2,111.46,550.13,1,0
811.75,0.4,168.68,643.08,2,1
569.69,0.0,104.95,464.74,0,0
879.5,0.4,206.16,673.33,2,0
937.09,0.6,223.76,713.33,3,0
834.38,0.6,105.92,728.46,3,0
723.24,0.4,87.73,635.51,2,1
580.88,0.0,108.57,472.31,0,0
668.64,0.2,110.95,557.69,1,0
675.37,0.2,117.68,557.69,1,0
1005.18,0.8,161.08,844.1,4,0
531.39,0.0,51.51,479.87,0,0
682.07,0.2,124.38,557.69,1,0
766.15,0.2,208.46,557.69,1,1
651.32,0.2,108.76,542.56,1,0
745.85,0.4,87.65,658.21,2,0
495.56,0.0,53.51,442.05,0,0
707.31,0.2,142.05,565.26,1,0
766.31,0.4,100.54,665.77,2,0
524.5,0.0,67.32,457.18,0,1
696.29,0.2,138.59,557.69,1,0
618.44,0.4,51.0,567.44,2,1
1251.82,1.2,297.46,954.36,6,0
555.28,0.0,90.54,464.74,0,0
527.24,0.0,77.62,449.62,0,1
605.24,0.2,70.24,535.0,1,0
853.7,0.6,125.24,728.46,3,1
687.53,0.2,122.27,565.26,1,0
749.92,0.4,121.97,627.95,2,1
520.8,0.0,63.62,457.18,0,1
798.87,0.6,85.54,713.33,3,1
673.46,0.2,130.89,542.56,1,0
955.71,0.8,141.86,813.85,4,1
839.61,0.4,181.41,658.21,2,1
692.13,0.2,142.0,550.13,1,1
629.65,0.2,94.65,535.0,1,0
630.44,0.4,78.14,552.31,2,1
655.37,0.2,112.81,542.56,1,0
803.23,0.4,137.46,665.77,2,0
746.2,0.2,173.38,572.82,1,0
981.79,0.8,160.38,821.41,4,0
664.47,0.2,91.65,572.82,1,0
569.61,0.0,104.86,464.74,0,1
653.61,0.2,88.35,565.26,1,1
701.42,0.2,136.16,565.26,1,1
675.47,0.2,110.22,565.26,1,0
832.02,0.4,173.81,658.21,2,0
555.56,0.0,105.95,449.62,0,1
699.04,0.2,133.78,565.26,1,0
566.5,0.0,101.76,464.74,0,0
663.83,0.2,106.14,557.69,1,0
704.69,0.2,147.0,557.69,1,1
818.44,0.4,152.68,665.77,2,0
815.47,0.4,134.57,680.9,2,0
507.78,0.0,65.73,442.05,0,0
963.68,0.2,443.81,519.87,1,1
656.18,0.2,90.92,565.26,1,1
855.72,0.6,165.08,690.64,3,0
547.07,0.0,82.32,464.74,0,1
973.81,0.8,190.22,783.59,4,1
719.01,0.2,146.19,572.82,1,0
662.62,0.2,120.05,542.56,1,0
656.5,0.2,91.24,565.26,1,0
744.39,0.4,78.62,665.77,2,0
564.99,0.0,100.24,464.74,0,0
954.36,0.6,233.46,720.9,3,1
637.99,0.2,72.73,565.26,1,0
806.64,0.6,123.57,683.08,3,1
640.9,0.2,113.46,527.44,1,1
740.28,0.2,175.03,565.26,1,1
706.44,0.4,86.05,620.38,2,0
544.89,0.0,102.84,442.05,0,0
677.01,0.2,111.76,565.26,1,1
1131.79,1.2,169.86,961.92,6,1
716.08,0.2,173.51,542.56,1,1
670.21,0.2,173.03,497.18,1,1
929.32,0.6,185.73,743.59,3,1
927.26,0.6,160.97,766.28,3,0
517.45,0.0,67.84,449.62,0,0
665.8,0.4,68.11,597.69,2,1
886.59,0.6,135.43,751.15,3,0
955.15,0.8,148.86,806.28,4,1
1355.36,0.8,602.03,753.33,4,1
808.44,0.4,127.54,680.9,2,0
633.0,0.2,90.43,542.56,1,0
734.95,0.4,99.43,635.51,2,1
1065.29,1.0,181.19,884.1,5,0
780.44,0.4,107.11,673.33,2,0
742.99,0.2,177.73,565.26,1,0
755.21,0.4,112.14,643.08,2,1
530.18,0.0,65.43,464.74,0,1
583.61,0.0,118.86,464.74,0,0
726.85,0.2,161.59,565.26,1,1
1209.31,1.2,209.57,999.74,6,1
512.83,0.0,63.22,449.62,0,0
670.61,0.2,105.35,565.26,1,0
603.81,0.2,68.81,535.0,1,1
874.38,0.6,138.35,736.03,3,0
542.56,0.0,92.95,449.62,0,0
817.43,0.4,181.92,635.51,2,1
800.83,0.4,150.19,650.64,2,1
576.77,0.0,104.46,472.31,0,1
536.0,0.0,93.95,442.05,0,1
672.83,0.2,115.14,557.69,1,0
500.56,0.0,58.51,442.05,0,0
506.22,0.0,71.73,434.49,0,1
574.42,0.0,109.68,464.74,0,1
497.22,0.0,62.73,434.49,0,1
441.2,0.0,29.41,411.79,0,0
718.32,0.4,82.81,635.51,2,0
494.6,0.0,60.11,434.49,0,0
603.62,0.2,68.62,535.0,1,0
517.09,0.0,90.16,426.92,0,1
1284.45,1.6,204.7,1079.74,8,1
1161.28,1.2,222.05,939.23,6,0
700.17,0.2,172.73,527.44,1,0
960.4,0.8,176.81,783.59,4,0
533.64,0.0,84.03,449.62,0,0
754.89,0.6,86.95,667.95,3,1
605.56,0.2,63.0,542.56,1,0
634.23,0.2,76.54,557.69,1,1
689.42,0.2,124.16,565.26,1,0
1118.3,1.0,256.89,861.41,5,0
598.03,0.0,118.16,479.87,0,1
709.74,0.4,89.35,620.38,2,0
692.54,0.2,149.97,542.56,1,0
1221.37,1.2,221.62,999.74,6,0
509.85,0.0,45.11,464.74,0,1
836.2,0.6,122.86,713.33,3,0
529.42,0.0,57.11,472.31,0,0
791.42,0.2,226.16,565.26,1,1
842.36,0.4,176.59,665.77,2,1
1057.99,1.0,173.89,884.1,5,0
1160.83,0.4,570.7,590.13,2,1
852.5,0.6,154.3,698.21,3,0
482.02,0.0,32.41,449.62,0,0
942.13,0.6,206.11,736.03,3,0
730.21,0.2,172.51,557.69,1,1
949.34,0.8,143.05,806.28,4,1
1105.3,0.8,268.76,836.54,4,1
637.66,0.2,72.41,565.26,1,0
509.56,0.0,67.51,442.05,0,0
1320.52,1.6,233.22,1087.31,8,0
545.47,0.0,80.73,464.74,0,0
758.86,0.4,108.22,650.64,2,1
1263.64,0.8,533.0,730.64,4,1
671.96,0.2,99.14,572.82,1,0
513.02,0.0,63.41,449.62,0,1
631.29,0.2,88.73,542.56,1,1
542.21,0.0,100.16,442.05,0,0
543.77,0.0,79.03,464.74,0,1
502.22,0.0,67.73,434.49,0,0
1070.3,1.0,201.32,868.97,5,0
558.04,0.0,85.73,472.31,0,0
510.64,0.0,61.03,449.62,0,0
874.62,0.6,146.16,728.46,3,0
977.73,1.0,161.7,816.03,5,1
696.36,0.4,83.54,612.82,2,1
969.05,0.8,193.03,776.03,4,0
843.15,0.6,144.95,698.21,3,0
717.82,0.4,112.57,605.26,2,0
501.16,0.0,59.11,442.05,0,0
701.8,0.4,111.68,590.13,2,0
629.19,0.2,86.62,542.56,1,0
913.1,0.8,121.95,791.15,4,1
622.42,0.2,64.73,557.69,1,0
824.69,0.4,166.49,658.21,2,1
566.02,0.0,108.84,457.18,0,1
911.59,0.8,135.57,776.03,4,1
1437.4,0.8,706.76,730.64,4,1
812.48,0.4,169.41,643.08,2,0
871.51,0.6,188.43,683.08,3,1
760.25,0.4,139.86,620.38,2,0
551.55,0.0,86.81,464.74,0,0
727.52,0.4,107.14,620.38,2,0
631.1,0.2,88.54,542.56,1,1
674.68,0.2,139.68,535.0,1,0
973.65,0.8,144.68,828.97,4,0
567.55,0.0,95.24,472.31,0,1
756.38,0.4,120.86,635.51,2,1
845.24,0.6,154.59,690.64,3,1
908.81,0.8,140.35,768.46,4,1
789.17,0.6,128.78,660.38,3,1
454.47,0.0,35.11,419.36,0,0
551.91,0.2,54.73,497.18,1,1
930.97,1.0,114.95,816.03,5,0
756.13,0.6,80.62,675.51,3,0
838.58,0.6,140.38,698.21,3,1
756.73,0.4,181.73,575.0,2,1
684.68,0.2,149.68,535.0,1,0
672.09,0.2,106.84,565.26,1,0
1292.98,1.8,165.68,1127.31,9,0
818.76,0.4,190.81,627.95,2,1
