"Total_Cost","Ratio_Reloc_Prod","Horiz_Cost","Vert_Cost","nReloc","non_Optimal"
258754.59,0.788,46325.99,212428.7,1182,114
621.04,0.4,68.73,552.31,2,0
595.75,0.4,66.14,529.62,2,0
729.89,0.8,67.32,662.56,4,0
874.12,0.8,181.3,692.82,4,0
660.0,0.2,132.57,527.44,1,0
720.62,0.6,98.05,622.56,3,0
761.34,0.6,123.65,637.69,3,0
468.96,0.0,64.73,404.23,0,0
819.32,0.8,156.76,662.56,4,0
748.49,0.6,141.05,607.44,3,0
527.55,0.0,115.76,411.79,0,0
565.49,0.2,106.14,459.36,1,0
1001.38,1.2,145.35,856.03,6,1
743.36,0.6,143.49,599.87,3,0
548.46,0.2,81.54,466.92,1,1
504.89,0.0,115.78,389.1,0,0
472.88,0.0,68.65,404.23,0,0
675.3,0.4,107.86,567.44,2,0
664.16,0.4,134.54,529.62,2,0
913.64,1.0,150.57,763.08,5,0
691.32,0.6,76.32,615.0,3,0
644.6,0.2,170.11,474.49,1,1
1134.98,1.4,208.7,926.28,7,1
560.27,0.0,125.78,434.49,0,0
924.16,1.0,161.08,763.08,5,0
922.61,1.0,151.97,770.64,5,0
860.28,0.8,159.89,700.38,4,1
1012.77,1.2,194.57,818.21,6,0
757.71,0.6,150.27,607.44,3,0
823.83,0.6,140.76,683.08,3,1
685.65,0.4,163.59,522.05,2,0
1187.21,1.6,175.54,1011.67,8,0
962.45,0.8,292.32,670.13,4,0
1377.66,2.0,217.92,1159.74,10,0
1120.19,1.2,317.11,803.08,6,0
667.41,0.2,192.92,474.49,1,0
493.9,0.0,82.11,411.79,0,0
912.77,0.4,299.95,612.82,2,0
526.17,0.2,66.81,459.36,1,0
754.46,0.6,139.46,615.0,3,1
1057.11,1.2,216.22,840.9,6,1
1419.94,2.0,267.76,1152.18,10,0
880.91,0.6,235.65,645.26,3,0
681.73,0.4,159.68,522.05,2,0
654.24,0.4,79.24,575.0,2,0
570.92,0.2,96.43,474.49,1,0
647.05,0.4,117.43,529.62,2,0
808.15,0.8,130.46,677.69,4,1
908.66,1.0,130.46,778.21,5,0
1418.19,2.0,228.19,1190.0,10,0
852.82,0.8,152.43,700.38,4,1
840.76,0.8,125.24,715.51,4,0
576.6,0.2,117.24,459.36,1,0
1002.9,1.2,116.62,886.28,6,0
985.75,1.2,122.16,863.59,6,1
1065.18,1.2,201.59,863.59,6,0
497.34,0.0,85.54,411.79,0,1
646.06,0.4,78.62,567.44,2,1
642.2,0.4,82.32,559.87,2,0
1305.19,1.8,215.7,1089.49,9,0
889.91,0.8,151.7,738.21,4,0
883.3,0.8,167.78,715.51,4,1
1228.21,1.6,224.11,1004.1,8,1
948.04,0.8,270.35,677.69,4,0
861.38,0.8,145.86,715.51,4,0
1019.98,1.2,179.08,840.9,6,0
504.07,0.0,99.84,404.23,0,0
669.57,0.2,149.7,519.87,1,0
704.41,0.6,89.41,615.0,3,0
808.13,0.6,178.0,630.13,3,1
980.29,1.0,202.08,778.21,5,1
804.14,0.6,143.76,660.38,3,0
774.34,0.6,136.65,637.69,3,1
504.61,0.0,107.95,396.67,0,0
596.34,0.2,99.16,497.18,1,0
934.89,0.8,226.95,707.95,4,1
693.88,0.4,141.57,552.31,2,0
1270.95,1.6,229.03,1041.92,8,1
1018.49,1.2,177.59,840.9,6,0
843.85,0.8,105.65,738.21,4,1
727.63,0.4,160.19,567.44,2,1
652.97,0.4,123.35,529.62,2,0
772.37,0.6,142.24,630.13,3,0
1117.55,1.4,191.27,926.28,7,0
628.09,0.2,176.3,451.79,1,0
944.9,1.0,151.57,793.33,5,0
1185.16,1.4,289.14,896.03,7,0
823.17,0.6,170.35,652.82,3,1
954.22,1.0,213.84,740.38,5,0
558.24,0.2,68.62,489.62,1,0
1075.85,1.2,182.0,893.85,6,0
956.27,1.0,193.19,763.08,5,0
636.03,0.2,169.11,466.92,1,0
1232.17,1.6,205.38,1026.79,8,0
1233.5,1.4,314.78,918.72,7,1
828.41,0.8,120.46,707.95,4,0
575.22,0.2,100.73,474.49,1,1
989.11,1.0,173.08,816.03,5,0
704.71,0.6,104.84,599.87,3,0
1175.42,1.6,163.76,1011.67,8,0
676.4,0.4,93.84,582.56,2,1
641.74,0.4,89.43,552.31,2,0
819.6,0.8,111.65,707.95,4,1
843.98,0.8,143.59,700.38,4,0
1293.21,1.8,196.16,1097.05,9,1
1499.8,2.2,254.68,1245.13,11,0
945.73,1.0,197.78,747.95,5,1
854.73,0.8,131.65,723.08,4,1
992.11,1.0,176.08,816.03,5,0
701.98,0.4,149.68,552.31,2,0
1066.21,1.2,210.19,856.03,6,1
472.05,0.0,30.0,442.05,0,0
859.56,0.8,121.35,738.21,4,1
797.65,0.6,137.27,660.38,3,1
1327.4,1.8,222.78,1104.62,9,1
1190.28,1.6,171.05,1019.23,8,0
1079.45,1.2,208.3,871.15,6,1
886.99,0.6,241.73,645.26,3,1
692.18,0.4,102.05,590.13,2,1
767.99,0.6,137.86,630.13,3,1
751.12,0.6,113.43,637.69,3,1
760.02,0.6,122.32,637.69,3,0
1173.7,1.4,209.59,964.1,7,0
872.92,0.8,164.97,707.95,4,0
498.86,0.0,56.81,442.05,0,0
720.19,0.6,97.62,622.56,3,1
766.2,0.6,120.95,645.26,3,0
872.26,0.8,187.0,685.26,4,0
1319.75,1.8,207.57,1112.18,9,1
472.45,0.0,83.35,389.1,0,0
688.77,0.4,136.46,552.31,2,1
843.11,0.8,135.16,707.95,4,1
875.72,0.8,129.95,745.77,4,0
1218.6,1.6,184.24,1034.36,8,1
1375.17,2.0,192.73,1182.44,10,1
472.4,0.0,75.73,396.67,0,0
909.99,0.8,171.78,738.21,4,1
745.3,0.6,84.92,660.38,3,1
1041.71,1.2,155.43,886.28,6,1
804.95,0.6,144.57,660.38,3,0
890.12,0.8,197.3,692.82,4,0
723.83,0.4,141.27,582.56,2,1
601.16,0.2,126.68,474.49,1,1
744.92,0.6,122.35,622.56,3,0
1334.7,1.8,245.22,1089.49,9,1
724.21,0.6,101.65,622.56,3,1
911.25,1.0,110.35,800.9,5,1
732.87,0.6,64.92,667.95,3,0
664.51,0.4,142.46,522.05,2,0
653.03,0.4,78.03,575.0,2,0
615.41,0.2,140.92,474.49,1,1
555.69,0.0,159.03,396.67,0,0
1338.4,1.8,233.78,1104.62,9,0
922.65,1.0,106.62,816.03,5,1
753.68,0.6,85.73,667.95,3,0
931.1,1.0,99.95,831.15,5,1
1622.31,2.4,261.54,1360.77,12,0
1153.91,1.4,250.32,903.59,7,0
580.16,0.2,90.54,489.62,1,0
1052.81,1.2,196.78,856.03,6,1
696.05,0.6,65.92,630.13,3,0
996.33,1.0,203.0,793.33,5,0
944.85,1.0,166.65,778.21,5,1
666.66,0.2,207.3,459.36,1,0
759.02,0.6,136.46,622.56,3,1
727.69,0.6,82.43,645.26,3,1
753.01,0.6,107.76,645.26,3,0
917.16,0.8,209.22,707.95,4,1
1160.38,1.4,211.41,948.97,7,0
942.23,1.0,156.46,785.77,5,0
1007.25,1.2,105.84,901.41,6,1
460.49,0.0,26.0,434.49,0,0
1115.41,1.2,206.43,908.97,6,1
1437.01,1.4,457.78,979.23,7,1
1074.79,1.2,173.38,901.41,6,0
1072.0,1.2,208.41,863.59,6,0
1376.7,1.8,279.65,1097.05,9,1
482.9,0.0,71.11,411.79,0,0
524.49,0.0,105.14,419.36,0,0
1054.85,1.2,161.0,893.85,6,1
1004.85,1.0,272.03,732.82,5,0
1038.79,1.0,230.32,808.46,5,1
1254.79,1.6,167.49,1087.31,8,1
1090.18,1.4,118.51,971.67,7,0
1265.33,1.6,230.97,1034.36,8,1
600.18,0.2,95.43,504.74,1,0
767.94,0.6,145.38,622.56,3,0
927.48,0.6,304.92,622.56,3,0
1359.05,1.8,254.43,1104.62,9,0
558.07,0.0,161.41,396.67,0,0
774.17,0.6,121.35,652.82,3,0
770.14,0.8,77.32,692.82,4,0
481.02,0.0,31.41,449.62,0,0
937.52,1.0,129.05,808.46,5,1
755.58,0.6,110.32,645.26,3,0
1254.75,1.6,122.05,1132.69,8,1
1349.9,1.8,222.59,1127.31,9,0
587.44,0.2,135.65,451.79,1,0
820.91,0.6,183.22,637.69,3,1
491.09,0.0,71.73,419.36,0,0
491.87,0.0,72.51,419.36,0,0
867.58,0.8,129.38,738.21,4,1
575.03,0.2,100.54,474.49,1,0
508.98,0.0,89.62,419.36,0,0
649.29,0.4,66.73,582.56,2,1
753.85,0.6,101.03,652.82,3,1
526.99,0.0,137.89,389.1,0,0
947.87,1.0,146.97,800.9,5,0
671.93,0.4,112.05,559.87,2,1
705.38,0.4,130.38,575.0,2,1
687.56,0.4,150.38,537.18,2,0
504.18,0.0,99.95,404.23,0,0
1224.81,1.6,167.76,1057.05,8,1
1422.41,2.0,232.41,1190.0,10,1
928.24,1.0,165.16,763.08,5,0
935.59,1.0,164.95,770.64,5,0
485.69,0.0,81.46,404.23,0,0
1342.3,1.8,252.81,1089.49,9,0
828.74,0.8,128.35,700.38,4,0
519.22,0.0,84.73,434.49,0,0
770.01,0.6,109.62,660.38,3,1
1078.56,1.2,207.41,871.15,6,1
742.79,0.4,182.92,559.87,2,0
944.73,1.0,136.27,808.46,5,1
1026.11,1.2,170.08,856.03,6,0
1103.91,1.2,240.32,863.59,6,1
925.82,1.0,124.92,800.9,5,1
990.43,1.0,181.97,808.46,5,1
1026.9,1.0,241.14,785.77,5,0
783.33,0.6,175.89,607.44,3,1
1279.96,1.6,253.16,1026.79,8,0
1041.57,1.2,200.68,840.9,6,1
1179.09,1.4,245.24,933.85,7,0
668.72,0.4,131.54,537.18,2,0
622.56,0.4,92.95,529.62,2,0
470.77,0.0,66.54,404.23,0,0
1324.86,1.8,212.68,1112.18,9,1
1153.62,1.4,197.08,956.54,7,0
560.73,0.2,86.24,474.49,1,0
1146.35,1.4,197.38,948.97,7,1
1082.68,1.2,249.35,833.33,6,0
746.54,0.6,131.54,615.0,3,0
1262.37,1.6,243.14,1019.23,8,1
908.82,0.8,216.0,692.82,4,0
586.97,0.2,97.35,489.62,1,0
1247.58,1.6,175.41,1072.18,8,1
794.26,0.6,156.57,637.69,3,0
1179.07,1.4,207.41,971.67,7,1
863.37,0.8,185.68,677.69,4,1
783.96,0.6,146.27,637.69,3,1
992.7,1.2,83.73,908.97,6,1
801.77,0.6,156.51,645.26,3,0
517.24,0.0,82.76,434.49,0,1
678.68,0.4,111.24,567.44,2,1
473.3,0.0,38.81,434.49,0,0
786.93,0.6,141.68,645.26,3,1
964.23,1.0,170.89,793.33,5,0
951.26,1.0,173.05,778.21,5,1
776.63,0.6,169.19,607.44,3,0
830.11,0.8,129.73,700.38,4,0
1033.76,1.2,192.86,840.9,6,0
1390.82,1.8,316.46,1074.36,9,0
972.55,1.0,126.27,846.28,5,1
602.05,0.2,127.57,474.49,1,0
600.66,0.2,141.3,459.36,1,0
482.99,0.0,86.32,396.67,0,0
1406.14,1.8,256.14,1150.0,9,1
961.41,1.2,120.51,840.9,6,0
965.25,1.0,156.78,808.46,5,1
865.86,0.8,142.78,723.08,4,1
685.04,0.4,140.3,544.74,2,1
710.05,0.4,135.05,575.0,2,1
858.5,0.8,165.68,692.82,4,0
1110.85,1.2,232.14,878.72,6,0
511.03,0.0,76.54,434.49,0,1
998.58,1.2,104.73,893.85,6,1
1083.96,1.2,212.81,871.15,6,1
471.53,0.0,82.43,389.1,0,0
656.07,0.4,50.81,605.26,2,0
1142.94,1.4,178.84,964.1,7,1
978.64,0.8,300.95,677.69,4,0
847.83,0.8,185.27,662.56,4,0
972.72,1.0,202.08,770.64,5,0
1666.24,2.2,421.11,1245.13,11,0
776.04,0.6,138.35,637.69,3,1
525.7,0.2,51.22,474.49,1,0
986.06,1.0,192.73,793.33,5,0
829.02,0.8,151.32,677.69,4,0
826.59,0.8,95.95,730.64,4,1
675.99,0.4,131.24,544.74,2,0
859.67,0.8,144.16,715.51,4,0
1102.52,1.4,168.68,933.85,7,1
860.23,0.8,174.97,685.26,4,0
893.18,0.8,154.97,738.21,4,0
618.95,0.2,159.59,459.36,1,0
806.79,0.6,153.97,652.82,3,0
936.54,1.0,112.95,823.59,5,1
489.52,0.0,77.73,411.79,0,0
818.51,0.6,203.51,615.0,3,1
961.1,1.0,182.89,778.21,5,0
