"Total_Cost","Ratio_Reloc_Prod","Horiz_Cost","Vert_Cost","nReloc","non_Optimal"
239186.34,0.4353,48371.65,190814.74,653,300
1344.43,1.4,274.43,1070.0,7,1
571.25,0.0,91.38,479.87,0,1
837.37,0.4,194.3,643.08,2,1
502.15,0.0,37.41,464.74,0,1
716.72,0.4,111.46,605.26,2,1
652.01,0.2,86.76,565.26,1,1
518.85,0.0,54.11,464.74,0,1
940.09,0.8,126.24,813.85,4,1
761.3,0.4,125.78,635.51,2,1
723.35,0.4,87.84,635.51,2,1
979.02,0.6,235.43,743.59,3,1
518.21,0.0,61.03,457.18,0,1
765.36,0.4,160.11,605.26,2,1
1184.96,1.2,192.78,992.18,6,1
698.04,0.4,85.22,612.82,2,1
546.96,0.0,82.22,464.74,0,1
881.3,0.6,160.41,720.9,3,1
750.49,0.4,122.54,627.95,2,1
777.9,0.4,112.14,665.77,2,1
891.33,0.6,178.0,713.33,3,1
735.0,0.4,91.92,643.08,2,1
812.95,0.4,177.43,635.51,2,1
828.75,0.4,178.11,650.64,2,1
683.58,0.2,125.89,557.69,1,1
1037.33,0.8,276.43,760.9,4,1
614.71,0.2,94.84,519.87,1,1
767.39,0.4,154.57,612.82,2,1
1002.95,1.0,141.54,861.41,5,1
473.63,0.0,61.84,411.79,0,1
1302.2,1.4,254.89,1047.31,7,1
1183.07,1.0,283.84,899.23,5,1
513.78,0.0,71.73,442.05,0,1
1035.28,1.0,189.0,846.28,5,1
1049.73,1.0,241.27,808.46,5,1
702.24,0.4,66.73,635.51,2,1
777.72,0.4,127.08,650.64,2,1
825.62,0.4,190.11,635.51,2,1
773.56,0.4,175.86,597.69,2,1
774.98,0.4,162.16,612.82,2,1
916.95,0.6,196.05,720.9,3,1
691.31,0.4,93.62,597.69,2,1
757.62,0.2,215.05,542.56,1,1
723.42,0.4,118.16,605.26,2,1
951.38,0.8,190.49,760.9,4,1
1236.29,1.0,352.19,884.1,5,1
840.84,0.6,119.95,720.9,3,1
618.87,0.0,184.38,434.49,0,1
897.53,0.6,206.89,690.64,3,1
661.04,0.2,103.35,557.69,1,1
437.2,0.0,25.41,411.79,0,1
914.22,0.8,145.76,768.46,4,1
585.75,0.0,128.57,457.18,0,1
896.49,0.6,228.54,667.95,3,1
437.2,0.0,25.41,411.79,0,1
501.6,0.0,82.24,419.36,0,1
860.46,0.4,224.95,635.51,2,1
714.2,0.2,194.32,519.87,1,1
984.1,0.6,240.51,743.59,3,1
575.77,0.0,111.03,464.74,0,1
1055.41,1.0,194.0,861.41,5,1
528.81,0.0,86.76,442.05,0,1
1093.38,0.8,271.97,821.41,4,1
555.94,0.0,98.76,457.18,0,1
715.32,0.4,132.76,582.56,2,1
607.67,0.2,65.11,542.56,1,1
1107.17,0.8,293.32,813.85,4,1
724.29,0.2,166.59,557.69,1,1
711.69,0.4,106.43,605.26,2,1
910.47,0.8,149.57,760.9,4,1
837.66,0.4,171.89,665.77,2,1
659.99,0.2,109.86,550.13,1,1
1006.43,0.8,237.97,768.46,4,1
721.83,0.2,179.27,542.56,1,1
706.5,0.4,101.24,605.26,2,1
630.5,0.2,72.81,557.69,1,1
687.96,0.2,130.27,557.69,1,1
867.15,0.6,161.38,705.77,3,1
1315.8,1.2,316.05,999.74,6,1
1071.87,0.8,242.89,828.97,4,1
783.3,0.4,155.35,627.95,2,1
1114.72,0.8,316.0,798.72,4,1
727.93,0.2,162.68,565.26,1,1
1115.37,1.0,216.14,899.23,5,1
979.32,0.6,235.73,743.59,3,1
903.0,0.6,235.05,667.95,3,1
679.33,0.2,151.89,527.44,1,1
622.69,0.0,165.51,457.18,0,1
714.15,0.2,148.89,565.26,1,1
671.35,0.4,96.35,575.0,2,1
439.2,0.0,27.41,411.79,0,1
539.13,0.0,81.95,457.18,0,1
560.88,0.0,96.14,464.74,0,1
542.87,0.0,115.95,426.92,0,1
769.87,0.4,149.49,620.38,2,1
777.02,0.4,126.38,650.64,2,1
1227.44,1.2,265.51,961.92,6,1
803.1,0.4,144.89,658.21,2,1
881.76,0.4,246.24,635.51,2,1
781.88,0.4,131.24,650.64,2,1
987.41,0.6,258.95,728.46,3,1
1085.68,1.0,216.7,868.97,5,1
973.6,0.8,212.7,760.9,4,1
721.89,0.4,93.95,627.95,2,1
864.66,0.6,166.46,698.21,3,1
964.2,0.6,205.49,758.72,3,1
670.83,0.2,113.14,557.69,1,1
685.94,0.2,135.81,550.13,1,1
1013.11,0.6,277.08,736.03,3,1
1103.26,0.8,296.97,806.28,4,1
1175.89,1.0,299.35,876.54,5,1
542.05,0.0,92.43,449.62,0,1
1108.59,1.0,277.43,831.15,5,1
556.21,0.0,99.03,457.18,0,1
659.26,0.4,54.0,605.26,2,1
754.83,0.2,197.14,557.69,1,1
1035.13,0.8,251.54,783.59,4,1
976.44,0.8,170.16,806.28,4,1
1229.59,1.0,345.49,884.1,5,1
828.48,0.4,185.41,643.08,2,1
548.81,0.0,114.32,434.49,0,1
489.85,0.0,78.05,411.79,0,1
859.86,0.4,209.22,650.64,2,1
674.45,0.2,124.32,550.13,1,1
739.3,0.4,111.35,627.95,2,1
699.48,0.4,109.35,590.13,2,1
544.81,0.0,110.32,434.49,0,1
682.18,0.4,76.92,605.26,2,1
940.32,0.6,257.24,683.08,3,1
659.02,0.2,101.32,557.69,1,1
443.2,0.0,31.41,411.79,0,1
522.33,0.0,87.84,434.49,0,1
461.68,0.0,42.32,419.36,0,1
781.57,0.4,161.19,620.38,2,1
746.71,0.4,118.76,627.95,2,1
639.63,0.4,79.76,559.87,2,1
622.7,0.0,188.22,434.49,0,1
537.03,0.0,102.54,434.49,0,1
1259.7,1.0,383.16,876.54,5,1
982.05,0.8,206.03,776.03,4,1
847.79,0.4,219.84,627.95,2,1
823.02,0.6,132.38,690.64,3,1
935.58,0.8,136.86,798.72,4,1
551.76,0.0,117.27,434.49,0,1
488.12,0.0,68.76,419.36,0,1
553.94,0.0,96.76,457.18,0,1
780.33,0.6,119.95,660.38,3,1
849.02,0.6,158.38,690.64,3,1
764.81,0.4,136.86,627.95,2,1
783.5,0.4,178.24,605.26,2,1
753.3,0.4,125.35,627.95,2,1
863.77,0.6,158.0,705.77,3,1
751.36,0.4,138.54,612.82,2,1
1226.2,1.0,311.84,914.36,5,1
890.61,0.6,192.41,698.21,3,1
1143.33,1.2,188.97,954.36,6,1
945.76,0.6,217.3,728.46,3,1
560.81,0.0,118.76,442.05,0,1
733.98,0.4,106.03,627.95,2,1
1228.26,1.4,249.03,979.23,7,1
896.25,0.6,235.86,660.38,3,1
591.82,0.2,71.95,519.87,1,1
608.58,0.2,103.84,504.74,1,1
664.73,0.2,129.73,535.0,1,1
654.81,0.2,127.38,527.44,1,1
734.15,0.4,128.89,605.26,2,1
937.52,0.8,184.19,753.33,4,1
967.05,0.6,231.03,736.03,3,1
1131.34,1.0,232.11,899.23,5,1
1007.63,0.6,301.86,705.77,3,1
569.14,0.0,134.65,434.49,0,1
672.84,0.2,137.84,535.0,1,1
691.21,0.2,141.08,550.13,1,1
916.5,0.8,163.16,753.33,4,1
552.82,0.2,40.51,512.31,1,1
980.13,0.8,204.11,776.03,4,1
645.9,0.2,118.46,527.44,1,1
1327.13,1.4,310.08,1017.05,7,1
884.12,0.4,225.92,658.21,2,1
617.89,0.2,75.32,542.56,1,1
941.76,0.6,213.3,728.46,3,1
546.47,0.0,81.73,464.74,0,1
555.03,0.0,120.54,434.49,0,1
977.42,0.8,178.7,798.72,4,1
816.61,0.2,251.35,565.26,1,1
977.53,0.8,186.38,791.15,4,1
973.23,0.6,267.46,705.77,3,1
674.84,0.2,147.41,527.44,1,1
614.42,0.2,117.24,497.18,1,1
669.26,0.2,111.57,557.69,1,1
654.9,0.2,142.59,512.31,1,1
989.22,0.8,228.32,760.9,4,1
779.99,0.4,174.73,605.26,2,1
1164.02,1.0,325.3,838.72,5,1
813.35,0.4,170.27,643.08,2,1
884.9,0.6,171.57,713.33,3,1
1017.25,0.6,296.35,720.9,3,1
907.44,0.6,201.68,705.77,3,1
547.65,0.0,120.73,426.92,0,1
762.52,0.4,134.57,627.95,2,1
901.58,0.8,148.24,753.33,4,1
556.74,0.2,52.0,504.74,1,1
624.51,0.2,89.51,535.0,1,1
764.33,0.4,151.51,612.82,2,1
828.06,0.8,127.68,700.38,4,1
776.08,0.4,148.14,627.95,2,1
559.26,0.0,109.65,449.62,0,1
864.06,0.6,143.16,720.9,3,1
594.91,0.0,145.3,449.62,0,1
555.13,0.0,97.95,457.18,0,1
1026.17,1.0,179.89,846.28,5,1
1011.96,0.6,260.81,751.15,3,1
895.75,0.6,152.16,743.59,3,1
510.46,0.0,83.54,426.92,0,1
486.49,0.0,52.0,434.49,0,1
929.06,0.6,215.73,713.33,3,1
763.5,0.2,205.81,557.69,1,1
778.03,0.4,157.65,620.38,2,1
572.1,0.0,122.49,449.62,0,1
774.27,0.2,231.7,542.56,1,1
467.36,0.0,48.0,419.36,0,1
1157.22,0.8,343.38,813.85,4,1
603.24,0.0,153.62,449.62,0,1
788.89,0.6,105.81,683.08,3,1
534.81,0.0,92.76,442.05,0,1
790.96,0.4,178.14,612.82,2,1
1094.82,1.0,233.41,861.41,5,1
816.72,0.6,110.95,705.77,3,1
1136.49,1.0,267.51,868.97,5,1
1184.24,0.8,355.27,828.97,4,1
712.22,0.4,91.84,620.38,2,1
885.63,0.6,172.3,713.33,3,1
615.61,0.0,158.43,457.18,0,1
695.31,0.2,137.62,557.69,1,1
614.25,0.2,101.95,512.31,1,1
503.52,0.0,84.16,419.36,0,1
905.23,0.8,98.95,806.28,4,1
712.7,0.4,122.57,590.13,2,1
711.25,0.4,98.43,612.82,2,1
1232.42,1.2,293.19,939.23,6,1
679.6,0.2,99.22,580.38,1,1
804.76,0.4,176.81,627.95,2,1
896.96,0.6,191.19,705.77,3,1
1073.8,0.8,267.51,806.28,4,1
1087.8,0.8,281.51,806.28,4,1
658.4,0.2,108.27,550.13,1,1
857.56,0.4,206.92,650.64,2,1
1358.06,1.2,403.7,954.36,6,1
645.9,0.2,118.46,527.44,1,1
716.98,0.4,104.16,612.82,2,1
716.3,0.4,141.3,575.0,2,1
805.9,0.4,185.51,620.38,2,1
936.71,0.6,215.81,720.9,3,1
565.5,0.0,100.76,464.74,0,1
569.72,0.0,120.11,449.62,0,1
946.34,0.6,187.62,758.72,3,1
549.39,0.0,84.65,464.74,0,1
569.84,0.0,135.35,434.49,0,1
840.46,0.6,157.38,683.08,3,1
559.56,0.0,102.38,457.18,0,1
804.18,0.6,113.54,690.64,3,1
970.47,0.6,257.14,713.33,3,1
950.81,0.6,214.78,736.03,3,1
1157.5,1.0,265.84,891.67,5,1
519.61,0.0,62.43,457.18,0,1
907.72,0.6,209.51,698.21,3,1
949.34,0.8,143.05,806.28,4,1
925.48,0.6,181.89,743.59,3,1
1001.89,0.6,258.3,743.59,3,1
553.07,0.0,103.46,449.62,0,1
597.67,0.0,148.05,449.62,0,1
1083.02,1.0,251.86,831.15,5,1
1152.94,1.0,276.41,876.54,5,1
713.45,0.2,148.19,565.26,1,1
1212.99,1.0,321.32,891.67,5,1
1007.31,0.8,208.59,798.72,4,1
688.12,0.2,130.43,557.69,1,1
662.54,0.2,119.97,542.56,1,1
737.28,0.4,124.46,612.82,2,1
700.91,0.2,135.65,565.26,1,1
646.4,0.2,103.84,542.56,1,1
1130.94,0.8,294.41,836.54,4,1
661.48,0.2,111.35,550.13,1,1
958.22,0.6,229.76,728.46,3,1
670.85,0.2,98.03,572.82,1,1
873.96,0.6,168.19,705.77,3,1
578.11,0.0,151.19,426.92,0,1
577.87,0.0,143.38,434.49,0,1
778.57,0.4,158.19,620.38,2,1
678.88,0.2,166.57,512.31,1,1
797.4,0.4,146.76,650.64,2,1
894.91,0.6,143.76,751.15,3,1
909.81,0.4,266.73,643.08,2,1
667.04,0.2,109.35,557.69,1,1
857.1,0.6,166.46,690.64,3,1
675.59,0.2,125.46,550.13,1,1
610.7,0.2,75.7,535.0,1,1
446.9,0.0,35.11,411.79,0,1
726.52,0.6,73.7,652.82,3,1
663.0,0.2,128.0,535.0,1,1
936.61,0.8,145.46,791.15,4,1
