"Total_Cost","Ratio_Reloc_Prod","Horiz_Cost","Vert_Cost","nReloc","non_Optimal"
228760.49,0.4787,34491.07,194269.46,718,300
771.19,0.4,135.68,635.51,2,1
845.48,0.4,194.84,650.64,2,1
954.82,0.8,140.97,813.85,4,1
897.48,0.6,153.89,743.59,3,1
525.39,0.0,45.51,479.87,0,1
641.46,0.2,53.51,587.95,1,1
683.47,0.2,110.65,572.82,1,1
810.79,0.6,150.41,660.38,3,1
656.22,0.2,128.78,527.44,1,1
762.54,0.4,119.46,643.08,2,1
1186.54,1.4,169.49,1017.05,7,1
737.21,0.4,94.14,643.08,2,1
574.12,0.2,61.81,512.31,1,1
586.46,0.2,59.03,527.44,1,1
930.57,0.6,194.54,736.03,3,1
674.74,0.4,61.92,612.82,2,1
809.52,0.6,88.62,720.9,3,1
959.68,0.8,191.22,768.46,4,1
789.24,0.6,106.16,683.08,3,1
766.23,0.4,100.46,665.77,2,1
1031.23,1.0,192.51,838.72,5,1
690.15,0.2,132.46,557.69,1,1
887.27,0.6,143.68,743.59,3,1
854.83,0.6,111.24,743.59,3,1
860.17,0.6,146.84,713.33,3,1
664.35,0.2,121.78,542.56,1,1
994.8,1.0,156.08,838.72,5,1
543.72,0.0,86.54,457.18,0,1
810.71,0.6,142.76,667.95,3,1
552.8,0.0,88.05,464.74,0,1
451.47,0.0,32.11,419.36,0,1
440.5,0.0,28.7,411.79,0,1
722.7,0.4,79.62,643.08,2,1
738.18,0.4,87.54,650.64,2,1
663.91,0.2,98.65,565.26,1,1
870.14,0.8,109.24,760.9,4,1
883.67,0.8,92.51,791.15,4,1
701.85,0.4,89.03,612.82,2,1
792.37,0.4,149.3,643.08,2,1
721.3,0.6,60.92,660.38,3,1
981.67,1.0,105.14,876.54,5,1
486.05,0.0,44.0,442.05,0,1
572.63,0.2,60.32,512.31,1,1
841.01,0.8,80.11,760.9,4,1
460.12,0.0,48.32,411.79,0,1
666.41,0.4,98.97,567.44,2,1
802.59,0.6,127.08,675.51,3,1
588.67,0.2,46.11,542.56,1,1
779.19,0.4,143.68,635.51,2,1
962.99,1.0,124.27,838.72,5,1
477.0,0.0,42.51,434.49,0,1
708.69,0.2,151.0,557.69,1,1
640.05,0.4,49.92,590.13,2,1
751.98,0.4,131.59,620.38,2,1
558.89,0.0,109.27,449.62,0,1
877.41,0.8,108.95,768.46,4,1
696.16,0.4,68.22,627.95,2,1
998.46,1.0,137.05,861.41,5,1
766.73,0.6,83.65,683.08,3,1
641.91,0.2,76.65,565.26,1,1
640.12,0.2,82.43,557.69,1,1
764.52,0.4,136.57,627.95,2,1
720.7,0.4,130.57,590.13,2,1
709.75,0.4,127.19,582.56,2,1
937.03,0.8,161.0,776.03,4,1
671.42,0.4,73.73,597.69,2,1
781.39,0.6,128.57,652.82,3,1
856.61,0.6,158.41,698.21,3,1
495.67,0.0,53.62,442.05,0,1
657.21,0.2,114.65,542.56,1,1
457.36,0.0,38.0,419.36,0,1
1046.08,1.2,129.54,916.54,6,1
754.54,0.6,79.03,675.51,3,1
678.29,0.2,128.16,550.13,1,1
674.99,0.2,124.86,550.13,1,1
649.12,0.2,91.43,557.69,1,1
667.7,0.2,117.57,550.13,1,1
1135.93,1.0,229.14,906.79,5,1
627.19,0.2,84.62,542.56,1,1
677.33,0.4,64.51,612.82,2,1
873.14,0.6,144.68,728.46,3,1
819.66,0.6,121.46,698.21,3,1
858.43,0.6,129.97,728.46,3,1
907.87,0.6,194.54,713.33,3,1
896.25,0.6,182.92,713.33,3,1
765.75,0.4,122.68,643.08,2,1
813.52,0.4,193.14,620.38,2,1
1151.69,1.4,172.46,979.23,7,1
754.81,0.4,126.86,627.95,2,1
510.73,0.0,76.24,434.49,0,1
713.74,0.6,60.92,652.82,3,1
609.43,0.2,74.43,535.0,1,1
985.81,1.0,162.22,823.59,5,1
645.92,0.2,118.49,527.44,1,1
1000.73,0.8,232.27,768.46,4,1
905.49,0.8,144.59,760.9,4,1
1029.09,1.0,182.81,846.28,5,1
687.25,0.4,74.43,612.82,2,1
486.56,0.0,44.51,442.05,0,1
599.98,0.2,72.54,527.44,1,1
677.26,0.2,119.57,557.69,1,1
601.25,0.2,88.95,512.31,1,1
872.86,0.8,96.84,776.03,4,1
565.15,0.2,60.41,504.74,1,1
666.21,0.2,116.08,550.13,1,1
696.06,0.4,83.24,612.82,2,1
800.64,0.6,117.57,683.08,3,1
958.14,0.8,197.24,760.9,4,1
650.72,0.4,53.03,597.69,2,1
937.06,0.8,183.73,753.33,4,1
794.21,0.6,111.14,683.08,3,1
651.57,0.2,116.57,535.0,1,1
696.74,0.4,83.92,612.82,2,1
1191.14,1.4,189.22,1001.92,7,1
901.72,0.8,110.57,791.15,4,1
800.2,0.6,94.43,705.77,3,1
1030.88,1.0,131.65,899.23,5,1
564.29,0.0,114.68,449.62,0,1
807.2,0.6,101.43,705.77,3,1
661.7,0.2,111.57,550.13,1,1
533.45,0.2,28.7,504.74,1,1
828.09,0.6,114.76,713.33,3,1
799.29,0.6,108.65,690.64,3,1
747.54,0.6,72.03,675.51,3,1
590.79,0.2,70.92,519.87,1,1
600.17,0.0,173.24,426.92,0,1
1209.11,1.4,252.57,956.54,7,1
681.33,0.4,68.51,612.82,2,1
801.49,0.6,73.03,728.46,3,1
906.48,0.8,175.84,730.64,4,1
654.1,0.2,111.54,542.56,1,1
581.06,0.2,53.62,527.44,1,1
950.4,0.8,166.81,783.59,4,1
669.56,0.2,111.86,557.69,1,1
997.33,1.0,143.49,853.85,5,1
1045.34,0.8,254.19,791.15,4,1
692.69,0.2,119.86,572.82,1,1
550.18,0.0,85.43,464.74,0,1
625.33,0.2,105.46,519.87,1,1
525.45,0.0,75.84,449.62,0,1
632.45,0.2,127.7,504.74,1,1
754.74,0.6,41.41,713.33,3,1
842.42,0.8,96.65,745.77,4,1
800.56,0.6,102.35,698.21,3,1
849.94,0.6,106.35,743.59,3,1
554.15,0.2,49.41,504.74,1,1
995.57,1.0,134.16,861.41,5,1
504.33,0.0,69.84,434.49,0,1
655.75,0.4,65.62,590.13,2,1
913.19,0.8,137.16,776.03,4,1
967.87,0.8,214.54,753.33,4,1
709.74,0.4,89.35,620.38,2,1
874.62,0.6,146.16,728.46,3,1
468.84,0.0,41.92,426.92,0,1
927.7,0.6,184.11,743.59,3,1
719.24,0.4,83.73,635.51,2,1
783.1,0.6,92.46,690.64,3,1
850.35,0.6,114.32,736.03,3,1
925.51,0.8,149.49,776.03,4,1
855.37,0.4,204.73,650.64,2,1
741.65,0.4,121.27,620.38,2,1
500.51,0.0,66.03,434.49,0,1
775.8,0.6,70.03,705.77,3,1
820.96,0.6,122.76,698.21,3,1
771.07,0.6,80.43,690.64,3,1
847.96,0.6,142.19,705.77,3,1
640.5,0.4,42.81,597.69,2,1
721.84,0.4,86.32,635.51,2,1
852.47,0.6,139.14,713.33,3,1
560.66,0.2,55.92,504.74,1,1
817.53,0.6,119.32,698.21,3,1
578.92,0.2,96.86,482.05,1,1
614.34,0.2,64.22,550.13,1,1
785.67,0.4,142.59,643.08,2,1
658.34,0.2,100.65,557.69,1,1
1039.38,1.0,223.35,816.03,5,1
614.5,0.2,56.81,557.69,1,1
464.93,0.0,53.14,411.79,0,1
473.63,0.0,46.7,426.92,0,1
912.38,0.8,136.35,776.03,4,1
649.73,0.2,107.16,542.56,1,1
538.31,0.0,81.14,457.18,0,1
796.67,0.6,121.16,675.51,3,1
539.21,0.0,97.16,442.05,0,1
903.78,0.8,127.76,776.03,4,1
572.33,0.2,60.03,512.31,1,1
1329.55,1.4,282.24,1047.31,7,1
1195.26,1.4,163.08,1032.18,7,1
720.03,0.4,84.51,635.51,2,1
766.75,0.2,209.05,557.69,1,1
774.03,0.4,146.08,627.95,2,1
862.28,0.6,141.38,720.9,3,1
784.42,0.6,86.22,698.21,3,1
556.26,0.2,51.51,504.74,1,1
667.83,0.2,110.14,557.69,1,1
913.45,0.8,129.86,783.59,4,1
1231.17,1.6,196.81,1034.36,8,1
600.19,0.2,57.62,542.56,1,1
489.89,0.0,55.41,434.49,0,1
804.22,0.6,136.27,667.95,3,1
697.69,0.4,92.43,605.26,2,1
515.78,0.0,73.73,442.05,0,1
512.51,0.0,78.03,434.49,0,1
809.37,0.8,78.73,730.64,4,1
599.04,0.2,86.73,512.31,1,1
514.67,0.0,72.62,442.05,0,1
641.81,0.2,99.24,542.56,1,1
694.23,0.4,81.41,612.82,2,1
655.13,0.2,112.57,542.56,1,1
817.46,0.6,134.38,683.08,3,1
889.45,0.8,158.81,730.64,4,1
639.21,0.2,96.65,542.56,1,1
983.21,0.8,199.62,783.59,4,1
929.47,0.8,115.62,813.85,4,1
753.32,0.6,77.81,675.51,3,1
753.96,0.4,148.7,605.26,2,1
624.74,0.2,104.86,519.87,1,1
500.16,0.0,58.11,442.05,0,1
1387.36,1.8,260.05,1127.31,9,1
754.65,0.4,134.27,620.38,2,1
797.31,0.6,91.54,705.77,3,1
799.59,0.6,108.95,690.64,3,1
530.93,0.0,58.62,472.31,0,1
897.99,0.6,207.35,690.64,3,1
667.86,0.2,132.86,535.0,1,1
600.54,0.2,65.54,535.0,1,1
855.22,0.4,227.27,627.95,2,1
1005.0,1.0,143.59,861.41,5,1
1025.21,1.0,148.68,876.54,5,1
1021.0,1.0,144.46,876.54,5,1
508.72,0.0,59.11,449.62,0,1
765.28,0.4,144.89,620.38,2,1
867.38,0.6,146.49,720.9,3,1
1078.82,1.0,232.54,846.28,5,1
1204.2,1.4,164.46,1039.74,7,1
879.11,0.6,143.08,736.03,3,1
850.15,0.6,159.51,690.64,3,1
813.96,0.6,115.76,698.21,3,1
748.13,0.4,105.05,643.08,2,1
631.24,0.2,96.24,535.0,1,1
545.77,0.0,81.03,464.74,0,1
731.25,0.4,110.86,620.38,2,1
597.14,0.0,117.27,479.87,0,1
662.38,0.2,127.38,535.0,1,1
649.02,0.2,91.32,557.69,1,1
661.31,0.4,63.62,597.69,2,1
719.77,0.4,106.95,612.82,2,1
1191.87,1.4,197.51,994.36,7,1
1022.81,1.0,146.27,876.54,5,1
909.53,0.6,203.76,705.77,3,1
948.85,0.8,210.65,738.21,4,1
729.8,0.2,172.11,557.69,1,1
705.13,0.4,69.62,635.51,2,1
789.18,0.6,98.54,690.64,3,1
659.64,0.2,101.95,557.69,1,1
851.48,0.6,168.41,683.08,3,1
781.49,0.4,161.11,620.38,2,1
626.77,0.2,114.46,512.31,1,1
799.11,0.4,178.73,620.38,2,1
748.07,0.4,97.43,650.64,2,1
861.69,0.8,123.49,738.21,4,1
644.58,0.2,79.32,565.26,1,1
908.19,0.6,187.3,720.9,3,1
480.62,0.0,31.0,449.62,0,1
601.57,0.2,74.14,527.44,1,1
734.35,0.4,98.84,635.51,2,1
980.83,1.0,149.68,831.15,5,1
760.97,0.6,70.32,690.64,3,1
679.42,0.4,81.73,597.69,2,1
894.59,0.6,219.08,675.51,3,1
886.83,0.6,135.68,751.15,3,1
865.17,0.6,144.27,720.9,3,1
861.76,0.8,85.73,776.03,4,1
723.95,0.4,103.57,620.38,2,1
605.43,0.2,70.43,535.0,1,1
1451.0,1.8,232.92,1218.08,9,1
798.87,0.6,85.54,713.33,3,1
744.57,0.4,109.05,635.51,2,1
1027.33,0.8,205.92,821.41,4,1
777.1,0.6,94.03,683.08,3,1
584.95,0.2,57.51,527.44,1,1
1253.84,1.6,211.92,1041.92,8,1
672.95,0.4,45.0,627.95,2,1
708.1,0.4,125.54,582.56,2,1
999.44,1.0,145.59,853.85,5,1
648.71,0.2,121.27,527.44,1,1
455.63,0.0,28.7,426.92,0,1
492.38,0.0,50.32,442.05,0,1
696.87,0.4,68.92,627.95,2,1
584.71,0.2,64.84,519.87,1,1
1003.58,1.0,104.35,899.23,5,1
717.27,0.4,89.32,627.95,2,1
768.51,0.6,85.43,683.08,3,1
851.37,0.6,168.3,683.08,3,1
716.65,0.4,96.27,620.38,2,1
642.94,0.2,85.24,557.69,1,1
488.6,0.0,54.11,434.49,0,1
958.38,0.8,189.92,768.46,4,1
643.32,0.2,100.76,542.56,1,1
727.54,0.4,92.03,635.51,2,1
