"Total_Cost","Ratio_Reloc_Prod","Horiz_Cost","Vert_Cost","nReloc","non_Optimal"
225940.1,0.432,35703.58,190236.58,648,113
740.64,0.4,82.43,658.21,2,0
520.26,0.0,55.51,464.74,0,0
751.75,0.4,93.54,658.21,2,1
808.97,0.4,165.89,643.08,2,0
736.74,0.4,116.35,620.38,2,0
882.09,0.8,128.76,753.33,4,0
744.59,0.4,93.95,650.64,2,1
805.36,0.6,92.03,713.33,3,0
689.76,0.2,162.32,527.44,1,1
701.41,0.4,81.03,620.38,2,0
777.98,0.4,157.59,620.38,2,0
1007.77,0.8,209.05,798.72,4,1
691.29,0.2,133.59,557.69,1,0
881.7,0.8,113.24,768.46,4,0
761.99,0.4,111.35,650.64,2,0
446.06,0.0,26.7,419.36,0,0
585.52,0.0,105.65,479.87,0,0
817.75,0.6,119.54,698.21,3,0
958.27,0.6,222.24,736.03,3,0
526.07,0.0,61.32,464.74,0,0
784.91,0.4,134.27,650.64,2,1
1019.92,1.0,143.38,876.54,5,1
904.86,0.8,174.22,730.64,4,0
1181.24,1.6,131.76,1049.49,8,1
844.36,0.6,138.59,705.77,3,0
485.83,0.0,36.22,449.62,0,0
759.75,0.4,116.68,643.08,2,1
675.07,0.4,84.95,590.13,2,1
1613.63,0.8,860.3,753.33,4,1
624.23,0.2,51.41,572.82,1,0
896.28,0.8,135.38,760.9,4,1
636.46,0.2,101.46,535.0,1,0
900.61,0.8,162.41,738.21,4,1
990.43,1.0,121.46,868.97,5,1
547.1,0.2,49.92,497.18,1,0
908.94,0.8,125.35,783.59,4,0
646.95,0.2,127.08,519.87,1,0
602.9,0.0,130.59,472.31,0,0
664.47,0.2,144.59,519.87,1,0
939.06,1.0,85.22,853.85,5,0
883.13,0.6,131.97,751.15,3,1
739.62,0.4,96.54,643.08,2,1
1118.83,1.0,227.16,891.67,5,1
683.38,0.2,148.38,535.0,1,0
659.94,0.2,102.24,557.69,1,0
961.81,0.8,193.35,768.46,4,0
518.77,0.0,54.03,464.74,0,0
658.62,0.2,116.05,542.56,1,0
622.07,0.2,56.81,565.26,1,0
1197.28,1.4,218.05,979.23,7,0
900.55,0.6,187.22,713.33,3,1
487.56,0.0,45.51,442.05,0,1
732.88,0.4,67.11,665.77,2,0
604.48,0.2,61.92,542.56,1,0
945.75,0.8,154.59,791.15,4,0
780.7,0.6,90.05,690.64,3,0
721.03,0.4,100.65,620.38,2,0
720.13,0.4,84.62,635.51,2,1
710.12,0.4,104.86,605.26,2,0
762.45,0.6,71.81,690.64,3,0
521.88,0.0,64.7,457.18,0,0
653.2,0.2,87.95,565.26,1,1
927.73,0.8,159.27,768.46,4,1
790.9,0.6,85.14,705.77,3,1
922.65,0.8,154.19,768.46,4,1
962.43,0.8,118.32,844.1,4,0
702.7,0.4,59.62,643.08,2,1
448.76,0.0,29.41,419.36,0,0
796.07,0.6,105.43,690.64,3,1
766.75,0.4,108.54,658.21,2,1
1066.32,1.0,182.22,884.1,5,1
789.92,0.6,121.97,667.95,3,1
445.47,0.0,26.11,419.36,0,0
893.75,0.8,110.16,783.59,4,0
865.9,0.6,152.57,713.33,3,1
836.36,0.6,130.59,705.77,3,0
916.15,0.6,165.0,751.15,3,0
590.9,0.2,71.03,519.87,1,1
982.33,0.8,168.49,813.85,4,0
851.78,0.6,100.62,751.15,3,0
867.35,0.6,123.76,743.59,3,0
789.86,0.6,114.35,675.51,3,0
852.76,0.6,131.86,720.9,3,1
774.35,0.4,146.41,627.95,2,0
657.33,0.2,129.89,527.44,1,0
718.0,0.2,175.43,542.56,1,0
492.27,0.0,50.22,442.05,0,1
648.18,0.2,82.92,565.26,1,0
687.19,0.4,44.11,643.08,2,0
1513.32,1.0,757.81,755.51,5,1
491.62,0.0,42.0,449.62,0,0
702.79,0.2,129.97,572.82,1,0
877.11,0.8,108.65,768.46,4,1
1037.79,1.0,168.81,868.97,5,1
478.7,0.0,44.22,434.49,0,0
522.77,0.0,58.03,464.74,0,0
901.43,0.8,117.84,783.59,4,0
981.61,0.8,182.89,798.72,4,1
566.71,0.0,86.84,479.87,0,1
638.83,0.2,81.14,557.69,1,0
1299.81,1.4,229.81,1070.0,7,0
1120.74,1.0,266.89,853.85,5,0
527.07,0.0,62.32,464.74,0,1
882.67,0.8,106.65,776.03,4,0
614.84,0.2,79.84,535.0,1,0
558.31,0.0,93.57,464.74,0,0
504.17,0.0,77.24,426.92,0,1
576.13,0.2,78.95,497.18,1,1
660.5,0.2,95.24,565.26,1,0
842.59,0.6,106.57,736.03,3,0
488.38,0.0,46.32,442.05,0,1
774.28,0.4,153.89,620.38,2,0
803.85,0.6,105.65,698.21,3,0
778.66,0.4,120.46,658.21,2,1
653.99,0.2,88.73,565.26,1,0
729.5,0.2,171.81,557.69,1,0
845.05,0.8,121.97,723.08,4,0
546.69,0.0,81.95,464.74,0,1
906.04,0.6,139.76,766.28,3,0
855.12,0.8,109.35,745.77,4,0
445.47,0.0,26.11,419.36,0,0
936.56,0.6,253.49,683.08,3,0
844.16,0.6,108.14,736.03,3,0
735.13,0.4,145.0,590.13,2,0
801.71,0.6,80.81,720.9,3,1
823.23,0.6,117.46,705.77,3,1
986.43,1.0,102.32,884.1,5,0
898.46,0.6,170.0,728.46,3,1
641.37,0.2,91.24,550.13,1,1
578.57,0.2,58.7,519.87,1,0
848.4,0.6,165.32,683.08,3,0
856.56,0.6,112.97,743.59,3,0
791.48,0.6,100.84,690.64,3,0
887.6,0.6,166.7,720.9,3,0
686.48,0.4,96.35,590.13,2,1
962.86,0.8,186.84,776.03,4,1
815.6,0.6,87.14,728.46,3,1
632.03,0.0,144.59,487.44,0,0
946.54,1.0,70.0,876.54,5,1
706.23,0.4,100.97,605.26,2,0
777.55,0.6,117.16,660.38,3,0
736.69,0.4,123.86,612.82,2,1
978.77,0.6,220.05,758.72,3,0
785.18,0.6,94.54,690.64,3,1
741.99,0.4,76.22,665.77,2,1
731.89,0.4,103.95,627.95,2,0
775.07,0.4,116.86,658.21,2,0
657.07,0.2,91.81,565.26,1,0
782.94,0.4,139.86,643.08,2,1
580.96,0.0,108.65,472.31,0,1
485.27,0.0,43.22,442.05,0,1
642.02,0.2,84.32,557.69,1,1
733.25,0.4,112.86,620.38,2,0
747.48,0.4,149.78,597.69,2,0
787.86,0.4,144.78,643.08,2,1
563.45,0.2,73.84,489.62,1,0
577.87,0.2,50.43,527.44,1,1
608.46,0.2,81.03,527.44,1,1
639.19,0.2,111.76,527.44,1,0
664.67,0.2,106.97,557.69,1,0
755.8,0.4,158.11,597.69,2,0
717.62,0.4,82.11,635.51,2,1
729.44,0.4,109.05,620.38,2,0
640.26,0.2,90.14,550.13,1,0
810.78,0.4,167.7,643.08,2,1
659.44,0.2,86.62,572.82,1,1
853.19,0.6,117.16,736.03,3,0
963.65,1.0,155.19,808.46,5,0
1020.84,0.8,199.43,821.41,4,0
717.6,0.2,144.78,572.82,1,1
792.02,0.4,141.38,650.64,2,0
670.28,0.4,65.03,605.26,2,0
649.69,0.4,52.0,597.69,2,1
589.0,0.2,54.0,535.0,1,1
752.48,0.4,101.84,650.64,2,1
808.68,0.6,95.35,713.33,3,0
767.29,0.4,116.65,650.64,2,1
1023.97,0.8,240.38,783.59,4,0
810.55,0.4,144.78,665.77,2,0
608.52,0.2,88.65,519.87,1,0
671.1,0.4,73.41,597.69,2,0
567.24,0.0,125.19,442.05,0,0
1026.21,1.0,134.54,891.67,5,0
579.65,0.2,52.22,527.44,1,0
829.57,0.6,161.62,667.95,3,0
583.47,0.0,111.16,472.31,0,0
967.23,1.0,120.95,846.28,5,0
665.09,0.2,99.84,565.26,1,0
867.6,0.6,146.7,720.9,3,1
803.08,0.6,127.57,675.51,3,0
892.73,0.6,164.27,728.46,3,0
1013.95,1.0,144.97,868.97,5,1
767.27,0.4,131.76,635.51,2,0
530.68,0.0,50.81,479.87,0,0
678.31,0.2,113.05,565.26,1,0
621.44,0.4,54.0,567.44,2,0
768.1,0.4,117.46,650.64,2,0
763.59,0.4,112.95,650.64,2,1
637.21,0.2,94.65,542.56,1,1
1010.92,1.0,210.03,800.9,5,0
806.4,0.6,130.89,675.51,3,1
489.0,0.0,54.51,434.49,0,0
553.23,0.0,96.05,457.18,0,1
874.54,0.6,130.95,743.59,3,0
802.25,0.6,88.92,713.33,3,1
804.41,0.6,144.03,660.38,3,1
602.17,0.2,74.73,527.44,1,1
592.48,0.2,49.92,542.56,1,0
902.77,0.6,189.43,713.33,3,0
648.14,0.2,75.32,572.82,1,0
692.83,0.2,142.7,550.13,1,1
1020.24,1.2,96.14,924.1,6,1
874.03,0.8,113.14,760.9,4,1
576.23,0.2,79.05,497.18,1,0
724.67,0.6,94.54,630.13,3,1
723.35,0.6,55.41,667.95,3,0
635.53,0.4,45.41,590.13,2,0
684.28,0.2,164.41,519.87,1,0
668.02,0.2,125.46,542.56,1,0
799.1,0.6,108.46,690.64,3,0
1170.49,1.2,216.14,954.36,6,1
631.77,0.2,66.51,565.26,1,0
807.38,0.6,131.86,675.51,3,0
663.45,0.2,105.76,557.69,1,0
1044.59,1.2,128.05,916.54,6,0
907.07,0.6,216.43,690.64,3,0
995.18,0.8,204.03,791.15,4,0
568.8,0.2,71.62,497.18,1,0
826.11,0.6,97.65,728.46,3,0
799.13,0.6,116.05,683.08,3,0
965.56,0.6,206.84,758.72,3,0
894.12,0.8,140.78,753.33,4,1
780.11,0.4,144.59,635.51,2,1
1207.65,1.4,205.73,1001.92,7,1
941.07,0.8,134.78,806.28,4,0
702.96,0.4,90.14,612.82,2,1
638.71,0.2,111.27,527.44,1,0
821.38,0.4,193.43,627.95,2,0
713.71,0.2,193.84,519.87,1,0
714.05,0.2,179.05,535.0,1,1
682.04,0.4,69.22,612.82,2,1
670.21,0.2,120.08,550.13,1,0
788.18,0.6,97.54,690.64,3,0
871.23,0.6,157.89,713.33,3,0
594.76,0.2,67.32,527.44,1,1
746.46,0.4,110.95,635.51,2,0
526.47,0.0,61.73,464.74,0,1
663.16,0.4,73.03,590.13,2,1
590.35,0.2,62.92,527.44,1,1
758.26,0.4,100.05,658.21,2,1
673.12,0.2,107.86,565.26,1,0
765.9,0.4,100.14,665.77,2,0
621.45,0.0,156.7,464.74,0,1
608.01,0.2,88.14,519.87,1,0
706.88,0.6,61.62,645.26,3,0
763.13,0.4,120.05,643.08,2,0
531.31,0.0,74.14,457.18,0,1
501.27,0.0,59.22,442.05,0,1
762.06,0.4,141.68,620.38,2,1
745.34,0.2,195.22,550.13,1,0
935.1,1.0,103.95,831.15,5,0
642.66,0.2,77.41,565.26,1,0
886.68,0.6,158.22,728.46,3,0
563.87,0.2,44.0,519.87,1,1
700.37,0.2,157.81,542.56,1,1
650.4,0.4,52.7,597.69,2,1
681.36,0.4,76.11,605.26,2,1
584.09,0.2,79.35,504.74,1,0
736.63,0.4,131.38,605.26,2,0
1316.03,0.6,655.65,660.38,3,1
583.35,0.2,55.92,527.44,1,0
593.35,0.2,65.92,527.44,1,1
654.57,0.2,119.57,535.0,1,0
509.54,0.0,75.05,434.49,0,1
686.04,0.2,120.78,565.26,1,0
729.83,0.4,139.7,590.13,2,0
705.99,0.6,60.73,645.26,3,1
467.98,0.0,48.62,419.36,0,1
565.01,0.0,100.27,464.74,0,1
674.09,0.2,108.84,565.26,1,0
740.99,0.4,75.22,665.77,2,0
760.08,0.4,124.57,635.51,2,0
726.72,0.4,68.51,658.21,2,0
504.62,0.0,70.14,434.49,0,1
490.46,0.0,48.41,442.05,0,1
855.14,0.8,94.24,760.9,4,0
927.42,0.8,136.27,791.15,4,0
616.84,0.2,81.84,535.0,1,0
654.93,0.4,42.11,612.82,2,1
797.67,0.6,122.16,675.51,3,1
531.63,0.0,59.32,472.31,0,0
687.01,0.4,81.76,605.26,2,0
661.93,0.2,149.62,512.31,1,0
770.1,0.4,119.46,650.64,2,0
656.63,0.2,129.19,527.44,1,1
694.53,0.2,129.27,565.26,1,0
616.08,0.2,73.51,542.56,1,0
875.79,0.6,154.89,720.9,3,0
637.83,0.2,80.14,557.69,1,0
849.79,0.8,81.32,768.46,4,0
