"Total_Cost","Ratio_Reloc_Prod","Horiz_Cost","Vert_Cost","nReloc","non_Optimal"
254204.41,0.398,64555.59,189648.97,597,126
706.6,0.4,86.22,620.38,2,0
900.23,0.6,149.08,751.15,3,0
1035.23,0.8,236.51,798.72,4,0
735.38,0.2,207.95,527.44,1,0
980.0,0.6,251.54,728.46,3,0
778.8,0.4,128.16,650.64,2,0
842.13,0.6,98.54,743.59,3,1
1120.11,1.0,198.19,921.92,5,0
854.04,0.6,140.7,713.33,3,1
982.2,1.0,143.49,838.72,5,1
803.58,0.6,90.24,713.33,3,1
714.89,0.4,71.81,643.08,2,0
931.44,0.8,178.11,753.33,4,1
613.63,0.2,93.76,519.87,1,0
1141.56,0.6,390.41,751.15,3,0
815.5,0.4,157.3,658.21,2,0
1150.33,1.2,195.97,954.36,6,0
813.76,0.4,185.81,627.95,2,0
890.07,0.6,184.3,705.77,3,0
489.83,0.0,40.22,449.62,0,0
865.54,0.6,137.08,728.46,3,0
736.61,0.4,70.84,665.77,2,1
710.49,0.4,82.54,627.95,2,0
596.55,0.2,84.24,512.31,1,1
1211.59,0.4,621.46,590.13,2,1
600.3,0.0,112.86,487.44,0,1
949.79,0.8,135.95,813.85,4,1
993.53,0.8,194.81,798.72,4,0
1129.01,1.0,222.22,906.79,5,0
608.07,0.0,143.32,464.74,0,0
544.74,0.0,80.0,464.74,0,0
666.58,0.2,101.32,565.26,1,0
692.72,0.4,95.03,597.69,2,0
760.99,0.2,195.73,565.26,1,1
576.74,0.0,112.0,464.74,0,0
774.09,0.4,108.32,665.77,2,1
575.61,0.0,110.86,464.74,0,0
681.03,0.2,161.16,519.87,1,0
1173.37,0.6,429.78,743.59,3,0
930.28,0.6,224.51,705.77,3,1
717.22,0.2,197.35,519.87,1,0
1477.76,1.0,555.84,921.92,5,0
661.63,0.2,88.81,572.82,1,0
668.54,0.2,125.97,542.56,1,1
1057.18,0.8,197.95,859.23,4,0
688.77,0.2,115.95,572.82,1,1
918.71,0.4,290.76,627.95,2,0
1196.09,0.6,475.19,720.9,3,0
1023.94,0.6,280.35,743.59,3,0
675.58,0.2,102.76,572.82,1,0
956.7,0.2,421.7,535.0,1,1
1117.88,0.8,266.22,851.67,4,1
925.71,0.6,204.81,720.9,3,1
1403.14,1.0,488.78,914.36,5,1
1062.74,0.6,349.41,713.33,3,1
1380.3,0.8,558.89,821.41,4,0
562.09,0.0,97.35,464.74,0,1
781.6,0.2,261.73,519.87,1,0
655.34,0.2,158.16,497.18,1,1
669.05,0.2,134.05,535.0,1,1
1064.09,0.6,297.81,766.28,3,0
724.26,0.2,159.0,565.26,1,1
756.2,0.4,90.43,665.77,2,0
578.47,0.0,113.73,464.74,0,0
568.21,0.0,111.03,457.18,0,0
502.49,0.0,68.0,434.49,0,1
643.66,0.0,178.92,464.74,0,0
498.6,0.0,79.24,419.36,0,0
941.11,0.6,205.08,736.03,3,0
520.68,0.0,93.76,426.92,0,1
533.62,0.0,99.14,434.49,0,1
515.89,0.0,81.41,434.49,0,1
466.6,0.0,32.11,434.49,0,1
534.33,0.0,99.84,434.49,0,1
892.73,0.6,164.27,728.46,3,1
906.98,0.2,387.11,519.87,1,1
570.64,0.0,113.46,457.18,0,1
758.27,0.4,122.76,635.51,2,1
1082.67,0.6,339.08,743.59,3,0
806.96,0.4,201.7,605.26,2,0
1055.97,0.4,420.46,635.51,2,1
1397.68,1.2,375.24,1022.44,6,0
1191.48,1.2,199.3,992.18,6,0
498.99,0.0,41.81,457.18,0,1
699.37,0.2,141.68,557.69,1,0
564.63,0.0,92.32,472.31,0,0
888.96,0.2,323.7,565.26,1,1
931.58,0.4,273.38,658.21,2,0
800.18,0.4,149.54,650.64,2,1
552.75,0.0,103.14,449.62,0,0
644.73,0.2,109.73,535.0,1,1
446.61,0.0,34.81,411.79,0,1
1113.08,0.6,369.49,743.59,3,0
1127.27,1.0,197.78,929.49,5,1
1348.9,0.8,482.11,866.79,4,0
915.96,0.4,250.19,665.77,2,1
804.04,0.2,238.78,565.26,1,0
923.7,0.6,180.11,743.59,3,0
982.35,0.6,238.76,743.59,3,1
649.83,0.2,92.14,557.69,1,1
703.82,0.2,138.57,565.26,1,1
839.02,0.2,296.46,542.56,1,0
677.69,0.2,104.86,572.82,1,1
1407.54,1.4,345.11,1062.44,7,1
557.55,0.0,85.24,472.31,0,1
634.38,0.0,192.32,442.05,0,1
707.15,0.2,149.46,557.69,1,1
782.26,0.4,124.05,658.21,2,0
1040.07,0.4,374.3,665.77,2,0
687.01,0.2,121.76,565.26,1,0
559.99,0.0,95.24,464.74,0,0
1119.37,0.2,614.62,504.74,1,1
1194.32,1.0,249.7,944.62,5,0
1260.57,1.0,391.59,868.97,5,0
658.91,0.2,101.22,557.69,1,1
817.93,0.4,152.16,665.77,2,1
563.84,0.0,129.35,434.49,0,0
1230.76,1.0,361.78,868.97,5,0
575.67,0.0,126.05,449.62,0,1
1240.2,0.8,441.49,798.72,4,0
677.43,0.2,134.86,542.56,1,1
809.25,0.2,296.95,512.31,1,1
627.05,0.2,92.05,535.0,1,1
726.55,0.2,161.3,565.26,1,0
696.5,0.2,131.24,565.26,1,0
652.12,0.2,94.43,557.69,1,1
1170.47,0.8,371.76,798.72,4,0
939.58,0.4,273.81,665.77,2,0
819.71,0.6,151.76,667.95,3,0
1067.23,1.0,160.43,906.79,5,1
980.34,0.8,249.7,730.64,4,1
1305.77,1.2,306.03,999.74,6,0
1158.97,0.6,468.32,690.64,3,1
979.29,0.6,235.7,743.59,3,1
678.56,0.2,120.86,557.69,1,0
1301.09,1.0,379.16,921.92,5,1
697.38,0.2,162.38,535.0,1,1
624.83,0.2,67.14,557.69,1,1
951.19,0.6,230.3,720.9,3,1
708.65,0.2,166.08,542.56,1,0
594.15,0.0,136.97,457.18,0,0
445.2,0.0,33.41,411.79,0,1
832.25,0.4,204.3,627.95,2,0
1004.73,0.8,236.27,768.46,4,1
763.46,0.2,220.89,542.56,1,1
644.52,0.2,124.65,519.87,1,0
845.54,0.6,177.59,667.95,3,0
641.68,0.2,114.24,527.44,1,0
1052.8,0.8,261.65,791.15,4,1
1189.98,0.8,376.14,813.85,4,0
589.34,0.0,124.59,464.74,0,0
1222.26,1.2,283.03,939.23,6,1
633.1,0.2,75.41,557.69,1,0
633.95,0.2,98.95,535.0,1,0
1313.45,0.8,514.73,798.72,4,0
838.04,0.4,172.27,665.77,2,0
799.12,0.2,233.86,565.26,1,0
783.33,0.4,155.38,627.95,2,1
706.91,0.2,141.65,565.26,1,0
1458.49,1.2,489.0,969.49,6,0
941.9,0.6,221.0,720.9,3,1
842.56,0.4,191.92,650.64,2,0
845.8,0.2,280.54,565.26,1,0
611.21,0.2,114.03,497.18,1,0
874.54,0.4,231.46,643.08,2,1
1094.56,0.6,350.97,743.59,3,0
525.24,0.0,75.62,449.62,0,0
514.41,0.2,39.92,474.49,1,1
1099.87,0.6,378.97,720.9,3,0
1155.69,0.6,389.41,766.28,3,0
875.53,0.2,325.41,550.13,1,1
585.19,0.0,143.14,442.05,0,1
1257.75,0.8,466.59,791.15,4,1
559.92,0.0,117.86,442.05,0,0
809.56,0.4,151.35,658.21,2,0
704.53,0.2,139.27,565.26,1,0
887.75,0.6,204.68,683.08,3,1
1212.65,1.0,351.24,861.41,5,0
1081.92,0.8,245.38,836.54,4,0
787.63,0.2,214.81,572.82,1,0
852.33,0.6,131.43,720.9,3,1
1384.16,0.8,547.62,836.54,4,0
681.91,0.2,116.65,565.26,1,1
1124.21,0.6,388.19,736.03,3,0
698.38,0.2,163.38,535.0,1,0
966.93,0.6,193.08,773.85,3,0
1031.18,0.6,287.59,743.59,3,0
948.66,0.6,250.46,698.21,3,0
530.15,0.0,57.84,472.31,0,1
826.31,0.4,160.54,665.77,2,0
639.77,0.2,74.51,565.26,1,0
649.67,0.2,99.54,550.13,1,1
429.64,0.0,25.41,404.23,0,0
1296.24,0.6,613.16,683.08,3,1
677.28,0.2,112.03,565.26,1,1
807.64,0.2,257.51,550.13,1,0
1045.12,0.6,339.35,705.77,3,0
525.88,0.0,68.7,457.18,0,0
1143.81,0.6,400.22,743.59,3,0
598.74,0.0,134.0,464.74,0,1
1221.61,1.0,329.95,891.67,5,1
535.21,0.0,78.03,457.18,0,1
787.42,0.4,129.22,658.21,2,0
676.95,0.2,141.95,535.0,1,1
1178.72,0.8,387.57,791.15,4,1
771.66,0.2,206.41,565.26,1,1
795.52,0.2,283.22,512.31,1,0
994.81,0.4,359.3,635.51,2,1
1327.44,0.8,574.11,753.33,4,1
1438.82,0.8,677.92,760.9,4,1
856.53,0.2,306.41,550.13,1,0
700.96,0.2,143.27,557.69,1,0
619.71,0.0,147.41,472.31,0,1
823.44,0.4,157.68,665.77,2,0
1067.06,1.0,145.14,921.92,5,1
816.46,0.4,173.38,643.08,2,0
1036.37,0.8,252.78,783.59,4,1
948.94,0.4,305.86,643.08,2,0
828.83,0.2,271.14,557.69,1,0
941.44,0.6,228.11,713.33,3,1
565.23,0.0,108.05,457.18,0,0
1218.39,0.6,452.11,766.28,3,0
718.3,0.2,198.43,519.87,1,1
813.26,0.4,155.05,658.21,2,0
527.14,0.0,92.65,434.49,0,1
664.94,0.4,67.24,597.69,2,1
666.45,0.2,108.76,557.69,1,0
816.97,0.4,173.89,643.08,2,1
985.04,0.6,226.32,758.72,3,0
1190.43,0.4,547.35,643.08,2,0
652.69,0.0,195.51,457.18,0,1
701.34,0.2,143.65,557.69,1,1
835.23,0.4,169.46,665.77,2,0
1091.69,0.6,332.97,758.72,3,0
941.53,0.6,190.38,751.15,3,0
659.65,0.2,124.65,535.0,1,0
945.0,0.6,201.41,743.59,3,0
590.67,0.0,133.49,457.18,0,0
561.39,0.0,96.65,464.74,0,0
642.0,0.2,114.57,527.44,1,1
710.2,0.2,144.95,565.26,1,0
523.6,0.2,49.11,474.49,1,0
655.97,0.2,105.84,550.13,1,1
935.47,0.4,269.7,665.77,2,0
626.04,0.2,128.86,497.18,1,1
577.24,0.0,142.76,434.49,0,1
939.63,0.6,286.81,652.82,3,1
918.91,0.8,135.32,783.59,4,1
1014.66,0.8,200.81,813.85,4,0
1150.69,0.6,452.49,698.21,3,1
1079.11,0.6,343.08,736.03,3,0
771.54,0.2,228.97,542.56,1,1
857.8,0.4,192.03,665.77,2,0
1074.24,0.6,338.22,736.03,3,1
1243.89,1.0,306.84,937.05,5,0
721.77,0.2,164.08,557.69,1,1
553.88,0.0,89.14,464.74,0,0
664.41,0.2,136.97,527.44,1,1
547.61,0.0,90.43,457.18,0,0
653.21,0.2,110.65,542.56,1,0
549.04,0.0,91.86,457.18,0,0
708.23,0.2,142.97,565.26,1,1
1312.85,0.8,506.57,806.28,4,1
866.06,0.6,198.11,667.95,3,0
809.47,0.4,189.08,620.38,2,0
854.7,0.4,211.62,643.08,2,0
566.63,0.0,94.32,472.31,0,0
1353.06,1.2,345.76,1007.31,6,0
1335.11,0.6,614.22,720.9,3,1
981.82,0.4,316.05,665.77,2,0
577.8,0.0,113.05,464.74,0,0
923.1,0.2,365.41,557.69,1,0
872.62,0.4,237.11,635.51,2,0
1130.42,0.8,331.7,798.72,4,0
585.29,0.2,88.11,497.18,1,0
1392.39,0.8,593.68,798.72,4,0
446.17,0.0,26.81,419.36,0,0
1195.34,1.0,288.54,906.79,5,1
717.58,0.2,159.89,557.69,1,0
573.94,0.0,116.76,457.18,0,1
543.95,0.0,109.46,434.49,0,1
1348.32,1.2,431.78,916.54,6,1
640.77,0.0,176.03,464.74,0,0
609.17,0.2,81.73,527.44,1,0
546.28,0.0,81.54,464.74,0,0
800.84,0.4,172.89,627.95,2,0
626.03,0.2,106.16,519.87,1,1
567.94,0.0,110.76,457.18,0,0
753.88,0.2,203.76,550.13,1,0
530.31,0.0,73.14,457.18,0,0
467.19,0.0,32.7,434.49,0,1
1088.89,0.8,252.35,836.54,4,0
510.16,0.0,60.54,449.62,0,0
758.99,0.2,193.73,565.26,1,0
1221.16,0.8,437.57,783.59,4,0
2101.14,1.4,1091.65,1009.49,7,0
1348.56,0.6,650.35,698.21,3,0
1343.2,1.0,496.92,846.28,5,0
599.29,0.0,149.68,449.62,0,1
641.65,0.2,106.65,535.0,1,1
