"Total_Cost","Ratio_Reloc_Prod","Horiz_Cost","Vert_Cost","nReloc","non_Optimal"
232049.51,0.4253,42576.05,189473.55,638,192
704.6,0.4,84.22,620.38,2,0
877.16,0.6,133.57,743.59,3,1
988.59,0.8,205.0,783.59,4,0
726.46,0.2,199.03,527.44,1,0
909.25,0.6,195.92,713.33,3,1
762.26,0.4,104.05,658.21,2,0
867.72,0.6,116.57,751.15,3,1
1046.55,1.0,139.76,906.79,5,1
1034.39,0.6,321.05,713.33,3,1
1011.49,1.0,150.08,861.41,5,1
803.58,0.6,90.24,713.33,3,0
714.89,0.4,71.81,643.08,2,0
953.38,0.8,192.49,760.9,4,1
608.22,0.2,88.35,519.87,1,0
952.59,0.6,216.57,736.03,3,1
993.51,0.6,257.49,736.03,3,1
1198.98,1.2,244.62,954.36,6,1
812.48,0.4,169.41,643.08,2,1
841.82,0.6,136.05,705.77,3,0
492.22,0.0,57.73,434.49,0,0
902.57,0.6,174.11,728.46,3,1
724.04,0.4,65.84,658.21,2,1
710.49,0.4,82.54,627.95,2,1
569.16,0.2,79.54,489.62,1,0
1413.08,0.4,838.08,575.0,2,1
632.47,0.2,67.22,565.26,1,0
902.48,0.8,111.32,791.15,4,1
961.12,0.8,162.41,798.72,4,1
1064.22,1.0,210.38,853.85,5,1
591.95,0.0,112.08,479.87,0,0
447.47,0.0,28.11,419.36,0,0
742.24,0.6,66.73,675.51,3,0
755.04,0.4,149.78,605.26,2,0
664.15,0.2,106.46,557.69,1,1
455.58,0.0,36.22,419.36,0,0
755.09,0.4,89.32,665.77,2,1
539.62,0.0,97.57,442.05,0,0
593.85,0.2,81.54,512.31,1,1
889.36,0.8,143.59,745.77,4,1
779.41,0.6,58.51,720.9,3,1
710.82,0.2,190.95,519.87,1,0
1280.18,1.0,388.51,891.67,5,1
533.9,0.0,54.03,479.87,0,0
624.43,0.2,89.43,535.0,1,1
972.94,0.8,128.84,844.1,4,1
626.55,0.2,53.73,572.82,1,1
949.46,0.6,213.43,736.03,3,0
1035.79,0.6,307.32,728.46,3,1
1067.23,1.0,168.0,899.23,5,1
622.72,0.2,65.03,557.69,1,0
681.12,0.2,115.86,565.26,1,1
898.11,0.6,162.08,736.03,3,1
922.02,0.6,223.81,698.21,3,1
945.88,0.8,147.16,798.72,4,1
820.15,0.6,121.95,698.21,3,1
1417.03,1.2,447.54,969.49,6,1
633.14,0.0,145.7,487.44,0,1
555.55,0.2,50.81,504.74,1,0
571.39,0.2,51.51,519.87,1,1
670.91,0.2,105.65,565.26,1,1
829.91,0.4,171.7,658.21,2,0
711.38,0.4,83.43,627.95,2,1
714.24,0.4,78.73,635.51,2,0
442.76,0.0,23.41,419.36,0,0
485.03,0.0,58.11,426.92,0,0
498.97,0.0,56.92,442.05,0,1
571.4,0.0,121.78,449.62,0,0
491.72,0.0,42.11,449.62,0,0
1640.56,1.0,801.84,838.72,5,1
519.8,0.0,62.62,457.18,0,0
635.94,0.4,45.81,590.13,2,1
451.47,0.0,32.11,419.36,0,0
575.11,0.2,40.11,535.0,1,0
546.26,0.0,81.51,464.74,0,1
867.13,0.6,123.54,743.59,3,1
801.73,0.6,118.65,683.08,3,1
565.85,0.0,93.54,472.31,0,1
744.62,0.4,101.54,643.08,2,0
808.81,0.4,173.3,635.51,2,1
694.46,0.2,151.89,542.56,1,1
768.0,0.4,132.49,635.51,2,1
1126.52,1.2,172.16,954.36,6,1
1185.38,1.4,175.89,1009.49,7,1
536.6,0.0,56.73,479.87,0,0
780.87,0.4,152.92,627.95,2,1
569.63,0.2,57.32,512.31,1,1
645.39,0.2,80.14,565.26,1,0
1171.11,1.2,262.14,908.97,6,1
527.01,0.0,54.7,472.31,0,1
541.07,0.0,76.32,464.74,0,0
770.3,0.6,102.35,667.95,3,0
461.36,0.0,42.0,419.36,0,0
1210.32,1.4,246.22,964.1,7,1
654.37,0.2,104.24,550.13,1,0
1212.06,1.0,297.7,914.36,5,1
675.07,0.2,117.38,557.69,1,0
1379.53,1.2,379.78,999.74,6,1
626.0,0.0,138.57,487.44,0,0
978.32,0.6,227.16,751.15,3,1
634.36,0.2,69.11,565.26,1,1
634.22,0.2,114.35,519.87,1,1
711.24,0.2,168.68,542.56,1,0
757.65,0.6,82.14,675.51,3,1
1238.27,1.4,228.78,1009.49,7,1
542.71,0.0,62.84,479.87,0,1
446.76,0.0,27.41,419.36,0,0
660.09,0.2,94.84,565.26,1,1
697.25,0.2,116.86,580.38,1,0
719.75,0.4,122.05,597.69,2,1
587.98,0.0,100.54,487.44,0,0
506.94,0.0,57.32,449.62,0,0
721.99,0.2,164.3,557.69,1,1
885.4,0.6,149.38,736.03,3,1
1041.2,0.8,287.86,753.33,4,1
1029.13,0.8,192.59,836.54,4,1
736.08,0.6,68.14,667.95,3,1
454.06,0.0,34.7,419.36,0,1
1022.64,1.0,138.54,884.1,5,1
529.09,0.0,49.22,479.87,0,0
776.54,0.4,148.59,627.95,2,0
664.43,0.2,121.86,542.56,1,1
618.25,0.4,50.81,567.44,2,1
622.02,0.2,64.32,557.69,1,1
727.08,0.2,184.51,542.56,1,1
650.67,0.2,100.54,550.13,1,1
780.1,0.6,97.03,683.08,3,1
973.38,0.8,151.97,821.41,4,1
828.28,0.6,114.95,713.33,3,0
930.57,1.0,114.54,816.03,5,1
857.96,0.6,106.81,751.15,3,1
768.75,0.6,78.11,690.64,3,1
855.47,0.6,134.57,720.9,3,1
859.56,0.6,168.92,690.64,3,1
806.39,0.4,148.19,658.21,2,1
636.21,0.2,93.65,542.56,1,1
1062.82,0.6,341.92,720.9,3,1
502.53,0.0,52.92,449.62,0,1
664.62,0.2,122.05,542.56,1,0
1094.77,1.0,203.11,891.67,5,1
752.86,0.2,202.73,550.13,1,1
488.16,0.0,46.11,442.05,0,0
448.61,0.0,36.81,411.79,0,0
748.95,0.6,73.43,675.51,3,1
944.11,1.0,143.22,800.9,5,1
851.68,0.8,98.35,753.33,4,1
587.12,0.0,122.38,464.74,0,0
995.07,1.0,148.78,846.28,5,1
614.62,0.2,79.62,535.0,1,0
984.18,0.8,193.03,791.15,4,1
1412.07,1.4,379.89,1032.18,7,1
757.97,0.6,67.32,690.64,3,0
869.17,0.6,148.27,720.9,3,1
678.19,0.2,90.24,587.95,1,1
760.46,0.6,84.95,675.51,3,1
809.7,0.4,166.62,643.08,2,0
780.38,0.4,160.0,620.38,2,1
601.6,0.2,81.73,519.87,1,0
614.4,0.2,56.7,557.69,1,1
561.49,0.0,81.62,479.87,0,0
595.01,0.0,130.27,464.74,0,0
746.72,0.2,189.03,557.69,1,1
833.02,0.6,142.38,690.64,3,1
708.13,0.4,72.62,635.51,2,1
535.07,0.0,85.46,449.62,0,0
577.8,0.0,113.05,464.74,0,1
978.78,1.0,102.24,876.54,5,1
504.1,0.0,46.92,457.18,0,0
492.33,0.0,65.41,426.92,0,1
870.66,0.8,132.46,738.21,4,1
1157.29,0.4,567.16,590.13,2,1
564.96,0.0,92.65,472.31,0,1
607.4,0.2,49.7,557.69,1,1
1007.01,0.8,200.73,806.28,4,1
1308.34,0.6,678.22,630.13,3,1
793.61,0.6,87.84,705.77,3,1
909.96,0.8,111.24,798.72,4,1
607.27,0.2,79.84,527.44,1,1
783.66,0.4,125.46,658.21,2,0
925.47,0.8,164.57,760.9,4,0
788.26,0.4,130.05,658.21,2,1
678.3,0.2,143.3,535.0,1,1
992.78,1.0,116.24,876.54,5,1
941.43,0.8,112.46,828.97,4,1
703.04,0.2,137.78,565.26,1,0
989.72,0.8,191.0,798.72,4,0
738.84,0.4,118.46,620.38,2,1
794.39,0.6,88.62,705.77,3,0
747.73,0.2,205.16,542.56,1,1
545.49,0.0,65.62,479.87,0,0
807.24,0.6,124.16,683.08,3,1
655.2,0.2,89.95,565.26,1,1
458.06,0.0,38.7,419.36,0,1
614.59,0.2,72.03,542.56,1,0
899.45,0.6,201.24,698.21,3,1
710.68,0.4,82.73,627.95,2,1
707.6,0.6,47.22,660.38,3,0
821.12,0.4,215.86,605.26,2,1
1057.69,1.2,186.54,871.15,6,1
880.52,0.6,167.19,713.33,3,1
803.62,0.6,120.54,683.08,3,1
1003.89,0.8,159.78,844.1,4,1
523.52,0.0,51.22,472.31,0,0
658.03,0.2,130.59,527.44,1,0
507.29,0.0,50.11,457.18,0,0
721.67,0.4,123.97,597.69,2,1
540.75,0.0,91.14,449.62,0,0
537.51,0.0,95.46,442.05,0,0
726.4,0.4,83.32,643.08,2,0
773.49,0.4,137.97,635.51,2,1
715.77,0.2,218.59,497.18,1,1
724.16,0.4,88.65,635.51,2,1
528.7,0.0,86.65,442.05,0,0
724.07,0.2,158.81,565.26,1,1
783.7,0.6,100.62,683.08,3,1
829.78,0.6,78.62,751.15,3,1
598.05,0.2,47.92,550.13,1,0
791.56,0.6,100.92,690.64,3,1
880.51,0.4,229.86,650.64,2,1
485.7,0.0,51.22,434.49,0,0
884.27,0.8,108.24,776.03,4,1
804.94,0.6,121.86,683.08,3,1
1209.7,0.6,534.19,675.51,3,1
630.39,0.0,150.51,479.87,0,1
635.37,0.2,85.24,550.13,1,0
643.47,0.2,78.22,565.26,1,1
733.73,0.4,90.65,643.08,2,1
917.49,0.8,156.59,760.9,4,1
853.01,0.6,139.68,713.33,3,1
825.12,0.4,166.92,658.21,2,1
799.1,0.6,108.46,690.64,3,1
501.81,0.0,67.32,434.49,0,1
1274.59,0.8,543.95,730.64,4,1
1803.64,1.6,791.97,1011.67,8,1
1391.83,1.8,219.14,1172.69,9,1
627.58,0.2,62.32,565.26,1,0
718.71,0.2,145.89,572.82,1,0
981.26,1.0,134.97,846.28,5,1
634.23,0.0,177.05,457.18,0,0
1194.99,0.6,557.3,637.69,3,1
704.36,0.4,91.54,612.82,2,1
496.22,0.0,61.73,434.49,0,1
716.42,0.4,111.16,605.26,2,1
890.22,0.8,121.76,768.46,4,1
628.1,0.2,70.41,557.69,1,0
543.99,0.0,79.24,464.74,0,0
509.62,0.0,75.14,434.49,0,0
471.47,0.0,52.11,419.36,0,1
604.3,0.2,84.43,519.87,1,1
1278.79,1.4,292.0,986.79,7,1
663.3,0.2,135.86,527.44,1,1
977.51,0.6,241.49,736.03,3,1
1313.37,0.8,590.3,723.08,4,1
687.52,0.4,74.7,612.82,2,0
706.12,0.2,140.86,565.26,1,0
1054.97,1.0,170.86,884.1,5,1
817.14,0.4,204.32,612.82,2,1
508.97,0.0,66.92,442.05,0,0
912.7,0.8,136.68,776.03,4,1
549.62,0.0,107.57,442.05,0,0
845.22,0.6,116.76,728.46,3,1
538.05,0.0,88.43,449.62,0,0
541.37,0.0,76.62,464.74,0,1
867.23,0.8,121.46,745.77,4,1
1689.22,1.4,679.73,1009.49,7,1
784.44,0.4,171.62,612.82,2,0
881.35,0.6,137.76,743.59,3,0
560.51,0.0,65.51,495.0,0,0
1140.04,1.0,301.32,838.72,5,1
660.36,0.2,87.54,572.82,1,1
1046.86,0.8,210.32,836.54,4,1
576.96,0.0,104.65,472.31,0,0
598.79,0.0,126.49,472.31,0,1
816.77,0.6,103.43,713.33,3,1
771.26,0.6,80.62,690.64,3,1
484.27,0.0,42.22,442.05,0,0
924.42,0.4,266.22,658.21,2,1
502.75,0.0,53.14,449.62,0,0
1132.62,1.2,223.65,908.97,6,1
579.97,0.0,137.92,442.05,0,0
789.08,0.6,113.57,675.51,3,1
498.99,0.0,41.81,457.18,0,0
779.1,0.4,128.46,650.64,2,1
564.24,0.0,122.19,442.05,0,1
967.94,1.0,144.35,823.59,5,1
622.78,0.2,80.22,542.56,1,0
604.94,0.2,54.81,550.13,1,0
769.35,0.6,93.84,675.51,3,1
754.04,0.4,95.84,658.21,2,0
491.56,0.0,49.51,442.05,0,0
623.59,0.2,81.03,542.56,1,0
479.46,0.0,37.41,442.05,0,0
867.02,0.6,176.38,690.64,3,1
467.14,0.0,40.22,426.92,0,0
637.16,0.2,87.03,550.13,1,0
973.5,0.8,235.3,738.21,4,1
692.24,0.2,142.11,550.13,1,0
533.66,0.0,68.92,464.74,0,0
973.25,0.8,212.35,760.9,4,1
493.72,0.0,44.11,449.62,0,0
680.55,0.2,107.73,572.82,1,1
