"Total_Cost","Ratio_Reloc_Prod","Horiz_Cost","Vert_Cost","nReloc","non_Optimal"
282625.83,0.7827,70585.49,212040.47,1174,224
654.3,0.4,94.43,559.87,2,1
957.99,1.0,179.78,778.21,5,1
897.59,1.0,142.08,755.51,5,1
729.03,0.6,129.16,599.87,3,0
668.98,0.6,69.11,599.87,3,0
590.21,0.2,108.16,482.05,1,1
1236.67,0.6,561.16,675.51,3,1
725.73,0.6,110.73,615.0,3,1
637.2,0.4,92.46,544.74,2,0
1050.92,1.2,210.03,840.9,6,1
708.34,0.6,78.22,630.13,3,0
716.43,0.6,101.43,615.0,3,1
631.67,0.4,109.62,522.05,2,0
1240.05,1.4,344.03,896.03,7,1
825.17,0.8,132.35,692.82,4,1
479.86,0.0,90.76,389.1,0,0
749.84,0.4,182.41,567.44,2,1
1149.57,1.4,261.11,888.46,7,1
885.65,1.0,145.27,740.38,5,1
894.84,0.6,234.46,660.38,3,1
1072.86,1.2,201.7,871.15,6,1
1084.21,1.2,228.19,856.03,6,1
789.65,0.6,167.08,622.56,3,1
1125.84,1.2,284.95,840.9,6,1
766.54,0.6,143.97,622.56,3,0
655.58,0.2,158.41,497.18,1,0
773.2,0.6,180.89,592.31,3,1
912.28,0.8,227.03,685.26,4,1
942.59,1.0,187.08,755.51,5,1
983.59,0.8,252.95,730.64,4,1
612.09,0.2,145.16,466.92,1,0
780.38,0.6,165.38,615.0,3,1
1078.82,1.2,237.92,840.9,6,1
486.05,0.0,96.95,389.1,0,0
1202.47,1.4,268.62,933.85,7,1
754.3,0.4,179.3,575.0,2,1
2108.52,1.8,966.08,1142.44,9,1
1027.46,1.0,219.0,808.46,5,1
682.04,0.4,137.3,544.74,2,0
2107.31,1.4,1120.51,986.79,7,1
579.33,0.2,104.84,474.49,1,0
909.85,0.8,171.65,738.21,4,1
605.85,0.2,146.49,459.36,1,0
784.53,0.6,139.27,645.26,3,1
767.99,0.6,137.86,630.13,3,1
753.55,0.6,100.73,652.82,3,0
743.91,0.4,153.78,590.13,2,1
849.71,0.8,141.76,707.95,4,1
894.87,1.0,101.54,793.33,5,1
924.75,0.8,194.11,730.64,4,1
1380.49,1.6,399.08,981.41,8,1
1378.93,1.8,312.14,1066.79,9,1
860.34,0.8,122.14,738.21,4,1
901.87,0.8,193.92,707.95,4,1
489.06,0.0,62.14,426.92,0,0
700.6,0.4,148.3,552.31,2,1
658.44,0.4,106.14,552.31,2,1
709.43,0.6,94.43,615.0,3,0
590.28,0.2,138.49,451.79,1,0
487.23,0.0,75.43,411.79,0,0
1322.67,1.2,466.65,856.03,6,1
925.17,1.0,131.84,793.33,5,1
614.58,0.2,162.78,451.79,1,0
799.68,0.8,91.73,707.95,4,1
1800.14,1.0,946.3,853.85,5,1
1323.68,1.6,334.7,988.97,8,1
830.06,0.8,129.68,700.38,4,1
853.47,0.6,200.65,652.82,3,1
739.9,0.6,79.51,660.38,3,1
789.09,0.6,136.27,652.82,3,1
1055.34,0.8,317.14,738.21,4,1
473.63,0.0,61.84,411.79,0,0
826.71,0.8,126.32,700.38,4,1
487.14,0.0,60.22,426.92,0,0
804.65,0.8,89.14,715.51,4,1
480.43,0.0,30.81,449.62,0,0
1859.91,1.2,867.73,992.18,6,1
640.86,0.2,143.68,497.18,1,0
701.86,0.4,179.81,522.05,2,0
810.13,0.6,180.0,630.13,3,1
916.69,0.8,231.43,685.26,4,1
651.82,0.4,91.95,559.87,2,1
623.51,0.4,48.51,575.0,2,1
476.32,0.0,26.7,449.62,0,0
845.06,0.8,91.73,753.33,4,1
971.9,1.2,85.62,886.28,6,1
674.5,0.4,122.19,552.31,2,1
607.02,0.2,124.97,482.05,1,0
1726.39,1.2,779.59,946.79,6,1
626.04,0.4,73.73,552.31,2,0
1734.21,2.0,536.65,1197.56,10,1
1398.04,1.8,270.73,1127.31,9,1
1113.3,1.2,272.41,840.9,6,1
1411.11,1.6,414.57,996.54,8,1
481.23,0.0,69.43,411.79,0,0
1214.1,1.4,250.0,964.1,7,1
663.83,0.4,126.65,537.18,2,0
1439.87,1.8,365.51,1074.36,9,1
476.11,0.0,41.62,434.49,0,0
1663.86,0.8,872.7,791.15,4,1
928.28,1.0,134.95,793.33,5,1
574.27,0.2,107.35,466.92,1,0
907.16,0.8,184.08,723.08,4,1
681.35,0.4,106.35,575.0,2,0
902.73,0.8,194.78,707.95,4,1
672.96,0.4,120.65,552.31,2,0
760.28,0.6,107.46,652.82,3,1
940.16,0.8,232.22,707.95,4,1
1001.74,1.0,208.41,793.33,5,1
901.08,0.8,178.0,723.08,4,1
732.99,0.6,87.73,645.26,3,1
611.09,0.2,144.16,466.92,1,0
1506.37,1.8,394.19,1112.18,9,1
860.07,0.8,121.86,738.21,4,1
1439.48,1.8,327.3,1112.18,9,1
627.17,0.2,167.81,459.36,1,0
486.17,0.0,66.81,419.36,0,1
1396.83,0.8,605.68,791.15,4,1
770.66,0.6,117.84,652.82,3,1
1024.44,1.2,191.11,833.33,6,1
1391.07,1.6,371.84,1019.23,8,1
677.08,0.4,109.65,567.44,2,0
589.28,0.2,137.49,451.79,1,0
804.06,0.6,204.19,599.87,3,0
590.69,0.2,138.89,451.79,1,0
1196.08,1.2,287.11,908.97,6,1
877.19,0.8,161.68,715.51,4,1
1943.37,1.2,1019.27,924.1,6,1
578.03,0.2,103.54,474.49,1,0
1304.72,1.0,534.08,770.64,5,1
547.41,0.2,88.05,459.36,1,1
862.61,0.8,184.92,677.69,4,1
1501.32,2.2,263.76,1237.56,11,1
473.56,0.0,84.46,389.1,0,0
800.64,0.8,122.95,677.69,4,1
899.06,0.8,191.11,707.95,4,1
1079.96,1.2,254.19,825.77,6,1
795.24,0.6,172.68,622.56,3,1
767.59,0.6,137.46,630.13,3,1
979.14,0.8,271.19,707.95,4,1
813.42,0.8,128.16,685.26,4,1
890.31,0.8,197.49,692.82,4,1
1286.53,1.4,375.38,911.15,7,1
542.97,0.2,60.92,482.05,1,0
1128.49,0.8,412.97,715.51,4,1
913.38,1.0,157.86,755.51,5,1
605.71,0.2,146.35,459.36,1,0
757.2,0.6,111.95,645.26,3,1
1156.51,1.4,192.41,964.1,7,1
561.03,0.2,86.54,474.49,1,0
2335.1,1.8,1169.97,1165.13,9,1
1853.09,1.4,851.16,1001.92,7,1
1953.2,1.0,1159.86,793.33,5,1
1091.74,1.4,165.46,926.28,7,1
1421.37,0.8,637.78,783.59,4,1
643.51,0.4,68.51,575.0,2,0
1066.0,1.2,202.41,863.59,6,1
801.12,0.6,155.86,645.26,3,1
1174.28,1.4,240.43,933.85,7,1
772.26,0.6,134.57,637.69,3,1
1206.39,1.4,272.54,933.85,7,1
564.35,0.2,74.73,489.62,1,0
1712.0,1.4,710.08,1001.92,7,1
722.58,0.6,130.27,592.31,3,1
502.13,0.0,105.46,396.67,0,0
758.57,0.6,143.57,615.0,3,1
698.32,0.4,168.7,529.62,2,1
1215.46,1.6,173.54,1041.92,8,1
730.56,0.6,100.43,630.13,3,1
954.01,1.0,160.68,793.33,5,1
1079.24,1.2,223.22,856.03,6,1
492.1,0.0,95.43,396.67,0,0
825.12,0.8,86.92,738.21,4,1
749.17,0.4,189.3,559.87,2,1
841.27,0.8,125.76,715.51,4,1
792.53,0.6,162.41,630.13,3,1
622.55,0.2,110.24,512.31,1,1
1218.94,1.2,362.92,856.03,6,1
597.95,0.2,138.59,459.36,1,0
952.12,1.0,166.35,785.77,5,1
1139.28,1.4,213.0,926.28,7,1
852.08,0.8,136.57,715.51,4,1
1560.64,0.6,817.05,743.59,3,1
1080.47,1.2,194.19,886.28,6,1
676.02,0.4,153.97,522.05,2,0
584.74,0.2,125.38,459.36,1,0
1011.82,1.2,125.54,886.28,6,1
1073.11,1.2,232.22,840.9,6,1
1408.43,1.8,311.38,1097.05,9,1
781.27,0.6,158.7,622.56,3,0
1050.43,1.2,201.97,848.46,6,1
1033.66,1.2,207.89,825.77,6,1
840.32,0.8,117.24,723.08,4,1
1857.78,1.4,848.3,1009.49,7,1
903.31,0.8,210.49,692.82,4,1
759.78,0.6,129.65,630.13,3,1
782.47,0.6,182.59,599.87,3,1
1590.52,2.2,322.7,1267.82,11,1
1982.49,1.2,1081.08,901.41,6,1
505.77,0.0,101.54,404.23,0,0
978.69,1.0,200.49,778.21,5,1
945.88,0.8,275.76,670.13,4,1
934.35,0.8,226.41,707.95,4,1
664.91,0.4,120.16,544.74,2,1
968.64,1.2,89.92,878.72,6,1
968.59,0.8,245.51,723.08,4,1
1107.34,1.4,196.19,911.15,7,1
970.33,0.8,277.51,692.82,4,1
748.4,0.6,125.84,622.56,3,1
937.65,1.0,136.76,800.9,5,1
524.45,0.0,127.78,396.67,0,0
1003.97,1.2,147.95,856.03,6,1
834.25,0.6,173.86,660.38,3,1
1623.19,0.8,862.3,760.9,4,1
1014.26,1.2,135.54,878.72,6,1
664.01,0.4,119.27,544.74,2,0
2029.56,1.8,872.0,1157.56,9,1
1197.45,1.6,193.35,1004.1,8,1
1193.28,1.4,251.86,941.41,7,1
876.86,0.8,153.78,723.08,4,1
1255.34,1.6,236.11,1019.23,8,1
976.16,1.0,220.65,755.51,5,1
960.45,1.0,189.81,770.64,5,1
872.47,0.6,227.22,645.26,3,1
1168.53,1.4,249.81,918.72,7,1
535.82,0.2,84.03,451.79,1,0
1063.74,1.2,222.84,840.9,6,1
604.67,0.2,115.05,489.62,1,0
1547.93,1.0,709.22,838.72,5,1
884.23,0.8,191.41,692.82,4,1
1993.14,0.8,1232.24,760.9,4,1
1251.86,1.6,240.19,1011.67,8,1
703.28,0.4,150.97,552.31,2,1
1372.4,0.4,782.27,590.13,2,1
1006.24,1.0,190.22,816.03,5,1
454.26,0.0,50.03,404.23,0,0
944.62,1.0,136.16,808.46,5,1
470.05,0.0,28.0,442.05,0,0
644.69,0.4,99.95,544.74,2,1
768.04,0.6,130.35,637.69,3,1
1765.88,1.0,934.73,831.15,5,1
717.23,0.4,172.49,544.74,2,1
1058.9,1.4,125.05,933.85,7,1
618.86,0.4,89.24,529.62,2,0
570.93,0.2,111.57,459.36,1,0
749.32,0.6,126.76,622.56,3,1
2014.63,1.2,1052.7,961.92,6,1
1060.38,1.4,164.35,896.03,7,1
1632.72,1.2,701.05,931.67,6,1
603.89,0.2,121.84,482.05,1,0
1517.75,1.8,466.08,1051.67,9,1
1065.23,1.4,138.95,926.28,7,1
755.03,0.6,140.03,615.0,3,1
701.6,0.4,141.73,559.87,2,1
1254.22,1.4,320.38,933.85,7,1
808.0,0.6,193.0,615.0,3,1
979.83,1.0,209.19,770.64,5,1
1470.47,0.6,757.14,713.33,3,1
919.74,0.8,234.49,685.26,4,1
755.7,0.6,133.14,622.56,3,1
1688.14,1.2,673.27,1014.87,6,1
832.27,0.8,116.76,715.51,4,1
734.96,0.6,142.65,592.31,3,0
728.33,0.4,176.03,552.31,2,0
591.54,0.2,117.05,474.49,1,1
909.6,0.8,209.22,700.38,4,1
491.26,0.0,87.03,404.23,0,0
711.32,0.6,96.32,615.0,3,0
853.7,0.8,123.05,730.64,4,1
1136.01,1.2,249.73,886.28,6,1
822.87,0.8,114.92,707.95,4,0
915.43,0.8,199.92,715.51,4,1
1110.3,1.4,153.76,956.54,7,1
645.33,0.4,93.03,552.31,2,0
1269.83,0.8,478.68,791.15,4,1
1019.7,1.2,163.68,856.03,6,1
511.41,0.0,76.92,434.49,0,0
914.79,0.8,214.41,700.38,4,1
612.54,0.2,130.49,482.05,1,1
536.09,0.0,124.3,411.79,0,0
803.74,0.8,103.35,700.38,4,1
926.12,0.8,187.92,738.21,4,1
1368.23,1.4,449.51,918.72,7,1
771.61,0.6,126.35,645.26,3,1
1181.96,1.4,270.81,911.15,7,1
563.26,0.2,73.65,489.62,1,0
468.06,0.0,48.7,419.36,0,0
1289.8,1.8,170.05,1119.74,9,1
863.87,0.8,163.49,700.38,4,0
589.11,0.2,107.05,482.05,1,1
732.3,0.6,71.92,660.38,3,1
764.56,0.6,126.86,637.69,3,1
609.57,0.2,135.08,474.49,1,0
878.74,0.8,193.49,685.26,4,1
1004.54,1.2,140.95,863.59,6,1
1028.11,1.0,227.22,800.9,5,1
1630.26,1.6,611.03,1019.23,8,1
775.72,0.6,145.59,630.13,3,0
933.82,1.0,132.92,800.9,5,1
661.55,0.4,116.81,544.74,2,0
