"Total_Cost","Ratio_Reloc_Prod","Horiz_Cost","Vert_Cost","nReloc","non_Optimal"
224662.44,0.364,37628.54,187034.08,546,300
782.92,0.4,102.03,680.9,2,1
734.95,0.2,147.0,587.95,1,1
924.44,0.6,203.54,720.9,3,1
883.28,0.4,217.51,665.77,2,1
594.51,0.0,99.51,495.0,0,1
859.69,0.6,161.49,698.21,3,1
955.17,0.8,133.76,821.41,4,1
521.82,0.0,102.46,419.36,0,1
900.15,0.6,209.51,690.64,3,1
927.37,0.8,143.78,783.59,4,1
599.36,0.0,119.49,479.87,0,1
518.05,0.0,68.43,449.62,0,1
504.85,0.0,40.11,464.74,0,1
1019.8,1.0,173.51,846.28,5,1
885.3,0.6,149.27,736.03,3,1
925.92,0.6,189.89,736.03,3,1
1001.32,0.8,164.78,836.54,4,1
848.65,0.6,127.76,720.9,3,1
773.8,0.4,123.16,650.64,2,1
647.43,0.2,104.86,542.56,1,1
1038.97,0.8,255.38,783.59,4,1
827.12,0.6,121.35,705.77,3,1
733.98,0.4,121.16,612.82,2,1
924.24,0.6,188.22,736.03,3,1
992.76,0.8,216.73,776.03,4,1
1105.12,1.0,205.89,899.23,5,1
602.51,0.2,67.51,535.0,1,1
566.85,0.0,94.54,472.31,0,1
566.42,0.0,109.24,457.18,0,1
515.18,0.0,58.0,457.18,0,1
793.14,0.4,165.19,627.95,2,1
765.75,0.4,122.68,643.08,2,1
1066.59,1.0,182.49,884.1,5,1
797.53,0.4,146.89,650.64,2,1
639.07,0.2,73.81,565.26,1,1
711.18,0.2,153.49,557.69,1,1
776.16,0.4,133.08,643.08,2,1
865.43,0.6,121.84,743.59,3,1
903.99,0.8,112.84,791.15,4,1
787.37,0.4,144.3,643.08,2,1
860.08,0.6,124.05,736.03,3,1
539.18,0.0,74.43,464.74,0,1
994.94,0.8,211.35,783.59,4,1
825.89,0.6,97.43,728.46,3,1
706.76,0.2,179.32,527.44,1,1
1039.17,0.8,232.89,806.28,4,1
767.88,0.4,117.24,650.64,2,1
890.15,0.6,123.86,766.28,3,1
873.71,0.6,160.38,713.33,3,1
709.83,0.2,159.7,550.13,1,1
807.25,0.4,179.3,627.95,2,1
933.07,0.8,134.35,798.72,4,1
1164.66,1.2,210.3,954.36,6,1
557.5,0.0,92.76,464.74,0,1
831.45,0.6,133.24,698.21,3,1
614.77,0.2,49.51,565.26,1,1
875.81,0.6,132.22,743.59,3,1
806.61,0.4,148.41,658.21,2,1
708.08,0.4,80.14,627.95,2,1
936.27,0.6,200.24,736.03,3,1
616.02,0.2,58.32,557.69,1,1
780.91,0.6,97.84,683.08,3,1
520.85,0.0,56.11,464.74,0,1
864.0,0.6,180.92,683.08,3,1
922.84,0.6,186.81,736.03,3,1
906.29,0.6,162.7,743.59,3,1
933.87,0.6,220.54,713.33,3,1
1093.96,1.0,202.3,891.67,5,1
688.69,0.2,115.86,572.82,1,1
732.89,0.4,104.95,627.95,2,1
789.13,0.6,106.05,683.08,3,1
538.0,0.0,95.95,442.05,0,1
534.97,0.0,85.35,449.62,0,1
788.82,0.4,123.05,665.77,2,1
616.03,0.2,81.03,535.0,1,1
849.66,0.6,143.89,705.77,3,1
938.91,0.6,195.32,743.59,3,1
788.67,0.4,138.03,650.64,2,1
837.47,0.4,171.7,665.77,2,1
677.79,0.4,57.41,620.38,2,1
875.44,0.6,162.11,713.33,3,1
480.86,0.0,38.81,442.05,0,1
649.23,0.2,91.54,557.69,1,1
494.75,0.0,52.7,442.05,0,1
1089.98,1.0,236.14,853.85,5,1
788.88,0.4,130.68,658.21,2,1
1106.52,1.2,152.16,954.36,6,1
549.93,0.0,77.62,472.31,0,1
1047.04,1.0,140.24,906.79,5,1
865.45,0.6,174.81,690.64,3,1
774.78,0.4,139.27,635.51,2,1
1049.08,1.0,233.05,816.03,5,1
597.03,0.2,62.03,535.0,1,1
547.13,0.0,89.95,457.18,0,1
731.69,0.4,118.86,612.82,2,1
1075.19,1.0,206.22,868.97,5,1
594.84,0.0,114.97,479.87,0,1
484.49,0.0,50.0,434.49,0,1
706.49,0.4,78.54,627.95,2,1
805.28,0.4,131.95,673.33,2,1
527.82,0.0,55.51,472.31,0,1
1217.43,1.4,200.38,1017.05,7,1
591.53,0.0,126.78,464.74,0,1
665.31,0.2,107.62,557.69,1,1
824.58,0.6,111.24,713.33,3,1
899.64,0.6,148.49,751.15,3,1
701.4,0.2,151.27,550.13,1,1
697.5,0.2,124.68,572.82,1,1
966.46,0.8,145.05,821.41,4,1
1126.5,1.0,219.7,906.79,5,1
737.39,0.4,71.62,665.77,2,1
605.06,0.2,77.62,527.44,1,1
529.07,0.0,64.32,464.74,0,1
685.82,0.2,120.57,565.26,1,1
654.39,0.2,89.14,565.26,1,1
561.56,0.0,104.38,457.18,0,1
606.67,0.2,64.11,542.56,1,1
656.99,0.2,106.86,550.13,1,1
494.05,0.0,52.0,442.05,0,1
659.34,0.2,109.22,550.13,1,1
534.21,0.0,77.03,457.18,0,1
612.73,0.2,77.73,535.0,1,1
650.31,0.2,92.62,557.69,1,1
658.92,0.2,116.35,542.56,1,1
1139.03,1.2,184.68,954.36,6,1
912.53,0.6,161.38,751.15,3,1
779.56,0.4,136.49,643.08,2,1
885.56,0.6,126.84,758.72,3,1
609.69,0.0,137.38,472.31,0,1
1095.22,1.0,226.24,868.97,5,1
1060.02,1.0,183.49,876.54,5,1
585.49,0.2,65.62,519.87,1,1
562.58,0.0,97.84,464.74,0,1
762.86,0.4,127.35,635.51,2,1
761.05,0.4,125.54,635.51,2,1
1015.15,0.8,216.43,798.72,4,1
713.66,0.2,148.41,565.26,1,1
672.85,0.2,115.16,557.69,1,1
777.91,0.4,127.27,650.64,2,1
553.13,0.0,95.95,457.18,0,1
790.93,0.6,92.73,698.21,3,1
603.05,0.2,52.92,550.13,1,1
639.94,0.2,82.24,557.69,1,1
973.11,1.0,104.14,868.97,5,1
954.75,0.8,163.59,791.15,4,1
536.77,0.0,72.03,464.74,0,1
763.7,0.4,113.05,650.64,2,1
670.78,0.2,120.65,550.13,1,1
670.23,0.2,112.54,557.69,1,1
822.23,0.6,116.46,705.77,3,1
554.29,0.0,104.68,449.62,0,1
875.16,0.6,131.57,743.59,3,1
1084.79,1.0,178.0,906.79,5,1
882.16,0.6,138.57,743.59,3,1
521.53,0.0,71.92,449.62,0,1
611.59,0.2,69.03,542.56,1,1
794.33,0.6,73.43,720.9,3,1
506.86,0.0,64.81,442.05,0,1
551.12,0.0,71.24,479.87,0,1
508.94,0.0,59.32,449.62,0,1
619.15,0.0,154.41,464.74,0,1
501.13,0.0,51.51,449.62,0,1
956.02,0.8,157.3,798.72,4,1
770.23,0.4,157.41,612.82,2,1
796.74,0.4,130.97,665.77,2,1
1011.05,0.8,174.51,836.54,4,1
797.39,0.4,124.05,673.33,2,1
797.29,0.6,106.65,690.64,3,1
805.69,0.4,147.49,658.21,2,1
738.42,0.2,180.73,557.69,1,1
829.0,0.4,185.92,643.08,2,1
703.7,0.2,168.7,535.0,1,1
662.61,0.2,97.35,565.26,1,1
995.4,0.6,259.38,736.03,3,1
810.11,0.4,121.65,688.46,2,1
629.28,0.2,64.03,565.26,1,1
729.0,0.4,101.05,627.95,2,1
637.66,0.2,72.41,565.26,1,1
646.46,0.2,111.46,535.0,1,1
885.97,0.6,149.95,736.03,3,1
536.7,0.0,94.65,442.05,0,1
923.91,0.8,132.76,791.15,4,1
605.82,0.0,141.08,464.74,0,1
692.99,0.2,135.3,557.69,1,1
776.86,0.4,126.22,650.64,2,1
959.78,0.6,216.19,743.59,3,1
653.54,0.2,110.97,542.56,1,1
793.75,0.4,135.54,658.21,2,1
741.06,0.2,153.11,587.95,1,1
562.15,0.0,104.97,457.18,0,1
804.66,0.4,138.89,665.77,2,1
560.69,0.0,95.95,464.74,0,1
843.43,0.6,99.84,743.59,3,1
752.59,0.4,117.08,635.51,2,1
685.42,0.2,120.16,565.26,1,1
719.39,0.2,154.14,565.26,1,1
587.01,0.0,122.27,464.74,0,1
507.19,0.0,65.14,442.05,0,1
534.96,0.0,70.22,464.74,0,1
697.66,0.2,132.41,565.26,1,1
667.99,0.0,218.38,449.62,0,1
569.23,0.0,112.05,457.18,0,1
928.68,0.6,215.35,713.33,3,1
563.83,0.0,106.65,457.18,0,1
864.19,0.4,183.3,680.9,2,1
628.77,0.2,63.51,565.26,1,1
668.8,0.2,103.54,565.26,1,1
820.72,0.4,170.08,650.64,2,1
683.72,0.2,118.46,565.26,1,1
619.21,0.2,61.51,557.69,1,1
778.26,0.4,120.05,658.21,2,1
689.85,0.2,132.16,557.69,1,1
523.84,0.0,89.35,434.49,0,1
727.23,0.4,69.03,658.21,2,1
664.79,0.4,44.41,620.38,2,1
748.49,0.4,112.97,635.51,2,1
890.64,0.8,107.05,783.59,4,1
727.81,0.4,99.86,627.95,2,1
649.26,0.2,99.14,550.13,1,1
1086.11,1.0,164.19,921.92,5,1
686.14,0.2,105.76,580.38,1,1
671.15,0.2,113.46,557.69,1,1
817.1,0.4,158.89,658.21,2,1
799.32,0.4,148.68,650.64,2,1
827.1,0.6,83.51,743.59,3,1
551.07,0.0,101.46,449.62,0,1
857.67,0.4,207.03,650.64,2,1
607.69,0.0,135.38,472.31,0,1
908.92,0.6,172.89,736.03,3,1
757.33,0.2,184.51,572.82,1,1
759.26,0.4,101.05,658.21,2,1
647.12,0.2,89.43,557.69,1,1
874.9,0.4,194.0,680.9,2,1
711.78,0.4,68.7,643.08,2,1
466.19,0.0,31.7,434.49,0,1
791.3,0.4,170.92,620.38,2,1
701.77,0.2,144.08,557.69,1,1
760.45,0.4,102.24,658.21,2,1
851.64,0.4,208.57,643.08,2,1
937.88,0.6,186.73,751.15,3,1
635.66,0.2,70.41,565.26,1,1
869.04,0.4,210.84,658.21,2,1
1009.14,0.8,187.73,821.41,4,1
679.03,0.2,98.65,580.38,1,1
773.91,0.4,123.27,650.64,2,1
625.88,0.2,60.62,565.26,1,1
784.78,0.4,149.27,635.51,2,1
745.07,0.4,94.43,650.64,2,1
570.09,0.0,105.35,464.74,0,1
558.2,0.0,93.46,464.74,0,1
531.88,0.0,74.7,457.18,0,1
911.65,0.6,183.19,728.46,3,1
915.2,0.6,156.49,758.72,3,1
740.32,0.4,97.24,643.08,2,1
525.29,0.0,68.11,457.18,0,1
670.99,0.2,105.73,565.26,1,1
754.0,0.4,110.92,643.08,2,1
512.69,0.0,55.51,457.18,0,1
806.8,0.4,148.59,658.21,2,1
678.96,0.2,106.14,572.82,1,1
708.36,0.2,143.11,565.26,1,1
592.81,0.2,57.81,535.0,1,1
555.18,0.0,90.43,464.74,0,1
760.4,0.4,124.89,635.51,2,1
495.72,0.0,46.11,449.62,0,1
561.93,0.2,49.62,512.31,1,1
554.37,0.0,89.62,464.74,0,1
560.09,0.0,95.35,464.74,0,1
871.78,0.6,135.76,736.03,3,1
764.96,0.4,106.76,658.21,2,1
763.51,0.4,128.0,635.51,2,1
755.64,0.4,97.43,658.21,2,1
781.48,0.4,123.27,658.21,2,1
779.5,0.4,106.16,673.33,2,1
644.05,0.2,109.05,535.0,1,1
1072.12,1.0,172.89,899.23,5,1
633.72,0.2,76.03,557.69,1,1
676.35,0.2,133.78,542.56,1,1
680.16,0.2,137.59,542.56,1,1
918.91,0.6,175.32,743.59,3,1
733.38,0.4,105.43,627.95,2,1
665.39,0.2,100.14,565.26,1,1
954.17,0.6,187.89,766.28,3,1
616.96,0.2,51.7,565.26,1,1
812.74,0.4,146.97,665.77,2,1
726.96,0.2,161.7,565.26,1,1
823.36,0.4,157.59,665.77,2,1
668.96,0.2,96.14,572.82,1,1
560.15,0.0,87.84,472.31,0,1
580.75,0.0,123.57,457.18,0,1
1303.68,1.2,281.24,1022.44,6,1
655.83,0.2,98.14,557.69,1,1
823.37,0.4,172.73,650.64,2,1
545.88,0.0,81.14,464.74,0,1
643.58,0.2,78.32,565.26,1,1
643.13,0.2,100.57,542.56,1,1
580.95,0.0,93.51,487.44,0,1
512.32,0.0,62.7,449.62,0,1
896.18,0.6,152.59,743.59,3,1
703.74,0.2,138.49,565.26,1,1
