"Total_Cost","Ratio_Reloc_Prod","Horiz_Cost","Vert_Cost","nReloc","non_Optimal"
258173.91,0.7767,45661.47,212512.6,1165,300
679.98,0.4,127.68,552.31,2,1
750.87,0.4,183.43,567.44,2,1
827.9,0.8,135.08,692.82,4,1
758.7,0.6,143.7,615.0,3,1
434.21,0.0,45.11,389.1,0,1
565.85,0.2,61.11,504.74,1,1
597.34,0.2,100.16,497.18,1,1
813.84,0.8,166.41,647.44,4,1
591.03,0.2,131.68,459.36,1,1
714.0,0.4,146.57,567.44,2,1
1183.22,1.6,209.38,973.85,8,1
751.21,0.6,128.65,622.56,3,1
636.94,0.4,107.32,529.62,2,1
679.4,0.4,149.78,529.62,2,1
898.8,0.8,160.59,738.21,4,1
632.21,0.4,95.03,537.18,2,1
915.66,1.0,137.46,778.21,5,1
961.06,1.0,213.11,747.95,5,1
814.63,0.8,114.24,700.38,4,1
539.84,0.0,105.35,434.49,0,1
1115.67,1.4,204.51,911.15,7,1
740.23,0.4,195.49,544.74,2,1
787.91,0.6,157.78,630.13,3,1
872.56,0.8,134.35,738.21,4,1
874.89,0.8,166.95,707.95,4,1
896.23,0.8,218.54,677.69,4,1
1123.09,1.2,297.32,825.77,6,1
631.73,0.2,164.81,466.92,1,1
903.72,0.8,226.03,677.69,4,1
705.8,0.4,176.19,529.62,2,1
478.92,0.0,52.0,426.92,0,1
526.49,0.0,107.14,419.36,0,1
855.45,0.8,117.24,738.21,4,1
812.12,0.6,159.3,652.82,3,1
563.72,0.2,74.11,489.62,1,1
804.82,0.8,104.43,700.38,4,1
1199.53,1.6,195.43,1004.1,8,1
670.17,0.4,117.86,552.31,2,1
714.63,0.4,147.19,567.44,2,1
712.77,0.6,67.51,645.26,3,1
1044.07,1.2,104.84,939.23,6,1
452.23,0.0,48.0,404.23,0,1
631.87,0.4,72.0,559.87,2,1
892.57,1.0,84.11,808.46,5,1
614.23,0.2,117.05,497.18,1,1
788.2,0.6,188.32,599.87,3,1
903.67,1.0,140.59,763.08,5,1
473.32,0.0,76.65,396.67,0,1
733.76,0.6,118.76,615.0,3,1
1142.01,1.4,215.73,926.28,7,1
596.35,0.2,121.86,474.49,1,1
734.26,0.4,189.51,544.74,2,1
802.97,0.6,127.46,675.51,3,1
859.5,0.6,214.24,645.26,3,1
626.1,0.2,136.49,489.62,1,1
856.12,0.8,163.3,692.82,4,1
713.1,0.6,90.54,622.56,3,1
1353.73,1.8,211.3,1142.44,9,1
907.21,1.0,136.57,770.64,5,1
684.98,0.4,132.68,552.31,2,1
770.39,0.6,117.57,652.82,3,1
879.27,0.8,156.19,723.08,4,1
1063.86,1.2,200.27,863.59,6,1
1030.17,1.0,236.84,793.33,5,1
1347.48,2.0,195.3,1152.18,10,1
650.68,0.4,83.24,567.44,2,1
1073.05,1.2,201.89,871.15,6,1
1097.02,1.2,233.43,863.59,6,1
497.52,0.0,85.73,411.79,0,1
967.83,1.0,197.19,770.64,5,1
526.96,0.0,122.73,404.23,0,1
1348.77,1.8,236.59,1112.18,9,1
757.83,0.6,120.14,637.69,3,1
964.59,1.0,209.08,755.51,5,1
1092.39,1.2,213.68,878.72,6,1
924.07,1.0,145.86,778.21,5,1
882.84,0.8,174.89,707.95,4,1
1411.53,1.8,238.84,1172.69,9,1
799.88,0.6,169.76,630.13,3,1
801.89,0.6,133.95,667.95,3,1
1239.88,1.6,213.08,1026.79,8,1
912.52,0.8,159.19,753.33,4,1
839.84,0.8,139.46,700.38,4,1
555.52,0.0,143.73,411.79,0,1
1234.3,1.4,277.76,956.54,7,1
927.44,0.8,219.49,707.95,4,1
1099.67,1.2,243.65,856.03,6,1
1220.5,1.6,193.7,1026.79,8,1
820.53,0.6,190.41,630.13,3,1
566.45,0.2,76.84,489.62,1,1
736.7,0.6,106.57,630.13,3,1
613.15,0.2,115.97,497.18,1,1
1218.32,1.6,214.22,1004.1,8,1
840.91,0.6,195.65,645.26,3,1
1235.79,1.4,294.38,941.41,7,1
779.39,0.4,227.08,552.31,2,1
1298.21,1.6,173.08,1125.13,8,1
772.53,0.6,127.27,645.26,3,1
482.39,0.0,63.03,419.36,0,1
904.97,1.0,88.95,816.03,5,1
530.6,0.0,103.68,426.92,0,1
616.47,0.4,71.73,544.74,2,1
798.9,0.6,146.08,652.82,3,1
665.78,0.4,143.73,522.05,2,1
1008.49,1.0,200.03,808.46,5,1
1049.97,1.2,186.38,863.59,6,1
953.34,1.0,182.7,770.64,5,1
971.82,1.0,186.05,785.77,5,1
759.29,0.6,129.16,630.13,3,1
1144.53,1.2,273.38,871.15,6,1
561.09,0.2,94.16,466.92,1,1
972.7,1.0,156.68,816.03,5,1
793.71,0.6,125.76,667.95,3,1
1028.3,1.2,172.27,856.03,6,1
957.4,1.0,141.38,816.03,5,1
840.1,1.0,77.03,763.08,5,1
1032.45,1.2,161.3,871.15,6,1
892.95,0.8,185.0,707.95,4,1
724.88,0.4,187.7,537.18,2,1
717.55,0.4,97.16,620.38,2,1
569.97,0.2,80.35,489.62,1,1
869.86,1.0,114.35,755.51,5,1
902.68,1.0,109.35,793.33,5,1
729.49,0.6,69.11,660.38,3,1
475.47,0.0,56.11,419.36,0,1
680.92,0.4,158.86,522.05,2,1
608.6,0.0,189.24,419.36,0,1
742.39,0.6,97.14,645.26,3,1
939.84,1.0,138.95,800.9,5,1
1154.6,1.4,205.62,948.97,7,1
975.53,1.0,144.38,831.15,5,1
552.81,0.2,78.32,474.49,1,1
936.91,0.8,266.78,670.13,4,1
586.92,0.0,160.0,426.92,0,1
940.72,1.0,154.95,785.77,5,1
910.5,0.8,225.24,685.26,4,1
809.97,0.6,187.41,622.56,3,1
736.36,0.6,83.54,652.82,3,1
853.52,0.8,145.57,707.95,4,1
956.14,1.0,147.68,808.46,5,1
747.55,0.4,195.24,552.31,2,1
991.75,1.2,75.22,916.54,6,1
484.24,0.0,95.14,389.1,0,1
877.3,0.8,161.78,715.51,4,1
832.55,0.8,132.16,700.38,4,1
601.47,0.2,96.73,504.74,1,1
1124.86,1.2,193.19,931.67,6,1
694.16,0.4,119.16,575.0,2,1
640.3,0.4,80.43,559.87,2,1
1228.46,1.6,178.97,1049.49,8,1
858.05,0.6,243.05,615.0,3,1
968.84,1.0,160.38,808.46,5,1
1023.3,1.2,167.27,856.03,6,1
593.05,0.2,118.57,474.49,1,1
894.29,0.8,171.22,723.08,4,1
974.29,1.0,135.57,838.72,5,1
784.72,0.6,139.46,645.26,3,1
936.13,1.0,112.54,823.59,5,1
1293.52,1.6,206.22,1087.31,8,1
1128.82,1.2,242.54,886.28,6,1
867.09,0.6,221.84,645.26,3,1
737.16,0.4,154.59,582.56,2,1
933.55,1.0,132.65,800.9,5,1
662.32,0.4,140.27,522.05,2,1
794.76,0.6,134.38,660.38,3,1
587.18,0.2,97.57,489.62,1,1
712.69,0.6,67.43,645.26,3,1
1061.07,1.2,174.78,886.28,6,1
797.95,0.6,137.57,660.38,3,1
685.47,0.4,80.22,605.26,2,1
1067.46,1.2,211.43,856.03,6,1
802.15,0.6,156.89,645.26,3,1
471.37,0.0,67.14,404.23,0,1
900.87,0.8,192.92,707.95,4,1
689.04,0.4,136.73,552.31,2,1
855.27,0.8,139.76,715.51,4,1
903.13,0.8,187.62,715.51,4,1
981.95,1.0,188.62,793.33,5,1
576.95,0.2,102.46,474.49,1,1
1153.34,1.4,234.62,918.72,7,1
562.5,0.0,97.76,464.74,0,1
966.47,1.0,165.57,800.9,5,1
816.75,0.6,186.62,630.13,3,1
683.02,0.4,100.46,582.56,2,1
1086.4,1.4,114.73,971.67,7,1
823.95,0.6,156.0,667.95,3,1
1127.73,1.2,226.32,901.41,6,1
1012.4,1.2,141.24,871.15,6,1
845.43,0.8,122.35,723.08,4,1
862.22,0.8,154.27,707.95,4,1
946.5,1.0,168.3,778.21,5,1
823.42,0.6,170.59,652.82,3,1
960.6,1.0,167.27,793.33,5,1
456.13,0.0,67.03,389.1,0,1
1076.53,1.2,144.86,931.67,6,1
860.27,0.8,144.76,715.51,4,1
1069.63,1.2,236.3,833.33,6,1
689.71,0.4,122.27,567.44,2,1
516.3,0.0,96.95,419.36,0,1
1016.93,1.0,178.22,838.72,5,1
604.15,0.2,152.35,451.79,1,1
527.41,0.2,52.92,474.49,1,1
795.82,0.8,95.43,700.38,4,1
836.26,0.8,98.05,738.21,4,1
576.92,0.2,94.86,482.05,1,1
555.85,0.2,51.11,504.74,1,1
1020.16,1.2,103.62,916.54,6,1
752.85,0.6,100.03,652.82,3,1
712.95,0.6,105.51,607.44,3,1
1044.17,1.2,142.76,901.41,6,1
1040.84,1.2,184.81,856.03,6,1
446.72,0.0,57.62,389.1,0,1
1035.95,1.2,187.49,848.46,6,1
671.02,0.4,148.97,522.05,2,1
849.26,0.8,111.05,738.21,4,1
983.64,1.0,205.43,778.21,5,1
823.66,0.6,125.46,698.21,3,1
590.92,0.2,108.86,482.05,1,1
1005.54,1.0,197.08,808.46,5,1
1128.54,1.4,179.57,948.97,7,1
825.49,0.8,117.54,707.95,4,1
1019.67,1.2,156.08,863.59,6,1
761.16,0.6,93.22,667.95,3,1
889.9,0.8,189.51,700.38,4,1
810.19,0.6,187.62,622.56,3,1
1007.93,1.2,121.65,886.28,6,1
950.65,1.0,149.76,800.9,5,1
1146.11,1.4,197.14,948.97,7,1
1071.78,1.2,147.68,924.1,6,1
1059.77,1.0,221.05,838.72,5,1
972.09,1.0,171.19,800.9,5,1
1215.09,1.6,188.3,1026.79,8,1
991.48,1.0,167.89,823.59,5,1
1228.6,1.4,294.76,933.85,7,1
1091.53,1.2,212.81,878.72,6,1
892.57,0.8,184.62,707.95,4,1
660.34,0.4,123.16,537.18,2,1
780.94,0.6,158.38,622.56,3,1
1233.85,1.6,199.49,1034.36,8,1
788.6,0.6,135.78,652.82,3,1
973.34,1.0,142.19,831.15,5,1
1241.72,1.6,230.05,1011.67,8,1
880.66,0.8,142.46,738.21,4,1
1006.07,1.0,235.43,770.64,5,1
542.27,0.2,60.22,482.05,1,1
496.45,0.0,107.35,389.1,0,1
686.72,0.4,157.11,529.62,2,1
1463.19,2.0,280.76,1182.44,10,1
851.54,0.8,136.03,715.51,4,1
1127.47,1.2,301.7,825.77,6,1
1518.17,2.0,350.86,1167.31,10,1
1097.58,1.2,203.73,893.85,6,1
840.71,0.8,132.76,707.95,4,1
687.86,0.4,112.86,575.0,2,1
701.5,0.4,149.19,552.31,2,1
1032.77,1.2,154.05,878.72,6,1
1304.98,1.6,263.05,1041.92,8,1
679.14,0.4,119.27,559.87,2,1
1051.94,1.2,180.78,871.15,6,1
735.21,0.6,112.65,622.56,3,1
922.87,0.8,230.05,692.82,4,1
766.6,0.6,98.65,667.95,3,1
1475.24,2.2,230.11,1245.13,11,1
498.28,0.0,78.92,419.36,0,1
785.89,0.6,163.32,622.56,3,1
991.49,1.2,82.51,908.97,6,1
1629.23,2.6,183.08,1446.15,13,1
770.51,0.6,147.95,622.56,3,1
1170.52,1.4,168.59,1001.92,7,1
857.48,0.6,227.35,630.13,3,1
1111.72,1.2,248.14,863.59,6,1
1182.14,1.4,240.73,941.41,7,1
1073.47,1.2,187.19,886.28,6,1
510.34,0.0,113.68,396.67,0,1
737.73,0.6,62.22,675.51,3,1
1421.09,2.0,261.35,1159.74,10,1
1190.33,1.6,155.97,1034.36,8,1
757.64,0.4,167.51,590.13,2,1
843.17,0.8,150.35,692.82,4,1
690.6,0.4,123.16,567.44,2,1
726.09,0.6,80.84,645.26,3,1
1338.5,1.8,226.32,1112.18,9,1
480.67,0.0,91.57,389.1,0,1
930.63,0.8,230.24,700.38,4,1
1171.95,1.4,238.11,933.85,7,1
826.82,0.8,126.43,700.38,4,1
694.69,0.6,57.0,637.69,3,1
508.66,0.0,96.86,411.79,0,1
1012.68,1.0,151.27,861.41,5,1
766.47,0.6,113.65,652.82,3,1
661.27,0.4,93.84,567.44,2,1
577.95,0.2,50.51,527.44,1,1
987.37,1.0,163.78,823.59,5,1
1022.31,1.2,188.97,833.33,6,1
755.14,0.6,94.76,660.38,3,1
733.39,0.6,88.14,645.26,3,1
769.17,0.6,63.41,705.77,3,1
1048.57,1.2,200.11,848.46,6,1
966.45,1.0,195.81,770.64,5,1
679.88,0.4,142.7,537.18,2,1
