"Total_Cost","Ratio_Reloc_Prod","Horiz_Cost","Vert_Cost","nReloc","non_Optimal"
234026.02,0.4447,39277.73,194748.4,667,300
989.19,0.8,152.65,836.54,4,1
589.21,0.0,86.65,502.56,0,1
806.31,0.6,100.54,705.77,3,1
1037.49,1.0,168.51,868.97,5,1
891.07,0.6,132.35,758.72,3,1
855.15,0.6,149.38,705.77,3,1
763.42,0.4,97.65,665.77,2,1
555.65,0.0,68.22,487.44,0,1
555.01,0.0,90.27,464.74,0,1
959.33,0.8,145.49,813.85,4,1
802.91,0.6,59.32,743.59,3,1
531.07,0.0,66.32,464.74,0,1
980.95,1.0,119.54,861.41,5,1
870.81,0.6,142.35,728.46,3,1
1000.02,0.8,163.49,836.54,4,1
565.8,0.0,101.05,464.74,0,1
621.31,0.2,63.62,557.69,1,1
1116.43,1.0,232.32,884.1,5,1
993.69,0.8,187.41,806.28,4,1
645.73,0.2,103.16,542.56,1,1
511.66,0.0,46.92,464.74,0,1
723.31,0.4,118.05,605.26,2,1
575.59,0.0,125.97,449.62,0,1
781.06,0.4,153.11,627.95,2,1
546.86,0.0,97.24,449.62,0,1
722.41,0.4,102.03,620.38,2,1
730.25,0.4,117.43,612.82,2,1
766.91,0.4,123.84,643.08,2,1
531.99,0.0,74.81,457.18,0,1
1141.92,1.2,232.95,908.97,6,1
645.05,0.2,94.92,550.13,1,1
632.61,0.2,74.92,557.69,1,1
833.52,0.6,112.62,720.9,3,1
1110.07,1.0,271.35,838.72,5,1
621.64,0.2,71.51,550.13,1,1
763.75,0.6,73.11,690.64,3,1
1090.68,1.2,181.7,908.97,6,1
941.64,0.8,150.49,791.15,4,1
541.74,0.0,69.43,472.31,0,1
1203.78,1.4,194.3,1009.49,7,1
909.79,0.8,95.95,813.85,4,1
1102.61,1.0,195.81,906.79,5,1
630.02,0.2,87.46,542.56,1,1
1141.8,1.2,202.57,939.23,6,1
737.28,0.4,124.46,612.82,2,1
1158.27,1.0,289.3,868.97,5,1
791.39,0.4,118.05,673.33,2,1
698.58,0.2,140.89,557.69,1,1
777.73,0.4,134.65,643.08,2,1
717.95,0.2,190.51,527.44,1,1
669.05,0.4,78.92,590.13,2,1
467.14,0.0,40.22,426.92,0,1
865.55,0.8,112.22,753.33,4,1
823.91,0.8,100.84,723.08,4,1
989.62,0.8,160.65,828.97,4,1
735.08,0.4,107.14,627.95,2,1
575.74,0.2,63.43,512.31,1,1
641.27,0.4,73.84,567.44,2,1
1019.16,0.6,290.7,728.46,3,1
794.93,0.6,96.73,698.21,3,1
738.09,0.2,172.84,565.26,1,1
790.16,0.4,147.08,643.08,2,1
785.31,0.4,119.54,665.77,2,1
671.91,0.2,106.65,565.26,1,1
725.69,0.2,168.0,557.69,1,1
811.14,0.4,198.32,612.82,2,1
644.23,0.2,86.54,557.69,1,1
602.27,0.2,59.7,542.56,1,1
677.25,0.4,64.43,612.82,2,1
629.21,0.2,71.51,557.69,1,1
738.61,0.2,173.35,565.26,1,1
832.63,0.6,126.86,705.77,3,1
710.06,0.4,97.24,612.82,2,1
787.89,0.4,152.38,635.51,2,1
745.98,0.4,118.03,627.95,2,1
978.02,0.8,179.3,798.72,4,1
954.83,0.6,196.11,758.72,3,1
578.44,0.2,51.0,527.44,1,1
578.2,0.0,113.46,464.74,0,1
998.64,0.8,199.92,798.72,4,1
660.04,0.2,102.35,557.69,1,1
725.14,0.2,190.14,535.0,1,1
939.04,0.8,185.7,753.33,4,1
629.16,0.2,79.03,550.13,1,1
1034.94,0.8,251.35,783.59,4,1
929.06,0.6,215.73,713.33,3,1
868.87,0.6,147.97,720.9,3,1
1113.05,1.2,143.57,969.49,6,1
509.66,0.0,44.92,464.74,0,1
564.31,0.0,107.14,457.18,0,1
784.56,0.4,126.35,658.21,2,1
1102.26,1.0,203.03,899.23,5,1
753.79,0.6,85.84,667.95,3,1
668.28,0.2,95.46,572.82,1,1
450.06,0.0,30.7,419.36,0,1
732.19,0.4,157.19,575.0,2,1
489.05,0.0,47.0,442.05,0,1
578.66,0.2,73.92,504.74,1,1
882.81,0.6,199.73,683.08,3,1
762.76,0.4,127.24,635.51,2,1
681.96,0.2,124.27,557.69,1,1
824.79,0.6,111.46,713.33,3,1
667.37,0.2,117.24,550.13,1,1
772.57,0.4,137.05,635.51,2,1
620.29,0.2,77.73,542.56,1,1
846.96,0.6,148.76,698.21,3,1
884.9,0.8,131.57,753.33,4,1
928.92,0.8,152.89,776.03,4,1
529.85,0.0,65.11,464.74,0,1
572.57,0.2,52.7,519.87,1,1
620.19,0.2,77.62,542.56,1,1
731.32,0.4,95.81,635.51,2,1
681.23,0.4,83.54,597.69,2,1
832.49,0.6,104.03,728.46,3,1
547.77,0.0,83.03,464.74,0,1
1017.87,0.8,204.03,813.85,4,1
848.58,0.4,182.81,665.77,2,1
845.61,0.6,154.97,690.64,3,1
816.05,0.4,172.97,643.08,2,1
952.6,0.8,138.76,813.85,4,1
734.93,0.2,162.11,572.82,1,1
1036.69,0.8,237.97,798.72,4,1
629.72,0.2,72.03,557.69,1,1
592.41,0.0,104.97,487.44,0,1
880.66,0.6,174.89,705.77,3,1
931.32,0.6,180.16,751.15,3,1
658.26,0.2,108.14,550.13,1,1
649.5,0.2,84.24,565.26,1,1
953.9,0.8,140.05,813.85,4,1
771.09,0.4,105.32,665.77,2,1
804.86,0.6,121.78,683.08,3,1
770.7,0.6,87.62,683.08,3,1
632.63,0.2,112.76,519.87,1,1
916.99,0.8,125.84,791.15,4,1
534.42,0.0,77.24,457.18,0,1
743.21,0.4,100.14,643.08,2,1
951.2,0.8,137.35,813.85,4,1
849.57,0.6,113.54,736.03,3,1
626.91,0.2,69.22,557.69,1,1
1008.72,0.8,225.14,783.59,4,1
869.52,0.6,156.19,713.33,3,1
787.23,0.4,121.46,665.77,2,1
754.34,0.4,96.14,658.21,2,1
781.54,0.6,98.46,683.08,3,1
628.02,0.2,70.32,557.69,1,1
888.64,0.6,190.43,698.21,3,1
743.46,0.4,107.95,635.51,2,1
852.2,0.6,138.86,713.33,3,1
789.95,0.4,162.0,627.95,2,1
569.32,0.0,127.27,442.05,0,1
763.86,0.4,173.73,590.13,2,1
891.82,0.6,178.49,713.33,3,1
756.4,0.4,113.32,643.08,2,1
774.35,0.4,131.27,643.08,2,1
668.01,0.2,102.76,565.26,1,1
617.41,0.2,82.41,535.0,1,1
651.47,0.2,139.16,512.31,1,1
960.93,0.8,154.65,806.28,4,1
921.44,0.8,168.11,753.33,4,1
1005.33,0.8,183.92,821.41,4,1
539.26,0.0,89.65,449.62,0,1
507.83,0.0,58.22,449.62,0,1
808.37,0.4,165.3,643.08,2,1
557.88,0.0,93.14,464.74,0,1
686.1,0.4,103.54,582.56,2,1
560.45,0.2,70.84,489.62,1,1
875.57,0.6,154.68,720.9,3,1
706.1,0.4,63.03,643.08,2,1
627.31,0.2,69.62,557.69,1,1
441.2,0.0,29.41,411.79,0,1
838.16,0.6,102.14,736.03,3,1
675.42,0.4,77.73,597.69,2,1
1138.03,1.2,176.11,961.92,6,1
684.77,0.2,127.08,557.69,1,1
554.53,0.0,97.35,457.18,0,1
735.29,0.4,92.22,643.08,2,1
838.05,0.4,187.41,650.64,2,1
634.19,0.2,106.76,527.44,1,1
631.69,0.2,74.0,557.69,1,1
578.25,0.2,50.81,527.44,1,1
571.93,0.2,59.62,512.31,1,1
450.61,0.0,38.81,411.79,0,1
690.01,0.2,170.14,519.87,1,1
984.4,0.8,193.24,791.15,4,1
552.89,0.0,103.27,449.62,0,1
714.98,0.4,87.03,627.95,2,1
850.59,0.6,167.51,683.08,3,1
755.25,0.4,127.3,627.95,2,1
520.8,0.0,63.62,457.18,0,1
709.97,0.2,167.41,542.56,1,1
625.05,0.2,90.05,535.0,1,1
530.8,0.0,73.62,457.18,0,1
843.13,0.6,152.49,690.64,3,1
765.09,0.4,144.7,620.38,2,1
943.57,0.8,175.11,768.46,4,1
695.55,0.4,82.73,612.82,2,1
656.94,0.2,99.24,557.69,1,1
985.02,0.8,201.43,783.59,4,1
772.48,0.6,89.41,683.08,3,1
774.42,0.6,76.22,698.21,3,1
690.33,0.4,77.51,612.82,2,1
1211.06,1.2,317.22,893.85,6,1
669.16,0.4,79.03,590.13,2,1
723.53,0.4,118.27,605.26,2,1
855.74,0.4,235.35,620.38,2,1
640.84,0.0,153.41,487.44,0,1
945.84,0.6,224.95,720.9,3,1
901.32,0.6,157.73,743.59,3,1
793.97,0.4,150.89,643.08,2,1
719.34,0.2,154.08,565.26,1,1
864.03,0.6,135.57,728.46,3,1
807.29,0.6,116.65,690.64,3,1
979.46,0.8,203.43,776.03,4,1
760.97,0.4,125.46,635.51,2,1
564.25,0.0,91.95,472.31,0,1
1055.0,1.0,178.46,876.54,5,1
707.82,0.4,87.43,620.38,2,1
1001.07,1.0,154.78,846.28,5,1
1115.45,1.0,216.22,899.23,5,1
852.33,0.4,224.38,627.95,2,1
1125.76,1.0,196.27,929.49,5,1
761.5,0.2,196.24,565.26,1,1
787.09,0.4,166.7,620.38,2,1
701.98,0.4,74.03,627.95,2,1
714.04,0.2,148.78,565.26,1,1
1176.01,1.0,261.65,914.36,5,1
757.93,0.4,99.73,658.21,2,1
644.81,0.2,117.38,527.44,1,1
763.79,0.4,150.97,612.82,2,1
745.86,0.4,95.22,650.64,2,1
793.64,0.4,150.57,643.08,2,1
675.16,0.2,132.59,542.56,1,1
838.48,0.6,140.27,698.21,3,1
974.01,0.8,160.16,813.85,4,1
578.49,0.2,58.62,519.87,1,1
531.58,0.0,74.41,457.18,0,1
903.84,0.8,135.38,768.46,4,1
978.75,1.0,155.16,823.59,5,1
644.54,0.2,101.97,542.56,1,1
935.73,0.6,199.7,736.03,3,1
823.36,0.4,157.59,665.77,2,1
1201.77,1.2,202.03,999.74,6,1
874.61,0.6,123.46,751.15,3,1
981.61,0.8,175.32,806.28,4,1
890.85,0.6,185.08,705.77,3,1
522.91,0.0,65.73,457.18,0,1
844.28,0.6,123.38,720.9,3,1
843.36,0.4,177.59,665.77,2,1
838.63,0.6,132.86,705.77,3,1
779.5,0.4,113.73,665.77,2,1
975.81,0.8,192.22,783.59,4,1
727.55,0.2,162.3,565.26,1,1
1094.94,1.0,210.84,884.1,5,1
855.83,0.6,112.24,743.59,3,1
802.85,0.4,144.65,658.21,2,1
701.26,0.2,136.0,565.26,1,1
640.04,0.2,82.35,557.69,1,1
724.89,0.4,81.81,643.08,2,1
1411.29,1.2,419.11,992.18,6,1
753.64,0.4,95.43,658.21,2,1
577.87,0.2,58.0,519.87,1,1
878.95,0.6,203.43,675.51,3,1
818.55,0.4,152.78,665.77,2,1
913.45,0.6,169.86,743.59,3,1
1180.81,1.0,251.32,929.49,5,1
652.45,0.2,94.76,557.69,1,1
908.13,0.6,172.11,736.03,3,1
876.79,0.6,155.89,720.9,3,1
902.11,0.6,173.65,728.46,3,1
1025.7,0.8,181.59,844.1,4,1
974.45,0.6,215.73,758.72,3,1
705.89,0.4,62.81,643.08,2,1
971.89,0.8,135.35,836.54,4,1
548.64,0.0,91.46,457.18,0,1
828.32,0.4,185.24,643.08,2,1
750.73,0.4,107.65,643.08,2,1
478.27,0.0,36.22,442.05,0,1
494.05,0.0,52.0,442.05,0,1
793.86,0.4,150.78,643.08,2,1
679.91,0.2,114.65,565.26,1,1
1031.81,0.8,187.7,844.1,4,1
857.15,0.4,206.51,650.64,2,1
542.88,0.0,78.14,464.74,0,1
964.05,0.8,172.89,791.15,4,1
906.05,0.6,154.89,751.15,3,1
827.56,0.4,176.92,650.64,2,1
1171.89,1.2,187.27,984.62,6,1
515.47,0.0,50.73,464.74,0,1
568.63,0.0,96.32,472.31,0,1
838.93,0.4,180.73,658.21,2,1
518.96,0.0,54.22,464.74,0,1
564.69,0.0,99.95,464.74,0,1
505.83,0.0,56.22,449.62,0,1
689.49,0.4,69.11,620.38,2,1
770.85,0.4,112.65,658.21,2,1
1046.86,0.8,195.19,851.67,4,1
608.51,0.2,73.51,535.0,1,1
809.31,0.4,135.97,673.33,2,1
806.34,0.4,140.57,665.77,2,1
800.31,0.4,126.97,673.33,2,1
