"Total_Cost","Ratio_Reloc_Prod","Horiz_Cost","Vert_Cost","nReloc","non_Optimal"
244172.52,0.722,37080.57,207091.83,1083,300
1115.48,1.4,204.32,911.15,7,1
506.88,0.0,95.08,411.79,0,1
679.13,0.4,149.51,529.62,2,1
425.51,0.0,36.41,389.1,0,1
626.26,0.4,96.65,529.62,2,1
520.38,0.0,93.46,426.92,0,1
441.1,0.0,52.0,389.1,0,1
827.89,0.8,119.95,707.95,4,1
794.15,0.8,116.46,677.69,4,1
810.97,0.8,140.84,670.13,4,1
791.45,0.6,146.19,645.26,3,1
524.73,0.2,57.81,466.92,1,1
765.25,0.6,157.81,607.44,3,1
1037.42,1.2,166.27,871.15,6,1
651.02,0.4,128.97,522.05,2,1
453.36,0.0,34.0,419.36,0,1
791.87,0.8,99.05,692.82,4,1
634.86,0.4,105.24,529.62,2,1
629.58,0.2,117.27,512.31,1,1
1069.25,1.2,228.35,840.9,6,1
737.85,0.6,85.03,652.82,3,1
699.28,0.4,139.41,559.87,2,1
764.44,0.6,104.05,660.38,3,1
661.96,0.4,109.65,552.31,2,1
897.46,0.8,189.51,707.95,4,1
574.27,0.2,107.35,466.92,1,1
585.4,0.2,103.35,482.05,1,1
926.98,1.0,133.65,793.33,5,1
564.22,0.2,104.86,459.36,1,1
1213.17,1.6,186.38,1026.79,8,1
915.14,0.8,146.68,768.46,4,1
458.67,0.0,62.0,396.67,0,1
1134.86,1.4,170.76,964.1,7,1
939.52,1.0,131.05,808.46,5,1
828.8,0.8,83.03,745.77,4,1
728.48,0.4,138.35,590.13,2,1
847.38,0.8,131.86,715.51,4,1
896.24,0.8,180.73,715.51,4,1
715.81,0.6,93.24,622.56,3,1
585.61,0.2,88.43,497.18,1,1
705.58,0.6,60.32,645.26,3,1
874.12,0.6,228.86,645.26,3,1
775.92,0.6,107.97,667.95,3,1
844.22,0.6,168.7,675.51,3,1
1411.99,1.8,307.38,1104.62,9,1
674.52,0.4,114.65,559.87,2,1
479.79,0.0,68.0,411.79,0,1
996.61,1.2,125.46,871.15,6,1
660.4,0.4,77.84,582.56,2,1
475.32,0.0,78.65,396.67,0,1
846.74,0.8,146.35,700.38,4,1
666.09,0.4,121.35,544.74,2,1
921.32,0.8,198.24,723.08,4,1
481.86,0.0,39.81,442.05,0,1
630.37,0.4,85.62,544.74,2,1
812.72,0.6,175.03,637.69,3,1
770.39,0.6,170.51,599.87,3,1
1201.2,1.6,181.97,1019.23,8,1
489.92,0.0,63.0,426.92,0,1
1025.64,1.2,162.05,863.59,6,1
665.84,0.4,90.84,575.0,2,1
1206.98,1.4,212.62,994.36,7,1
646.29,0.4,63.73,582.56,2,1
637.69,0.4,40.0,597.69,2,1
912.61,0.8,181.97,730.64,4,1
650.76,0.4,83.32,567.44,2,1
956.19,1.0,140.16,816.03,5,1
551.78,0.2,69.73,482.05,1,1
931.06,1.0,137.73,793.33,5,1
899.46,0.8,191.51,707.95,4,1
594.89,0.2,105.27,489.62,1,1
1295.52,1.8,221.16,1074.36,9,1
806.52,0.8,106.14,700.38,4,1
803.62,0.8,141.05,662.56,4,1
879.41,1.0,78.51,800.9,5,1
604.64,0.2,107.46,497.18,1,1
1056.15,1.2,109.35,946.79,6,1
1230.97,1.6,181.49,1049.49,8,1
1196.02,1.6,123.84,1072.18,8,1
729.05,0.6,114.05,615.0,3,1
1074.85,1.0,236.14,838.72,5,1
877.6,0.8,124.27,753.33,4,1
1096.88,1.2,150.08,946.79,6,1
801.87,0.6,141.49,660.38,3,1
1222.21,1.4,250.54,971.67,7,1
545.9,0.2,86.54,459.36,1,1
898.05,0.8,243.05,655.0,4,1
652.5,0.2,140.19,512.31,1,1
511.44,0.2,44.51,466.92,1,1
441.5,0.0,29.7,411.79,0,1
950.71,1.0,104.43,846.28,5,1
595.99,0.2,106.38,489.62,1,1
547.22,0.2,72.73,474.49,1,1
1007.74,1.0,221.97,785.77,5,1
854.0,0.6,117.97,736.03,3,1
1224.46,1.6,167.41,1057.05,8,1
623.12,0.2,118.38,504.74,1,1
789.27,0.6,166.7,622.56,3,1
948.75,1.0,125.16,823.59,5,1
1302.47,1.8,175.16,1127.31,9,1
964.8,1.0,133.65,831.15,5,1
895.08,0.8,172.0,723.08,4,1
660.2,0.4,115.46,544.74,2,1
822.21,0.8,99.14,723.08,4,1
865.7,0.8,150.19,715.51,4,1
608.16,0.2,58.03,550.13,1,1
616.14,0.2,149.22,466.92,1,1
808.72,0.6,171.03,637.69,3,1
939.35,0.8,223.84,715.51,4,1
1106.3,1.4,149.76,956.54,7,1
740.39,0.6,148.08,592.31,3,1
1217.07,1.6,152.46,1064.62,8,1
556.24,0.2,66.62,489.62,1,1
857.52,0.8,164.7,692.82,4,1
754.96,0.4,202.65,552.31,2,1
762.6,0.8,62.22,700.38,4,1
626.45,0.4,96.84,529.62,2,1
980.68,1.0,172.22,808.46,5,1
930.02,1.0,159.38,770.64,5,1
479.12,0.0,67.32,411.79,0,1
448.94,0.0,59.84,389.1,0,1
863.74,0.8,102.84,760.9,4,1
477.99,0.0,81.32,396.67,0,1
567.19,0.2,85.14,482.05,1,1
930.52,1.0,122.05,808.46,5,1
658.39,0.4,113.65,544.74,2,1
730.35,0.6,62.41,667.95,3,1
914.58,1.0,121.24,793.33,5,1
713.59,0.6,91.03,622.56,3,1
461.2,0.0,49.41,411.79,0,1
509.52,0.0,97.73,411.79,0,1
767.37,0.6,76.73,690.64,3,1
712.36,0.4,152.49,559.87,2,1
825.08,0.8,109.57,715.51,4,1
738.35,0.6,115.78,622.56,3,1
701.2,0.4,148.89,552.31,2,1
653.24,0.4,63.11,590.13,2,1
1066.89,1.4,163.3,903.59,7,1
984.73,1.0,168.7,816.03,5,1
1633.7,2.4,235.11,1398.59,12,1
757.26,0.6,66.62,690.64,3,1
1020.55,1.2,134.27,886.28,6,1
638.94,0.4,48.81,590.13,2,1
735.55,0.6,82.73,652.82,3,1
732.96,0.6,80.14,652.82,3,1
771.95,0.6,111.57,660.38,3,1
719.78,0.6,89.65,630.13,3,1
896.58,1.0,103.24,793.33,5,1
736.27,0.4,153.7,582.56,2,1
584.61,0.2,87.43,497.18,1,1
1044.78,1.2,128.24,916.54,6,1
551.71,0.2,39.41,512.31,1,1
836.4,0.8,105.76,730.64,4,1
1216.89,1.6,152.27,1064.62,8,1
634.61,0.4,97.43,537.18,2,1
759.19,0.6,151.76,607.44,3,1
475.73,0.0,48.81,426.92,0,1
844.2,0.8,98.43,745.77,4,1
972.3,1.2,123.84,848.46,6,1
813.16,0.6,183.03,630.13,3,1
629.46,0.4,62.03,567.44,2,1
714.12,0.6,76.43,637.69,3,1
641.22,0.4,66.22,575.0,2,1
460.45,0.0,71.35,389.1,0,1
744.16,0.6,129.16,615.0,3,1
1113.39,1.4,187.11,926.28,7,1
1130.16,1.4,181.19,948.97,7,1
584.39,0.2,79.65,504.74,1,1
1036.06,1.2,187.59,848.46,6,1
448.61,0.0,36.81,411.79,0,1
570.22,0.2,95.73,474.49,1,1
951.42,1.0,173.22,778.21,5,1
917.07,1.0,138.86,778.21,5,1
912.53,1.0,73.81,838.72,5,1
1032.89,1.2,116.35,916.54,6,1
844.45,0.8,106.24,738.21,4,1
1323.04,1.8,203.3,1119.74,9,1
1004.17,1.0,210.84,793.33,5,1
836.48,0.8,105.84,730.64,4,1
846.12,0.8,153.3,692.82,4,1
550.54,0.2,83.62,466.92,1,1
643.77,0.4,99.03,544.74,2,1
658.45,0.4,121.27,537.18,2,1
760.21,0.6,130.08,630.13,3,1
723.62,0.6,101.05,622.56,3,1
827.91,0.8,142.65,685.26,4,1
662.45,0.4,72.32,590.13,2,1
858.66,0.8,120.46,738.21,4,1
760.85,0.6,123.16,637.69,3,1
913.4,0.8,190.32,723.08,4,1
876.62,1.0,113.54,763.08,5,1
562.33,0.2,102.97,459.36,1,1
1161.31,1.6,187.46,973.85,8,1
644.36,0.4,92.05,552.31,2,1
860.26,0.8,122.05,738.21,4,1
1240.92,1.6,251.95,988.97,8,1
611.59,0.2,121.97,489.62,1,1
649.59,0.4,67.03,582.56,2,1
863.11,0.8,147.59,715.51,4,1
817.21,0.8,94.14,723.08,4,1
495.2,0.0,75.84,419.36,0,1
699.4,0.6,76.84,622.56,3,1
1100.58,1.2,206.73,893.85,6,1
1152.23,1.4,173.0,979.23,7,1
1018.0,1.2,161.97,856.03,6,1
749.73,0.6,74.22,675.51,3,1
789.84,0.6,129.46,660.38,3,1
936.34,1.0,97.62,838.72,5,1
1018.81,1.2,162.78,856.03,6,1
1010.13,1.2,138.97,871.15,6,1
721.36,0.6,129.05,592.31,3,1
705.31,0.4,153.0,552.31,2,1
726.0,0.6,118.57,607.44,3,1
784.32,0.6,154.19,630.13,3,1
830.78,0.8,100.14,730.64,4,1
1155.77,1.4,184.11,971.67,7,1
928.53,1.0,157.89,770.64,5,1
589.78,0.2,100.16,489.62,1,1
558.52,0.2,106.73,451.79,1,1
586.06,0.2,58.62,527.44,1,1
1126.54,1.4,222.95,903.59,7,1
821.47,0.8,68.14,753.33,4,1
1067.89,1.2,151.35,916.54,6,1
932.99,1.0,101.84,831.15,5,1
1318.94,1.6,261.89,1057.05,8,1
832.53,0.8,147.27,685.26,4,1
623.4,0.4,101.35,522.05,2,1
863.77,0.8,125.57,738.21,4,1
1469.64,2.0,256.95,1212.69,10,1
1009.25,1.2,107.84,901.41,6,1
823.21,0.8,100.14,723.08,4,1
469.71,0.0,57.92,411.79,0,1
623.63,0.4,71.32,552.31,2,1
627.71,0.4,67.84,559.87,2,1
1095.81,1.2,171.7,924.1,6,1
1078.39,1.4,144.54,933.85,7,1
864.95,1.0,109.43,755.51,5,1
562.48,0.2,80.43,482.05,1,1
1752.72,2.6,253.62,1499.1,13,1
725.97,0.6,95.84,630.13,3,1
646.91,0.4,102.16,544.74,2,1
818.47,0.6,173.22,645.26,3,1
1124.78,1.4,160.68,964.1,7,1
1102.95,1.4,153.97,948.97,7,1
812.4,0.8,89.32,723.08,4,1
679.06,0.4,126.76,552.31,2,1
1150.91,1.2,272.19,878.72,6,1
746.57,0.6,78.62,667.95,3,1
731.25,0.6,78.43,652.82,3,1
607.45,0.2,110.27,497.18,1,1
712.23,0.6,59.41,652.82,3,1
865.32,1.0,102.24,763.08,5,1
823.59,0.6,148.08,675.51,3,1
531.48,0.2,49.43,482.05,1,1
1094.58,1.4,168.3,926.28,7,1
677.28,0.4,124.97,552.31,2,1
464.61,0.0,52.81,411.79,0,1
881.31,0.8,143.11,738.21,4,1
583.88,0.2,79.14,504.74,1,1
1147.6,1.6,158.62,988.97,8,1
768.43,0.6,145.86,622.56,3,1
922.72,1.0,136.95,785.77,5,1
817.03,0.6,149.08,667.95,3,1
489.58,0.0,85.35,404.23,0,1
1212.24,1.6,155.19,1057.05,8,1
888.98,1.0,95.65,793.33,5,1
970.12,1.0,176.78,793.33,5,1
541.16,0.2,59.11,482.05,1,1
844.82,0.8,99.05,745.77,4,1
754.77,0.6,101.95,652.82,3,1
570.19,0.2,88.14,482.05,1,1
1077.57,1.4,121.03,956.54,7,1
800.14,0.8,107.32,692.82,4,1
1359.82,1.8,232.51,1127.31,9,1
1023.01,1.2,129.16,893.85,6,1
1238.65,1.8,96.22,1142.44,9,1
781.04,0.8,103.35,677.69,4,1
656.32,0.4,134.27,522.05,2,1
906.96,1.0,128.76,778.21,5,1
500.26,0.0,111.16,389.1,0,1
1244.61,1.6,164.86,1079.74,8,1
755.7,0.6,125.57,630.13,3,1
1016.02,1.2,144.86,871.15,6,1
657.19,0.4,74.62,582.56,2,1
1108.9,1.4,167.49,941.41,7,1
469.96,0.0,65.73,404.23,0,1
805.79,0.8,97.84,707.95,4,1
959.56,1.2,88.41,871.15,6,1
782.97,0.6,107.46,675.51,3,1
1009.49,1.2,115.65,893.85,6,1
1031.02,1.2,106.92,924.1,6,1
708.1,0.6,85.54,622.56,3,1
603.46,0.2,128.97,474.49,1,1
1042.77,1.2,156.49,886.28,6,1
556.19,0.2,74.14,482.05,1,1
513.48,0.0,71.43,442.05,0,1
537.0,0.2,62.51,474.49,1,1
890.98,0.8,137.65,753.33,4,1
553.5,0.2,56.32,497.18,1,1
931.29,1.0,100.14,831.15,5,1
