"Total_Cost","Ratio_Reloc_Prod","Horiz_Cost","Vert_Cost","nReloc","non_Optimal"
235898.34,0.476,42976.44,192921.9,714,227
709.27,0.4,81.32,627.95,2,1
848.31,0.6,134.97,713.33,3,0
884.77,0.4,226.57,658.21,2,1
861.23,0.6,94.95,766.28,3,1
642.36,0.2,69.54,572.82,1,0
529.68,0.0,49.81,479.87,0,0
876.86,0.6,133.27,743.59,3,1
797.44,0.6,84.11,713.33,3,1
491.32,0.0,41.7,449.62,0,0
677.4,0.2,127.27,550.13,1,0
785.01,0.4,119.24,665.77,2,0
855.17,0.6,134.27,720.9,3,1
642.37,0.2,92.24,550.13,1,1
806.01,0.4,185.62,620.38,2,1
696.47,0.2,116.08,580.38,1,0
913.18,0.6,169.59,743.59,3,1
666.65,0.4,38.7,627.95,2,1
631.96,0.2,66.7,565.26,1,1
542.69,0.0,77.95,464.74,0,1
672.25,0.2,144.81,527.44,1,1
615.47,0.2,50.22,565.26,1,0
754.86,0.6,64.22,690.64,3,1
836.24,0.6,153.16,683.08,3,1
690.94,0.4,93.24,597.69,2,1
675.28,0.4,70.03,605.26,2,1
876.68,0.8,108.22,768.46,4,1
644.39,0.2,79.14,565.26,1,0
952.22,1.0,90.81,861.41,5,1
779.91,0.4,129.27,650.64,2,0
781.16,0.6,105.65,675.51,3,1
783.96,0.4,125.76,658.21,2,1
957.93,0.8,144.08,813.85,4,1
577.97,0.0,135.92,442.05,0,1
1201.84,1.0,332.86,868.97,5,1
693.01,0.2,127.76,565.26,1,1
796.29,0.6,105.65,690.64,3,1
606.74,0.0,126.86,479.87,0,1
876.38,0.8,100.35,776.03,4,1
997.35,1.0,120.81,876.54,5,1
809.55,0.6,96.22,713.33,3,0
661.13,0.2,118.57,542.56,1,0
653.85,0.2,81.03,572.82,1,1
842.86,0.6,106.84,736.03,3,1
654.88,0.2,142.57,512.31,1,1
912.66,0.6,199.32,713.33,3,1
676.61,0.2,126.49,550.13,1,1
901.59,0.8,125.57,776.03,4,1
612.16,0.2,62.03,550.13,1,0
964.82,0.8,150.97,813.85,4,1
816.66,0.4,150.89,665.77,2,1
919.82,0.6,214.05,705.77,3,1
704.75,0.4,107.05,597.69,2,1
886.17,0.6,165.27,720.9,3,1
820.05,0.4,169.41,650.64,2,1
680.42,0.4,82.73,597.69,2,0
1035.41,1.0,174.0,861.41,5,1
904.74,0.8,106.03,798.72,4,0
725.35,0.4,89.84,635.51,2,1
642.56,0.4,60.0,582.56,2,1
669.72,0.4,72.03,597.69,2,1
938.1,0.8,154.51,783.59,4,1
894.34,0.6,196.14,698.21,3,1
883.28,0.6,162.38,720.9,3,0
648.34,0.2,90.65,557.69,1,0
715.0,0.4,71.92,643.08,2,1
466.44,0.0,39.51,426.92,0,0
635.6,0.2,108.16,527.44,1,1
513.06,0.0,86.14,426.92,0,1
856.33,0.6,135.43,720.9,3,1
609.73,0.2,74.73,535.0,1,0
569.49,0.0,89.62,479.87,0,1
527.86,0.0,78.24,449.62,0,0
719.12,0.4,113.86,605.26,2,1
683.42,0.4,85.73,597.69,2,1
902.93,0.8,149.59,753.33,4,1
840.25,0.6,119.35,720.9,3,1
1581.68,0.8,828.35,753.33,4,1
576.52,0.0,96.65,479.87,0,1
652.57,0.2,117.57,535.0,1,1
762.9,0.4,195.46,567.44,2,1
475.34,0.0,63.54,411.79,0,1
1157.95,1.2,248.97,908.97,6,1
1480.71,1.2,647.38,833.33,6,1
1000.26,1.0,153.97,846.28,5,1
612.84,0.4,45.41,567.44,2,1
834.44,0.8,81.11,753.33,4,1
650.44,0.2,77.62,572.82,1,0
833.47,0.6,112.57,720.9,3,0
524.31,0.0,67.14,457.18,0,1
599.8,0.4,62.62,537.18,2,1
620.22,0.2,100.35,519.87,1,1
516.79,0.0,89.86,426.92,0,1
1026.14,0.8,204.73,821.41,4,1
723.53,0.4,118.27,605.26,2,0
1145.46,1.2,236.49,908.97,6,1
665.71,0.2,138.27,527.44,1,1
583.72,0.0,134.11,449.62,0,1
529.7,0.0,87.65,442.05,0,1
995.9,1.0,134.49,861.41,5,1
842.62,0.6,99.03,743.59,3,1
446.17,0.0,26.81,419.36,0,0
1368.43,1.0,552.41,816.03,5,1
551.79,0.0,71.92,479.87,0,0
549.39,0.0,69.51,479.87,0,0
667.28,0.2,147.41,519.87,1,1
876.23,0.6,162.89,713.33,3,0
918.35,0.8,149.89,768.46,4,1
1110.95,0.8,297.11,813.85,4,1
835.17,0.6,114.27,720.9,3,1
442.76,0.0,23.41,419.36,0,0
724.29,0.4,81.22,643.08,2,0
486.86,0.0,44.81,442.05,0,0
711.82,0.4,106.57,605.26,2,1
683.63,0.2,110.81,572.82,1,1
1287.97,1.6,177.97,1110.0,8,1
930.09,0.8,123.81,806.28,4,0
781.48,0.4,130.84,650.64,2,0
728.0,0.4,153.0,575.0,2,1
477.25,0.0,50.32,426.92,0,0
680.31,0.2,115.05,565.26,1,1
928.47,0.8,129.76,798.72,4,1
536.21,0.0,79.03,457.18,0,1
844.41,0.6,115.95,728.46,3,1
1097.39,0.4,537.51,559.87,2,1
638.67,0.4,56.11,582.56,2,1
623.93,0.2,104.05,519.87,1,1
575.22,0.2,40.22,535.0,1,1
822.01,0.6,116.24,705.77,3,1
1124.61,1.0,217.81,906.79,5,1
883.78,0.6,147.76,736.03,3,1
1108.99,0.4,511.3,597.69,2,1
878.91,0.6,127.76,751.15,3,1
960.35,0.8,191.89,768.46,4,1
747.77,0.4,150.08,597.69,2,1
648.21,0.2,105.65,542.56,1,1
461.36,0.0,42.0,419.36,0,0
806.67,0.6,131.16,675.51,3,1
835.69,0.8,89.92,745.77,4,1
774.71,0.4,161.89,612.82,2,1
761.59,0.4,126.08,635.51,2,0
714.12,0.6,76.43,637.69,3,1
1624.56,1.0,800.97,823.59,5,1
984.82,1.0,130.97,853.85,5,1
774.18,0.4,168.92,605.26,2,1
619.41,0.2,99.54,519.87,1,0
800.16,0.6,124.65,675.51,3,1
513.45,0.0,48.7,464.74,0,0
787.21,0.6,104.14,683.08,3,1
470.92,0.0,44.0,426.92,0,0
822.36,0.6,177.11,645.26,3,1
814.57,0.6,139.05,675.51,3,1
464.44,0.0,37.51,426.92,0,0
736.03,0.2,201.03,535.0,1,1
448.06,0.0,28.7,419.36,0,0
856.66,0.6,150.89,705.77,3,1
883.92,0.6,155.46,728.46,3,1
473.05,0.0,31.0,442.05,0,0
1021.71,0.8,215.43,806.28,4,1
773.3,0.4,137.78,635.51,2,1
998.23,0.8,199.51,798.72,4,1
804.47,0.6,91.14,713.33,3,1
773.48,0.4,122.84,650.64,2,1
584.64,0.2,34.51,550.13,1,1
675.21,0.4,77.51,597.69,2,0
555.88,0.0,91.14,464.74,0,1
783.86,0.6,108.35,675.51,3,1
603.81,0.2,68.81,535.0,1,1
855.2,0.6,141.86,713.33,3,0
842.97,0.6,106.95,736.03,3,1
771.78,0.6,81.14,690.64,3,1
879.92,0.8,111.46,768.46,4,1
919.34,0.8,113.05,806.28,4,1
861.7,0.6,178.62,683.08,3,1
532.4,0.0,90.35,442.05,0,0
744.84,0.4,124.46,620.38,2,1
853.26,0.6,155.05,698.21,3,1
571.87,0.2,52.0,519.87,1,1
723.97,0.4,73.32,650.64,2,0
649.09,0.4,89.22,559.87,2,0
1009.17,0.8,195.32,813.85,4,1
511.72,0.0,62.11,449.62,0,0
825.51,0.6,134.86,690.64,3,0
911.68,0.6,251.3,660.38,3,1
481.89,0.0,47.41,434.49,0,1
553.18,0.0,88.43,464.74,0,0
694.41,0.4,74.03,620.38,2,1
642.89,0.4,60.32,582.56,2,0
615.91,0.2,58.22,557.69,1,1
672.35,0.4,97.35,575.0,2,1
595.57,0.4,35.7,559.87,2,1
799.22,0.6,78.32,720.9,3,1
753.1,0.6,70.03,683.08,3,1
445.47,0.0,26.11,419.36,0,0
746.82,0.6,86.43,660.38,3,1
735.53,0.6,97.84,637.69,3,1
484.51,0.0,50.03,434.49,0,1
688.39,0.4,83.14,605.26,2,1
984.74,1.0,138.46,846.28,5,1
1250.12,0.8,511.92,738.21,4,1
498.8,0.0,41.62,457.18,0,0
524.31,0.0,67.14,457.18,0,0
1037.73,1.0,229.27,808.46,5,1
775.14,0.6,114.76,660.38,3,0
1286.53,1.4,307.3,979.23,7,1
838.5,0.6,125.16,713.33,3,0
953.4,1.0,122.24,831.15,5,1
694.36,0.4,81.54,612.82,2,1
862.39,0.8,109.05,753.33,4,1
655.59,0.2,105.46,550.13,1,1
666.99,0.2,116.86,550.13,1,1
1137.07,1.2,197.84,939.23,6,1
629.92,0.2,87.35,542.56,1,0
1602.89,1.2,746.86,856.03,6,1
837.64,0.6,154.57,683.08,3,1
580.79,0.2,60.92,519.87,1,0
549.45,0.0,99.84,449.62,0,0
810.96,0.6,112.76,698.21,3,1
979.74,0.8,181.03,798.72,4,1
456.58,0.0,37.22,419.36,0,1
933.86,0.8,150.27,783.59,4,1
548.33,0.0,76.03,472.31,0,0
687.9,0.4,67.51,620.38,2,1
727.47,0.4,114.65,612.82,2,1
1023.44,1.0,222.54,800.9,5,1
753.8,0.4,156.11,597.69,2,1
673.03,0.2,145.59,527.44,1,0
560.21,0.2,63.03,497.18,1,0
586.18,0.2,81.43,504.74,1,1
602.79,0.4,42.92,559.87,2,1
635.78,0.2,93.22,542.56,1,1
792.71,0.6,124.76,667.95,3,1
468.98,0.0,49.62,419.36,0,1
621.14,0.2,86.14,535.0,1,0
726.3,0.6,65.92,660.38,3,1
886.17,0.8,125.27,760.9,4,1
1025.14,1.0,156.16,868.97,5,1
1016.5,1.0,177.78,838.72,5,1
1035.73,1.0,227.27,808.46,5,1
705.68,0.4,77.73,627.95,2,1
669.47,0.4,64.22,605.26,2,1
605.52,0.0,118.08,487.44,0,0
890.42,0.8,84.14,806.28,4,1
605.07,0.4,60.32,544.74,2,1
551.02,0.0,108.97,442.05,0,0
938.78,0.8,155.19,783.59,4,1
1291.17,1.6,196.3,1094.87,8,1
1311.18,0.8,580.54,730.64,4,1
680.06,0.2,107.24,572.82,1,0
919.75,0.8,136.16,783.59,4,0
1044.54,1.2,135.57,908.97,6,1
710.76,0.4,82.81,627.95,2,0
486.16,0.0,44.11,442.05,0,0
666.93,0.4,54.11,612.82,2,1
870.21,0.6,172.0,698.21,3,1
1207.41,0.4,632.41,575.0,2,1
812.04,0.6,113.84,698.21,3,1
1820.81,0.8,1044.78,776.03,4,1
837.84,0.6,116.95,720.9,3,1
873.11,0.8,104.65,768.46,4,1
992.6,0.8,171.19,821.41,4,1
741.58,0.4,143.89,597.69,2,1
796.2,0.6,143.38,652.82,3,1
1218.78,0.6,596.22,622.56,3,1
888.59,0.8,97.43,791.15,4,1
603.98,0.2,76.54,527.44,1,0
570.93,0.2,58.62,512.31,1,1
693.96,0.4,81.14,612.82,2,1
1392.28,1.6,297.41,1094.87,8,1
741.89,0.4,113.95,627.95,2,1
759.96,0.4,154.7,605.26,2,1
835.26,0.8,104.62,730.64,4,1
959.6,0.8,145.76,813.85,4,1
745.89,0.4,117.95,627.95,2,1
890.17,0.8,129.27,760.9,4,1
754.16,0.6,78.65,675.51,3,0
961.72,0.8,215.95,745.77,4,0
903.85,0.6,205.65,698.21,3,1
1293.84,0.8,578.32,715.51,4,1
785.09,0.4,111.76,673.33,2,1
690.9,0.4,70.51,620.38,2,1
1024.59,0.6,341.51,683.08,3,1
809.75,0.6,111.54,698.21,3,1
673.8,0.2,108.54,565.26,1,1
579.22,0.2,44.22,535.0,1,0
590.9,0.2,71.03,519.87,1,1
918.2,0.8,164.86,753.33,4,1
561.61,0.2,64.43,497.18,1,1
465.09,0.0,45.73,419.36,0,0
1178.5,0.6,533.24,645.26,3,1
627.01,0.2,122.27,504.74,1,1
664.1,0.4,66.41,597.69,2,1
763.36,0.4,158.11,605.26,2,1
715.12,0.4,109.86,605.26,2,1
701.29,0.4,111.16,590.13,2,1
585.21,0.2,88.03,497.18,1,1
791.1,0.8,68.03,723.08,4,1
1162.06,0.6,509.24,652.82,3,1
1024.42,0.8,225.7,798.72,4,1
699.52,0.4,79.14,620.38,2,1
1750.8,1.6,671.05,1079.74,8,1
