"Total_Cost","Ratio_Reloc_Prod","Horiz_Cost","Vert_Cost","nReloc","non_Optimal"
248838.5,0.372,62905.45,185933.18,558,142
896.49,0.6,122.65,773.85,3,0
701.01,0.2,128.19,572.82,1,1
967.69,0.6,208.97,758.72,3,1
1063.8,0.6,365.59,698.21,3,0
611.92,0.2,69.35,542.56,1,0
533.9,0.0,54.03,479.87,0,0
697.67,0.2,139.97,557.69,1,0
781.87,0.4,153.92,627.95,2,0
776.49,0.4,140.97,635.51,2,0
531.77,0.0,67.03,464.74,0,1
699.08,0.4,71.14,627.95,2,0
1035.1,0.8,191.0,844.1,4,1
913.42,0.8,122.27,791.15,4,0
934.02,0.6,190.43,743.59,3,0
772.54,0.4,144.59,627.95,2,0
521.99,0.0,64.81,457.18,0,1
599.27,0.2,56.7,542.56,1,0
786.14,0.4,158.19,627.95,2,0
681.3,0.2,146.3,535.0,1,1
685.82,0.2,120.57,565.26,1,0
748.87,0.4,136.05,612.82,2,0
780.64,0.4,137.57,643.08,2,0
791.63,0.2,226.38,565.26,1,1
1746.98,1.6,599.16,1147.82,8,1
723.19,0.2,180.62,542.56,1,0
651.36,0.2,86.11,565.26,1,0
1360.99,1.2,376.38,984.62,6,1
682.5,0.2,117.24,565.26,1,0
1026.41,0.6,297.95,728.46,3,0
873.99,0.4,208.22,665.77,2,0
866.94,0.6,123.35,743.59,3,1
719.09,0.2,199.22,519.87,1,1
680.76,0.2,153.32,527.44,1,1
643.01,0.4,83.14,559.87,2,1
1137.79,0.8,323.95,813.85,4,0
954.23,0.6,203.08,751.15,3,0
688.83,0.2,131.14,557.69,1,1
597.17,0.2,69.73,527.44,1,1
438.5,0.0,26.7,411.79,0,1
716.8,0.2,212.05,504.74,1,1
1232.78,0.8,449.19,783.59,4,0
907.49,0.4,279.54,627.95,2,0
606.96,0.2,102.22,504.74,1,1
974.82,0.4,309.05,665.77,2,0
784.58,0.2,219.32,565.26,1,0
644.79,0.2,117.35,527.44,1,0
753.64,0.2,195.95,557.69,1,1
1131.99,0.6,426.22,705.77,3,0
1350.68,0.8,536.84,813.85,4,0
730.94,0.2,180.81,550.13,1,0
989.82,0.6,284.05,705.77,3,0
834.83,0.4,184.19,650.64,2,0
667.94,0.2,110.24,557.69,1,1
556.61,0.0,99.43,457.18,0,1
1165.8,0.6,399.51,766.28,3,0
720.22,0.2,192.78,527.44,1,0
1481.9,1.0,567.54,914.36,5,0
845.27,0.4,202.19,643.08,2,0
1132.49,0.6,396.46,736.03,3,0
726.27,0.2,183.7,542.56,1,0
749.47,0.4,129.08,620.38,2,1
717.37,0.2,174.81,542.56,1,0
1313.54,0.6,577.51,736.03,3,0
1497.25,0.8,683.41,813.85,4,0
833.55,0.4,220.73,612.82,2,1
1111.37,0.8,312.65,798.72,4,1
798.51,0.4,147.86,650.64,2,1
585.45,0.0,128.27,457.18,0,1
724.73,0.4,142.16,582.56,2,1
879.5,0.6,181.3,698.21,3,1
855.21,0.4,212.14,643.08,2,0
925.59,0.6,182.0,743.59,3,1
559.02,0.0,101.84,457.18,0,0
484.22,0.0,49.73,434.49,0,1
608.5,0.2,50.81,557.69,1,1
1288.39,0.8,482.11,806.28,4,1
1236.04,0.6,469.76,766.28,3,0
698.39,0.2,178.51,519.87,1,0
896.35,0.2,368.92,527.44,1,0
757.91,0.2,260.73,497.18,1,1
1010.46,0.8,234.43,776.03,4,0
799.37,0.4,201.68,597.69,2,1
658.78,0.4,76.22,582.56,2,1
727.58,0.2,169.89,557.69,1,0
1354.98,1.2,468.7,886.28,6,0
1019.18,0.6,268.03,751.15,3,0
987.25,0.6,266.35,720.9,3,0
731.57,0.2,211.7,519.87,1,0
541.91,0.0,84.73,457.18,0,0
616.9,0.2,97.03,519.87,1,0
744.72,0.4,147.03,597.69,2,0
913.7,0.6,230.62,683.08,3,0
1046.55,0.4,380.78,665.77,2,1
895.47,0.4,229.7,665.77,2,1
692.35,0.4,64.41,627.95,2,1
819.83,0.2,262.14,557.69,1,0
590.32,0.0,140.7,449.62,0,0
847.89,0.4,212.38,635.51,2,1
792.65,0.4,172.27,620.38,2,0
960.96,0.4,302.76,658.21,2,0
907.84,0.4,279.89,627.95,2,1
1280.39,1.0,381.16,899.23,5,0
717.75,0.2,160.05,557.69,1,0
938.33,0.6,225.0,713.33,3,1
767.72,0.2,210.03,557.69,1,0
624.96,0.0,160.22,464.74,0,0
684.02,0.2,126.32,557.69,1,0
650.79,0.2,123.35,527.44,1,0
1189.46,1.0,328.05,861.41,5,1
800.23,0.4,134.46,665.77,2,1
509.08,0.0,67.03,442.05,0,1
652.33,0.2,132.46,519.87,1,1
885.75,0.8,147.54,738.21,4,0
628.59,0.2,86.03,542.56,1,1
1284.16,0.6,548.14,736.03,3,1
583.46,0.0,141.41,442.05,0,0
641.94,0.2,84.24,557.69,1,0
677.9,0.2,150.46,527.44,1,0
713.45,0.4,123.32,590.13,2,1
481.3,0.0,46.81,434.49,0,1
567.14,0.0,132.65,434.49,0,0
707.78,0.2,165.22,542.56,1,0
686.77,0.2,113.95,572.82,1,1
702.91,0.2,145.22,557.69,1,0
904.82,0.6,191.49,713.33,3,1
1167.54,0.4,539.59,627.95,2,1
1321.98,1.0,400.05,921.92,5,0
783.27,0.4,147.76,635.51,2,0
1108.36,0.8,302.08,806.28,4,0
822.52,0.4,209.7,612.82,2,0
712.34,0.2,147.08,565.26,1,1
787.54,0.4,159.59,627.95,2,0
691.29,0.2,133.59,557.69,1,0
653.96,0.2,88.7,565.26,1,1
684.86,0.2,142.3,542.56,1,1
653.07,0.2,102.95,550.13,1,0
1114.45,0.6,423.81,690.64,3,1
928.01,0.4,262.24,665.77,2,0
640.46,0.2,105.46,535.0,1,0
803.05,0.4,159.97,643.08,2,1
1169.59,0.6,478.95,690.64,3,0
763.71,0.2,190.89,572.82,1,0
695.82,0.2,130.57,565.26,1,0
613.54,0.0,186.62,426.92,0,1
714.4,0.2,156.7,557.69,1,1
508.22,0.0,73.73,434.49,0,1
468.49,0.0,34.0,434.49,0,1
486.0,0.0,51.51,434.49,0,1
512.33,0.0,77.84,434.49,0,1
971.45,0.4,373.76,597.69,2,1
622.08,0.2,79.51,542.56,1,1
726.8,0.2,176.68,550.13,1,1
679.03,0.2,144.03,535.0,1,1
490.81,0.0,56.32,434.49,0,1
826.31,0.4,168.11,658.21,2,1
532.48,0.0,90.43,442.05,0,0
642.03,0.2,107.03,535.0,1,1
1721.03,1.4,658.59,1062.44,7,0
755.12,0.2,182.3,572.82,1,0
726.74,0.2,161.49,565.26,1,1
1070.76,0.6,334.73,736.03,3,0
1046.64,0.8,247.92,798.72,4,0
780.29,0.2,222.59,557.69,1,0
1210.44,0.4,544.68,665.77,2,0
978.09,0.6,264.76,713.33,3,1
668.62,0.2,126.05,542.56,1,0
635.49,0.0,155.62,479.87,0,1
540.58,0.0,75.84,464.74,0,1
654.99,0.2,89.73,565.26,1,1
686.74,0.2,121.49,565.26,1,0
788.5,0.2,223.24,565.26,1,0
776.61,0.4,125.97,650.64,2,1
673.31,0.2,108.05,565.26,1,0
568.08,0.0,126.03,442.05,0,1
1348.08,0.6,604.49,743.59,3,0
614.56,0.2,72.0,542.56,1,0
594.58,0.0,137.41,457.18,0,0
1060.34,0.8,261.62,798.72,4,1
859.46,0.4,216.38,643.08,2,1
552.69,0.0,87.95,464.74,0,0
920.73,0.4,277.65,643.08,2,0
1113.68,0.8,299.84,813.85,4,1
1184.31,0.4,518.54,665.77,2,0
801.86,0.4,158.78,643.08,2,0
687.12,0.2,121.86,565.26,1,0
916.7,0.8,193.62,723.08,4,1
748.93,0.4,128.54,620.38,2,1
528.53,0.0,71.35,457.18,0,1
990.4,0.8,214.38,776.03,4,0
765.12,0.2,207.43,557.69,1,0
805.7,0.4,170.19,635.51,2,0
755.36,0.2,190.11,565.26,1,0
995.2,0.6,289.43,705.77,3,0
791.61,0.4,125.84,665.77,2,0
1187.76,1.0,318.78,868.97,5,1
1233.12,0.8,419.27,813.85,4,0
1032.04,0.8,293.84,738.21,4,0
1178.27,0.4,550.32,627.95,2,0
917.1,0.2,359.41,557.69,1,0
697.45,0.2,139.76,557.69,1,1
770.37,0.2,212.68,557.69,1,1
810.94,0.2,268.38,542.56,1,1
810.25,0.4,182.3,627.95,2,1
844.78,0.4,201.7,643.08,2,0
1095.07,0.4,429.3,665.77,2,0
762.18,0.4,111.54,650.64,2,0
723.72,0.2,158.46,565.26,1,1
929.92,0.6,193.89,736.03,3,0
671.44,0.4,104.0,567.44,2,0
1225.63,0.4,559.86,665.77,2,0
703.63,0.2,138.38,565.26,1,0
513.54,0.0,79.05,434.49,0,0
556.21,0.0,114.16,442.05,0,1
763.35,0.2,235.92,527.44,1,0
1306.19,1.0,437.22,868.97,5,0
769.66,0.2,204.41,565.26,1,1
982.09,0.4,316.32,665.77,2,0
1054.21,0.8,217.68,836.54,4,1
614.95,0.2,79.95,535.0,1,0
751.29,0.2,208.73,542.56,1,1
999.55,0.4,333.78,665.77,2,0
861.26,0.4,195.49,665.77,2,0
1230.3,1.0,308.38,921.92,5,0
755.39,0.4,89.62,665.77,2,0
1221.08,0.6,606.08,615.0,3,1
888.48,0.6,137.32,751.15,3,1
1046.25,0.6,317.78,728.46,3,1
658.38,0.2,123.38,535.0,1,0
572.31,0.0,107.57,464.74,0,0
734.21,0.2,191.65,542.56,1,0
851.61,0.2,293.92,557.69,1,0
1074.62,0.6,331.03,743.59,3,1
706.16,0.4,78.22,627.95,2,1
615.12,0.2,57.43,557.69,1,1
435.2,0.0,23.41,411.79,0,1
711.8,0.2,154.11,557.69,1,1
967.56,0.4,309.35,658.21,2,1
932.04,0.6,165.76,766.28,3,1
966.88,0.4,308.68,658.21,2,0
709.23,0.2,143.97,565.26,1,1
733.45,0.2,168.19,565.26,1,1
832.26,0.2,282.14,550.13,1,1
462.0,0.0,27.51,434.49,0,1
957.58,0.6,198.86,758.72,3,0
785.61,0.4,119.84,665.77,2,0
795.34,0.4,190.08,605.26,2,0
873.35,0.8,150.27,723.08,4,0
659.42,0.2,101.73,557.69,1,1
1573.67,1.0,689.57,884.1,5,1
744.45,0.2,179.19,565.26,1,1
499.36,0.0,80.0,419.36,0,0
1127.75,0.8,291.22,836.54,4,1
1268.57,1.0,392.03,876.54,5,1
1442.46,1.0,573.49,868.97,5,0
832.07,0.6,133.86,698.21,3,1
518.54,0.0,84.05,434.49,0,1
537.05,0.0,102.57,434.49,0,0
1069.75,0.8,233.22,836.54,4,1
510.1,0.0,52.92,457.18,0,1
1238.7,0.8,455.11,783.59,4,1
912.97,0.4,269.89,643.08,2,1
933.42,0.4,275.22,658.21,2,0
578.62,0.0,136.57,442.05,0,1
658.94,0.2,101.24,557.69,1,1
544.43,0.0,109.95,434.49,0,1
870.52,0.6,142.05,728.46,3,1
536.92,0.2,62.43,474.49,1,1
1421.37,0.8,569.7,851.67,4,0
894.9,0.4,229.14,665.77,2,0
1383.89,1.0,454.41,929.49,5,0
675.58,0.2,110.32,565.26,1,1
572.8,0.0,123.19,449.62,0,0
1215.58,0.8,356.35,859.23,4,0
664.37,0.2,114.24,550.13,1,0
653.71,0.2,126.27,527.44,1,1
958.87,0.4,338.49,620.38,2,0
1329.71,1.0,422.92,906.79,5,1
596.45,0.0,131.7,464.74,0,0
650.1,0.2,107.54,542.56,1,1
977.93,0.4,319.73,658.21,2,1
542.33,0.2,67.84,474.49,1,1
849.27,0.6,113.24,736.03,3,1
693.23,0.2,127.97,565.26,1,1
586.15,0.0,128.97,457.18,0,0
691.69,0.2,118.86,572.82,1,0
1177.98,1.0,324.14,853.85,5,1
806.26,0.4,148.05,658.21,2,1
730.33,0.4,109.95,620.38,2,1
808.48,0.4,210.78,597.69,2,1
609.5,0.0,152.32,457.18,0,1
1006.35,0.6,330.84,675.51,3,1
1136.5,0.6,430.73,705.77,3,0
712.85,0.2,155.16,557.69,1,0
867.18,0.6,168.97,698.21,3,0
488.06,0.0,61.14,426.92,0,1
440.9,0.0,29.11,411.79,0,1
513.84,0.0,79.35,434.49,0,1
1155.75,0.6,412.16,743.59,3,0
619.86,0.2,84.86,535.0,1,1
731.62,0.4,88.54,643.08,2,1
