"Total_Cost","Ratio_Reloc_Prod","Horiz_Cost","Vert_Cost","nReloc","non_Optimal"
228224.54,0.4587,33627.08,194597.4,688,250
1053.57,0.6667,131.65,921.92,4,1
626.93,0.0,54.11,572.82,0,1
1332.17,1.1667,176.78,1155.38,7,1
890.89,0.3333,147.3,743.59,2,1
1160.22,0.8333,198.3,961.92,5,1
835.45,0.3333,76.73,758.72,2,1
682.5,0.0,109.68,572.82,0,1
1063.11,0.6667,126.05,937.05,4,1
909.57,0.5,73.03,836.54,3,1
635.12,0.0,77.43,557.69,0,1
1200.8,1.1667,121.05,1079.74,7,1
906.32,0.3333,155.16,751.15,2,1
930.69,0.5,131.97,798.72,3,1
737.88,0.1667,87.24,650.64,1,1
1316.8,1.1667,191.68,1125.13,7,1
1069.56,0.6667,177.89,891.67,4,1
699.06,0.1667,86.24,612.82,1,1
772.42,0.3333,74.22,698.21,2,1
686.19,0.0,151.19,535.0,0,1
843.12,0.3333,129.78,713.33,2,1
779.38,0.1667,159.0,620.38,1,1
852.58,0.5,99.24,753.33,3,1
835.25,0.3333,114.35,720.9,2,1
720.59,0.1667,77.51,643.08,1,1
1171.59,1.0,199.92,971.67,6,1
707.47,0.1667,94.65,612.82,1,1
767.4,0.1667,116.76,650.64,1,1
1217.92,1.0,216.0,1001.92,6,1
815.91,0.3333,72.32,743.59,2,1
859.32,0.5,75.73,783.59,3,1
1372.4,1.3333,199.7,1172.69,8,1
1116.72,0.8333,177.49,939.23,5,1
1243.16,1.1667,133.16,1110.0,7,1
1181.42,1.0,141.68,1039.74,6,1
1136.15,0.8333,143.97,992.18,5,1
668.6,0.1667,48.22,620.38,1,1
1097.09,0.6667,175.16,921.92,4,1
1160.84,0.6667,284.3,876.54,4,1
1063.74,0.6667,149.38,914.36,4,1
772.94,0.1667,129.86,643.08,1,1
757.88,0.1667,92.11,665.77,1,1
983.7,0.5,215.24,768.46,3,1
525.02,0.0,35.41,489.62,0,1
1010.59,0.6667,118.92,891.67,4,1
969.08,0.8333,113.05,856.03,5,1
1163.77,0.8333,156.46,1007.31,5,1
1079.3,0.8333,124.95,954.36,5,1
722.76,0.3333,54.81,667.95,2,1
982.07,0.5,190.92,791.15,3,1
996.53,0.6667,112.43,884.1,4,1
945.05,0.5,153.89,791.15,3,1
1262.71,1.0,200.27,1062.44,6,1
974.94,0.6667,90.84,884.1,4,1
786.72,0.1667,120.95,665.77,1,1
1092.16,0.6667,215.62,876.54,4,1
809.28,0.3333,95.95,713.33,2,1
606.89,0.0,64.32,542.56,0,1
955.22,0.6667,86.24,868.97,4,1
970.33,0.6667,116.49,853.85,4,1
1100.81,0.8333,176.7,924.1,5,1
849.87,0.3333,121.41,728.46,2,1
1058.09,0.8333,103.73,954.36,5,1
1101.36,0.8333,154.57,946.79,5,1
862.54,0.3333,118.95,743.59,2,1
844.5,0.3333,131.16,713.33,2,1
792.86,0.1667,149.78,643.08,1,1
910.77,0.5,112.05,798.72,3,1
973.85,0.5,160.0,813.85,3,1
1119.85,0.6667,220.62,899.23,4,1
842.02,0.1667,198.95,643.08,1,1
1027.28,0.5,213.43,813.85,3,1
1167.19,0.6667,230.14,937.05,4,1
1231.68,1.0,161.68,1070.0,6,1
786.41,0.3333,65.51,720.9,2,1
626.59,0.0,84.03,542.56,0,1
954.24,0.5,125.27,828.97,3,1
973.34,0.6667,127.05,846.28,4,1
569.12,0.0,56.81,512.31,0,1
821.33,0.3333,92.86,728.46,2,1
730.12,0.1667,124.86,605.26,1,1
704.15,0.1667,53.51,650.64,1,1
703.59,0.1667,113.46,590.13,1,1
1182.77,0.6667,275.97,906.79,4,1
924.26,0.5,125.54,798.72,3,1
939.62,0.5,110.65,828.97,3,1
645.21,0.0,102.65,542.56,0,1
875.52,0.3333,147.05,728.46,2,1
960.15,0.5,153.86,806.28,3,1
716.94,0.1667,119.24,597.69,1,1
1276.89,1.1667,166.89,1110.0,7,1
748.69,0.3333,42.92,705.77,2,1
796.9,0.3333,91.14,705.77,2,1
692.91,0.1667,87.65,605.26,1,1
914.75,0.5,131.16,783.59,3,1
764.69,0.3333,58.92,705.77,2,1
925.81,0.5,149.78,776.03,3,1
803.45,0.3333,105.24,698.21,2,1
1159.58,0.8333,205.22,954.36,5,1
776.21,0.1667,125.57,650.64,1,1
960.43,0.5,131.46,828.97,3,1
1238.07,0.8333,253.46,984.62,5,1
852.04,0.1667,193.84,658.21,1,1
856.03,0.3333,127.57,728.46,2,1
1087.98,0.8333,126.05,961.92,5,1
1217.82,1.0,178.08,1039.74,6,1
852.99,0.3333,101.84,751.15,2,1
1149.68,0.8333,180.19,969.49,5,1
1059.08,0.8333,82.03,977.05,5,1
886.59,0.5,95.43,791.15,3,1
922.13,0.3333,186.11,736.03,2,1
1062.84,0.6667,201.43,861.41,4,1
771.65,0.3333,96.14,675.51,2,1
742.98,0.3333,75.03,667.95,2,1
883.17,0.3333,162.27,720.9,2,1
1088.19,0.8333,111.14,977.05,5,1
831.52,0.3333,103.05,728.46,2,1
928.56,0.5,144.97,783.59,3,1
1095.5,0.6667,188.7,906.79,4,1
734.35,0.1667,98.84,635.51,1,1
672.63,0.1667,59.81,612.82,1,1
1035.53,0.6667,143.86,891.67,4,1
729.89,0.1667,101.95,627.95,1,1
1099.95,0.8333,130.46,969.49,5,1
994.67,0.5,218.65,776.03,3,1
618.25,0.0,105.95,512.31,0,1
821.29,0.3333,123.08,698.21,2,1
706.42,0.1667,101.16,605.26,1,1
967.22,0.5,138.24,828.97,3,1
749.29,0.1667,98.65,650.64,1,1
708.66,0.1667,95.84,612.82,1,1
775.26,0.1667,185.14,590.13,1,1
773.03,0.1667,145.08,627.95,1,1
1155.09,0.8333,200.73,954.36,5,1
996.64,0.6667,112.54,884.1,4,1
588.48,0.0,45.92,542.56,0,1
838.98,0.3333,125.65,713.33,2,1
580.54,0.0,53.11,527.44,0,1
609.76,0.0,82.32,527.44,0,1
756.85,0.1667,151.59,605.26,1,1
947.86,0.6667,71.32,876.54,4,1
754.91,0.3333,71.84,683.08,2,1
632.78,0.0,82.65,550.13,0,1
948.24,0.5,104.14,844.1,3,1
1006.97,0.6667,122.86,884.1,4,1
992.67,0.5,201.51,791.15,3,1
668.21,0.1667,85.65,582.56,1,1
1284.52,1.1667,197.22,1087.31,7,1
629.37,0.0,79.24,550.13,0,1
632.84,0.0,97.84,535.0,0,1
833.41,0.3333,120.08,713.33,2,1
592.3,0.0,72.43,519.87,0,1
668.78,0.0,118.65,550.13,0,1
1088.85,0.8333,134.49,954.36,5,1
896.87,0.3333,168.41,728.46,2,1
904.8,0.5,113.65,791.15,3,1
966.79,0.5,198.32,768.46,3,1
829.31,0.3333,115.97,713.33,2,1
579.39,0.0,59.51,519.87,0,1
1030.04,0.6667,176.19,853.85,4,1
659.7,0.1667,77.14,582.56,1,1
1030.79,0.5,216.95,813.85,3,1
672.89,0.0,137.89,535.0,0,1
832.74,0.3333,126.97,705.77,2,1
885.81,0.5,117.35,768.46,3,1
935.44,0.5,129.16,806.28,3,1
705.92,0.1667,70.41,635.51,1,1
788.99,0.3333,83.22,705.77,2,1
1108.35,0.8333,138.86,969.49,5,1
1274.59,1.0,249.97,1024.62,6,1
823.0,0.3333,94.54,728.46,2,1
1078.72,0.3333,335.14,743.59,2,1
848.54,0.3333,104.95,743.59,2,1
1062.51,0.6667,178.41,884.1,4,1
1201.13,0.8333,216.51,984.62,5,1
895.57,0.3333,167.11,728.46,2,1
932.74,0.5,126.46,806.28,3,1
758.17,0.3333,105.35,652.82,2,1
888.5,0.3333,182.73,705.77,2,1
936.69,0.6667,90.41,846.28,4,1
1047.47,0.8333,108.24,939.23,5,1
1145.31,1.0,113.14,1032.18,6,1
954.01,0.5,140.16,813.85,3,1
1002.76,0.5,241.86,760.9,3,1
891.43,0.5,107.84,783.59,3,1
1251.85,0.8333,244.54,1007.31,5,1
639.45,0.0,89.32,550.13,0,1
869.65,0.3333,141.19,728.46,2,1
1124.16,0.8333,139.54,984.62,5,1
901.9,0.5,95.62,806.28,3,1
1059.29,0.6667,175.19,884.1,4,1
1023.65,0.5,194.68,828.97,3,1
1039.44,0.6667,117.51,921.92,4,1
924.15,0.3333,173.0,751.15,2,1
1161.62,0.8333,177.0,984.62,5,1
880.5,0.3333,174.73,705.77,2,1
682.35,0.1667,54.41,627.95,1,1
672.5,0.0,107.24,565.26,0,1
1078.88,0.6667,187.22,891.67,4,1
945.47,0.5,146.76,798.72,3,1
1033.82,0.6667,119.46,914.36,4,1
971.95,0.5,142.97,828.97,3,1
1112.85,0.6667,213.62,899.23,4,1
1313.18,1.0,220.49,1092.69,6,1
968.02,0.5,169.3,798.72,3,1
805.18,0.1667,146.97,658.21,1,1
1204.84,1.0,149.97,1054.87,6,1
929.58,0.5,130.86,798.72,3,1
797.63,0.1667,131.86,665.77,1,1
840.39,0.3333,127.05,713.33,2,1
1079.32,0.6667,195.22,884.1,4,1
859.67,0.5,83.65,776.03,3,1
881.1,0.3333,129.95,751.15,2,1
841.3,0.3333,112.84,728.46,2,1
729.4,0.1667,86.32,643.08,1,1
934.65,0.5,113.24,821.41,3,1
1116.32,0.6667,239.78,876.54,4,1
770.75,0.1667,127.68,643.08,1,1
822.98,0.3333,109.65,713.33,2,1
1109.14,0.8333,154.78,954.36,5,1
1428.24,1.3333,217.73,1210.51,8,1
1123.14,0.6667,201.22,921.92,4,1
905.23,0.5,98.95,806.28,3,1
732.23,0.1667,74.03,658.21,1,1
836.03,0.1667,215.65,620.38,1,1
871.16,0.3333,127.57,743.59,2,1
1312.42,0.8333,320.24,992.18,5,1
580.51,0.0,45.51,535.0,0,1
1118.68,0.8333,156.76,961.92,5,1
823.76,0.3333,87.73,736.03,2,1
1002.24,0.6667,133.27,868.97,4,1
706.92,0.1667,71.41,635.51,1,1
733.97,0.1667,98.46,635.51,1,1
639.14,0.0,119.27,519.87,0,1
935.99,0.5,137.27,798.72,3,1
1069.81,0.5,233.27,836.54,3,1
753.75,0.1667,95.54,658.21,1,1
1067.23,0.6667,168.0,899.23,4,1
1228.92,0.8333,267.0,961.92,5,1
865.05,0.3333,121.46,743.59,2,1
790.38,0.3333,61.92,728.46,2,1
616.05,0.0,65.92,550.13,0,1
879.4,0.3333,128.24,751.15,2,1
725.66,0.0,160.41,565.26,0,1
662.2,0.0,81.81,580.38,0,1
776.64,0.3333,93.57,683.08,2,1
964.24,0.5,135.27,828.97,3,1
1042.5,0.6667,143.27,899.23,4,1
916.07,0.5,117.35,798.72,3,1
871.79,0.3333,150.89,720.9,2,1
874.8,0.3333,123.65,751.15,2,1
